Time;ID;x;y;z;radius;volume_total;radius_nuclear;contact_ECM;freezer;polarized_fraction;motility;cell_line;Cell_cell;phase;Cycle;NFkB
0;0;-51.3186;-4.61008;-83.4253;8.5;2572.44;5.11093;0;0;0.1;0.01;0;2.64457;1;0;-1
0;1;-37.4317;-33.343;-84.6861;9.8791;4038.69;5.94016;0;0;0.1;0.01;0;2.67641;0;0;-1
0;2;-37.6574;-13.8314;-86.4853;8.5;2572.44;5.11093;0;0;0.1;0.01;0;2.65052;1;0;-1
0;3;-38.5123;0.470301;-85.5892;8.93259;2985.53;5.37104;0;0;0.1;0.01;0;2.4949;0;0;-1
0;4;-35.4903;20.6075;-84.3384;10.0373;4235.84;6.03528;0;0;0.1;0.01;0;3.05462;0;0;-1
0;5;-21.8005;-40.6282;-87.2641;9.31441;3384.97;5.60062;0;0;0.1;0.01;0;2.8076;0;0;-1
0;6;-20.5464;-22.4007;-85.9355;8.72424;2781.45;5.24576;0;0;0.1;0.01;0;4.24004;0;0;-1
0;7;-21.0279;-8.4202;-84.5104;8.68751;2746.47;5.22367;0;0;0.1;0.01;0;4.1071;0;0;-1
0;8;-20.3043;10.716;-85.9767;8.9461;2999.09;5.37916;0;0;0.1;0.01;0;3.39397;0;0;-1
0;9;-22.2978;28.7575;-84.0106;9.1147;3171.87;5.48054;0;0;0.1;0.01;0;3.81254;0;0;-1
0;10;-8.84355;-49.3347;-83.4169;10.3831;4688.89;6.24321;0;0;0.1;0.01;0;3.60855;0;0;-1
0;11;-7.09787;-30.7508;-87.166;9.25676;3322.5;5.56596;0;0;0.1;0.01;0;4.7529;0;0;-1
0;12;-6.80634;-16.6189;-86.2518;8.92614;2979.06;5.36716;0;0;0.1;0.01;0;5.07744;0;0;-1
0;13;-6.59098;0.143068;-85.5166;10.1914;4433.94;6.12794;0;0;0.1;0.01;0;5.01955;0;0;-1
0;14;-7.56553;20.0326;-83.758;10.1998;4444.92;6.13299;0;0;0.1;0.01;0;5.00786;0;0;-1
0;15;-7.67724;38.2906;-83.9335;9.71243;3837.71;5.83994;0;0;0.1;0.01;0;3.32129;0;0;-1
0;16;7.44543;-40.8708;-85.9499;10.0896;4302.4;6.06673;0;0;0.1;0.01;0;4.84779;0;0;-1
0;17;6.40244;-24.235;-83.4887;10.0954;4309.82;6.07022;0;0;0.1;0.01;0;6.03796;0;0;-1
0;18;8.72519;-6.0189;-85.8394;8.76963;2825.09;5.27305;0;0;0.1;0.01;0;3.89282;0;0;-1
0;19;6.47912;10.9336;-86.7577;8.73724;2793.9;5.25358;0;0;0.1;0.01;0;2.66826;0;0;-1
0;20;7.7536;27.7541;-87.3897;8.84193;2895.54;5.31652;0;0;0.1;0.01;0;3.1836;0;0;-1
0;21;8.87796;45.3822;-83.5776;10.2972;4573.47;6.19156;0;0;0.1;0.01;0;3.80211;0;0;-1
0;22;20.2427;-49.1547;-84.4983;9.44966;3534.57;5.68194;0;0;0.1;0.01;0;3.23319;0;0;-1
0;23;23.3391;-34.035;-86.6619;10.0918;4305.21;6.06805;0;0;0.1;0.01;0;5.12463;0;0;-1
0;24;20.6074;-15.7306;-84.9734;8.5;2572.44;5.11093;0;0;0.1;0.01;0;3.28097;1;0;-1
0;25;22.4779;3.45615;-86.8656;8.58914;2654.22;5.16453;0;0;0.1;0.01;0;3.59021;0;0;-1
0;26;23.6307;20.3912;-84.4855;8.88816;2941.2;5.34432;0;0;0.1;0.01;0;4.47705;0;0;-1
0;27;23.547;37.7401;-84.8635;9.8457;3997.87;5.92008;0;0;0.1;0.01;0;3.69334;0;0;-1
0;28;36.3532;-40.193;-83.646;9.99562;4183.29;6.01022;0;0;0.1;0.01;0;3.77044;0;0;-1
0;29;35.4669;-25.5459;-86.1211;8.5;2572.44;5.11093;0;0;0.1;0.01;0;3.01676;1;0;-1
0;30;37.207;-5.59966;-85.3023;10.2046;4451.19;6.13588;0;0;0.1;0.01;0;2.52886;0;0;-1
0;31;36.5593;10.859;-83.9713;10.2277;4481.49;6.14977;0;0;0.1;0.01;0;3.93821;0;0;-1
0;32;37.5912;26.9809;-83.9302;10.0868;4298.82;6.06505;0;0;0.1;0.01;0;4.35644;0;0;-1
0;33;-70.5245;-14.7652;-69.3739;9.3986;3477.59;5.65124;0;0;0.1;0.01;0;2.28101;0;0;-1
0;34;-57.8111;-39.4499;-71.342;9.97762;4160.73;5.9994;0;0;0.1;0.01;0;3.10575;0;0;-1
0;35;-56.6684;-25.1882;-72.488;9.30194;3371.39;5.59312;0;0;0.1;0.01;0;3.99644;0;0;-1
0;36;-54.7596;-8.8944;-70.8546;8.5;2572.44;5.11093;0;0;0.1;0.01;0;4.50442;1;0;-1
0;37;-56.2922;9.85665;-69.7953;10.3383;4628.45;6.21627;0;0;0.1;0.01;0;3.50703;0;0;-1
0;38;-57.7886;28.4709;-71.5045;8.5;2572.44;5.11093;0;0;0.1;0.01;0;2.15736;1;0;-1
0;39;-54.6551;46.9045;-68.5767;9.52835;3623.61;5.72926;0;0;0.1;0.01;0;3.24121;0;0;-1
0;40;-41.5499;-51.3123;-72.68;9.08313;3139.03;5.46155;0;0;0.1;0.01;0;2.11001;0;0;-1
0;41;-41.3975;-30.454;-70.9858;9.44447;3528.75;5.67882;0;0;0.1;0.01;0;5.73722;0;0;-1
0;42;-42.2331;-16.625;-69.6702;10.4347;4759.14;6.27423;0;0;0.1;0.01;0;6.85609;0;0;-1
0;43;-39.414;1.73264;-69.0964;8.5;2572.44;5.11093;0;0;0.1;0.01;0;4.22156;1;0;-1
0;44;-42.3777;16.7568;-69.0684;8.5;2572.44;5.11093;0;0;0.1;0.01;0;4.68447;1;0;-1
0;45;-42.4247;34.2501;-69.8635;9.48534;3574.76;5.7034;0;0;0.1;0.01;0;5.21276;0;0;-1
0;46;-41.2138;53.4655;-69.4137;8.5;2572.44;5.11093;0;0;0.1;0.01;0;3.80531;1;0;-1
0;47;-26.5813;-57.1966;-70.3578;8.69547;2754.02;5.22846;0;0;0.1;0.01;0;4.02398;0;0;-1
0;48;-28.5582;-42.5881;-68.4926;10.4235;4743.83;6.2675;0;0;0.1;0.01;0;6.38667;0;0;-1
0;49;-26.25;-24.7423;-70.6821;8.78999;2844.81;5.28529;0;0;0.1;0.01;0;5.813;0;0;-1
0;50;-24.7249;-8.81606;-71.8659;8.5;2572.44;5.11093;0;0;0.1;0.01;0;4.47464;1;0;-1
0;51;-26.8813;11.1064;-69.6511;9.33999;3412.93;5.616;0;0;0.1;0.01;0;5.35069;0;0;-1
0;52;-26.0045;26.9277;-69.242;10.0291;4225.46;6.03035;0;0;0.1;0.01;0;6.56894;0;0;-1
0;53;-27.6145;43.7352;-70.6748;9.33376;3406.11;5.61225;0;0;0.1;0.01;0;4.59973;0;0;-1
0;54;-27.1635;62.1927;-69.8069;9.79464;3935.99;5.88937;0;0;0.1;0.01;0;3.73908;0;0;-1
0;55;-13.5679;-63.8505;-69.0141;9.87774;4037.02;5.93934;0;0;0.1;0.01;0;4.04154;0;0;-1
0;56;-13.8226;-48.1379;-68.3361;8.5;2572.44;5.11093;0;0;0.1;0.01;0;5.72107;1;0;-1
0;57;-11.3456;-31.185;-72.6126;8.91585;2968.77;5.36097;0;0;0.1;0.01;0;5.09799;0;0;-1
0;58;-12.6985;-15.0516;-70.9668;9.29638;3365.35;5.58978;0;0;0.1;0.01;0;6.58928;0;0;-1
0;59;-9.95198;1.96296;-71.7793;9.45092;3535.99;5.6827;0;0;0.1;0.01;0;5.80804;0;0;-1
0;60;-11.6482;16.5892;-70.1507;8.82064;2874.68;5.30372;0;0;0.1;0.01;0;5.34582;0;0;-1
0;61;-11.8839;36.6256;-70.9301;9.09843;3154.92;5.47075;0;0;0.1;0.01;0;4.65248;0;0;-1
0;62;-10.7489;55.0809;-70.3593;9.75011;3882.55;5.8626;0;0;0.1;0.01;0;3.31359;0;0;-1
0;63;2.17634;-56.2451;-69.065;9.01971;3073.73;5.42342;0;0;0.1;0.01;0;4.7389;0;0;-1
0;64;3.94117;-40.1486;-72.0515;8.76763;2823.16;5.27185;0;0;0.1;0.01;0;5.19987;0;0;-1
0;65;2.71746;-22.8964;-68.5024;10.2393;4496.76;6.15674;0;0;0.1;0.01;0;7.07031;0;0;-1
0;66;4.34226;-7.97951;-72.0168;9.90275;4067.77;5.95438;0;0;0.1;0.01;0;6.59412;0;0;-1
0;67;2.35792;10.1679;-69.2168;8.5;2572.44;5.11093;0;0;0.1;0.01;0;4.96667;1;0;-1
0;68;4.40351;26.7904;-69.6885;8.5;2572.44;5.11093;0;0;0.1;0.01;0;4.49238;1;0;-1
0;69;4.43602;45.793;-70.5465;9.40266;3482.1;5.65368;0;0;0.1;0.01;0;6.07197;0;0;-1
0;70;3.5066;63.7123;-70.1495;9.87208;4030.09;5.93594;0;0;0.1;0.01;0;3.45466;0;0;-1
0;71;16.3326;-66.2678;-69.8948;9.33398;3406.35;5.61239;0;0;0.1;0.01;0;2.89319;0;0;-1
0;72;15.9673;-47.1668;-70.923;8.71329;2770.99;5.23917;0;0;0.1;0.01;0;4.7526;0;0;-1
0;73;19.2593;-30.204;-70.8763;10.2304;4485.04;6.15139;0;0;0.1;0.01;0;6.89106;0;0;-1
0;74;16.4073;-14.0938;-69.2262;8.5;2572.44;5.11093;0;0;0.1;0.01;0;6.69774;1;0;-1
0;75;16.9942;1.22019;-71.3277;9.24351;3308.26;5.55799;0;0;0.1;0.01;0;5.44138;0;0;-1
0;76;16.004;18.2059;-69.2079;8.72477;2781.96;5.24608;0;0;0.1;0.01;0;4.98832;0;0;-1
0;77;17.3075;35.4436;-70.6394;9.03495;3089.34;5.43258;0;0;0.1;0.01;0;5.48904;0;0;-1
0;78;19.4585;55.0731;-70.2815;10.194;4437.34;6.1295;0;0;0.1;0.01;0;4.06503;0;0;-1
0;79;31.084;-57.7975;-69.4671;8.5;2572.44;5.11093;0;0;0.1;0.01;0;3.35944;1;0;-1
0;80;31.7651;-38.5283;-68.4321;9.87873;4038.24;5.93994;0;0;0.1;0.01;0;6.27397;0;0;-1
0;81;32.0156;-21.8257;-69.6483;8.5;2572.44;5.11093;0;0;0.1;0.01;0;4.93408;1;0;-1
0;82;33.3377;-6.34267;-68.8092;9.53103;3626.67;5.73087;0;0;0.1;0.01;0;5.56894;0;0;-1
0;83;30.572;12.4399;-71.2968;9.73152;3860.39;5.85142;0;0;0.1;0.01;0;6.45201;0;0;-1
0;84;33.6223;28.6031;-68.5207;10.0382;4236.98;6.03582;0;0;0.1;0.01;0;6.88736;0;0;-1
0;85;34.0078;43.7474;-71.9748;8.5;2572.44;5.11093;0;0;0.1;0.01;0;4.23507;1;0;-1
0;86;46.3663;-51.2918;-68.9093;9.61922;3728.28;5.7839;0;0;0.1;0.01;0;2.75882;0;0;-1
0;87;45.9802;-30.483;-71.9428;9.01313;3067.01;5.41946;0;0;0.1;0.01;0;4.33442;0;0;-1
0;88;47.5534;-13.4232;-72.0013;9.9526;4129.51;5.98435;0;0;0.1;0.01;0;4.86501;0;0;-1
0;89;45.3313;1.65125;-69.0584;8.5;2572.44;5.11093;0;0;0.1;0.01;0;5.76201;1;0;-1
0;90;47.3068;17.1283;-68.9511;10.3912;4699.87;6.24808;0;0;0.1;0.01;0;6.38394;0;0;-1
0;91;48.9692;36.8808;-71.9512;10.2103;4458.66;6.13931;0;0;0.1;0.01;0;3.53597;0;0;-1
0;92;46.7091;54.1059;-69.0036;8.5;2572.44;5.11093;0;0;0.1;0.01;0;2.53736;1;0;-1
0;93;60.0269;-25.6685;-72.0455;10.0688;4275.84;6.05422;0;0;0.1;0.01;0;2.75233;0;0;-1
0;94;62.5654;-5.60579;-71.9148;8.73835;2794.97;5.25424;0;0;0.1;0.01;0;2.3361;0;0;-1
0;95;61.3326;9.87388;-68.8399;9.81409;3959.49;5.90107;0;0;0.1;0.01;0;3.63419;0;0;-1
0;96;-80.3955;-8.31236;-55.4065;9.69228;3813.88;5.82783;0;0;0.1;0.01;0;2.96222;0;0;-1
0;97;-80.126;12.4633;-54.3337;8.7296;2786.58;5.24898;0;0;0.1;0.01;0;2.61302;0;0;-1
0;98;-65.7597;-48.421;-54.274;10.1245;4347.2;6.08771;0;0;0.1;0.01;0;4.68023;0;0;-1
0;99;-67.7034;-33.8774;-55.4108;8.95215;3005.18;5.3828;0;0;0.1;0.01;0;3.30405;0;0;-1
0;100;-65.5519;-12.6498;-56.38;8.50736;2579.13;5.11535;0;0;0.1;0.01;0;4.0008;0;0;-1
0;101;-64.5979;1.73558;-53.9669;9.72048;3847.26;5.84478;0;0;0.1;0.01;0;5.33413;0;0;-1
0;102;-68.0132;19.6429;-57.7794;8.68328;2742.46;5.22113;0;0;0.1;0.01;0;3.53498;0;0;-1
0;103;-66.4432;35.4422;-55.5508;8.5;2572.44;5.11093;0;0;0.1;0.01;0;3.49202;1;0;-1
0;104;-52.2519;-59.3438;-54.8749;9.7421;3872.99;5.85778;0;0;0.1;0.01;0;4.05854;0;0;-1
0;105;-52.9111;-42.3665;-57.5525;8.54632;2614.73;5.13878;0;0;0.1;0.01;0;4.59343;0;0;-1
0;106;-51.319;-24.695;-57.8021;8.5;2572.44;5.11093;0;0;0.1;0.01;0;4.56992;1;0;-1
0;107;-49.8606;-4.79591;-57.1232;9.83619;3986.29;5.91436;0;0;0.1;0.01;0;6.42148;0;0;-1
0;108;-51.7462;12.0429;-54.3878;9.7551;3888.52;5.8656;0;0;0.1;0.01;0;7.06024;0;0;-1
0;109;-51.0319;27.8556;-57.8122;10.3779;4681.85;6.24008;0;0;0.1;0.01;0;6.92875;0;0;-1
0;110;-52.1411;44.8063;-54.0077;9.75705;3890.85;5.86677;0;0;0.1;0.01;0;6.19952;0;0;-1
0;111;-50.5752;59.7341;-54.4376;10.0947;4308.92;6.0698;0;0;0.1;0.01;0;5.15174;0;0;-1
0;112;-38.662;-66.5843;-56.3493;9.78686;3926.62;5.8847;0;0;0.1;0.01;0;4.10081;0;0;-1
0;113;-38.3723;-51.0458;-54.567;9.22818;3291.83;5.54877;0;0;0.1;0.01;0;5.1907;0;0;-1
0;114;-36.5541;-31.2256;-56.2439;9.62245;3732.03;5.78584;0;0;0.1;0.01;0;6.18222;0;0;-1
0;115;-36.5252;-14.8536;-55.7956;10.2702;4537.59;6.17532;0;0;0.1;0.01;0;6.8172;0;0;-1
0;116;-37.7507;2.43812;-54.3747;8.98033;3033.65;5.39974;0;0;0.1;0.01;0;5.52355;0;0;-1
0;117;-36.0795;20.9947;-57.0212;10.2728;4541.04;6.17689;0;0;0.1;0.01;0;7.54067;0;0;-1
0;118;-35.2066;36.6547;-55.0685;8.75833;2814.18;5.26626;0;0;0.1;0.01;0;6.65326;0;0;-1
0;119;-36.9973;51.2804;-56.5096;10.0445;4244.96;6.03961;0;0;0.1;0.01;0;6.94588;0;0;-1
0;120;-35.9288;70.3158;-57.9306;10.4064;4720.52;6.25722;0;0;0.1;0.01;0;4.27268;0;0;-1
0;121;-23.9313;-76.0241;-57.3314;9.56038;3660.28;5.74852;0;0;0.1;0.01;0;3.14408;0;0;-1
0;122;-21.8283;-56.2151;-56.402;9.42137;3502.92;5.66493;0;0;0.1;0.01;0;6.51121;0;0;-1
0;123;-21.0898;-40.4626;-54.8478;10.0066;4197.09;6.01682;0;0;0.1;0.01;0;6.98222;0;0;-1
0;124;-23.6236;-22.5389;-56.7426;9.91108;4078.04;5.95939;0;0;0.1;0.01;0;6.8775;0;0;-1
0;125;-21.584;-7.1548;-56.3411;8.98657;3039.98;5.40349;0;0;0.1;0.01;0;5.63191;0;0;-1
0;126;-22.4083;8.99985;-55.9834;9.44496;3529.3;5.67912;0;0;0.1;0.01;0;4.8013;0;0;-1
0;127;-21.4068;25.5981;-55.586;8.61865;2681.68;5.18227;0;0;0.1;0.01;0;5.26485;0;0;-1
0;128;-21.7823;42.307;-56.7037;8.5;2572.44;5.11093;0;0;0.1;0.01;0;5.12155;1;0;-1
0;129;-22.1157;63.206;-54.46;10.3642;4663.33;6.23184;0;0;0.1;0.01;0;7.13735;0;0;-1
0;130;-22.0269;77.9757;-57.0127;9.14647;3205.16;5.49964;0;0;0.1;0.01;0;3.52782;0;0;-1
0;131;-9.28684;-80.7856;-56.0095;8.5;2572.44;5.11093;0;0;0.1;0.01;0;2.46948;1;0;-1
0;132;-5.76869;-65.6693;-55.7504;9.0412;3095.76;5.43634;0;0;0.1;0.01;0;4.74647;0;0;-1
0;133;-6.23223;-47.1131;-55.1245;9.62786;3738.33;5.78909;0;0;0.1;0.01;0;5.88156;0;0;-1
0;134;-8.77233;-29.918;-54.6143;9.80216;3945.06;5.8939;0;0;0.1;0.01;0;5.5757;0;0;-1
0;135;-8.94629;-14.139;-55.4238;8.61231;2675.76;5.17846;0;0;0.1;0.01;0;5.84122;0;0;-1
0;136;-7.0681;0.370287;-56.714;8.5;2572.44;5.11093;0;0;0.1;0.01;0;5.33845;1;0;-1
0;137;-5.92654;20.9906;-55.1517;10.3787;4682.93;6.24056;0;0;0.1;0.01;0;6.33342;0;0;-1
0;138;-8.23925;36.9517;-55.4904;10.3709;4672.38;6.23587;0;0;0.1;0.01;0;6.41139;0;0;-1
0;139;-5.83112;54.938;-55.1085;10.4463;4775.03;6.28121;0;0;0.1;0.01;0;6.18361;0;0;-1
0;140;-8.71895;70.3285;-55.1307;8.9171;2970.02;5.36172;0;0;0.1;0.01;0;3.30246;0;0;-1
0;141;8.98821;-74.3225;-56.9042;8.95921;3012.3;5.38704;0;0;0.1;0.01;0;3.46721;0;0;-1
0;142;6.8619;-58.0828;-56.2131;9.9375;4110.74;5.97527;0;0;0.1;0.01;0;6.12596;0;0;-1
0;143;7.34241;-41.7042;-54.9348;8.5;2572.44;5.11093;0;0;0.1;0.01;0;4.38154;1;0;-1
0;144;9.40325;-22.7171;-56.5999;9.348;3421.72;5.62082;0;0;0.1;0.01;0;6.49577;0;0;-1
0;145;6.0325;-8.01747;-56.8566;9.37777;3454.52;5.63872;0;0;0.1;0.01;0;6.47299;0;0;-1
0;146;5.60936;9.72278;-55.2396;8.95394;3006.98;5.38387;0;0;0.1;0.01;0;4.27985;0;0;-1
0;147;8.4442;27.7483;-53.9545;10.1128;4332.14;6.08068;0;0;0.1;0.01;0;6.67557;0;0;-1
0;148;8.53529;44.9749;-55.9783;10.2821;4553.38;6.18248;0;0;0.1;0.01;0;7.63818;0;0;-1
0;149;8.84265;59.8465;-57.7156;8.76315;2818.83;5.26915;0;0;0.1;0.01;0;5.80854;0;0;-1
0;150;8.57055;79.8435;-54.3413;9.33081;3402.88;5.61048;0;0;0.1;0.01;0;2.80717;0;0;-1
0;151;22.2784;-64.2619;-56.6598;9.79249;3933.4;5.88808;0;0;0.1;0.01;0;4.96834;0;0;-1
0;152;24.1778;-49.9839;-53.7186;8.97699;3030.27;5.39773;0;0;0.1;0.01;0;5.39975;0;0;-1
0;153;20.2894;-32.6123;-55.2898;9.10775;3164.62;5.47636;0;0;0.1;0.01;0;5.15372;0;0;-1
0;154;20.5179;-12.7141;-57.3684;9.31056;3380.77;5.5983;0;0;0.1;0.01;0;6.00997;0;0;-1
0;155;23.6291;1.42103;-56.4421;9.29185;3360.43;5.58705;0;0;0.1;0.01;0;5.67812;0;0;-1
0;156;23.7534;20.6596;-55.7387;10.1452;4373.92;6.10016;0;0;0.1;0.01;0;6.42689;0;0;-1
0;157;22.6872;38.24;-56.2114;10.0929;4306.62;6.06871;0;0;0.1;0.01;0;7.04044;0;0;-1
0;158;22.9271;54.3766;-53.9748;10.4336;4757.64;6.27357;0;0;0.1;0.01;0;7.09929;0;0;-1
0;159;22.0549;70.5648;-57.6909;9.08793;3144.01;5.46444;0;0;0.1;0.01;0;2.47044;0;0;-1
0;160;38.5712;-56.0267;-56.4245;9.06067;3115.8;5.44805;0;0;0.1;0.01;0;4.55388;0;0;-1
0;161;34.937;-38.3566;-54.7223;8.60039;2664.67;5.17129;0;0;0.1;0.01;0;5.32343;0;0;-1
0;162;38.5258;-25.0991;-56.4539;9.04343;3098.05;5.43768;0;0;0.1;0.01;0;5.60536;0;0;-1
0;163;37.2095;-5.6958;-54.835;8.57831;2644.2;5.15801;0;0;0.1;0.01;0;5.96631;0;0;-1
0;164;38.4591;8.33496;-55.4098;9.23354;3297.56;5.55199;0;0;0.1;0.01;0;6.96399;0;0;-1
0;165;38.8695;25.4367;-54.6048;9.85015;4003.29;5.92275;0;0;0.1;0.01;0;6.32739;0;0;-1
0;166;36.7817;46.148;-56.6507;9.17439;3234.6;5.51643;0;0;0.1;0.01;0;5.85477;0;0;-1
0;167;36.3678;60.7305;-54.1173;8.5;2572.44;5.11093;0;0;0.1;0.01;0;4.54166;1;0;-1
0;168;52.8863;-50.9603;-56.0554;8.97539;3028.65;5.39677;0;0;0.1;0.01;0;3.2875;0;0;-1
0;169;52.0638;-31.0895;-54.1366;9.95776;4135.93;5.98746;0;0;0.1;0.01;0;5.73174;0;0;-1
0;170;52.91;-15.0611;-54.3809;8.5;2572.44;5.11093;0;0;0.1;0.01;0;5.2299;1;0;-1
0;171;52.2481;0.0385783;-54.3845;9.99184;4178.54;6.00795;0;0;0.1;0.01;0;7.51597;0;0;-1
0;172;51.1903;18.0877;-56.0404;9.0008;3054.44;5.41205;0;0;0.1;0.01;0;6.79167;0;0;-1
0;173;52.9436;34.0764;-55.7704;9.24176;3306.38;5.55694;0;0;0.1;0.01;0;5.31063;0;0;-1
0;174;52.6937;55.2598;-56.5041;10.1122;4331.37;6.08032;0;0;0.1;0.01;0;4.27025;0;0;-1
0;175;64.6165;-40.8723;-56.6788;9.03274;3087.07;5.43126;0;0;0.1;0.01;0;2.99441;0;0;-1
0;176;67.2841;-25.0837;-56.1073;9.38578;3463.38;5.64353;0;0;0.1;0.01;0;4.42109;0;0;-1
0;177;67.7712;-4.49656;-55.1301;8.5;2572.44;5.11093;0;0;0.1;0.01;0;5.14022;1;0;-1
0;178;65.8307;11.9969;-53.8065;9.54477;3642.38;5.73913;0;0;0.1;0.01;0;5.87448;0;0;-1
0;179;66.0111;26.6444;-55.2797;8.5;2572.44;5.11093;0;0;0.1;0.01;0;3.89096;1;0;-1
0;180;64.767;46.0628;-54.3232;9.81335;3958.59;5.90062;0;0;0.1;0.01;0;3.39678;0;0;-1
0;181;79.719;-16.8487;-56.7569;10.1836;4423.77;6.12325;0;0;0.1;0.01;0;2.82685;0;0;-1
0;182;82.2213;1.12263;-54.4703;8.92226;2975.18;5.36483;0;0;0.1;0.01;0;2.8267;0;0;-1
0;183;-87.5147;-21.664;-40.632;9.37018;3446.14;5.63415;0;0;0.1;0.01;0;3.14553;0;0;-1
0;184;-84.1184;-8.17388;-40.123;10.0307;4227.49;6.03131;0;0;0.1;0.01;0;5.21963;0;0;-1
0;185;-86.3068;12.3528;-39.6269;9.63572;3747.5;5.79382;0;0;0.1;0.01;0;4.44051;0;0;-1
0;186;-86.6603;29.3396;-39.2268;9.84885;4001.71;5.92197;0;0;0.1;0.01;0;3.00427;0;0;-1
0;187;-70.1774;-48.0413;-39.641;8.5;2572.44;5.11093;0;0;0.1;0.01;0;4.05813;1;0;-1
0;188;-72.1214;-33.9448;-41.5614;10.2288;4482.94;6.15043;0;0;0.1;0.01;0;5.0267;0;0;-1
0;189;-71.5893;-14.5693;-41.632;8.5;2572.44;5.11093;0;0;0.1;0.01;0;5.38668;1;0;-1
0;190;-72.6804;3.61571;-40.9277;10.2704;4537.86;6.17544;0;0;0.1;0.01;0;7.38576;0;0;-1
0;191;-70.5107;19.0721;-42.0682;9.73679;3866.66;5.85459;0;0;0.1;0.01;0;6.24164;0;0;-1
0;192;-69.987;37.0785;-42.9197;9.92192;4091.44;5.96591;0;0;0.1;0.01;0;5.68293;0;0;-1
0;193;-72.6564;51.3925;-41.101;9.59208;3696.81;5.76758;0;0;0.1;0.01;0;3.09367;0;0;-1
0;194;-56.954;-59.205;-39.931;10.3288;4615.71;6.21056;0;0;0.1;0.01;0;5.2498;0;0;-1
0;195;-56.7244;-39.4606;-41.8755;9.50868;3601.22;5.71743;0;0;0.1;0.01;0;6.64118;0;0;-1
0;196;-54.1638;-24.6417;-40.9072;9.31218;3382.54;5.59928;0;0;0.1;0.01;0;5.4217;0;0;-1
0;197;-57.4646;-7.32647;-42.0179;10.0834;4294.47;6.063;0;0;0.1;0.01;0;6.99116;0;0;-1
0;198;-55.0621;9.53839;-39.8507;10.2811;4552.05;6.18188;0;0;0.1;0.01;0;6.71397;0;0;-1
0;199;-55.5414;25.874;-41.5476;9.89022;4052.35;5.94685;0;0;0.1;0.01;0;6.11482;0;0;-1
0;200;-56.9727;42.6498;-40.1093;9.6706;3788.34;5.81479;0;0;0.1;0.01;0;6.52664;0;0;-1
0;201;-54.2556;60.4486;-39.5939;9.62047;3729.73;5.78465;0;0;0.1;0.01;0;5.2397;0;0;-1
0;202;-40.5218;-80.6256;-40.9869;8.5;2572.44;5.11093;0;0;0.1;0.01;0;2.97014;1;0;-1
0;203;-41.68;-65.8999;-39.2294;9.46189;3548.32;5.6893;0;0;0.1;0.01;0;6.38163;0;0;-1
0;204;-43.0501;-47.5191;-41.7178;8.5;2572.44;5.11093;0;0;0.1;0.01;0;4.90187;1;0;-1
0;205;-42.5726;-31.6922;-42.2014;8.64528;2706.61;5.19828;0;0;0.1;0.01;0;5.09673;0;0;-1
0;206;-40.2502;-13.4527;-40.6523;9.60474;3711.47;5.77519;0;0;0.1;0.01;0;6.105;0;0;-1
0;207;-42.0115;1.94855;-39.9934;9.25091;3316.21;5.56244;0;0;0.1;0.01;0;6.47467;0;0;-1
0;208;-41.7817;19.6597;-42.4213;8.59492;2659.59;5.168;0;0;0.1;0.01;0;5.91375;0;0;-1
0;209;-41.4536;34.4565;-41.4102;8.78789;2842.77;5.28403;0;0;0.1;0.01;0;5.64324;0;0;-1
0;210;-40.2693;53.6167;-41.2203;9.53739;3633.94;5.73469;0;0;0.1;0.01;0;7.07225;0;0;-1
0;211;-40.8059;68.4787;-42.1401;10.3601;4657.8;6.22938;0;0;0.1;0.01;0;6.08114;0;0;-1
0;212;-27.6599;-72.9649;-42.8793;9.39388;3472.35;5.6484;0;0;0.1;0.01;0;6.10663;0;0;-1
0;213;-28.145;-57.7284;-40.4621;10.4418;4768.86;6.2785;0;0;0.1;0.01;0;7.09454;0;0;-1
0;214;-25.2976;-38.5055;-42.3701;9.23225;3296.18;5.55122;0;0;0.1;0.01;0;5.32909;0;0;-1
0;215;-25.0137;-22.3758;-39.8197;9.9908;4177.24;6.00732;0;0;0.1;0.01;0;6.39147;0;0;-1
0;216;-24.7456;-5.17976;-40.6529;8.87426;2927.42;5.33596;0;0;0.1;0.01;0;5.61488;0;0;-1
0;217;-25.4497;9.75857;-41.0443;8.5;2572.44;5.11093;0;0;0.1;0.01;0;4.04181;1;0;-1
0;218;-28.1767;27.0177;-42.0112;9.3773;3454;5.63843;0;0;0.1;0.01;0;5.49027;0;0;-1
0;219;-27.2184;44.1198;-42.096;9.59228;3697.04;5.7677;0;0;0.1;0.01;0;6.10565;0;0;-1
0;220;-27.5551;60.5331;-40.7602;9.41372;3494.4;5.66033;0;0;0.1;0.01;0;7.0675;0;0;-1
0;221;-25.0127;77.1708;-42.0774;9.57316;3674.98;5.7562;0;0;0.1;0.01;0;5.24644;0;0;-1
0;222;-12.9888;-83.1446;-42.1707;8.61093;2674.48;5.17763;0;0;0.1;0.01;0;4.03613;0;0;-1
0;223;-12.9533;-67.6077;-39.7414;10.0617;4266.8;6.04995;0;0;0.1;0.01;0;6.69569;0;0;-1
0;224;-12.3954;-49.3777;-41.8325;9.18212;3242.78;5.52108;0;0;0.1;0.01;0;5.32004;0;0;-1
0;225;-9.78755;-33.3293;-39.8337;9.50911;3601.71;5.71769;0;0;0.1;0.01;0;6.11797;0;0;-1
0;226;-13.0697;-15.5167;-40.7611;8.69144;2750.2;5.22604;0;0;0.1;0.01;0;6.3739;0;0;-1
0;227;-11.0664;0.255976;-41.4505;8.66025;2720.7;5.20728;0;0;0.1;0.01;0;5.45461;0;0;-1
0;228;-12.5349;20.0312;-39.3426;9.95302;4130.03;5.98461;0;0;0.1;0.01;0;6.15899;0;0;-1
0;229;-9.95878;34.3094;-39.7669;8.5;2572.44;5.11093;0;0;0.1;0.01;0;6.08703;1;0;-1
0;230;-11.5646;52.9641;-39.3582;10.1789;4417.65;6.12042;0;0;0.1;0.01;0;6.4715;0;0;-1
0;231;-11.0989;70.7588;-40.044;9.43087;3513.53;5.67065;0;0;0.1;0.01;0;5.57683;0;0;-1
0;232;-9.79102;87.1001;-39.9601;8.5;2572.44;5.11093;0;0;0.1;0.01;0;2.38857;1;0;-1
0;233;2.81837;-89.5425;-42.0524;9.11671;3173.97;5.48175;0;0;0.1;0.01;0;2.88008;0;0;-1
0;234;4.67821;-74.9301;-41.1632;8.55271;2620.59;5.14262;0;0;0.1;0.01;0;5.17603;0;0;-1
0;235;2.01442;-59.7595;-39.3786;9.47364;3561.55;5.69636;0;0;0.1;0.01;0;5.41795;0;0;-1
0;236;3.62638;-40.7655;-39.8098;8.5;2572.44;5.11093;0;0;0.1;0.01;0;4.84904;1;0;-1
0;237;4.6767;-25.2803;-39.5137;9.5216;3615.92;5.7252;0;0;0.1;0.01;0;6.13766;0;0;-1
0;238;1.23414;-8.07805;-42.4275;10.2613;4525.8;6.16997;0;0;0.1;0.01;0;6.26734;0;0;-1
0;239;3.21648;10.4495;-41.0116;8.61838;2681.42;5.18211;0;0;0.1;0.01;0;4.36947;0;0;-1
0;240;4.078;27.1878;-39.4753;8.90471;2957.66;5.35427;0;0;0.1;0.01;0;6.72639;0;0;-1
0;241;1.22609;43.0302;-40.2731;10.0973;4312.25;6.07136;0;0;0.1;0.01;0;7.97621;0;0;-1
0;242;1.51803;60.6243;-40.9737;8.5;2572.44;5.11093;0;0;0.1;0.01;0;5.36156;1;0;-1
0;243;3.95608;76.3859;-41.0726;9.14274;3201.24;5.4974;0;0;0.1;0.01;0;5.26456;0;0;-1
0;244;17.6731;-82.3278;-42.0926;8.5;2572.44;5.11093;0;0;0.1;0.01;0;3.2933;1;0;-1
0;245;18.2144;-65.453;-39.2865;10.2625;4527.39;6.17069;0;0;0.1;0.01;0;5.88482;0;0;-1
0;246;17.9198;-46.4555;-40.8052;8.89095;2943.97;5.346;0;0;0.1;0.01;0;5.26707;0;0;-1
0;247;17.8357;-31.7636;-41.1596;8.5;2572.44;5.11093;0;0;0.1;0.01;0;5.83866;1;0;-1
0;248;19.099;-15.4947;-41.7737;9.48375;3572.97;5.70244;0;0;0.1;0.01;0;5.92502;0;0;-1
0;249;19.7503;1.93926;-42.1591;9.10927;3166.21;5.47727;0;0;0.1;0.01;0;4.69286;0;0;-1
0;250;17.665;17.733;-40.5168;9.27102;3337.88;5.57453;0;0;0.1;0.01;0;5.59962;0;0;-1
0;251;19.027;36.7142;-42.8435;9.9124;4079.67;5.96018;0;0;0.1;0.01;0;7.63375;0;0;-1
0;252;16.7949;52.0125;-39.6903;10.0976;4312.64;6.07154;0;0;0.1;0.01;0;7.44089;0;0;-1
0;253;18.7607;68.4671;-41.1964;10.3155;4597.9;6.20256;0;0;0.1;0.01;0;5.94155;0;0;-1
0;254;16.4147;87.4197;-41.1298;10.0767;4285.92;6.05897;0;0;0.1;0.01;0;3.14576;0;0;-1
0;255;32.953;-75.6276;-42.5083;8.64912;2710.22;5.20059;0;0;0.1;0.01;0;2.2522;0;0;-1
0;256;30.5669;-56.4909;-40.5226;9.0958;3152.18;5.46917;0;0;0.1;0.01;0;6.27923;0;0;-1
0;257;33.7154;-41.1814;-40.4669;10.005;4195.08;6.01586;0;0;0.1;0.01;0;7.6528;0;0;-1
0;258;32.7729;-25.2894;-41.569;10.1242;4346.81;6.08753;0;0;0.1;0.01;0;7.406;0;0;-1
0;259;33.738;-8.05284;-42.0277;8.5;2572.44;5.11093;0;0;0.1;0.01;0;4.72593;1;0;-1
0;260;33.8452;10.0429;-42.2917;8.5;2572.44;5.11093;0;0;0.1;0.01;0;5.10256;1;0;-1
0;261;33.8463;29.5198;-39.8789;8.93213;2985.06;5.37076;0;0;0.1;0.01;0;6.03488;0;0;-1
0;262;32.9449;46.1521;-39.4235;10.038;4236.72;6.0357;0;0;0.1;0.01;0;7.76793;0;0;-1
0;263;33.9163;60.0866;-39.7085;9.38769;3465.49;5.64468;0;0;0.1;0.01;0;6.20853;0;0;-1
0;264;33.5535;79.8377;-40.4309;8.95437;3007.42;5.38413;0;0;0.1;0.01;0;2.74372;0;0;-1
0;265;47.8262;-65.2744;-41.6083;8.94443;2997.41;5.37816;0;0;0.1;0.01;0;2.46647;0;0;-1
0;266;47.1419;-47.7055;-39.9482;9.52788;3623.08;5.72898;0;0;0.1;0.01;0;5.80332;0;0;-1
0;267;47.7648;-30.2388;-39.2203;10.3176;4600.71;6.20382;0;0;0.1;0.01;0;7.65926;0;0;-1
0;268;46.7913;-14.9391;-42.5865;10.067;4273.55;6.05314;0;0;0.1;0.01;0;7.77997;0;0;-1
0;269;46.081;2.87694;-42.1833;8.5;2572.44;5.11093;0;0;0.1;0.01;0;6.20006;1;0;-1
0;270;47.7582;16.8725;-43.0428;10.1627;4396.59;6.11068;0;0;0.1;0.01;0;7.4385;0;0;-1
0;271;46.8464;37.9668;-41.0988;9.52653;3621.54;5.72816;0;0;0.1;0.01;0;6.19117;0;0;-1
0;272;46.7035;52.1424;-42.8728;9.67637;3795.12;5.81826;0;0;0.1;0.01;0;6.60641;0;0;-1
0;273;46.8354;69.2604;-39.8978;9.92643;4097.02;5.96862;0;0;0.1;0.01;0;4.49776;0;0;-1
0;274;60.3747;-55.3638;-39.3256;9.8308;3979.74;5.91112;0;0;0.1;0.01;0;4.74601;0;0;-1
0;275;63.9929;-41.6921;-39.8266;8.94562;2998.61;5.37887;0;0;0.1;0.01;0;4.28019;0;0;-1
0;276;61.2116;-23.3577;-39.8332;8.55006;2618.16;5.14103;0;0;0.1;0.01;0;5.5435;0;0;-1
0;277;63.4155;-7.79457;-42.3297;9.67674;3795.56;5.81848;0;0;0.1;0.01;0;6.80387;0;0;-1
0;278;63.5974;8.22744;-39.4673;10.0114;4203.13;6.01971;0;0;0.1;0.01;0;6.56114;0;0;-1
0;279;63.0233;26.1918;-42.2768;10.0357;4233.81;6.03432;0;0;0.1;0.01;0;6.07522;0;0;-1
0;280;61.5503;42.1362;-41.1957;8.88075;2933.85;5.33987;0;0;0.1;0.01;0;5.08221;0;0;-1
0;281;61.9961;60.4238;-42.4611;9.23144;3295.32;5.55073;0;0;0.1;0.01;0;3.6787;0;0;-1
0;282;74.9431;-32.4949;-43.1694;9.0112;3065.04;5.4183;0;0;0.1;0.01;0;3.217;0;0;-1
0;283;77.7392;-14.9996;-41.1186;8.62851;2690.89;5.1882;0;0;0.1;0.01;0;4.46783;0;0;-1
0;284;76.33;-0.085659;-41.4664;10.2851;4557.37;6.18428;0;0;0.1;0.01;0;6.87723;0;0;-1
0;285;78.7376;19.7246;-42.8259;8.99017;3043.63;5.40566;0;0;0.1;0.01;0;3.33125;0;0;-1
0;286;76.535;34.3372;-41.9453;9.23964;3304.1;5.55566;0;0;0.1;0.01;0;3.54111;0;0;-1
0;287;90.5132;-4.56034;-40.5332;8.7003;2758.62;5.23136;0;0;0.1;0.01;0;2.23244;0;0;-1
0;288;-95.1306;-13.5107;-24.7044;8.77145;2826.85;5.27415;0;0;0.1;0.01;0;3.17465;0;0;-1
0;289;-95.6324;1.24949;-26.0969;9.92316;4092.97;5.96665;0;0;0.1;0.01;0;3.87567;0;0;-1
0;290;-80.8664;-41.5006;-24.6617;9.90428;4069.65;5.9553;0;0;0.1;0.01;0;2.88741;0;0;-1
0;291;-81.7948;-23.4404;-27.3431;9.5595;3659.27;5.74799;0;0;0.1;0.01;0;3.86528;0;0;-1
0;292;-78.9077;-4.65531;-26.4842;10.0423;4242.17;6.03829;0;0;0.1;0.01;0;5.59235;0;0;-1
0;293;-82.5729;10.9693;-26.4511;10.1274;4350.93;6.08946;0;0;0.1;0.01;0;6.28627;0;0;-1
0;294;-82.4149;27.6801;-25.1452;10.0349;4232.8;6.03384;0;0;0.1;0.01;0;5.02766;0;0;-1
0;295;-80.4027;44.5621;-28.1112;9.88358;4044.19;5.94285;0;0;0.1;0.01;0;3.28428;0;0;-1
0;296;-64.0863;-67.8817;-26.0002;8.5;2572.44;5.11093;0;0;0.1;0.01;0;2.51544;1;0;-1
0;297;-64.3806;-48.9961;-26.1305;8.77835;2833.53;5.27829;0;0;0.1;0.01;0;4.35903;0;0;-1
0;298;-64.5283;-31.2661;-25.4572;9.74862;3880.77;5.8617;0;0;0.1;0.01;0;5.46832;0;0;-1
0;299;-64.4882;-12.8932;-26.9887;9.28066;3348.31;5.58033;0;0;0.1;0.01;0;5.55765;0;0;-1
0;300;-66.0775;4.44386;-26.0278;8.5;2572.44;5.11093;0;0;0.1;0.01;0;5.94063;1;0;-1
0;301;-65.4721;20.2221;-26.9341;8.59094;2655.89;5.16561;0;0;0.1;0.01;0;5.71282;0;0;-1
0;302;-64.687;35.2185;-27.1711;10.0497;4251.56;6.04274;0;0;0.1;0.01;0;6.30959;0;0;-1
0;303;-64.5513;50.9158;-26.2313;9.27992;3347.51;5.57988;0;0;0.1;0.01;0;5.74891;0;0;-1
0;304;-66.6782;68.6675;-26.7085;9.4554;3541.02;5.68539;0;0;0.1;0.01;0;2.15102;0;0;-1
0;305;-49.7056;-72.4994;-27.7942;8.99661;3050.18;5.40953;0;0;0.1;0.01;0;5.22884;0;0;-1
0;306;-49.6178;-58.1761;-26.2883;9.25063;3315.91;5.56227;0;0;0.1;0.01;0;6.29402;0;0;-1
0;307;-51.5401;-39.7145;-26.3485;9.3425;3415.69;5.61751;0;0;0.1;0.01;0;6.00937;0;0;-1
0;308;-52.4101;-23.1187;-27.5517;9.77632;3913.95;5.87836;0;0;0.1;0.01;0;6.5557;0;0;-1
0;309;-50.4846;-7.0348;-27.8129;9.73264;3861.72;5.8521;0;0;0.1;0.01;0;6.60986;0;0;-1
0;310;-53.0211;8.65181;-26.3277;8.9409;2993.87;5.37603;0;0;0.1;0.01;0;5.48749;0;0;-1
0;311;-51.116;26.786;-24.4712;9.14375;3202.3;5.498;0;0;0.1;0.01;0;5.57768;0;0;-1
0;312;-49.9903;45.5144;-24.874;9.78011;3918.5;5.88064;0;0;0.1;0.01;0;7.33638;0;0;-1
0;313;-50.667;62.4876;-25.5776;8.75947;2815.28;5.26694;0;0;0.1;0.01;0;6.08398;0;0;-1
0;314;-51.7969;78.4848;-28.2574;8.72318;2780.44;5.24512;0;0;0.1;0.01;0;2.65121;0;0;-1
0;315;-36.4302;-82.1763;-26.5172;10.3133;4594.96;6.20124;0;0;0.1;0.01;0;6.1953;0;0;-1
0;316;-34.9839;-67.3044;-26.8033;8.88636;2939.41;5.34324;0;0;0.1;0.01;0;6.98944;0;0;-1
0;317;-38.3681;-47.1067;-27.1498;10.1598;4392.83;6.10894;0;0;0.1;0.01;0;5.71347;0;0;-1
0;318;-36.0602;-30.0828;-26.0761;9.32899;3400.89;5.60939;0;0;0.1;0.01;0;6.11634;0;0;-1
0;319;-34.6366;-13.7586;-26.8025;8.77558;2830.85;5.27663;0;0;0.1;0.01;0;5.01499;0;0;-1
0;320;-36.5844;4.31645;-27.4504;8.5;2572.44;5.11093;0;0;0.1;0.01;0;4.19264;1;0;-1
0;321;-38.3581;18.5478;-27.4794;9.50184;3593.45;5.71332;0;0;0.1;0.01;0;5.45471;0;0;-1
0;322;-38.2431;34.5885;-25.1779;8.5;2572.44;5.11093;0;0;0.1;0.01;0;5.50165;1;0;-1
0;323;-37.6471;52.2761;-27.8669;9.223;3286.29;5.54566;0;0;0.1;0.01;0;6.07347;0;0;-1
0;324;-38.2111;67.7257;-25.7621;8.5;2572.44;5.11093;0;0;0.1;0.01;0;4.48513;1;0;-1
0;325;-35.5392;85.8457;-24.9526;10.2803;4550.99;6.1814;0;0;0.1;0.01;0;3.74673;0;0;-1
0;326;-21.7832;-90.7775;-25.2894;10.3383;4628.45;6.21627;0;0;0.1;0.01;0;3.98792;0;0;-1
0;327;-20.583;-73.0899;-27.0225;10.1729;4409.84;6.11682;0;0;0.1;0.01;0;8.27815;0;0;-1
0;328;-20.3447;-59.1618;-26.3086;9.74517;3876.65;5.85963;0;0;0.1;0.01;0;7.26779;0;0;-1
0;329;-22.0188;-40.5857;-26.6567;8.61701;2680.15;5.18128;0;0;0.1;0.01;0;4.98824;0;0;-1
0;330;-21.362;-21.1044;-24.9736;10.094;4308.03;6.06938;0;0;0.1;0.01;0;6.8419;0;0;-1
0;331;-19.7212;-5.48396;-28.0839;8.5;2572.44;5.11093;0;0;0.1;0.01;0;4.64971;1;0;-1
0;332;-21.3111;11.8064;-25.7709;8.5;2572.44;5.11093;0;0;0.1;0.01;0;4.00213;1;0;-1
0;333;-22.7769;28.7613;-27.7841;8.64731;2708.52;5.1995;0;0;0.1;0.01;0;5.10224;0;0;-1
0;334;-21.2687;44.7701;-27.8791;9.74786;3879.86;5.86125;0;0;0.1;0.01;0;5.84236;0;0;-1
0;335;-21.6918;62.1729;-26.6151;9.66986;3787.47;5.81435;0;0;0.1;0.01;0;6.33857;0;0;-1
0;336;-22.8421;78.7591;-27.9104;9.43208;3514.88;5.67137;0;0;0.1;0.01;0;5.63095;0;0;-1
0;337;-5.94352;-81.2663;-28.6455;9.37792;3454.68;5.63881;0;0;0.1;0.01;0;6.09294;0;0;-1
0;338;-7.90905;-66.6029;-26.3316;9.47884;3567.42;5.69949;0;0;0.1;0.01;0;6.6893;0;0;-1
0;339;-8.5661;-48.5923;-24.3839;9.13807;3196.33;5.49459;0;0;0.1;0.01;0;5.18555;0;0;-1
0;340;-8.20212;-29.6907;-25.546;8.77274;2828.1;5.27492;0;0;0.1;0.01;0;5.56711;0;0;-1
0;341;-6.01246;-13.3251;-27.8136;9.41095;3491.31;5.65867;0;0;0.1;0.01;0;6.59699;0;0;-1
0;342;-5.49701;1.93025;-27.6459;8.53399;2603.42;5.13136;0;0;0.1;0.01;0;5.70805;0;0;-1
0;343;-6.60919;21.1307;-25.6274;9.60397;3710.57;5.77473;0;0;0.1;0.01;0;6.69896;0;0;-1
0;344;-7.0941;35.4101;-27.095;9.34522;3418.67;5.61915;0;0;0.1;0.01;0;7.48283;0;0;-1
0;345;-7.92742;51.5123;-26.028;8.65073;2711.73;5.20156;0;0;0.1;0.01;0;5.61154;0;0;-1
0;346;-9.34479;72.1627;-24.4871;8.6207;2683.59;5.1835;0;0;0.1;0.01;0;5.03791;0;0;-1
0;347;-9.09929;88.2424;-25.664;8.64271;2704.2;5.19674;0;0;0.1;0.01;0;3.97092;0;0;-1
0;348;9.34767;-90.4748;-25.4106;10.3115;4592.55;6.20016;0;0;0.1;0.01;0;4.2763;0;0;-1
0;349;6.5929;-75.7948;-25.3173;9.7822;3921.01;5.88189;0;0;0.1;0.01;0;6.67365;0;0;-1
0;350;9.44515;-58.6603;-25.7679;9.33001;3402;5.61;0;0;0.1;0.01;0;5.80834;0;0;-1
0;351;5.72614;-40.0332;-25.3946;9.62018;3729.39;5.78447;0;0;0.1;0.01;0;6.0971;0;0;-1
0;352;8.2654;-25.5178;-26.5955;8.72878;2785.8;5.24849;0;0;0.1;0.01;0;5.86044;0;0;-1
0;353;9.02511;-8.76449;-27.6944;10.2426;4501.11;6.15873;0;0;0.1;0.01;0;6.79893;0;0;-1
0;354;5.51256;9.93614;-25.5155;9.14542;3204.05;5.49901;0;0;0.1;0.01;0;4.58283;0;0;-1
0;355;9.43507;29.3295;-27.6594;10.081;4291.4;6.06156;0;0;0.1;0.01;0;6.86083;0;0;-1
0;356;6.25224;44.0478;-25.2421;10.3766;4680.09;6.2393;0;0;0.1;0.01;0;7.20015;0;0;-1
0;357;6.86893;63.4086;-24.6218;10.1832;4423.25;6.12301;0;0;0.1;0.01;0;6.80679;0;0;-1
0;358;5.89954;78.2868;-28.0018;9.05381;3108.73;5.44392;0;0;0.1;0.01;0;5.55731;0;0;-1
0;359;8.24567;95.6174;-26.8447;10.0208;4214.98;6.02536;0;0;0.1;0.01;0;2.99647;0;0;-1
0;360;22.5771;-82.3671;-25.2186;9.14669;3205.39;5.49977;0;0;0.1;0.01;0;4.65876;0;0;-1
0;361;23.7003;-65.8965;-25.475;9.51617;3609.73;5.72193;0;0;0.1;0.01;0;5.43821;0;0;-1
0;362;23.275;-47.2921;-27.4325;10.114;4333.69;6.0814;0;0;0.1;0.01;0;6.25893;0;0;-1
0;363;22.7921;-31.7618;-26.049;9.7203;3847.05;5.84468;0;0;0.1;0.01;0;6.89746;0;0;-1
0;364;22.128;-16.0931;-25.5894;10.0142;4206.66;6.02139;0;0;0.1;0.01;0;6.73068;0;0;-1
0;365;22.3165;1.01461;-26.8063;9.03568;3090.09;5.43302;0;0;0.1;0.01;0;5.1706;0;0;-1
0;366;23.3881;18.1903;-28.0119;9.62583;3735.97;5.78787;0;0;0.1;0.01;0;6.25408;0;0;-1
0;367;23.2486;34.9368;-27.5245;9.48752;3577.23;5.70471;0;0;0.1;0.01;0;7.41997;0;0;-1
0;368;20.5947;51.112;-24.5184;9.78732;3927.17;5.88497;0;0;0.1;0.01;0;6.26143;0;0;-1
0;369;20.2905;69.1528;-26.9539;9.41126;3491.66;5.65885;0;0;0.1;0.01;0;5.36302;0;0;-1
0;370;23.3575;84.5741;-24.8018;9.48309;3572.22;5.70204;0;0;0.1;0.01;0;4.90075;0;0;-1
0;371;38.0642;-75.9941;-27.1051;9.08221;3138.07;5.461;0;0;0.1;0.01;0;3.93981;0;0;-1
0;372;35.2251;-56.9175;-27.0403;8.68961;2748.46;5.22494;0;0;0.1;0.01;0;5.60627;0;0;-1
0;373;37.531;-39.942;-26.8261;9.92192;4091.44;5.96591;0;0;0.1;0.01;0;7.96624;0;0;-1
0;374;37.6935;-23.167;-27.6913;9.98008;4163.81;6.00088;0;0;0.1;0.01;0;7.59117;0;0;-1
0;375;37.4562;-7.21081;-24.8402;9.68117;3800.77;5.82115;0;0;0.1;0.01;0;6.57033;0;0;-1
0;376;35.13;8.91544;-26.7899;8.8148;2868.97;5.30021;0;0;0.1;0.01;0;5.30838;0;0;-1
0;377;37.2284;25.3883;-24.7123;9.96675;4147.15;5.99286;0;0;0.1;0.01;0;6.87914;0;0;-1
0;378;37.0132;42.1422;-27.102;9.84583;3998.03;5.92015;0;0;0.1;0.01;0;6.57867;0;0;-1
0;379;38.4482;63.678;-24.9066;8.5;2572.44;5.11093;0;0;0.1;0.01;0;4.58483;1;0;-1
0;380;36.747;78.8114;-24.8752;8.5;2572.44;5.11093;0;0;0.1;0.01;0;4.35162;1;0;-1
0;381;50.4396;-66.6497;-24.7855;10.2137;4463.11;6.14135;0;0;0.1;0.01;0;5.56979;0;0;-1
0;382;49.9634;-50.7738;-25.2907;10.1728;4409.71;6.11676;0;0;0.1;0.01;0;6.85281;0;0;-1
0;383;50.0722;-33.4162;-25.0293;8.55599;2623.61;5.14459;0;0;0.1;0.01;0;5.20365;0;0;-1
0;384;52.7132;-15.5619;-26.8591;9.21838;3281.35;5.54288;0;0;0.1;0.01;0;6.25867;0;0;-1
0;385;51.8235;1.73449;-28.3357;10.0155;4208.3;6.02217;0;0;0.1;0.01;0;7.16966;0;0;-1
0;386;50.1072;17.7977;-28.5134;9.04577;3100.45;5.43909;0;0;0.1;0.01;0;6.16697;0;0;-1
0;387;50.3085;34.8912;-25.0709;9.38364;3461.01;5.64225;0;0;0.1;0.01;0;5.57697;0;0;-1
0;388;52.9787;54.7692;-24.6975;8.65695;2717.59;5.2053;0;0;0.1;0.01;0;4.3978;0;0;-1
0;389;52.2046;72.6216;-26.9428;9.78828;3928.33;5.88555;0;0;0.1;0.01;0;4.37808;0;0;-1
0;390;66.3573;-59.2045;-27.6283;8.99162;3045.11;5.40653;0;0;0.1;0.01;0;4.13376;0;0;-1
0;391;66.6324;-42.2261;-25.0361;8.84857;2902.07;5.32052;0;0;0.1;0.01;0;5.48525;0;0;-1
0;392;67.4836;-23.2455;-24.8701;10.3678;4668.19;6.23401;0;0;0.1;0.01;0;6.53736;0;0;-1
0;393;65.5572;-5.59846;-26.9278;8.9529;3005.94;5.38325;0;0;0.1;0.01;0;6.84193;0;0;-1
0;394;66.5807;9.45421;-25.0933;9.2484;3313.51;5.56093;0;0;0.1;0.01;0;5.8233;0;0;-1
0;395;64.8739;25.4067;-25.602;9.8348;3984.6;5.91352;0;0;0.1;0.01;0;4.80903;0;0;-1
0;396;66.3783;46.5067;-25.9028;10.0347;4232.55;6.03372;0;0;0.1;0.01;0;5.81782;0;0;-1
0;397;65.0733;62.2782;-27.5158;10.0508;4252.95;6.0434;0;0;0.1;0.01;0;4.97015;0;0;-1
0;398;79.4155;-51.2638;-25.8183;10.1042;4321.1;6.07551;0;0;0.1;0.01;0;2.17894;0;0;-1
0;399;81.8808;-34.2046;-24.8276;10.2512;4512.45;6.1639;0;0;0.1;0.01;0;3.41483;0;0;-1
0;400;80.7474;-16.8116;-25.3467;8.88357;2936.64;5.34156;0;0;0.1;0.01;0;4.46982;0;0;-1
0;401;79.7977;-0.231983;-26.2394;9.30496;3374.68;5.59494;0;0;0.1;0.01;0;4.87337;0;0;-1
0;402;83.2165;17.7937;-25.2691;9.79833;3940.44;5.89159;0;0;0.1;0.01;0;4.14489;0;0;-1
0;403;79.0968;33.7644;-27.9892;8.5;2572.44;5.11093;0;0;0.1;0.01;0;3.36556;1;0;-1
0;404;79.3704;54.6224;-26.5414;10.3516;4646.34;6.22427;0;0;0.1;0.01;0;2.70889;0;0;-1
0;405;-98.4427;0.962585;-11.8077;10.2755;4544.62;6.17851;0;0;0.1;0.01;0;3.7036;0;0;-1
0;406;-84.2858;-42.0873;-11.2481;9.08598;3141.98;5.46327;0;0;0.1;0.01;0;3.4669;0;0;-1
0;407;-84.3778;-23.5397;-10.3072;10.4098;4725.15;6.25926;0;0;0.1;0.01;0;5.70235;0;0;-1
0;408;-85.2151;-7.1349;-12.4911;8.91246;2965.39;5.35893;0;0;0.1;0.01;0;5.26783;0;0;-1
0;409;-83.3483;11.6456;-11.9336;10.149;4378.83;6.10245;0;0;0.1;0.01;0;5.9233;0;0;-1
0;410;-84.8143;29.1396;-12.4342;8.5;2572.44;5.11093;0;0;0.1;0.01;0;4.12939;1;0;-1
0;411;-84.0318;42.4957;-11.3158;9.39125;3469.44;5.64682;0;0;0.1;0.01;0;4.12745;0;0;-1
0;412;-70.8157;-68.4422;-10.0672;8.78734;2842.24;5.2837;0;0;0.1;0.01;0;2.13383;0;0;-1
0;413;-69.2294;-49.2657;-11.9978;9.51949;3613.51;5.72393;0;0;0.1;0.01;0;4.76717;0;0;-1
0;414;-69.8892;-32.5582;-10.1381;9.37135;3447.43;5.63486;0;0;0.1;0.01;0;6.79597;0;0;-1
0;415;-72.1648;-15.7403;-11.6946;9.40543;3485.17;5.65535;0;0;0.1;0.01;0;6.58652;0;0;-1
0;416;-70.7986;3.17467;-10.3149;8.76929;2824.76;5.27285;0;0;0.1;0.01;0;6.07198;0;0;-1
0;417;-68.3495;17.3738;-12.952;8.58719;2652.42;5.16335;0;0;0.1;0.01;0;4.93117;0;0;-1
0;418;-69.4943;36.4709;-11.9865;9.59908;3704.91;5.77179;0;0;0.1;0.01;0;6.33925;0;0;-1
0;419;-71.9168;53.7855;-13.0224;8.9755;3028.76;5.39684;0;0;0.1;0.01;0;4.41637;0;0;-1
0;420;-54.2917;-75.134;-9.72352;8.85847;2911.82;5.32647;0;0;0.1;0.01;0;3.81312;0;0;-1
0;421;-56.6182;-58.2392;-12.3484;9.39962;3478.72;5.65186;0;0;0.1;0.01;0;5.38456;0;0;-1
0;422;-57.3299;-39.203;-10.3166;8.57706;2643.04;5.15726;0;0;0.1;0.01;0;5.56559;0;0;-1
0;423;-57.3134;-23.9572;-11.8616;8.5;2572.44;5.11093;0;0;0.1;0.01;0;5.49209;1;0;-1
0;424;-55.2369;-7.21838;-11.8089;9.00601;3059.75;5.41518;0;0;0.1;0.01;0;5.50086;0;0;-1
0;425;-54.3065;8.60187;-12.5439;10.0595;4264.01;6.04863;0;0;0.1;0.01;0;5.98763;0;0;-1
0;426;-57.342;29.7698;-12.8194;8.5;2572.44;5.11093;0;0;0.1;0.01;0;5.63796;1;0;-1
0;427;-55.1126;44.723;-11.8293;9.28257;3350.37;5.58147;0;0;0.1;0.01;0;6.85558;0;0;-1
0;428;-57.9507;60.0322;-10.683;9.74725;3879.14;5.86088;0;0;0.1;0.01;0;5.44989;0;0;-1
0;429;-42.7879;-83.6425;-13.255;10.0889;4301.5;6.06631;0;0;0.1;0.01;0;4.25717;0;0;-1
0;430;-39.358;-64.6249;-11.5699;9.79525;3936.73;5.88974;0;0;0.1;0.01;0;5.60895;0;0;-1
0;431;-41.0551;-49.353;-10.6952;8.52157;2592.07;5.1239;0;0;0.1;0.01;0;5.07847;0;0;-1
0;432;-41.2213;-32.6056;-12.363;9.80366;3946.87;5.8948;0;0;0.1;0.01;0;6.13896;0;0;-1
0;433;-42.0822;-14.3453;-13.5207;10.014;4206.41;6.02127;0;0;0.1;0.01;0;6.0839;0;0;-1
0;434;-40.9227;3.07055;-10.783;9.48602;3575.53;5.70381;0;0;0.1;0.01;0;5.76893;0;0;-1
0;435;-39.4011;20.0874;-11.204;10.0097;4200.99;6.01869;0;0;0.1;0.01;0;6.27686;0;0;-1
0;436;-42.1298;36.9064;-13.172;9.33057;3402.62;5.61034;0;0;0.1;0.01;0;7.19891;0;0;-1
0;437;-42.6565;52.2151;-12.6226;8.5;2572.44;5.11093;0;0;0.1;0.01;0;5.05263;1;0;-1
0;438;-43.0071;70.6895;-12.5555;8.74544;2801.78;5.25851;0;0;0.1;0.01;0;4.72244;0;0;-1
0;439;-43.2539;85.1319;-13.3338;8.5;2572.44;5.11093;0;0;0.1;0.01;0;3.42531;1;0;-1
0;440;-27.9039;-93.1818;-13.0863;9.62079;3730.1;5.78484;0;0;0.1;0.01;0;4.31756;0;0;-1
0;441;-28.1472;-76.8727;-13.0047;10.1441;4372.49;6.0995;0;0;0.1;0.01;0;7.0557;0;0;-1
0;442;-24.695;-56.5747;-12.285;10.3899;4698.1;6.2473;0;0;0.1;0.01;0;7.30725;0;0;-1
0;443;-27.3669;-41.7533;-10.1933;10.4383;4764.07;6.2764;0;0;0.1;0.01;0;7.63261;0;0;-1
0;444;-26.632;-22.284;-11.8656;10.2193;4470.46;6.14472;0;0;0.1;0.01;0;6.64838;0;0;-1
0;445;-24.9537;-7.30443;-10.3212;8.54228;2611.02;5.13635;0;0;0.1;0.01;0;4.69753;0;0;-1
0;446;-25.1396;9.14851;-10.258;9.43114;3513.83;5.67081;0;0;0.1;0.01;0;5.17502;0;0;-1
0;447;-27.4324;28.4644;-10.5855;10.2555;4518.13;6.16648;0;0;0.1;0.01;0;6.1513;0;0;-1
0;448;-28.3056;42.9589;-10.7747;9.06343;3118.65;5.44971;0;0;0.1;0.01;0;5.62674;0;0;-1
0;449;-24.4454;59.0695;-12.847;8.80537;2859.77;5.29454;0;0;0.1;0.01;0;4.53483;0;0;-1
0;450;-24.7742;77.7005;-12.2459;9.85517;4009.41;5.92577;0;0;0.1;0.01;0;6.45221;0;0;-1
0;451;-24.8573;94.6728;-14.014;10.1999;4445.05;6.13305;0;0;0.1;0.01;0;3.54441;0;0;-1
0;452;-13.5528;-83.305;-11.0877;8.5;2572.44;5.11093;0;0;0.1;0.01;0;4.45429;1;0;-1
0;453;-12.7736;-65.4499;-13.2579;8.5;2572.44;5.11093;0;0;0.1;0.01;0;5.5267;1;0;-1
0;454;-12.6924;-48.4392;-9.71053;9.49539;3586.14;5.70944;0;0;0.1;0.01;0;6.60713;0;0;-1
0;455;-11.444;-32.3656;-11.7631;10.4018;4714.27;6.25445;0;0;0.1;0.01;0;7.25752;0;0;-1
0;456;-10.3976;-14.2712;-10.7261;8.5;2572.44;5.11093;0;0;0.1;0.01;0;6.06015;1;0;-1
0;457;-10.7174;0.96325;-11.6023;10.2021;4447.92;6.13437;0;0;0.1;0.01;0;7.16056;0;0;-1
0;458;-10.7338;16.9726;-11.6237;9.08701;3143.05;5.46389;0;0;0.1;0.01;0;5.76993;0;0;-1
0;459;-11.595;34.2444;-12.5365;8.56015;2627.44;5.14709;0;0;0.1;0.01;0;4.61937;0;0;-1
0;460;-10.3552;50.9688;-10.6091;8.54843;2616.66;5.14005;0;0;0.1;0.01;0;5.2217;0;0;-1
0;461;-10.5236;67.4185;-11.6324;9.0735;3129.05;5.45576;0;0;0.1;0.01;0;5.9101;0;0;-1
0;462;-11.702;87.2547;-12.4335;8.5;2572.44;5.11093;0;0;0.1;0.01;0;4.79663;1;0;-1
0;463;4.39372;-91.5504;-10.5844;8.69412;2752.74;5.22765;0;0;0.1;0.01;0;3.76624;0;0;-1
0;464;1.54434;-75.9957;-12.1223;8.5;2572.44;5.11093;0;0;0.1;0.01;0;5.4905;1;0;-1
0;465;1.34347;-59.4765;-12.856;8.86284;2916.13;5.3291;0;0;0.1;0.01;0;6.06252;0;0;-1
0;466;1.68087;-41.2634;-12.6228;9.63019;3741.05;5.79049;0;0;0.1;0.01;0;6.53535;0;0;-1
0;467;1.26705;-21.569;-10.4719;9.21799;3280.93;5.54264;0;0;0.1;0.01;0;6.6092;0;0;-1
0;468;1.59735;-7.44681;-12.1201;8.63646;2698.34;5.19298;0;0;0.1;0.01;0;6.12658;0;0;-1
0;469;3.27802;8.17176;-12.2793;10.1133;4332.79;6.08098;0;0;0.1;0.01;0;6.21205;0;0;-1
0;470;3.18923;25.1312;-13.5507;9.05314;3108.04;5.44352;0;0;0.1;0.01;0;4.72278;0;0;-1
0;471;1.99013;43.7646;-10.4937;9.3009;3370.26;5.5925;0;0;0.1;0.01;0;5.5777;0;0;-1
0;472;2.33387;59.5224;-10.7515;9.45512;3540.71;5.68523;0;0;0.1;0.01;0;6.58772;0;0;-1
0;473;2.70781;76.7516;-10.3961;8.91847;2971.39;5.36255;0;0;0.1;0.01;0;6.03271;0;0;-1
0;474;3.09562;94.0422;-11.4673;10.2647;4530.3;6.17202;0;0;0.1;0.01;0;4.45881;0;0;-1
0;475;18.8183;-85.1758;-10.5408;9.35595;3430.46;5.6256;0;0;0.1;0.01;0;5.79985;0;0;-1
0;476;16.0677;-68.1896;-10.5173;9.47166;3559.32;5.69517;0;0;0.1;0.01;0;6.35372;0;0;-1
0;477;15.9663;-51.4711;-9.8743;9.86583;4022.44;5.93218;0;0;0.1;0.01;0;5.77871;0;0;-1
0;478;15.5211;-33.3868;-10.5186;9.65096;3765.3;5.80298;0;0;0.1;0.01;0;5.74272;0;0;-1
0;479;16.0329;-16.2955;-11.4688;8.57311;2639.39;5.15489;0;0;0.1;0.01;0;5.9106;0;0;-1
0;480;16.4168;1.11501;-11.4609;9.38448;3461.94;5.64275;0;0;0.1;0.01;0;5.57944;0;0;-1
0;481;19.4901;20.9014;-10.8767;9.88972;4051.73;5.94655;0;0;0.1;0.01;0;6.04973;0;0;-1
0;482;19.6267;38.1912;-13.1676;8.5;2572.44;5.11093;0;0;0.1;0.01;0;5.08448;1;0;-1
0;483;18.1864;54.5342;-11.4725;8.5;2572.44;5.11093;0;0;0.1;0.01;0;4.93106;1;0;-1
0;484;17.3068;71.4376;-10.3192;10.3965;4707.06;6.25126;0;0;0.1;0.01;0;7.1116;0;0;-1
0;485;15.7005;84.9732;-12.5737;8.5;2572.44;5.11093;0;0;0.1;0.01;0;5.45075;1;0;-1
0;486;31.948;-93.7237;-12.0435;8.83098;2884.8;5.30994;0;0;0.1;0.01;0;1.85817;0;0;-1
0;487;33.3613;-76.6513;-12.325;9.41174;3492.19;5.65914;0;0;0.1;0.01;0;5.65319;0;0;-1
0;488;32.8906;-55.3937;-10.3481;9.45135;3536.47;5.68296;0;0;0.1;0.01;0;4.99213;0;0;-1
0;489;34.1674;-38.8935;-10.1222;9.62386;3733.67;5.78669;0;0;0.1;0.01;0;6.14387;0;0;-1
0;490;31.2297;-21.3591;-12.2811;9.89423;4057.28;5.94926;0;0;0.1;0.01;0;7.10745;0;0;-1
0;491;33.1378;-6.34341;-10.7824;8.88235;2935.43;5.34083;0;0;0.1;0.01;0;5.56099;0;0;-1
0;492;33.5046;11.7956;-12.911;10.3784;4682.52;6.24038;0;0;0.1;0.01;0;7.01807;0;0;-1
0;493;31.4694;29.0494;-10.8352;9.24443;3309.25;5.55854;0;0;0.1;0.01;0;6.82154;0;0;-1
0;494;33.5355;46.2616;-13.2505;9.56238;3662.58;5.74972;0;0;0.1;0.01;0;5.98802;0;0;-1
0;495;32.7894;63.4894;-10.3695;8.6173;2680.42;5.18146;0;0;0.1;0.01;0;5.98481;0;0;-1
0;496;32.2646;79.3791;-10.1293;10.0567;4260.45;6.04695;0;0;0.1;0.01;0;6.38804;0;0;-1
0;497;45.9685;-82.9368;-10.7921;8.5;2572.44;5.11093;0;0;0.1;0.01;0;4.15641;1;0;-1
0;498;48.1314;-67.8904;-11.453;9.53328;3629.24;5.73222;0;0;0.1;0.01;0;6.01337;0;0;-1
0;499;47.7018;-47.7333;-11.9646;9.34097;3414.01;5.61659;0;0;0.1;0.01;0;6.11445;0;0;-1
0;500;48.6189;-31.7058;-12.5249;9.05733;3112.36;5.44604;0;0;0.1;0.01;0;5.54021;0;0;-1
0;501;45.5545;-14.7387;-10.9516;9.15165;3210.6;5.50275;0;0;0.1;0.01;0;6.26713;0;0;-1
0;502;46.5945;0.437478;-11.0268;10.1585;4391.14;6.10816;0;0;0.1;0.01;0;7.44404;0;0;-1
0;503;47.7362;18.1178;-13.4339;10.1742;4411.53;6.1176;0;0;0.1;0.01;0;7.74722;0;0;-1
0;504;47.8996;34.6515;-10.5411;9.51622;3609.79;5.72196;0;0;0.1;0.01;0;6.42794;0;0;-1
0;505;45.9458;55.1928;-12.5005;8.5;2572.44;5.11093;0;0;0.1;0.01;0;5.01742;1;0;-1
0;506;46.2872;68.4923;-10.0131;9.24156;3306.16;5.55682;0;0;0.1;0.01;0;6.16928;0;0;-1
0;507;47.6939;85.6443;-13.0987;8.6403;2701.94;5.19529;0;0;0.1;0.01;0;2.33763;0;0;-1
0;508;61.0954;-74.2472;-11.2879;10.3036;4582.01;6.19541;0;0;0.1;0.01;0;3.19914;0;0;-1
0;509;60.3073;-56.0642;-13.301;9.61516;3723.56;5.78146;0;0;0.1;0.01;0;6.39608;0;0;-1
0;510;61.4398;-42.148;-11.6171;9.39919;3478.24;5.6516;0;0;0.1;0.01;0;6.41338;0;0;-1
0;511;62.5791;-25.7815;-11.8595;9.28468;3352.66;5.58274;0;0;0.1;0.01;0;5.84355;0;0;-1
0;512;62.7421;-7.65241;-11.5008;9.83406;3983.7;5.91308;0;0;0.1;0.01;0;6.46711;0;0;-1
0;513;60.7352;9.37498;-12.8111;10.2245;4477.29;6.14784;0;0;0.1;0.01;0;6.65799;0;0;-1
0;514;61.9725;28.754;-10.2226;9.92591;4096.37;5.96831;0;0;0.1;0.01;0;6.30895;0;0;-1
0;515;62.677;45.9881;-11.1292;9.50542;3597.51;5.71547;0;0;0.1;0.01;0;5.70303;0;0;-1
0;516;63.2358;63.5916;-10.8035;10.0981;4313.28;6.07184;0;0;0.1;0.01;0;5.33373;0;0;-1
0;517;61.0494;77.9236;-13.7928;8.90529;2958.24;5.35462;0;0;0.1;0.01;0;2.77207;0;0;-1
0;518;77.6;-47.5313;-10.8115;8.5;2572.44;5.11093;0;0;0.1;0.01;0;3.89229;1;0;-1
0;519;77.3349;-30.0366;-11.244;8.60685;2670.68;5.17517;0;0;0.1;0.01;0;5.62855;0;0;-1
0;520;75.2974;-14.4399;-10.8532;10.4528;4783.95;6.28512;0;0;0.1;0.01;0;7.80124;0;0;-1
0;521;74.9425;1.11829;-10.9932;8.5;2572.44;5.11093;0;0;0.1;0.01;0;6.16577;1;0;-1
0;522;76.608;18.01;-13.3361;8.69993;2758.26;5.23114;0;0;0.1;0.01;0;5.74971;0;0;-1
0;523;75.0677;34.8518;-12.7126;8.5;2572.44;5.11093;0;0;0.1;0.01;0;5.25421;1;0;-1
0;524;75.3432;51.4824;-10.2294;9.24246;3307.13;5.55736;0;0;0.1;0.01;0;5.72056;0;0;-1
0;525;89.583;-22.1718;-11.9555;8.5;2572.44;5.11093;0;0;0.1;0.01;0;3.7912;1;0;-1
0;526;90.0676;-4.2527;-10.1455;9.67018;3787.85;5.81454;0;0;0.1;0.01;0;4.12048;0;0;-1
0;527;89.5576;12.0091;-11.0235;8.94815;3001.15;5.38039;0;0;0.1;0.01;0;4.80284;0;0;-1
0;528;89.4291;27.0276;-11.2014;8.57982;2645.59;5.15892;0;0;0.1;0.01;0;4.51341;0;0;-1
0;529;89.2365;43.5648;-9.84583;10.0381;4236.85;6.03576;0;0;0.1;0.01;0;3.29417;0;0;-1
0;530;-93.94;-16.5781;2.39799;9.45997;3546.16;5.68814;0;0;0.1;0.01;0;3.16865;0;0;-1
0;531;-95.6855;2.72935;3.43299;9.65336;3768.11;5.80443;0;0;0.1;0.01;0;3.78383;0;0;-1
0;532;-95.9058;18.6883;2.16186;10.2032;4449.36;6.13504;0;0;0.1;0.01;0;3.2396;0;0;-1
0;533;-79.6787;-55.9204;3.03973;8.5;2572.44;5.11093;0;0;0.1;0.01;0;2.63897;1;0;-1
0;534;-82.6271;-41.5228;4.6866;9.80047;3943.02;5.89288;0;0;0.1;0.01;0;4.17438;0;0;-1
0;535;-80.5959;-23.2248;2.97464;9.80139;3944.13;5.89343;0;0;0.1;0.01;0;6.4537;0;0;-1
0;536;-79.8668;-6.13801;3.72435;9.46528;3552.13;5.69134;0;0;0.1;0.01;0;5.92415;0;0;-1
0;537;-81.7955;10.3558;2.71379;8.90491;2957.86;5.35439;0;0;0.1;0.01;0;4.70825;0;0;-1
0;538;-80.6013;25.4904;1.20623;8.5;2572.44;5.11093;0;0;0.1;0.01;0;3.69524;1;0;-1
0;539;-82.6829;44.0754;2.76687;10.2457;4505.19;6.16059;0;0;0.1;0.01;0;4.42201;0;0;-1
0;540;-78.9053;61.1253;3.37589;9.4202;3501.62;5.66423;0;0;0.1;0.01;0;2.56;0;0;-1
0;541;-63.885;-65.5086;1.67931;8.86781;2921.04;5.33209;0;0;0.1;0.01;0;4.0079;0;0;-1
0;542;-64.2788;-47.2843;4.4016;10.2617;4526.33;6.17021;0;0;0.1;0.01;0;6.23419;0;0;-1
0;543;-68.3947;-33.0509;3.55466;8.92266;2975.58;5.36507;0;0;0.1;0.01;0;5.75773;0;0;-1
0;544;-67.7982;-14.8206;1.72178;10.4365;4761.6;6.27532;0;0;0.1;0.01;0;6.92527;0;0;-1
0;545;-67.1936;0.39914;3.73742;10.3306;4618.12;6.21164;0;0;0.1;0.01;0;6.93327;0;0;-1
0;546;-64.7305;17.1299;3.37088;10.4477;4776.95;6.28205;0;0;0.1;0.01;0;6.02023;0;0;-1
0;547;-65.1798;36.5214;3.09295;10.4249;4745.74;6.26834;0;0;0.1;0.01;0;6.60272;0;0;-1
0;548;-65.566;52.03;3.22793;9.47993;3568.65;5.70014;0;0;0.1;0.01;0;5.4797;0;0;-1
0;549;-64.9443;70.4112;3.16735;8.5;2572.44;5.11093;0;0;0.1;0.01;0;2.3501;1;0;-1
0;550;-49.9105;-75.3357;3.24202;8.5823;2647.89;5.16041;0;0;0.1;0.01;0;5.00405;0;0;-1
0;551;-50.3438;-59.3858;4.2074;8.71413;2771.79;5.23968;0;0;0.1;0.01;0;5.50529;0;0;-1
0;552;-50.9525;-42.331;3.34138;8.72965;2786.63;5.24901;0;0;0.1;0.01;0;5.46208;0;0;-1
0;553;-52.1141;-24.4766;3.65565;8.58632;2651.61;5.16283;0;0;0.1;0.01;0;4.18497;0;0;-1
0;554;-49.6406;-5.37918;2.14468;8.5;2572.44;5.11093;0;0;0.1;0.01;0;4.35366;1;0;-1
0;555;-52.2993;10.0572;3.74945;8.5;2572.44;5.11093;0;0;0.1;0.01;0;4.98805;1;0;-1
0;556;-52.7573;25.8406;2.70083;8.5;2572.44;5.11093;0;0;0.1;0.01;0;5.48596;1;0;-1
0;557;-50.2686;42.9849;5.11664;9.8444;3996.28;5.91929;0;0;0.1;0.01;0;5.97343;0;0;-1
0;558;-50.7547;63.4578;1.834;9.04923;3104.01;5.44117;0;0;0.1;0.01;0;5.21436;0;0;-1
0;559;-51.4549;78.1197;1.28913;9.76208;3896.87;5.8698;0;0;0.1;0.01;0;4.43861;0;0;-1
0;560;-34.9772;-84.0141;3.44211;9.36644;3442.01;5.6319;0;0;0.1;0.01;0;5.15447;0;0;-1
0;561;-38.5022;-67.3855;3.24583;9.15764;3216.91;5.50636;0;0;0.1;0.01;0;5.35287;0;0;-1
0;562;-36.7023;-50.3901;4.11784;8.5;2572.44;5.11093;0;0;0.1;0.01;0;5.17326;1;0;-1
0;563;-35.8301;-32.6189;2.67825;9.95707;4135.07;5.98704;0;0;0.1;0.01;0;6.05329;0;0;-1
0;564;-38.0796;-14.0893;3.15489;8.97516;3028.41;5.39663;0;0;0.1;0.01;0;4.9822;0;0;-1
0;565;-36.6322;3.18106;4.03733;8.90095;2953.91;5.35201;0;0;0.1;0.01;0;5.85607;0;0;-1
0;566;-38.1418;19.9758;2.91713;10.1518;4382.46;6.10413;0;0;0.1;0.01;0;6.86655;0;0;-1
0;567;-38.1975;36.3065;1.02827;8.89588;2948.87;5.34896;0;0;0.1;0.01;0;5.93153;0;0;-1
0;568;-35.4153;50.843;2.86139;9.82839;3976.82;5.90967;0;0;0.1;0.01;0;5.01474;0;0;-1
0;569;-35.748;71.7406;1.34153;10.4423;4769.55;6.2788;0;0;0.1;0.01;0;6.2866;0;0;-1
0;570;-35.3284;87.8885;3.29221;9.58234;3685.56;5.76172;0;0;0.1;0.01;0;5.14535;0;0;-1
0;571;-20.7809;-93.6571;1.60411;9.51832;3612.18;5.72323;0;0;0.1;0.01;0;4.31252;0;0;-1
0;572;-20.5644;-76.605;4.59351;8.53528;2604.61;5.13214;0;0;0.1;0.01;0;5.26468;0;0;-1
0;573;-23.6197;-57.6374;1.53875;9.2155;3278.27;5.54115;0;0;0.1;0.01;0;6.00491;0;0;-1
0;574;-23.2201;-40.3615;2.14159;9.25268;3318.11;5.5635;0;0;0.1;0.01;0;6.41796;0;0;-1
0;575;-21.165;-23.079;3.56745;8.5;2572.44;5.11093;0;0;0.1;0.01;0;5.39861;1;0;-1
0;576;-20.5789;-5.19015;3.34338;8.55675;2624.31;5.14505;0;0;0.1;0.01;0;6.16208;0;0;-1
0;577;-20.1919;9.99338;4.0713;10.1133;4332.79;6.08098;0;0;0.1;0.01;0;6.90069;0;0;-1
0;578;-23.9392;27.522;1.8843;8.5874;2652.61;5.16348;0;0;0.1;0.01;0;3.99284;0;0;-1
0;579;-19.9313;46.9991;1.8303;9.19996;3261.72;5.5318;0;0;0.1;0.01;0;4.5471;0;0;-1
0;580;-22.0305;63.3252;2.16353;9.89483;4058.01;5.94962;0;0;0.1;0.01;0;6.6587;0;0;-1
0;581;-22.1867;77.5567;1.90619;9.60554;3712.39;5.77567;0;0;0.1;0.01;0;6.19931;0;0;-1
0;582;-23.3676;96.2359;1.35769;9.90756;4073.7;5.95727;0;0;0.1;0.01;0;3.42002;0;0;-1
0;583;-7.07188;-98.9525;0.926666;10.0776;4287.06;6.05951;0;0;0.1;0.01;0;2.97351;0;0;-1
0;584;-5.64566;-81.0565;3.70921;8.73414;2790.93;5.25171;0;0;0.1;0.01;0;5.62727;0;0;-1
0;585;-9.0839;-66.648;2.77203;10.3839;4689.97;6.24369;0;0;0.1;0.01;0;5.75209;0;0;-1
0;586;-7.63604;-49.2539;2.31303;8.64791;2709.08;5.19986;0;0;0.1;0.01;0;5.09577;0;0;-1
0;587;-7.46676;-29.9741;2.51685;9.4445;3528.79;5.67884;0;0;0.1;0.01;0;6.35142;0;0;-1
0;588;-8.78182;-14.1941;3.11586;9.71029;3835.18;5.83866;0;0;0.1;0.01;0;6.88099;0;0;-1
0;589;-7.88771;1.80558;3.77309;8.5;2572.44;5.11093;0;0;0.1;0.01;0;5.90095;1;0;-1
0;590;-6.29658;17.3603;1.34319;8.51996;2590.61;5.12293;0;0;0.1;0.01;0;5.93164;0;0;-1
0;591;-6.1676;34.6547;3.70505;9.22465;3288.05;5.54665;0;0;0.1;0.01;0;5.50868;0;0;-1
0;592;-5.76344;51.802;3.53722;8.5;2572.44;5.11093;0;0;0.1;0.01;0;5.86922;1;0;-1
0;593;-7.56789;71.7841;2.33095;10.3283;4615.04;6.21026;0;0;0.1;0.01;0;6.8562;0;0;-1
0;594;-9.20878;88.3784;3.67836;9.77079;3907.31;5.87503;0;0;0.1;0.01;0;4.97597;0;0;-1
0;595;8.03839;-92.1723;3.10029;8.71605;2773.63;5.24083;0;0;0.1;0.01;0;4.70676;0;0;-1
0;596;8.63648;-76.0896;1.82982;9.61678;3725.44;5.78243;0;0;0.1;0.01;0;7.04044;0;0;-1
0;597;5.95424;-58.9212;1.68667;10.096;4310.59;6.07058;0;0;0.1;0.01;0;6.92001;0;0;-1
0;598;7.03681;-42.7373;3.5922;9.83689;3987.15;5.91478;0;0;0.1;0.01;0;6.72632;0;0;-1
0;599;7.54703;-24.9327;1.84905;9.5353;3631.55;5.73344;0;0;0.1;0.01;0;6.50634;0;0;-1
0;600;9.35607;-8.45883;4.443;10.1237;4346.17;6.08723;0;0;0.1;0.01;0;5.93106;0;0;-1
0;601;5.73318;10.4508;2.77366;8.89902;2951.99;5.35085;0;0;0.1;0.01;0;4.95983;0;0;-1
0;602;7.63001;25.4192;2.11904;9.91149;4078.55;5.95964;0;0;0.1;0.01;0;6.08902;0;0;-1
0;603;8.384;44.0591;2.34842;8.5;2572.44;5.11093;0;0;0.1;0.01;0;5.0444;1;0;-1
0;604;6.91222;60.3884;1.62083;8.5;2572.44;5.11093;0;0;0.1;0.01;0;5.65756;1;0;-1
0;605;8.80015;76.5031;2.67715;8.62821;2690.61;5.18802;0;0;0.1;0.01;0;5.7986;0;0;-1
0;606;5.61158;97.9086;1.52255;9.70502;3828.93;5.83549;0;0;0.1;0.01;0;2.82509;0;0;-1
0;607;20.4561;-85.2876;2.17776;8.5;2572.44;5.11093;0;0;0.1;0.01;0;4.15297;1;0;-1
0;608;23.707;-66.3242;2.73856;10.1485;4378.19;6.10215;0;0;0.1;0.01;0;5.92429;0;0;-1
0;609;22.3857;-47.3543;4.38192;8.61569;2678.91;5.18049;0;0;0.1;0.01;0;4.58328;0;0;-1
0;610;21.7429;-31.0887;1.47477;8.5;2572.44;5.11093;0;0;0.1;0.01;0;5.78886;1;0;-1
0;611;21.4292;-14.7068;1.49613;8.5;2572.44;5.11093;0;0;0.1;0.01;0;5.46801;1;0;-1
0;612;23.2048;4.33778;1.19731;9.49255;3582.92;5.70773;0;0;0.1;0.01;0;5.44763;0;0;-1
0;613;23.3879;20.8315;4.67087;9.56391;3664.33;5.75064;0;0;0.1;0.01;0;6.83898;0;0;-1
0;614;21.9831;37.2969;4.96631;8.5;2572.44;5.11093;0;0;0.1;0.01;0;5.66081;1;0;-1
0;615;22.7792;51.4225;3.72421;9.88732;4048.78;5.9451;0;0;0.1;0.01;0;6.64336;0;0;-1
0;616;21.133;67.7564;1.65655;9.16445;3224.09;5.51045;0;0;0.1;0.01;0;5.9581;0;0;-1
0;617;21.4053;89.4946;1.13899;10.1186;4339.6;6.08417;0;0;0.1;0.01;0;4.04343;0;0;-1
0;618;38.041;-75.9249;1.65761;9.44408;3528.32;5.67859;0;0;0.1;0.01;0;6.03274;0;0;-1
0;619;38.5553;-59.6022;4.02918;8.64248;2703.98;5.1966;0;0;0.1;0.01;0;5.22804;0;0;-1
0;620;34.904;-40.1494;3.41437;8.9796;3032.91;5.3993;0;0;0.1;0.01;0;5.44945;0;0;-1
0;621;35.0463;-25.7251;1.19934;9.54414;3641.66;5.73875;0;0;0.1;0.01;0;6.10559;0;0;-1
0;622;38.0182;-8.85128;4.48965;9.35846;3433.22;5.62711;0;0;0.1;0.01;0;6.01159;0;0;-1
0;623;37.2364;9.08638;1.45628;9.51894;3612.89;5.7236;0;0;0.1;0.01;0;5.74676;0;0;-1
0;624;36.6645;27.252;2.87026;9.98295;4167.4;6.0026;0;0;0.1;0.01;0;6.51442;0;0;-1
0;625;35.9276;44.536;1.21314;10.3932;4702.58;6.24928;0;0;0.1;0.01;0;6.879;0;0;-1
0;626;36.1006;62.7059;3.83016;10.293;4567.88;6.18903;0;0;0.1;0.01;0;7.82403;0;0;-1
0;627;37.6626;80.0029;2.52641;10.395;4705.03;6.25036;0;0;0.1;0.01;0;5.13873;0;0;-1
0;628;50.8392;-83.5264;2.89786;8.5;2572.44;5.11093;0;0;0.1;0.01;0;2.98866;1;0;-1
0;629;52.1827;-64.6124;4.04721;9.83279;3982.16;5.91231;0;0;0.1;0.01;0;5.58561;0;0;-1
0;630;50.3177;-48.4689;3.25923;10.1367;4362.93;6.09505;0;0;0.1;0.01;0;6.36273;0;0;-1
0;631;53.4011;-33.6507;4.79298;8.5;2572.44;5.11093;0;0;0.1;0.01;0;5.81184;1;0;-1
0;632;51.3819;-15.8294;2.99203;8.60239;2666.53;5.17249;0;0;0.1;0.01;0;5.11708;0;0;-1
0;633;52.1593;1.13925;2.46694;8.51441;2585.55;5.11959;0;0;0.1;0.01;0;5.43418;0;0;-1
0;634;52.3766;17.0466;1.66229;9.47502;3563.11;5.69719;0;0;0.1;0.01;0;7.31224;0;0;-1
0;635;50.1824;34.3872;2.73522;9.80689;3950.78;5.89674;0;0;0.1;0.01;0;6.2322;0;0;-1
0;636;51.3755;54.633;4.70072;8.5;2572.44;5.11093;0;0;0.1;0.01;0;5.01669;1;0;-1
0;637;50.0074;67.7092;3.26209;9.09874;3155.24;5.47094;0;0;0.1;0.01;0;4.6995;0;0;-1
0;638;68.0549;-56.0613;4.68342;9.91865;4087.39;5.96394;0;0;0.1;0.01;0;4.38811;0;0;-1
0;639;67.5939;-39.0437;2.4044;9.67029;3787.97;5.81461;0;0;0.1;0.01;0;7.08939;0;0;-1
0;640;64.731;-24.1604;3.89607;8.59961;2663.94;5.17082;0;0;0.1;0.01;0;5.67668;0;0;-1
0;641;67.8256;-6.65484;4.42944;8.5;2572.44;5.11093;0;0;0.1;0.01;0;4.86636;1;0;-1
0;642;65.6286;12.1999;3.83585;10.2544;4516.68;6.16582;0;0;0.1;0.01;0;6.72039;0;0;-1
0;643;65.4887;25.931;3.93871;8.5;2572.44;5.11093;0;0;0.1;0.01;0;6.09785;1;0;-1
0;644;66.9145;44.3096;4.36304;9.40417;3483.77;5.65459;0;0;0.1;0.01;0;5.69788;0;0;-1
0;645;67.4226;60.1784;4.32042;9.78995;3930.34;5.88655;0;0;0.1;0.01;0;4.46588;0;0;-1
0;646;82.3315;-47.3941;5.10636;9.16647;3226.23;5.51167;0;0;0.1;0.01;0;3.67494;0;0;-1
0;647;82.1687;-33.1106;3.1804;10.4059;4719.84;6.25692;0;0;0.1;0.01;0;5.82293;0;0;-1
0;648;81.398;-15.7988;3.84396;9.58771;3691.76;5.76495;0;0;0.1;0.01;0;6.48932;0;0;-1
0;649;79.7739;0.0602547;1.87693;9.17655;3236.88;5.51773;0;0;0.1;0.01;0;5.72839;0;0;-1
0;650;80.9746;18.2577;2.44523;9.17519;3235.44;5.51691;0;0;0.1;0.01;0;6.64344;0;0;-1
0;651;82.5361;36.1047;4.09024;10.3563;4652.67;6.22709;0;0;0.1;0.01;0;5.55226;0;0;-1
0;652;82.8036;55.2991;4.89861;9.98006;4163.78;6.00087;0;0;0.1;0.01;0;2.84835;0;0;-1
0;653;95.8353;-23.3878;2.09998;10.372;4673.86;6.23653;0;0;0.1;0.01;0;3.62911;0;0;-1
0;654;96.3551;-7.56295;4.22509;9.30892;3378.99;5.59732;0;0;0.1;0.01;0;3.40701;0;0;-1
0;655;94.5267;12.1167;1.93526;9.59168;3696.35;5.76734;0;0;0.1;0.01;0;4.21219;0;0;-1
0;656;94.3134;26.6341;4.47941;10.0281;4224.2;6.02975;0;0;0.1;0.01;0;4.46375;0;0;-1
0;657;-86.8348;-40.7536;19.2028;10.0139;4206.28;6.02121;0;0;0.1;0.01;0;3.22318;0;0;-1
0;658;-85.075;-21.1789;18.5578;9.39531;3473.94;5.64926;0;0;0.1;0.01;0;3.28435;0;0;-1
0;659;-84.8777;-4.98984;19.2729;9.9256;4095.99;5.96812;0;0;0.1;0.01;0;4.60322;0;0;-1
0;660;-86.6497;10.4777;17.1891;9.41782;3498.97;5.6628;0;0;0.1;0.01;0;4.71453;0;0;-1
0;661;-85.7253;27.1069;18.3092;8.5;2572.44;5.11093;0;0;0.1;0.01;0;3.21642;1;0;-1
0;662;-84.2593;45.3293;18.9283;8.68184;2741.09;5.22026;0;0;0.1;0.01;0;2.72755;0;0;-1
0;663;-72.1084;-63.639;19.8439;9.46219;3548.65;5.68948;0;0;0.1;0.01;0;3.35659;0;0;-1
0;664;-70.8126;-48.5639;16.6685;9.04696;3101.68;5.43981;0;0;0.1;0.01;0;6.11275;0;0;-1
0;665;-68.9822;-33.8705;19.1856;8.5;2572.44;5.11093;0;0;0.1;0.01;0;5.46819;1;0;-1
0;666;-71.96;-13.1866;19.0222;9.90376;4069.01;5.95499;0;0;0.1;0.01;0;7.23531;0;0;-1
0;667;-69.3885;2.17289;19.7061;9.7357;3865.36;5.85394;0;0;0.1;0.01;0;6.93204;0;0;-1
0;668;-70.2482;18.6398;19.3004;9.64972;3763.85;5.80224;0;0;0.1;0.01;0;5.8003;0;0;-1
0;669;-70.2949;34.2616;16.7398;8.77909;2834.24;5.27874;0;0;0.1;0.01;0;4.32168;0;0;-1
0;670;-70.2551;52.8863;16.2648;8.5;2572.44;5.11093;0;0;0.1;0.01;0;3.91573;1;0;-1
0;671;-58.0217;-74.9474;17.1205;10.065;4271;6.05194;0;0;0.1;0.01;0;4.51527;0;0;-1
0;672;-57.4999;-58.654;18.7043;9.47117;3558.77;5.69488;0;0;0.1;0.01;0;6.43828;0;0;-1
0;673;-56.2025;-39.5356;17.4606;10.2399;4497.55;6.1571;0;0;0.1;0.01;0;7.40192;0;0;-1
0;674;-57.0818;-23.2689;16.9136;8.9323;2985.23;5.37086;0;0;0.1;0.01;0;5.73199;0;0;-1
0;675;-55.1857;-6.46364;16.0518;9.97374;4155.88;5.99707;0;0;0.1;0.01;0;6.24404;0;0;-1
0;676;-57.1252;8.61674;17.4039;8.70387;2762.01;5.23351;0;0;0.1;0.01;0;5.38466;0;0;-1
0;677;-55.3799;26.7711;16.7958;9.65507;3770.12;5.80545;0;0;0.1;0.01;0;5.70861;0;0;-1
0;678;-54.9746;46.8977;18.9463;8.5;2572.44;5.11093;0;0;0.1;0.01;0;4.35351;1;0;-1
0;679;-53.9911;61.9332;18.2848;8.67427;2733.93;5.21571;0;0;0.1;0.01;0;3.80848;0;0;-1
0;680;-53.7957;78.0469;19.6536;9.60026;3706.27;5.7725;0;0;0.1;0.01;0;2.64005;0;0;-1
0;681;-41.6968;-84.6164;16.8486;9.64536;3758.75;5.79962;0;0;0.1;0.01;0;4.32851;0;0;-1
0;682;-40.6311;-67.4689;17.7415;8.98447;3037.85;5.40223;0;0;0.1;0.01;0;5.51378;0;0;-1
0;683;-40.4631;-47.7843;16.7403;9.09298;3149.25;5.46748;0;0;0.1;0.01;0;5.26043;0;0;-1
0;684;-42.5288;-33.0283;18.1914;9.56256;3662.78;5.74983;0;0;0.1;0.01;0;6.35481;0;0;-1
0;685;-42.1556;-13.7575;16.4935;8.5;2572.44;5.11093;0;0;0.1;0.01;0;4.91558;1;0;-1
0;686;-39.9926;2.27706;17.724;8.8338;2887.56;5.31164;0;0;0.1;0.01;0;5.08329;0;0;-1
0;687;-42.2101;18.6855;18.4609;8.81873;2872.81;5.30257;0;0;0.1;0.01;0;5.43327;0;0;-1
0;688;-41.1628;33.7378;18.2796;8.97255;3025.77;5.39506;0;0;0.1;0.01;0;5.19063;0;0;-1
0;689;-39.7061;53.2093;18.5403;8.97931;3032.62;5.39913;0;0;0.1;0.01;0;4.73843;0;0;-1
0;690;-39.5852;71.4845;16.397;10.2106;4459.05;6.13949;0;0;0.1;0.01;0;5.90393;0;0;-1
0;691;-41.5959;87.7475;18.5411;8.98874;3042.18;5.4048;0;0;0.1;0.01;0;2.93086;0;0;-1
0;692;-27.7608;-93.4557;16.8272;10.4523;4783.26;6.28482;0;0;0.1;0.01;0;3.97937;0;0;-1
0;693;-27.5053;-72.8532;18.5037;9.83112;3980.13;5.91131;0;0;0.1;0.01;0;6.16515;0;0;-1
0;694;-25.3689;-56.7094;16.2727;8.5;2572.44;5.11093;0;0;0.1;0.01;0;4.44974;1;0;-1
0;695;-24.5043;-40.3794;17.8365;8.88227;2935.35;5.34078;0;0;0.1;0.01;0;5.48623;0;0;-1
0;696;-28.3607;-24.7214;16.3184;9.59361;3698.58;5.7685;0;0;0.1;0.01;0;6.04819;0;0;-1
0;697;-28.3767;-7.18698;16.0107;9.33032;3402.34;5.61019;0;0;0.1;0.01;0;5.29352;0;0;-1
0;698;-26.9602;10.6768;16.4873;9.60486;3711.6;5.77526;0;0;0.1;0.01;0;6.09175;0;0;-1
0;699;-27.4516;28.048;17.3652;9.05772;3112.76;5.44628;0;0;0.1;0.01;0;5.12845;0;0;-1
0;700;-25.46;45.9298;17.6351;9.58543;3689.13;5.76358;0;0;0.1;0.01;0;5.76641;0;0;-1
0;701;-28.1546;62.0539;16.4048;9.01678;3070.74;5.42166;0;0;0.1;0.01;0;5.9042;0;0;-1
0;702;-27.4121;80.4112;16.3144;10.1887;4430.42;6.12632;0;0;0.1;0.01;0;5.89043;0;0;-1
0;703;-13.2905;-83.6091;17.6354;9.77088;3907.42;5.87509;0;0;0.1;0.01;0;5.45801;0;0;-1
0;704;-13.7311;-65.6468;17.0264;8.5;2572.44;5.11093;0;0;0.1;0.01;0;4.20922;1;0;-1
0;705;-11.1791;-47.5327;16.2695;9.7905;3931;5.88689;0;0;0.1;0.01;0;5.44985;0;0;-1
0;706;-12.3554;-30.7826;19.344;8.63701;2698.85;5.19331;0;0;0.1;0.01;0;5.76163;0;0;-1
0;707;-11.547;-16.1885;17.4754;9.71429;3839.92;5.84106;0;0;0.1;0.01;0;6.34177;0;0;-1
0;708;-13.671;1.66185;17.1231;10.0878;4300.09;6.06565;0;0;0.1;0.01;0;7.02436;0;0;-1
0;709;-13.1791;20.7916;16.6136;10.0841;4295.36;6.06342;0;0;0.1;0.01;0;6.26954;0;0;-1
0;710;-10.9573;37.3197;17.2906;8.97727;3030.55;5.3979;0;0;0.1;0.01;0;5.49543;0;0;-1
0;711;-10.0205;52.3616;18.3017;10.1287;4352.61;6.09024;0;0;0.1;0.01;0;6.64196;0;0;-1
0;712;-11.6731;68.4231;18.3639;8.59754;2662.02;5.16958;0;0;0.1;0.01;0;5.20951;0;0;-1
0;713;-11.0509;85.2578;18.666;8.5;2572.44;5.11093;0;0;0.1;0.01;0;3.7378;1;0;-1
0;714;1.68318;-91.9836;17.4358;10.248;4508.23;6.16197;0;0;0.1;0.01;0;3.9083;0;0;-1
0;715;4.58318;-72.2662;15.9835;8.68782;2746.76;5.22386;0;0;0.1;0.01;0;5.15391;0;0;-1
0;716;2.81576;-56.9714;17.3319;8.5;2572.44;5.11093;0;0;0.1;0.01;0;5.54583;1;0;-1
0;717;2.96285;-39.8543;16.6728;9.887;4048.39;5.94491;0;0;0.1;0.01;0;6.58534;0;0;-1
0;718;2.38452;-24.4695;16.4651;8.82136;2875.38;5.30416;0;0;0.1;0.01;0;5.63488;0;0;-1
0;719;4.97637;-8.37279;17.1089;8.57217;2638.52;5.15432;0;0;0.1;0.01;0;4.74327;0;0;-1
0;720;4.17339;9.65124;16.3821;9.89258;4055.25;5.94826;0;0;0.1;0.01;0;4.89129;0;0;-1
0;721;2.15904;28.508;16.6416;9.95865;4137.04;5.98799;0;0;0.1;0.01;0;6.24873;0;0;-1
0;722;2.53456;46.1853;15.6159;8.5982;2662.63;5.16997;0;0;0.1;0.01;0;5.80288;0;0;-1
0;723;2.66302;63.403;15.8923;10.4039;4717.12;6.25571;0;0;0.1;0.01;0;6.7119;0;0;-1
0;724;0.995548;77.9623;15.9338;8.66392;2724.16;5.20949;0;0;0.1;0.01;0;5.68366;0;0;-1
0;725;4.69749;93.0896;17.772;8.70908;2766.98;5.23664;0;0;0.1;0.01;0;2.89347;0;0;-1
0;726;17.7777;-82.3794;17.1061;10.0453;4245.97;6.04009;0;0;0.1;0.01;0;5.1316;0;0;-1
0;727;15.7977;-64.4115;16.3766;8.5;2572.44;5.11093;0;0;0.1;0.01;0;4.94375;1;0;-1
0;728;16.0204;-50.0863;18.3082;9.61978;3728.93;5.78423;0;0;0.1;0.01;0;5.55282;0;0;-1
0;729;18.9308;-33.9814;18.106;8.5;2572.44;5.11093;0;0;0.1;0.01;0;4.31412;1;0;-1
0;730;18.3566;-17.0136;17.3412;9.30503;3374.75;5.59498;0;0;0.1;0.01;0;5.7753;0;0;-1
0;731;17.4637;2.7184;18.4862;8.54447;2613.03;5.13767;0;0;0.1;0.01;0;4.73964;0;0;-1
0;732;16.5759;21.1417;16.2203;9.14026;3198.63;5.49591;0;0;0.1;0.01;0;6.27675;0;0;-1
0;733;16.5151;37.0701;17.4446;8.88866;2941.69;5.34462;0;0;0.1;0.01;0;5.8901;0;0;-1
0;734;19.6601;52.9278;17.6929;8.85858;2911.93;5.32654;0;0;0.1;0.01;0;5.16852;0;0;-1
0;735;16.4172;69.7758;17.3876;8.51644;2587.4;5.12081;0;0;0.1;0.01;0;5.15572;0;0;-1
0;736;17.9164;85.6756;16.4547;9.17315;3233.29;5.51568;0;0;0.1;0.01;0;3.56726;0;0;-1
0;737;33.1728;-92.488;15.9315;9.05955;3114.64;5.44738;0;0;0.1;0.01;0;1.68992;0;0;-1
0;738;33.7856;-73.7687;16.097;9.51316;3606.31;5.72013;0;0;0.1;0.01;0;5.47881;0;0;-1
0;739;33.1812;-55.2496;18.0157;9.15668;3215.9;5.50578;0;0;0.1;0.01;0;4.54206;0;0;-1
0;740;33.6516;-39.026;18.0719;8.5;2572.44;5.11093;0;0;0.1;0.01;0;5.32935;1;0;-1
0;741;31.4378;-24.4832;16.3403;9.37929;3456.2;5.63963;0;0;0.1;0.01;0;6.48203;0;0;-1
0;742;30.7093;-8.05926;18.5924;9.30862;3378.66;5.59714;0;0;0.1;0.01;0;5.4984;0;0;-1
0;743;30.5291;11.5689;17.0181;8.87722;2930.35;5.33774;0;0;0.1;0.01;0;5.13421;0;0;-1
0;744;32.0937;26.8752;16.7656;8.78131;2836.39;5.28007;0;0;0.1;0.01;0;5.40263;0;0;-1
0;745;33.2185;45.768;16.5232;8.5;2572.44;5.11093;0;0;0.1;0.01;0;5.28925;1;0;-1
0;746;30.4869;63.4348;19.4795;9.08213;3137.99;5.46095;0;0;0.1;0.01;0;6.81557;0;0;-1
0;747;30.647;77.8127;17.8485;9.25776;3323.58;5.56656;0;0;0.1;0.01;0;5.18621;0;0;-1
0;748;45.3095;-81.248;16.0878;9.99665;4184.58;6.01084;0;0;0.1;0.01;0;4.70852;0;0;-1
0;749;48.9029;-67.6403;17.011;8.61752;2680.62;5.18159;0;0;0.1;0.01;0;5.08279;0;0;-1
0;750;47.507;-48.1676;18.5949;8.5;2572.44;5.11093;0;0;0.1;0.01;0;4.60412;1;0;-1
0;751;46.7637;-31.8992;16.6177;9.52674;3621.78;5.72829;0;0;0.1;0.01;0;6.83008;0;0;-1
0;752;46.3599;-15.3171;17.5031;9.96599;4146.2;5.99241;0;0;0.1;0.01;0;6.40209;0;0;-1
0;753;46.206;4.3951;19.4788;9.61473;3723.06;5.7812;0;0;0.1;0.01;0;5.43097;0;0;-1
0;754;48.7887;20.4693;17.337;9.77667;3914.37;5.87857;0;0;0.1;0.01;0;6.22911;0;0;-1
0;755;46.86;34.8805;18.984;8.5;2572.44;5.11093;0;0;0.1;0.01;0;5.23495;1;0;-1
0;756;45.0855;54.0929;16.5865;10.1386;4365.39;6.09619;0;0;0.1;0.01;0;6.57506;0;0;-1
0;757;46.9816;68.9786;17.7813;8.7934;2848.13;5.28734;0;0;0.1;0.01;0;5.04279;0;0;-1
0;758;45.9392;86.048;19.6665;8.5;2572.44;5.11093;0;0;0.1;0.01;0;1.28308;1;0;-1
0;759;61.2218;-75.4403;17.4923;9.74749;3879.42;5.86102;0;0;0.1;0.01;0;2.82152;0;0;-1
0;760;62.3074;-57.9485;18.1593;8.5;2572.44;5.11093;0;0;0.1;0.01;0;4.94832;1;0;-1
0;761;62.5625;-38.7133;16.704;10.097;4311.87;6.07118;0;0;0.1;0.01;0;7.49641;0;0;-1
0;762;60.4213;-24.2786;16.5123;9.90118;4065.83;5.95344;0;0;0.1;0.01;0;7.54561;0;0;-1
0;763;60.377;-7.40076;16.7503;8.93108;2984.01;5.37013;0;0;0.1;0.01;0;4.81155;0;0;-1
0;764;62.4575;10.6055;16.9666;9.45392;3539.36;5.6845;0;0;0.1;0.01;0;5.77953;0;0;-1
0;765;61.6889;28.535;16.476;10.2254;4478.47;6.14838;0;0;0.1;0.01;0;7.22184;0;0;-1
0;766;61.8677;45.2133;19.0371;8.67367;2733.36;5.21535;0;0;0.1;0.01;0;6.08222;0;0;-1
0;767;62.292;63.6365;19.0465;10.0225;4217.13;6.02638;0;0;0.1;0.01;0;4.83477;0;0;-1
0;768;75.9056;-50.2071;19.5094;8.70096;2759.24;5.23176;0;0;0.1;0.01;0;3.01524;0;0;-1
0;769;76.0482;-33.4791;18.3389;10.0886;4301.12;6.06613;0;0;0.1;0.01;0;6.13288;0;0;-1
0;770;77.6185;-16.9501;16.7464;8.5;2572.44;5.11093;0;0;0.1;0.01;0;4.95993;1;0;-1
0;771;74.8805;0.850951;19.4129;8.71841;2775.88;5.24225;0;0;0.1;0.01;0;4.44522;0;0;-1
0;772;76.493;20.1079;16.1862;9.82373;3971.16;5.90687;0;0;0.1;0.01;0;6.53727;0;0;-1
0;773;74.819;37.9189;19.0697;10.3722;4674.14;6.23665;0;0;0.1;0.01;0;6.73609;0;0;-1
0;774;76.5232;52.4257;18.7565;8.77615;2831.4;5.27697;0;0;0.1;0.01;0;4.58186;0;0;-1
0;775;91.5322;-22.07;18.6371;9.7875;3927.39;5.88508;0;0;0.1;0.01;0;4.34417;0;0;-1
0;776;92.75;-7.35597;19.9359;8.5;2572.44;5.11093;0;0;0.1;0.01;0;2.61913;1;0;-1
0;777;91.6986;9.3273;16.2202;9.05672;3111.73;5.44567;0;0;0.1;0.01;0;2.52685;0;0;-1
0;778;89.4662;26.8395;17.3953;9.35384;3428.14;5.62433;0;0;0.1;0.01;0;4.07839;0;0;-1
0;779;-93.5845;2.40937;34.5715;8.55786;2625.33;5.14572;0;0;0.1;0.01;0;2.84531;0;0;-1
0;780;-82.0398;-39.7086;31.6343;9.85962;4014.85;5.92845;0;0;0.1;0.01;0;3.15512;0;0;-1
0;781;-79.6843;-25.0904;32.4514;9.32437;3395.84;5.60661;0;0;0.1;0.01;0;4.25278;0;0;-1
0;782;-78.9998;-6.08854;34.0239;9.22038;3283.49;5.54408;0;0;0.1;0.01;0;5.97685;0;0;-1
0;783;-80.1787;10.0447;31.8114;8.73128;2788.19;5.24999;0;0;0.1;0.01;0;4.89358;0;0;-1
0;784;-82.7014;25.8703;30.9238;9.40262;3482.05;5.65366;0;0;0.1;0.01;0;2.7481;0;0;-1
0;785;-79.9025;46.0318;31.3503;8.54151;2610.31;5.13589;0;0;0.1;0.01;0;2.20407;0;0;-1
0;786;-65.958;-66.8894;33.9539;9.46889;3556.2;5.69351;0;0;0.1;0.01;0;3.41812;0;0;-1
0;787;-66.6278;-47.677;32.2393;9.70994;3834.76;5.83845;0;0;0.1;0.01;0;4.78973;0;0;-1
0;788;-64.3058;-30.7695;34.206;9.95636;4134.19;5.98661;0;0;0.1;0.01;0;6.55658;0;0;-1
0;789;-66.7733;-15.565;31.0166;8.5;2572.44;5.11093;0;0;0.1;0.01;0;5.95257;1;0;-1
0;790;-65.6102;0.0148364;34.1216;8.9441;2997.08;5.37796;0;0;0.1;0.01;0;5.98478;0;0;-1
0;791;-66.5518;18.1331;33.8906;8.5;2572.44;5.11093;0;0;0.1;0.01;0;4.4291;1;0;-1
0;792;-64.4094;35.1722;31.6617;8.58667;2651.94;5.16304;0;0;0.1;0.01;0;4.16641;0;0;-1
0;793;-66.8399;53.0614;33.2042;9.91933;4088.23;5.96435;0;0;0.1;0.01;0;3.57384;0;0;-1
0;794;-53.1856;-73.3259;30.6191;10.1149;4334.84;6.08194;0;0;0.1;0.01;0;4.85261;0;0;-1
0;795;-50.1851;-58.7157;30.9832;9.48167;3570.62;5.70119;0;0;0.1;0.01;0;6.0273;0;0;-1
0;796;-49.8368;-38.4058;31.6524;9.72083;3847.68;5.84499;0;0;0.1;0.01;0;6.12713;0;0;-1
0;797;-52.807;-21.298;31.1195;8.5;2572.44;5.11093;0;0;0.1;0.01;0;4.91495;1;0;-1
0;798;-52.7059;-7.29155;34.1925;9.66627;3783.25;5.81219;0;0;0.1;0.01;0;4.47752;0;0;-1
0;799;-51.6671;11.8693;31.7802;8.5;2572.44;5.11093;0;0;0.1;0.01;0;4.16074;1;0;-1
0;800;-50.7164;29.4048;32.6083;8.5;2572.44;5.11093;0;0;0.1;0.01;0;5.23761;1;0;-1
0;801;-52.7832;43.3422;33.1236;8.5;2572.44;5.11093;0;0;0.1;0.01;0;5.23967;1;0;-1
0;802;-51.6402;60.068;33.9687;8.5;2572.44;5.11093;0;0;0.1;0.01;0;4.23714;1;0;-1
0;803;-35.6407;-85.3947;34.2819;10.1766;4414.65;6.11904;0;0;0.1;0.01;0;3.63855;0;0;-1
0;804;-38.002;-66.3773;31.2836;8.5;2572.44;5.11093;0;0;0.1;0.01;0;4.56046;1;0;-1
0;805;-37.9456;-47.2914;33.1282;9.74583;3877.44;5.86003;0;0;0.1;0.01;0;5.96605;0;0;-1
0;806;-34.473;-33.0329;33.0274;10.2533;4515.23;6.16516;0;0;0.1;0.01;0;6.52025;0;0;-1
0;807;-35.1765;-16.2777;32.7087;8.8572;2910.57;5.32571;0;0;0.1;0.01;0;4.1288;0;0;-1
0;808;-35.3393;2.98143;32.2919;8.80953;2863.83;5.29704;0;0;0.1;0.01;0;4.53394;0;0;-1
0;809;-38.3023;17.6741;32.7578;8.96634;3019.49;5.39133;0;0;0.1;0.01;0;4.90126;0;0;-1
0;810;-36.978;37.9443;31.6637;9.65063;3764.92;5.80278;0;0;0.1;0.01;0;6.08345;0;0;-1
0;811;-36.8435;52.4695;32.4184;8.9865;3039.91;5.40345;0;0;0.1;0.01;0;5.22344;0;0;-1
0;812;-37.9065;69.1968;32.1207;8.5;2572.44;5.11093;0;0;0.1;0.01;0;3.35546;1;0;-1
0;813;-20.9667;-91.0281;34.0183;9.86408;4020.3;5.93113;0;0;0.1;0.01;0;3.76516;0;0;-1
0;814;-22.9259;-74.3034;32.2354;8.5;2572.44;5.11093;0;0;0.1;0.01;0;5.12069;1;0;-1
0;815;-22.8331;-57.0568;34.4238;8.61747;2680.57;5.18156;0;0;0.1;0.01;0;4.58506;0;0;-1
0;816;-21.8588;-42.743;31.8896;8.61331;2676.69;5.17906;0;0;0.1;0.01;0;5.67958;0;0;-1
0;817;-20.431;-21.6655;31.3826;8.5;2572.44;5.11093;0;0;0.1;0.01;0;3.95986;1;0;-1
0;818;-20.9555;-4.75742;34.0485;9.37895;3455.82;5.63943;0;0;0.1;0.01;0;5.90085;0;0;-1
0;819;-21.7899;11.1895;31.646;8.93559;2988.53;5.37284;0;0;0.1;0.01;0;5.87699;0;0;-1
0;820;-22.9955;29.3682;33.7792;9.49202;3582.32;5.70741;0;0;0.1;0.01;0;5.55535;0;0;-1
0;821;-20.7362;44.2952;33.8151;9.19925;3260.96;5.53138;0;0;0.1;0.01;0;6.29553;0;0;-1
0;822;-20.4303;59.7018;30.9795;8.65751;2718.11;5.20564;0;0;0.1;0.01;0;5.12057;0;0;-1
0;823;-21.7689;76.7148;32.6738;10.0526;4255.24;6.04448;0;0;0.1;0.01;0;4.73863;0;0;-1
0;824;-6.81968;-81.4822;33.0045;10.2345;4490.44;6.15386;0;0;0.1;0.01;0;5.73653;0;0;-1
0;825;-7.58298;-65.8492;32.0439;9.11861;3175.96;5.48289;0;0;0.1;0.01;0;4.85374;0;0;-1
0;826;-8.80979;-46.941;30.7934;9.1191;3176.47;5.48318;0;0;0.1;0.01;0;5.15132;0;0;-1
0;827;-5.46296;-32.6275;31.1749;8.5;2572.44;5.11093;0;0;0.1;0.01;0;4.74352;1;0;-1
0;828;-8.84271;-13.1757;31.59;10.4144;4731.42;6.26203;0;0;0.1;0.01;0;6.59225;0;0;-1
0;829;-7.46435;3.47464;31.9486;9.30981;3379.96;5.59785;0;0;0.1;0.01;0;6.08527;0;0;-1
0;830;-6.85466;20.9984;33.6364;10.0649;4270.88;6.05188;0;0;0.1;0.01;0;5.67599;0;0;-1
0;831;-7.48018;37.7978;34.0813;9.13604;3194.2;5.49337;0;0;0.1;0.01;0;6.14328;0;0;-1
0;832;-5.85122;51.7233;33.6907;8.5;2572.44;5.11093;0;0;0.1;0.01;0;5.49214;1;0;-1
0;833;-7.20225;69.7871;32.3995;8.73803;2794.66;5.25405;0;0;0.1;0.01;0;4.34824;0;0;-1
0;834;-6.78213;88.6509;31.1311;8.56897;2635.57;5.1524;0;0;0.1;0.01;0;2.16691;0;0;-1
0;835;8.24709;-89.4377;34.6608;8.757;2812.9;5.26546;0;0;0.1;0.01;0;3.18233;0;0;-1
0;836;7.70288;-74.475;32.4967;10.4534;4784.77;6.28548;0;0;0.1;0.01;0;7.03275;0;0;-1
0;837;6.34394;-58.947;31.8184;8.79873;2853.31;5.29055;0;0;0.1;0.01;0;5.1036;0;0;-1
0;838;8.48795;-42.9179;33.2025;10.0561;4259.68;6.04659;0;0;0.1;0.01;0;6.7518;0;0;-1
0;839;6.86183;-23.8843;32.7529;8.90408;2957.03;5.35389;0;0;0.1;0.01;0;4.8788;0;0;-1
0;840;7.21383;-6.04632;33.7231;9.87605;4034.95;5.93833;0;0;0.1;0.01;0;6.05161;0;0;-1
0;841;5.64987;8.79305;34.3838;9.10205;3158.68;5.47293;0;0;0.1;0.01;0;4.7419;0;0;-1
0;842;8.33997;27.8179;31.0419;9.25309;3318.55;5.56375;0;0;0.1;0.01;0;5.1598;0;0;-1
0;843;6.79346;42.8943;30.5898;10.1876;4428.99;6.12566;0;0;0.1;0.01;0;6.4219;0;0;-1
0;844;8.6343;61.5736;30.9026;8.68436;2743.48;5.22178;0;0;0.1;0.01;0;4.75531;0;0;-1
0;845;9.12409;78.9329;31.9038;9.46328;3549.88;5.69013;0;0;0.1;0.01;0;4.70423;0;0;-1
0;846;23.1463;-82.6653;33.8535;9.93443;4106.93;5.97343;0;0;0.1;0.01;0;4.76591;0;0;-1
0;847;22.6496;-67.9632;33.0045;9.85623;4010.71;5.92641;0;0;0.1;0.01;0;5.40214;0;0;-1
0;848;23.8678;-47.7368;33.3898;8.90151;2954.47;5.35235;0;0;0.1;0.01;0;5.8952;0;0;-1
0;849;21.1357;-32.2898;32.4689;10.1635;4397.63;6.11117;0;0;0.1;0.01;0;7.03835;0;0;-1
0;850;22.1158;-14.0035;32.2135;10.1553;4386.99;6.10623;0;0;0.1;0.01;0;6.79554;0;0;-1
0;851;22.3356;0.479589;30.9357;8.92445;2977.37;5.36614;0;0;0.1;0.01;0;5.12767;0;0;-1
0;852;23.0085;19.3331;30.4844;9.06881;3124.2;5.45294;0;0;0.1;0.01;0;4.82368;0;0;-1
0;853;22.1096;37.5581;33.9842;9.3486;3422.38;5.62118;0;0;0.1;0.01;0;5.73833;0;0;-1
0;854;23.7967;51.3854;32.5718;9.90615;4071.96;5.95642;0;0;0.1;0.01;0;6.81377;0;0;-1
0;855;22.3292;68.7585;31.0007;8.75237;2808.44;5.26267;0;0;0.1;0.01;0;5.90327;0;0;-1
0;856;20.8577;89.3886;34.2243;9.34689;3420.5;5.62015;0;0;0.1;0.01;0;1.60272;0;0;-1
0;857;35.7848;-74.7206;32.791;8.5;2572.44;5.11093;0;0;0.1;0.01;0;3.42684;1;0;-1
0;858;37.1868;-55.0836;32.843;9.55435;3653.36;5.74489;0;0;0.1;0.01;0;5.76256;0;0;-1
0;859;35.5745;-38.4149;30.8927;8.5;2572.44;5.11093;0;0;0.1;0.01;0;5.30941;1;0;-1
0;860;37.4985;-21.9799;32.1813;8.5;2572.44;5.11093;0;0;0.1;0.01;0;4.75544;1;0;-1
0;861;35.8986;-4.81247;33.2062;9.17157;3231.62;5.51473;0;0;0.1;0.01;0;5.72502;0;0;-1
0;862;38.7389;9.3545;32.4817;8.59517;2659.82;5.16815;0;0;0.1;0.01;0;4.9143;0;0;-1
0;863;38.1034;25.5639;32.9978;9.81869;3965.06;5.90384;0;0;0.1;0.01;0;5.59387;0;0;-1
0;864;38.3521;43.1677;33.0915;9.76301;3897.98;5.87036;0;0;0.1;0.01;0;6.02069;0;0;-1
0;865;35.3787;61.864;33.7051;9.76121;3895.83;5.86927;0;0;0.1;0.01;0;6.6257;0;0;-1
0;866;36.8583;77.25;32.1594;10.0224;4217;6.02632;0;0;0.1;0.01;0;5.23664;0;0;-1
0;867;52.8332;-64.6667;31.9406;9.06145;3116.6;5.44852;0;0;0.1;0.01;0;3.97335;0;0;-1
0;868;53.1667;-49.3373;32.1244;9.43641;3519.73;5.67398;0;0;0.1;0.01;0;5.65582;0;0;-1
0;869;52.0714;-33.3847;32.4041;9.52844;3623.71;5.72931;0;0;0.1;0.01;0;6.14135;0;0;-1
0;870;51.5459;-17.3183;31.5955;9.93219;4104.15;5.97208;0;0;0.1;0.01;0;6.32138;0;0;-1
0;871;53.2145;0.913868;33.872;10.0205;4214.6;6.02518;0;0;0.1;0.01;0;6.86739;0;0;-1
0;872;52.4636;17.8238;33.3876;8.9672;3020.36;5.39185;0;0;0.1;0.01;0;6.01539;0;0;-1
0;873;53.475;38.1496;32.2367;8.9671;3020.26;5.39179;0;0;0.1;0.01;0;6.0377;0;0;-1
0;874;53.2658;53.18;33.3242;9.60563;3712.5;5.77573;0;0;0.1;0.01;0;6.96936;0;0;-1
0;875;51.4254;68.3292;32.4162;9.14929;3208.12;5.50134;0;0;0.1;0.01;0;4.86896;0;0;-1
0;876;67.2578;-58.0726;32.4241;8.83388;2887.64;5.31168;0;0;0.1;0.01;0;3.29201;0;0;-1
0;877;67.6953;-38.6044;31.5495;9.31078;3381.01;5.59844;0;0;0.1;0.01;0;5.34517;0;0;-1
0;878;66.386;-21.8131;31.9682;9.12977;3187.63;5.4896;0;0;0.1;0.01;0;5.27102;0;0;-1
0;879;66.9429;-4.76814;32.6267;9.85842;4013.38;5.92772;0;0;0.1;0.01;0;5.72671;0;0;-1
0;880;67.2097;10.358;32.9734;8.94914;3002.15;5.38099;0;0;0.1;0.01;0;6.55177;0;0;-1
0;881;66.2109;28.0146;33.7834;8.61621;2679.4;5.1808;0;0;0.1;0.01;0;5.82189;0;0;-1
0;882;67.3165;45.6447;31.0863;9.11558;3172.79;5.48107;0;0;0.1;0.01;0;6.4673;0;0;-1
0;883;67.0151;59.5029;32.0755;9.87652;4035.53;5.93861;0;0;0.1;0.01;0;4.75529;0;0;-1
0;884;79.9426;-30.2562;33.8272;9.91075;4077.63;5.95919;0;0;0.1;0.01;0;4.3977;0;0;-1
0;885;80.1779;-15.9639;30.7261;8.8039;2858.34;5.29366;0;0;0.1;0.01;0;4.5046;0;0;-1
0;886;79.6591;3.68659;33.5483;10.0827;4293.58;6.06258;0;0;0.1;0.01;0;4.94935;0;0;-1
0;887;80.7121;19.6993;34.1952;8.73611;2792.82;5.2529;0;0;0.1;0.01;0;3.84948;0;0;-1
0;888;80.5423;33.6381;31.9238;8.98096;3034.29;5.40012;0;0;0.1;0.01;0;4.25773;0;0;-1
0;889;-86.3518;-6.44333;47.2362;9.7781;3916.08;5.87943;0;0;0.1;0.01;0;3.24533;0;0;-1
0;890;-85.661;9.85686;47.7993;10.4049;4718.48;6.25632;0;0;0.1;0.01;0;3.02316;0;0;-1
0;891;-69.0168;-49.9834;48.7962;10.4318;4755.17;6.27249;0;0;0.1;0.01;0;2.88064;0;0;-1
0;892;-69.3925;-33.7437;47.9899;8.5;2572.44;5.11093;0;0;0.1;0.01;0;4.09328;1;0;-1
0;893;-69.3648;-13.365;47.6968;9.91875;4087.52;5.964;0;0;0.1;0.01;0;5.72572;0;0;-1
0;894;-71.5162;0.840339;46.7852;8.91111;2964.04;5.35812;0;0;0.1;0.01;0;5.62214;0;0;-1
0;895;-68.57;18.0396;47.0546;8.75571;2811.66;5.26468;0;0;0.1;0.01;0;3.93336;0;0;-1
0;896;-70.5811;36.4588;49.3646;9.25688;3322.63;5.56603;0;0;0.1;0.01;0;1.72486;0;0;-1
0;897;-56.6365;-59.6062;46.1496;8.92538;2978.3;5.3667;0;0;0.1;0.01;0;4.10146;0;0;-1
0;898;-57.0616;-39.1317;47.6061;9.30218;3371.65;5.59327;0;0;0.1;0.01;0;5.77788;0;0;-1
0;899;-57.0474;-23.2655;47.2567;8.5;2572.44;5.11093;0;0;0.1;0.01;0;5.4521;1;0;-1
0;900;-56.8248;-6.91249;48.809;9.56046;3660.37;5.74857;0;0;0.1;0.01;0;5.90502;0;0;-1
0;901;-54.5956;12.7527;45.9841;8.6949;2753.48;5.22812;0;0;0.1;0.01;0;4.4196;0;0;-1
0;902;-57.7006;29.7436;45.9839;8.5;2572.44;5.11093;0;0;0.1;0.01;0;4.65819;1;0;-1
0;903;-56.3024;45.941;47.0351;8.5;2572.44;5.11093;0;0;0.1;0.01;0;4.45813;1;0;-1
0;904;-54.4425;61.3014;46.4178;8.73256;2789.42;5.25076;0;0;0.1;0.01;0;3.49837;0;0;-1
0;905;-40.6519;-64.3845;45.8766;8.77308;2828.43;5.27513;0;0;0.1;0.01;0;3.66428;0;0;-1
0;906;-40.4082;-50.5771;48.2057;9.14813;3206.9;5.50064;0;0;0.1;0.01;0;5.1588;0;0;-1
0;907;-43.1996;-30.0737;46.0953;10.1709;4407.24;6.11561;0;0;0.1;0.01;0;6.05207;0;0;-1
0;908;-41.505;-14.2979;49.0794;8.5;2572.44;5.11093;0;0;0.1;0.01;0;4.98755;1;0;-1
0;909;-41.6398;0.771481;49.2654;8.65928;2719.78;5.2067;0;0;0.1;0.01;0;4.60064;0;0;-1
0;910;-42.0963;16.7761;48.2678;10.2808;4551.66;6.1817;0;0;0.1;0.01;0;5.92291;0;0;-1
0;911;-42.3295;35.8775;45.2273;8.59133;2656.26;5.16584;0;0;0.1;0.01;0;4.94971;0;0;-1
0;912;-41.2199;53.2403;48.9027;10.1348;4360.48;6.09391;0;0;0.1;0.01;0;6.53485;0;0;-1
0;913;-42.484;69.7214;48.0998;9.85071;4003.97;5.92309;0;0;0.1;0.01;0;4.23738;0;0;-1
0;914;-27.8281;-76.7418;46.7369;9.0812;3137.03;5.46039;0;0;0.1;0.01;0;2.96224;0;0;-1
0;915;-26.1688;-55.5063;48.3141;8.59395;2658.69;5.16742;0;0;0.1;0.01;0;5.99578;0;0;-1
0;916;-27.6844;-41.4894;46.5279;9.63897;3751.29;5.79577;0;0;0.1;0.01;0;7.5764;0;0;-1
0;917;-28.0302;-24.2518;49.4385;8.5;2572.44;5.11093;0;0;0.1;0.01;0;4.80299;1;0;-1
0;918;-25.7034;-8.79304;47.3235;8.5;2572.44;5.11093;0;0;0.1;0.01;0;4.6373;1;0;-1
0;919;-26.6748;12.026;46.5427;9.92574;4096.16;5.9682;0;0;0.1;0.01;0;5.77826;0;0;-1
0;920;-26.9584;29.5836;48.5529;10.2075;4454.99;6.13762;0;0;0.1;0.01;0;7.06314;0;0;-1
0;921;-26.3518;45.1535;48.8369;9.22863;3292.31;5.54904;0;0;0.1;0.01;0;6.11889;0;0;-1
0;922;-25.891;60.8814;46.5205;10.3198;4603.65;6.20515;0;0;0.1;0.01;0;6.87288;0;0;-1
0;923;-25.5727;79.3373;48.5035;9.1597;3219.08;5.50759;0;0;0.1;0.01;0;3.17596;0;0;-1
0;924;-12.3612;-80.7882;46.0124;8.874;2927.16;5.33581;0;0;0.1;0.01;0;3.07102;0;0;-1
0;925;-11.8869;-64.6848;47.9612;8.62741;2689.86;5.18754;0;0;0.1;0.01;0;4.45735;0;0;-1
0;926;-13.491;-47.975;46.5699;10.3686;4669.27;6.23449;0;0;0.1;0.01;0;7.52044;0;0;-1
0;927;-12.6934;-33.5696;49.1092;10.005;4195.08;6.01586;0;0;0.1;0.01;0;5.88202;0;0;-1
0;928;-11.4139;-13.8829;48.6898;9.93402;4106.42;5.97318;0;0;0.1;0.01;0;6.7727;0;0;-1
0;929;-11.0364;0.268314;46.1057;9.49154;3581.78;5.70713;0;0;0.1;0.01;0;6.6507;0;0;-1
0;930;-13.1768;19.5086;47.8626;10.0132;4205.4;6.02079;0;0;0.1;0.01;0;6.25725;0;0;-1
0;931;-11.2536;37.0942;49.0541;8.84922;2902.71;5.32091;0;0;0.1;0.01;0;6.45038;0;0;-1
0;932;-12.2027;52.5434;48.7903;9.02879;3083.03;5.42888;0;0;0.1;0.01;0;7.20943;0;0;-1
0;933;-11.751;69.7921;48.0794;10.1432;4371.33;6.09896;0;0;0.1;0.01;0;5.86719;0;0;-1
0;934;-12.8169;86.6133;47.9941;8.5;2572.44;5.11093;0;0;0.1;0.01;0;1.66601;1;0;-1
0;935;2.05943;-73.1372;45.8834;8.5;2572.44;5.11093;0;0;0.1;0.01;0;4.91234;1;0;-1
0;936;1.61245;-59.4359;46.6203;8.99434;3047.87;5.40817;0;0;0.1;0.01;0;5.60971;0;0;-1
0;937;2.35412;-42.2781;46.9569;9.40872;3488.83;5.65733;0;0;0.1;0.01;0;5.65228;0;0;-1
0;938;1.44496;-22.4075;48.5083;9.3869;3464.62;5.64421;0;0;0.1;0.01;0;5.82161;0;0;-1
0;939;4.30858;-5.38845;49.0414;9.50215;3593.8;5.7135;0;0;0.1;0.01;0;6.81313;0;0;-1
0;940;3.22536;8.86653;49.2376;9.40384;3483.41;5.65439;0;0;0.1;0.01;0;5.80771;0;0;-1
0;941;1.82546;29.6383;47.3187;8.5;2572.44;5.11093;0;0;0.1;0.01;0;5.04924;1;0;-1
0;942;1.08814;45.5435;47.5975;8.53776;2606.88;5.13363;0;0;0.1;0.01;0;6.17166;0;0;-1
0;943;1.48875;60.6174;45.6719;9.03964;3094.15;5.4354;0;0;0.1;0.01;0;5.43592;0;0;-1
0;944;4.93385;79.7309;48.6603;10.1102;4328.8;6.07912;0;0;0.1;0.01;0;3.00474;0;0;-1
0;945;18.9255;-84.4738;48.8893;8.82496;2878.9;5.30632;0;0;0.1;0.01;0;1.95583;0;0;-1
0;946;18.2809;-65.9307;46.7147;9.13393;3191.99;5.4921;0;0;0.1;0.01;0;4.69381;0;0;-1
0;947;16.9265;-49.4161;46.2909;8.5;2572.44;5.11093;0;0;0.1;0.01;0;4.6151;1;0;-1
0;948;19.3942;-34.4038;45.9317;10.2763;4545.68;6.17899;0;0;0.1;0.01;0;6.56754;0;0;-1
0;949;16.1463;-14.861;48.4589;9.22523;3288.67;5.547;0;0;0.1;0.01;0;6.34224;0;0;-1
0;950;18.7773;1.8067;48.521;8.50641;2578.26;5.11478;0;0;0.1;0.01;0;5.65882;0;0;-1
0;951;17.3913;17.4897;46.7772;9.55479;3653.86;5.74516;0;0;0.1;0.01;0;5.23553;0;0;-1
0;952;16.0244;36.3981;49.0153;8.5;2572.44;5.11093;0;0;0.1;0.01;0;4.954;1;0;-1
0;953;19.244;50.846;45.5634;9.03341;3087.76;5.43166;0;0;0.1;0.01;0;5.11302;0;0;-1
0;954;17.4154;71.0948;46.7951;9.52319;3617.73;5.72616;0;0;0.1;0.01;0;4.54344;0;0;-1
0;955;33.2093;-74.2766;48.7896;8.9766;3029.87;5.3975;0;0;0.1;0.01;0;3.24286;0;0;-1
0;956;33.111;-57.1329;47.8264;9.60965;3717.16;5.77814;0;0;0.1;0.01;0;6.04754;0;0;-1
0;957;33.4744;-39.2124;45.8233;9.85133;4004.73;5.92346;0;0;0.1;0.01;0;6.54265;0;0;-1
0;958;30.7957;-22.5144;46.1769;9.98303;4167.5;6.00265;0;0;0.1;0.01;0;6.38976;0;0;-1
0;959;31.9808;-5.04078;47.7761;9.48791;3577.67;5.70494;0;0;0.1;0.01;0;5.83435;0;0;-1
0;960;33.2561;12.0612;47.6414;9.44032;3524.1;5.67633;0;0;0.1;0.01;0;5.4772;0;0;-1
0;961;30.6855;25.7856;46.9782;9.75134;3884.02;5.86334;0;0;0.1;0.01;0;6.52763;0;0;-1
0;962;32.7069;43.2107;48.5121;8.95476;3007.81;5.38437;0;0;0.1;0.01;0;6.11771;0;0;-1
0;963;31.8874;59.3292;48.6142;9.99243;4179.28;6.0083;0;0;0.1;0.01;0;6.93232;0;0;-1
0;964;30.932;76.2507;47.6948;9.44588;3530.33;5.67967;0;0;0.1;0.01;0;4.12707;0;0;-1
0;965;45.9687;-63.7056;46.5674;8.50235;2574.57;5.11234;0;0;0.1;0.01;0;3.30931;0;0;-1
0;966;46.1744;-47.4756;47.5699;10.2055;4452.37;6.13642;0;0;0.1;0.01;0;6.42874;0;0;-1
0;967;47.6505;-31.4643;46.2902;8.5;2572.44;5.11093;0;0;0.1;0.01;0;5.04219;1;0;-1
0;968;45.2287;-13.9426;49.0307;9.26855;3335.22;5.57304;0;0;0.1;0.01;0;5.88781;0;0;-1
0;969;45.8976;-0.223292;45.3736;8.5;2572.44;5.11093;0;0;0.1;0.01;0;5.34569;1;0;-1
0;970;47.7158;20.7846;46.8801;10.0206;4214.73;6.02524;0;0;0.1;0.01;0;7.16644;0;0;-1
0;971;45.3018;36.615;48.5843;9.44979;3534.72;5.68202;0;0;0.1;0.01;0;6.80079;0;0;-1
0;972;46.4699;54.7686;49.1051;9.69619;3818.49;5.83018;0;0;0.1;0.01;0;5.88097;0;0;-1
0;973;45.6624;72.0086;48.4265;9.86394;4020.13;5.93104;0;0;0.1;0.01;0;3.34144;0;0;-1
0;974;63.7032;-58.769;46.4811;8.74716;2803.43;5.25954;0;0;0.1;0.01;0;2.3832;0;0;-1
0;975;62.0129;-42.377;47.6495;9.36522;3440.67;5.63117;0;0;0.1;0.01;0;5.04771;0;0;-1
0;976;59.8958;-24.0686;48.52;8.5;2572.44;5.11093;0;0;0.1;0.01;0;4.85869;1;0;-1
0;977;63.6096;-8.69823;46.8159;10.1425;4370.42;6.09854;0;0;0.1;0.01;0;6.67308;0;0;-1
0;978;60.6641;8.13475;47.1482;9.86993;4027.46;5.93465;0;0;0.1;0.01;0;6.3826;0;0;-1
0;979;61.5225;26.8091;46.1123;9.90075;4065.3;5.95318;0;0;0.1;0.01;0;6.42673;0;0;-1
0;980;60.1701;43.6483;46.0406;10.1384;4365.13;6.09607;0;0;0.1;0.01;0;6.24454;0;0;-1
0;981;61.1694;61.0014;46.9962;9.12844;3186.24;5.4888;0;0;0.1;0.01;0;3.75906;0;0;-1
0;982;77.297;-30.3723;48.647;8.61289;2676.3;5.17881;0;0;0.1;0.01;0;2.62186;0;0;-1
0;983;77.1307;-17.0994;47.7325;8.5;2572.44;5.11093;0;0;0.1;0.01;0;3.16095;1;0;-1
0;984;75.5668;1.83024;46.5468;9.84126;3992.46;5.91741;0;0;0.1;0.01;0;5.04767;0;0;-1
0;985;78.692;17.3392;48.8018;10.0526;4255.24;6.04448;0;0;0.1;0.01;0;4.18437;0;0;-1
0;986;75.2831;34.6964;45.9221;10.2898;4563.62;6.18711;0;0;0.1;0.01;0;4.40683;0;0;-1
0;987;-65.6117;-30.2893;62.2634;8.57744;2643.39;5.15749;0;0;0.1;0.01;0;3.43846;0;0;-1
0;988;-66.5762;-15.4222;63.5484;8.87947;2932.58;5.3391;0;0;0.1;0.01;0;3.54099;0;0;-1
0;989;-66.6926;0.546893;61.3322;8.52153;2592.04;5.12387;0;0;0.1;0.01;0;3.48092;0;0;-1
0;990;-66.1529;19.5154;63.9382;9.60852;3715.85;5.77746;0;0;0.1;0.01;0;3.35424;0;0;-1
0;991;-51.8206;-58.4799;60.4517;9.06277;3117.97;5.44931;0;0;0.1;0.01;0;2.13768;0;0;-1
0;992;-51.4185;-38.7566;63.6254;10.4312;4754.35;6.27213;0;0;0.1;0.01;0;5.19937;0;0;-1
0;993;-50.7453;-24.5024;63.3031;8.99047;3043.94;5.40584;0;0;0.1;0.01;0;6.41253;0;0;-1
0;994;-52.7048;-8.78894;61.3368;8.75928;2815.1;5.26683;0;0;0.1;0.01;0;4.57368;0;0;-1
0;995;-53.4864;10.3264;61.6438;10.3467;4639.75;6.22132;0;0;0.1;0.01;0;5.6023;0;0;-1
0;996;-53.0261;27.1269;62.1099;8.5119;2583.26;5.11808;0;0;0.1;0.01;0;4.04025;0;0;-1
0;997;-51.7527;46.5248;61.8024;9.49673;3587.66;5.71025;0;0;0.1;0.01;0;3.02914;0;0;-1
0;998;-36.373;-47.5565;60.5149;9.31429;3384.84;5.60055;0;0;0.1;0.01;0;6.18457;0;0;-1
0;999;-36.9153;-33.1698;64.1643;8.56914;2635.73;5.1525;0;0;0.1;0.01;0;5.8912;0;0;-1
0;1000;-35.4717;-15.6539;62.6759;9.77893;3917.08;5.87993;0;0;0.1;0.01;0;6.61961;0;0;-1
0;1001;-36.1665;1.45611;63.961;8.73934;2795.92;5.25484;0;0;0.1;0.01;0;4.87652;0;0;-1
0;1002;-35.066;19.5896;62.2181;8.80965;2863.94;5.29711;0;0;0.1;0.01;0;5.88756;0;0;-1
0;1003;-35.2282;37.091;60.6597;9.96828;4149.06;5.99378;0;0;0.1;0.01;0;6.29266;0;0;-1
0;1004;-38.3051;52.2583;63.8406;9.47991;3568.63;5.70013;0;0;0.1;0.01;0;3.94508;0;0;-1
0;1005;-38.3171;67.9584;60.6996;9.61487;3723.22;5.78128;0;0;0.1;0.01;0;3.18399;0;0;-1
0;1006;-21.3185;-73.2317;63.7646;8.5;2572.44;5.11093;0;0;0.1;0.01;0;1.71322;1;0;-1
0;1007;-23.2933;-57.0285;62.2413;10.4;4711.82;6.25337;0;0;0.1;0.01;0;6.18622;0;0;-1
0;1008;-22.2413;-40.863;61.3911;10.2717;4539.58;6.17622;0;0;0.1;0.01;0;8.02838;0;0;-1
0;1009;-21.3025;-22.7347;63.6612;8.53442;2603.82;5.13162;0;0;0.1;0.01;0;6.24264;0;0;-1
0;1010;-21.9763;-5.5666;62.1266;10.3597;4657.26;6.22914;0;0;0.1;0.01;0;6.43765;0;0;-1
0;1011;-22.1181;10.5223;60.8545;8.5;2572.44;5.11093;0;0;0.1;0.01;0;3.63346;1;0;-1
0;1012;-23.7875;26.8112;63.5285;9.01866;3072.66;5.42279;0;0;0.1;0.01;0;4.6936;0;0;-1
0;1013;-22.4078;44.4756;62.8114;9.87176;4029.7;5.93575;0;0;0.1;0.01;0;6.77266;0;0;-1
0;1014;-21.8312;59.7024;60.1743;8.81698;2871.1;5.30152;0;0;0.1;0.01;0;5.43849;0;0;-1
0;1015;-7.87291;-67.6917;60.3471;8.52518;2595.37;5.12607;0;0;0.1;0.01;0;3.88992;0;0;-1
0;1016;-7.87142;-47.7035;63.1311;10.2311;4485.96;6.15181;0;0;0.1;0.01;0;6.71418;0;0;-1
0;1017;-5.56315;-29.8838;63.3926;9.05885;3113.92;5.44696;0;0;0.1;0.01;0;6.57505;0;0;-1
0;1018;-6.85008;-15.3329;60.965;8.54701;2615.36;5.13919;0;0;0.1;0.01;0;6.62577;0;0;-1
0;1019;-8.78406;0.618428;60.7707;8.5;2572.44;5.11093;0;0;0.1;0.01;0;4.71277;1;0;-1
0;1020;-6.95492;20.8335;60.3921;8.92528;2978.2;5.36664;0;0;0.1;0.01;0;4.61495;0;0;-1
0;1021;-8.83403;36.0101;63.5776;9.68264;3802.51;5.82203;0;0;0.1;0.01;0;7.04705;0;0;-1
0;1022;-6.47499;52.1417;61.0307;9.64341;3756.48;5.79844;0;0;0.1;0.01;0;7.58135;0;0;-1
0;1023;-7.43204;67.6693;60.8745;10.3052;4584.14;6.19637;0;0;0.1;0.01;0;4.93667;0;0;-1
0;1024;5.31625;-73.7723;61.9503;8.5;2572.44;5.11093;0;0;0.1;0.01;0;2.23738;1;0;-1
0;1025;6.87265;-57.407;62.3012;10.176;4413.87;6.11868;0;0;0.1;0.01;0;5.81753;0;0;-1
0;1026;7.74282;-39.3566;61.0377;8.5;2572.44;5.11093;0;0;0.1;0.01;0;4.55339;1;0;-1
0;1027;6.38278;-22.6898;62.3436;9.92312;4092.92;5.96663;0;0;0.1;0.01;0;6.71189;0;0;-1
0;1028;9.17269;-6.37392;62.4718;10.2402;4497.94;6.15728;0;0;0.1;0.01;0;6.85746;0;0;-1
0;1029;8.78183;12.1989;62.2427;8.66534;2725.5;5.21034;0;0;0.1;0.01;0;4.78995;0;0;-1
0;1030;7.9206;26.3249;63.4113;8.5;2572.44;5.11093;0;0;0.1;0.01;0;5.49461;1;0;-1
0;1031;7.42583;42.0732;60.0828;10.2988;4575.6;6.19252;0;0;0.1;0.01;0;6.63333;0;0;-1
0;1032;6.64045;63.085;63.2878;9.3194;3390.41;5.60362;0;0;0.1;0.01;0;4.62321;0;0;-1
0;1033;21.3022;-63.8681;60.9563;8.5;2572.44;5.11093;0;0;0.1;0.01;0;3.70056;1;0;-1
0;1034;23.2526;-50.2968;61.9456;8.5;2572.44;5.11093;0;0;0.1;0.01;0;4.43455;1;0;-1
0;1035;20.9382;-32.359;61.0264;8.5;2572.44;5.11093;0;0;0.1;0.01;0;3.83484;1;0;-1
0;1036;24.2176;-12.67;60.3617;8.5;2572.44;5.11093;0;0;0.1;0.01;0;5.40729;1;0;-1
0;1037;20.6084;2.95414;61.7787;8.5;2572.44;5.11093;0;0;0.1;0.01;0;5.06435;1;0;-1
0;1038;23.0827;19.7979;63.7353;10.3275;4613.96;6.20978;0;0;0.1;0.01;0;7.34284;0;0;-1
0;1039;21.9248;37.8428;63.1458;8.70203;2760.26;5.2324;0;0;0.1;0.01;0;5.6874;0;0;-1
0;1040;21.5779;53.1584;60.423;8.5;2572.44;5.11093;0;0;0.1;0.01;0;5.29637;1;0;-1
0;1041;22.1346;69.1061;61.3903;9.0674;3122.75;5.4521;0;0;0.1;0.01;0;3.39148;0;0;-1
0;1042;34.6669;-59.7318;63.5396;8.5;2572.44;5.11093;0;0;0.1;0.01;0;2.17209;1;0;-1
0;1043;36.1537;-39.3417;62.5739;9.23923;3303.66;5.55541;0;0;0.1;0.01;0;4.51149;0;0;-1
0;1044;38.1832;-22.8145;61.8958;8.81792;2872.02;5.30209;0;0;0.1;0.01;0;4.8948;0;0;-1
0;1045;35.794;-5.05753;62.6091;8.95321;3006.25;5.38344;0;0;0.1;0.01;0;4.80227;0;0;-1
0;1046;38.2674;12.2889;61.3786;9.45337;3538.74;5.68417;0;0;0.1;0.01;0;5.64815;0;0;-1
0;1047;37.9545;26.2104;60.254;8.5;2572.44;5.11093;0;0;0.1;0.01;0;6.73209;1;0;-1
0;1048;35.5193;43.359;63.519;9.23679;3301.05;5.55395;0;0;0.1;0.01;0;5.62799;0;0;-1
0;1049;38.6611;60.4732;63.3778;9.72555;3853.28;5.84783;0;0;0.1;0.01;0;3.94885;0;0;-1
0;1050;53.458;-48.7339;61.7457;9.52246;3616.9;5.72572;0;0;0.1;0.01;0;3.22334;0;0;-1
0;1051;50.3679;-33.3921;60.8864;8.5;2572.44;5.11093;0;0;0.1;0.01;0;4.874;1;0;-1
0;1052;51.0253;-15.2819;62.1422;9.58171;3684.83;5.76134;0;0;0.1;0.01;0;5.69755;0;0;-1
0;1053;50.0335;0.795293;62.6988;8.5;2572.44;5.11093;0;0;0.1;0.01;0;4.12797;1;0;-1
0;1054;50.5482;20.6975;60.9321;8.5;2572.44;5.11093;0;0;0.1;0.01;0;5.72278;1;0;-1
0;1055;50.8721;34.8055;61.8156;9.8158;3961.56;5.9021;0;0;0.1;0.01;0;6.01724;0;0;-1
0;1056;53.6949;53.0099;62.7364;10.1404;4367.71;6.09728;0;0;0.1;0.01;0;3.14145;0;0;-1
0;1057;67.0783;-40.8585;60.8954;10.4293;4751.76;6.27099;0;0;0.1;0.01;0;2.85219;0;0;-1
0;1058;64.4536;-21.5175;62.1466;8.5;2572.44;5.11093;0;0;0.1;0.01;0;2.95672;1;0;-1
0;1059;64.4408;-5.43852;61.872;8.5;2572.44;5.11093;0;0;0.1;0.01;0;4.07949;1;0;-1
0;1060;66.7706;9.19818;60.657;9.7064;3830.57;5.83632;0;0;0.1;0.01;0;3.28601;0;0;-1
0;1061;65.173;25.0303;60.1651;8.80062;2855.15;5.29169;0;0;0.1;0.01;0;2.81876;0;0;-1
0;1062;-54.4252;-23.7672;75.9814;9.34551;3418.99;5.61932;0;0;0.1;0.01;0;3.60414;0;0;-1
0;1063;-56.5092;-4.70337;78.7056;8.5;2572.44;5.11093;0;0;0.1;0.01;0;1.663;1;0;-1
0;1064;-54.9439;10.678;76.2452;9.32397;3395.4;5.60637;0;0;0.1;0.01;0;3.90454;0;0;-1
0;1065;-56.4424;29.7242;75.0201;10.447;4775.99;6.28163;0;0;0.1;0.01;0;3.23352;0;0;-1
0;1066;-40.0285;-48.9608;77.0262;8.5;2572.44;5.11093;0;0;0.1;0.01;0;2.24565;1;0;-1
0;1067;-42.2497;-30.7981;77.7923;8.79456;2849.25;5.28804;0;0;0.1;0.01;0;4.74928;0;0;-1
0;1068;-40.3994;-15.9273;75.0966;9.98709;4172.59;6.00509;0;0;0.1;0.01;0;6.54609;0;0;-1
0;1069;-40.4554;2.86762;77.9451;9.51488;3608.27;5.72116;0;0;0.1;0.01;0;5.73114;0;0;-1
0;1070;-41.6309;17.7762;74.6464;8.54694;2615.29;5.13915;0;0;0.1;0.01;0;5.54933;0;0;-1
0;1071;-39.3223;33.6829;76.4752;9.87209;4030.1;5.93594;0;0;0.1;0.01;0;4.14357;0;0;-1
0;1072;-24.3908;-55.1608;76.9387;9.73996;3870.44;5.8565;0;0;0.1;0.01;0;3.46798;0;0;-1
0;1073;-26.271;-40.8474;74.9493;9.02504;3079.19;5.42663;0;0;0.1;0.01;0;5.50516;0;0;-1
0;1074;-27.4698;-23.1546;76.5338;10.0637;4269.35;6.05116;0;0;0.1;0.01;0;7.01388;0;0;-1
0;1075;-27.2502;-4.51761;77.8988;9.34698;3420.6;5.6202;0;0;0.1;0.01;0;6.55002;0;0;-1
0;1076;-24.9827;12.2895;77.0408;9.04555;3100.23;5.43896;0;0;0.1;0.01;0;5.77575;0;0;-1
0;1077;-25.787;26.5313;77.3054;9.31413;3384.66;5.60045;0;0;0.1;0.01;0;5.89806;0;0;-1
0;1078;-25.34;43.7247;77.7621;9.28589;3353.97;5.58347;0;0;0.1;0.01;0;3.80765;0;0;-1
0;1079;-10.0666;-47.8158;76.4024;8.80812;2862.45;5.29619;0;0;0.1;0.01;0;4.92253;0;0;-1
0;1080;-12.4512;-31.1425;76.4173;10.2266;4480.05;6.14911;0;0;0.1;0.01;0;7.47856;0;0;-1
0;1081;-12.8051;-16.1721;74.6158;9.40462;3484.27;5.65486;0;0;0.1;0.01;0;7.35089;0;0;-1
0;1082;-13.5664;0.328629;78.4978;10.2202;4471.64;6.14526;0;0;0.1;0.01;0;6.59512;0;0;-1
0;1083;-11.4802;20.5729;78.3221;8.95194;3004.97;5.38267;0;0;0.1;0.01;0;5.81108;0;0;-1
0;1084;-10.8843;36.5081;76.7809;10.0821;4292.81;6.06222;0;0;0.1;0.01;0;7.27585;0;0;-1
0;1085;-11.9898;51.5997;76.3124;9.93362;4105.93;5.97294;0;0;0.1;0.01;0;4.78268;0;0;-1
0;1086;3.54348;-58.8472;76.605;10.3992;4710.73;6.25289;0;0;0.1;0.01;0;3.37119;0;0;-1
0;1087;1.37917;-42.2302;78.4834;8.5;2572.44;5.11093;0;0;0.1;0.01;0;4.97713;1;0;-1
0;1088;4.76935;-23.2457;76.3322;10.0445;4244.96;6.03961;0;0;0.1;0.01;0;6.80755;0;0;-1
0;1089;1.30057;-7.5959;78.245;9.92445;4094.57;5.96743;0;0;0.1;0.01;0;6.26897;0;0;-1
0;1090;3.27386;11.4207;77.6329;8.90179;2954.75;5.35252;0;0;0.1;0.01;0;4.54086;0;0;-1
0;1091;1.50253;27.3595;77.7779;9.65841;3774.03;5.80746;0;0;0.1;0.01;0;7.23941;0;0;-1
0;1092;2.54214;42.4949;76.4703;10.3015;4579.2;6.19414;0;0;0.1;0.01;0;6.33558;0;0;-1
0;1093;4.04516;61.3715;76.5666;9.70352;3827.16;5.83459;0;0;0.1;0.01;0;3.29189;0;0;-1
0;1094;16.4729;-49.598;74.9948;8.82222;2876.22;5.30467;0;0;0.1;0.01;0;3.51447;0;0;-1
0;1095;17.4648;-30.7388;77.8416;9.94785;4123.6;5.9815;0;0;0.1;0.01;0;6.04415;0;0;-1
0;1096;18.4979;-13.123;74.6048;9.11763;3174.93;5.4823;0;0;0.1;0.01;0;6.14155;0;0;-1
0;1097;16.7207;3.3399;76.3051;8.78297;2838;5.28107;0;0;0.1;0.01;0;5.2525;0;0;-1
0;1098;18.4098;20.1276;76.7538;8.5;2572.44;5.11093;0;0;0.1;0.01;0;5.81379;1;0;-1
0;1099;18.6046;33.9771;76.0096;10.0972;4312.13;6.0713;0;0;0.1;0.01;0;7.30888;0;0;-1
0;1100;18.5656;54.4263;76.1407;9.59276;3697.6;5.76799;0;0;0.1;0.01;0;3.60195;0;0;-1
0;1101;32.55;-40.2021;76.427;10.1849;4425.47;6.12403;0;0;0.1;0.01;0;3.81249;0;0;-1
0;1102;31.2462;-22.9452;78.5513;10.1291;4353.13;6.09048;0;0;0.1;0.01;0;5.58307;0;0;-1
0;1103;31.1812;-5.98683;77.3478;8.5572;2624.72;5.14532;0;0;0.1;0.01;0;5.20037;0;0;-1
0;1104;32.3742;11.744;76.1718;9.07028;3125.72;5.45383;0;0;0.1;0.01;0;4.46381;0;0;-1
0;1105;34.5142;28.4083;76.6505;10.3011;4578.67;6.1939;0;0;0.1;0.01;0;5.87636;0;0;-1
0;1106;30.9549;46.4958;78.1634;10.3268;4613.03;6.20935;0;0;0.1;0.01;0;4.1677;0;0;-1
0;1107;49.0838;-30.3962;78.6627;9.26179;3327.92;5.56898;0;0;0.1;0.01;0;1.69133;0;0;-1
0;1108;45.4478;-13.8824;75.3066;8.5304;2600.14;5.12921;0;0;0.1;0.01;0;4.76193;0;0;-1
0;1109;47.4421;0.401591;77.9815;8.55106;2619.08;5.14163;0;0;0.1;0.01;0;3.45421;0;0;-1
0;1110;48.3205;20.0348;74.92;9.58572;3689.46;5.76375;0;0;0.1;0.01;0;3.8703;0;0;-1
0;1111;49.0121;36.2365;77.4571;8.5;2572.44;5.11093;0;0;0.1;0.01;0;2.34201;1;0;-1
0;1112;60.44;-6.10577;78.4459;8.5;2572.44;5.11093;0;0;0.1;0.01;0;1.59454;1;0;-1
0;1113;-36.272;-15.7298;89.6407;9.8315;3980.59;5.91154;0;0;0.1;0.01;0;4.24598;0;0;-1
0;1114;-36.411;1.56681;91.2398;8.5;2572.44;5.11093;0;0;0.1;0.01;0;3.92245;1;0;-1
0;1115;-38.4466;16.953;89.8858;10.0141;4206.53;6.02133;0;0;0.1;0.01;0;3.77051;0;0;-1
0;1116;-21.1028;-24.4726;90.0471;10.4526;4783.67;6.285;0;0;0.1;0.01;0;4.94909;0;0;-1
0;1117;-23.4144;-6.36262;93.0739;10.0382;4236.98;6.03582;0;0;0.1;0.01;0;4.54051;0;0;-1
0;1118;-22.7364;11.6919;89.7643;8.5;2572.44;5.11093;0;0;0.1;0.01;0;4.56585;1;0;-1
0;1119;-21.6269;27.635;93.3763;10.1704;4406.59;6.11531;0;0;0.1;0.01;0;3.63703;0;0;-1
0;1120;-7.47588;-31.4727;90.7904;9.99572;4183.41;6.01028;0;0;0.1;0.01;0;4.74605;0;0;-1
0;1121;-8.53331;-14.0082;89.4445;9.49792;3589.01;5.71096;0;0;0.1;0.01;0;6.43327;0;0;-1
0;1122;-6.515;1.18211;92.6596;9.92513;4095.41;5.96784;0;0;0.1;0.01;0;5.31242;0;0;-1
0;1123;-5.80696;19.1308;93.3158;10.3778;4681.71;6.24002;0;0;0.1;0.01;0;5.37811;0;0;-1
0;1124;-7.61188;35.0392;92.3627;8.5;2572.44;5.11093;0;0;0.1;0.01;0;3.70913;1;0;-1
0;1125;5.42289;-38.5719;92.1456;8.64182;2703.36;5.1962;0;0;0.1;0.01;0;2.77253;0;0;-1
0;1126;6.63352;-23.3663;92.1215;9.97299;4154.94;5.99661;0;0;0.1;0.01;0;4.85889;0;0;-1
0;1127;7.32682;-5.04205;91.6075;9.76217;3896.98;5.86985;0;0;0.1;0.01;0;4.37016;0;0;-1
0;1128;6.66702;10.8036;91.2122;9.29955;3368.79;5.59168;0;0;0.1;0.01;0;4.12282;0;0;-1
0;1129;6.09913;28.7507;90.0529;9.47028;3557.76;5.69434;0;0;0.1;0.01;0;5.33563;0;0;-1
0;1130;23.7556;-31.9728;89.8612;8.5;2572.44;5.11093;0;0;0.1;0.01;0;2.94797;1;0;-1
0;1131;20.7073;-13.4772;89.3532;8.96289;3016.01;5.38926;0;0;0.1;0.01;0;4.82376;0;0;-1
0;1132;22.7936;0.118038;90.165;8.56343;2630.46;5.14907;0;0;0.1;0.01;0;3.46783;0;0;-1
0;1133;20.0087;20.8218;90.9561;8.88242;2935.5;5.34087;0;0;0.1;0.01;0;3.25411;0;0;-1
0;1134;20.8915;36.7177;90.3383;8.61361;2676.97;5.17924;0;0;0.1;0.01;0;2.72105;0;0;-1
0;1135;37.3241;-7.80759;89.7334;9.767;3902.76;5.87276;0;0;0.1;0.01;0;3.63672;0;0;-1
0;1136;35.4303;9.72704;91.1676;8.5238;2594.11;5.12524;0;0;0.1;0.01;0;1.96179;0;0;-1
