Time;ID;x;y;z;radius;volume_total;radius_nuclear;contact_ECM;freezer;polarized_fraction;motility;cell_line;Cell_cell;phase;Cycle;NFkB
0;0;-51.3181;-4.6124;-83.421;8.5;2572.44;5.11093;0;0;0.1;0.01;0;2.64664;1;0;-1
0;1;-37.4356;-33.3465;-84.6882;9.8791;4038.69;5.94016;0;0;0.1;0.01;0;2.67453;0;0;-1
0;2;-37.6585;-13.828;-86.4844;8.5;2572.44;5.11093;0;0;0.1;0.01;0;2.65075;1;0;-1
0;3;-38.5101;0.470092;-85.5924;8.93259;2985.53;5.37104;0;0;0.1;0.01;0;2.49528;0;0;-1
0;4;-35.4904;20.606;-84.3376;10.0373;4235.84;6.03528;0;0;0.1;0.01;0;3.05381;0;0;-1
0;5;-21.7991;-40.6262;-87.2615;9.31441;3384.97;5.60062;0;0;0.1;0.01;0;2.80839;0;0;-1
0;6;-20.5463;-22.4016;-85.9328;8.72424;2781.45;5.24576;0;0;0.1;0.01;0;4.23874;0;0;-1
0;7;-21.0276;-8.4172;-84.5145;8.68751;2746.47;5.22367;0;0;0.1;0.01;0;4.10614;0;0;-1
0;8;-20.3048;10.7159;-85.9692;8.9461;2999.09;5.37916;0;0;0.1;0.01;0;3.39532;0;0;-1
0;9;-22.2957;28.7571;-84.0069;9.1147;3171.87;5.48054;0;0;0.1;0.01;0;3.81358;0;0;-1
0;10;-8.84318;-49.3371;-83.4164;10.3831;4688.89;6.24321;0;0;0.1;0.01;0;3.60897;0;0;-1
0;11;-7.09896;-30.7526;-87.1629;9.25676;3322.5;5.56596;0;0;0.1;0.01;0;4.75262;0;0;-1
0;12;-6.80425;-16.6177;-86.2537;8.92614;2979.06;5.36716;0;0;0.1;0.01;0;5.07665;0;0;-1
0;13;-6.59225;0.142972;-85.5153;10.1914;4433.94;6.12794;0;0;0.1;0.01;0;5.02156;0;0;-1
0;14;-7.56493;20.0327;-83.7591;10.1998;4444.92;6.13299;0;0;0.1;0.01;0;5.00808;0;0;-1
0;15;-7.67661;38.2948;-83.935;9.71243;3837.71;5.83994;0;0;0.1;0.01;0;3.32067;0;0;-1
0;16;7.44799;-40.869;-85.9532;10.0896;4302.4;6.06673;0;0;0.1;0.01;0;4.84765;0;0;-1
0;17;6.40372;-24.2337;-83.4866;10.0954;4309.82;6.07022;0;0;0.1;0.01;0;6.03729;0;0;-1
0;18;8.7289;-6.02057;-85.8358;8.76963;2825.09;5.27305;0;0;0.1;0.01;0;3.89405;0;0;-1
0;19;6.47867;10.9337;-86.7595;8.73724;2793.9;5.25358;0;0;0.1;0.01;0;2.66802;0;0;-1
0;20;7.75457;27.7534;-87.3873;8.84193;2895.54;5.31652;0;0;0.1;0.01;0;3.18515;0;0;-1
0;21;8.87875;45.3796;-83.5785;10.2972;4573.47;6.19156;0;0;0.1;0.01;0;3.80193;0;0;-1
0;22;20.2429;-49.1549;-84.4967;9.44966;3534.57;5.68194;0;0;0.1;0.01;0;3.23406;0;0;-1
0;23;23.3372;-34.0357;-86.6647;10.0918;4305.21;6.06805;0;0;0.1;0.01;0;5.12333;0;0;-1
0;24;20.611;-15.7272;-84.9691;8.5;2572.44;5.11093;0;0;0.1;0.01;0;3.28123;1;0;-1
0;25;22.4778;3.45435;-86.8643;8.58914;2654.22;5.16453;0;0;0.1;0.01;0;3.59127;0;0;-1
0;26;23.6335;20.3889;-84.4838;8.88816;2941.2;5.34432;0;0;0.1;0.01;0;4.47822;0;0;-1
0;27;23.5478;37.7418;-84.8644;9.8457;3997.87;5.92008;0;0;0.1;0.01;0;3.69334;0;0;-1
0;28;36.3546;-40.1925;-83.6478;9.99562;4183.29;6.01022;0;0;0.1;0.01;0;3.76896;0;0;-1
0;29;35.4694;-25.544;-86.1284;8.5;2572.44;5.11093;0;0;0.1;0.01;0;3.0148;1;0;-1
0;30;37.2073;-5.59665;-85.302;10.2046;4451.19;6.13588;0;0;0.1;0.01;0;2.52891;0;0;-1
0;31;36.5614;10.8595;-83.9717;10.2277;4481.49;6.14977;0;0;0.1;0.01;0;3.93954;0;0;-1
0;32;37.5882;26.9771;-83.9278;10.0868;4298.82;6.06505;0;0;0.1;0.01;0;4.35904;0;0;-1
0;33;-70.5272;-14.7663;-69.3756;9.3986;3477.59;5.65124;0;0;0.1;0.01;0;2.2807;0;0;-1
0;34;-57.8089;-39.4454;-71.3419;9.97762;4160.73;5.9994;0;0;0.1;0.01;0;3.10617;0;0;-1
0;35;-56.6661;-25.1874;-72.4892;9.30194;3371.39;5.59312;0;0;0.1;0.01;0;3.99751;0;0;-1
0;36;-54.7623;-8.90206;-70.8556;8.5;2572.44;5.11093;0;0;0.1;0.01;0;4.50447;1;0;-1
0;37;-56.2934;9.85462;-69.791;10.3383;4628.45;6.21627;0;0;0.1;0.01;0;3.50854;0;0;-1
0;38;-57.7872;28.4746;-71.5038;8.5;2572.44;5.11093;0;0;0.1;0.01;0;2.15733;1;0;-1
0;39;-54.6534;46.9013;-68.5788;9.52835;3623.61;5.72926;0;0;0.1;0.01;0;3.24156;0;0;-1
0;40;-41.5497;-51.314;-72.6793;9.08313;3139.03;5.46155;0;0;0.1;0.01;0;2.11114;0;0;-1
0;41;-41.3965;-30.453;-70.9849;9.44447;3528.75;5.67882;0;0;0.1;0.01;0;5.73679;0;0;-1
0;42;-42.2316;-16.6239;-69.6737;10.4347;4759.14;6.27423;0;0;0.1;0.01;0;6.8561;0;0;-1
0;43;-39.4148;1.7354;-69.0996;8.5;2572.44;5.11093;0;0;0.1;0.01;0;4.22158;1;0;-1
0;44;-42.3748;16.7532;-69.061;8.5;2572.44;5.11093;0;0;0.1;0.01;0;4.68414;1;0;-1
0;45;-42.422;34.2512;-69.8636;9.48534;3574.76;5.7034;0;0;0.1;0.01;0;5.2137;0;0;-1
0;46;-41.2126;53.4631;-69.4168;8.5;2572.44;5.11093;0;0;0.1;0.01;0;3.80417;1;0;-1
0;47;-26.5811;-57.1961;-70.3598;8.69547;2754.02;5.22846;0;0;0.1;0.01;0;4.02464;0;0;-1
0;48;-28.5584;-42.5902;-68.4927;10.4235;4743.83;6.2675;0;0;0.1;0.01;0;6.38703;0;0;-1
0;49;-26.2517;-24.7397;-70.683;8.78999;2844.81;5.28529;0;0;0.1;0.01;0;5.81278;0;0;-1
0;50;-24.7259;-8.81319;-71.8592;8.5;2572.44;5.11093;0;0;0.1;0.01;0;4.47419;1;0;-1
0;51;-26.8803;11.1047;-69.6469;9.33999;3412.93;5.616;0;0;0.1;0.01;0;5.35143;0;0;-1
0;52;-26.0044;26.9268;-69.2411;10.0291;4225.46;6.03035;0;0;0.1;0.01;0;6.5694;0;0;-1
0;53;-27.6152;43.7358;-70.6719;9.33376;3406.11;5.61225;0;0;0.1;0.01;0;4.60129;0;0;-1
0;54;-27.161;62.193;-69.8065;9.79464;3935.99;5.88937;0;0;0.1;0.01;0;3.73931;0;0;-1
0;55;-13.568;-63.8514;-69.0149;9.87774;4037.02;5.93934;0;0;0.1;0.01;0;4.04116;0;0;-1
0;56;-13.8201;-48.1383;-68.3353;8.5;2572.44;5.11093;0;0;0.1;0.01;0;5.72208;1;0;-1
0;57;-11.3436;-31.187;-72.6126;8.91585;2968.77;5.36097;0;0;0.1;0.01;0;5.09762;0;0;-1
0;58;-12.696;-15.05;-70.9694;9.29638;3365.35;5.58978;0;0;0.1;0.01;0;6.58823;0;0;-1
0;59;-9.95342;1.96437;-71.7809;9.45092;3535.99;5.6827;0;0;0.1;0.01;0;5.81004;0;0;-1
0;60;-11.6465;16.5875;-70.1479;8.82064;2874.68;5.30372;0;0;0.1;0.01;0;5.34593;0;0;-1
0;61;-11.885;36.6297;-70.931;9.09843;3154.92;5.47075;0;0;0.1;0.01;0;4.65018;0;0;-1
0;62;-10.7498;55.0849;-70.3585;9.75011;3882.55;5.8626;0;0;0.1;0.01;0;3.31352;0;0;-1
0;63;2.17952;-56.2441;-69.0667;9.01971;3073.73;5.42342;0;0;0.1;0.01;0;4.73818;0;0;-1
0;64;3.94274;-40.15;-72.05;8.76763;2823.16;5.27185;0;0;0.1;0.01;0;5.20009;0;0;-1
0;65;2.71998;-22.899;-68.5001;10.2393;4496.76;6.15674;0;0;0.1;0.01;0;7.07012;0;0;-1
0;66;4.33912;-7.97722;-72.0175;9.90275;4067.77;5.95438;0;0;0.1;0.01;0;6.59566;0;0;-1
0;67;2.34894;10.171;-69.2172;8.5;2572.44;5.11093;0;0;0.1;0.01;0;4.96785;1;0;-1
0;68;4.40166;26.7909;-69.6931;8.5;2572.44;5.11093;0;0;0.1;0.01;0;4.49246;1;0;-1
0;69;4.43903;45.7933;-70.5442;9.40266;3482.1;5.65368;0;0;0.1;0.01;0;6.07128;0;0;-1
0;70;3.50445;63.7173;-70.149;9.87208;4030.09;5.93594;0;0;0.1;0.01;0;3.45329;0;0;-1
0;71;16.333;-66.2682;-69.8974;9.33398;3406.35;5.61239;0;0;0.1;0.01;0;2.89186;0;0;-1
0;72;15.9663;-47.1708;-70.9238;8.71329;2770.99;5.23917;0;0;0.1;0.01;0;4.75304;0;0;-1
0;73;19.2582;-30.2032;-70.8784;10.2304;4485.04;6.15139;0;0;0.1;0.01;0;6.88982;0;0;-1
0;74;16.4074;-14.0887;-69.2273;8.5;2572.44;5.11093;0;0;0.1;0.01;0;6.69899;1;0;-1
0;75;16.9992;1.2225;-71.3279;9.24351;3308.26;5.55799;0;0;0.1;0.01;0;5.44197;0;0;-1
0;76;16.0048;18.2094;-69.2082;8.72477;2781.96;5.24608;0;0;0.1;0.01;0;4.98826;0;0;-1
0;77;17.3086;35.4386;-70.6373;9.03495;3089.34;5.43258;0;0;0.1;0.01;0;5.49007;0;0;-1
0;78;19.459;55.0745;-70.2796;10.194;4437.34;6.1295;0;0;0.1;0.01;0;4.06521;0;0;-1
0;79;31.081;-57.7926;-69.4693;8.5;2572.44;5.11093;0;0;0.1;0.01;0;3.36033;1;0;-1
0;80;31.765;-38.5274;-68.4308;9.87873;4038.24;5.93994;0;0;0.1;0.01;0;6.27419;0;0;-1
0;81;32.0175;-21.8271;-69.6481;8.5;2572.44;5.11093;0;0;0.1;0.01;0;4.9325;1;0;-1
0;82;33.3327;-6.34159;-68.8059;9.53103;3626.67;5.73087;0;0;0.1;0.01;0;5.57051;0;0;-1
0;83;30.5734;12.4405;-71.3011;9.73152;3860.39;5.85142;0;0;0.1;0.01;0;6.45327;0;0;-1
0;84;33.6241;28.6046;-68.5234;10.0382;4236.98;6.03582;0;0;0.1;0.01;0;6.88879;0;0;-1
0;85;34.0089;43.7473;-71.9756;8.5;2572.44;5.11093;0;0;0.1;0.01;0;4.23531;1;0;-1
0;86;46.3659;-51.2909;-68.9107;9.61922;3728.28;5.7839;0;0;0.1;0.01;0;2.7592;0;0;-1
0;87;45.9831;-30.4851;-71.9434;9.01313;3067.01;5.41946;0;0;0.1;0.01;0;4.33304;0;0;-1
0;88;47.5566;-13.4208;-71.9987;9.9526;4129.51;5.98435;0;0;0.1;0.01;0;4.86488;0;0;-1
0;89;45.3293;1.65158;-69.0557;8.5;2572.44;5.11093;0;0;0.1;0.01;0;5.76259;1;0;-1
0;90;47.3077;17.1282;-68.9564;10.3912;4699.87;6.24808;0;0;0.1;0.01;0;6.38344;0;0;-1
0;91;48.9685;36.8812;-71.9505;10.2103;4458.66;6.13931;0;0;0.1;0.01;0;3.53625;0;0;-1
0;92;46.704;54.1074;-69.0007;8.5;2572.44;5.11093;0;0;0.1;0.01;0;2.53853;1;0;-1
0;93;60.0235;-25.6701;-72.0507;10.0688;4275.84;6.05422;0;0;0.1;0.01;0;2.75163;0;0;-1
0;94;62.5638;-5.60374;-71.9227;8.73835;2794.97;5.25424;0;0;0.1;0.01;0;2.33424;0;0;-1
0;95;61.3326;9.87283;-68.8433;9.81409;3959.49;5.90107;0;0;0.1;0.01;0;3.63362;0;0;-1
0;96;-80.3916;-8.31766;-55.4118;9.69228;3813.88;5.82783;0;0;0.1;0.01;0;2.96276;0;0;-1
0;97;-80.1258;12.4641;-54.3342;8.7296;2786.58;5.24898;0;0;0.1;0.01;0;2.61349;0;0;-1
0;98;-65.7595;-48.4225;-54.2743;10.1245;4347.2;6.08771;0;0;0.1;0.01;0;4.68086;0;0;-1
0;99;-67.7015;-33.8791;-55.4116;8.95215;3005.18;5.3828;0;0;0.1;0.01;0;3.30506;0;0;-1
0;100;-65.5537;-12.6515;-56.3771;8.50736;2579.13;5.11535;0;0;0.1;0.01;0;4.00142;0;0;-1
0;101;-64.5984;1.7352;-53.9666;9.72048;3847.26;5.84478;0;0;0.1;0.01;0;5.33494;0;0;-1
0;102;-68.011;19.6468;-57.7848;8.68328;2742.46;5.22113;0;0;0.1;0.01;0;3.53409;0;0;-1
0;103;-66.4406;35.44;-55.5516;8.5;2572.44;5.11093;0;0;0.1;0.01;0;3.49376;1;0;-1
0;104;-52.2505;-59.3435;-54.873;9.7421;3872.99;5.85778;0;0;0.1;0.01;0;4.0607;0;0;-1
0;105;-52.9182;-42.3688;-57.5549;8.54632;2614.73;5.13878;0;0;0.1;0.01;0;4.59217;0;0;-1
0;106;-51.3212;-24.6938;-57.8035;8.5;2572.44;5.11093;0;0;0.1;0.01;0;4.56882;1;0;-1
0;107;-49.8633;-4.7924;-57.1244;9.83619;3986.29;5.91436;0;0;0.1;0.01;0;6.42041;0;0;-1
0;108;-51.7475;12.0395;-54.3868;9.7551;3888.52;5.8656;0;0;0.1;0.01;0;7.0612;0;0;-1
0;109;-51.0319;27.8574;-57.8106;10.3779;4681.85;6.24008;0;0;0.1;0.01;0;6.92898;0;0;-1
0;110;-52.1461;44.8076;-54.0139;9.75705;3890.85;5.86677;0;0;0.1;0.01;0;6.19816;0;0;-1
0;111;-50.5749;59.7308;-54.4364;10.0947;4308.92;6.0698;0;0;0.1;0.01;0;5.15069;0;0;-1
0;112;-38.6633;-66.5837;-56.3498;9.78686;3926.62;5.8847;0;0;0.1;0.01;0;4.10131;0;0;-1
0;113;-38.3708;-51.0487;-54.5711;9.22818;3291.83;5.54877;0;0;0.1;0.01;0;5.19125;0;0;-1
0;114;-36.5511;-31.2283;-56.2469;9.62245;3732.03;5.78584;0;0;0.1;0.01;0;6.18125;0;0;-1
0;115;-36.5253;-14.8548;-55.7942;10.2702;4537.59;6.17532;0;0;0.1;0.01;0;6.81599;0;0;-1
0;116;-37.7493;2.44046;-54.3728;8.98033;3033.65;5.39974;0;0;0.1;0.01;0;5.52312;0;0;-1
0;117;-36.0791;20.996;-57.0197;10.2728;4541.04;6.17689;0;0;0.1;0.01;0;7.5414;0;0;-1
0;118;-35.2051;36.6503;-55.0689;8.75833;2814.18;5.26626;0;0;0.1;0.01;0;6.65562;0;0;-1
0;119;-36.9972;51.2785;-56.5089;10.0445;4244.96;6.03961;0;0;0.1;0.01;0;6.9452;0;0;-1
0;120;-35.9289;70.3114;-57.9327;10.4064;4720.52;6.25722;0;0;0.1;0.01;0;4.27231;0;0;-1
0;121;-23.9304;-76.0247;-57.3263;9.56038;3660.28;5.74852;0;0;0.1;0.01;0;3.14435;0;0;-1
0;122;-21.8302;-56.2134;-56.4071;9.42137;3502.92;5.66493;0;0;0.1;0.01;0;6.51113;0;0;-1
0;123;-21.0914;-40.4646;-54.8473;10.0066;4197.09;6.01682;0;0;0.1;0.01;0;6.98275;0;0;-1
0;124;-23.6245;-22.5382;-56.7438;9.91108;4078.04;5.95939;0;0;0.1;0.01;0;6.87592;0;0;-1
0;125;-21.5831;-7.15106;-56.3406;8.98657;3039.98;5.40349;0;0;0.1;0.01;0;5.63163;0;0;-1
0;126;-22.4087;8.99891;-55.9852;9.44496;3529.3;5.67912;0;0;0.1;0.01;0;4.80126;0;0;-1
0;127;-21.4015;25.5991;-55.5869;8.61865;2681.68;5.18227;0;0;0.1;0.01;0;5.266;0;0;-1
0;128;-21.7842;42.3051;-56.707;8.5;2572.44;5.11093;0;0;0.1;0.01;0;5.123;1;0;-1
0;129;-22.1145;63.2073;-54.4633;10.3642;4663.33;6.23184;0;0;0.1;0.01;0;7.13536;0;0;-1
0;130;-22.0254;77.9783;-57.0172;9.14647;3205.16;5.49964;0;0;0.1;0.01;0;3.52524;0;0;-1
0;131;-9.28384;-80.7856;-56.0085;8.5;2572.44;5.11093;0;0;0.1;0.01;0;2.47043;1;0;-1
0;132;-5.77047;-65.6686;-55.7502;9.0412;3095.76;5.43634;0;0;0.1;0.01;0;4.74555;0;0;-1
0;133;-6.23138;-47.1131;-55.1213;9.62786;3738.33;5.78909;0;0;0.1;0.01;0;5.88198;0;0;-1
0;134;-8.77259;-29.9238;-54.6146;9.80216;3945.06;5.8939;0;0;0.1;0.01;0;5.57451;0;0;-1
0;135;-8.94712;-14.1391;-55.4268;8.61231;2675.76;5.17846;0;0;0.1;0.01;0;5.84031;0;0;-1
0;136;-7.07146;0.370295;-56.7178;8.5;2572.44;5.11093;0;0;0.1;0.01;0;5.3378;1;0;-1
0;137;-5.92335;20.9947;-55.1519;10.3787;4682.93;6.24056;0;0;0.1;0.01;0;6.3323;0;0;-1
0;138;-8.23901;36.9534;-55.491;10.3709;4672.38;6.23587;0;0;0.1;0.01;0;6.41093;0;0;-1
0;139;-5.82921;54.9362;-55.1065;10.4463;4775.03;6.28121;0;0;0.1;0.01;0;6.18418;0;0;-1
0;140;-8.72197;70.3276;-55.1331;8.9171;2970.02;5.36172;0;0;0.1;0.01;0;3.30191;0;0;-1
0;141;8.98543;-74.3254;-56.9031;8.95921;3012.3;5.38704;0;0;0.1;0.01;0;3.46697;0;0;-1
0;142;6.86187;-58.0816;-56.2161;9.9375;4110.74;5.97527;0;0;0.1;0.01;0;6.12569;0;0;-1
0;143;7.34687;-41.703;-54.9293;8.5;2572.44;5.11093;0;0;0.1;0.01;0;4.38042;1;0;-1
0;144;9.40345;-22.7143;-56.6015;9.348;3421.72;5.62082;0;0;0.1;0.01;0;6.49576;0;0;-1
0;145;6.0302;-8.01462;-56.8633;9.37777;3454.52;5.63872;0;0;0.1;0.01;0;6.47375;0;0;-1
0;146;5.6117;9.72053;-55.2406;8.95394;3006.98;5.38387;0;0;0.1;0.01;0;4.27953;0;0;-1
0;147;8.44492;27.7515;-53.9501;10.1128;4332.14;6.08068;0;0;0.1;0.01;0;6.67621;0;0;-1
0;148;8.53727;44.9749;-55.9749;10.2821;4553.38;6.18248;0;0;0.1;0.01;0;7.6392;0;0;-1
0;149;8.84003;59.8454;-57.7131;8.76315;2818.83;5.26915;0;0;0.1;0.01;0;5.8093;0;0;-1
0;150;8.56814;79.8451;-54.3415;9.33081;3402.88;5.61048;0;0;0.1;0.01;0;2.80687;0;0;-1
0;151;22.2792;-64.2628;-56.6557;9.79249;3933.4;5.88808;0;0;0.1;0.01;0;4.96799;0;0;-1
0;152;24.1778;-49.9883;-53.7219;8.97699;3030.27;5.39773;0;0;0.1;0.01;0;5.40066;0;0;-1
0;153;20.2926;-32.6112;-55.2854;9.10775;3164.62;5.47636;0;0;0.1;0.01;0;5.154;0;0;-1
0;154;20.5191;-12.7144;-57.3712;9.31056;3380.77;5.5983;0;0;0.1;0.01;0;6.01068;0;0;-1
0;155;23.6249;1.42075;-56.4416;9.29185;3360.43;5.58705;0;0;0.1;0.01;0;5.68045;0;0;-1
0;156;23.7514;20.6602;-55.7398;10.1452;4373.92;6.10016;0;0;0.1;0.01;0;6.42687;0;0;-1
0;157;22.689;38.2416;-56.2077;10.0929;4306.62;6.06871;0;0;0.1;0.01;0;7.04118;0;0;-1
0;158;22.9276;54.3757;-53.9786;10.4336;4757.64;6.27357;0;0;0.1;0.01;0;7.09886;0;0;-1
0;159;22.0518;70.5647;-57.6921;9.08793;3144.01;5.46444;0;0;0.1;0.01;0;2.47074;0;0;-1
0;160;38.5694;-56.0267;-56.4279;9.06067;3115.8;5.44805;0;0;0.1;0.01;0;4.55389;0;0;-1
0;161;34.9375;-38.3593;-54.7251;8.60039;2664.67;5.17129;0;0;0.1;0.01;0;5.32435;0;0;-1
0;162;38.5263;-25.1029;-56.4529;9.04343;3098.05;5.43768;0;0;0.1;0.01;0;5.60491;0;0;-1
0;163;37.2052;-5.69117;-54.8333;8.57831;2644.2;5.15801;0;0;0.1;0.01;0;5.96586;0;0;-1
0;164;38.4627;8.33102;-55.4085;9.23354;3297.56;5.55199;0;0;0.1;0.01;0;6.96565;0;0;-1
0;165;38.8668;25.4341;-54.6062;9.85015;4003.29;5.92275;0;0;0.1;0.01;0;6.32698;0;0;-1
0;166;36.7816;46.1483;-56.6539;9.17439;3234.6;5.51643;0;0;0.1;0.01;0;5.85542;0;0;-1
0;167;36.3636;60.7334;-54.1216;8.5;2572.44;5.11093;0;0;0.1;0.01;0;4.53924;1;0;-1
0;168;52.8852;-50.958;-56.0612;8.97539;3028.65;5.39677;0;0;0.1;0.01;0;3.287;0;0;-1
0;169;52.0672;-31.0903;-54.1331;9.95776;4135.93;5.98746;0;0;0.1;0.01;0;5.73188;0;0;-1
0;170;52.9121;-15.067;-54.38;8.5;2572.44;5.11093;0;0;0.1;0.01;0;5.23037;1;0;-1
0;171;52.2505;0.0394665;-54.386;9.99184;4178.54;6.00795;0;0;0.1;0.01;0;7.51592;0;0;-1
0;172;51.1932;18.0871;-56.0422;9.0008;3054.44;5.41205;0;0;0.1;0.01;0;6.79063;0;0;-1
0;173;52.9436;34.0783;-55.7651;9.24176;3306.38;5.55694;0;0;0.1;0.01;0;5.31041;0;0;-1
0;174;52.6962;55.2583;-56.5083;10.1122;4331.37;6.08032;0;0;0.1;0.01;0;4.26972;0;0;-1
0;175;64.6159;-40.8737;-56.6774;9.03274;3087.07;5.43126;0;0;0.1;0.01;0;2.99305;0;0;-1
0;176;67.2829;-25.0815;-56.1058;9.38578;3463.38;5.64353;0;0;0.1;0.01;0;4.42137;0;0;-1
0;177;67.7707;-4.49854;-55.1295;8.5;2572.44;5.11093;0;0;0.1;0.01;0;5.13951;1;0;-1
0;178;65.8321;11.9943;-53.8076;9.54477;3642.38;5.73913;0;0;0.1;0.01;0;5.8739;0;0;-1
0;179;66.0101;26.6448;-55.2787;8.5;2572.44;5.11093;0;0;0.1;0.01;0;3.88905;1;0;-1
0;180;64.7657;46.0654;-54.3233;9.81335;3958.59;5.90062;0;0;0.1;0.01;0;3.39726;0;0;-1
0;181;79.7199;-16.848;-56.7543;10.1836;4423.77;6.12325;0;0;0.1;0.01;0;2.82807;0;0;-1
0;182;82.2197;1.11903;-54.4671;8.92226;2975.18;5.36483;0;0;0.1;0.01;0;2.82819;0;0;-1
0;183;-87.515;-21.6612;-40.6285;9.37018;3446.14;5.63415;0;0;0.1;0.01;0;3.14475;0;0;-1
0;184;-84.1147;-8.17073;-40.1263;10.0307;4227.49;6.03131;0;0;0.1;0.01;0;5.2188;0;0;-1
0;185;-86.3106;12.3486;-39.628;9.63572;3747.5;5.79382;0;0;0.1;0.01;0;4.43993;0;0;-1
0;186;-86.6581;29.3379;-39.2328;9.84885;4001.71;5.92197;0;0;0.1;0.01;0;3.00324;0;0;-1
0;187;-70.1783;-48.0399;-39.641;8.5;2572.44;5.11093;0;0;0.1;0.01;0;4.05749;1;0;-1
0;188;-72.1209;-33.9456;-41.5638;10.2288;4482.94;6.15043;0;0;0.1;0.01;0;5.02599;0;0;-1
0;189;-71.5894;-14.5685;-41.6307;8.5;2572.44;5.11093;0;0;0.1;0.01;0;5.38777;1;0;-1
0;190;-72.6793;3.61576;-40.9291;10.2704;4537.86;6.17544;0;0;0.1;0.01;0;7.3865;0;0;-1
0;191;-70.5104;19.0718;-42.0696;9.73679;3866.66;5.85459;0;0;0.1;0.01;0;6.2404;0;0;-1
0;192;-69.9837;37.0793;-42.9198;9.92192;4091.44;5.96591;0;0;0.1;0.01;0;5.68324;0;0;-1
0;193;-72.6565;51.3911;-41.1041;9.59208;3696.81;5.76758;0;0;0.1;0.01;0;3.09313;0;0;-1
0;194;-56.9518;-59.2045;-39.9315;10.3288;4615.71;6.21056;0;0;0.1;0.01;0;5.2504;0;0;-1
0;195;-56.7225;-39.4566;-41.8758;9.50868;3601.22;5.71743;0;0;0.1;0.01;0;6.64136;0;0;-1
0;196;-54.166;-24.6423;-40.9052;9.31218;3382.54;5.59928;0;0;0.1;0.01;0;5.42258;0;0;-1
0;197;-57.4662;-7.32778;-42.0191;10.0834;4294.47;6.063;0;0;0.1;0.01;0;6.99137;0;0;-1
0;198;-55.0632;9.53986;-39.8528;10.2811;4552.05;6.18188;0;0;0.1;0.01;0;6.71389;0;0;-1
0;199;-55.5433;25.8729;-41.5475;9.89022;4052.35;5.94685;0;0;0.1;0.01;0;6.11344;0;0;-1
0;200;-56.9735;42.6492;-40.1091;9.6706;3788.34;5.81479;0;0;0.1;0.01;0;6.52654;0;0;-1
0;201;-54.2542;60.4467;-39.5901;9.62047;3729.73;5.78465;0;0;0.1;0.01;0;5.24101;0;0;-1
0;202;-40.5196;-80.6245;-40.9842;8.5;2572.44;5.11093;0;0;0.1;0.01;0;2.97183;1;0;-1
0;203;-41.6797;-65.9012;-39.2345;9.46189;3548.32;5.6893;0;0;0.1;0.01;0;6.38296;0;0;-1
0;204;-43.0556;-47.5213;-41.717;8.5;2572.44;5.11093;0;0;0.1;0.01;0;4.90113;1;0;-1
0;205;-42.5711;-31.6889;-42.2019;8.64528;2706.61;5.19828;0;0;0.1;0.01;0;5.09544;0;0;-1
0;206;-40.2479;-13.4516;-40.6498;9.60474;3711.47;5.77519;0;0;0.1;0.01;0;6.10288;0;0;-1
0;207;-42.0131;1.95134;-39.9927;9.25091;3316.21;5.56244;0;0;0.1;0.01;0;6.47491;0;0;-1
0;208;-41.7828;19.6617;-42.4188;8.59492;2659.59;5.168;0;0;0.1;0.01;0;5.91312;0;0;-1
0;209;-41.4513;34.4613;-41.4122;8.78789;2842.77;5.28403;0;0;0.1;0.01;0;5.64119;0;0;-1
0;210;-40.2712;53.6152;-41.2192;9.53739;3633.94;5.73469;0;0;0.1;0.01;0;7.07354;0;0;-1
0;211;-40.8069;68.479;-42.1352;10.3601;4657.8;6.22938;0;0;0.1;0.01;0;6.08171;0;0;-1
0;212;-27.6625;-72.9655;-42.8738;9.39388;3472.35;5.6484;0;0;0.1;0.01;0;6.1075;0;0;-1
0;213;-28.1428;-57.7298;-40.4573;10.4418;4768.86;6.2785;0;0;0.1;0.01;0;7.09357;0;0;-1
0;214;-25.3;-38.5056;-42.3675;9.23225;3296.18;5.55122;0;0;0.1;0.01;0;5.3277;0;0;-1
0;215;-25.0109;-22.3774;-39.8178;9.9908;4177.24;6.00732;0;0;0.1;0.01;0;6.38928;0;0;-1
0;216;-24.7422;-5.18029;-40.6493;8.87426;2927.42;5.33596;0;0;0.1;0.01;0;5.6136;0;0;-1
0;217;-25.4506;9.75792;-41.0413;8.5;2572.44;5.11093;0;0;0.1;0.01;0;4.04278;1;0;-1
0;218;-28.1733;27.0144;-42.0179;9.3773;3454;5.63843;0;0;0.1;0.01;0;5.49021;0;0;-1
0;219;-27.2181;44.1205;-42.1005;9.59228;3697.04;5.7677;0;0;0.1;0.01;0;6.10528;0;0;-1
0;220;-27.56;60.5316;-40.7644;9.41372;3494.4;5.66033;0;0;0.1;0.01;0;7.06677;0;0;-1
0;221;-25.0158;77.1718;-42.0759;9.57316;3674.98;5.7562;0;0;0.1;0.01;0;5.24461;0;0;-1
0;222;-12.9865;-83.1436;-42.1713;8.61093;2674.48;5.17763;0;0;0.1;0.01;0;4.03602;0;0;-1
0;223;-12.9518;-67.6062;-39.7413;10.0617;4266.8;6.04995;0;0;0.1;0.01;0;6.69503;0;0;-1
0;224;-12.3968;-49.3787;-41.8358;9.18212;3242.78;5.52108;0;0;0.1;0.01;0;5.3191;0;0;-1
0;225;-9.78282;-33.3271;-39.8324;9.50911;3601.71;5.71769;0;0;0.1;0.01;0;6.11666;0;0;-1
0;226;-13.0682;-15.5121;-40.7615;8.69144;2750.2;5.22604;0;0;0.1;0.01;0;6.37194;0;0;-1
0;227;-11.0672;0.257218;-41.4497;8.66025;2720.7;5.20728;0;0;0.1;0.01;0;5.45321;0;0;-1
0;228;-12.5401;20.0325;-39.3439;9.95302;4130.03;5.98461;0;0;0.1;0.01;0;6.16131;0;0;-1
0;229;-9.96089;34.3177;-39.7637;8.5;2572.44;5.11093;0;0;0.1;0.01;0;6.08782;1;0;-1
0;230;-11.5604;52.9657;-39.3548;10.1789;4417.65;6.12042;0;0;0.1;0.01;0;6.47149;0;0;-1
0;231;-11.0994;70.7579;-40.0372;9.43087;3513.53;5.67065;0;0;0.1;0.01;0;5.57497;0;0;-1
0;232;-9.79156;87.0972;-39.9575;8.5;2572.44;5.11093;0;0;0.1;0.01;0;2.38957;1;0;-1
0;233;2.82068;-89.544;-42.0537;9.11671;3173.97;5.48175;0;0;0.1;0.01;0;2.88107;0;0;-1
0;234;4.67807;-74.9318;-41.1625;8.55271;2620.59;5.14262;0;0;0.1;0.01;0;5.17672;0;0;-1
0;235;2.0128;-59.754;-39.3778;9.47364;3561.55;5.69636;0;0;0.1;0.01;0;5.4184;0;0;-1
0;236;3.62735;-40.7654;-39.8011;8.5;2572.44;5.11093;0;0;0.1;0.01;0;4.85074;1;0;-1
0;237;4.6757;-25.2827;-39.5147;9.5216;3615.92;5.7252;0;0;0.1;0.01;0;6.13787;0;0;-1
0;238;1.23492;-8.07948;-42.4306;10.2613;4525.8;6.16997;0;0;0.1;0.01;0;6.26633;0;0;-1
0;239;3.21559;10.4469;-41.007;8.61838;2681.42;5.18211;0;0;0.1;0.01;0;4.36917;0;0;-1
0;240;4.07492;27.1853;-39.4772;8.90471;2957.66;5.35427;0;0;0.1;0.01;0;6.72708;0;0;-1
0;241;1.2267;43.0325;-40.2755;10.0973;4312.25;6.07136;0;0;0.1;0.01;0;7.97832;0;0;-1
0;242;1.52181;60.6191;-40.9791;8.5;2572.44;5.11093;0;0;0.1;0.01;0;5.36265;1;0;-1
0;243;3.95664;76.3847;-41.0746;9.14274;3201.24;5.4974;0;0;0.1;0.01;0;5.26395;0;0;-1
0;244;17.6732;-82.3278;-42.0886;8.5;2572.44;5.11093;0;0;0.1;0.01;0;3.29432;1;0;-1
0;245;18.2155;-65.4555;-39.2903;10.2625;4527.39;6.17069;0;0;0.1;0.01;0;5.88492;0;0;-1
0;246;17.9188;-46.4596;-40.8068;8.89095;2943.97;5.346;0;0;0.1;0.01;0;5.26723;0;0;-1
0;247;17.8355;-31.7618;-41.1577;8.5;2572.44;5.11093;0;0;0.1;0.01;0;5.83868;1;0;-1
0;248;19.0991;-15.4949;-41.7743;9.48375;3572.97;5.70244;0;0;0.1;0.01;0;5.92418;0;0;-1
0;249;19.7506;1.94313;-42.1555;9.10927;3166.21;5.47727;0;0;0.1;0.01;0;4.6931;0;0;-1
0;250;17.6628;17.7337;-40.517;9.27102;3337.88;5.57453;0;0;0.1;0.01;0;5.5994;0;0;-1
0;251;19.0256;36.7164;-42.8401;9.9124;4079.67;5.96018;0;0;0.1;0.01;0;7.63506;0;0;-1
0;252;16.7944;52.0153;-39.6914;10.0976;4312.64;6.07154;0;0;0.1;0.01;0;7.4415;0;0;-1
0;253;18.7625;68.4651;-41.1984;10.3155;4597.9;6.20256;0;0;0.1;0.01;0;5.94053;0;0;-1
0;254;16.4124;87.4189;-41.1269;10.0767;4285.92;6.05897;0;0;0.1;0.01;0;3.14642;0;0;-1
0;255;32.9543;-75.6321;-42.5035;8.64912;2710.22;5.20059;0;0;0.1;0.01;0;2.2523;0;0;-1
0;256;30.5677;-56.4904;-40.5236;9.0958;3152.18;5.46917;0;0;0.1;0.01;0;6.27943;0;0;-1
0;257;33.7167;-41.18;-40.4656;10.005;4195.08;6.01586;0;0;0.1;0.01;0;7.65262;0;0;-1
0;258;32.7749;-25.2866;-41.5678;10.1242;4346.81;6.08753;0;0;0.1;0.01;0;7.40582;0;0;-1
0;259;33.7346;-8.05058;-42.031;8.5;2572.44;5.11093;0;0;0.1;0.01;0;4.72591;1;0;-1
0;260;33.8436;10.0437;-42.2957;8.5;2572.44;5.11093;0;0;0.1;0.01;0;5.10318;1;0;-1
0;261;33.8483;29.5183;-39.8805;8.93213;2985.06;5.37076;0;0;0.1;0.01;0;6.03419;0;0;-1
0;262;32.9458;46.1521;-39.4207;10.038;4236.72;6.0357;0;0;0.1;0.01;0;7.7669;0;0;-1
0;263;33.9196;60.0829;-39.706;9.38769;3465.49;5.64468;0;0;0.1;0.01;0;6.20614;0;0;-1
0;264;33.5546;79.8415;-40.4283;8.95437;3007.42;5.38413;0;0;0.1;0.01;0;2.74386;0;0;-1
0;265;47.8258;-65.2742;-41.6047;8.94443;2997.41;5.37816;0;0;0.1;0.01;0;2.46689;0;0;-1
0;266;47.141;-47.7048;-39.9537;9.52788;3623.08;5.72898;0;0;0.1;0.01;0;5.80358;0;0;-1
0;267;47.764;-30.238;-39.221;10.3176;4600.71;6.20382;0;0;0.1;0.01;0;7.6596;0;0;-1
0;268;46.7886;-14.9376;-42.5855;10.067;4273.55;6.05314;0;0;0.1;0.01;0;7.77842;0;0;-1
0;269;46.0818;2.879;-42.1849;8.5;2572.44;5.11093;0;0;0.1;0.01;0;6.19911;1;0;-1
0;270;47.7596;16.8717;-43.0441;10.1627;4396.59;6.11068;0;0;0.1;0.01;0;7.43779;0;0;-1
0;271;46.8455;37.9661;-41.0978;9.52653;3621.54;5.72816;0;0;0.1;0.01;0;6.1908;0;0;-1
0;272;46.7054;52.1425;-42.8761;9.67637;3795.12;5.81826;0;0;0.1;0.01;0;6.6053;0;0;-1
0;273;46.8346;69.2611;-39.8958;9.92643;4097.02;5.96862;0;0;0.1;0.01;0;4.49688;0;0;-1
0;274;60.3741;-55.3613;-39.3275;9.8308;3979.74;5.91112;0;0;0.1;0.01;0;4.74606;0;0;-1
0;275;63.9972;-41.6919;-39.8255;8.94562;2998.61;5.37887;0;0;0.1;0.01;0;4.27854;0;0;-1
0;276;61.2109;-23.3557;-39.8347;8.55006;2618.16;5.14103;0;0;0.1;0.01;0;5.54376;0;0;-1
0;277;63.4174;-7.79694;-42.3325;9.67674;3795.56;5.81848;0;0;0.1;0.01;0;6.80407;0;0;-1
0;278;63.6011;8.22787;-39.4665;10.0114;4203.13;6.01971;0;0;0.1;0.01;0;6.56031;0;0;-1
0;279;63.022;26.1896;-42.2768;10.0357;4233.81;6.03432;0;0;0.1;0.01;0;6.07365;0;0;-1
0;280;61.5487;42.139;-41.1979;8.88075;2933.85;5.33987;0;0;0.1;0.01;0;5.08275;0;0;-1
0;281;61.9961;60.4241;-42.4659;9.23144;3295.32;5.55073;0;0;0.1;0.01;0;3.67756;0;0;-1
0;282;74.948;-32.4943;-43.1674;9.0112;3065.04;5.4183;0;0;0.1;0.01;0;3.21643;0;0;-1
0;283;77.7431;-14.9999;-41.1182;8.62851;2690.89;5.1882;0;0;0.1;0.01;0;4.46692;0;0;-1
0;284;76.3274;-0.0847675;-41.4697;10.2851;4557.37;6.18428;0;0;0.1;0.01;0;6.87781;0;0;-1
0;285;78.7436;19.7285;-42.8235;8.99017;3043.63;5.40566;0;0;0.1;0.01;0;3.33066;0;0;-1
0;286;76.5362;34.339;-41.9449;9.23964;3304.1;5.55566;0;0;0.1;0.01;0;3.54044;0;0;-1
0;287;90.5185;-4.55783;-40.5384;8.7003;2758.62;5.23136;0;0;0.1;0.01;0;2.23195;0;0;-1
0;288;-95.1296;-13.5103;-24.7014;8.77145;2826.85;5.27415;0;0;0.1;0.01;0;3.17542;0;0;-1
0;289;-95.6343;1.24878;-26.0977;9.92316;4092.97;5.96665;0;0;0.1;0.01;0;3.87574;0;0;-1
0;290;-80.8669;-41.5009;-24.6595;9.90428;4069.65;5.9553;0;0;0.1;0.01;0;2.88716;0;0;-1
0;291;-81.7967;-23.4385;-27.3414;9.5595;3659.27;5.74799;0;0;0.1;0.01;0;3.86426;0;0;-1
0;292;-78.9089;-4.65251;-26.4858;10.0423;4242.17;6.03829;0;0;0.1;0.01;0;5.59175;0;0;-1
0;293;-82.5756;10.9676;-26.4508;10.1274;4350.93;6.08946;0;0;0.1;0.01;0;6.28508;0;0;-1
0;294;-82.4133;27.6798;-25.1469;10.0349;4232.8;6.03384;0;0;0.1;0.01;0;5.0271;0;0;-1
0;295;-80.4044;44.5609;-28.1144;9.88358;4044.19;5.94285;0;0;0.1;0.01;0;3.28331;0;0;-1
0;296;-64.0832;-67.878;-25.9991;8.5;2572.44;5.11093;0;0;0.1;0.01;0;2.51584;1;0;-1
0;297;-64.3798;-48.9936;-26.1324;8.77835;2833.53;5.27829;0;0;0.1;0.01;0;4.35817;0;0;-1
0;298;-64.5278;-31.2639;-25.4619;9.74862;3880.77;5.8617;0;0;0.1;0.01;0;5.46857;0;0;-1
0;299;-64.4884;-12.8917;-26.9902;9.28066;3348.31;5.58033;0;0;0.1;0.01;0;5.55868;0;0;-1
0;300;-66.0762;4.44087;-26.0302;8.5;2572.44;5.11093;0;0;0.1;0.01;0;5.94012;1;0;-1
0;301;-65.4688;20.2191;-26.9328;8.59094;2655.89;5.16561;0;0;0.1;0.01;0;5.71226;0;0;-1
0;302;-64.6866;35.2195;-27.1679;10.0497;4251.56;6.04274;0;0;0.1;0.01;0;6.30912;0;0;-1
0;303;-64.5499;50.9175;-26.2279;9.27992;3347.51;5.57988;0;0;0.1;0.01;0;5.74997;0;0;-1
0;304;-66.6797;68.6687;-26.7117;9.4554;3541.02;5.68539;0;0;0.1;0.01;0;2.15106;0;0;-1
0;305;-49.7071;-72.4989;-27.7937;8.99661;3050.18;5.40953;0;0;0.1;0.01;0;5.22911;0;0;-1
0;306;-49.617;-58.1751;-26.2896;9.25063;3315.91;5.56227;0;0;0.1;0.01;0;6.29283;0;0;-1
0;307;-51.5382;-39.7126;-26.3452;9.3425;3415.69;5.61751;0;0;0.1;0.01;0;6.00928;0;0;-1
0;308;-52.4137;-23.1147;-27.5525;9.77632;3913.95;5.87836;0;0;0.1;0.01;0;6.55626;0;0;-1
0;309;-50.4821;-7.03565;-27.812;9.73264;3861.72;5.8521;0;0;0.1;0.01;0;6.61019;0;0;-1
0;310;-53.0201;8.65164;-26.3239;8.9409;2993.87;5.37603;0;0;0.1;0.01;0;5.48796;0;0;-1
0;311;-51.1137;26.7873;-24.4696;9.14375;3202.3;5.498;0;0;0.1;0.01;0;5.57781;0;0;-1
0;312;-49.9915;45.5131;-24.8738;9.78011;3918.5;5.88064;0;0;0.1;0.01;0;7.33727;0;0;-1
0;313;-50.664;62.4882;-25.5776;8.75947;2815.28;5.26694;0;0;0.1;0.01;0;6.08682;0;0;-1
0;314;-51.7975;78.4834;-28.2583;8.72318;2780.44;5.24512;0;0;0.1;0.01;0;2.65277;0;0;-1
0;315;-36.4334;-82.1744;-26.519;10.3133;4594.96;6.20124;0;0;0.1;0.01;0;6.19602;0;0;-1
0;316;-34.9842;-67.3059;-26.8016;8.88636;2939.41;5.34324;0;0;0.1;0.01;0;6.9907;0;0;-1
0;317;-38.3682;-47.1075;-27.1435;10.1598;4392.83;6.10894;0;0;0.1;0.01;0;5.71292;0;0;-1
0;318;-36.0615;-30.0849;-26.0717;9.32899;3400.89;5.60939;0;0;0.1;0.01;0;6.1153;0;0;-1
0;319;-34.6378;-13.7588;-26.7991;8.77558;2830.85;5.27663;0;0;0.1;0.01;0;5.01485;0;0;-1
0;320;-36.5865;4.31802;-27.4544;8.5;2572.44;5.11093;0;0;0.1;0.01;0;4.19303;1;0;-1
0;321;-38.358;18.5445;-27.4787;9.50184;3593.45;5.71332;0;0;0.1;0.01;0;5.45407;0;0;-1
0;322;-38.2428;34.5883;-25.1757;8.5;2572.44;5.11093;0;0;0.1;0.01;0;5.50008;1;0;-1
0;323;-37.6458;52.2781;-27.8668;9.223;3286.29;5.54566;0;0;0.1;0.01;0;6.07398;0;0;-1
0;324;-38.2128;67.7263;-25.765;8.5;2572.44;5.11093;0;0;0.1;0.01;0;4.48733;1;0;-1
0;325;-35.541;85.8443;-24.9482;10.2803;4550.99;6.1814;0;0;0.1;0.01;0;3.74767;0;0;-1
0;326;-21.7844;-90.7746;-25.2836;10.3383;4628.45;6.21627;0;0;0.1;0.01;0;3.9878;0;0;-1
0;327;-20.5826;-73.0913;-27.0228;10.1729;4409.84;6.11682;0;0;0.1;0.01;0;8.27757;0;0;-1
0;328;-20.3461;-59.1629;-26.3055;9.74517;3876.65;5.85963;0;0;0.1;0.01;0;7.2672;0;0;-1
0;329;-22.0182;-40.5864;-26.6571;8.61701;2680.15;5.18128;0;0;0.1;0.01;0;4.98635;0;0;-1
0;330;-21.3628;-21.1035;-24.975;10.094;4308.03;6.06938;0;0;0.1;0.01;0;6.84195;0;0;-1
0;331;-19.7212;-5.48227;-28.0784;8.5;2572.44;5.11093;0;0;0.1;0.01;0;4.64958;1;0;-1
0;332;-21.3071;11.8058;-25.7735;8.5;2572.44;5.11093;0;0;0.1;0.01;0;4.00285;1;0;-1
0;333;-22.7744;28.7608;-27.7853;8.64731;2708.52;5.1995;0;0;0.1;0.01;0;5.10168;0;0;-1
0;334;-21.2658;44.7705;-27.8781;9.74786;3879.86;5.86125;0;0;0.1;0.01;0;5.84241;0;0;-1
0;335;-21.6922;62.1736;-26.6117;9.66986;3787.47;5.81435;0;0;0.1;0.01;0;6.3397;0;0;-1
0;336;-22.8394;78.7595;-27.9099;9.43208;3514.88;5.67137;0;0;0.1;0.01;0;5.63296;0;0;-1
0;337;-5.93925;-81.2641;-28.6507;9.37792;3454.68;5.63881;0;0;0.1;0.01;0;6.09293;0;0;-1
0;338;-7.90801;-66.6037;-26.3282;9.47884;3567.42;5.69949;0;0;0.1;0.01;0;6.68931;0;0;-1
0;339;-8.5622;-48.5934;-24.3793;9.13807;3196.33;5.49459;0;0;0.1;0.01;0;5.18433;0;0;-1
0;340;-8.20315;-29.6911;-25.5415;8.77274;2828.1;5.27492;0;0;0.1;0.01;0;5.56682;0;0;-1
0;341;-6.01402;-13.3253;-27.8105;9.41095;3491.31;5.65867;0;0;0.1;0.01;0;6.59794;0;0;-1
0;342;-5.49773;1.92941;-27.6436;8.53399;2603.42;5.13136;0;0;0.1;0.01;0;5.71022;0;0;-1
0;343;-6.60898;21.1283;-25.6327;9.60397;3710.57;5.77473;0;0;0.1;0.01;0;6.69939;0;0;-1
0;344;-7.09116;35.4121;-27.095;9.34522;3418.67;5.61915;0;0;0.1;0.01;0;7.48426;0;0;-1
0;345;-7.92956;51.5121;-26.0278;8.65073;2711.73;5.20156;0;0;0.1;0.01;0;5.61212;0;0;-1
0;346;-9.34548;72.167;-24.4867;8.6207;2683.59;5.1835;0;0;0.1;0.01;0;5.03943;0;0;-1
0;347;-9.10284;88.2424;-25.6701;8.64271;2704.2;5.19674;0;0;0.1;0.01;0;3.97085;0;0;-1
0;348;9.34562;-90.4755;-25.413;10.3115;4592.55;6.20016;0;0;0.1;0.01;0;4.27662;0;0;-1
0;349;6.597;-75.7949;-25.3215;9.7822;3921.01;5.88189;0;0;0.1;0.01;0;6.67391;0;0;-1
0;350;9.44335;-58.6612;-25.7707;9.33001;3402;5.61;0;0;0.1;0.01;0;5.80823;0;0;-1
0;351;5.72519;-40.0302;-25.3967;9.62018;3729.39;5.78447;0;0;0.1;0.01;0;6.0985;0;0;-1
0;352;8.26766;-25.5193;-26.5892;8.72878;2785.8;5.24849;0;0;0.1;0.01;0;5.8609;0;0;-1
0;353;9.02215;-8.76531;-27.6968;10.2426;4501.11;6.15873;0;0;0.1;0.01;0;6.79716;0;0;-1
0;354;5.51447;9.93488;-25.5113;9.14542;3204.05;5.49901;0;0;0.1;0.01;0;4.58371;0;0;-1
0;355;9.43495;29.3311;-27.6666;10.081;4291.4;6.06156;0;0;0.1;0.01;0;6.86272;0;0;-1
0;356;6.25106;44.0455;-25.2413;10.3766;4680.09;6.2393;0;0;0.1;0.01;0;7.20154;0;0;-1
0;357;6.86839;63.4078;-24.6205;10.1832;4423.25;6.12301;0;0;0.1;0.01;0;6.80578;0;0;-1
0;358;5.9001;78.2857;-28.001;9.05381;3108.73;5.44392;0;0;0.1;0.01;0;5.55776;0;0;-1
0;359;8.2454;95.6203;-26.8419;10.0208;4214.98;6.02536;0;0;0.1;0.01;0;2.996;0;0;-1
0;360;22.5757;-82.3677;-25.2173;9.14669;3205.39;5.49977;0;0;0.1;0.01;0;4.65905;0;0;-1
0;361;23.7027;-65.8976;-25.4745;9.51617;3609.73;5.72193;0;0;0.1;0.01;0;5.4379;0;0;-1
0;362;23.2744;-47.2921;-27.4352;10.114;4333.69;6.0814;0;0;0.1;0.01;0;6.25852;0;0;-1
0;363;22.7927;-31.7629;-26.0513;9.7203;3847.05;5.84468;0;0;0.1;0.01;0;6.89781;0;0;-1
0;364;22.1288;-16.0891;-25.5847;10.0142;4206.66;6.02139;0;0;0.1;0.01;0;6.73153;0;0;-1
0;365;22.3188;1.01486;-26.8003;9.03568;3090.09;5.43302;0;0;0.1;0.01;0;5.17179;0;0;-1
0;366;23.3873;18.1897;-28.015;9.62583;3735.97;5.78787;0;0;0.1;0.01;0;6.25444;0;0;-1
0;367;23.2483;34.9364;-27.5218;9.48752;3577.23;5.70471;0;0;0.1;0.01;0;7.42018;0;0;-1
0;368;20.5962;51.1129;-24.5151;9.78732;3927.17;5.88497;0;0;0.1;0.01;0;6.26067;0;0;-1
0;369;20.2918;69.1539;-26.9486;9.41126;3491.66;5.65885;0;0;0.1;0.01;0;5.36163;0;0;-1
0;370;23.3598;84.5724;-24.8052;9.48309;3572.22;5.70204;0;0;0.1;0.01;0;4.90106;0;0;-1
0;371;38.065;-75.9941;-27.1038;9.08221;3138.07;5.461;0;0;0.1;0.01;0;3.94161;0;0;-1
0;372;35.2272;-56.9176;-27.0379;8.68961;2748.46;5.22494;0;0;0.1;0.01;0;5.60706;0;0;-1
0;373;37.5335;-39.9407;-26.8249;9.92192;4091.44;5.96591;0;0;0.1;0.01;0;7.96772;0;0;-1
0;374;37.6912;-23.17;-27.6902;9.98008;4163.81;6.00088;0;0;0.1;0.01;0;7.59136;0;0;-1
0;375;37.4559;-7.21066;-24.8395;9.68117;3800.77;5.82115;0;0;0.1;0.01;0;6.57058;0;0;-1
0;376;35.1303;8.91563;-26.7864;8.8148;2868.97;5.30021;0;0;0.1;0.01;0;5.30744;0;0;-1
0;377;37.2241;25.3867;-24.7098;9.96675;4147.15;5.99286;0;0;0.1;0.01;0;6.87898;0;0;-1
0;378;37.0144;42.137;-27.1002;9.84583;3998.03;5.92015;0;0;0.1;0.01;0;6.57796;0;0;-1
0;379;38.4499;63.6776;-24.8993;8.5;2572.44;5.11093;0;0;0.1;0.01;0;4.58618;1;0;-1
0;380;36.7494;78.8106;-24.8783;8.5;2572.44;5.11093;0;0;0.1;0.01;0;4.35241;1;0;-1
0;381;50.4386;-66.6495;-24.7869;10.2137;4463.11;6.14135;0;0;0.1;0.01;0;5.57008;0;0;-1
0;382;49.9626;-50.7731;-25.2891;10.1728;4409.71;6.11676;0;0;0.1;0.01;0;6.85245;0;0;-1
0;383;50.0714;-33.4179;-25.0291;8.55599;2623.61;5.14459;0;0;0.1;0.01;0;5.20307;0;0;-1
0;384;52.7138;-15.5632;-26.859;9.21838;3281.35;5.54288;0;0;0.1;0.01;0;6.25849;0;0;-1
0;385;51.8213;1.73443;-28.3341;10.0155;4208.3;6.02217;0;0;0.1;0.01;0;7.16823;0;0;-1
0;386;50.1073;17.7954;-28.5132;9.04577;3100.45;5.43909;0;0;0.1;0.01;0;6.16595;0;0;-1
0;387;50.3102;34.893;-25.0683;9.38364;3461.01;5.64225;0;0;0.1;0.01;0;5.57724;0;0;-1
0;388;52.9804;54.7691;-24.6959;8.65695;2717.59;5.2053;0;0;0.1;0.01;0;4.39742;0;0;-1
0;389;52.2027;72.6183;-26.9406;9.78828;3928.33;5.88555;0;0;0.1;0.01;0;4.37962;0;0;-1
0;390;66.3585;-59.2053;-27.6339;8.99162;3045.11;5.40653;0;0;0.1;0.01;0;4.13288;0;0;-1
0;391;66.6341;-42.2262;-25.0381;8.84857;2902.07;5.32052;0;0;0.1;0.01;0;5.48517;0;0;-1
0;392;67.4829;-23.2444;-24.8709;10.3678;4668.19;6.23401;0;0;0.1;0.01;0;6.53701;0;0;-1
0;393;65.5567;-5.59799;-26.927;8.9529;3005.94;5.38325;0;0;0.1;0.01;0;6.84092;0;0;-1
0;394;66.5853;9.454;-25.0948;9.2484;3313.51;5.56093;0;0;0.1;0.01;0;5.82391;0;0;-1
0;395;64.8733;25.4076;-25.603;9.8348;3984.6;5.91352;0;0;0.1;0.01;0;4.80936;0;0;-1
0;396;66.3779;46.5051;-25.9037;10.0347;4232.55;6.03372;0;0;0.1;0.01;0;5.81687;0;0;-1
0;397;65.0717;62.2787;-27.5184;10.0508;4252.95;6.0434;0;0;0.1;0.01;0;4.96947;0;0;-1
0;398;79.4154;-51.2633;-25.8216;10.1042;4321.1;6.07551;0;0;0.1;0.01;0;2.1793;0;0;-1
0;399;81.8797;-34.2036;-24.8294;10.2512;4512.45;6.1639;0;0;0.1;0.01;0;3.41475;0;0;-1
0;400;80.7491;-16.8107;-25.3508;8.88357;2936.64;5.34156;0;0;0.1;0.01;0;4.46865;0;0;-1
0;401;79.7969;-0.230185;-26.2396;9.30496;3374.68;5.59494;0;0;0.1;0.01;0;4.87228;0;0;-1
0;402;83.2177;17.795;-25.2708;9.79833;3940.44;5.89159;0;0;0.1;0.01;0;4.14635;0;0;-1
0;403;79.0995;33.7645;-27.9954;8.5;2572.44;5.11093;0;0;0.1;0.01;0;3.36645;1;0;-1
0;404;79.3715;54.6225;-26.544;10.3516;4646.34;6.22427;0;0;0.1;0.01;0;2.70778;0;0;-1
0;405;-98.4444;0.960938;-11.8099;10.2755;4544.62;6.17851;0;0;0.1;0.01;0;3.70393;0;0;-1
0;406;-84.2834;-42.0849;-11.2497;9.08598;3141.98;5.46327;0;0;0.1;0.01;0;3.46741;0;0;-1
0;407;-84.3759;-23.5414;-10.3066;10.4098;4725.15;6.25926;0;0;0.1;0.01;0;5.70386;0;0;-1
0;408;-85.2166;-7.13484;-12.4875;8.91246;2965.39;5.35893;0;0;0.1;0.01;0;5.26757;0;0;-1
0;409;-83.3486;11.6491;-11.9328;10.149;4378.83;6.10245;0;0;0.1;0.01;0;5.92256;0;0;-1
0;410;-84.8109;29.1393;-12.4356;8.5;2572.44;5.11093;0;0;0.1;0.01;0;4.12976;1;0;-1
0;411;-84.0309;42.4958;-11.3159;9.39125;3469.44;5.64682;0;0;0.1;0.01;0;4.12657;0;0;-1
0;412;-70.8128;-68.4407;-10.0661;8.78734;2842.24;5.2837;0;0;0.1;0.01;0;2.135;0;0;-1
0;413;-69.2281;-49.2643;-12.0009;9.51949;3613.51;5.72393;0;0;0.1;0.01;0;4.76719;0;0;-1
0;414;-69.8929;-32.5559;-10.1396;9.37135;3447.43;5.63486;0;0;0.1;0.01;0;6.79686;0;0;-1
0;415;-72.1619;-15.7389;-11.6898;9.40543;3485.17;5.65535;0;0;0.1;0.01;0;6.5862;0;0;-1
0;416;-70.7968;3.17384;-10.3133;8.76929;2824.76;5.27285;0;0;0.1;0.01;0;6.07092;0;0;-1
0;417;-68.3508;17.3755;-12.9476;8.58719;2652.42;5.16335;0;0;0.1;0.01;0;4.93127;0;0;-1
0;418;-69.4918;36.4709;-11.985;9.59908;3704.91;5.77179;0;0;0.1;0.01;0;6.34096;0;0;-1
0;419;-71.9189;53.7847;-13.0223;8.9755;3028.76;5.39684;0;0;0.1;0.01;0;4.4171;0;0;-1
0;420;-54.2856;-75.1341;-9.71794;8.85847;2911.82;5.32647;0;0;0.1;0.01;0;3.81382;0;0;-1
0;421;-56.6189;-58.2404;-12.3471;9.39962;3478.72;5.65186;0;0;0.1;0.01;0;5.38465;0;0;-1
0;422;-57.3276;-39.2015;-10.3206;8.57706;2643.04;5.15726;0;0;0.1;0.01;0;5.56563;0;0;-1
0;423;-57.3133;-23.9569;-11.8655;8.5;2572.44;5.11093;0;0;0.1;0.01;0;5.4919;1;0;-1
0;424;-55.2384;-7.21809;-11.808;9.00601;3059.75;5.41518;0;0;0.1;0.01;0;5.50082;0;0;-1
0;425;-54.3066;8.60194;-12.5465;10.0595;4264.01;6.04863;0;0;0.1;0.01;0;5.98784;0;0;-1
0;426;-57.3396;29.7705;-12.8187;8.5;2572.44;5.11093;0;0;0.1;0.01;0;5.63963;1;0;-1
0;427;-55.1146;44.7221;-11.8292;9.28257;3350.37;5.58147;0;0;0.1;0.01;0;6.85791;0;0;-1
0;428;-57.9518;60.0337;-10.6882;9.74725;3879.14;5.86088;0;0;0.1;0.01;0;5.4501;0;0;-1
0;429;-42.7899;-83.6442;-13.2543;10.0889;4301.5;6.06631;0;0;0.1;0.01;0;4.25693;0;0;-1
0;430;-39.3544;-64.6254;-11.5689;9.79525;3936.73;5.88974;0;0;0.1;0.01;0;5.6097;0;0;-1
0;431;-41.0498;-49.3525;-10.6915;8.52157;2592.07;5.1239;0;0;0.1;0.01;0;5.07865;0;0;-1
0;432;-41.2252;-32.6043;-12.3633;9.80366;3946.87;5.8948;0;0;0.1;0.01;0;6.13956;0;0;-1
0;433;-42.0819;-14.3447;-13.5215;10.014;4206.41;6.02127;0;0;0.1;0.01;0;6.08518;0;0;-1
0;434;-40.9213;3.07062;-10.7851;9.48602;3575.53;5.70381;0;0;0.1;0.01;0;5.76876;0;0;-1
0;435;-39.4047;20.0885;-11.2085;10.0097;4200.99;6.01869;0;0;0.1;0.01;0;6.27613;0;0;-1
0;436;-42.131;36.9044;-13.1711;9.33057;3402.62;5.61034;0;0;0.1;0.01;0;7.1993;0;0;-1
0;437;-42.6546;52.213;-12.6204;8.5;2572.44;5.11093;0;0;0.1;0.01;0;5.05247;1;0;-1
0;438;-43.005;70.6849;-12.5589;8.74544;2801.78;5.25851;0;0;0.1;0.01;0;4.72294;0;0;-1
0;439;-43.2526;85.1304;-13.3355;8.5;2572.44;5.11093;0;0;0.1;0.01;0;3.42561;1;0;-1
0;440;-27.9031;-93.1832;-13.0856;9.62079;3730.1;5.78484;0;0;0.1;0.01;0;4.31772;0;0;-1
0;441;-28.1468;-76.871;-13.0041;10.1441;4372.49;6.0995;0;0;0.1;0.01;0;7.0564;0;0;-1
0;442;-24.6954;-56.5739;-12.2832;10.3899;4698.1;6.2473;0;0;0.1;0.01;0;7.30654;0;0;-1
0;443;-27.3665;-41.7539;-10.1907;10.4383;4764.07;6.2764;0;0;0.1;0.01;0;7.632;0;0;-1
0;444;-26.6327;-22.2834;-11.8645;10.2193;4470.46;6.14472;0;0;0.1;0.01;0;6.64838;0;0;-1
0;445;-24.9557;-7.30779;-10.3174;8.54228;2611.02;5.13635;0;0;0.1;0.01;0;4.69971;0;0;-1
0;446;-25.1406;9.14802;-10.2536;9.43114;3513.83;5.67081;0;0;0.1;0.01;0;5.17418;0;0;-1
0;447;-27.4312;28.4683;-10.584;10.2555;4518.13;6.16648;0;0;0.1;0.01;0;6.15054;0;0;-1
0;448;-28.309;42.9591;-10.777;9.06343;3118.65;5.44971;0;0;0.1;0.01;0;5.62659;0;0;-1
0;449;-24.4446;59.0685;-12.8454;8.80537;2859.77;5.29454;0;0;0.1;0.01;0;4.53508;0;0;-1
0;450;-24.7751;77.6999;-12.247;9.85517;4009.41;5.92577;0;0;0.1;0.01;0;6.45229;0;0;-1
0;451;-24.8585;94.6739;-14.0157;10.1999;4445.05;6.13305;0;0;0.1;0.01;0;3.54482;0;0;-1
0;452;-13.5479;-83.3085;-11.084;8.5;2572.44;5.11093;0;0;0.1;0.01;0;4.45543;1;0;-1
0;453;-12.7727;-65.4549;-13.2522;8.5;2572.44;5.11093;0;0;0.1;0.01;0;5.52628;1;0;-1
0;454;-12.6924;-48.4381;-9.70971;9.49539;3586.14;5.70944;0;0;0.1;0.01;0;6.6063;0;0;-1
0;455;-11.4449;-32.3652;-11.7599;10.4018;4714.27;6.25445;0;0;0.1;0.01;0;7.25816;0;0;-1
0;456;-10.3975;-14.2707;-10.7224;8.5;2572.44;5.11093;0;0;0.1;0.01;0;6.06042;1;0;-1
0;457;-10.7177;0.962184;-11.6038;10.2021;4447.92;6.13437;0;0;0.1;0.01;0;7.16155;0;0;-1
0;458;-10.7332;16.9726;-11.6257;9.08701;3143.05;5.46389;0;0;0.1;0.01;0;5.76803;0;0;-1
0;459;-11.5917;34.2454;-12.5375;8.56015;2627.44;5.14709;0;0;0.1;0.01;0;4.61896;0;0;-1
0;460;-10.357;50.971;-10.6071;8.54843;2616.66;5.14005;0;0;0.1;0.01;0;5.22154;0;0;-1
0;461;-10.5238;67.4143;-11.632;9.0735;3129.05;5.45576;0;0;0.1;0.01;0;5.91083;0;0;-1
0;462;-11.7018;87.2578;-12.4355;8.5;2572.44;5.11093;0;0;0.1;0.01;0;4.79518;1;0;-1
0;463;4.3945;-91.5541;-10.5841;8.69412;2752.74;5.22765;0;0;0.1;0.01;0;3.76584;0;0;-1
0;464;1.54574;-75.9935;-12.1279;8.5;2572.44;5.11093;0;0;0.1;0.01;0;5.49083;1;0;-1
0;465;1.34614;-59.4793;-12.8527;8.86284;2916.13;5.3291;0;0;0.1;0.01;0;6.06269;0;0;-1
0;466;1.6814;-41.2608;-12.622;9.63019;3741.05;5.79049;0;0;0.1;0.01;0;6.53693;0;0;-1
0;467;1.26379;-21.5726;-10.4712;9.21799;3280.93;5.54264;0;0;0.1;0.01;0;6.60946;0;0;-1
0;468;1.59345;-7.4489;-12.1251;8.63646;2698.34;5.19298;0;0;0.1;0.01;0;6.12639;0;0;-1
0;469;3.27923;8.1706;-12.2766;10.1133;4332.79;6.08098;0;0;0.1;0.01;0;6.21104;0;0;-1
0;470;3.19251;25.1302;-13.5556;9.05314;3108.04;5.44352;0;0;0.1;0.01;0;4.72363;0;0;-1
0;471;1.9882;43.7658;-10.4939;9.3009;3370.26;5.5925;0;0;0.1;0.01;0;5.57912;0;0;-1
0;472;2.33449;59.5238;-10.7516;9.45512;3540.71;5.68523;0;0;0.1;0.01;0;6.58768;0;0;-1
0;473;2.70361;76.7498;-10.397;8.91847;2971.39;5.36255;0;0;0.1;0.01;0;6.03301;0;0;-1
0;474;3.0938;94.0423;-11.4618;10.2647;4530.3;6.17202;0;0;0.1;0.01;0;4.45886;0;0;-1
0;475;18.8207;-85.1784;-10.539;9.35595;3430.46;5.6256;0;0;0.1;0.01;0;5.7992;0;0;-1
0;476;16.0666;-68.1908;-10.5146;9.47166;3559.32;5.69517;0;0;0.1;0.01;0;6.35289;0;0;-1
0;477;15.965;-51.4693;-9.87316;9.86583;4022.44;5.93218;0;0;0.1;0.01;0;5.77743;0;0;-1
0;478;15.5233;-33.3877;-10.5229;9.65096;3765.3;5.80298;0;0;0.1;0.01;0;5.74269;0;0;-1
0;479;16.0397;-16.2981;-11.469;8.57311;2639.39;5.15489;0;0;0.1;0.01;0;5.90968;0;0;-1
0;480;16.4144;1.11578;-11.461;9.38448;3461.94;5.64275;0;0;0.1;0.01;0;5.58015;0;0;-1
0;481;19.4895;20.9021;-10.8809;9.88972;4051.73;5.94655;0;0;0.1;0.01;0;6.04937;0;0;-1
0;482;19.6221;38.1885;-13.1734;8.5;2572.44;5.11093;0;0;0.1;0.01;0;5.085;1;0;-1
0;483;18.1854;54.5322;-11.4719;8.5;2572.44;5.11093;0;0;0.1;0.01;0;4.93118;1;0;-1
0;484;17.3032;71.4387;-10.3192;10.3965;4707.06;6.25126;0;0;0.1;0.01;0;7.111;0;0;-1
0;485;15.6961;84.9741;-12.5736;8.5;2572.44;5.11093;0;0;0.1;0.01;0;5.45124;1;0;-1
0;486;31.9474;-93.7255;-12.0405;8.83098;2884.8;5.30994;0;0;0.1;0.01;0;1.85744;0;0;-1
0;487;33.3597;-76.6519;-12.3248;9.41174;3492.19;5.65914;0;0;0.1;0.01;0;5.65241;0;0;-1
0;488;32.8886;-55.3929;-10.3541;9.45135;3536.47;5.68296;0;0;0.1;0.01;0;4.9908;0;0;-1
0;489;34.1686;-38.8914;-10.1257;9.62386;3733.67;5.78669;0;0;0.1;0.01;0;6.14291;0;0;-1
0;490;31.2338;-21.3558;-12.2789;9.89423;4057.28;5.94926;0;0;0.1;0.01;0;7.10859;0;0;-1
0;491;33.1384;-6.34066;-10.7794;8.88235;2935.43;5.34083;0;0;0.1;0.01;0;5.56368;0;0;-1
0;492;33.5029;11.7953;-12.9144;10.3784;4682.52;6.24038;0;0;0.1;0.01;0;7.01868;0;0;-1
0;493;31.4708;29.05;-10.8344;9.24443;3309.25;5.55854;0;0;0.1;0.01;0;6.82179;0;0;-1
0;494;33.5336;46.2605;-13.246;9.56238;3662.58;5.74972;0;0;0.1;0.01;0;5.98825;0;0;-1
0;495;32.7938;63.488;-10.3643;8.6173;2680.42;5.18146;0;0;0.1;0.01;0;5.98429;0;0;-1
0;496;32.2667;79.3801;-10.1283;10.0567;4260.45;6.04695;0;0;0.1;0.01;0;6.38517;0;0;-1
0;497;45.9689;-82.9347;-10.7925;8.5;2572.44;5.11093;0;0;0.1;0.01;0;4.15537;1;0;-1
0;498;48.129;-67.889;-11.4493;9.53328;3629.24;5.73222;0;0;0.1;0.01;0;6.0119;0;0;-1
0;499;47.7003;-47.7321;-11.9668;9.34097;3414.01;5.61659;0;0;0.1;0.01;0;6.11552;0;0;-1
0;500;48.6172;-31.7071;-12.5217;9.05733;3112.36;5.44604;0;0;0.1;0.01;0;5.54038;0;0;-1
0;501;45.5551;-14.7375;-10.9561;9.15165;3210.6;5.50275;0;0;0.1;0.01;0;6.26646;0;0;-1
0;502;46.5955;0.438003;-11.0257;10.1585;4391.14;6.10816;0;0;0.1;0.01;0;7.44479;0;0;-1
0;503;47.7369;18.1174;-13.4346;10.1742;4411.53;6.1176;0;0;0.1;0.01;0;7.74644;0;0;-1
0;504;47.8998;34.6532;-10.5433;9.51622;3609.79;5.72196;0;0;0.1;0.01;0;6.42813;0;0;-1
0;505;45.9405;55.1957;-12.4989;8.5;2572.44;5.11093;0;0;0.1;0.01;0;5.02041;1;0;-1
0;506;46.2878;68.4965;-10.0161;9.24156;3306.16;5.55682;0;0;0.1;0.01;0;6.17111;0;0;-1
0;507;47.6965;85.6437;-13.0996;8.6403;2701.94;5.19529;0;0;0.1;0.01;0;2.33731;0;0;-1
0;508;61.0948;-74.2477;-11.2886;10.3036;4582.01;6.19541;0;0;0.1;0.01;0;3.19768;0;0;-1
0;509;60.3071;-56.0688;-13.3022;9.61516;3723.56;5.78146;0;0;0.1;0.01;0;6.39405;0;0;-1
0;510;61.4394;-42.1504;-11.6175;9.39919;3478.24;5.6516;0;0;0.1;0.01;0;6.41247;0;0;-1
0;511;62.5817;-25.7824;-11.8598;9.28468;3352.66;5.58274;0;0;0.1;0.01;0;5.84117;0;0;-1
0;512;62.743;-7.65263;-11.5024;9.83406;3983.7;5.91308;0;0;0.1;0.01;0;6.46663;0;0;-1
0;513;60.736;9.37242;-12.8096;10.2245;4477.29;6.14784;0;0;0.1;0.01;0;6.65835;0;0;-1
0;514;61.9722;28.7537;-10.221;9.92591;4096.37;5.96831;0;0;0.1;0.01;0;6.30843;0;0;-1
0;515;62.6722;45.9887;-11.1288;9.50542;3597.51;5.71547;0;0;0.1;0.01;0;5.70362;0;0;-1
0;516;63.2341;63.5902;-10.8043;10.0981;4313.28;6.07184;0;0;0.1;0.01;0;5.3349;0;0;-1
0;517;61.048;77.9213;-13.7899;8.90529;2958.24;5.35462;0;0;0.1;0.01;0;2.77329;0;0;-1
0;518;77.6046;-47.5325;-10.8138;8.5;2572.44;5.11093;0;0;0.1;0.01;0;3.89061;1;0;-1
0;519;77.3376;-30.0349;-11.2395;8.60685;2670.68;5.17517;0;0;0.1;0.01;0;5.62924;0;0;-1
0;520;75.2986;-14.4405;-10.8541;10.4528;4783.95;6.28512;0;0;0.1;0.01;0;7.80099;0;0;-1
0;521;74.9417;1.11966;-10.9915;8.5;2572.44;5.11093;0;0;0.1;0.01;0;6.1658;1;0;-1
0;522;76.6091;18.0094;-13.34;8.69993;2758.26;5.23114;0;0;0.1;0.01;0;5.7498;0;0;-1
0;523;75.0668;34.8516;-12.7165;8.5;2572.44;5.11093;0;0;0.1;0.01;0;5.25237;1;0;-1
0;524;75.3438;51.4815;-10.2289;9.24246;3307.13;5.55736;0;0;0.1;0.01;0;5.7192;0;0;-1
0;525;89.586;-22.175;-11.9496;8.5;2572.44;5.11093;0;0;0.1;0.01;0;3.79142;1;0;-1
0;526;90.0677;-4.25013;-10.1481;9.67018;3787.85;5.81454;0;0;0.1;0.01;0;4.12039;0;0;-1
0;527;89.5564;12.0086;-11.0211;8.94815;3001.15;5.38039;0;0;0.1;0.01;0;4.80254;0;0;-1
0;528;89.4289;27.0277;-11.2026;8.57982;2645.59;5.15892;0;0;0.1;0.01;0;4.51353;0;0;-1
0;529;89.2377;43.5634;-9.84359;10.0381;4236.85;6.03576;0;0;0.1;0.01;0;3.29396;0;0;-1
0;530;-93.9355;-16.5777;2.39466;9.45997;3546.16;5.68814;0;0;0.1;0.01;0;3.17027;0;0;-1
0;531;-95.6852;2.72564;3.43341;9.65336;3768.11;5.80443;0;0;0.1;0.01;0;3.78156;0;0;-1
0;532;-95.9072;18.688;2.15829;10.2032;4449.36;6.13504;0;0;0.1;0.01;0;3.23803;0;0;-1
0;533;-79.6756;-55.9228;3.04085;8.5;2572.44;5.11093;0;0;0.1;0.01;0;2.63843;1;0;-1
0;534;-82.6269;-41.5234;4.68224;9.80047;3943.02;5.89288;0;0;0.1;0.01;0;4.17425;0;0;-1
0;535;-80.596;-23.2257;2.97139;9.80139;3944.13;5.89343;0;0;0.1;0.01;0;6.45442;0;0;-1
0;536;-79.868;-6.13666;3.72706;9.46528;3552.13;5.69134;0;0;0.1;0.01;0;5.92456;0;0;-1
0;537;-81.7923;10.3539;2.71543;8.90491;2957.86;5.35439;0;0;0.1;0.01;0;4.70763;0;0;-1
0;538;-80.6021;25.4912;1.20807;8.5;2572.44;5.11093;0;0;0.1;0.01;0;3.69547;1;0;-1
0;539;-82.6833;44.075;2.76779;10.2457;4505.19;6.16059;0;0;0.1;0.01;0;4.42205;0;0;-1
0;540;-78.9051;61.1287;3.37745;9.4202;3501.62;5.66423;0;0;0.1;0.01;0;2.55949;0;0;-1
0;541;-63.8848;-65.5076;1.67841;8.86781;2921.04;5.33209;0;0;0.1;0.01;0;4.00783;0;0;-1
0;542;-64.278;-47.2849;4.39618;10.2617;4526.33;6.17021;0;0;0.1;0.01;0;6.23417;0;0;-1
0;543;-68.3925;-33.0514;3.55646;8.92266;2975.58;5.36507;0;0;0.1;0.01;0;5.75895;0;0;-1
0;544;-67.7955;-14.8233;1.7246;10.4365;4761.6;6.27532;0;0;0.1;0.01;0;6.92636;0;0;-1
0;545;-67.1972;0.399642;3.7367;10.3306;4618.12;6.21164;0;0;0.1;0.01;0;6.93436;0;0;-1
0;546;-64.7288;17.1278;3.37047;10.4477;4776.95;6.28205;0;0;0.1;0.01;0;6.01953;0;0;-1
0;547;-65.1796;36.524;3.09456;10.4249;4745.74;6.26834;0;0;0.1;0.01;0;6.60342;0;0;-1
0;548;-65.5672;52.0289;3.22437;9.47993;3568.65;5.70014;0;0;0.1;0.01;0;5.47978;0;0;-1
0;549;-64.9463;70.4102;3.16523;8.5;2572.44;5.11093;0;0;0.1;0.01;0;2.3483;1;0;-1
0;550;-49.9087;-75.3363;3.24206;8.5823;2647.89;5.16041;0;0;0.1;0.01;0;5.00616;0;0;-1
0;551;-50.3423;-59.3873;4.20874;8.71413;2771.79;5.23968;0;0;0.1;0.01;0;5.50684;0;0;-1
0;552;-50.9545;-42.3285;3.33839;8.72965;2786.63;5.24901;0;0;0.1;0.01;0;5.46375;0;0;-1
0;553;-52.1149;-24.4771;3.65891;8.58632;2651.61;5.16283;0;0;0.1;0.01;0;4.18703;0;0;-1
0;554;-49.6401;-5.3784;2.14408;8.5;2572.44;5.11093;0;0;0.1;0.01;0;4.35383;1;0;-1
0;555;-52.3036;10.0596;3.75149;8.5;2572.44;5.11093;0;0;0.1;0.01;0;4.98566;1;0;-1
0;556;-52.7545;25.8406;2.69906;8.5;2572.44;5.11093;0;0;0.1;0.01;0;5.48493;1;0;-1
0;557;-50.2702;42.9855;5.11416;9.8444;3996.28;5.91929;0;0;0.1;0.01;0;5.97395;0;0;-1
0;558;-50.7532;63.4592;1.83487;9.04923;3104.01;5.44117;0;0;0.1;0.01;0;5.21316;0;0;-1
0;559;-51.4535;78.1199;1.29103;9.76208;3896.87;5.8698;0;0;0.1;0.01;0;4.43689;0;0;-1
0;560;-34.9746;-84.0144;3.44329;9.36644;3442.01;5.6319;0;0;0.1;0.01;0;5.15523;0;0;-1
0;561;-38.5006;-67.3816;3.2457;9.15764;3216.91;5.50636;0;0;0.1;0.01;0;5.35441;0;0;-1
0;562;-36.7021;-50.3893;4.12048;8.5;2572.44;5.11093;0;0;0.1;0.01;0;5.17375;1;0;-1
0;563;-35.8331;-32.623;2.68176;9.95707;4135.07;5.98704;0;0;0.1;0.01;0;6.05427;0;0;-1
0;564;-38.0827;-14.0874;3.14764;8.97516;3028.41;5.39663;0;0;0.1;0.01;0;4.98288;0;0;-1
0;565;-36.6335;3.17872;4.03846;8.90095;2953.91;5.35201;0;0;0.1;0.01;0;5.85579;0;0;-1
0;566;-38.1382;19.9746;2.91968;10.1518;4382.46;6.10413;0;0;0.1;0.01;0;6.86606;0;0;-1
0;567;-38.1952;36.31;1.02904;8.89588;2948.87;5.34896;0;0;0.1;0.01;0;5.93173;0;0;-1
0;568;-35.4163;50.8421;2.86349;9.82839;3976.82;5.90967;0;0;0.1;0.01;0;5.01477;0;0;-1
0;569;-35.7477;71.7403;1.34088;10.4423;4769.55;6.2788;0;0;0.1;0.01;0;6.28601;0;0;-1
0;570;-35.328;87.8898;3.29232;9.58234;3685.56;5.76172;0;0;0.1;0.01;0;5.14437;0;0;-1
0;571;-20.7777;-93.6562;1.59919;9.51832;3612.18;5.72323;0;0;0.1;0.01;0;4.3137;0;0;-1
0;572;-20.5659;-76.6088;4.59148;8.53528;2604.61;5.13214;0;0;0.1;0.01;0;5.26522;0;0;-1
0;573;-23.6208;-57.637;1.54176;9.2155;3278.27;5.54115;0;0;0.1;0.01;0;6.00427;0;0;-1
0;574;-23.2235;-40.3572;2.14449;9.25268;3318.11;5.5635;0;0;0.1;0.01;0;6.4184;0;0;-1
0;575;-21.1693;-23.0796;3.57352;8.5;2572.44;5.11093;0;0;0.1;0.01;0;5.39753;1;0;-1
0;576;-20.5808;-5.19478;3.33712;8.55675;2624.31;5.14505;0;0;0.1;0.01;0;6.16243;0;0;-1
0;577;-20.1914;9.9901;4.07106;10.1133;4332.79;6.08098;0;0;0.1;0.01;0;6.90106;0;0;-1
0;578;-23.9359;27.5232;1.88759;8.5874;2652.61;5.16348;0;0;0.1;0.01;0;3.99275;0;0;-1
0;579;-19.9306;46.9953;1.83081;9.19996;3261.72;5.5318;0;0;0.1;0.01;0;4.54721;0;0;-1
0;580;-22.0304;63.3228;2.16452;9.89483;4058.01;5.94962;0;0;0.1;0.01;0;6.65776;0;0;-1
0;581;-22.1882;77.5552;1.90715;9.60554;3712.39;5.77567;0;0;0.1;0.01;0;6.1979;0;0;-1
0;582;-23.3641;96.2356;1.35781;9.90756;4073.7;5.95727;0;0;0.1;0.01;0;3.42058;0;0;-1
0;583;-7.07138;-98.9511;0.927345;10.0776;4287.06;6.05951;0;0;0.1;0.01;0;2.97504;0;0;-1
0;584;-5.6423;-81.0584;3.71086;8.73414;2790.93;5.25171;0;0;0.1;0.01;0;5.62796;0;0;-1
0;585;-9.08568;-66.6491;2.77184;10.3839;4689.97;6.24369;0;0;0.1;0.01;0;5.75206;0;0;-1
0;586;-7.63408;-49.2509;2.30902;8.64791;2709.08;5.19986;0;0;0.1;0.01;0;5.09718;0;0;-1
0;587;-7.4694;-29.9763;2.51983;9.4445;3528.79;5.67884;0;0;0.1;0.01;0;6.35169;0;0;-1
0;588;-8.78046;-14.1933;3.11431;9.71029;3835.18;5.83866;0;0;0.1;0.01;0;6.88076;0;0;-1
0;589;-7.88988;1.8077;3.77587;8.5;2572.44;5.11093;0;0;0.1;0.01;0;5.89967;1;0;-1
0;590;-6.29631;17.3612;1.34502;8.51996;2590.61;5.12293;0;0;0.1;0.01;0;5.93046;0;0;-1
0;591;-6.16565;34.6518;3.70382;9.22465;3288.05;5.54665;0;0;0.1;0.01;0;5.50975;0;0;-1
0;592;-5.76052;51.7993;3.54038;8.5;2572.44;5.11093;0;0;0.1;0.01;0;5.87057;1;0;-1
0;593;-7.56505;71.7834;2.33199;10.3283;4615.04;6.21026;0;0;0.1;0.01;0;6.85487;0;0;-1
0;594;-9.20928;88.3801;3.68046;9.77079;3907.31;5.87503;0;0;0.1;0.01;0;4.97561;0;0;-1
0;595;8.04071;-92.1732;3.10017;8.71605;2773.63;5.24083;0;0;0.1;0.01;0;4.7064;0;0;-1
0;596;8.63427;-76.0913;1.82681;9.61678;3725.44;5.78243;0;0;0.1;0.01;0;7.03933;0;0;-1
0;597;5.95208;-58.9214;1.68818;10.096;4310.59;6.07058;0;0;0.1;0.01;0;6.92032;0;0;-1
0;598;7.03561;-42.7403;3.59183;9.83689;3987.15;5.91478;0;0;0.1;0.01;0;6.72642;0;0;-1
0;599;7.54774;-24.9351;1.84629;9.5353;3631.55;5.73344;0;0;0.1;0.01;0;6.50533;0;0;-1
0;600;9.35369;-8.46052;4.44113;10.1237;4346.17;6.08723;0;0;0.1;0.01;0;5.92936;0;0;-1
0;601;5.73576;10.4505;2.77373;8.89902;2951.99;5.35085;0;0;0.1;0.01;0;4.95856;0;0;-1
0;602;7.62817;25.4236;2.11566;9.91149;4078.55;5.95964;0;0;0.1;0.01;0;6.0884;0;0;-1
0;603;8.3832;44.0603;2.34795;8.5;2572.44;5.11093;0;0;0.1;0.01;0;5.04554;1;0;-1
0;604;6.91466;60.389;1.62514;8.5;2572.44;5.11093;0;0;0.1;0.01;0;5.65835;1;0;-1
0;605;8.80021;76.5055;2.68102;8.62821;2690.61;5.18802;0;0;0.1;0.01;0;5.79796;0;0;-1
0;606;5.61257;97.9043;1.52083;9.70502;3828.93;5.83549;0;0;0.1;0.01;0;2.82638;0;0;-1
0;607;20.4529;-85.2888;2.17569;8.5;2572.44;5.11093;0;0;0.1;0.01;0;4.15305;1;0;-1
0;608;23.7057;-66.3272;2.7429;10.1485;4378.19;6.10215;0;0;0.1;0.01;0;5.92326;0;0;-1
0;609;22.3809;-47.3574;4.38423;8.61569;2678.91;5.18049;0;0;0.1;0.01;0;4.5824;0;0;-1
0;610;21.7435;-31.087;1.47564;8.5;2572.44;5.11093;0;0;0.1;0.01;0;5.78834;1;0;-1
0;611;21.4288;-14.7063;1.49732;8.5;2572.44;5.11093;0;0;0.1;0.01;0;5.46817;1;0;-1
0;612;23.2067;4.33846;1.19775;9.49255;3582.92;5.70773;0;0;0.1;0.01;0;5.44741;0;0;-1
0;613;23.3917;20.8354;4.67825;9.56391;3664.33;5.75064;0;0;0.1;0.01;0;6.83868;0;0;-1
0;614;21.9815;37.2948;4.96162;8.5;2572.44;5.11093;0;0;0.1;0.01;0;5.65859;1;0;-1
0;615;22.7768;51.4226;3.72593;9.88732;4048.78;5.9451;0;0;0.1;0.01;0;6.64353;0;0;-1
0;616;21.1355;67.7507;1.65721;9.16445;3224.09;5.51045;0;0;0.1;0.01;0;5.95677;0;0;-1
0;617;21.4073;89.4968;1.13735;10.1186;4339.6;6.08417;0;0;0.1;0.01;0;4.04261;0;0;-1
0;618;38.0403;-75.9283;1.66088;9.44408;3528.32;5.67859;0;0;0.1;0.01;0;6.03162;0;0;-1
0;619;38.5519;-59.6024;4.03239;8.64248;2703.98;5.1966;0;0;0.1;0.01;0;5.22691;0;0;-1
0;620;34.9039;-40.1483;3.41363;8.9796;3032.91;5.3993;0;0;0.1;0.01;0;5.44924;0;0;-1
0;621;35.0461;-25.7233;1.20076;9.54414;3641.66;5.73875;0;0;0.1;0.01;0;6.10556;0;0;-1
0;622;38.0183;-8.85143;4.48355;9.35846;3433.22;5.62711;0;0;0.1;0.01;0;6.0127;0;0;-1
0;623;37.2345;9.08733;1.45695;9.51894;3612.89;5.7236;0;0;0.1;0.01;0;5.74683;0;0;-1
0;624;36.6639;27.2508;2.87157;9.98295;4167.4;6.0026;0;0;0.1;0.01;0;6.514;0;0;-1
0;625;35.9285;44.5351;1.2108;10.3932;4702.58;6.24928;0;0;0.1;0.01;0;6.87929;0;0;-1
0;626;36.1019;62.7046;3.83309;10.293;4567.88;6.18903;0;0;0.1;0.01;0;7.82476;0;0;-1
0;627;37.663;80.0028;2.5285;10.395;4705.03;6.25036;0;0;0.1;0.01;0;5.13822;0;0;-1
0;628;50.8438;-83.5309;2.90066;8.5;2572.44;5.11093;0;0;0.1;0.01;0;2.98741;1;0;-1
0;629;52.1826;-64.6104;4.05102;9.83279;3982.16;5.91231;0;0;0.1;0.01;0;5.58462;0;0;-1
0;630;50.32;-48.4664;3.25938;10.1367;4362.93;6.09505;0;0;0.1;0.01;0;6.36169;0;0;-1
0;631;53.4003;-33.6498;4.79878;8.5;2572.44;5.11093;0;0;0.1;0.01;0;5.81059;1;0;-1
0;632;51.382;-15.8276;2.99977;8.60239;2666.53;5.17249;0;0;0.1;0.01;0;5.11633;0;0;-1
0;633;52.1611;1.13786;2.46918;8.51441;2585.55;5.11959;0;0;0.1;0.01;0;5.43441;0;0;-1
0;634;52.3774;17.0486;1.66496;9.47502;3563.11;5.69719;0;0;0.1;0.01;0;7.31166;0;0;-1
0;635;50.185;34.3906;2.73698;9.80689;3950.78;5.89674;0;0;0.1;0.01;0;6.23282;0;0;-1
0;636;51.3768;54.6325;4.70307;8.5;2572.44;5.11093;0;0;0.1;0.01;0;5.01713;1;0;-1
0;637;50.009;67.7093;3.25902;9.09874;3155.24;5.47094;0;0;0.1;0.01;0;4.69979;0;0;-1
0;638;68.0584;-56.0616;4.68486;9.91865;4087.39;5.96394;0;0;0.1;0.01;0;4.38671;0;0;-1
0;639;67.5948;-39.0428;2.40319;9.67029;3787.97;5.81461;0;0;0.1;0.01;0;7.08877;0;0;-1
0;640;64.734;-24.1594;3.89877;8.59961;2663.94;5.17082;0;0;0.1;0.01;0;5.67779;0;0;-1
0;641;67.8267;-6.65692;4.43212;8.5;2572.44;5.11093;0;0;0.1;0.01;0;4.86825;1;0;-1
0;642;65.6281;12.2033;3.83138;10.2544;4516.68;6.16582;0;0;0.1;0.01;0;6.72134;0;0;-1
0;643;65.4879;25.9354;3.94475;8.5;2572.44;5.11093;0;0;0.1;0.01;0;6.09957;1;0;-1
0;644;66.9149;44.3102;4.36152;9.40417;3483.77;5.65459;0;0;0.1;0.01;0;5.69692;0;0;-1
0;645;67.4223;60.1771;4.31946;9.78995;3930.34;5.88655;0;0;0.1;0.01;0;4.46613;0;0;-1
0;646;82.3303;-47.3935;5.1082;9.16647;3226.23;5.51167;0;0;0.1;0.01;0;3.67485;0;0;-1
0;647;82.1697;-33.1102;3.18362;10.4059;4719.84;6.25692;0;0;0.1;0.01;0;5.82332;0;0;-1
0;648;81.3982;-15.7957;3.84107;9.58771;3691.76;5.76495;0;0;0.1;0.01;0;6.49084;0;0;-1
0;649;79.7738;0.0562385;1.87932;9.17655;3236.88;5.51773;0;0;0.1;0.01;0;5.7293;0;0;-1
0;650;80.9754;18.255;2.4467;9.17519;3235.44;5.51691;0;0;0.1;0.01;0;6.64289;0;0;-1
0;651;82.5368;36.1042;4.09268;10.3563;4652.67;6.22709;0;0;0.1;0.01;0;5.55218;0;0;-1
0;652;82.802;55.3001;4.89591;9.98006;4163.78;6.00087;0;0;0.1;0.01;0;2.84837;0;0;-1
0;653;95.8372;-23.3873;2.1056;10.372;4673.86;6.23653;0;0;0.1;0.01;0;3.62965;0;0;-1
0;654;96.3552;-7.56275;4.22676;9.30892;3378.99;5.59732;0;0;0.1;0.01;0;3.40801;0;0;-1
0;655;94.5245;12.1165;1.93423;9.59168;3696.35;5.76734;0;0;0.1;0.01;0;4.21329;0;0;-1
0;656;94.3141;26.6338;4.48004;10.0281;4224.2;6.02975;0;0;0.1;0.01;0;4.46378;0;0;-1
0;657;-86.8376;-40.7532;19.2019;10.0139;4206.28;6.02121;0;0;0.1;0.01;0;3.22099;0;0;-1
0;658;-85.0794;-21.1766;18.5572;9.39531;3473.94;5.64926;0;0;0.1;0.01;0;3.28255;0;0;-1
0;659;-84.8777;-4.98765;19.2746;9.9256;4095.99;5.96812;0;0;0.1;0.01;0;4.60393;0;0;-1
0;660;-86.6495;10.4792;17.1936;9.41782;3498.97;5.6628;0;0;0.1;0.01;0;4.71469;0;0;-1
0;661;-85.7252;27.1047;18.3075;8.5;2572.44;5.11093;0;0;0.1;0.01;0;3.21745;1;0;-1
0;662;-84.2582;45.3249;18.9243;8.68184;2741.09;5.22026;0;0;0.1;0.01;0;2.72849;0;0;-1
0;663;-72.1118;-63.6413;19.8412;9.46219;3548.65;5.68948;0;0;0.1;0.01;0;3.35536;0;0;-1
0;664;-70.8112;-48.5644;16.6719;9.04696;3101.68;5.43981;0;0;0.1;0.01;0;6.11188;0;0;-1
0;665;-68.9816;-33.8722;19.1849;8.5;2572.44;5.11093;0;0;0.1;0.01;0;5.46677;1;0;-1
0;666;-71.9602;-13.1862;19.015;9.90376;4069.01;5.95499;0;0;0.1;0.01;0;7.23605;0;0;-1
0;667;-69.387;2.1719;19.7054;9.7357;3865.36;5.85394;0;0;0.1;0.01;0;6.93212;0;0;-1
0;668;-70.2485;18.6399;19.3012;9.64972;3763.85;5.80224;0;0;0.1;0.01;0;5.8009;0;0;-1
0;669;-70.2953;34.2562;16.7405;8.77909;2834.24;5.27874;0;0;0.1;0.01;0;4.32354;0;0;-1
0;670;-70.2539;52.8835;16.266;8.5;2572.44;5.11093;0;0;0.1;0.01;0;3.91611;1;0;-1
0;671;-58.023;-74.9499;17.1198;10.065;4271;6.05194;0;0;0.1;0.01;0;4.51408;0;0;-1
0;672;-57.496;-58.6518;18.7027;9.47117;3558.77;5.69488;0;0;0.1;0.01;0;6.43769;0;0;-1
0;673;-56.2041;-39.5363;17.4559;10.2399;4497.55;6.1571;0;0;0.1;0.01;0;7.40365;0;0;-1
0;674;-57.084;-23.2703;16.9146;8.9323;2985.23;5.37086;0;0;0.1;0.01;0;5.73324;0;0;-1
0;675;-55.1871;-6.46237;16.0494;9.97374;4155.88;5.99707;0;0;0.1;0.01;0;6.24411;0;0;-1
0;676;-57.1243;8.61565;17.4084;8.70387;2762.01;5.23351;0;0;0.1;0.01;0;5.38539;0;0;-1
0;677;-55.381;26.773;16.7922;9.65507;3770.12;5.80545;0;0;0.1;0.01;0;5.70898;0;0;-1
0;678;-54.9776;46.9009;18.9466;8.5;2572.44;5.11093;0;0;0.1;0.01;0;4.35252;1;0;-1
0;679;-53.9887;61.9359;18.2845;8.67427;2733.93;5.21571;0;0;0.1;0.01;0;3.807;0;0;-1
0;680;-53.7942;78.0484;19.6614;9.60026;3706.27;5.7725;0;0;0.1;0.01;0;2.63891;0;0;-1
0;681;-41.7;-84.6167;16.8504;9.64536;3758.75;5.79962;0;0;0.1;0.01;0;4.32756;0;0;-1
0;682;-40.6335;-67.4672;17.7322;8.98447;3037.85;5.40223;0;0;0.1;0.01;0;5.51462;0;0;-1
0;683;-40.4655;-47.7829;16.7394;9.09298;3149.25;5.46748;0;0;0.1;0.01;0;5.26025;0;0;-1
0;684;-42.5307;-33.0299;18.1929;9.56256;3662.78;5.74983;0;0;0.1;0.01;0;6.35526;0;0;-1
0;685;-42.1582;-13.7595;16.4888;8.5;2572.44;5.11093;0;0;0.1;0.01;0;4.91583;1;0;-1
0;686;-39.9919;2.27897;17.7254;8.8338;2887.56;5.31164;0;0;0.1;0.01;0;5.08142;0;0;-1
0;687;-42.2121;18.6847;18.4633;8.81873;2872.81;5.30257;0;0;0.1;0.01;0;5.43368;0;0;-1
0;688;-41.1616;33.7393;18.2718;8.97255;3025.77;5.39506;0;0;0.1;0.01;0;5.19117;0;0;-1
0;689;-39.7063;53.2143;18.5403;8.97931;3032.62;5.39913;0;0;0.1;0.01;0;4.73719;0;0;-1
0;690;-39.5874;71.4853;16.4001;10.2106;4459.05;6.13949;0;0;0.1;0.01;0;5.90373;0;0;-1
0;691;-41.5967;87.7469;18.5463;8.98874;3042.18;5.4048;0;0;0.1;0.01;0;2.93012;0;0;-1
0;692;-27.7609;-93.4546;16.8262;10.4523;4783.26;6.28482;0;0;0.1;0.01;0;3.97961;0;0;-1
0;693;-27.5093;-72.8547;18.5028;9.83112;3980.13;5.91131;0;0;0.1;0.01;0;6.16524;0;0;-1
0;694;-25.3737;-56.7087;16.2808;8.5;2572.44;5.11093;0;0;0.1;0.01;0;4.44991;1;0;-1
0;695;-24.5019;-40.3771;17.8418;8.88227;2935.35;5.34078;0;0;0.1;0.01;0;5.48692;0;0;-1
0;696;-28.36;-24.7233;16.3186;9.59361;3698.58;5.7685;0;0;0.1;0.01;0;6.04763;0;0;-1
0;697;-28.3786;-7.1864;16.0111;9.33032;3402.34;5.61019;0;0;0.1;0.01;0;5.29143;0;0;-1
0;698;-26.9572;10.6792;16.4877;9.60486;3711.6;5.77526;0;0;0.1;0.01;0;6.09092;0;0;-1
0;699;-27.4545;28.0484;17.3686;9.05772;3112.76;5.44628;0;0;0.1;0.01;0;5.12945;0;0;-1
0;700;-25.4597;45.9297;17.6351;9.58543;3689.13;5.76358;0;0;0.1;0.01;0;5.76711;0;0;-1
0;701;-28.1535;62.0594;16.4085;9.01678;3070.74;5.42166;0;0;0.1;0.01;0;5.90505;0;0;-1
0;702;-27.4117;80.4123;16.3113;10.1887;4430.42;6.12632;0;0;0.1;0.01;0;5.89167;0;0;-1
0;703;-13.2917;-83.6085;17.6363;9.77088;3907.42;5.87509;0;0;0.1;0.01;0;5.45728;0;0;-1
0;704;-13.7358;-65.6466;17.028;8.5;2572.44;5.11093;0;0;0.1;0.01;0;4.20904;1;0;-1
0;705;-11.1795;-47.5324;16.269;9.7905;3931;5.88689;0;0;0.1;0.01;0;5.44973;0;0;-1
0;706;-12.3554;-30.7873;19.3471;8.63701;2698.85;5.19331;0;0;0.1;0.01;0;5.76257;0;0;-1
0;707;-11.5489;-16.1874;17.4735;9.71429;3839.92;5.84106;0;0;0.1;0.01;0;6.34008;0;0;-1
0;708;-13.6698;1.66429;17.1303;10.0878;4300.09;6.06565;0;0;0.1;0.01;0;7.02287;0;0;-1
0;709;-13.1793;20.7923;16.6105;10.0841;4295.36;6.06342;0;0;0.1;0.01;0;6.26978;0;0;-1
0;710;-10.9546;37.3224;17.2888;8.97727;3030.55;5.3979;0;0;0.1;0.01;0;5.49522;0;0;-1
0;711;-10.0195;52.3607;18.3013;10.1287;4352.61;6.09024;0;0;0.1;0.01;0;6.64331;0;0;-1
0;712;-11.6696;68.4262;18.365;8.59754;2662.02;5.16958;0;0;0.1;0.01;0;5.20833;0;0;-1
0;713;-11.0551;85.2595;18.6733;8.5;2572.44;5.11093;0;0;0.1;0.01;0;3.73699;1;0;-1
0;714;1.6826;-91.9841;17.4368;10.248;4508.23;6.16197;0;0;0.1;0.01;0;3.90828;0;0;-1
0;715;4.58225;-72.2705;15.9798;8.68782;2746.76;5.22386;0;0;0.1;0.01;0;5.15376;0;0;-1
0;716;2.8179;-56.9694;17.3338;8.5;2572.44;5.11093;0;0;0.1;0.01;0;5.54563;1;0;-1
0;717;2.96136;-39.8551;16.6738;9.887;4048.39;5.94491;0;0;0.1;0.01;0;6.58549;0;0;-1
0;718;2.38682;-24.4673;16.4639;8.82136;2875.38;5.30416;0;0;0.1;0.01;0;5.63409;0;0;-1
0;719;4.97475;-8.37558;17.1112;8.57217;2638.52;5.15432;0;0;0.1;0.01;0;4.74343;0;0;-1
0;720;4.17242;9.65287;16.3854;9.89258;4055.25;5.94826;0;0;0.1;0.01;0;4.8918;0;0;-1
0;721;2.16376;28.5085;16.643;9.95865;4137.04;5.98799;0;0;0.1;0.01;0;6.24762;0;0;-1
0;722;2.5324;46.1891;15.616;8.5982;2662.63;5.16997;0;0;0.1;0.01;0;5.80367;0;0;-1
0;723;2.66216;63.4024;15.8912;10.4039;4717.12;6.25571;0;0;0.1;0.01;0;6.71275;0;0;-1
0;724;0.991683;77.9651;15.9357;8.66392;2724.16;5.20949;0;0;0.1;0.01;0;5.68509;0;0;-1
0;725;4.69775;93.089;17.7722;8.70908;2766.98;5.23664;0;0;0.1;0.01;0;2.89381;0;0;-1
0;726;17.7767;-82.3789;17.1065;10.0453;4245.97;6.04009;0;0;0.1;0.01;0;5.13204;0;0;-1
0;727;15.797;-64.4097;16.3826;8.5;2572.44;5.11093;0;0;0.1;0.01;0;4.94442;1;0;-1
0;728;16.0218;-50.0864;18.3108;9.61978;3728.93;5.78423;0;0;0.1;0.01;0;5.55461;0;0;-1
0;729;18.933;-33.9827;18.1046;8.5;2572.44;5.11093;0;0;0.1;0.01;0;4.31389;1;0;-1
0;730;18.3555;-17.0113;17.3421;9.30503;3374.75;5.59498;0;0;0.1;0.01;0;5.77365;0;0;-1
0;731;17.4641;2.72238;18.4921;8.54447;2613.03;5.13767;0;0;0.1;0.01;0;4.7387;0;0;-1
0;732;16.5793;21.1403;16.2188;9.14026;3198.63;5.49591;0;0;0.1;0.01;0;6.27643;0;0;-1
0;733;16.5146;37.0713;17.4457;8.88866;2941.69;5.34462;0;0;0.1;0.01;0;5.88789;0;0;-1
0;734;19.664;52.9283;17.697;8.85858;2911.93;5.32654;0;0;0.1;0.01;0;5.16837;0;0;-1
0;735;16.4135;69.7774;17.3927;8.51644;2587.4;5.12081;0;0;0.1;0.01;0;5.15624;0;0;-1
0;736;17.9142;85.676;16.4535;9.17315;3233.29;5.51568;0;0;0.1;0.01;0;3.56756;0;0;-1
0;737;33.1737;-92.4878;15.9358;9.05955;3114.64;5.44738;0;0;0.1;0.01;0;1.68936;0;0;-1
0;738;33.7851;-73.7676;16.0982;9.51316;3606.31;5.72013;0;0;0.1;0.01;0;5.47878;0;0;-1
0;739;33.177;-55.2463;18.0146;9.15668;3215.9;5.50578;0;0;0.1;0.01;0;4.54293;0;0;-1
0;740;33.6516;-39.0278;18.0757;8.5;2572.44;5.11093;0;0;0.1;0.01;0;5.329;1;0;-1
0;741;31.4378;-24.484;16.3401;9.37929;3456.2;5.63963;0;0;0.1;0.01;0;6.48202;0;0;-1
0;742;30.7105;-8.06129;18.5969;9.30862;3378.66;5.59714;0;0;0.1;0.01;0;5.498;0;0;-1
0;743;30.5331;11.5653;17.0156;8.87722;2930.35;5.33774;0;0;0.1;0.01;0;5.13505;0;0;-1
0;744;32.0973;26.8746;16.766;8.78131;2836.39;5.28007;0;0;0.1;0.01;0;5.40267;0;0;-1
0;745;33.2195;45.7683;16.5256;8.5;2572.44;5.11093;0;0;0.1;0.01;0;5.28847;1;0;-1
0;746;30.4856;63.4344;19.476;9.08213;3137.99;5.46095;0;0;0.1;0.01;0;6.81699;0;0;-1
0;747;30.6492;77.8136;17.8483;9.25776;3323.58;5.56656;0;0;0.1;0.01;0;5.18448;0;0;-1
0;748;45.3076;-81.2456;16.0921;9.99665;4184.58;6.01084;0;0;0.1;0.01;0;4.70897;0;0;-1
0;749;48.9059;-67.6378;17.0112;8.61752;2680.62;5.18159;0;0;0.1;0.01;0;5.08385;0;0;-1
0;750;47.5159;-48.169;18.5953;8.5;2572.44;5.11093;0;0;0.1;0.01;0;4.60367;1;0;-1
0;751;46.7629;-31.8971;16.6164;9.52674;3621.78;5.72829;0;0;0.1;0.01;0;6.82995;0;0;-1
0;752;46.3611;-15.3173;17.5062;9.96599;4146.2;5.99241;0;0;0.1;0.01;0;6.40238;0;0;-1
0;753;46.2079;4.39676;19.4804;9.61473;3723.06;5.7812;0;0;0.1;0.01;0;5.43056;0;0;-1
0;754;48.7906;20.4701;17.3373;9.77667;3914.37;5.87857;0;0;0.1;0.01;0;6.22998;0;0;-1
0;755;46.8604;34.8753;18.9817;8.5;2572.44;5.11093;0;0;0.1;0.01;0;5.23565;1;0;-1
0;756;45.0837;54.0919;16.5879;10.1386;4365.39;6.09619;0;0;0.1;0.01;0;6.57499;0;0;-1
0;757;46.9777;68.9763;17.7804;8.7934;2848.13;5.28734;0;0;0.1;0.01;0;5.04336;0;0;-1
0;758;45.9411;86.0439;19.6657;8.5;2572.44;5.11093;0;0;0.1;0.01;0;1.28337;1;0;-1
0;759;61.2236;-75.4426;17.4889;9.74749;3879.42;5.86102;0;0;0.1;0.01;0;2.82166;0;0;-1
0;760;62.3043;-57.9536;18.1629;8.5;2572.44;5.11093;0;0;0.1;0.01;0;4.94984;1;0;-1
0;761;62.5615;-38.7151;16.7021;10.097;4311.87;6.07118;0;0;0.1;0.01;0;7.49569;0;0;-1
0;762;60.4221;-24.2789;16.5108;9.90118;4065.83;5.95344;0;0;0.1;0.01;0;7.5465;0;0;-1
0;763;60.3783;-7.40411;16.751;8.93108;2984.01;5.37013;0;0;0.1;0.01;0;4.81288;0;0;-1
0;764;62.4581;10.6037;16.9673;9.45392;3539.36;5.6845;0;0;0.1;0.01;0;5.78067;0;0;-1
0;765;61.6863;28.5328;16.4809;10.2254;4478.47;6.14838;0;0;0.1;0.01;0;7.22369;0;0;-1
0;766;61.8687;45.2107;19.0397;8.67367;2733.36;5.21535;0;0;0.1;0.01;0;6.08086;0;0;-1
0;767;62.2912;63.6382;19.0431;10.0225;4217.13;6.02638;0;0;0.1;0.01;0;4.83283;0;0;-1
0;768;75.9061;-50.2084;19.5067;8.70096;2759.24;5.23176;0;0;0.1;0.01;0;3.01382;0;0;-1
0;769;76.0475;-33.4766;18.3405;10.0886;4301.12;6.06613;0;0;0.1;0.01;0;6.13444;0;0;-1
0;770;77.617;-16.9504;16.7454;8.5;2572.44;5.11093;0;0;0.1;0.01;0;4.96246;1;0;-1
0;771;74.8822;0.855069;19.4096;8.71841;2775.88;5.24225;0;0;0.1;0.01;0;4.44582;0;0;-1
0;772;76.4908;20.1065;16.1844;9.82373;3971.16;5.90687;0;0;0.1;0.01;0;6.53781;0;0;-1
0;773;74.819;37.9198;19.071;10.3722;4674.14;6.23665;0;0;0.1;0.01;0;6.73514;0;0;-1
0;774;76.5238;52.4261;18.7605;8.77615;2831.4;5.27697;0;0;0.1;0.01;0;4.58024;0;0;-1
0;775;91.5325;-22.0683;18.6388;9.7875;3927.39;5.88508;0;0;0.1;0.01;0;4.34467;0;0;-1
0;776;92.7505;-7.35842;19.939;8.5;2572.44;5.11093;0;0;0.1;0.01;0;2.61903;1;0;-1
0;777;91.7004;9.32391;16.2204;9.05672;3111.73;5.44567;0;0;0.1;0.01;0;2.52809;0;0;-1
0;778;89.4688;26.8418;17.3952;9.35384;3428.14;5.62433;0;0;0.1;0.01;0;4.07808;0;0;-1
0;779;-93.5875;2.41079;34.5601;8.55786;2625.33;5.14572;0;0;0.1;0.01;0;2.84493;0;0;-1
0;780;-82.0377;-39.7113;31.6345;9.85962;4014.85;5.92845;0;0;0.1;0.01;0;3.15485;0;0;-1
0;781;-79.687;-25.0872;32.4526;9.32437;3395.84;5.60661;0;0;0.1;0.01;0;4.25181;0;0;-1
0;782;-79.001;-6.09271;34.0267;9.22038;3283.49;5.54408;0;0;0.1;0.01;0;5.97798;0;0;-1
0;783;-80.1785;10.0478;31.8177;8.73128;2788.19;5.24999;0;0;0.1;0.01;0;4.89482;0;0;-1
0;784;-82.6977;25.8737;30.9221;9.40262;3482.05;5.65366;0;0;0.1;0.01;0;2.74923;0;0;-1
0;785;-79.9029;46.0303;31.3485;8.54151;2610.31;5.13589;0;0;0.1;0.01;0;2.20468;0;0;-1
0;786;-65.9582;-66.8899;33.9556;9.46889;3556.2;5.69351;0;0;0.1;0.01;0;3.41835;0;0;-1
0;787;-66.6256;-47.6763;32.239;9.70994;3834.76;5.83845;0;0;0.1;0.01;0;4.79129;0;0;-1
0;788;-64.3041;-30.7709;34.2055;9.95636;4134.19;5.98661;0;0;0.1;0.01;0;6.55686;0;0;-1
0;789;-66.7758;-15.5658;31.0196;8.5;2572.44;5.11093;0;0;0.1;0.01;0;5.95114;1;0;-1
0;790;-65.6104;0.0155407;34.1202;8.9441;2997.08;5.37796;0;0;0.1;0.01;0;5.98557;0;0;-1
0;791;-66.5516;18.1305;33.8918;8.5;2572.44;5.11093;0;0;0.1;0.01;0;4.43118;1;0;-1
0;792;-64.4089;35.1712;31.6586;8.58667;2651.94;5.16304;0;0;0.1;0.01;0;4.16606;0;0;-1
0;793;-66.8397;53.0584;33.1999;9.91933;4088.23;5.96435;0;0;0.1;0.01;0;3.57423;0;0;-1
0;794;-53.1877;-73.3269;30.6161;10.1149;4334.84;6.08194;0;0;0.1;0.01;0;4.85183;0;0;-1
0;795;-50.1874;-58.7156;30.9871;9.48167;3570.62;5.70119;0;0;0.1;0.01;0;6.02606;0;0;-1
0;796;-49.8398;-38.3998;31.6547;9.72083;3847.68;5.84499;0;0;0.1;0.01;0;6.12751;0;0;-1
0;797;-52.8067;-21.2971;31.1205;8.5;2572.44;5.11093;0;0;0.1;0.01;0;4.9161;1;0;-1
0;798;-52.7075;-7.2902;34.191;9.66627;3783.25;5.81219;0;0;0.1;0.01;0;4.47684;0;0;-1
0;799;-51.6682;11.8738;31.777;8.5;2572.44;5.11093;0;0;0.1;0.01;0;4.16247;1;0;-1
0;800;-50.7141;29.4046;32.6067;8.5;2572.44;5.11093;0;0;0.1;0.01;0;5.238;1;0;-1
0;801;-52.7782;43.3433;33.1267;8.5;2572.44;5.11093;0;0;0.1;0.01;0;5.24137;1;0;-1
0;802;-51.6441;60.0687;33.9703;8.5;2572.44;5.11093;0;0;0.1;0.01;0;4.23781;1;0;-1
0;803;-35.6448;-85.3986;34.2859;10.1766;4414.65;6.11904;0;0;0.1;0.01;0;3.63543;0;0;-1
0;804;-38.0003;-66.3779;31.2853;8.5;2572.44;5.11093;0;0;0.1;0.01;0;4.55916;1;0;-1
0;805;-37.949;-47.2924;33.1283;9.74583;3877.44;5.86003;0;0;0.1;0.01;0;5.96474;0;0;-1
0;806;-34.4733;-33.035;33.0286;10.2533;4515.23;6.16516;0;0;0.1;0.01;0;6.52056;0;0;-1
0;807;-35.1779;-16.2789;32.7125;8.8572;2910.57;5.32571;0;0;0.1;0.01;0;4.12903;0;0;-1
0;808;-35.3327;2.98033;32.2979;8.80953;2863.83;5.29704;0;0;0.1;0.01;0;4.5347;0;0;-1
0;809;-38.306;17.6689;32.7614;8.96634;3019.49;5.39133;0;0;0.1;0.01;0;4.90091;0;0;-1
0;810;-36.9779;37.9457;31.6584;9.65063;3764.92;5.80278;0;0;0.1;0.01;0;6.08296;0;0;-1
0;811;-36.8383;52.4733;32.4168;8.9865;3039.91;5.40345;0;0;0.1;0.01;0;5.22463;0;0;-1
0;812;-37.9041;69.1977;32.1244;8.5;2572.44;5.11093;0;0;0.1;0.01;0;3.35575;1;0;-1
0;813;-20.9659;-91.0278;34.0194;9.86408;4020.3;5.93113;0;0;0.1;0.01;0;3.76533;0;0;-1
0;814;-22.9249;-74.3034;32.228;8.5;2572.44;5.11093;0;0;0.1;0.01;0;5.1207;1;0;-1
0;815;-22.8388;-57.0533;34.4227;8.61747;2680.57;5.18156;0;0;0.1;0.01;0;4.58503;0;0;-1
0;816;-21.858;-42.7379;31.8909;8.61331;2676.69;5.17906;0;0;0.1;0.01;0;5.68074;0;0;-1
0;817;-20.4326;-21.6621;31.3863;8.5;2572.44;5.11093;0;0;0.1;0.01;0;3.9586;1;0;-1
0;818;-20.956;-4.75678;34.0507;9.37895;3455.82;5.63943;0;0;0.1;0.01;0;5.90031;0;0;-1
0;819;-21.7903;11.1918;31.6452;8.93559;2988.53;5.37284;0;0;0.1;0.01;0;5.87723;0;0;-1
0;820;-22.9963;29.3692;33.7792;9.49202;3582.32;5.70741;0;0;0.1;0.01;0;5.55371;0;0;-1
0;821;-20.7373;44.2992;33.8146;9.19925;3260.96;5.53138;0;0;0.1;0.01;0;6.29511;0;0;-1
0;822;-20.4337;59.6993;30.9837;8.65751;2718.11;5.20564;0;0;0.1;0.01;0;5.12134;0;0;-1
0;823;-21.7697;76.7146;32.6741;10.0526;4255.24;6.04448;0;0;0.1;0.01;0;4.73917;0;0;-1
0;824;-6.81952;-81.4799;33.0075;10.2345;4490.44;6.15386;0;0;0.1;0.01;0;5.73702;0;0;-1
0;825;-7.58323;-65.849;32.0422;9.11861;3175.96;5.48289;0;0;0.1;0.01;0;4.85305;0;0;-1
0;826;-8.81027;-46.9432;30.7923;9.1191;3176.47;5.48318;0;0;0.1;0.01;0;5.15111;0;0;-1
0;827;-5.46246;-32.6244;31.175;8.5;2572.44;5.11093;0;0;0.1;0.01;0;4.74439;1;0;-1
0;828;-8.84067;-13.1783;31.5921;10.4144;4731.42;6.26203;0;0;0.1;0.01;0;6.59258;0;0;-1
0;829;-7.46523;3.4757;31.952;9.30981;3379.96;5.59785;0;0;0.1;0.01;0;6.08632;0;0;-1
0;830;-6.85354;20.9995;33.6342;10.0649;4270.88;6.05188;0;0;0.1;0.01;0;5.67642;0;0;-1
0;831;-7.47742;37.7971;34.0838;9.13604;3194.2;5.49337;0;0;0.1;0.01;0;6.1429;0;0;-1
0;832;-5.85129;51.7263;33.6861;8.5;2572.44;5.11093;0;0;0.1;0.01;0;5.49214;1;0;-1
0;833;-7.20061;69.7852;32.4016;8.73803;2794.66;5.25405;0;0;0.1;0.01;0;4.34901;0;0;-1
0;834;-6.78515;88.6477;31.1364;8.56897;2635.57;5.1524;0;0;0.1;0.01;0;2.16752;0;0;-1
0;835;8.24854;-89.4384;34.6559;8.757;2812.9;5.26546;0;0;0.1;0.01;0;3.18306;0;0;-1
0;836;7.70475;-74.4736;32.4954;10.4534;4784.77;6.28548;0;0;0.1;0.01;0;7.03484;0;0;-1
0;837;6.34347;-58.9474;31.8196;8.79873;2853.31;5.29055;0;0;0.1;0.01;0;5.10472;0;0;-1
0;838;8.48873;-42.9142;33.2023;10.0561;4259.68;6.04659;0;0;0.1;0.01;0;6.75193;0;0;-1
0;839;6.86451;-23.8848;32.7545;8.90408;2957.03;5.35389;0;0;0.1;0.01;0;4.87964;0;0;-1
0;840;7.21525;-6.04548;33.7212;9.87605;4034.95;5.93833;0;0;0.1;0.01;0;6.05116;0;0;-1
0;841;5.64768;8.79235;34.3818;9.10205;3158.68;5.47293;0;0;0.1;0.01;0;4.74217;0;0;-1
0;842;8.33638;27.8203;31.0507;9.25309;3318.55;5.56375;0;0;0.1;0.01;0;5.15912;0;0;-1
0;843;6.79003;42.8937;30.5877;10.1876;4428.99;6.12566;0;0;0.1;0.01;0;6.42078;0;0;-1
0;844;8.63782;61.5736;30.9037;8.68436;2743.48;5.22178;0;0;0.1;0.01;0;4.75642;0;0;-1
0;845;9.12058;78.9339;31.9011;9.46328;3549.88;5.69013;0;0;0.1;0.01;0;4.70539;0;0;-1
0;846;23.1424;-82.6655;33.8572;9.93443;4106.93;5.97343;0;0;0.1;0.01;0;4.76671;0;0;-1
0;847;22.6465;-67.9626;33.0056;9.85623;4010.71;5.92641;0;0;0.1;0.01;0;5.40329;0;0;-1
0;848;23.8676;-47.7397;33.3847;8.90151;2954.47;5.35235;0;0;0.1;0.01;0;5.8954;0;0;-1
0;849;21.1349;-32.2894;32.4699;10.1635;4397.63;6.11117;0;0;0.1;0.01;0;7.03933;0;0;-1
0;850;22.1179;-14.0037;32.2165;10.1553;4386.99;6.10623;0;0;0.1;0.01;0;6.79556;0;0;-1
0;851;22.3395;0.477837;30.9352;8.92445;2977.37;5.36614;0;0;0.1;0.01;0;5.12753;0;0;-1
0;852;23.0077;19.3367;30.4814;9.06881;3124.2;5.45294;0;0;0.1;0.01;0;4.82123;0;0;-1
0;853;22.1112;37.5576;33.9874;9.3486;3422.38;5.62118;0;0;0.1;0.01;0;5.73795;0;0;-1
0;854;23.7961;51.384;32.5725;9.90615;4071.96;5.95642;0;0;0.1;0.01;0;6.81408;0;0;-1
0;855;22.3282;68.7575;30.9987;8.75237;2808.44;5.26267;0;0;0.1;0.01;0;5.90414;0;0;-1
0;856;20.8555;89.3928;34.2254;9.34689;3420.5;5.62015;0;0;0.1;0.01;0;1.60137;0;0;-1
0;857;35.781;-74.7227;32.7895;8.5;2572.44;5.11093;0;0;0.1;0.01;0;3.42722;1;0;-1
0;858;37.1881;-55.0876;32.8375;9.55435;3653.36;5.74489;0;0;0.1;0.01;0;5.7616;0;0;-1
0;859;35.5718;-38.4171;30.8919;8.5;2572.44;5.11093;0;0;0.1;0.01;0;5.30879;1;0;-1
0;860;37.4981;-21.9827;32.1816;8.5;2572.44;5.11093;0;0;0.1;0.01;0;4.75594;1;0;-1
0;861;35.8971;-4.8117;33.2102;9.17157;3231.62;5.51473;0;0;0.1;0.01;0;5.72631;0;0;-1
0;862;38.7414;9.35104;32.4822;8.59517;2659.82;5.16815;0;0;0.1;0.01;0;4.91461;0;0;-1
0;863;38.1028;25.5633;33.0038;9.81869;3965.06;5.90384;0;0;0.1;0.01;0;5.59323;0;0;-1
0;864;38.352;43.1665;33.0915;9.76301;3897.98;5.87036;0;0;0.1;0.01;0;6.02104;0;0;-1
0;865;35.3784;61.8606;33.7032;9.76121;3895.83;5.86927;0;0;0.1;0.01;0;6.62648;0;0;-1
0;866;36.8539;77.2528;32.1645;10.0224;4217;6.02632;0;0;0.1;0.01;0;5.23596;0;0;-1
0;867;52.8289;-64.6677;31.9374;9.06145;3116.6;5.44852;0;0;0.1;0.01;0;3.97357;0;0;-1
0;868;53.1656;-49.3398;32.1214;9.43641;3519.73;5.67398;0;0;0.1;0.01;0;5.65635;0;0;-1
0;869;52.0701;-33.3863;32.4047;9.52844;3623.71;5.72931;0;0;0.1;0.01;0;6.13973;0;0;-1
0;870;51.5449;-17.3164;31.5969;9.93219;4104.15;5.97208;0;0;0.1;0.01;0;6.3205;0;0;-1
0;871;53.2109;0.913447;33.8728;10.0205;4214.6;6.02518;0;0;0.1;0.01;0;6.86794;0;0;-1
0;872;52.4633;17.8181;33.3898;8.9672;3020.36;5.39185;0;0;0.1;0.01;0;6.01592;0;0;-1
0;873;53.475;38.1455;32.2398;8.9671;3020.26;5.39179;0;0;0.1;0.01;0;6.03667;0;0;-1
0;874;53.266;53.1818;33.3238;9.60563;3712.5;5.77573;0;0;0.1;0.01;0;6.96964;0;0;-1
0;875;51.4234;68.3308;32.4194;9.14929;3208.12;5.50134;0;0;0.1;0.01;0;4.8682;0;0;-1
0;876;67.2566;-58.0708;32.4307;8.83388;2887.64;5.31168;0;0;0.1;0.01;0;3.29161;0;0;-1
0;877;67.698;-38.6032;31.5545;9.31078;3381.01;5.59844;0;0;0.1;0.01;0;5.34545;0;0;-1
0;878;66.391;-21.8155;31.9617;9.12977;3187.63;5.4896;0;0;0.1;0.01;0;5.27153;0;0;-1
0;879;66.9409;-4.76969;32.6246;9.85842;4013.38;5.92772;0;0;0.1;0.01;0;5.72499;0;0;-1
0;880;67.2123;10.3547;32.9694;8.94914;3002.15;5.38099;0;0;0.1;0.01;0;6.55155;0;0;-1
0;881;66.2112;28.0076;33.7824;8.61621;2679.4;5.1808;0;0;0.1;0.01;0;5.81994;0;0;-1
0;882;67.3161;45.6469;31.0882;9.11558;3172.79;5.48107;0;0;0.1;0.01;0;6.4665;0;0;-1
0;883;67.0125;59.502;32.0771;9.87652;4035.53;5.93861;0;0;0.1;0.01;0;4.75551;0;0;-1
0;884;79.9423;-30.2573;33.8319;9.91075;4077.63;5.95919;0;0;0.1;0.01;0;4.39854;0;0;-1
0;885;80.1783;-15.9672;30.7252;8.8039;2858.34;5.29366;0;0;0.1;0.01;0;4.50557;0;0;-1
0;886;79.6586;3.6841;33.551;10.0827;4293.58;6.06258;0;0;0.1;0.01;0;4.9487;0;0;-1
0;887;80.7148;19.6991;34.1887;8.73611;2792.82;5.2529;0;0;0.1;0.01;0;3.84821;0;0;-1
0;888;80.5453;33.6384;31.9261;8.98096;3034.29;5.40012;0;0;0.1;0.01;0;4.25495;0;0;-1
0;889;-86.3543;-6.44715;47.2351;9.7781;3916.08;5.87943;0;0;0.1;0.01;0;3.24408;0;0;-1
0;890;-85.6614;9.85632;47.7953;10.4049;4718.48;6.25632;0;0;0.1;0.01;0;3.02279;0;0;-1
0;891;-69.0172;-49.9851;48.7962;10.4318;4755.17;6.27249;0;0;0.1;0.01;0;2.88104;0;0;-1
0;892;-69.3949;-33.7452;47.9873;8.5;2572.44;5.11093;0;0;0.1;0.01;0;4.0924;1;0;-1
0;893;-69.3658;-13.3644;47.696;9.91875;4087.52;5.964;0;0;0.1;0.01;0;5.72576;0;0;-1
0;894;-71.5174;0.836879;46.7795;8.91111;2964.04;5.35812;0;0;0.1;0.01;0;5.62254;0;0;-1
0;895;-68.5666;18.0383;47.0529;8.75571;2811.66;5.26468;0;0;0.1;0.01;0;3.93518;0;0;-1
0;896;-70.5801;36.4578;49.3664;9.25688;3322.63;5.56603;0;0;0.1;0.01;0;1.72366;0;0;-1
0;897;-56.6401;-59.606;46.1479;8.92538;2978.3;5.3667;0;0;0.1;0.01;0;4.10223;0;0;-1
0;898;-57.0599;-39.1335;47.6035;9.30218;3371.65;5.59327;0;0;0.1;0.01;0;5.77767;0;0;-1
0;899;-57.0477;-23.264;47.259;8.5;2572.44;5.11093;0;0;0.1;0.01;0;5.45062;1;0;-1
0;900;-56.8249;-6.9108;48.8071;9.56046;3660.37;5.74857;0;0;0.1;0.01;0;5.90416;0;0;-1
0;901;-54.5976;12.7543;45.9832;8.6949;2753.48;5.22812;0;0;0.1;0.01;0;4.42051;0;0;-1
0;902;-57.7006;29.7403;45.9798;8.5;2572.44;5.11093;0;0;0.1;0.01;0;4.65907;1;0;-1
0;903;-56.3034;45.9398;47.0333;8.5;2572.44;5.11093;0;0;0.1;0.01;0;4.45904;1;0;-1
0;904;-54.4406;61.3034;46.4106;8.73256;2789.42;5.25076;0;0;0.1;0.01;0;3.49885;0;0;-1
0;905;-40.6513;-64.3877;45.8743;8.77308;2828.43;5.27513;0;0;0.1;0.01;0;3.66401;0;0;-1
0;906;-40.405;-50.5794;48.2051;9.14813;3206.9;5.50064;0;0;0.1;0.01;0;5.15959;0;0;-1
0;907;-43.1988;-30.0709;46.0941;10.1709;4407.24;6.11561;0;0;0.1;0.01;0;6.05309;0;0;-1
0;908;-41.5063;-14.2974;49.0759;8.5;2572.44;5.11093;0;0;0.1;0.01;0;4.98723;1;0;-1
0;909;-41.6393;0.776491;49.2646;8.65928;2719.78;5.2067;0;0;0.1;0.01;0;4.59963;0;0;-1
0;910;-42.095;16.7754;48.2691;10.2808;4551.66;6.1817;0;0;0.1;0.01;0;5.92307;0;0;-1
0;911;-42.3267;35.8789;45.2264;8.59133;2656.26;5.16584;0;0;0.1;0.01;0;4.95006;0;0;-1
0;912;-41.2203;53.2395;48.9011;10.1348;4360.48;6.09391;0;0;0.1;0.01;0;6.53531;0;0;-1
0;913;-42.485;69.7215;48.0988;9.85071;4003.97;5.92309;0;0;0.1;0.01;0;4.2373;0;0;-1
0;914;-27.8292;-76.7432;46.7376;9.0812;3137.03;5.46039;0;0;0.1;0.01;0;2.96229;0;0;-1
0;915;-26.1693;-55.5021;48.3173;8.59395;2658.69;5.16742;0;0;0.1;0.01;0;5.99628;0;0;-1
0;916;-27.6849;-41.4882;46.5315;9.63897;3751.29;5.79577;0;0;0.1;0.01;0;7.5765;0;0;-1
0;917;-28.0297;-24.2537;49.4389;8.5;2572.44;5.11093;0;0;0.1;0.01;0;4.80424;1;0;-1
0;918;-25.7061;-8.79155;47.327;8.5;2572.44;5.11093;0;0;0.1;0.01;0;4.63777;1;0;-1
0;919;-26.674;12.0275;46.5375;9.92574;4096.16;5.9682;0;0;0.1;0.01;0;5.78015;0;0;-1
0;920;-26.9574;29.5823;48.5548;10.2075;4454.99;6.13762;0;0;0.1;0.01;0;7.06264;0;0;-1
0;921;-26.3529;45.1535;48.8397;9.22863;3292.31;5.54904;0;0;0.1;0.01;0;6.11799;0;0;-1
0;922;-25.8917;60.8806;46.5233;10.3198;4603.65;6.20515;0;0;0.1;0.01;0;6.87316;0;0;-1
0;923;-25.5694;79.3379;48.4991;9.1597;3219.08;5.50759;0;0;0.1;0.01;0;3.17609;0;0;-1
0;924;-12.3641;-80.7896;46.0152;8.874;2927.16;5.33581;0;0;0.1;0.01;0;3.07102;0;0;-1
0;925;-11.8861;-64.6861;47.9616;8.62741;2689.86;5.18754;0;0;0.1;0.01;0;4.45634;0;0;-1
0;926;-13.4933;-47.9732;46.5717;10.3686;4669.27;6.23449;0;0;0.1;0.01;0;7.51914;0;0;-1
0;927;-12.6933;-33.5665;49.1065;10.005;4195.08;6.01586;0;0;0.1;0.01;0;5.88159;0;0;-1
0;928;-11.4185;-13.8828;48.692;9.93402;4106.42;5.97318;0;0;0.1;0.01;0;6.7738;0;0;-1
0;929;-11.0357;0.270924;46.1087;9.49154;3581.78;5.70713;0;0;0.1;0.01;0;6.65082;0;0;-1
0;930;-13.1768;19.5109;47.8641;10.0132;4205.4;6.02079;0;0;0.1;0.01;0;6.25818;0;0;-1
0;931;-11.2548;37.0933;49.0547;8.84922;2902.71;5.32091;0;0;0.1;0.01;0;6.45033;0;0;-1
0;932;-12.2026;52.5425;48.7842;9.02879;3083.03;5.42888;0;0;0.1;0.01;0;7.20906;0;0;-1
0;933;-11.7507;69.7923;48.0794;10.1432;4371.33;6.09896;0;0;0.1;0.01;0;5.86782;0;0;-1
0;934;-12.8178;86.6128;47.9977;8.5;2572.44;5.11093;0;0;0.1;0.01;0;1.66668;1;0;-1
0;935;2.05599;-73.141;45.8792;8.5;2572.44;5.11093;0;0;0.1;0.01;0;4.91247;1;0;-1
0;936;1.61077;-59.4402;46.6224;8.99434;3047.87;5.40817;0;0;0.1;0.01;0;5.60767;0;0;-1
0;937;2.35493;-42.278;46.954;9.40872;3488.83;5.65733;0;0;0.1;0.01;0;5.65039;0;0;-1
0;938;1.44667;-22.4078;48.5039;9.3869;3464.62;5.64421;0;0;0.1;0.01;0;5.82184;0;0;-1
0;939;4.30889;-5.38811;49.0435;9.50215;3593.8;5.7135;0;0;0.1;0.01;0;6.81266;0;0;-1
0;940;3.22032;8.86746;49.2361;9.40384;3483.41;5.65439;0;0;0.1;0.01;0;5.80873;0;0;-1
0;941;1.82223;29.6353;47.3257;8.5;2572.44;5.11093;0;0;0.1;0.01;0;5.05046;1;0;-1
0;942;1.0884;45.5435;47.6011;8.53776;2606.88;5.13363;0;0;0.1;0.01;0;6.17123;0;0;-1
0;943;1.48532;60.6172;45.6696;9.03964;3094.15;5.4354;0;0;0.1;0.01;0;5.43641;0;0;-1
0;944;4.93483;79.7305;48.6618;10.1102;4328.8;6.07912;0;0;0.1;0.01;0;3.00398;0;0;-1
0;945;18.9271;-84.4721;48.8935;8.82496;2878.9;5.30632;0;0;0.1;0.01;0;1.95492;0;0;-1
0;946;18.2784;-65.9325;46.7089;9.13393;3191.99;5.4921;0;0;0.1;0.01;0;4.69475;0;0;-1
0;947;16.9293;-49.413;46.2827;8.5;2572.44;5.11093;0;0;0.1;0.01;0;4.61358;1;0;-1
0;948;19.393;-34.4009;45.9332;10.2763;4545.68;6.17899;0;0;0.1;0.01;0;6.56768;0;0;-1
0;949;16.1464;-14.8587;48.4603;9.22523;3288.67;5.547;0;0;0.1;0.01;0;6.34111;0;0;-1
0;950;18.7763;1.80523;48.52;8.50641;2578.26;5.11478;0;0;0.1;0.01;0;5.6585;0;0;-1
0;951;17.39;17.4856;46.7761;9.55479;3653.86;5.74516;0;0;0.1;0.01;0;5.23413;0;0;-1
0;952;16.0241;36.3983;49.0137;8.5;2572.44;5.11093;0;0;0.1;0.01;0;4.95255;1;0;-1
0;953;19.2399;50.846;45.5629;9.03341;3087.76;5.43166;0;0;0.1;0.01;0;5.1128;0;0;-1
0;954;17.4141;71.0948;46.7994;9.52319;3617.73;5.72616;0;0;0.1;0.01;0;4.54202;0;0;-1
0;955;33.2075;-74.2753;48.7903;8.9766;3029.87;5.3975;0;0;0.1;0.01;0;3.24398;0;0;-1
0;956;33.113;-57.1341;47.8284;9.60965;3717.16;5.77814;0;0;0.1;0.01;0;6.04703;0;0;-1
0;957;33.4778;-39.2146;45.8194;9.85133;4004.73;5.92346;0;0;0.1;0.01;0;6.54159;0;0;-1
0;958;30.797;-22.5161;46.1741;9.98303;4167.5;6.00265;0;0;0.1;0.01;0;6.38725;0;0;-1
0;959;31.9826;-5.03503;47.7755;9.48791;3577.67;5.70494;0;0;0.1;0.01;0;5.83392;0;0;-1
0;960;33.256;12.0613;47.6396;9.44032;3524.1;5.67633;0;0;0.1;0.01;0;5.47775;0;0;-1
0;961;30.6855;25.7861;46.9801;9.75134;3884.02;5.86334;0;0;0.1;0.01;0;6.52812;0;0;-1
0;962;32.7099;43.2066;48.5125;8.95476;3007.81;5.38437;0;0;0.1;0.01;0;6.11732;0;0;-1
0;963;31.8855;59.3291;48.6121;9.99243;4179.28;6.0083;0;0;0.1;0.01;0;6.93115;0;0;-1
0;964;30.9347;76.2529;47.6974;9.44588;3530.33;5.67967;0;0;0.1;0.01;0;4.12631;0;0;-1
0;965;45.9659;-63.7038;46.5703;8.50235;2574.57;5.11234;0;0;0.1;0.01;0;3.30875;0;0;-1
0;966;46.1769;-47.4744;47.5696;10.2055;4452.37;6.13642;0;0;0.1;0.01;0;6.42886;0;0;-1
0;967;47.6496;-31.4627;46.293;8.5;2572.44;5.11093;0;0;0.1;0.01;0;5.04261;1;0;-1
0;968;45.2312;-13.9417;49.032;9.26855;3335.22;5.57304;0;0;0.1;0.01;0;5.88864;0;0;-1
0;969;45.9003;-0.221965;45.3779;8.5;2572.44;5.11093;0;0;0.1;0.01;0;5.34858;1;0;-1
0;970;47.7179;20.7844;46.8818;10.0206;4214.73;6.02524;0;0;0.1;0.01;0;7.16646;0;0;-1
0;971;45.3011;36.6199;48.5877;9.44979;3534.72;5.68202;0;0;0.1;0.01;0;6.80084;0;0;-1
0;972;46.4711;54.7667;49.1025;9.69619;3818.49;5.83018;0;0;0.1;0.01;0;5.88169;0;0;-1
0;973;45.6613;72.0063;48.4246;9.86394;4020.13;5.93104;0;0;0.1;0.01;0;3.3427;0;0;-1
0;974;63.7013;-58.771;46.4808;8.74716;2803.43;5.25954;0;0;0.1;0.01;0;2.38261;0;0;-1
0;975;62.0152;-42.3749;47.6463;9.36522;3440.67;5.63117;0;0;0.1;0.01;0;5.0479;0;0;-1
0;976;59.8954;-24.0706;48.5218;8.5;2572.44;5.11093;0;0;0.1;0.01;0;4.85942;1;0;-1
0;977;63.6052;-8.69896;46.818;10.1425;4370.42;6.09854;0;0;0.1;0.01;0;6.67362;0;0;-1
0;978;60.6655;8.13204;47.1488;9.86993;4027.46;5.93465;0;0;0.1;0.01;0;6.38402;0;0;-1
0;979;61.5247;26.8097;46.1132;9.90075;4065.3;5.95318;0;0;0.1;0.01;0;6.42523;0;0;-1
0;980;60.171;43.6485;46.0396;10.1384;4365.13;6.09607;0;0;0.1;0.01;0;6.24368;0;0;-1
0;981;61.1677;61.0042;46.9966;9.12844;3186.24;5.4888;0;0;0.1;0.01;0;3.75918;0;0;-1
0;982;77.2958;-30.3702;48.6461;8.61289;2676.3;5.17881;0;0;0.1;0.01;0;2.62424;0;0;-1
0;983;77.132;-17.1001;47.7365;8.5;2572.44;5.11093;0;0;0.1;0.01;0;3.1596;1;0;-1
0;984;75.5655;1.83091;46.5475;9.84126;3992.46;5.91741;0;0;0.1;0.01;0;5.04758;0;0;-1
0;985;78.69;17.3406;48.7993;10.0526;4255.24;6.04448;0;0;0.1;0.01;0;4.18462;0;0;-1
0;986;75.2844;34.6967;45.925;10.2898;4563.62;6.18711;0;0;0.1;0.01;0;4.40579;0;0;-1
0;987;-65.6126;-30.288;62.268;8.57744;2643.39;5.15749;0;0;0.1;0.01;0;3.43635;0;0;-1
0;988;-66.5789;-15.4214;63.5494;8.87947;2932.58;5.3391;0;0;0.1;0.01;0;3.53978;0;0;-1
0;989;-66.689;0.547985;61.3348;8.52153;2592.04;5.12387;0;0;0.1;0.01;0;3.48101;0;0;-1
0;990;-66.152;19.5125;63.9351;9.60852;3715.85;5.77746;0;0;0.1;0.01;0;3.35528;0;0;-1
0;991;-51.8179;-58.4783;60.4458;9.06277;3117.97;5.44931;0;0;0.1;0.01;0;2.13958;0;0;-1
0;992;-51.4197;-38.7588;63.6253;10.4312;4754.35;6.27213;0;0;0.1;0.01;0;5.1976;0;0;-1
0;993;-50.7464;-24.5002;63.3038;8.99047;3043.94;5.40584;0;0;0.1;0.01;0;6.41147;0;0;-1
0;994;-52.7029;-8.79148;61.3384;8.75928;2815.1;5.26683;0;0;0.1;0.01;0;4.57246;0;0;-1
0;995;-53.4891;10.327;61.6461;10.3467;4639.75;6.22132;0;0;0.1;0.01;0;5.6031;0;0;-1
0;996;-53.0237;27.1252;62.1074;8.5119;2583.26;5.11808;0;0;0.1;0.01;0;4.04177;0;0;-1
0;997;-51.7541;46.5227;61.8004;9.49673;3587.66;5.71025;0;0;0.1;0.01;0;3.02758;0;0;-1
0;998;-36.3739;-47.5561;60.5177;9.31429;3384.84;5.60055;0;0;0.1;0.01;0;6.18443;0;0;-1
0;999;-36.9168;-33.1678;64.1689;8.56914;2635.73;5.1525;0;0;0.1;0.01;0;5.89128;0;0;-1
0;1000;-35.474;-15.6554;62.6725;9.77893;3917.08;5.87993;0;0;0.1;0.01;0;6.61999;0;0;-1
0;1001;-36.1663;1.45528;63.9654;8.73934;2795.92;5.25484;0;0;0.1;0.01;0;4.87673;0;0;-1
0;1002;-35.0671;19.588;62.2234;8.80965;2863.94;5.29711;0;0;0.1;0.01;0;5.88815;0;0;-1
0;1003;-35.2274;37.0921;60.6599;9.96828;4149.06;5.99378;0;0;0.1;0.01;0;6.29203;0;0;-1
0;1004;-38.3048;52.2611;63.8438;9.47991;3568.63;5.70013;0;0;0.1;0.01;0;3.94353;0;0;-1
0;1005;-38.3142;67.9565;60.6987;9.61487;3723.22;5.78128;0;0;0.1;0.01;0;3.18391;0;0;-1
0;1006;-21.3192;-73.2356;63.7645;8.5;2572.44;5.11093;0;0;0.1;0.01;0;1.71294;1;0;-1
0;1007;-23.2956;-57.0272;62.2452;10.4;4711.82;6.25337;0;0;0.1;0.01;0;6.18579;0;0;-1
0;1008;-22.2417;-40.8644;61.3917;10.2717;4539.58;6.17622;0;0;0.1;0.01;0;8.0283;0;0;-1
0;1009;-21.3033;-22.7357;63.6586;8.53442;2603.82;5.13162;0;0;0.1;0.01;0;6.24306;0;0;-1
0;1010;-21.9763;-5.56925;62.1267;10.3597;4657.26;6.22914;0;0;0.1;0.01;0;6.43811;0;0;-1
0;1011;-22.1211;10.5181;60.8529;8.5;2572.44;5.11093;0;0;0.1;0.01;0;3.63286;1;0;-1
0;1012;-23.7863;26.8061;63.5248;9.01866;3072.66;5.42279;0;0;0.1;0.01;0;4.69419;0;0;-1
0;1013;-22.4082;44.4756;62.8102;9.87176;4029.7;5.93575;0;0;0.1;0.01;0;6.77218;0;0;-1
0;1014;-21.8315;59.7013;60.1806;8.81698;2871.1;5.30152;0;0;0.1;0.01;0;5.43786;0;0;-1
0;1015;-7.87554;-67.6904;60.3478;8.52518;2595.37;5.12607;0;0;0.1;0.01;0;3.89008;0;0;-1
0;1016;-7.87015;-47.7066;63.1336;10.2311;4485.96;6.15181;0;0;0.1;0.01;0;6.71212;0;0;-1
0;1017;-5.56389;-29.8853;63.3957;9.05885;3113.92;5.44696;0;0;0.1;0.01;0;6.57498;0;0;-1
0;1018;-6.85065;-15.3323;60.966;8.54701;2615.36;5.13919;0;0;0.1;0.01;0;6.62473;0;0;-1
0;1019;-8.7871;0.620439;60.7725;8.5;2572.44;5.11093;0;0;0.1;0.01;0;4.71325;1;0;-1
0;1020;-6.95365;20.8305;60.3901;8.92528;2978.2;5.36664;0;0;0.1;0.01;0;4.61693;0;0;-1
0;1021;-8.83319;36.0108;63.5786;9.68264;3802.51;5.82203;0;0;0.1;0.01;0;7.04815;0;0;-1
0;1022;-6.47236;52.1457;61.0292;9.64341;3756.48;5.79844;0;0;0.1;0.01;0;7.58137;0;0;-1
0;1023;-7.43452;67.6717;60.8776;10.3052;4584.14;6.19637;0;0;0.1;0.01;0;4.93557;0;0;-1
0;1024;5.31903;-73.7712;61.9474;8.5;2572.44;5.11093;0;0;0.1;0.01;0;2.23751;1;0;-1
0;1025;6.87475;-57.4058;62.2994;10.176;4413.87;6.11868;0;0;0.1;0.01;0;5.81696;0;0;-1
0;1026;7.7423;-39.3495;61.0333;8.5;2572.44;5.11093;0;0;0.1;0.01;0;4.55306;1;0;-1
0;1027;6.38116;-22.6914;62.349;9.92312;4092.92;5.96663;0;0;0.1;0.01;0;6.71161;0;0;-1
0;1028;9.1727;-6.3728;62.4711;10.2402;4497.94;6.15728;0;0;0.1;0.01;0;6.85705;0;0;-1
0;1029;8.77778;12.1938;62.2449;8.66534;2725.5;5.21034;0;0;0.1;0.01;0;4.78789;0;0;-1
0;1030;7.91779;26.3238;63.4093;8.5;2572.44;5.11093;0;0;0.1;0.01;0;5.49411;1;0;-1
0;1031;7.42508;42.0739;60.0835;10.2988;4575.6;6.19252;0;0;0.1;0.01;0;6.6336;0;0;-1
0;1032;6.63869;63.0858;63.2901;9.3194;3390.41;5.60362;0;0;0.1;0.01;0;4.62307;0;0;-1
0;1033;21.3021;-63.8637;60.9596;8.5;2572.44;5.11093;0;0;0.1;0.01;0;3.70144;1;0;-1
0;1034;23.2544;-50.2969;61.9521;8.5;2572.44;5.11093;0;0;0.1;0.01;0;4.43443;1;0;-1
0;1035;20.9379;-32.3639;61.0334;8.5;2572.44;5.11093;0;0;0.1;0.01;0;3.83262;1;0;-1
0;1036;24.2126;-12.6691;60.3664;8.5;2572.44;5.11093;0;0;0.1;0.01;0;5.40655;1;0;-1
0;1037;20.6138;2.94814;61.7782;8.5;2572.44;5.11093;0;0;0.1;0.01;0;5.06443;1;0;-1
0;1038;23.0794;19.7958;63.7352;10.3275;4613.96;6.20978;0;0;0.1;0.01;0;7.34119;0;0;-1
0;1039;21.9267;37.8424;63.1516;8.70203;2760.26;5.2324;0;0;0.1;0.01;0;5.68766;0;0;-1
0;1040;21.5808;53.1562;60.4215;8.5;2572.44;5.11093;0;0;0.1;0.01;0;5.29607;1;0;-1
0;1041;22.1326;69.1072;61.394;9.0674;3122.75;5.4521;0;0;0.1;0.01;0;3.39065;0;0;-1
0;1042;34.6668;-59.73;63.5344;8.5;2572.44;5.11093;0;0;0.1;0.01;0;2.17466;1;0;-1
0;1043;36.1538;-39.3438;62.5754;9.23923;3303.66;5.55541;0;0;0.1;0.01;0;4.51182;0;0;-1
0;1044;38.1835;-22.8147;61.8985;8.81792;2872.02;5.30209;0;0;0.1;0.01;0;4.8926;0;0;-1
0;1045;35.798;-5.05674;62.6034;8.95321;3006.25;5.38344;0;0;0.1;0.01;0;4.80458;0;0;-1
0;1046;38.2711;12.2862;61.3809;9.45337;3538.74;5.68417;0;0;0.1;0.01;0;5.64741;0;0;-1
0;1047;37.9512;26.2063;60.2495;8.5;2572.44;5.11093;0;0;0.1;0.01;0;6.73233;1;0;-1
0;1048;35.5217;43.3622;63.5218;9.23679;3301.05;5.55395;0;0;0.1;0.01;0;5.62832;0;0;-1
0;1049;38.6619;60.4725;63.381;9.72555;3853.28;5.84783;0;0;0.1;0.01;0;3.94807;0;0;-1
0;1050;53.459;-48.734;61.7441;9.52246;3616.9;5.72572;0;0;0.1;0.01;0;3.22322;0;0;-1
0;1051;50.366;-33.3925;60.8857;8.5;2572.44;5.11093;0;0;0.1;0.01;0;4.87421;1;0;-1
0;1052;51.0247;-15.2809;62.144;9.58171;3684.83;5.76134;0;0;0.1;0.01;0;5.69765;0;0;-1
0;1053;50.0305;0.793011;62.6964;8.5;2572.44;5.11093;0;0;0.1;0.01;0;4.12977;1;0;-1
0;1054;50.5535;20.6955;60.9264;8.5;2572.44;5.11093;0;0;0.1;0.01;0;5.72409;1;0;-1
0;1055;50.8699;34.801;61.8218;9.8158;3961.56;5.9021;0;0;0.1;0.01;0;6.01707;0;0;-1
0;1056;53.6981;53.0082;62.738;10.1404;4367.71;6.09728;0;0;0.1;0.01;0;3.14134;0;0;-1
0;1057;67.0771;-40.8554;60.8951;10.4293;4751.76;6.27099;0;0;0.1;0.01;0;2.85292;0;0;-1
0;1058;64.4525;-21.5161;62.1459;8.5;2572.44;5.11093;0;0;0.1;0.01;0;2.95837;1;0;-1
0;1059;64.4393;-5.4336;61.8697;8.5;2572.44;5.11093;0;0;0.1;0.01;0;4.08088;1;0;-1
0;1060;66.7726;9.19772;60.6558;9.7064;3830.57;5.83632;0;0;0.1;0.01;0;3.28678;0;0;-1
0;1061;65.1751;25.0284;60.1642;8.80062;2855.15;5.29169;0;0;0.1;0.01;0;2.81892;0;0;-1
0;1062;-54.4225;-23.766;75.9866;9.34551;3418.99;5.61932;0;0;0.1;0.01;0;3.60235;0;0;-1
0;1063;-56.507;-4.70209;78.71;8.5;2572.44;5.11093;0;0;0.1;0.01;0;1.66335;1;0;-1
0;1064;-54.9459;10.6802;76.2441;9.32397;3395.4;5.60637;0;0;0.1;0.01;0;3.90426;0;0;-1
0;1065;-56.4418;29.7273;75.0142;10.447;4775.99;6.28163;0;0;0.1;0.01;0;3.23484;0;0;-1
0;1066;-40.0265;-48.9649;77.0315;8.5;2572.44;5.11093;0;0;0.1;0.01;0;2.24489;1;0;-1
0;1067;-42.2514;-30.7973;77.7925;8.79456;2849.25;5.28804;0;0;0.1;0.01;0;4.74964;0;0;-1
0;1068;-40.3972;-15.9256;75.0964;9.98709;4172.59;6.00509;0;0;0.1;0.01;0;6.54691;0;0;-1
0;1069;-40.456;2.86929;77.9496;9.51488;3608.27;5.72116;0;0;0.1;0.01;0;5.73128;0;0;-1
0;1070;-41.6325;17.7771;74.6453;8.54694;2615.29;5.13915;0;0;0.1;0.01;0;5.55093;0;0;-1
0;1071;-39.3191;33.6794;76.4769;9.87209;4030.1;5.93594;0;0;0.1;0.01;0;4.14321;0;0;-1
0;1072;-24.3927;-55.1637;76.9412;9.73996;3870.44;5.8565;0;0;0.1;0.01;0;3.46743;0;0;-1
0;1073;-26.2727;-40.8458;74.9528;9.02504;3079.19;5.42663;0;0;0.1;0.01;0;5.50388;0;0;-1
0;1074;-27.467;-23.155;76.5353;10.0637;4269.35;6.05116;0;0;0.1;0.01;0;7.01372;0;0;-1
0;1075;-27.2512;-4.51942;77.903;9.34698;3420.6;5.6202;0;0;0.1;0.01;0;6.54939;0;0;-1
0;1076;-24.9821;12.2898;77.0433;9.04555;3100.23;5.43896;0;0;0.1;0.01;0;5.77629;0;0;-1
0;1077;-25.7866;26.5278;77.3021;9.31413;3384.66;5.60045;0;0;0.1;0.01;0;5.89778;0;0;-1
0;1078;-25.3405;43.7265;77.7645;9.28589;3353.97;5.58347;0;0;0.1;0.01;0;3.80616;0;0;-1
0;1079;-10.0658;-47.8131;76.4061;8.80812;2862.45;5.29619;0;0;0.1;0.01;0;4.9227;0;0;-1
0;1080;-12.4492;-31.1438;76.4164;10.2266;4480.05;6.14911;0;0;0.1;0.01;0;7.47865;0;0;-1
0;1081;-12.8033;-16.1708;74.6176;9.40462;3484.27;5.65486;0;0;0.1;0.01;0;7.35039;0;0;-1
0;1082;-13.5639;0.326946;78.4966;10.2202;4471.64;6.14526;0;0;0.1;0.01;0;6.59477;0;0;-1
0;1083;-11.4822;20.5729;78.3215;8.95194;3004.97;5.38267;0;0;0.1;0.01;0;5.8117;0;0;-1
0;1084;-10.8836;36.5068;76.7776;10.0821;4292.81;6.06222;0;0;0.1;0.01;0;7.27557;0;0;-1
0;1085;-11.9876;51.5957;76.3119;9.93362;4105.93;5.97294;0;0;0.1;0.01;0;4.78381;0;0;-1
0;1086;3.54441;-58.8464;76.5985;10.3992;4710.73;6.25289;0;0;0.1;0.01;0;3.37266;0;0;-1
0;1087;1.37914;-42.2293;78.4799;8.5;2572.44;5.11093;0;0;0.1;0.01;0;4.97767;1;0;-1
0;1088;4.76819;-23.243;76.3341;10.0445;4244.96;6.03961;0;0;0.1;0.01;0;6.80744;0;0;-1
0;1089;1.29964;-7.5921;78.2468;9.92445;4094.57;5.96743;0;0;0.1;0.01;0;6.26876;0;0;-1
0;1090;3.26986;11.417;77.6355;8.90179;2954.75;5.35252;0;0;0.1;0.01;0;4.54112;0;0;-1
0;1091;1.50548;27.3574;77.7791;9.65841;3774.03;5.80746;0;0;0.1;0.01;0;7.23856;0;0;-1
0;1092;2.53908;42.4952;76.468;10.3015;4579.2;6.19414;0;0;0.1;0.01;0;6.33618;0;0;-1
0;1093;4.04556;61.3727;76.569;9.70352;3827.16;5.83459;0;0;0.1;0.01;0;3.29096;0;0;-1
0;1094;16.4719;-49.5976;74.99;8.82222;2876.22;5.30467;0;0;0.1;0.01;0;3.51557;0;0;-1
0;1095;17.4666;-30.738;77.842;9.94785;4123.6;5.9815;0;0;0.1;0.01;0;6.04467;0;0;-1
0;1096;18.4995;-13.1204;74.6102;9.11763;3174.93;5.4823;0;0;0.1;0.01;0;6.14208;0;0;-1
0;1097;16.7193;3.34012;76.3022;8.78297;2838;5.28107;0;0;0.1;0.01;0;5.25129;0;0;-1
0;1098;18.4119;20.1277;76.753;8.5;2572.44;5.11093;0;0;0.1;0.01;0;5.81;1;0;-1
0;1099;18.6025;33.9819;76.0111;10.0972;4312.13;6.0713;0;0;0.1;0.01;0;7.30592;0;0;-1
0;1100;18.5677;54.4306;76.1446;9.59276;3697.6;5.76799;0;0;0.1;0.01;0;3.60098;0;0;-1
0;1101;32.5532;-40.2001;76.4285;10.1849;4425.47;6.12403;0;0;0.1;0.01;0;3.81218;0;0;-1
0;1102;31.2475;-22.9456;78.5548;10.1291;4353.13;6.09048;0;0;0.1;0.01;0;5.58403;0;0;-1
0;1103;31.1791;-5.99034;77.3418;8.5572;2624.72;5.14532;0;0;0.1;0.01;0;5.2007;0;0;-1
0;1104;32.375;11.7455;76.1746;9.07028;3125.72;5.45383;0;0;0.1;0.01;0;4.46264;0;0;-1
0;1105;34.5168;28.4103;76.6471;10.3011;4578.67;6.1939;0;0;0.1;0.01;0;5.87651;0;0;-1
0;1106;30.9548;46.4976;78.1624;10.3268;4613.03;6.20935;0;0;0.1;0.01;0;4.16855;0;0;-1
0;1107;49.0856;-30.3933;78.6683;9.26179;3327.92;5.56898;0;0;0.1;0.01;0;1.69041;0;0;-1
0;1108;45.4495;-13.8809;75.3107;8.5304;2600.14;5.12921;0;0;0.1;0.01;0;4.76197;0;0;-1
0;1109;47.4433;0.399704;77.9781;8.55106;2619.08;5.14163;0;0;0.1;0.01;0;3.45352;0;0;-1
0;1110;48.322;20.0393;74.922;9.58572;3689.46;5.76375;0;0;0.1;0.01;0;3.86995;0;0;-1
0;1111;49.012;36.2346;77.4654;8.5;2572.44;5.11093;0;0;0.1;0.01;0;2.34152;1;0;-1
0;1112;60.4456;-6.10457;78.4481;8.5;2572.44;5.11093;0;0;0.1;0.01;0;1.5919;1;0;-1
0;1113;-36.2724;-15.732;89.6402;9.8315;3980.59;5.91154;0;0;0.1;0.01;0;4.24629;0;0;-1
0;1114;-36.4128;1.56761;91.2449;8.5;2572.44;5.11093;0;0;0.1;0.01;0;3.92203;1;0;-1
0;1115;-38.4478;16.9502;89.8838;10.0141;4206.53;6.02133;0;0;0.1;0.01;0;3.77224;0;0;-1
0;1116;-21.1035;-24.4692;90.0508;10.4526;4783.67;6.285;0;0;0.1;0.01;0;4.94885;0;0;-1
0;1117;-23.4163;-6.3629;93.0744;10.0382;4236.98;6.03582;0;0;0.1;0.01;0;4.54136;0;0;-1
0;1118;-22.7357;11.6909;89.7663;8.5;2572.44;5.11093;0;0;0.1;0.01;0;4.56559;1;0;-1
0;1119;-21.6258;27.6308;93.3743;10.1704;4406.59;6.11531;0;0;0.1;0.01;0;3.63923;0;0;-1
0;1120;-7.47836;-31.4733;90.7911;9.99572;4183.41;6.01028;0;0;0.1;0.01;0;4.74612;0;0;-1
0;1121;-8.53231;-14.0107;89.447;9.49792;3589.01;5.71096;0;0;0.1;0.01;0;6.43371;0;0;-1
0;1122;-6.5131;1.18139;92.6594;9.92513;4095.41;5.96784;0;0;0.1;0.01;0;5.31325;0;0;-1
0;1123;-5.8079;19.1308;93.3198;10.3778;4681.71;6.24002;0;0;0.1;0.01;0;5.37871;0;0;-1
0;1124;-7.61203;35.0392;92.3612;8.5;2572.44;5.11093;0;0;0.1;0.01;0;3.70966;1;0;-1
0;1125;5.42111;-38.5727;92.1483;8.64182;2703.36;5.1962;0;0;0.1;0.01;0;2.77119;0;0;-1
0;1126;6.63427;-23.3676;92.1247;9.97299;4154.94;5.99661;0;0;0.1;0.01;0;4.85855;0;0;-1
0;1127;7.32534;-5.04324;91.6086;9.76217;3896.98;5.86985;0;0;0.1;0.01;0;4.3707;0;0;-1
0;1128;6.66514;10.8067;91.2144;9.29955;3368.79;5.59168;0;0;0.1;0.01;0;4.12232;0;0;-1
0;1129;6.09634;28.748;90.06;9.47028;3557.76;5.69434;0;0;0.1;0.01;0;5.33372;0;0;-1
0;1130;23.7542;-31.974;89.8577;8.5;2572.44;5.11093;0;0;0.1;0.01;0;2.94898;1;0;-1
0;1131;20.7073;-13.4741;89.3536;8.96289;3016.01;5.38926;0;0;0.1;0.01;0;4.82327;0;0;-1
0;1132;22.7974;0.117854;90.1678;8.56343;2630.46;5.14907;0;0;0.1;0.01;0;3.46737;0;0;-1
0;1133;20.0086;20.8201;90.9646;8.88242;2935.5;5.34087;0;0;0.1;0.01;0;3.25221;0;0;-1
0;1134;20.8927;36.7135;90.3468;8.61361;2676.97;5.17924;0;0;0.1;0.01;0;2.71935;0;0;-1
0;1135;37.3254;-7.80833;89.7324;9.767;3902.76;5.87276;0;0;0.1;0.01;0;3.63673;0;0;-1
0;1136;35.429;9.72181;91.1649;8.5238;2594.11;5.12524;0;0;0.1;0.01;0;1.96401;0;0;-1
