Time;ID;x;y;z;radius;volume_total;radius_nuclear;contact_ECM;freezer;polarized_fraction;motility;cell_line;Cell_cell;phase;Cycle;NFkB
0;0;-51.3178;-4.61261;-83.4194;8.5;2572.44;5.11093;0;0;0.1;0.01;0;2.64667;1;0;-1
0;1;-37.4354;-33.3423;-84.6857;9.8791;4038.69;5.94016;0;0;0.1;0.01;0;2.67473;0;0;-1
0;2;-37.6583;-13.8237;-86.4848;8.5;2572.44;5.11093;0;0;0.1;0.01;0;2.65308;1;0;-1
0;3;-38.5137;0.469432;-85.5945;8.93259;2985.53;5.37104;0;0;0.1;0.01;0;2.49617;0;0;-1
0;4;-35.4879;20.6064;-84.334;10.0373;4235.84;6.03528;0;0;0.1;0.01;0;3.05615;0;0;-1
0;5;-21.8001;-40.6298;-87.2587;9.31441;3384.97;5.60062;0;0;0.1;0.01;0;2.80787;0;0;-1
0;6;-20.5505;-22.4;-85.9315;8.72424;2781.45;5.24576;0;0;0.1;0.01;0;4.23994;0;0;-1
0;7;-21.0324;-8.41771;-84.5139;8.68751;2746.47;5.22367;0;0;0.1;0.01;0;4.10662;0;0;-1
0;8;-20.3049;10.7185;-85.9718;8.9461;2999.09;5.37916;0;0;0.1;0.01;0;3.39471;0;0;-1
0;9;-22.2976;28.7617;-84.005;9.1147;3171.87;5.48054;0;0;0.1;0.01;0;3.81395;0;0;-1
0;10;-8.84572;-49.3345;-83.4164;10.3831;4688.89;6.24321;0;0;0.1;0.01;0;3.6092;0;0;-1
0;11;-7.0982;-30.7513;-87.1603;9.25676;3322.5;5.56596;0;0;0.1;0.01;0;4.7536;0;0;-1
0;12;-6.80566;-16.6181;-86.2556;8.92614;2979.06;5.36716;0;0;0.1;0.01;0;5.07593;0;0;-1
0;13;-6.59104;0.139907;-85.517;10.1914;4433.94;6.12794;0;0;0.1;0.01;0;5.02024;0;0;-1
0;14;-7.56574;20.0296;-83.7603;10.1998;4444.92;6.13299;0;0;0.1;0.01;0;5.00646;0;0;-1
0;15;-7.6749;38.2928;-83.9326;9.71243;3837.71;5.83994;0;0;0.1;0.01;0;3.32135;0;0;-1
0;16;7.44331;-40.8691;-85.9509;10.0896;4302.4;6.06673;0;0;0.1;0.01;0;4.84706;0;0;-1
0;17;6.40277;-24.232;-83.4887;10.0954;4309.82;6.07022;0;0;0.1;0.01;0;6.03769;0;0;-1
0;18;8.72628;-6.01569;-85.8366;8.76963;2825.09;5.27305;0;0;0.1;0.01;0;3.89401;0;0;-1
0;19;6.47679;10.9325;-86.7627;8.73724;2793.9;5.25358;0;0;0.1;0.01;0;2.66658;0;0;-1
0;20;7.75294;27.7516;-87.3873;8.84193;2895.54;5.31652;0;0;0.1;0.01;0;3.18433;0;0;-1
0;21;8.87715;45.3839;-83.5809;10.2972;4573.47;6.19156;0;0;0.1;0.01;0;3.80053;0;0;-1
0;22;20.2462;-49.1562;-84.4985;9.44966;3534.57;5.68194;0;0;0.1;0.01;0;3.23309;0;0;-1
0;23;23.3375;-34.0348;-86.6622;10.0918;4305.21;6.06805;0;0;0.1;0.01;0;5.12289;0;0;-1
0;24;20.6088;-15.7286;-84.9648;8.5;2572.44;5.11093;0;0;0.1;0.01;0;3.28346;1;0;-1
0;25;22.4762;3.45168;-86.8624;8.58914;2654.22;5.16453;0;0;0.1;0.01;0;3.59192;0;0;-1
0;26;23.6325;20.3938;-84.4873;8.88816;2941.2;5.34432;0;0;0.1;0.01;0;4.47588;0;0;-1
0;27;23.5475;37.7392;-84.862;9.8457;3997.87;5.92008;0;0;0.1;0.01;0;3.69361;0;0;-1
0;28;36.3527;-40.1941;-83.6471;9.99562;4183.29;6.01022;0;0;0.1;0.01;0;3.76911;0;0;-1
0;29;35.4715;-25.544;-86.1212;8.5;2572.44;5.11093;0;0;0.1;0.01;0;3.01715;1;0;-1
0;30;37.2079;-5.59867;-85.3015;10.2046;4451.19;6.13588;0;0;0.1;0.01;0;2.52909;0;0;-1
0;31;36.5607;10.8588;-83.9717;10.2277;4481.49;6.14977;0;0;0.1;0.01;0;3.9378;0;0;-1
0;32;37.5881;26.9807;-83.9277;10.0868;4298.82;6.06505;0;0;0.1;0.01;0;4.35849;0;0;-1
0;33;-70.53;-14.7641;-69.3724;9.3986;3477.59;5.65124;0;0;0.1;0.01;0;2.2812;0;0;-1
0;34;-57.8124;-39.4486;-71.3407;9.97762;4160.73;5.9994;0;0;0.1;0.01;0;3.10604;0;0;-1
0;35;-56.6672;-25.1894;-72.4929;9.30194;3371.39;5.59312;0;0;0.1;0.01;0;3.9947;0;0;-1
0;36;-54.761;-8.8949;-70.8536;8.5;2572.44;5.11093;0;0;0.1;0.01;0;4.50449;1;0;-1
0;37;-56.2942;9.85766;-69.7964;10.3383;4628.45;6.21627;0;0;0.1;0.01;0;3.50655;0;0;-1
0;38;-57.7854;28.4723;-71.5097;8.5;2572.44;5.11093;0;0;0.1;0.01;0;2.15637;1;0;-1
0;39;-54.652;46.9083;-68.5802;9.52835;3623.61;5.72926;0;0;0.1;0.01;0;3.23931;0;0;-1
0;40;-41.5542;-51.312;-72.6787;9.08313;3139.03;5.46155;0;0;0.1;0.01;0;2.11204;0;0;-1
0;41;-41.3954;-30.4542;-70.9823;9.44447;3528.75;5.67882;0;0;0.1;0.01;0;5.73738;0;0;-1
0;42;-42.2322;-16.6223;-69.6715;10.4347;4759.14;6.27423;0;0;0.1;0.01;0;6.85594;0;0;-1
0;43;-39.409;1.73423;-69.0993;8.5;2572.44;5.11093;0;0;0.1;0.01;0;4.22061;1;0;-1
0;44;-42.3621;16.7616;-69.0672;8.5;2572.44;5.11093;0;0;0.1;0.01;0;5.51373;1;0;-1
0;45;-42.4241;34.2522;-69.8635;9.48534;3574.76;5.7034;0;0;0.1;0.01;0;5.213;0;0;-1
0;46;-41.2089;53.4652;-69.4149;8.5;2572.44;5.11093;0;0;0.1;0.01;0;3.80389;1;0;-1
0;47;-26.5808;-57.196;-70.3597;8.69547;2754.02;5.22846;0;0;0.1;0.01;0;4.02525;0;0;-1
0;48;-28.56;-42.5905;-68.4921;10.4235;4743.83;6.2675;0;0;0.1;0.01;0;6.38729;0;0;-1
0;49;-26.247;-24.7388;-70.6822;8.78999;2844.81;5.28529;0;0;0.1;0.01;0;5.81274;0;0;-1
0;50;-24.7273;-8.81219;-71.8642;8.5;2572.44;5.11093;0;0;0.1;0.01;0;4.47512;1;0;-1
0;51;-26.8805;11.1058;-69.6535;9.33999;3412.93;5.616;0;0;0.1;0.01;0;5.35201;0;0;-1
0;52;-26.007;26.9255;-69.2427;10.0291;4225.46;6.03035;0;0;0.1;0.01;0;6.56945;0;0;-1
0;53;-27.6119;43.7345;-70.6736;9.33376;3406.11;5.61225;0;0;0.1;0.01;0;4.60155;0;0;-1
0;54;-27.1646;62.1937;-69.8036;9.79464;3935.99;5.88937;0;0;0.1;0.01;0;3.74053;0;0;-1
0;55;-13.5707;-63.8499;-69.0166;9.87774;4037.02;5.93934;0;0;0.1;0.01;0;4.04018;0;0;-1
0;56;-13.8235;-48.1353;-68.3374;8.5;2572.44;5.11093;0;0;0.1;0.01;0;5.72181;1;0;-1
0;57;-11.3448;-31.1872;-72.6081;8.91585;2968.77;5.36097;0;0;0.1;0.01;0;5.09885;0;0;-1
0;58;-12.6982;-15.054;-70.9694;9.29638;3365.35;5.58978;0;0;0.1;0.01;0;6.58824;0;0;-1
0;59;-9.95408;1.96278;-71.7776;9.45092;3535.99;5.6827;0;0;0.1;0.01;0;5.80887;0;0;-1
0;60;-11.6464;16.5892;-70.1453;8.82064;2874.68;5.30372;0;0;0.1;0.01;0;5.34582;0;0;-1
0;61;-11.8821;36.6301;-70.9332;9.09843;3154.92;5.47075;0;0;0.1;0.01;0;4.65095;0;0;-1
0;62;-10.75;55.0806;-70.3582;9.75011;3882.55;5.8626;0;0;0.1;0.01;0;3.31422;0;0;-1
0;63;2.17833;-56.2439;-69.0657;9.01971;3073.73;5.42342;0;0;0.1;0.01;0;4.7364;0;0;-1
0;64;3.93971;-40.1487;-72.0524;8.76763;2823.16;5.27185;0;0;0.1;0.01;0;5.1999;0;0;-1
0;65;2.71834;-22.8979;-68.4992;10.2393;4496.76;6.15674;0;0;0.1;0.01;0;7.07023;0;0;-1
0;66;4.34174;-7.97817;-72.018;9.90275;4067.77;5.95438;0;0;0.1;0.01;0;6.59444;0;0;-1
0;67;2.35404;10.1664;-69.2133;8.5;2572.44;5.11093;0;0;0.1;0.01;0;4.96511;1;0;-1
0;68;4.40314;26.7944;-69.6934;8.5;2572.44;5.11093;0;0;0.1;0.01;0;4.49135;1;0;-1
0;69;4.43661;45.7981;-70.5439;9.40266;3482.1;5.65368;0;0;0.1;0.01;0;6.07252;0;0;-1
0;70;3.50525;63.7181;-70.1483;9.87208;4030.09;5.93594;0;0;0.1;0.01;0;3.45317;0;0;-1
0;71;16.3323;-66.2675;-69.8997;9.33398;3406.35;5.61239;0;0;0.1;0.01;0;2.89147;0;0;-1
0;72;15.97;-47.1662;-70.9267;8.71329;2770.99;5.23917;0;0;0.1;0.01;0;4.75216;0;0;-1
0;73;19.2591;-30.2021;-70.877;10.2304;4485.04;6.15139;0;0;0.1;0.01;0;6.89022;0;0;-1
0;74;16.4096;-14.0941;-69.2304;8.5;2572.44;5.11093;0;0;0.1;0.01;0;6.69883;1;0;-1
0;75;16.9968;1.22226;-71.3283;9.24351;3308.26;5.55799;0;0;0.1;0.01;0;5.44115;0;0;-1
0;76;16.0021;18.207;-69.2072;8.72477;2781.96;5.24608;0;0;0.1;0.01;0;4.98703;0;0;-1
0;77;17.3089;35.4429;-70.6375;9.03495;3089.34;5.43258;0;0;0.1;0.01;0;5.48832;0;0;-1
0;78;19.4544;55.0746;-70.2795;10.194;4437.34;6.1295;0;0;0.1;0.01;0;4.06665;0;0;-1
0;79;31.0777;-57.7975;-69.4691;8.5;2572.44;5.11093;0;0;0.1;0.01;0;3.35993;1;0;-1
0;80;31.7666;-38.5296;-68.4259;9.87873;4038.24;5.93994;0;0;0.1;0.01;0;6.27502;0;0;-1
0;81;32.0161;-21.8247;-69.6522;8.5;2572.44;5.11093;0;0;0.1;0.01;0;4.93481;1;0;-1
0;82;33.3346;-6.3393;-68.8083;9.53103;3626.67;5.73087;0;0;0.1;0.01;0;5.57105;0;0;-1
0;83;30.5742;12.4416;-71.2995;9.73152;3860.39;5.85142;0;0;0.1;0.01;0;6.45305;0;0;-1
0;84;33.624;28.6046;-68.5224;10.0382;4236.98;6.03582;0;0;0.1;0.01;0;6.8875;0;0;-1
0;85;34.0109;43.7455;-71.9684;8.5;2572.44;5.11093;0;0;0.1;0.01;0;4.23534;1;0;-1
0;86;46.3654;-51.2935;-68.9103;9.61922;3728.28;5.7839;0;0;0.1;0.01;0;2.75877;0;0;-1
0;87;45.9781;-30.4838;-71.9465;9.01313;3067.01;5.41946;0;0;0.1;0.01;0;4.33506;0;0;-1
0;88;47.556;-13.4221;-72.0009;9.9526;4129.51;5.98435;0;0;0.1;0.01;0;4.86471;0;0;-1
0;89;45.3302;1.6516;-69.0514;8.5;2572.44;5.11093;0;0;0.1;0.01;0;5.76282;1;0;-1
0;90;47.308;17.1296;-68.9543;10.3912;4699.87;6.24808;0;0;0.1;0.01;0;6.38355;0;0;-1
0;91;48.9698;36.8792;-71.9506;10.2103;4458.66;6.13931;0;0;0.1;0.01;0;3.53509;0;0;-1
0;92;46.7053;54.1115;-69.005;8.5;2572.44;5.11093;0;0;0.1;0.01;0;2.53696;1;0;-1
0;93;60.0251;-25.6666;-72.0479;10.0688;4275.84;6.05422;0;0;0.1;0.01;0;2.75198;0;0;-1
0;94;62.5657;-5.60606;-71.9207;8.73835;2794.97;5.25424;0;0;0.1;0.01;0;2.33576;0;0;-1
0;95;61.3318;9.87442;-68.8384;9.81409;3959.49;5.90107;0;0;0.1;0.01;0;3.63506;0;0;-1
0;96;-80.3915;-8.31354;-55.4119;9.69228;3813.88;5.82783;0;0;0.1;0.01;0;2.96166;0;0;-1
0;97;-80.1231;12.4622;-54.3352;8.7296;2786.58;5.24898;0;0;0.1;0.01;0;2.61221;0;0;-1
0;98;-65.7591;-48.4249;-54.2766;10.1245;4347.2;6.08771;0;0;0.1;0.01;0;4.67972;0;0;-1
0;99;-67.703;-33.8752;-55.4078;8.95215;3005.18;5.3828;0;0;0.1;0.01;0;3.3036;0;0;-1
0;100;-65.5509;-12.6493;-56.3829;8.50736;2579.13;5.11535;0;0;0.1;0.01;0;4.00118;0;0;-1
0;101;-64.5994;1.73427;-53.9648;9.72048;3847.26;5.84478;0;0;0.1;0.01;0;5.33451;0;0;-1
0;102;-68.0104;19.6477;-57.7798;8.68328;2742.46;5.22113;0;0;0.1;0.01;0;3.53616;0;0;-1
0;103;-66.4418;35.4385;-55.5538;8.5;2572.44;5.11093;0;0;0.1;0.01;0;3.49175;1;0;-1
0;104;-52.2517;-59.3453;-54.8767;9.7421;3872.99;5.85778;0;0;0.1;0.01;0;4.05949;0;0;-1
0;105;-52.9124;-42.3723;-57.5566;8.54632;2614.73;5.13878;0;0;0.1;0.01;0;4.59312;0;0;-1
0;106;-51.3172;-24.6954;-57.7989;8.5;2572.44;5.11093;0;0;0.1;0.01;0;4.57009;1;0;-1
0;107;-49.8612;-4.79236;-57.1226;9.83619;3986.29;5.91436;0;0;0.1;0.01;0;6.42148;0;0;-1
0;108;-51.7477;12.041;-54.3872;9.7551;3888.52;5.8656;0;0;0.1;0.01;0;7.06068;0;0;-1
0;109;-51.0321;27.8567;-57.8119;10.3779;4681.85;6.24008;0;0;0.1;0.01;0;6.92792;0;0;-1
0;110;-52.1465;44.806;-54.0097;9.75705;3890.85;5.86677;0;0;0.1;0.01;0;6.19797;0;0;-1
0;111;-50.5777;59.7299;-54.436;10.0947;4308.92;6.0698;0;0;0.1;0.01;0;5.15095;0;0;-1
0;112;-38.6597;-66.5831;-56.3465;9.78686;3926.62;5.8847;0;0;0.1;0.01;0;4.1021;0;0;-1
0;113;-38.3695;-51.047;-54.5666;9.22818;3291.83;5.54877;0;0;0.1;0.01;0;5.19224;0;0;-1
0;114;-36.5552;-31.2295;-56.2453;9.62245;3732.03;5.78584;0;0;0.1;0.01;0;6.18188;0;0;-1
0;115;-36.5268;-14.8575;-55.7919;10.2702;4537.59;6.17532;0;0;0.1;0.01;0;6.81598;0;0;-1
0;116;-37.7496;2.44098;-54.3728;8.98033;3033.65;5.39974;0;0;0.1;0.01;0;5.52302;0;0;-1
0;117;-36.0786;20.9959;-57.0225;10.2728;4541.04;6.17689;0;0;0.1;0.01;0;7.5406;0;0;-1
0;118;-35.2048;36.6529;-55.0682;8.75833;2814.18;5.26626;0;0;0.1;0.01;0;6.6544;0;0;-1
0;119;-36.9982;51.2784;-56.5088;10.0445;4244.96;6.03961;0;0;0.1;0.01;0;6.94617;0;0;-1
0;120;-35.928;70.311;-57.9334;10.4064;4720.52;6.25722;0;0;0.1;0.01;0;4.27297;0;0;-1
0;121;-23.9344;-76.0253;-57.327;9.56038;3660.28;5.74852;0;0;0.1;0.01;0;3.144;0;0;-1
0;122;-21.829;-56.2145;-56.4078;9.42137;3502.92;5.66493;0;0;0.1;0.01;0;6.51138;0;0;-1
0;123;-21.0907;-40.4623;-54.8462;10.0066;4197.09;6.01682;0;0;0.1;0.01;0;6.98325;0;0;-1
0;124;-23.6246;-22.5409;-56.746;9.91108;4078.04;5.95939;0;0;0.1;0.01;0;6.87615;0;0;-1
0;125;-21.5838;-7.1534;-56.3381;8.98657;3039.98;5.40349;0;0;0.1;0.01;0;5.63005;0;0;-1
0;126;-22.4076;9.00098;-55.9853;9.44496;3529.3;5.67912;0;0;0.1;0.01;0;4.80065;0;0;-1
0;127;-21.4045;25.5971;-55.5887;8.61865;2681.68;5.18227;0;0;0.1;0.01;0;5.26427;0;0;-1
0;128;-21.7824;42.3093;-56.7067;8.5;2572.44;5.11093;0;0;0.1;0.01;0;5.12249;1;0;-1
0;129;-22.1154;63.2075;-54.4585;10.3642;4663.33;6.23184;0;0;0.1;0.01;0;7.13762;0;0;-1
0;130;-22.0272;77.9753;-57.0141;9.14647;3205.16;5.49964;0;0;0.1;0.01;0;3.52674;0;0;-1
0;131;-9.28468;-80.7872;-56.0052;8.5;2572.44;5.11093;0;0;0.1;0.01;0;2.47113;1;0;-1
0;132;-5.76884;-65.6682;-55.7444;9.0412;3095.76;5.43634;0;0;0.1;0.01;0;4.74605;0;0;-1
0;133;-6.23114;-47.1142;-55.1185;9.62786;3738.33;5.78909;0;0;0.1;0.01;0;5.88266;0;0;-1
0;134;-8.7723;-29.9197;-54.6121;9.80216;3945.06;5.8939;0;0;0.1;0.01;0;5.57573;0;0;-1
0;135;-8.94895;-14.1403;-55.4204;8.61231;2675.76;5.17846;0;0;0.1;0.01;0;5.84044;0;0;-1
0;136;-7.06624;0.365835;-56.718;8.5;2572.44;5.11093;0;0;0.1;0.01;0;5.33856;1;0;-1
0;137;-5.92419;20.994;-55.1522;10.3787;4682.93;6.24056;0;0;0.1;0.01;0;6.33349;0;0;-1
0;138;-8.2388;36.9542;-55.4912;10.3709;4672.38;6.23587;0;0;0.1;0.01;0;6.41164;0;0;-1
0;139;-5.82905;54.9394;-55.1057;10.4463;4775.03;6.28121;0;0;0.1;0.01;0;6.18469;0;0;-1
0;140;-8.7166;70.3287;-55.1331;8.9171;2970.02;5.36172;0;0;0.1;0.01;0;3.30175;0;0;-1
0;141;8.98304;-74.3195;-56.9036;8.95921;3012.3;5.38704;0;0;0.1;0.01;0;3.46775;0;0;-1
0;142;6.86026;-58.0789;-56.2095;9.9375;4110.74;5.97527;0;0;0.1;0.01;0;6.126;0;0;-1
0;143;7.34524;-41.7026;-54.9337;8.5;2572.44;5.11093;0;0;0.1;0.01;0;4.3818;1;0;-1
0;144;9.40364;-22.7161;-56.6048;9.348;3421.72;5.62082;0;0;0.1;0.01;0;6.49519;0;0;-1
0;145;6.03163;-8.01976;-56.8586;9.37777;3454.52;5.63872;0;0;0.1;0.01;0;6.47181;0;0;-1
0;146;5.61154;9.72484;-55.2392;8.95394;3006.98;5.38387;0;0;0.1;0.01;0;4.27916;0;0;-1
0;147;8.44372;27.7516;-53.9538;10.1128;4332.14;6.08068;0;0;0.1;0.01;0;6.67657;0;0;-1
0;148;8.53253;44.9757;-55.9763;10.2821;4553.38;6.18248;0;0;0.1;0.01;0;7.63956;0;0;-1
0;149;8.84255;59.8412;-57.7138;8.76315;2818.83;5.26915;0;0;0.1;0.01;0;5.8112;0;0;-1
0;150;8.56757;79.8429;-54.3396;9.33081;3402.88;5.61048;0;0;0.1;0.01;0;2.80789;0;0;-1
0;151;22.2779;-64.2612;-56.6546;9.79249;3933.4;5.88808;0;0;0.1;0.01;0;4.96809;0;0;-1
0;152;24.1801;-49.9851;-53.722;8.97699;3030.27;5.39773;0;0;0.1;0.01;0;5.40077;0;0;-1
0;153;20.2939;-32.6144;-55.2889;9.10775;3164.62;5.47636;0;0;0.1;0.01;0;5.1552;0;0;-1
0;154;20.5232;-12.7117;-57.3689;9.31056;3380.77;5.5983;0;0;0.1;0.01;0;6.00963;0;0;-1
0;155;23.6294;1.41943;-56.4444;9.29185;3360.43;5.58705;0;0;0.1;0.01;0;5.6801;0;0;-1
0;156;23.7518;20.6586;-55.7416;10.1452;4373.92;6.10016;0;0;0.1;0.01;0;6.42715;0;0;-1
0;157;22.6855;38.2426;-56.2058;10.0929;4306.62;6.06871;0;0;0.1;0.01;0;7.04197;0;0;-1
0;158;22.9279;54.3764;-53.981;10.4336;4757.64;6.27357;0;0;0.1;0.01;0;7.09835;0;0;-1
0;159;22.0548;70.5677;-57.6964;9.08793;3144.01;5.46444;0;0;0.1;0.01;0;2.46967;0;0;-1
0;160;38.5702;-56.0254;-56.4251;9.06067;3115.8;5.44805;0;0;0.1;0.01;0;4.55387;0;0;-1
0;161;34.9364;-38.3588;-54.7254;8.60039;2664.67;5.17129;0;0;0.1;0.01;0;5.32534;0;0;-1
0;162;38.5256;-25.1018;-56.458;9.04343;3098.05;5.43768;0;0;0.1;0.01;0;5.60523;0;0;-1
0;163;37.2078;-5.69292;-54.8351;8.57831;2644.2;5.15801;0;0;0.1;0.01;0;5.96671;0;0;-1
0;164;38.4595;8.33408;-55.4116;9.23354;3297.56;5.55199;0;0;0.1;0.01;0;6.96568;0;0;-1
0;165;38.8663;25.436;-54.604;9.85015;4003.29;5.92275;0;0;0.1;0.01;0;6.3263;0;0;-1
0;166;36.783;46.1493;-56.6502;9.17439;3234.6;5.51643;0;0;0.1;0.01;0;5.85597;0;0;-1
0;167;36.3685;60.7315;-54.1179;8.5;2572.44;5.11093;0;0;0.1;0.01;0;4.54061;1;0;-1
0;168;52.8847;-50.9562;-56.0582;8.97539;3028.65;5.39677;0;0;0.1;0.01;0;3.28763;0;0;-1
0;169;52.065;-31.0882;-54.1365;9.95776;4135.93;5.98746;0;0;0.1;0.01;0;5.73177;0;0;-1
0;170;52.9063;-15.0643;-54.386;8.5;2572.44;5.11093;0;0;0.1;0.01;0;5.22876;1;0;-1
0;171;52.2518;0.0425759;-54.39;9.99184;4178.54;6.00795;0;0;0.1;0.01;0;7.51664;0;0;-1
0;172;51.1897;18.0855;-56.0397;9.0008;3054.44;5.41205;0;0;0.1;0.01;0;6.79125;0;0;-1
0;173;52.9437;34.0748;-55.7672;9.24176;3306.38;5.55694;0;0;0.1;0.01;0;5.31027;0;0;-1
0;174;52.6944;55.2578;-56.5074;10.1122;4331.37;6.08032;0;0;0.1;0.01;0;4.26883;0;0;-1
0;175;64.6161;-40.8757;-56.6747;9.03274;3087.07;5.43126;0;0;0.1;0.01;0;2.99462;0;0;-1
0;176;67.2824;-25.0828;-56.1074;9.38578;3463.38;5.64353;0;0;0.1;0.01;0;4.42105;0;0;-1
0;177;67.7722;-4.50167;-55.1303;8.5;2572.44;5.11093;0;0;0.1;0.01;0;5.1397;1;0;-1
0;178;65.8331;11.9965;-53.8116;9.54477;3642.38;5.73913;0;0;0.1;0.01;0;5.87358;0;0;-1
0;179;66.0113;26.6433;-55.2734;8.5;2572.44;5.11093;0;0;0.1;0.01;0;3.89153;1;0;-1
0;180;64.7673;46.0655;-54.3199;9.81335;3958.59;5.90062;0;0;0.1;0.01;0;3.39626;0;0;-1
0;181;79.7172;-16.8477;-56.7577;10.1836;4423.77;6.12325;0;0;0.1;0.01;0;2.82843;0;0;-1
0;182;82.2231;1.12019;-54.4671;8.92226;2975.18;5.36483;0;0;0.1;0.01;0;2.82675;0;0;-1
0;183;-87.5117;-21.6658;-40.6304;9.37018;3446.14;5.63415;0;0;0.1;0.01;0;3.14534;0;0;-1
0;184;-84.1163;-8.17173;-40.1252;10.0307;4227.49;6.03131;0;0;0.1;0.01;0;5.21811;0;0;-1
0;185;-86.308;12.351;-39.6257;9.63572;3747.5;5.79382;0;0;0.1;0.01;0;4.4401;0;0;-1
0;186;-86.6547;29.3367;-39.2322;9.84885;4001.71;5.92197;0;0;0.1;0.01;0;3.00436;0;0;-1
0;187;-70.1825;-48.0365;-39.642;8.5;2572.44;5.11093;0;0;0.1;0.01;0;4.05814;1;0;-1
0;188;-72.1225;-33.9478;-41.5632;10.2288;4482.94;6.15043;0;0;0.1;0.01;0;5.02692;0;0;-1
0;189;-71.5902;-14.5712;-41.6284;8.5;2572.44;5.11093;0;0;0.1;0.01;0;5.38528;1;0;-1
0;190;-72.6799;3.61652;-40.9278;10.2704;4537.86;6.17544;0;0;0.1;0.01;0;7.38558;0;0;-1
0;191;-70.5072;19.073;-42.0706;9.73679;3866.66;5.85459;0;0;0.1;0.01;0;6.24131;0;0;-1
0;192;-69.9853;37.0794;-42.9183;9.92192;4091.44;5.96591;0;0;0.1;0.01;0;5.6834;0;0;-1
0;193;-72.6576;51.3911;-41.1038;9.59208;3696.81;5.76758;0;0;0.1;0.01;0;3.0928;0;0;-1
0;194;-56.9533;-59.207;-39.9313;10.3288;4615.71;6.21056;0;0;0.1;0.01;0;5.24802;0;0;-1
0;195;-56.7256;-39.4603;-41.8748;9.50868;3601.22;5.71743;0;0;0.1;0.01;0;6.6405;0;0;-1
0;196;-54.1653;-24.6434;-40.9096;9.31218;3382.54;5.59928;0;0;0.1;0.01;0;5.4218;0;0;-1
0;197;-57.4622;-7.32671;-42.0179;10.0834;4294.47;6.063;0;0;0.1;0.01;0;6.99136;0;0;-1
0;198;-55.0627;9.53796;-39.8537;10.2811;4552.05;6.18188;0;0;0.1;0.01;0;6.71547;0;0;-1
0;199;-55.543;25.872;-41.5481;9.89022;4052.35;5.94685;0;0;0.1;0.01;0;6.11472;0;0;-1
0;200;-56.9736;42.6504;-40.1101;9.6706;3788.34;5.81479;0;0;0.1;0.01;0;6.52627;0;0;-1
0;201;-54.2547;60.4496;-39.5898;9.62047;3729.73;5.78465;0;0;0.1;0.01;0;5.23986;0;0;-1
0;202;-40.5174;-80.6247;-40.9821;8.5;2572.44;5.11093;0;0;0.1;0.01;0;2.97168;1;0;-1
0;203;-41.6794;-65.8981;-39.2291;9.46189;3548.32;5.6893;0;0;0.1;0.01;0;6.38166;0;0;-1
0;204;-43.0503;-47.5218;-41.7161;8.5;2572.44;5.11093;0;0;0.1;0.01;0;4.9009;1;0;-1
0;205;-42.5737;-31.6891;-42.2071;8.64528;2706.61;5.19828;0;0;0.1;0.01;0;5.09588;0;0;-1
0;206;-40.2501;-13.4536;-40.6527;9.60474;3711.47;5.77519;0;0;0.1;0.01;0;6.10427;0;0;-1
0;207;-42.0115;1.95227;-39.996;9.25091;3316.21;5.56244;0;0;0.1;0.01;0;6.47582;0;0;-1
0;208;-41.7822;19.6612;-42.4186;8.59492;2659.59;5.168;0;0;0.1;0.01;0;5.91407;0;0;-1
0;209;-41.4509;34.4577;-41.4128;8.78789;2842.77;5.28403;0;0;0.1;0.01;0;5.64238;0;0;-1
0;210;-40.2715;53.6164;-41.2251;9.53739;3633.94;5.73469;0;0;0.1;0.01;0;7.07317;0;0;-1
0;211;-40.8049;68.4781;-42.1377;10.3601;4657.8;6.22938;0;0;0.1;0.01;0;6.08195;0;0;-1
0;212;-27.6609;-72.9655;-42.8757;9.39388;3472.35;5.6484;0;0;0.1;0.01;0;6.10767;0;0;-1
0;213;-28.1441;-57.7303;-40.4604;10.4418;4768.86;6.2785;0;0;0.1;0.01;0;7.09497;0;0;-1
0;214;-25.297;-38.5053;-42.3713;9.23225;3296.18;5.55122;0;0;0.1;0.01;0;5.32907;0;0;-1
0;215;-25.0138;-22.3779;-39.816;9.9908;4177.24;6.00732;0;0;0.1;0.01;0;6.3898;0;0;-1
0;216;-24.7456;-5.18286;-40.6543;8.87426;2927.42;5.33596;0;0;0.1;0.01;0;5.61452;0;0;-1
0;217;-25.4521;9.75607;-41.0454;8.5;2572.44;5.11093;0;0;0.1;0.01;0;4.04115;1;0;-1
0;218;-28.1777;27.0158;-42.0158;9.3773;3454;5.63843;0;0;0.1;0.01;0;5.49019;0;0;-1
0;219;-27.222;44.1221;-42.0994;9.59228;3697.04;5.7677;0;0;0.1;0.01;0;6.10618;0;0;-1
0;220;-27.558;60.5357;-40.7631;9.41372;3494.4;5.66033;0;0;0.1;0.01;0;7.0682;0;0;-1
0;221;-25.0124;77.174;-42.0762;9.57316;3674.98;5.7562;0;0;0.1;0.01;0;5.24571;0;0;-1
0;222;-12.9851;-83.1433;-42.1678;8.61093;2674.48;5.17763;0;0;0.1;0.01;0;4.03814;0;0;-1
0;223;-12.9523;-67.6086;-39.7424;10.0617;4266.8;6.04995;0;0;0.1;0.01;0;6.69709;0;0;-1
0;224;-12.3959;-49.379;-41.834;9.18212;3242.78;5.52108;0;0;0.1;0.01;0;5.32014;0;0;-1
0;225;-9.78684;-33.3293;-39.8345;9.50911;3601.71;5.71769;0;0;0.1;0.01;0;6.11808;0;0;-1
0;226;-13.0705;-15.5111;-40.758;8.69144;2750.2;5.22604;0;0;0.1;0.01;0;6.37324;0;0;-1
0;227;-11.0649;0.25496;-41.4519;8.66025;2720.7;5.20728;0;0;0.1;0.01;0;5.45357;0;0;-1
0;228;-12.536;20.0332;-39.3422;9.95302;4130.03;5.98461;0;0;0.1;0.01;0;6.1587;0;0;-1
0;229;-9.95904;34.3156;-39.7714;8.5;2572.44;5.11093;0;0;0.1;0.01;0;6.08593;1;0;-1
0;230;-11.5615;52.9632;-39.359;10.1789;4417.65;6.12042;0;0;0.1;0.01;0;6.4709;0;0;-1
0;231;-11.1002;70.7607;-40.036;9.43087;3513.53;5.67065;0;0;0.1;0.01;0;5.57692;0;0;-1
0;232;-9.79043;87.1037;-39.9613;8.5;2572.44;5.11093;0;0;0.1;0.01;0;2.38873;1;0;-1
0;233;2.81883;-89.5431;-42.0555;9.11671;3173.97;5.48175;0;0;0.1;0.01;0;2.8819;0;0;-1
0;234;4.67924;-74.9348;-41.1604;8.55271;2620.59;5.14262;0;0;0.1;0.01;0;5.17835;0;0;-1
0;235;2.01362;-59.7589;-39.3812;9.47364;3561.55;5.69636;0;0;0.1;0.01;0;5.41867;0;0;-1
0;236;3.62635;-40.7652;-39.8085;8.5;2572.44;5.11093;0;0;0.1;0.01;0;4.85098;1;0;-1
0;237;4.67716;-25.2827;-39.5152;9.5216;3615.92;5.7252;0;0;0.1;0.01;0;6.1372;0;0;-1
0;238;1.23341;-8.08225;-42.4262;10.2613;4525.8;6.16997;0;0;0.1;0.01;0;6.26703;0;0;-1
0;239;3.21629;10.4466;-41.0134;8.61838;2681.42;5.18211;0;0;0.1;0.01;0;4.36854;0;0;-1
0;240;4.07512;27.1859;-39.4807;8.90471;2957.66;5.35427;0;0;0.1;0.01;0;6.72634;0;0;-1
0;241;1.22671;43.028;-40.2746;10.0973;4312.25;6.07136;0;0;0.1;0.01;0;7.97793;0;0;-1
0;242;1.5246;60.6214;-40.9752;8.5;2572.44;5.11093;0;0;0.1;0.01;0;5.36294;1;0;-1
0;243;3.95178;76.3832;-41.0688;9.14274;3201.24;5.4974;0;0;0.1;0.01;0;5.26545;0;0;-1
0;244;17.6735;-82.3276;-42.0962;8.5;2572.44;5.11093;0;0;0.1;0.01;0;3.29284;1;0;-1
0;245;18.2135;-65.4539;-39.2887;10.2625;4527.39;6.17069;0;0;0.1;0.01;0;5.88477;0;0;-1
0;246;17.9192;-46.4591;-40.8072;8.89095;2943.97;5.346;0;0;0.1;0.01;0;5.26702;0;0;-1
0;247;17.8357;-31.7647;-41.1613;8.5;2572.44;5.11093;0;0;0.1;0.01;0;5.83902;1;0;-1
0;248;19.1007;-15.4968;-41.7746;9.48375;3572.97;5.70244;0;0;0.1;0.01;0;5.92316;0;0;-1
0;249;19.7494;1.93736;-42.1578;9.10927;3166.21;5.47727;0;0;0.1;0.01;0;4.69238;0;0;-1
0;250;17.6674;17.7325;-40.5169;9.27102;3337.88;5.57453;0;0;0.1;0.01;0;5.59917;0;0;-1
0;251;19.03;36.715;-42.8428;9.9124;4079.67;5.96018;0;0;0.1;0.01;0;7.63361;0;0;-1
0;252;16.7927;52.0135;-39.692;10.0976;4312.64;6.07154;0;0;0.1;0.01;0;7.44145;0;0;-1
0;253;18.7608;68.469;-41.1955;10.3155;4597.9;6.20256;0;0;0.1;0.01;0;5.94104;0;0;-1
0;254;16.4143;87.4199;-41.1329;10.0767;4285.92;6.05897;0;0;0.1;0.01;0;3.14496;0;0;-1
0;255;32.9516;-75.6319;-42.5085;8.64912;2710.22;5.20059;0;0;0.1;0.01;0;2.25086;0;0;-1
0;256;30.5635;-56.4961;-40.5171;9.0958;3152.18;5.46917;0;0;0.1;0.01;0;6.27946;0;0;-1
0;257;33.7166;-41.1816;-40.4668;10.005;4195.08;6.01586;0;0;0.1;0.01;0;7.65224;0;0;-1
0;258;32.7744;-25.2906;-41.5716;10.1242;4346.81;6.08753;0;0;0.1;0.01;0;7.40474;0;0;-1
0;259;33.7388;-8.04941;-42.0315;8.5;2572.44;5.11093;0;0;0.1;0.01;0;4.72516;1;0;-1
0;260;33.8435;10.0368;-42.2935;8.5;2572.44;5.11093;0;0;0.1;0.01;0;5.10224;1;0;-1
0;261;33.8458;29.5181;-39.8827;8.93213;2985.06;5.37076;0;0;0.1;0.01;0;6.03459;0;0;-1
0;262;32.9433;46.1538;-39.4235;10.038;4236.72;6.0357;0;0;0.1;0.01;0;7.76767;0;0;-1
0;263;33.9191;60.0854;-39.7073;9.38769;3465.49;5.64468;0;0;0.1;0.01;0;6.20615;0;0;-1
0;264;33.552;79.8399;-40.43;8.95437;3007.42;5.38413;0;0;0.1;0.01;0;2.74459;0;0;-1
0;265;47.8219;-65.2713;-41.6049;8.94443;2997.41;5.37816;0;0;0.1;0.01;0;2.46824;0;0;-1
0;266;47.1434;-47.702;-39.9486;9.52788;3623.08;5.72898;0;0;0.1;0.01;0;5.80457;0;0;-1
0;267;47.7661;-30.2381;-39.2201;10.3176;4600.71;6.20382;0;0;0.1;0.01;0;7.65995;0;0;-1
0;268;46.7902;-14.9389;-42.5859;10.067;4273.55;6.05314;0;0;0.1;0.01;0;7.77871;0;0;-1
0;269;46.0831;2.87953;-42.1842;8.5;2572.44;5.11093;0;0;0.1;0.01;0;6.20058;1;0;-1
0;270;47.7568;16.873;-43.0414;10.1627;4396.59;6.11068;0;0;0.1;0.01;0;7.43906;0;0;-1
0;271;46.8467;37.9666;-41.0963;9.52653;3621.54;5.72816;0;0;0.1;0.01;0;6.19119;0;0;-1
0;272;46.703;52.1425;-42.8706;9.67637;3795.12;5.81826;0;0;0.1;0.01;0;6.60558;0;0;-1
0;273;46.8357;69.2606;-39.8967;9.92643;4097.02;5.96862;0;0;0.1;0.01;0;4.49589;0;0;-1
0;274;60.3739;-55.3636;-39.3298;9.8308;3979.74;5.91112;0;0;0.1;0.01;0;4.74503;0;0;-1
0;275;63.9929;-41.6901;-39.8274;8.94562;2998.61;5.37887;0;0;0.1;0.01;0;4.28117;0;0;-1
0;276;61.2086;-23.3552;-39.8328;8.55006;2618.16;5.14103;0;0;0.1;0.01;0;5.54327;0;0;-1
0;277;63.4169;-7.79352;-42.3296;9.67674;3795.56;5.81848;0;0;0.1;0.01;0;6.80315;0;0;-1
0;278;63.5989;8.22946;-39.4669;10.0114;4203.13;6.01971;0;0;0.1;0.01;0;6.55932;0;0;-1
0;279;63.0229;26.191;-42.2758;10.0357;4233.81;6.03432;0;0;0.1;0.01;0;6.07567;0;0;-1
0;280;61.5526;42.137;-41.1948;8.88075;2933.85;5.33987;0;0;0.1;0.01;0;5.08207;0;0;-1
0;281;62.0015;60.426;-42.4627;9.23144;3295.32;5.55073;0;0;0.1;0.01;0;3.67566;0;0;-1
0;282;74.9454;-32.4983;-43.1736;9.0112;3065.04;5.4183;0;0;0.1;0.01;0;3.21575;0;0;-1
0;283;77.7377;-14.9991;-41.1213;8.62851;2690.89;5.1882;0;0;0.1;0.01;0;4.46636;0;0;-1
0;284;76.3292;-0.0845963;-41.468;10.2851;4557.37;6.18428;0;0;0.1;0.01;0;6.87623;0;0;-1
0;285;78.7388;19.7268;-42.8255;8.99017;3043.63;5.40566;0;0;0.1;0.01;0;3.3315;0;0;-1
0;286;76.5353;34.3376;-41.9451;9.23964;3304.1;5.55566;0;0;0.1;0.01;0;3.54157;0;0;-1
0;287;90.5159;-4.56065;-40.5346;8.7003;2758.62;5.23136;0;0;0.1;0.01;0;2.23169;0;0;-1
0;288;-95.1283;-13.5078;-24.7041;8.77145;2826.85;5.27415;0;0;0.1;0.01;0;3.17478;0;0;-1
0;289;-95.6353;1.24912;-26.0953;9.92316;4092.97;5.96665;0;0;0.1;0.01;0;3.87519;0;0;-1
0;290;-80.8654;-41.4999;-24.6618;9.90428;4069.65;5.9553;0;0;0.1;0.01;0;2.88792;0;0;-1
0;291;-81.7961;-23.4408;-27.3452;9.5595;3659.27;5.74799;0;0;0.1;0.01;0;3.8649;0;0;-1
0;292;-78.909;-4.65543;-26.4824;10.0423;4242.17;6.03829;0;0;0.1;0.01;0;5.59113;0;0;-1
0;293;-82.5759;10.9705;-26.4508;10.1274;4350.93;6.08946;0;0;0.1;0.01;0;6.28522;0;0;-1
0;294;-82.416;27.6792;-25.1422;10.0349;4232.8;6.03384;0;0;0.1;0.01;0;5.02654;0;0;-1
0;295;-80.4034;44.5623;-28.1111;9.88358;4044.19;5.94285;0;0;0.1;0.01;0;3.28351;0;0;-1
0;296;-64.0844;-67.8783;-25.9955;8.5;2572.44;5.11093;0;0;0.1;0.01;0;2.51786;1;0;-1
0;297;-64.379;-48.9935;-26.1336;8.77835;2833.53;5.27829;0;0;0.1;0.01;0;4.35825;0;0;-1
0;298;-64.5263;-31.2647;-25.4592;9.74862;3880.77;5.8617;0;0;0.1;0.01;0;5.46831;0;0;-1
0;299;-64.4861;-12.894;-26.9897;9.28066;3348.31;5.58033;0;0;0.1;0.01;0;5.55848;0;0;-1
0;300;-66.0779;4.44421;-26.0341;8.5;2572.44;5.11093;0;0;0.1;0.01;0;5.94054;1;0;-1
0;301;-65.4686;20.2208;-26.9339;8.59094;2655.89;5.16561;0;0;0.1;0.01;0;5.71258;0;0;-1
0;302;-64.6872;35.2188;-27.1715;10.0497;4251.56;6.04274;0;0;0.1;0.01;0;6.31007;0;0;-1
0;303;-64.5496;50.9138;-26.2259;9.27992;3347.51;5.57988;0;0;0.1;0.01;0;5.74945;0;0;-1
0;304;-66.6817;68.6689;-26.7133;9.4554;3541.02;5.68539;0;0;0.1;0.01;0;2.14948;0;0;-1
0;305;-49.7067;-72.5028;-27.789;8.99661;3050.18;5.40953;0;0;0.1;0.01;0;5.22886;0;0;-1
0;306;-49.6139;-58.1755;-26.2853;9.25063;3315.91;5.56227;0;0;0.1;0.01;0;6.29365;0;0;-1
0;307;-51.5415;-39.7129;-26.3443;9.3425;3415.69;5.61751;0;0;0.1;0.01;0;6.00832;0;0;-1
0;308;-52.4098;-23.1183;-27.55;9.77632;3913.95;5.87836;0;0;0.1;0.01;0;6.5555;0;0;-1
0;309;-50.4841;-7.03281;-27.8139;9.73264;3861.72;5.8521;0;0;0.1;0.01;0;6.60978;0;0;-1
0;310;-53.0188;8.65373;-26.3274;8.9409;2993.87;5.37603;0;0;0.1;0.01;0;5.48717;0;0;-1
0;311;-51.1137;26.788;-24.4696;9.14375;3202.3;5.498;0;0;0.1;0.01;0;5.57845;0;0;-1
0;312;-49.9874;45.514;-24.875;9.78011;3918.5;5.88064;0;0;0.1;0.01;0;7.33693;0;0;-1
0;313;-50.6648;62.4865;-25.5771;8.75947;2815.28;5.26694;0;0;0.1;0.01;0;6.08449;0;0;-1
0;314;-51.7944;78.4825;-28.2557;8.72318;2780.44;5.24512;0;0;0.1;0.01;0;2.65262;0;0;-1
0;315;-36.4312;-82.1738;-26.5174;10.3133;4594.96;6.20124;0;0;0.1;0.01;0;6.19661;0;0;-1
0;316;-34.9836;-67.306;-26.8001;8.88636;2939.41;5.34324;0;0;0.1;0.01;0;6.99099;0;0;-1
0;317;-38.3673;-47.1098;-27.152;10.1598;4392.83;6.10894;0;0;0.1;0.01;0;5.71173;0;0;-1
0;318;-36.0574;-30.0827;-26.0727;9.32899;3400.89;5.60939;0;0;0.1;0.01;0;6.11587;0;0;-1
0;319;-34.6365;-13.7599;-26.8026;8.77558;2830.85;5.27663;0;0;0.1;0.01;0;5.01588;0;0;-1
0;320;-36.5898;4.31432;-27.4481;8.5;2572.44;5.11093;0;0;0.1;0.01;0;4.19156;1;0;-1
0;321;-38.3608;18.5451;-27.4813;9.50184;3593.45;5.71332;0;0;0.1;0.01;0;5.45338;0;0;-1
0;322;-38.2443;34.5876;-25.1773;8.5;2572.44;5.11093;0;0;0.1;0.01;0;5.50117;1;0;-1
0;323;-37.6483;52.2764;-27.8696;9.223;3286.29;5.54566;0;0;0.1;0.01;0;6.07342;0;0;-1
0;324;-38.2086;67.7255;-25.7672;8.5;2572.44;5.11093;0;0;0.1;0.01;0;4.48586;1;0;-1
0;325;-35.5412;85.8434;-24.952;10.2803;4550.99;6.1814;0;0;0.1;0.01;0;3.74678;0;0;-1
0;326;-21.7869;-90.7755;-25.2874;10.3383;4628.45;6.21627;0;0;0.1;0.01;0;3.98781;0;0;-1
0;327;-20.5816;-73.0902;-27.0255;10.1729;4409.84;6.11682;0;0;0.1;0.01;0;8.27827;0;0;-1
0;328;-20.3454;-59.1612;-26.3105;9.74517;3876.65;5.85963;0;0;0.1;0.01;0;7.26737;0;0;-1
0;329;-22.0193;-40.5845;-26.6577;8.61701;2680.15;5.18128;0;0;0.1;0.01;0;4.98635;0;0;-1
0;330;-21.363;-21.1039;-24.9761;10.094;4308.03;6.06938;0;0;0.1;0.01;0;6.84306;0;0;-1
0;331;-19.7229;-5.48345;-28.0805;8.5;2572.44;5.11093;0;0;0.1;0.01;0;4.64936;1;0;-1
0;332;-21.3088;11.8067;-25.7736;8.5;2572.44;5.11093;0;0;0.1;0.01;0;4.00082;1;0;-1
0;333;-22.7753;28.7636;-27.7839;8.64731;2708.52;5.1995;0;0;0.1;0.01;0;5.10097;0;0;-1
0;334;-21.2707;44.7699;-27.8777;9.74786;3879.86;5.86125;0;0;0.1;0.01;0;5.84035;0;0;-1
0;335;-21.691;62.1749;-26.6171;9.66986;3787.47;5.81435;0;0;0.1;0.01;0;6.33934;0;0;-1
0;336;-22.8407;78.7586;-27.9085;9.43208;3514.88;5.67137;0;0;0.1;0.01;0;5.63215;0;0;-1
0;337;-5.94314;-81.2669;-28.653;9.37792;3454.68;5.63881;0;0;0.1;0.01;0;6.09359;0;0;-1
0;338;-7.90958;-66.6045;-26.3297;9.47884;3567.42;5.69949;0;0;0.1;0.01;0;6.68842;0;0;-1
0;339;-8.56409;-48.5912;-24.381;9.13807;3196.33;5.49459;0;0;0.1;0.01;0;5.18443;0;0;-1
0;340;-8.20513;-29.6901;-25.5415;8.77274;2828.1;5.27492;0;0;0.1;0.01;0;5.56568;0;0;-1
0;341;-6.01387;-13.3235;-27.8125;9.41095;3491.31;5.65867;0;0;0.1;0.01;0;6.59835;0;0;-1
0;342;-5.49634;1.93045;-27.643;8.53399;2603.42;5.13136;0;0;0.1;0.01;0;5.70936;0;0;-1
0;343;-6.60998;21.1304;-25.6277;9.60397;3710.57;5.77473;0;0;0.1;0.01;0;6.69803;0;0;-1
0;344;-7.09159;35.4099;-27.0974;9.34522;3418.67;5.61915;0;0;0.1;0.01;0;7.48261;0;0;-1
0;345;-7.92853;51.5179;-26.0279;8.65073;2711.73;5.20156;0;0;0.1;0.01;0;5.61066;0;0;-1
0;346;-9.34533;72.162;-24.4869;8.6207;2683.59;5.1835;0;0;0.1;0.01;0;5.03727;0;0;-1
0;347;-9.09996;88.2405;-25.6699;8.64271;2704.2;5.19674;0;0;0.1;0.01;0;3.97096;0;0;-1
0;348;9.34719;-90.4755;-25.411;10.3115;4592.55;6.20016;0;0;0.1;0.01;0;4.27675;0;0;-1
0;349;6.59504;-75.795;-25.317;9.7822;3921.01;5.88189;0;0;0.1;0.01;0;6.67332;0;0;-1
0;350;9.44468;-58.6603;-25.7694;9.33001;3402;5.61;0;0;0.1;0.01;0;5.80781;0;0;-1
0;351;5.72699;-40.0305;-25.3954;9.62018;3729.39;5.78447;0;0;0.1;0.01;0;6.09766;0;0;-1
0;352;8.26753;-25.521;-26.5951;8.72878;2785.8;5.24849;0;0;0.1;0.01;0;5.85957;0;0;-1
0;353;9.02333;-8.76553;-27.6975;10.2426;4501.11;6.15873;0;0;0.1;0.01;0;6.79672;0;0;-1
0;354;5.51515;9.93582;-25.5137;9.14542;3204.05;5.49901;0;0;0.1;0.01;0;4.58251;0;0;-1
0;355;9.43693;29.3313;-27.664;10.081;4291.4;6.06156;0;0;0.1;0.01;0;6.86113;0;0;-1
0;356;6.25207;44.0464;-25.2426;10.3766;4680.09;6.2393;0;0;0.1;0.01;0;7.20021;0;0;-1
0;357;6.86947;63.4099;-24.621;10.1832;4423.25;6.12301;0;0;0.1;0.01;0;6.80779;0;0;-1
0;358;5.8952;78.2864;-28.0042;9.05381;3108.73;5.44392;0;0;0.1;0.01;0;5.55786;0;0;-1
0;359;8.24393;95.618;-26.8466;10.0208;4214.98;6.02536;0;0;0.1;0.01;0;2.99609;0;0;-1
0;360;22.5769;-82.3683;-25.2143;9.14669;3205.39;5.49977;0;0;0.1;0.01;0;4.65784;0;0;-1
0;361;23.6999;-65.896;-25.4769;9.51617;3609.73;5.72193;0;0;0.1;0.01;0;5.43793;0;0;-1
0;362;23.2761;-47.2909;-27.4334;10.114;4333.69;6.0814;0;0;0.1;0.01;0;6.25848;0;0;-1
0;363;22.7906;-31.7611;-26.0481;9.7203;3847.05;5.84468;0;0;0.1;0.01;0;6.89635;0;0;-1
0;364;22.1297;-16.0914;-25.5869;10.0142;4206.66;6.02139;0;0;0.1;0.01;0;6.72936;0;0;-1
0;365;22.3165;1.0156;-26.7999;9.03568;3090.09;5.43302;0;0;0.1;0.01;0;5.17142;0;0;-1
0;366;23.3886;18.1891;-28.0118;9.62583;3735.97;5.78787;0;0;0.1;0.01;0;6.2537;0;0;-1
0;367;23.2493;34.9379;-27.5213;9.48752;3577.23;5.70471;0;0;0.1;0.01;0;7.41982;0;0;-1
0;368;20.595;51.1124;-24.5161;9.78732;3927.17;5.88497;0;0;0.1;0.01;0;6.26089;0;0;-1
0;369;20.2902;69.1548;-26.9523;9.41126;3491.66;5.65885;0;0;0.1;0.01;0;5.3614;0;0;-1
0;370;23.3595;84.5741;-24.8035;9.48309;3572.22;5.70204;0;0;0.1;0.01;0;4.89968;0;0;-1
0;371;38.064;-75.9948;-27.1023;9.08221;3138.07;5.461;0;0;0.1;0.01;0;3.94014;0;0;-1
0;372;35.2293;-56.9187;-27.039;8.68961;2748.46;5.22494;0;0;0.1;0.01;0;5.60651;0;0;-1
0;373;37.533;-39.9428;-26.8252;9.92192;4091.44;5.96591;0;0;0.1;0.01;0;7.96643;0;0;-1
0;374;37.6924;-23.168;-27.6882;9.98008;4163.81;6.00088;0;0;0.1;0.01;0;7.5898;0;0;-1
0;375;37.4548;-7.20909;-24.8399;9.68117;3800.77;5.82115;0;0;0.1;0.01;0;6.5697;0;0;-1
0;376;35.1306;8.91441;-26.7888;8.8148;2868.97;5.30021;0;0;0.1;0.01;0;5.30877;0;0;-1
0;377;37.2288;25.3881;-24.7117;9.96675;4147.15;5.99286;0;0;0.1;0.01;0;6.8793;0;0;-1
0;378;37.0119;42.1382;-27.098;9.84583;3998.03;5.92015;0;0;0.1;0.01;0;6.57853;0;0;-1
0;379;38.4494;63.6751;-24.8996;8.5;2572.44;5.11093;0;0;0.1;0.01;0;4.58527;1;0;-1
0;380;36.7476;78.8126;-24.8762;8.5;2572.44;5.11093;0;0;0.1;0.01;0;4.35059;1;0;-1
0;381;50.4406;-66.6511;-24.7853;10.2137;4463.11;6.14135;0;0;0.1;0.01;0;5.56968;0;0;-1
0;382;49.9674;-50.7709;-25.2922;10.1728;4409.71;6.11676;0;0;0.1;0.01;0;6.85261;0;0;-1
0;383;50.074;-33.4155;-25.0344;8.55599;2623.61;5.14459;0;0;0.1;0.01;0;5.20418;0;0;-1
0;384;52.7156;-15.5651;-26.8621;9.21838;3281.35;5.54288;0;0;0.1;0.01;0;6.26006;0;0;-1
0;385;51.82;1.73432;-28.3348;10.0155;4208.3;6.02217;0;0;0.1;0.01;0;7.16828;0;0;-1
0;386;50.1082;17.8006;-28.5163;9.04577;3100.45;5.43909;0;0;0.1;0.01;0;6.16707;0;0;-1
0;387;50.3073;34.8935;-25.0725;9.38364;3461.01;5.64225;0;0;0.1;0.01;0;5.57824;0;0;-1
0;388;52.9811;54.7683;-24.7003;8.65695;2717.59;5.2053;0;0;0.1;0.01;0;4.39607;0;0;-1
0;389;52.1999;72.6221;-26.9398;9.78828;3928.33;5.88555;0;0;0.1;0.01;0;4.37779;0;0;-1
0;390;66.3596;-59.2049;-27.6293;8.99162;3045.11;5.40653;0;0;0.1;0.01;0;4.13297;0;0;-1
0;391;66.6351;-42.2252;-25.0369;8.84857;2902.07;5.32052;0;0;0.1;0.01;0;5.48474;0;0;-1
0;392;67.4839;-23.2432;-24.8686;10.3678;4668.19;6.23401;0;0;0.1;0.01;0;6.537;0;0;-1
0;393;65.5573;-5.59915;-26.9262;8.9529;3005.94;5.38325;0;0;0.1;0.01;0;6.83981;0;0;-1
0;394;66.5843;9.4553;-25.093;9.2484;3313.51;5.56093;0;0;0.1;0.01;0;5.82299;0;0;-1
0;395;64.8745;25.4085;-25.6037;9.8348;3984.6;5.91352;0;0;0.1;0.01;0;4.80986;0;0;-1
0;396;66.3801;46.5029;-25.9019;10.0347;4232.55;6.03372;0;0;0.1;0.01;0;5.81736;0;0;-1
0;397;65.0733;62.2788;-27.514;10.0508;4252.95;6.0434;0;0;0.1;0.01;0;4.96879;0;0;-1
0;398;79.4172;-51.2668;-25.821;10.1042;4321.1;6.07551;0;0;0.1;0.01;0;2.17835;0;0;-1
0;399;81.8802;-34.2057;-24.8277;10.2512;4512.45;6.1639;0;0;0.1;0.01;0;3.41409;0;0;-1
0;400;80.7519;-16.8119;-25.3448;8.88357;2936.64;5.34156;0;0;0.1;0.01;0;4.46941;0;0;-1
0;401;79.8;-0.229674;-26.2411;9.30496;3374.68;5.59494;0;0;0.1;0.01;0;4.87158;0;0;-1
0;402;83.2175;17.7926;-25.2681;9.79833;3940.44;5.89159;0;0;0.1;0.01;0;4.14506;0;0;-1
0;403;79.0958;33.7698;-27.9897;8.5;2572.44;5.11093;0;0;0.1;0.01;0;3.36564;1;0;-1
0;404;79.3704;54.6238;-26.5423;10.3516;4646.34;6.22427;0;0;0.1;0.01;0;2.70841;0;0;-1
0;405;-98.4422;0.961381;-11.8065;10.2755;4544.62;6.17851;0;0;0.1;0.01;0;3.70503;0;0;-1
0;406;-84.2841;-42.0838;-11.2509;9.08598;3141.98;5.46327;0;0;0.1;0.01;0;3.46798;0;0;-1
0;407;-84.3745;-23.5375;-10.308;10.4098;4725.15;6.25926;0;0;0.1;0.01;0;5.70362;0;0;-1
0;408;-85.2171;-7.13357;-12.4888;8.91246;2965.39;5.35893;0;0;0.1;0.01;0;5.26903;0;0;-1
0;409;-83.3462;11.6493;-11.9321;10.149;4378.83;6.10245;0;0;0.1;0.01;0;5.9236;0;0;-1
0;410;-84.8141;29.1393;-12.431;8.5;2572.44;5.11093;0;0;0.1;0.01;0;4.12981;1;0;-1
0;411;-84.0306;42.498;-11.3164;9.39125;3469.44;5.64682;0;0;0.1;0.01;0;4.12692;0;0;-1
0;412;-70.8096;-68.44;-10.0689;8.78734;2842.24;5.2837;0;0;0.1;0.01;0;2.13553;0;0;-1
0;413;-69.2299;-49.2658;-11.9958;9.51949;3613.51;5.72393;0;0;0.1;0.01;0;4.76822;0;0;-1
0;414;-69.8899;-32.5592;-10.137;9.37135;3447.43;5.63486;0;0;0.1;0.01;0;6.79664;0;0;-1
0;415;-72.1613;-15.74;-11.6923;9.40543;3485.17;5.65535;0;0;0.1;0.01;0;6.5867;0;0;-1
0;416;-70.7971;3.17377;-10.3179;8.76929;2824.76;5.27285;0;0;0.1;0.01;0;6.07134;0;0;-1
0;417;-68.3518;17.3745;-12.9563;8.58719;2652.42;5.16335;0;0;0.1;0.01;0;4.93123;0;0;-1
0;418;-69.4915;36.4732;-11.983;9.59908;3704.91;5.77179;0;0;0.1;0.01;0;6.34106;0;0;-1
0;419;-71.9171;53.7828;-13.0197;8.9755;3028.76;5.39684;0;0;0.1;0.01;0;4.41869;0;0;-1
0;420;-54.2884;-75.1329;-9.72021;8.85847;2911.82;5.32647;0;0;0.1;0.01;0;3.81406;0;0;-1
0;421;-56.6191;-58.237;-12.3483;9.39962;3478.72;5.65186;0;0;0.1;0.01;0;5.38513;0;0;-1
0;422;-57.3264;-39.2005;-10.3157;8.57706;2643.04;5.15726;0;0;0.1;0.01;0;5.5661;0;0;-1
0;423;-57.3111;-23.957;-11.8613;8.5;2572.44;5.11093;0;0;0.1;0.01;0;5.49338;1;0;-1
0;424;-55.237;-7.22144;-11.8091;9.00601;3059.75;5.41518;0;0;0.1;0.01;0;5.50123;0;0;-1
0;425;-54.307;8.59836;-12.5435;10.0595;4264.01;6.04863;0;0;0.1;0.01;0;5.98814;0;0;-1
0;426;-57.3434;29.7707;-12.8208;8.5;2572.44;5.11093;0;0;0.1;0.01;0;5.63773;1;0;-1
0;427;-55.1167;44.7224;-11.828;9.28257;3350.37;5.58147;0;0;0.1;0.01;0;6.85777;0;0;-1
0;428;-57.9518;60.033;-10.6862;9.74725;3879.14;5.86088;0;0;0.1;0.01;0;5.45013;0;0;-1
0;429;-42.788;-83.6444;-13.2534;10.0889;4301.5;6.06631;0;0;0.1;0.01;0;4.25732;0;0;-1
0;430;-39.3582;-64.626;-11.5704;9.79525;3936.73;5.88974;0;0;0.1;0.01;0;5.60982;0;0;-1
0;431;-41.0533;-49.3505;-10.688;8.52157;2592.07;5.1239;0;0;0.1;0.01;0;5.07875;0;0;-1
0;432;-41.2241;-32.6039;-12.3661;9.80366;3946.87;5.8948;0;0;0.1;0.01;0;6.13977;0;0;-1
0;433;-42.082;-14.3477;-13.5199;10.014;4206.41;6.02127;0;0;0.1;0.01;0;6.08449;0;0;-1
0;434;-40.9216;3.07096;-10.7845;9.48602;3575.53;5.70381;0;0;0.1;0.01;0;5.76836;0;0;-1
0;435;-39.4026;20.0897;-11.2084;10.0097;4200.99;6.01869;0;0;0.1;0.01;0;6.27508;0;0;-1
0;436;-42.1285;36.9081;-13.1697;9.33057;3402.62;5.61034;0;0;0.1;0.01;0;7.19865;0;0;-1
0;437;-42.6529;52.2163;-12.6276;8.5;2572.44;5.11093;0;0;0.1;0.01;0;5.05108;1;0;-1
0;438;-43.0076;70.6852;-12.5495;8.74544;2801.78;5.25851;0;0;0.1;0.01;0;4.72176;0;0;-1
0;439;-43.2542;85.1334;-13.3343;8.5;2572.44;5.11093;0;0;0.1;0.01;0;3.42479;1;0;-1
0;440;-27.9026;-93.1802;-13.0843;9.62079;3730.1;5.78484;0;0;0.1;0.01;0;4.31762;0;0;-1
0;441;-28.1481;-76.8697;-13.0046;10.1441;4372.49;6.0995;0;0;0.1;0.01;0;7.05516;0;0;-1
0;442;-24.6959;-56.5726;-12.286;10.3899;4698.1;6.2473;0;0;0.1;0.01;0;7.30614;0;0;-1
0;443;-27.3673;-41.7531;-10.1871;10.4383;4764.07;6.2764;0;0;0.1;0.01;0;7.63202;0;0;-1
0;444;-26.6321;-22.2859;-11.8625;10.2193;4470.46;6.14472;0;0;0.1;0.01;0;6.64894;0;0;-1
0;445;-24.955;-7.30583;-10.3221;8.54228;2611.02;5.13635;0;0;0.1;0.01;0;4.69933;0;0;-1
0;446;-25.1391;9.1457;-10.2578;9.43114;3513.83;5.67081;0;0;0.1;0.01;0;5.17446;0;0;-1
0;447;-27.4291;28.4664;-10.5825;10.2555;4518.13;6.16648;0;0;0.1;0.01;0;6.15019;0;0;-1
0;448;-28.3049;42.9609;-10.7749;9.06343;3118.65;5.44971;0;0;0.1;0.01;0;5.6259;0;0;-1
0;449;-24.4442;59.0701;-12.8462;8.80537;2859.77;5.29454;0;0;0.1;0.01;0;4.53427;0;0;-1
0;450;-24.7767;77.7005;-12.2424;9.85517;4009.41;5.92577;0;0;0.1;0.01;0;6.45141;0;0;-1
0;451;-24.8588;94.6719;-14.0184;10.1999;4445.05;6.13305;0;0;0.1;0.01;0;3.54491;0;0;-1
0;452;-13.5488;-83.3061;-11.0876;8.5;2572.44;5.11093;0;0;0.1;0.01;0;4.45285;1;0;-1
0;453;-12.7746;-65.4536;-13.2521;8.5;2572.44;5.11093;0;0;0.1;0.01;0;5.52557;1;0;-1
0;454;-12.6934;-48.4396;-9.70935;9.49539;3586.14;5.70944;0;0;0.1;0.01;0;6.60562;0;0;-1
0;455;-11.444;-32.3662;-11.7593;10.4018;4714.27;6.25445;0;0;0.1;0.01;0;7.25661;0;0;-1
0;456;-10.3986;-14.2732;-10.7271;8.5;2572.44;5.11093;0;0;0.1;0.01;0;6.0601;1;0;-1
0;457;-10.7173;0.962159;-11.6007;10.2021;4447.92;6.13437;0;0;0.1;0.01;0;7.16121;0;0;-1
0;458;-10.7326;16.9698;-11.6225;9.08701;3143.05;5.46389;0;0;0.1;0.01;0;5.76993;0;0;-1
0;459;-11.5923;34.2404;-12.5388;8.56015;2627.44;5.14709;0;0;0.1;0.01;0;4.61953;0;0;-1
0;460;-10.3533;50.9674;-10.6111;8.54843;2616.66;5.14005;0;0;0.1;0.01;0;5.22091;0;0;-1
0;461;-10.5239;67.4162;-11.6318;9.0735;3129.05;5.45576;0;0;0.1;0.01;0;5.91001;0;0;-1
0;462;-11.6991;87.2601;-12.4339;8.5;2572.44;5.11093;0;0;0.1;0.01;0;4.79332;1;0;-1
0;463;4.39359;-91.5532;-10.5875;8.69412;2752.74;5.22765;0;0;0.1;0.01;0;3.76524;0;0;-1
0;464;1.54425;-75.9953;-12.1223;8.5;2572.44;5.11093;0;0;0.1;0.01;0;5.49034;1;0;-1
0;465;1.34695;-59.4772;-12.8519;8.86284;2916.13;5.3291;0;0;0.1;0.01;0;6.06191;0;0;-1
0;466;1.68082;-41.2615;-12.6208;9.63019;3741.05;5.79049;0;0;0.1;0.01;0;6.53679;0;0;-1
0;467;1.26761;-21.5671;-10.4673;9.21799;3280.93;5.54264;0;0;0.1;0.01;0;6.60889;0;0;-1
0;468;1.59267;-7.4474;-12.1267;8.63646;2698.34;5.19298;0;0;0.1;0.01;0;6.1265;0;0;-1
0;469;3.27925;8.17372;-12.2806;10.1133;4332.79;6.08098;0;0;0.1;0.01;0;6.2116;0;0;-1
0;470;3.19117;25.131;-13.5528;9.05314;3108.04;5.44352;0;0;0.1;0.01;0;4.72359;0;0;-1
0;471;1.98948;43.7643;-10.4951;9.3009;3370.26;5.5925;0;0;0.1;0.01;0;5.5781;0;0;-1
0;472;2.33462;59.5227;-10.7531;9.45512;3540.71;5.68523;0;0;0.1;0.01;0;6.58769;0;0;-1
0;473;2.70727;76.7507;-10.3992;8.91847;2971.39;5.36255;0;0;0.1;0.01;0;6.03251;0;0;-1
0;474;3.09512;94.041;-11.4671;10.2647;4530.3;6.17202;0;0;0.1;0.01;0;4.45964;0;0;-1
0;475;18.8192;-85.1766;-10.5398;9.35595;3430.46;5.6256;0;0;0.1;0.01;0;5.79973;0;0;-1
0;476;16.0661;-68.1889;-10.5141;9.47166;3559.32;5.69517;0;0;0.1;0.01;0;6.35434;0;0;-1
0;477;15.9651;-51.469;-9.87284;9.86583;4022.44;5.93218;0;0;0.1;0.01;0;5.77896;0;0;-1
0;478;15.5228;-33.3891;-10.5219;9.65096;3765.3;5.80298;0;0;0.1;0.01;0;5.74292;0;0;-1
0;479;16.0345;-16.2957;-11.4666;8.57311;2639.39;5.15489;0;0;0.1;0.01;0;5.90854;0;0;-1
0;480;16.4168;1.12006;-11.4601;9.38448;3461.94;5.64275;0;0;0.1;0.01;0;5.57839;0;0;-1
0;481;19.4866;20.9013;-10.8785;9.88972;4051.73;5.94655;0;0;0.1;0.01;0;6.04945;0;0;-1
0;482;19.6277;38.1885;-13.1695;8.5;2572.44;5.11093;0;0;0.1;0.01;0;5.08549;1;0;-1
0;483;18.1853;54.5308;-11.4711;8.5;2572.44;5.11093;0;0;0.1;0.01;0;4.93085;1;0;-1
0;484;17.3043;71.4371;-10.3218;10.3965;4707.06;6.25126;0;0;0.1;0.01;0;7.11099;0;0;-1
0;485;15.6985;84.9774;-12.5725;8.5;2572.44;5.11093;0;0;0.1;0.01;0;5.45111;1;0;-1
0;486;31.9483;-93.7287;-12.0406;8.83098;2884.8;5.30994;0;0;0.1;0.01;0;1.85566;0;0;-1
0;487;33.359;-76.6505;-12.327;9.41174;3492.19;5.65914;0;0;0.1;0.01;0;5.65255;0;0;-1
0;488;32.8858;-55.3918;-10.3508;9.45135;3536.47;5.68296;0;0;0.1;0.01;0;4.99051;0;0;-1
0;489;34.1686;-38.889;-10.123;9.62386;3733.67;5.78669;0;0;0.1;0.01;0;6.14334;0;0;-1
0;490;31.2328;-21.3573;-12.2767;9.89423;4057.28;5.94926;0;0;0.1;0.01;0;7.10796;0;0;-1
0;491;33.1361;-6.33532;-10.7778;8.88235;2935.43;5.34083;0;0;0.1;0.01;0;5.56231;0;0;-1
0;492;33.502;11.7989;-12.9144;10.3784;4682.52;6.24038;0;0;0.1;0.01;0;7.01861;0;0;-1
0;493;31.4716;29.0543;-10.8318;9.24443;3309.25;5.55854;0;0;0.1;0.01;0;6.82206;0;0;-1
0;494;33.533;46.2629;-13.249;9.56238;3662.58;5.74972;0;0;0.1;0.01;0;5.98969;0;0;-1
0;495;32.7886;63.4878;-10.3664;8.6173;2680.42;5.18146;0;0;0.1;0.01;0;5.98486;0;0;-1
0;496;32.2655;79.3778;-10.1262;10.0567;4260.45;6.04695;0;0;0.1;0.01;0;6.38629;0;0;-1
0;497;45.9696;-82.9367;-10.7905;8.5;2572.44;5.11093;0;0;0.1;0.01;0;4.15613;1;0;-1
0;498;48.1272;-67.8913;-11.4512;9.53328;3629.24;5.73222;0;0;0.1;0.01;0;6.01273;0;0;-1
0;499;47.7007;-47.7341;-11.9656;9.34097;3414.01;5.61659;0;0;0.1;0.01;0;6.11412;0;0;-1
0;500;48.6163;-31.708;-12.5246;9.05733;3112.36;5.44604;0;0;0.1;0.01;0;5.54106;0;0;-1
0;501;45.5565;-14.7378;-10.9512;9.15165;3210.6;5.50275;0;0;0.1;0.01;0;6.26698;0;0;-1
0;502;46.5946;0.435799;-11.0243;10.1585;4391.14;6.10816;0;0;0.1;0.01;0;7.44609;0;0;-1
0;503;47.7368;18.1163;-13.4359;10.1742;4411.53;6.1176;0;0;0.1;0.01;0;7.74597;0;0;-1
0;504;47.8996;34.6505;-10.5474;9.51622;3609.79;5.72196;0;0;0.1;0.01;0;6.42689;0;0;-1
0;505;45.9439;55.1944;-12.4944;8.5;2572.44;5.11093;0;0;0.1;0.01;0;5.01932;1;0;-1
0;506;46.2865;68.4939;-10.0105;9.24156;3306.16;5.55682;0;0;0.1;0.01;0;6.17018;0;0;-1
0;507;47.7001;85.6448;-13.0916;8.6403;2701.94;5.19529;0;0;0.1;0.01;0;2.33745;0;0;-1
0;508;61.0937;-74.2488;-11.2903;10.3036;4582.01;6.19541;0;0;0.1;0.01;0;3.19948;0;0;-1
0;509;60.3085;-56.0681;-13.3027;9.61516;3723.56;5.78146;0;0;0.1;0.01;0;6.39463;0;0;-1
0;510;61.4398;-42.1505;-11.6199;9.39919;3478.24;5.6516;0;0;0.1;0.01;0;6.41278;0;0;-1
0;511;62.5766;-25.7811;-11.862;9.28468;3352.66;5.58274;0;0;0.1;0.01;0;5.84283;0;0;-1
0;512;62.7417;-7.65179;-11.4998;9.83406;3983.7;5.91308;0;0;0.1;0.01;0;6.46713;0;0;-1
0;513;60.7337;9.37318;-12.8126;10.2245;4477.29;6.14784;0;0;0.1;0.01;0;6.65872;0;0;-1
0;514;61.9696;28.7528;-10.2228;9.92591;4096.37;5.96831;0;0;0.1;0.01;0;6.30821;0;0;-1
0;515;62.6728;45.9884;-11.1277;9.50542;3597.51;5.71547;0;0;0.1;0.01;0;5.70286;0;0;-1
0;516;63.2341;63.5922;-10.7983;10.0981;4313.28;6.07184;0;0;0.1;0.01;0;5.33228;0;0;-1
0;517;61.0457;77.9226;-13.7942;8.90529;2958.24;5.35462;0;0;0.1;0.01;0;2.77348;0;0;-1
0;518;77.6029;-47.5328;-10.8111;8.5;2572.44;5.11093;0;0;0.1;0.01;0;3.89112;1;0;-1
0;519;77.3331;-30.0319;-11.2422;8.60685;2670.68;5.17517;0;0;0.1;0.01;0;5.62959;0;0;-1
0;520;75.3014;-14.4414;-10.8532;10.4528;4783.95;6.28512;0;0;0.1;0.01;0;7.80164;0;0;-1
0;521;74.9399;1.12249;-10.9951;8.5;2572.44;5.11093;0;0;0.1;0.01;0;6.16619;1;0;-1
0;522;76.6074;18.0102;-13.3396;8.69993;2758.26;5.23114;0;0;0.1;0.01;0;5.75048;0;0;-1
0;523;75.0701;34.8534;-12.7103;8.5;2572.44;5.11093;0;0;0.1;0.01;0;5.25461;1;0;-1
0;524;75.3432;51.4815;-10.2303;9.24246;3307.13;5.55736;0;0;0.1;0.01;0;5.72069;0;0;-1
0;525;89.5826;-22.1757;-11.9586;8.5;2572.44;5.11093;0;0;0.1;0.01;0;3.79205;1;0;-1
0;526;90.0698;-4.24952;-10.1465;9.67018;3787.85;5.81454;0;0;0.1;0.01;0;4.12097;0;0;-1
0;527;89.5569;12.0096;-11.022;8.94815;3001.15;5.38039;0;0;0.1;0.01;0;4.8035;0;0;-1
0;528;89.4259;27.0313;-11.1986;8.57982;2645.59;5.15892;0;0;0.1;0.01;0;4.51463;0;0;-1
0;529;89.2378;43.5668;-9.84754;10.0381;4236.85;6.03576;0;0;0.1;0.01;0;3.29376;0;0;-1
0;530;-93.9379;-16.5806;2.39246;9.45997;3546.16;5.68814;0;0;0.1;0.01;0;3.16998;0;0;-1
0;531;-95.6894;2.72465;3.43097;9.65336;3768.11;5.80443;0;0;0.1;0.01;0;3.78277;0;0;-1
0;532;-95.9053;18.6875;2.1618;10.2032;4449.36;6.13504;0;0;0.1;0.01;0;3.24039;0;0;-1
0;533;-79.6778;-55.92;3.0375;8.5;2572.44;5.11093;0;0;0.1;0.01;0;2.63903;1;0;-1
0;534;-82.6274;-41.523;4.68514;9.80047;3943.02;5.89288;0;0;0.1;0.01;0;4.17511;0;0;-1
0;535;-80.5992;-23.2269;2.97086;9.80139;3944.13;5.89343;0;0;0.1;0.01;0;6.45239;0;0;-1
0;536;-79.8671;-6.13651;3.71863;9.46528;3552.13;5.69134;0;0;0.1;0.01;0;5.92226;0;0;-1
0;537;-81.7966;10.3551;2.70895;8.90491;2957.86;5.35439;0;0;0.1;0.01;0;4.7075;0;0;-1
0;538;-80.6007;25.4925;1.20595;8.5;2572.44;5.11093;0;0;0.1;0.01;0;3.69562;1;0;-1
0;539;-82.6823;44.0756;2.76764;10.2457;4505.19;6.16059;0;0;0.1;0.01;0;4.42288;0;0;-1
0;540;-78.9075;61.1296;3.37574;9.4202;3501.62;5.66423;0;0;0.1;0.01;0;2.55884;0;0;-1
0;541;-63.8857;-65.5053;1.68056;8.86781;2921.04;5.33209;0;0;0.1;0.01;0;4.00696;0;0;-1
0;542;-64.2801;-47.2871;4.40118;10.2617;4526.33;6.17021;0;0;0.1;0.01;0;6.23452;0;0;-1
0;543;-68.3931;-33.0518;3.56008;8.92266;2975.58;5.36507;0;0;0.1;0.01;0;5.75908;0;0;-1
0;544;-67.7969;-14.8241;1.72294;10.4365;4761.6;6.27532;0;0;0.1;0.01;0;6.92533;0;0;-1
0;545;-67.1948;0.400577;3.73499;10.3306;4618.12;6.21164;0;0;0.1;0.01;0;6.93304;0;0;-1
0;546;-64.7321;17.1273;3.36787;10.4477;4776.95;6.28205;0;0;0.1;0.01;0;6.01869;0;0;-1
0;547;-65.1823;36.5266;3.09513;10.4249;4745.74;6.26834;0;0;0.1;0.01;0;6.60304;0;0;-1
0;548;-65.567;52.0305;3.22683;9.47993;3568.65;5.70014;0;0;0.1;0.01;0;5.48014;0;0;-1
0;549;-64.9438;70.41;3.16739;8.5;2572.44;5.11093;0;0;0.1;0.01;0;2.35003;1;0;-1
0;550;-49.9069;-75.3349;3.24191;8.5823;2647.89;5.16041;0;0;0.1;0.01;0;5.00554;0;0;-1
0;551;-50.3419;-59.388;4.21296;8.71413;2771.79;5.23968;0;0;0.1;0.01;0;5.5067;0;0;-1
0;552;-50.957;-42.3313;3.33636;8.72965;2786.63;5.24901;0;0;0.1;0.01;0;5.46159;0;0;-1
0;553;-52.1124;-24.4759;3.65908;8.58632;2651.61;5.16283;0;0;0.1;0.01;0;4.1856;0;0;-1
0;554;-49.6398;-5.3769;2.14882;8.5;2572.44;5.11093;0;0;0.1;0.01;0;4.35441;1;0;-1
0;555;-52.3018;10.0607;3.7524;8.5;2572.44;5.11093;0;0;0.1;0.01;0;4.98638;1;0;-1
0;556;-52.7563;25.8404;2.70597;8.5;2572.44;5.11093;0;0;0.1;0.01;0;5.48381;1;0;-1
0;557;-50.2697;42.9842;5.11489;9.8444;3996.28;5.91929;0;0;0.1;0.01;0;5.97237;0;0;-1
0;558;-50.7546;63.4596;1.83355;9.04923;3104.01;5.44117;0;0;0.1;0.01;0;5.21367;0;0;-1
0;559;-51.4565;78.12;1.2904;9.76208;3896.87;5.8698;0;0;0.1;0.01;0;4.43694;0;0;-1
0;560;-34.9755;-84.0147;3.44524;9.36644;3442.01;5.6319;0;0;0.1;0.01;0;5.15491;0;0;-1
0;561;-38.5025;-67.383;3.248;9.15764;3216.91;5.50636;0;0;0.1;0.01;0;5.35458;0;0;-1
0;562;-36.7021;-50.3917;4.12566;8.5;2572.44;5.11093;0;0;0.1;0.01;0;5.17334;1;0;-1
0;563;-35.8308;-32.6239;2.67737;9.95707;4135.07;5.98704;0;0;0.1;0.01;0;6.05376;0;0;-1
0;564;-38.0793;-14.0872;3.14897;8.97516;3028.41;5.39663;0;0;0.1;0.01;0;4.98375;0;0;-1
0;565;-36.6304;3.18043;4.03769;8.90095;2953.91;5.35201;0;0;0.1;0.01;0;5.85601;0;0;-1
0;566;-38.1379;19.9749;2.91504;10.1518;4382.46;6.10413;0;0;0.1;0.01;0;6.86533;0;0;-1
0;567;-38.1969;36.3099;1.0259;8.89588;2948.87;5.34896;0;0;0.1;0.01;0;5.93099;0;0;-1
0;568;-35.4176;50.8406;2.8643;9.82839;3976.82;5.90967;0;0;0.1;0.01;0;5.01448;0;0;-1
0;569;-35.7457;71.7379;1.34087;10.4423;4769.55;6.2788;0;0;0.1;0.01;0;6.28674;0;0;-1
0;570;-35.3299;87.8899;3.2913;9.58234;3685.56;5.76172;0;0;0.1;0.01;0;5.14432;0;0;-1
0;571;-20.7817;-93.6605;1.60387;9.51832;3612.18;5.72323;0;0;0.1;0.01;0;4.31061;0;0;-1
0;572;-20.5653;-76.6068;4.59732;8.53528;2604.61;5.13214;0;0;0.1;0.01;0;5.26399;0;0;-1
0;573;-23.6233;-57.6383;1.53778;9.2155;3278.27;5.54115;0;0;0.1;0.01;0;6.0038;0;0;-1
0;574;-23.2243;-40.3593;2.14766;9.25268;3318.11;5.5635;0;0;0.1;0.01;0;6.41703;0;0;-1
0;575;-21.1678;-23.0767;3.57419;8.5;2572.44;5.11093;0;0;0.1;0.01;0;5.39817;1;0;-1
0;576;-20.5816;-5.19488;3.34144;8.55675;2624.31;5.14505;0;0;0.1;0.01;0;6.16104;0;0;-1
0;577;-20.1955;9.99425;4.07302;10.1133;4332.79;6.08098;0;0;0.1;0.01;0;6.89968;0;0;-1
0;578;-23.937;27.5268;1.88704;8.5874;2652.61;5.16348;0;0;0.1;0.01;0;3.99319;0;0;-1
0;579;-19.9307;46.9977;1.8329;9.19996;3261.72;5.5318;0;0;0.1;0.01;0;4.54765;0;0;-1
0;580;-22.0295;63.3231;2.16675;9.89483;4058.01;5.94962;0;0;0.1;0.01;0;6.65856;0;0;-1
0;581;-22.1849;77.5567;1.90695;9.60554;3712.39;5.77567;0;0;0.1;0.01;0;6.19815;0;0;-1
0;582;-23.3678;96.2346;1.3572;9.90756;4073.7;5.95727;0;0;0.1;0.01;0;3.42033;0;0;-1
0;583;-7.07157;-98.9522;0.925863;10.0776;4287.06;6.05951;0;0;0.1;0.01;0;2.97328;0;0;-1
0;584;-5.64445;-81.0567;3.71411;8.73414;2790.93;5.25171;0;0;0.1;0.01;0;5.62607;0;0;-1
0;585;-9.07957;-66.649;2.77177;10.3839;4689.97;6.24369;0;0;0.1;0.01;0;5.75256;0;0;-1
0;586;-7.6309;-49.2502;2.31254;8.64791;2709.08;5.19986;0;0;0.1;0.01;0;5.09676;0;0;-1
0;587;-7.46519;-29.9774;2.51769;9.4445;3528.79;5.67884;0;0;0.1;0.01;0;6.35231;0;0;-1
0;588;-8.78282;-14.1941;3.11296;9.71029;3835.18;5.83866;0;0;0.1;0.01;0;6.88064;0;0;-1
0;589;-7.88749;1.80833;3.77678;8.5;2572.44;5.11093;0;0;0.1;0.01;0;5.89886;1;0;-1
0;590;-6.29978;17.3598;1.33735;8.51996;2590.61;5.12293;0;0;0.1;0.01;0;5.93134;0;0;-1
0;591;-6.16673;34.6565;3.70241;9.22465;3288.05;5.54665;0;0;0.1;0.01;0;5.50967;0;0;-1
0;592;-5.76366;51.8;3.54456;8.5;2572.44;5.11093;0;0;0.1;0.01;0;5.87029;1;0;-1
0;593;-7.56768;71.783;2.32814;10.3283;4615.04;6.21026;0;0;0.1;0.01;0;6.85472;0;0;-1
0;594;-9.20723;88.3788;3.68104;9.77079;3907.31;5.87503;0;0;0.1;0.01;0;4.97524;0;0;-1
0;595;8.04288;-92.1777;3.10089;8.71605;2773.63;5.24083;0;0;0.1;0.01;0;4.70497;0;0;-1
0;596;8.63568;-76.0895;1.82727;9.61678;3725.44;5.78243;0;0;0.1;0.01;0;7.03979;0;0;-1
0;597;5.95197;-58.9243;1.68759;10.096;4310.59;6.07058;0;0;0.1;0.01;0;6.92092;0;0;-1
0;598;7.03729;-42.7389;3.59105;9.83689;3987.15;5.91478;0;0;0.1;0.01;0;6.72718;0;0;-1
0;599;7.54481;-24.9361;1.84646;9.5353;3631.55;5.73344;0;0;0.1;0.01;0;6.5068;0;0;-1
0;600;9.35632;-8.46062;4.44509;10.1237;4346.17;6.08723;0;0;0.1;0.01;0;5.93025;0;0;-1
0;601;5.73325;10.45;2.77719;8.89902;2951.99;5.35085;0;0;0.1;0.01;0;4.9582;0;0;-1
0;602;7.62686;25.4228;2.1165;9.91149;4078.55;5.95964;0;0;0.1;0.01;0;6.08858;0;0;-1
0;603;8.38263;44.059;2.34951;8.5;2572.44;5.11093;0;0;0.1;0.01;0;5.04502;1;0;-1
0;604;6.90984;60.3906;1.62513;8.5;2572.44;5.11093;0;0;0.1;0.01;0;5.65716;1;0;-1
0;605;8.80163;76.5058;2.68158;8.62821;2690.61;5.18802;0;0;0.1;0.01;0;5.79823;0;0;-1
0;606;5.61279;97.9024;1.52216;9.70502;3828.93;5.83549;0;0;0.1;0.01;0;2.82703;0;0;-1
0;607;20.4548;-85.2894;2.1785;8.5;2572.44;5.11093;0;0;0.1;0.01;0;4.15175;1;0;-1
0;608;23.7053;-66.3228;2.74074;10.1485;4378.19;6.10215;0;0;0.1;0.01;0;5.92317;0;0;-1
0;609;22.3819;-47.3563;4.38115;8.61569;2678.91;5.18049;0;0;0.1;0.01;0;4.58276;0;0;-1
0;610;21.7417;-31.0835;1.47817;8.5;2572.44;5.11093;0;0;0.1;0.01;0;5.7885;1;0;-1
0;611;21.4292;-14.7068;1.49548;8.5;2572.44;5.11093;0;0;0.1;0.01;0;5.46748;1;0;-1
0;612;23.2001;4.3394;1.20127;9.49255;3582.92;5.70773;0;0;0.1;0.01;0;5.44741;0;0;-1
0;613;23.3887;20.8339;4.67284;9.56391;3664.33;5.75064;0;0;0.1;0.01;0;6.83862;0;0;-1
0;614;21.9844;37.2951;4.96178;8.5;2572.44;5.11093;0;0;0.1;0.01;0;5.6606;1;0;-1
0;615;22.7752;51.4237;3.72356;9.88732;4048.78;5.9451;0;0;0.1;0.01;0;6.64266;0;0;-1
0;616;21.1327;67.7561;1.65679;9.16445;3224.09;5.51045;0;0;0.1;0.01;0;5.95675;0;0;-1
0;617;21.4045;89.4943;1.13843;10.1186;4339.6;6.08417;0;0;0.1;0.01;0;4.04415;0;0;-1
0;618;38.04;-75.9264;1.65605;9.44408;3528.32;5.67859;0;0;0.1;0.01;0;6.03126;0;0;-1
0;619;38.5519;-59.6001;4.0319;8.64248;2703.98;5.1966;0;0;0.1;0.01;0;5.22729;0;0;-1
0;620;34.9047;-40.1471;3.41595;8.9796;3032.91;5.3993;0;0;0.1;0.01;0;5.4498;0;0;-1
0;621;35.0467;-25.7247;1.19939;9.54414;3641.66;5.73875;0;0;0.1;0.01;0;6.10571;0;0;-1
0;622;38.0189;-8.85078;4.48487;9.35846;3433.22;5.62711;0;0;0.1;0.01;0;6.01325;0;0;-1
0;623;37.2351;9.0877;1.45152;9.51894;3612.89;5.7236;0;0;0.1;0.01;0;5.74741;0;0;-1
0;624;36.6664;27.2511;2.87184;9.98295;4167.4;6.0026;0;0;0.1;0.01;0;6.51322;0;0;-1
0;625;35.9277;44.5348;1.21275;10.3932;4702.58;6.24928;0;0;0.1;0.01;0;6.87874;0;0;-1
0;626;36.1004;62.7046;3.83126;10.293;4567.88;6.18903;0;0;0.1;0.01;0;7.82389;0;0;-1
0;627;37.6639;80.0044;2.52964;10.395;4705.03;6.25036;0;0;0.1;0.01;0;5.13814;0;0;-1
0;628;50.8398;-83.5289;2.89907;8.5;2572.44;5.11093;0;0;0.1;0.01;0;2.98983;1;0;-1
0;629;52.1813;-64.6125;4.04817;9.83279;3982.16;5.91231;0;0;0.1;0.01;0;5.58561;0;0;-1
0;630;50.3192;-48.4694;3.25946;10.1367;4362.93;6.09505;0;0;0.1;0.01;0;6.36262;0;0;-1
0;631;53.4027;-33.6527;4.79277;8.5;2572.44;5.11093;0;0;0.1;0.01;0;5.81183;1;0;-1
0;632;51.3797;-15.8273;2.99354;8.60239;2666.53;5.17249;0;0;0.1;0.01;0;5.11734;0;0;-1
0;633;52.1583;1.13962;2.46649;8.51441;2585.55;5.11959;0;0;0.1;0.01;0;5.43509;0;0;-1
0;634;52.3766;17.0468;1.66482;9.47502;3563.11;5.69719;0;0;0.1;0.01;0;7.3117;0;0;-1
0;635;50.1839;34.388;2.73715;9.80689;3950.78;5.89674;0;0;0.1;0.01;0;6.23155;0;0;-1
0;636;51.381;54.6295;4.7013;8.5;2572.44;5.11093;0;0;0.1;0.01;0;5.01827;1;0;-1
0;637;50.0094;67.7079;3.25749;9.09874;3155.24;5.47094;0;0;0.1;0.01;0;4.70132;0;0;-1
0;638;68.0567;-56.0631;4.6829;9.91865;4087.39;5.96394;0;0;0.1;0.01;0;4.38677;0;0;-1
0;639;67.5939;-39.0448;2.40544;9.67029;3787.97;5.81461;0;0;0.1;0.01;0;7.08838;0;0;-1
0;640;64.7304;-24.1597;3.89652;8.59961;2663.94;5.17082;0;0;0.1;0.01;0;5.67708;0;0;-1
0;641;67.821;-6.65697;4.42544;8.5;2572.44;5.11093;0;0;0.1;0.01;0;4.86668;1;0;-1
0;642;65.6286;12.2009;3.83217;10.2544;4516.68;6.16582;0;0;0.1;0.01;0;6.72019;0;0;-1
0;643;65.488;25.935;3.94125;8.5;2572.44;5.11093;0;0;0.1;0.01;0;6.0981;1;0;-1
0;644;66.9159;44.3084;4.36188;9.40417;3483.77;5.65459;0;0;0.1;0.01;0;5.6981;0;0;-1
0;645;67.4216;60.1771;4.32509;9.78995;3930.34;5.88655;0;0;0.1;0.01;0;4.46653;0;0;-1
0;646;82.3318;-47.3951;5.10693;9.16647;3226.23;5.51167;0;0;0.1;0.01;0;3.6743;0;0;-1
0;647;82.1694;-33.109;3.18237;10.4059;4719.84;6.25692;0;0;0.1;0.01;0;5.82342;0;0;-1
0;648;81.3954;-15.7964;3.84014;9.58771;3691.76;5.76495;0;0;0.1;0.01;0;6.48938;0;0;-1
0;649;79.7755;0.0600872;1.87874;9.17655;3236.88;5.51773;0;0;0.1;0.01;0;5.72987;0;0;-1
0;650;80.9754;18.2572;2.44232;9.17519;3235.44;5.51691;0;0;0.1;0.01;0;6.64308;0;0;-1
0;651;82.5362;36.1067;4.09223;10.3563;4652.67;6.22709;0;0;0.1;0.01;0;5.55277;0;0;-1
0;652;82.8022;55.2982;4.89743;9.98006;4163.78;6.00087;0;0;0.1;0.01;0;2.84835;0;0;-1
0;653;95.839;-23.3886;2.10182;10.372;4673.86;6.23653;0;0;0.1;0.01;0;3.62803;0;0;-1
0;654;96.3552;-7.56343;4.22246;9.30892;3378.99;5.59732;0;0;0.1;0.01;0;3.40746;0;0;-1
0;655;94.5243;12.1129;1.93638;9.59168;3696.35;5.76734;0;0;0.1;0.01;0;4.21316;0;0;-1
0;656;94.3102;26.6314;4.47896;10.0281;4224.2;6.02975;0;0;0.1;0.01;0;4.46464;0;0;-1
0;657;-86.8329;-40.7505;19.1972;10.0139;4206.28;6.02121;0;0;0.1;0.01;0;3.22278;0;0;-1
0;658;-85.0809;-21.1764;18.5592;9.39531;3473.94;5.64926;0;0;0.1;0.01;0;3.28152;0;0;-1
0;659;-84.8773;-4.98622;19.2726;9.9256;4095.99;5.96812;0;0;0.1;0.01;0;4.60238;0;0;-1
0;660;-86.6515;10.4806;17.1884;9.41782;3498.97;5.6628;0;0;0.1;0.01;0;4.7147;0;0;-1
0;661;-85.7259;27.1052;18.303;8.5;2572.44;5.11093;0;0;0.1;0.01;0;3.21812;1;0;-1
0;662;-84.2586;45.3243;18.9249;8.68184;2741.09;5.22026;0;0;0.1;0.01;0;2.72823;0;0;-1
0;663;-72.1115;-63.6396;19.8437;9.46219;3548.65;5.68948;0;0;0.1;0.01;0;3.35635;0;0;-1
0;664;-70.8103;-48.5629;16.6731;9.04696;3101.68;5.43981;0;0;0.1;0.01;0;6.11253;0;0;-1
0;665;-68.9811;-33.8724;19.1867;8.5;2572.44;5.11093;0;0;0.1;0.01;0;5.46789;1;0;-1
0;666;-71.9602;-13.1861;19.0218;9.90376;4069.01;5.95499;0;0;0.1;0.01;0;7.23384;0;0;-1
0;667;-69.3911;2.17538;19.7078;9.7357;3865.36;5.85394;0;0;0.1;0.01;0;6.93229;0;0;-1
0;668;-70.2501;18.6408;19.3008;9.64972;3763.85;5.80224;0;0;0.1;0.01;0;5.80133;0;0;-1
0;669;-70.2943;34.2553;16.7458;8.77909;2834.24;5.27874;0;0;0.1;0.01;0;4.32251;0;0;-1
0;670;-70.2552;52.8825;16.2643;8.5;2572.44;5.11093;0;0;0.1;0.01;0;3.91594;1;0;-1
0;671;-58.0211;-74.9482;17.1236;10.065;4271;6.05194;0;0;0.1;0.01;0;4.51516;0;0;-1
0;672;-57.5031;-58.6533;18.7033;9.47117;3558.77;5.69488;0;0;0.1;0.01;0;6.43776;0;0;-1
0;673;-56.2021;-39.5342;17.4576;10.2399;4497.55;6.1571;0;0;0.1;0.01;0;7.40293;0;0;-1
0;674;-57.0877;-23.2717;16.9186;8.9323;2985.23;5.37086;0;0;0.1;0.01;0;5.73519;0;0;-1
0;675;-55.1852;-6.46476;16.0508;9.97374;4155.88;5.99707;0;0;0.1;0.01;0;6.24387;0;0;-1
0;676;-57.1299;8.61311;17.4099;8.70387;2762.01;5.23351;0;0;0.1;0.01;0;5.38474;0;0;-1
0;677;-55.3825;26.7713;16.7941;9.65507;3770.12;5.80545;0;0;0.1;0.01;0;5.70783;0;0;-1
0;678;-54.9776;46.9062;18.9468;8.5;2572.44;5.11093;0;0;0.1;0.01;0;4.35061;1;0;-1
0;679;-53.9862;61.936;18.2824;8.67427;2733.93;5.21571;0;0;0.1;0.01;0;3.80812;0;0;-1
0;680;-53.7961;78.0473;19.6556;9.60026;3706.27;5.7725;0;0;0.1;0.01;0;2.63996;0;0;-1
0;681;-41.6995;-84.6175;16.8487;9.64536;3758.75;5.79962;0;0;0.1;0.01;0;4.32847;0;0;-1
0;682;-40.6291;-67.4694;17.732;8.98447;3037.85;5.40223;0;0;0.1;0.01;0;5.5143;0;0;-1
0;683;-40.4637;-47.7802;16.7388;9.09298;3149.25;5.46748;0;0;0.1;0.01;0;5.25863;0;0;-1
0;684;-42.5294;-33.0273;18.1946;9.56256;3662.78;5.74983;0;0;0.1;0.01;0;6.3551;0;0;-1
0;685;-42.1539;-13.7588;16.486;8.5;2572.44;5.11093;0;0;0.1;0.01;0;4.9155;1;0;-1
0;686;-39.9931;2.28149;17.725;8.8338;2887.56;5.31164;0;0;0.1;0.01;0;5.0827;0;0;-1
0;687;-42.2094;18.6853;18.4636;8.81873;2872.81;5.30257;0;0;0.1;0.01;0;5.43351;0;0;-1
0;688;-41.1622;33.7377;18.2763;8.97255;3025.77;5.39506;0;0;0.1;0.01;0;5.18865;0;0;-1
0;689;-39.7085;53.2131;18.5445;8.97931;3032.62;5.39913;0;0;0.1;0.01;0;4.73811;0;0;-1
0;690;-39.5868;71.4837;16.4006;10.2106;4459.05;6.13949;0;0;0.1;0.01;0;5.90261;0;0;-1
0;691;-41.5955;87.7472;18.5384;8.98874;3042.18;5.4048;0;0;0.1;0.01;0;2.93126;0;0;-1
0;692;-27.7639;-93.4532;16.8267;10.4523;4783.26;6.28482;0;0;0.1;0.01;0;3.97959;0;0;-1
0;693;-27.5074;-72.8526;18.5006;9.83112;3980.13;5.91131;0;0;0.1;0.01;0;6.16594;0;0;-1
0;694;-25.37;-56.713;16.2768;8.5;2572.44;5.11093;0;0;0.1;0.01;0;4.44946;1;0;-1
0;695;-24.5012;-40.3793;17.8459;8.88227;2935.35;5.34078;0;0;0.1;0.01;0;5.48645;0;0;-1
0;696;-28.3638;-24.7235;16.3205;9.59361;3698.58;5.7685;0;0;0.1;0.01;0;6.04873;0;0;-1
0;697;-28.3794;-7.18637;16.018;9.33032;3402.34;5.61019;0;0;0.1;0.01;0;5.29252;0;0;-1
0;698;-26.9592;10.6761;16.4895;9.60486;3711.6;5.77526;0;0;0.1;0.01;0;6.09306;0;0;-1
0;699;-27.4528;28.0465;17.3681;9.05772;3112.76;5.44628;0;0;0.1;0.01;0;5.12876;0;0;-1
0;700;-25.46;45.9315;17.633;9.58543;3689.13;5.76358;0;0;0.1;0.01;0;5.76667;0;0;-1
0;701;-28.1526;62.0574;16.4044;9.01678;3070.74;5.42166;0;0;0.1;0.01;0;5.90433;0;0;-1
0;702;-27.4131;80.4119;16.3131;10.1887;4430.42;6.12632;0;0;0.1;0.01;0;5.89072;0;0;-1
0;703;-13.289;-83.6081;17.64;9.77088;3907.42;5.87509;0;0;0.1;0.01;0;5.45687;0;0;-1
0;704;-13.7332;-65.6469;17.0264;8.5;2572.44;5.11093;0;0;0.1;0.01;0;4.20886;1;0;-1
0;705;-11.1809;-47.5316;16.2694;9.7905;3931;5.88689;0;0;0.1;0.01;0;5.449;0;0;-1
0;706;-12.3546;-30.7814;19.3438;8.63701;2698.85;5.19331;0;0;0.1;0.01;0;5.76121;0;0;-1
0;707;-11.5491;-16.1866;17.4756;9.71429;3839.92;5.84106;0;0;0.1;0.01;0;6.34107;0;0;-1
0;708;-13.6697;1.66284;17.126;10.0878;4300.09;6.06565;0;0;0.1;0.01;0;7.02364;0;0;-1
0;709;-13.1772;20.7907;16.6116;10.0841;4295.36;6.06342;0;0;0.1;0.01;0;6.26945;0;0;-1
0;710;-10.9556;37.3233;17.2929;8.97727;3030.55;5.3979;0;0;0.1;0.01;0;5.4958;0;0;-1
0;711;-10.0205;52.3593;18.3014;10.1287;4352.61;6.09024;0;0;0.1;0.01;0;6.64478;0;0;-1
0;712;-11.6705;68.4233;18.3699;8.59754;2662.02;5.16958;0;0;0.1;0.01;0;5.2084;0;0;-1
0;713;-11.0498;85.2604;18.6714;8.5;2572.44;5.11093;0;0;0.1;0.01;0;3.73754;1;0;-1
0;714;1.68428;-91.9839;17.4372;10.248;4508.23;6.16197;0;0;0.1;0.01;0;3.90853;0;0;-1
0;715;4.58439;-72.2684;15.9816;8.68782;2746.76;5.22386;0;0;0.1;0.01;0;5.15411;0;0;-1
0;716;2.82196;-56.9731;17.3317;8.5;2572.44;5.11093;0;0;0.1;0.01;0;5.54332;1;0;-1
0;717;2.96465;-39.8525;16.6727;9.887;4048.39;5.94491;0;0;0.1;0.01;0;6.58468;0;0;-1
0;718;2.38402;-24.465;16.4635;8.82136;2875.38;5.30416;0;0;0.1;0.01;0;5.63582;0;0;-1
0;719;4.97614;-8.37387;17.1134;8.57217;2638.52;5.15432;0;0;0.1;0.01;0;4.74381;0;0;-1
0;720;4.17253;9.65342;16.3882;9.89258;4055.25;5.94826;0;0;0.1;0.01;0;4.89111;0;0;-1
0;721;2.15806;28.5075;16.6404;9.95865;4137.04;5.98799;0;0;0.1;0.01;0;6.24671;0;0;-1
0;722;2.53322;46.1884;15.6152;8.5982;2662.63;5.16997;0;0;0.1;0.01;0;5.80346;0;0;-1
0;723;2.66055;63.4015;15.8919;10.4039;4717.12;6.25571;0;0;0.1;0.01;0;6.71228;0;0;-1
0;724;0.993213;77.9613;15.9374;8.66392;2724.16;5.20949;0;0;0.1;0.01;0;5.68453;0;0;-1
0;725;4.69862;93.0898;17.7736;8.70908;2766.98;5.23664;0;0;0.1;0.01;0;2.89451;0;0;-1
0;726;17.7781;-82.3796;17.1041;10.0453;4245.97;6.04009;0;0;0.1;0.01;0;5.13193;0;0;-1
0;727;15.8002;-64.4099;16.3778;8.5;2572.44;5.11093;0;0;0.1;0.01;0;4.94451;1;0;-1
0;728;16.0267;-50.0864;18.31;9.61978;3728.93;5.78423;0;0;0.1;0.01;0;5.55418;0;0;-1
0;729;18.9347;-33.9824;18.1079;8.5;2572.44;5.11093;0;0;0.1;0.01;0;4.31441;1;0;-1
0;730;18.3574;-17.0124;17.3397;9.30503;3374.75;5.59498;0;0;0.1;0.01;0;5.7756;0;0;-1
0;731;17.4617;2.71764;18.4889;8.54447;2613.03;5.13767;0;0;0.1;0.01;0;4.73998;0;0;-1
0;732;16.5815;21.1401;16.222;9.14026;3198.63;5.49591;0;0;0.1;0.01;0;6.2758;0;0;-1
0;733;16.5152;37.0703;17.4417;8.88866;2941.69;5.34462;0;0;0.1;0.01;0;5.88797;0;0;-1
0;734;19.6658;52.9275;17.6927;8.85858;2911.93;5.32654;0;0;0.1;0.01;0;5.16722;0;0;-1
0;735;16.4134;69.7759;17.3888;8.51644;2587.4;5.12081;0;0;0.1;0.01;0;5.15635;0;0;-1
0;736;17.9155;85.6777;16.4556;9.17315;3233.29;5.51568;0;0;0.1;0.01;0;3.56759;0;0;-1
0;737;33.175;-92.4867;15.9368;9.05955;3114.64;5.44738;0;0;0.1;0.01;0;1.68933;0;0;-1
0;738;33.7874;-73.7665;16.1002;9.51316;3606.31;5.72013;0;0;0.1;0.01;0;5.47733;0;0;-1
0;739;33.1779;-55.2452;18.014;9.15668;3215.9;5.50578;0;0;0.1;0.01;0;4.544;0;0;-1
0;740;33.6525;-39.0279;18.0765;8.5;2572.44;5.11093;0;0;0.1;0.01;0;5.33057;1;0;-1
0;741;31.4411;-24.4867;16.3421;9.37929;3456.2;5.63963;0;0;0.1;0.01;0;6.48209;0;0;-1
0;742;30.7121;-8.05955;18.5934;9.30862;3378.66;5.59714;0;0;0.1;0.01;0;5.49645;0;0;-1
0;743;30.5287;11.5672;17.0154;8.87722;2930.35;5.33774;0;0;0.1;0.01;0;5.13287;0;0;-1
0;744;32.0962;26.8739;16.7646;8.78131;2836.39;5.28007;0;0;0.1;0.01;0;5.40268;0;0;-1
0;745;33.2203;45.7651;16.5257;8.5;2572.44;5.11093;0;0;0.1;0.01;0;5.28785;1;0;-1
0;746;30.4853;63.4345;19.4817;9.08213;3137.99;5.46095;0;0;0.1;0.01;0;6.81601;0;0;-1
0;747;30.6453;77.812;17.8456;9.25776;3323.58;5.56656;0;0;0.1;0.01;0;5.18531;0;0;-1
0;748;45.3104;-81.2458;16.0897;9.99665;4184.58;6.01084;0;0;0.1;0.01;0;4.70875;0;0;-1
0;749;48.9091;-67.6377;17.0104;8.61752;2680.62;5.18159;0;0;0.1;0.01;0;5.08335;0;0;-1
0;750;47.5128;-48.1714;18.5942;8.5;2572.44;5.11093;0;0;0.1;0.01;0;4.60413;1;0;-1
0;751;46.7632;-31.8998;16.6164;9.52674;3621.78;5.72829;0;0;0.1;0.01;0;6.82928;0;0;-1
0;752;46.3623;-15.3161;17.5044;9.96599;4146.2;5.99241;0;0;0.1;0.01;0;6.40186;0;0;-1
0;753;46.2076;4.39363;19.4797;9.61473;3723.06;5.7812;0;0;0.1;0.01;0;5.43015;0;0;-1
0;754;48.7914;20.468;17.338;9.77667;3914.37;5.87857;0;0;0.1;0.01;0;6.22901;0;0;-1
0;755;46.8611;34.88;18.9881;8.5;2572.44;5.11093;0;0;0.1;0.01;0;5.23602;1;0;-1
0;756;45.0848;54.0915;16.5897;10.1386;4365.39;6.09619;0;0;0.1;0.01;0;6.57415;0;0;-1
0;757;46.9778;68.9793;17.7763;8.7934;2848.13;5.28734;0;0;0.1;0.01;0;5.04316;0;0;-1
0;758;45.9411;86.0501;19.671;8.5;2572.44;5.11093;0;0;0.1;0.01;0;1.28239;1;0;-1
0;759;61.2195;-75.4446;17.4852;9.74749;3879.42;5.86102;0;0;0.1;0.01;0;2.82323;0;0;-1
0;760;62.303;-57.9531;18.1628;8.5;2572.44;5.11093;0;0;0.1;0.01;0;4.94925;1;0;-1
0;761;62.5615;-38.7132;16.7029;10.097;4311.87;6.07118;0;0;0.1;0.01;0;7.49558;0;0;-1
0;762;60.421;-24.2787;16.5098;9.90118;4065.83;5.95344;0;0;0.1;0.01;0;7.54517;0;0;-1
0;763;60.3783;-7.40343;16.7532;8.93108;2984.01;5.37013;0;0;0.1;0.01;0;4.81057;0;0;-1
0;764;62.4593;10.6031;16.9692;9.45392;3539.36;5.6845;0;0;0.1;0.01;0;5.77967;0;0;-1
0;765;61.6862;28.533;16.478;10.2254;4478.47;6.14838;0;0;0.1;0.01;0;7.22292;0;0;-1
0;766;61.8677;45.2086;19.0405;8.67367;2733.36;5.21535;0;0;0.1;0.01;0;6.08049;0;0;-1
0;767;62.2901;63.6364;19.0421;10.0225;4217.13;6.02638;0;0;0.1;0.01;0;4.8332;0;0;-1
0;768;75.9037;-50.2067;19.509;8.70096;2759.24;5.23176;0;0;0.1;0.01;0;3.01387;0;0;-1
0;769;76.0467;-33.478;18.3422;10.0886;4301.12;6.06613;0;0;0.1;0.01;0;6.13376;0;0;-1
0;770;77.6181;-16.9569;16.7452;8.5;2572.44;5.11093;0;0;0.1;0.01;0;4.96157;1;0;-1
0;771;74.8838;0.852652;19.4094;8.71841;2775.88;5.24225;0;0;0.1;0.01;0;4.44479;0;0;-1
0;772;76.4915;20.1081;16.1873;9.82373;3971.16;5.90687;0;0;0.1;0.01;0;6.53717;0;0;-1
0;773;74.8202;37.9213;19.0701;10.3722;4674.14;6.23665;0;0;0.1;0.01;0;6.73549;0;0;-1
0;774;76.5211;52.4245;18.7622;8.77615;2831.4;5.27697;0;0;0.1;0.01;0;4.58122;0;0;-1
0;775;91.5288;-22.0706;18.6394;9.7875;3927.39;5.88508;0;0;0.1;0.01;0;4.34504;0;0;-1
0;776;92.7498;-7.36021;19.9332;8.5;2572.44;5.11093;0;0;0.1;0.01;0;2.61836;1;0;-1
0;777;91.6951;9.32629;16.2176;9.05672;3111.73;5.44567;0;0;0.1;0.01;0;2.52878;0;0;-1
0;778;89.4675;26.8411;17.3917;9.35384;3428.14;5.62433;0;0;0.1;0.01;0;4.07816;0;0;-1
0;779;-93.5859;2.41342;34.5612;8.55786;2625.33;5.14572;0;0;0.1;0.01;0;2.84502;0;0;-1
0;780;-82.039;-39.7105;31.637;9.85962;4014.85;5.92845;0;0;0.1;0.01;0;3.15384;0;0;-1
0;781;-79.6852;-25.0897;32.4552;9.32437;3395.84;5.60661;0;0;0.1;0.01;0;4.25292;0;0;-1
0;782;-79.0003;-6.09229;34.0262;9.22038;3283.49;5.54408;0;0;0.1;0.01;0;5.97816;0;0;-1
0;783;-80.1781;10.0439;31.8147;8.73128;2788.19;5.24999;0;0;0.1;0.01;0;4.89563;0;0;-1
0;784;-82.703;25.8703;30.9236;9.40262;3482.05;5.65366;0;0;0.1;0.01;0;2.74821;0;0;-1
0;785;-79.9054;46.0382;31.3474;8.54151;2610.31;5.13589;0;0;0.1;0.01;0;2.20278;0;0;-1
0;786;-65.9597;-66.8905;33.9543;9.46889;3556.2;5.69351;0;0;0.1;0.01;0;3.41773;0;0;-1
0;787;-66.6258;-47.679;32.2384;9.70994;3834.76;5.83845;0;0;0.1;0.01;0;4.79033;0;0;-1
0;788;-64.3041;-30.7681;34.206;9.95636;4134.19;5.98661;0;0;0.1;0.01;0;6.55767;0;0;-1
0;789;-66.7769;-15.5626;31.018;8.5;2572.44;5.11093;0;0;0.1;0.01;0;5.95281;1;0;-1
0;790;-65.6054;0.0164399;34.1256;8.9441;2997.08;5.37796;0;0;0.1;0.01;0;5.98666;0;0;-1
0;791;-66.5572;18.129;33.8896;8.5;2572.44;5.11093;0;0;0.1;0.01;0;4.43046;1;0;-1
0;792;-64.4075;35.1687;31.6605;8.58667;2651.94;5.16304;0;0;0.1;0.01;0;4.16561;0;0;-1
0;793;-66.8395;53.0594;33.2055;9.91933;4088.23;5.96435;0;0;0.1;0.01;0;3.57398;0;0;-1
0;794;-53.1863;-73.3258;30.619;10.1149;4334.84;6.08194;0;0;0.1;0.01;0;4.85199;0;0;-1
0;795;-50.1853;-58.7171;30.9865;9.48167;3570.62;5.70119;0;0;0.1;0.01;0;6.02568;0;0;-1
0;796;-49.8371;-38.4026;31.6539;9.72083;3847.68;5.84499;0;0;0.1;0.01;0;6.12823;0;0;-1
0;797;-52.8048;-21.2955;31.117;8.5;2572.44;5.11093;0;0;0.1;0.01;0;4.91606;1;0;-1
0;798;-52.704;-7.28944;34.1879;9.66627;3783.25;5.81219;0;0;0.1;0.01;0;4.47647;0;0;-1
0;799;-51.6682;11.8703;31.7807;8.5;2572.44;5.11093;0;0;0.1;0.01;0;4.16108;1;0;-1
0;800;-50.7148;29.4027;32.6051;8.5;2572.44;5.11093;0;0;0.1;0.01;0;5.23726;1;0;-1
0;801;-52.7756;43.3411;33.13;8.5;2572.44;5.11093;0;0;0.1;0.01;0;5.24206;1;0;-1
0;802;-51.6438;60.0681;33.9708;8.5;2572.44;5.11093;0;0;0.1;0.01;0;4.23953;1;0;-1
0;803;-35.6452;-85.3949;34.2834;10.1766;4414.65;6.11904;0;0;0.1;0.01;0;3.63713;0;0;-1
0;804;-38.0024;-66.3759;31.2836;8.5;2572.44;5.11093;0;0;0.1;0.01;0;4.5591;1;0;-1
0;805;-37.9478;-47.2906;33.1306;9.74583;3877.44;5.86003;0;0;0.1;0.01;0;5.96649;0;0;-1
0;806;-34.4745;-33.0299;33.0276;10.2533;4515.23;6.16516;0;0;0.1;0.01;0;6.52212;0;0;-1
0;807;-35.1741;-16.2788;32.7134;8.8572;2910.57;5.32571;0;0;0.1;0.01;0;4.1309;0;0;-1
0;808;-35.3356;2.9806;32.2932;8.80953;2863.83;5.29704;0;0;0.1;0.01;0;4.53519;0;0;-1
0;809;-38.2999;17.6724;32.756;8.96634;3019.49;5.39133;0;0;0.1;0.01;0;4.90248;0;0;-1
0;810;-36.979;37.9456;31.6613;9.65063;3764.92;5.80278;0;0;0.1;0.01;0;6.08353;0;0;-1
0;811;-36.8428;52.4718;32.4198;8.9865;3039.91;5.40345;0;0;0.1;0.01;0;5.22376;0;0;-1
0;812;-37.9062;69.1944;32.1248;8.5;2572.44;5.11093;0;0;0.1;0.01;0;3.35627;1;0;-1
0;813;-20.9638;-91.0242;34.0216;9.86408;4020.3;5.93113;0;0;0.1;0.01;0;3.7661;0;0;-1
0;814;-22.9264;-74.3042;32.2337;8.5;2572.44;5.11093;0;0;0.1;0.01;0;5.12079;1;0;-1
0;815;-22.8344;-57.0513;34.4199;8.61747;2680.57;5.18156;0;0;0.1;0.01;0;4.58579;0;0;-1
0;816;-21.8616;-42.745;31.8931;8.61331;2676.69;5.17906;0;0;0.1;0.01;0;5.68038;0;0;-1
0;817;-20.4345;-21.6615;31.3808;8.5;2572.44;5.11093;0;0;0.1;0.01;0;3.959;1;0;-1
0;818;-20.9586;-4.75426;34.0529;9.37895;3455.82;5.63943;0;0;0.1;0.01;0;5.90163;0;0;-1
0;819;-21.7899;11.1938;31.6458;8.93559;2988.53;5.37284;0;0;0.1;0.01;0;5.87824;0;0;-1
0;820;-22.999;29.3685;33.7792;9.49202;3582.32;5.70741;0;0;0.1;0.01;0;5.55513;0;0;-1
0;821;-20.7329;44.2965;33.8148;9.19925;3260.96;5.53138;0;0;0.1;0.01;0;6.29615;0;0;-1
0;822;-20.4327;59.6987;30.9762;8.65751;2718.11;5.20564;0;0;0.1;0.01;0;5.12163;0;0;-1
0;823;-21.7697;76.7173;32.6725;10.0526;4255.24;6.04448;0;0;0.1;0.01;0;4.738;0;0;-1
0;824;-6.81873;-81.484;33.0105;10.2345;4490.44;6.15386;0;0;0.1;0.01;0;5.7367;0;0;-1
0;825;-7.57976;-65.853;32.0436;9.11861;3175.96;5.48289;0;0;0.1;0.01;0;4.85263;0;0;-1
0;826;-8.8106;-46.9415;30.7962;9.1191;3176.47;5.48318;0;0;0.1;0.01;0;5.15011;0;0;-1
0;827;-5.46302;-32.6281;31.1708;8.5;2572.44;5.11093;0;0;0.1;0.01;0;4.74213;1;0;-1
0;828;-8.84461;-13.1752;31.5893;10.4144;4731.42;6.26203;0;0;0.1;0.01;0;6.59201;0;0;-1
0;829;-7.46594;3.4759;31.9507;9.30981;3379.96;5.59785;0;0;0.1;0.01;0;6.08571;0;0;-1
0;830;-6.85588;20.9986;33.6342;10.0649;4270.88;6.05188;0;0;0.1;0.01;0;5.67586;0;0;-1
0;831;-7.47869;37.7971;34.0813;9.13604;3194.2;5.49337;0;0;0.1;0.01;0;6.1436;0;0;-1
0;832;-5.85244;51.7227;33.6898;8.5;2572.44;5.11093;0;0;0.1;0.01;0;5.49309;1;0;-1
0;833;-7.20404;69.7826;32.4008;8.73803;2794.66;5.25405;0;0;0.1;0.01;0;4.35019;0;0;-1
0;834;-6.783;88.6487;31.1317;8.56897;2635.57;5.1524;0;0;0.1;0.01;0;2.1683;0;0;-1
0;835;8.24851;-89.4378;34.6559;8.757;2812.9;5.26546;0;0;0.1;0.01;0;3.18291;0;0;-1
0;836;7.70454;-74.4757;32.4962;10.4534;4784.77;6.28548;0;0;0.1;0.01;0;7.03282;0;0;-1
0;837;6.34779;-58.9473;31.8189;8.79873;2853.31;5.29055;0;0;0.1;0.01;0;5.10279;0;0;-1
0;838;8.48748;-42.9135;33.2011;10.0561;4259.68;6.04659;0;0;0.1;0.01;0;6.75116;0;0;-1
0;839;6.86564;-23.8811;32.7524;8.90408;2957.03;5.35389;0;0;0.1;0.01;0;4.87972;0;0;-1
0;840;7.21308;-6.04658;33.7207;9.87605;4034.95;5.93833;0;0;0.1;0.01;0;6.05162;0;0;-1
0;841;5.64825;8.79159;34.3864;9.10205;3158.68;5.47293;0;0;0.1;0.01;0;4.74259;0;0;-1
0;842;8.3402;27.8158;31.0475;9.25309;3318.55;5.56375;0;0;0.1;0.01;0;5.15919;0;0;-1
0;843;6.79482;42.8908;30.5886;10.1876;4428.99;6.12566;0;0;0.1;0.01;0;6.42042;0;0;-1
0;844;8.63645;61.5757;30.9029;8.68436;2743.48;5.22178;0;0;0.1;0.01;0;4.75692;0;0;-1
0;845;9.12293;78.9351;31.903;9.46328;3549.88;5.69013;0;0;0.1;0.01;0;4.70551;0;0;-1
0;846;23.1428;-82.6627;33.8572;9.93443;4106.93;5.97343;0;0;0.1;0.01;0;4.76587;0;0;-1
0;847;22.6506;-67.962;33.0073;9.85623;4010.71;5.92641;0;0;0.1;0.01;0;5.4035;0;0;-1
0;848;23.869;-47.7337;33.3849;8.90151;2954.47;5.35235;0;0;0.1;0.01;0;5.89624;0;0;-1
0;849;21.1347;-32.2881;32.4676;10.1635;4397.63;6.11117;0;0;0.1;0.01;0;7.03953;0;0;-1
0;850;22.1149;-14.0048;32.2138;10.1553;4386.99;6.10623;0;0;0.1;0.01;0;6.79533;0;0;-1
0;851;22.3402;0.482141;30.9417;8.92445;2977.37;5.36614;0;0;0.1;0.01;0;5.12647;0;0;-1
0;852;23.0061;19.3364;30.4842;9.06881;3124.2;5.45294;0;0;0.1;0.01;0;4.82297;0;0;-1
0;853;22.1133;37.5577;33.9855;9.3486;3422.38;5.62118;0;0;0.1;0.01;0;5.73669;0;0;-1
0;854;23.7959;51.3893;32.576;9.90615;4071.96;5.95642;0;0;0.1;0.01;0;6.81395;0;0;-1
0;855;22.3269;68.7562;30.9986;8.75237;2808.44;5.26267;0;0;0.1;0.01;0;5.90424;0;0;-1
0;856;20.8581;89.3908;34.2251;9.34689;3420.5;5.62015;0;0;0.1;0.01;0;1.60247;0;0;-1
0;857;35.7841;-74.7229;32.7942;8.5;2572.44;5.11093;0;0;0.1;0.01;0;3.42681;1;0;-1
0;858;37.1882;-55.0871;32.8414;9.55435;3653.36;5.74489;0;0;0.1;0.01;0;5.76208;0;0;-1
0;859;35.5746;-38.4173;30.8924;8.5;2572.44;5.11093;0;0;0.1;0.01;0;5.31016;1;0;-1
0;860;37.499;-21.9809;32.1823;8.5;2572.44;5.11093;0;0;0.1;0.01;0;4.75493;1;0;-1
0;861;35.8971;-4.81368;33.2091;9.17157;3231.62;5.51473;0;0;0.1;0.01;0;5.72484;0;0;-1
0;862;38.7424;9.35366;32.4851;8.59517;2659.82;5.16815;0;0;0.1;0.01;0;4.91363;0;0;-1
0;863;38.1051;25.5611;32.9974;9.81869;3965.06;5.90384;0;0;0.1;0.01;0;5.59261;0;0;-1
0;864;38.3493;43.1676;33.092;9.76301;3897.98;5.87036;0;0;0.1;0.01;0;6.02063;0;0;-1
0;865;35.3759;61.8615;33.7086;9.76121;3895.83;5.86927;0;0;0.1;0.01;0;6.62585;0;0;-1
0;866;36.8578;77.2518;32.16;10.0224;4217;6.02632;0;0;0.1;0.01;0;5.23649;0;0;-1
0;867;52.8308;-64.666;31.9349;9.06145;3116.6;5.44852;0;0;0.1;0.01;0;3.97388;0;0;-1
0;868;53.1639;-49.3379;32.1273;9.43641;3519.73;5.67398;0;0;0.1;0.01;0;5.65641;0;0;-1
0;869;52.0697;-33.3876;32.405;9.52844;3623.71;5.72931;0;0;0.1;0.01;0;6.14014;0;0;-1
0;870;51.5449;-17.3187;31.5981;9.93219;4104.15;5.97208;0;0;0.1;0.01;0;6.31973;0;0;-1
0;871;53.2125;0.917214;33.8744;10.0205;4214.6;6.02518;0;0;0.1;0.01;0;6.86719;0;0;-1
0;872;52.4639;17.8225;33.3909;8.9672;3020.36;5.39185;0;0;0.1;0.01;0;6.01681;0;0;-1
0;873;53.4773;38.1477;32.2409;8.9671;3020.26;5.39179;0;0;0.1;0.01;0;6.03761;0;0;-1
0;874;53.2634;53.1813;33.3261;9.60563;3712.5;5.77573;0;0;0.1;0.01;0;6.96841;0;0;-1
0;875;51.4232;68.3308;32.418;9.14929;3208.12;5.50134;0;0;0.1;0.01;0;4.8681;0;0;-1
0;876;67.2587;-58.0706;32.4296;8.83388;2887.64;5.31168;0;0;0.1;0.01;0;3.29142;0;0;-1
0;877;67.6966;-38.603;31.5546;9.31078;3381.01;5.59844;0;0;0.1;0.01;0;5.34569;0;0;-1
0;878;66.3884;-21.8164;31.966;9.12977;3187.63;5.4896;0;0;0.1;0.01;0;5.27103;0;0;-1
0;879;66.9446;-4.77219;32.6279;9.85842;4013.38;5.92772;0;0;0.1;0.01;0;5.72543;0;0;-1
0;880;67.211;10.3578;32.9724;8.94914;3002.15;5.38099;0;0;0.1;0.01;0;6.55175;0;0;-1
0;881;66.2098;28.0135;33.7867;8.61621;2679.4;5.1808;0;0;0.1;0.01;0;5.82114;0;0;-1
0;882;67.3142;45.6442;31.0886;9.11558;3172.79;5.48107;0;0;0.1;0.01;0;6.46711;0;0;-1
0;883;67.0134;59.5023;32.0814;9.87652;4035.53;5.93861;0;0;0.1;0.01;0;4.75445;0;0;-1
0;884;79.9432;-30.2565;33.8289;9.91075;4077.63;5.95919;0;0;0.1;0.01;0;4.39888;0;0;-1
0;885;80.1773;-15.9615;30.7275;8.8039;2858.34;5.29366;0;0;0.1;0.01;0;4.50483;0;0;-1
0;886;79.6587;3.68681;33.5506;10.0827;4293.58;6.06258;0;0;0.1;0.01;0;4.94912;0;0;-1
0;887;80.7148;19.6999;34.193;8.73611;2792.82;5.2529;0;0;0.1;0.01;0;3.84895;0;0;-1
0;888;80.5426;33.6358;31.9201;8.98096;3034.29;5.40012;0;0;0.1;0.01;0;4.257;0;0;-1
0;889;-86.3503;-6.44445;47.2351;9.7781;3916.08;5.87943;0;0;0.1;0.01;0;3.24545;0;0;-1
0;890;-85.6621;9.85488;47.7997;10.4049;4718.48;6.25632;0;0;0.1;0.01;0;3.02238;0;0;-1
0;891;-69.0174;-49.9843;48.7953;10.4318;4755.17;6.27249;0;0;0.1;0.01;0;2.88076;0;0;-1
0;892;-69.3933;-33.7438;47.9864;8.5;2572.44;5.11093;0;0;0.1;0.01;0;4.0932;1;0;-1
0;893;-69.3644;-13.365;47.6967;9.91875;4087.52;5.964;0;0;0.1;0.01;0;5.72629;0;0;-1
0;894;-71.516;0.837572;46.7783;8.91111;2964.04;5.35812;0;0;0.1;0.01;0;5.62372;0;0;-1
0;895;-68.5668;18.0375;47.0497;8.75571;2811.66;5.26468;0;0;0.1;0.01;0;3.93399;0;0;-1
0;896;-70.5803;36.4571;49.3673;9.25688;3322.63;5.56603;0;0;0.1;0.01;0;1.72423;0;0;-1
0;897;-56.6351;-59.6058;46.1504;8.92538;2978.3;5.3667;0;0;0.1;0.01;0;4.10273;0;0;-1
0;898;-57.0576;-39.1326;47.6041;9.30218;3371.65;5.59327;0;0;0.1;0.01;0;5.77758;0;0;-1
0;899;-57.0511;-23.262;47.2516;8.5;2572.44;5.11093;0;0;0.1;0.01;0;5.45023;1;0;-1
0;900;-56.8228;-6.91111;48.8082;9.56046;3660.37;5.74857;0;0;0.1;0.01;0;5.90471;0;0;-1
0;901;-54.5964;12.7515;45.9857;8.6949;2753.48;5.22812;0;0;0.1;0.01;0;4.4206;0;0;-1
0;902;-57.7013;29.7431;45.984;8.5;2572.44;5.11093;0;0;0.1;0.01;0;4.65791;1;0;-1
0;903;-56.3034;45.9429;47.0284;8.5;2572.44;5.11093;0;0;0.1;0.01;0;4.46063;1;0;-1
0;904;-54.4412;61.2991;46.4113;8.73256;2789.42;5.25076;0;0;0.1;0.01;0;3.50022;0;0;-1
0;905;-40.6499;-64.3882;45.8752;8.77308;2828.43;5.27513;0;0;0.1;0.01;0;3.66431;0;0;-1
0;906;-40.4078;-50.577;48.2096;9.14813;3206.9;5.50064;0;0;0.1;0.01;0;5.16009;0;0;-1
0;907;-43.2005;-30.0729;46.0969;10.1709;4407.24;6.11561;0;0;0.1;0.01;0;6.0532;0;0;-1
0;908;-41.5057;-14.2987;49.0805;8.5;2572.44;5.11093;0;0;0.1;0.01;0;4.98739;1;0;-1
0;909;-41.6417;0.772949;49.2622;8.65928;2719.78;5.2067;0;0;0.1;0.01;0;4.59893;0;0;-1
0;910;-42.0977;16.777;48.2722;10.2808;4551.66;6.1817;0;0;0.1;0.01;0;5.92253;0;0;-1
0;911;-42.3255;35.878;45.2282;8.59133;2656.26;5.16584;0;0;0.1;0.01;0;4.94955;0;0;-1
0;912;-41.2188;53.24;48.9027;10.1348;4360.48;6.09391;0;0;0.1;0.01;0;6.53586;0;0;-1
0;913;-42.4878;69.7219;48.0984;9.85071;4003.97;5.92309;0;0;0.1;0.01;0;4.23695;0;0;-1
0;914;-27.828;-76.7455;46.7335;9.0812;3137.03;5.46039;0;0;0.1;0.01;0;2.9635;0;0;-1
0;915;-26.1734;-55.5064;48.3161;8.59395;2658.69;5.16742;0;0;0.1;0.01;0;5.9948;0;0;-1
0;916;-27.6875;-41.4914;46.5261;9.63897;3751.29;5.79577;0;0;0.1;0.01;0;7.57619;0;0;-1
0;917;-28.0331;-24.2575;49.4375;8.5;2572.44;5.11093;0;0;0.1;0.01;0;4.80455;1;0;-1
0;918;-25.7073;-8.79497;47.322;8.5;2572.44;5.11093;0;0;0.1;0.01;0;4.63768;1;0;-1
0;919;-26.6725;12.03;46.5411;9.92574;4096.16;5.9682;0;0;0.1;0.01;0;5.77866;0;0;-1
0;920;-26.9544;29.586;48.5544;10.2075;4454.99;6.13762;0;0;0.1;0.01;0;7.06226;0;0;-1
0;921;-26.3524;45.1543;48.8359;9.22863;3292.31;5.54904;0;0;0.1;0.01;0;6.11897;0;0;-1
0;922;-25.8938;60.8809;46.5206;10.3198;4603.65;6.20515;0;0;0.1;0.01;0;6.87314;0;0;-1
0;923;-25.5688;79.3378;48.502;9.1597;3219.08;5.50759;0;0;0.1;0.01;0;3.17551;0;0;-1
0;924;-12.365;-80.7866;46.0172;8.874;2927.16;5.33581;0;0;0.1;0.01;0;3.07223;0;0;-1
0;925;-11.8838;-64.6879;47.9627;8.62741;2689.86;5.18754;0;0;0.1;0.01;0;4.45565;0;0;-1
0;926;-13.4917;-47.9728;46.5677;10.3686;4669.27;6.23449;0;0;0.1;0.01;0;7.51912;0;0;-1
0;927;-12.693;-33.5667;49.1072;10.005;4195.08;6.01586;0;0;0.1;0.01;0;5.88097;0;0;-1
0;928;-11.4144;-13.8826;48.6916;9.93402;4106.42;5.97318;0;0;0.1;0.01;0;6.77199;0;0;-1
0;929;-11.0368;0.26894;46.1071;9.49154;3581.78;5.70713;0;0;0.1;0.01;0;6.65098;0;0;-1
0;930;-13.1749;19.5096;47.8641;10.0132;4205.4;6.02079;0;0;0.1;0.01;0;6.25749;0;0;-1
0;931;-11.2527;37.0936;49.0531;8.84922;2902.71;5.32091;0;0;0.1;0.01;0;6.45025;0;0;-1
0;932;-12.2017;52.5437;48.7863;9.02879;3083.03;5.42888;0;0;0.1;0.01;0;7.20906;0;0;-1
0;933;-11.7506;69.7896;48.0761;10.1432;4371.33;6.09896;0;0;0.1;0.01;0;5.86836;0;0;-1
0;934;-12.8176;86.6152;47.9946;8.5;2572.44;5.11093;0;0;0.1;0.01;0;1.66608;1;0;-1
0;935;2.05573;-73.1391;45.8852;8.5;2572.44;5.11093;0;0;0.1;0.01;0;4.91236;1;0;-1
0;936;1.6161;-59.4361;46.6209;8.99434;3047.87;5.40817;0;0;0.1;0.01;0;5.60806;0;0;-1
0;937;2.35536;-42.277;46.9556;9.40872;3488.83;5.65733;0;0;0.1;0.01;0;5.65118;0;0;-1
0;938;1.44546;-22.4081;48.5081;9.3869;3464.62;5.64421;0;0;0.1;0.01;0;5.82047;0;0;-1
0;939;4.30869;-5.38843;49.0431;9.50215;3593.8;5.7135;0;0;0.1;0.01;0;6.81325;0;0;-1
0;940;3.22206;8.86609;49.2388;9.40384;3483.41;5.65439;0;0;0.1;0.01;0;5.80831;0;0;-1
0;941;1.8279;29.6375;47.3205;8.5;2572.44;5.11093;0;0;0.1;0.01;0;5.04956;1;0;-1
0;942;1.08731;45.5418;47.5982;8.53776;2606.88;5.13363;0;0;0.1;0.01;0;6.17218;0;0;-1
0;943;1.48804;60.6184;45.6675;9.03964;3094.15;5.4354;0;0;0.1;0.01;0;5.43737;0;0;-1
0;944;4.9338;79.7297;48.6578;10.1102;4328.8;6.07912;0;0;0.1;0.01;0;3.00439;0;0;-1
0;945;18.9271;-84.4733;48.8983;8.82496;2878.9;5.30632;0;0;0.1;0.01;0;1.9521;0;0;-1
0;946;18.2821;-65.9304;46.7121;9.13393;3191.99;5.4921;0;0;0.1;0.01;0;4.69374;0;0;-1
0;947;16.9302;-49.4111;46.2876;8.5;2572.44;5.11093;0;0;0.1;0.01;0;4.61322;1;0;-1
0;948;19.3943;-34.4008;45.9319;10.2763;4545.68;6.17899;0;0;0.1;0.01;0;6.56731;0;0;-1
0;949;16.1453;-14.8578;48.4576;9.22523;3288.67;5.547;0;0;0.1;0.01;0;6.34173;0;0;-1
0;950;18.7773;1.80159;48.5216;8.50641;2578.26;5.11478;0;0;0.1;0.01;0;5.66066;0;0;-1
0;951;17.3908;17.4882;46.7744;9.55479;3653.86;5.74516;0;0;0.1;0.01;0;5.23523;0;0;-1
0;952;16.0203;36.3989;49.0155;8.5;2572.44;5.11093;0;0;0.1;0.01;0;4.95193;1;0;-1
0;953;19.2377;50.8495;45.5601;9.03341;3087.76;5.43166;0;0;0.1;0.01;0;5.11355;0;0;-1
0;954;17.4145;71.098;46.7944;9.52319;3617.73;5.72616;0;0;0.1;0.01;0;4.543;0;0;-1
0;955;33.2087;-74.2714;48.7913;8.9766;3029.87;5.3975;0;0;0.1;0.01;0;3.24559;0;0;-1
0;956;33.1126;-57.1339;47.8296;9.60965;3717.16;5.77814;0;0;0.1;0.01;0;6.0477;0;0;-1
0;957;33.4751;-39.2144;45.8232;9.85133;4004.73;5.92346;0;0;0.1;0.01;0;6.54192;0;0;-1
0;958;30.7983;-22.5153;46.1767;9.98303;4167.5;6.00265;0;0;0.1;0.01;0;6.38748;0;0;-1
0;959;31.982;-5.03564;47.7746;9.48791;3577.67;5.70494;0;0;0.1;0.01;0;5.83316;0;0;-1
0;960;33.2541;12.0588;47.6442;9.44032;3524.1;5.67633;0;0;0.1;0.01;0;5.47802;0;0;-1
0;961;30.6838;25.7826;46.9806;9.75134;3884.02;5.86334;0;0;0.1;0.01;0;6.52746;0;0;-1
0;962;32.7078;43.2079;48.5161;8.95476;3007.81;5.38437;0;0;0.1;0.01;0;6.11723;0;0;-1
0;963;31.8878;59.3285;48.6146;9.99243;4179.28;6.0083;0;0;0.1;0.01;0;6.93296;0;0;-1
0;964;30.935;76.2484;47.7009;9.44588;3530.33;5.67967;0;0;0.1;0.01;0;4.12681;0;0;-1
0;965;45.9676;-63.7045;46.5681;8.50235;2574.57;5.11234;0;0;0.1;0.01;0;3.309;0;0;-1
0;966;46.1756;-47.4746;47.5731;10.2055;4452.37;6.13642;0;0;0.1;0.01;0;6.42924;0;0;-1
0;967;47.6531;-31.4614;46.2924;8.5;2572.44;5.11093;0;0;0.1;0.01;0;5.04378;1;0;-1
0;968;45.2288;-13.9422;49.0329;9.26855;3335.22;5.57304;0;0;0.1;0.01;0;5.88861;0;0;-1
0;969;45.8974;-0.225838;45.3748;8.5;2572.44;5.11093;0;0;0.1;0.01;0;5.34605;1;0;-1
0;970;47.7141;20.7862;46.8818;10.0206;4214.73;6.02524;0;0;0.1;0.01;0;7.16608;0;0;-1
0;971;45.2989;36.6213;48.5854;9.44979;3534.72;5.68202;0;0;0.1;0.01;0;6.79992;0;0;-1
0;972;46.4718;54.7683;49.1064;9.69619;3818.49;5.83018;0;0;0.1;0.01;0;5.882;0;0;-1
0;973;45.6605;72.006;48.4227;9.86394;4020.13;5.93104;0;0;0.1;0.01;0;3.34339;0;0;-1
0;974;63.7008;-58.7679;46.486;8.74716;2803.43;5.25954;0;0;0.1;0.01;0;2.38282;0;0;-1
0;975;62.0123;-42.3758;47.6469;9.36522;3440.67;5.63117;0;0;0.1;0.01;0;5.04927;0;0;-1
0;976;59.8908;-24.0714;48.5273;8.5;2572.44;5.11093;0;0;0.1;0.01;0;4.86094;1;0;-1
0;977;63.6068;-8.70022;46.8175;10.1425;4370.42;6.09854;0;0;0.1;0.01;0;6.67266;0;0;-1
0;978;60.6649;8.13475;47.1486;9.86993;4027.46;5.93465;0;0;0.1;0.01;0;6.38197;0;0;-1
0;979;61.5232;26.8098;46.1133;9.90075;4065.3;5.95318;0;0;0.1;0.01;0;6.4263;0;0;-1
0;980;60.1747;43.6499;46.0428;10.1384;4365.13;6.09607;0;0;0.1;0.01;0;6.2444;0;0;-1
0;981;61.168;61.0057;46.9953;9.12844;3186.24;5.4888;0;0;0.1;0.01;0;3.76021;0;0;-1
0;982;77.2965;-30.3695;48.6452;8.61289;2676.3;5.17881;0;0;0.1;0.01;0;2.62323;0;0;-1
0;983;77.131;-17.1024;47.7351;8.5;2572.44;5.11093;0;0;0.1;0.01;0;3.161;1;0;-1
0;984;75.5672;1.8294;46.5477;9.84126;3992.46;5.91741;0;0;0.1;0.01;0;5.04732;0;0;-1
0;985;78.6916;17.3389;48.7994;10.0526;4255.24;6.04448;0;0;0.1;0.01;0;4.18519;0;0;-1
0;986;75.283;34.6945;45.9244;10.2898;4563.62;6.18711;0;0;0.1;0.01;0;4.4069;0;0;-1
0;987;-65.6154;-30.289;62.2632;8.57744;2643.39;5.15749;0;0;0.1;0.01;0;3.43582;0;0;-1
0;988;-66.5767;-15.4215;63.5516;8.87947;2932.58;5.3391;0;0;0.1;0.01;0;3.54023;0;0;-1
0;989;-66.6872;0.550557;61.3351;8.52153;2592.04;5.12387;0;0;0.1;0.01;0;3.48074;0;0;-1
0;990;-66.1535;19.514;63.9367;9.60852;3715.85;5.77746;0;0;0.1;0.01;0;3.35423;0;0;-1
0;991;-51.8195;-58.4795;60.45;9.06277;3117.97;5.44931;0;0;0.1;0.01;0;2.13862;0;0;-1
0;992;-51.4196;-38.7596;63.6246;10.4312;4754.35;6.27213;0;0;0.1;0.01;0;5.1986;0;0;-1
0;993;-50.7475;-24.5015;63.3034;8.99047;3043.94;5.40584;0;0;0.1;0.01;0;6.41194;0;0;-1
0;994;-52.706;-8.7935;61.3383;8.75928;2815.1;5.26683;0;0;0.1;0.01;0;4.57367;0;0;-1
0;995;-53.4882;10.3282;61.6436;10.3467;4639.75;6.22132;0;0;0.1;0.01;0;5.60367;0;0;-1
0;996;-53.0215;27.1252;62.1044;8.5119;2583.26;5.11808;0;0;0.1;0.01;0;4.04295;0;0;-1
0;997;-51.7517;46.5239;61.8014;9.49673;3587.66;5.71025;0;0;0.1;0.01;0;3.02809;0;0;-1
0;998;-36.3739;-47.5581;60.5216;9.31429;3384.84;5.60055;0;0;0.1;0.01;0;6.18485;0;0;-1
0;999;-36.915;-33.1699;64.1632;8.56914;2635.73;5.1525;0;0;0.1;0.01;0;5.89208;0;0;-1
0;1000;-35.4709;-15.6568;62.6734;9.77893;3917.08;5.87993;0;0;0.1;0.01;0;6.62018;0;0;-1
0;1001;-36.1623;1.46058;63.9671;8.73934;2795.92;5.25484;0;0;0.1;0.01;0;4.87653;0;0;-1
0;1002;-35.0668;19.5877;62.2186;8.80965;2863.94;5.29711;0;0;0.1;0.01;0;5.8878;0;0;-1
0;1003;-35.2269;37.0935;60.6625;9.96828;4149.06;5.99378;0;0;0.1;0.01;0;6.29341;0;0;-1
0;1004;-38.3051;52.2585;63.8392;9.47991;3568.63;5.70013;0;0;0.1;0.01;0;3.94507;0;0;-1
0;1005;-38.3123;67.9588;60.7009;9.61487;3723.22;5.78128;0;0;0.1;0.01;0;3.18309;0;0;-1
0;1006;-21.3176;-73.2333;63.7644;8.5;2572.44;5.11093;0;0;0.1;0.01;0;1.71198;1;0;-1
0;1007;-23.2933;-57.0275;62.2458;10.4;4711.82;6.25337;0;0;0.1;0.01;0;6.18505;0;0;-1
0;1008;-22.2418;-40.862;61.3931;10.2717;4539.58;6.17622;0;0;0.1;0.01;0;8.02843;0;0;-1
0;1009;-21.3054;-22.7329;63.659;8.53442;2603.82;5.13162;0;0;0.1;0.01;0;6.24263;0;0;-1
0;1010;-21.9741;-5.56795;62.1246;10.3597;4657.26;6.22914;0;0;0.1;0.01;0;6.43764;0;0;-1
0;1011;-22.1234;10.5198;60.8531;8.5;2572.44;5.11093;0;0;0.1;0.01;0;3.6325;1;0;-1
0;1012;-23.7876;26.8109;63.5293;9.01866;3072.66;5.42279;0;0;0.1;0.01;0;4.69407;0;0;-1
0;1013;-22.4085;44.4769;62.8111;9.87176;4029.7;5.93575;0;0;0.1;0.01;0;6.77155;0;0;-1
0;1014;-21.8323;59.7003;60.173;8.81698;2871.1;5.30152;0;0;0.1;0.01;0;5.43871;0;0;-1
0;1015;-7.87366;-67.6893;60.3461;8.52518;2595.37;5.12607;0;0;0.1;0.01;0;3.89149;0;0;-1
0;1016;-7.86959;-47.7014;63.1285;10.2311;4485.96;6.15181;0;0;0.1;0.01;0;6.71354;0;0;-1
0;1017;-5.56349;-29.8857;63.3938;9.05885;3113.92;5.44696;0;0;0.1;0.01;0;6.57575;0;0;-1
0;1018;-6.85052;-15.3322;60.9678;8.54701;2615.36;5.13919;0;0;0.1;0.01;0;6.62578;0;0;-1
0;1019;-8.78132;0.621585;60.7704;8.5;2572.44;5.11093;0;0;0.1;0.01;0;4.71323;1;0;-1
0;1020;-6.95823;20.831;60.3912;8.92528;2978.2;5.36664;0;0;0.1;0.01;0;4.61494;0;0;-1
0;1021;-8.83076;36.0097;63.5767;9.68264;3802.51;5.82203;0;0;0.1;0.01;0;7.04698;0;0;-1
0;1022;-6.47323;52.1442;61.0306;9.64341;3756.48;5.79844;0;0;0.1;0.01;0;7.58103;0;0;-1
0;1023;-7.4348;67.669;60.8765;10.3052;4584.14;6.19637;0;0;0.1;0.01;0;4.93583;0;0;-1
0;1024;5.31805;-73.7712;61.9471;8.5;2572.44;5.11093;0;0;0.1;0.01;0;2.23732;1;0;-1
0;1025;6.87286;-57.4073;62.3062;10.176;4413.87;6.11868;0;0;0.1;0.01;0;5.8164;0;0;-1
0;1026;7.74792;-39.3538;61.0356;8.5;2572.44;5.11093;0;0;0.1;0.01;0;4.55446;1;0;-1
0;1027;6.38167;-22.6914;62.3482;9.92312;4092.92;5.96663;0;0;0.1;0.01;0;6.71165;0;0;-1
0;1028;9.17668;-6.37654;62.4713;10.2402;4497.94;6.15728;0;0;0.1;0.01;0;6.8584;0;0;-1
0;1029;8.78265;12.1973;62.246;8.66534;2725.5;5.21034;0;0;0.1;0.01;0;4.78927;0;0;-1
0;1030;7.91764;26.3233;63.415;8.5;2572.44;5.11093;0;0;0.1;0.01;0;5.49414;1;0;-1
0;1031;7.4229;42.0725;60.0816;10.2988;4575.6;6.19252;0;0;0.1;0.01;0;6.63372;0;0;-1
0;1032;6.6396;63.0854;63.2886;9.3194;3390.41;5.60362;0;0;0.1;0.01;0;4.62224;0;0;-1
0;1033;21.3034;-63.8622;60.958;8.5;2572.44;5.11093;0;0;0.1;0.01;0;3.70263;1;0;-1
0;1034;23.2538;-50.299;61.9529;8.5;2572.44;5.11093;0;0;0.1;0.01;0;4.43572;1;0;-1
0;1035;20.9385;-32.3626;61.0343;8.5;2572.44;5.11093;0;0;0.1;0.01;0;3.83519;1;0;-1
0;1036;24.2117;-12.6722;60.3629;8.5;2572.44;5.11093;0;0;0.1;0.01;0;5.40672;1;0;-1
0;1037;20.6117;2.95273;61.7801;8.5;2572.44;5.11093;0;0;0.1;0.01;0;5.06542;1;0;-1
0;1038;23.0808;19.7953;63.7336;10.3275;4613.96;6.20978;0;0;0.1;0.01;0;7.34262;0;0;-1
0;1039;21.9275;37.8421;63.1546;8.70203;2760.26;5.2324;0;0;0.1;0.01;0;5.68741;0;0;-1
0;1040;21.5776;53.1581;60.4184;8.5;2572.44;5.11093;0;0;0.1;0.01;0;5.29489;1;0;-1
0;1041;22.1355;69.108;61.3913;9.0674;3122.75;5.4521;0;0;0.1;0.01;0;3.39073;0;0;-1
0;1042;34.6667;-59.73;63.5364;8.5;2572.44;5.11093;0;0;0.1;0.01;0;2.17529;1;0;-1
0;1043;36.153;-39.3398;62.572;9.23923;3303.66;5.55541;0;0;0.1;0.01;0;4.51213;0;0;-1
0;1044;38.1824;-22.8156;61.8964;8.81792;2872.02;5.30209;0;0;0.1;0.01;0;4.89351;0;0;-1
0;1045;35.7945;-5.05603;62.6104;8.95321;3006.25;5.38344;0;0;0.1;0.01;0;4.80157;0;0;-1
0;1046;38.2695;12.2876;61.3815;9.45337;3538.74;5.68417;0;0;0.1;0.01;0;5.64876;0;0;-1
0;1047;37.9517;26.2065;60.254;8.5;2572.44;5.11093;0;0;0.1;0.01;0;6.73195;1;0;-1
0;1048;35.5237;43.3626;63.5167;9.23679;3301.05;5.55395;0;0;0.1;0.01;0;5.62875;0;0;-1
0;1049;38.6647;60.477;63.3801;9.72555;3853.28;5.84783;0;0;0.1;0.01;0;3.9475;0;0;-1
0;1050;53.4583;-48.7309;61.7455;9.52246;3616.9;5.72572;0;0;0.1;0.01;0;3.2243;0;0;-1
0;1051;50.3695;-33.3908;60.8811;8.5;2572.44;5.11093;0;0;0.1;0.01;0;4.87696;1;0;-1
0;1052;51.029;-15.2803;62.1395;9.58171;3684.83;5.76134;0;0;0.1;0.01;0;5.69818;0;0;-1
0;1053;50.0322;0.794475;62.7004;8.5;2572.44;5.11093;0;0;0.1;0.01;0;4.12841;1;0;-1
0;1054;50.5498;20.6956;60.9274;8.5;2572.44;5.11093;0;0;0.1;0.01;0;5.72246;1;0;-1
0;1055;50.8717;34.8044;61.8186;9.8158;3961.56;5.9021;0;0;0.1;0.01;0;6.01706;0;0;-1
0;1056;53.6964;53.0082;62.7369;10.1404;4367.71;6.09728;0;0;0.1;0.01;0;3.14287;0;0;-1
0;1057;67.0769;-40.8606;60.894;10.4293;4751.76;6.27099;0;0;0.1;0.01;0;2.85295;0;0;-1
0;1058;64.4563;-21.5175;62.1482;8.5;2572.44;5.11093;0;0;0.1;0.01;0;2.95779;1;0;-1
0;1059;64.4433;-5.43763;61.8686;8.5;2572.44;5.11093;0;0;0.1;0.01;0;4.07999;1;0;-1
0;1060;66.7726;9.19762;60.6582;9.7064;3830.57;5.83632;0;0;0.1;0.01;0;3.28553;0;0;-1
0;1061;65.172;25.0313;60.1625;8.80062;2855.15;5.29169;0;0;0.1;0.01;0;2.8205;0;0;-1
0;1062;-54.4211;-23.7661;75.9831;9.34551;3418.99;5.61932;0;0;0.1;0.01;0;3.6037;0;0;-1
0;1063;-56.5076;-4.69957;78.7032;8.5;2572.44;5.11093;0;0;0.1;0.01;0;1.66353;1;0;-1
0;1064;-54.9444;10.6798;76.2444;9.32397;3395.4;5.60637;0;0;0.1;0.01;0;3.9049;0;0;-1
0;1065;-56.4432;29.7246;75.0154;10.447;4775.99;6.28163;0;0;0.1;0.01;0;3.23353;0;0;-1
0;1066;-40.0278;-48.961;77.0286;8.5;2572.44;5.11093;0;0;0.1;0.01;0;2.24575;1;0;-1
0;1067;-42.2488;-30.7974;77.7897;8.79456;2849.25;5.28804;0;0;0.1;0.01;0;4.74967;0;0;-1
0;1068;-40.3983;-15.9252;75.0951;9.98709;4172.59;6.00509;0;0;0.1;0.01;0;6.54687;0;0;-1
0;1069;-40.4551;2.86962;77.9506;9.51488;3608.27;5.72116;0;0;0.1;0.01;0;5.73128;0;0;-1
0;1070;-41.6338;17.7767;74.6445;8.54694;2615.29;5.13915;0;0;0.1;0.01;0;5.5498;0;0;-1
0;1071;-39.3197;33.6808;76.478;9.87209;4030.1;5.93594;0;0;0.1;0.01;0;4.1429;0;0;-1
0;1072;-24.3901;-55.1611;76.9421;9.73996;3870.44;5.8565;0;0;0.1;0.01;0;3.4686;0;0;-1
0;1073;-26.2707;-40.8462;74.9502;9.02504;3079.19;5.42663;0;0;0.1;0.01;0;5.50582;0;0;-1
0;1074;-27.4693;-23.1537;76.535;10.0637;4269.35;6.05116;0;0;0.1;0.01;0;7.01422;0;0;-1
0;1075;-27.2506;-4.51887;77.9002;9.34698;3420.6;5.6202;0;0;0.1;0.01;0;6.54979;0;0;-1
0;1076;-24.9812;12.2896;77.0421;9.04555;3100.23;5.43896;0;0;0.1;0.01;0;5.77547;0;0;-1
0;1077;-25.7874;26.5313;77.3021;9.31413;3384.66;5.60045;0;0;0.1;0.01;0;5.89771;0;0;-1
0;1078;-25.3407;43.7253;77.7606;9.28589;3353.97;5.58347;0;0;0.1;0.01;0;3.80787;0;0;-1
0;1079;-10.0679;-47.8123;76.4033;8.80812;2862.45;5.29619;0;0;0.1;0.01;0;4.92405;0;0;-1
0;1080;-12.4505;-31.1438;76.4161;10.2266;4480.05;6.14911;0;0;0.1;0.01;0;7.47942;0;0;-1
0;1081;-12.801;-16.1738;74.6124;9.40462;3484.27;5.65486;0;0;0.1;0.01;0;7.35102;0;0;-1
0;1082;-13.5663;0.325934;78.4981;10.2202;4471.64;6.14526;0;0;0.1;0.01;0;6.59512;0;0;-1
0;1083;-11.4814;20.5735;78.3203;8.95194;3004.97;5.38267;0;0;0.1;0.01;0;5.81082;0;0;-1
0;1084;-10.8871;36.5061;76.7767;10.0821;4292.81;6.06222;0;0;0.1;0.01;0;7.27599;0;0;-1
0;1085;-11.9884;51.5969;76.3118;9.93362;4105.93;5.97294;0;0;0.1;0.01;0;4.78306;0;0;-1
0;1086;3.54398;-58.8458;76.6021;10.3992;4710.73;6.25289;0;0;0.1;0.01;0;3.37181;0;0;-1
0;1087;1.3791;-42.2296;78.4787;8.5;2572.44;5.11093;0;0;0.1;0.01;0;4.97725;1;0;-1
0;1088;4.76469;-23.2445;76.3341;10.0445;4244.96;6.03961;0;0;0.1;0.01;0;6.80849;0;0;-1
0;1089;1.30252;-7.59305;78.2479;9.92445;4094.57;5.96743;0;0;0.1;0.01;0;6.26896;0;0;-1
0;1090;3.27138;11.4149;77.6333;8.90179;2954.75;5.35252;0;0;0.1;0.01;0;4.53991;0;0;-1
0;1091;1.50627;27.358;77.7827;9.65841;3774.03;5.80746;0;0;0.1;0.01;0;7.23902;0;0;-1
0;1092;2.54004;42.4944;76.4666;10.3015;4579.2;6.19414;0;0;0.1;0.01;0;6.33611;0;0;-1
0;1093;4.04276;61.3702;76.5672;9.70352;3827.16;5.83459;0;0;0.1;0.01;0;3.29163;0;0;-1
0;1094;16.4737;-49.5986;74.992;8.82222;2876.22;5.30467;0;0;0.1;0.01;0;3.51587;0;0;-1
0;1095;17.4657;-30.7376;77.8428;9.94785;4123.6;5.9815;0;0;0.1;0.01;0;6.04484;0;0;-1
0;1096;18.4974;-13.1239;74.6096;9.11763;3174.93;5.4823;0;0;0.1;0.01;0;6.14082;0;0;-1
0;1097;16.7201;3.34054;76.3059;8.78297;2838;5.28107;0;0;0.1;0.01;0;5.25212;0;0;-1
0;1098;18.4079;20.1247;76.755;8.5;2572.44;5.11093;0;0;0.1;0.01;0;5.8118;1;0;-1
0;1099;18.6028;33.9772;76.0129;10.0972;4312.13;6.0713;0;0;0.1;0.01;0;7.30727;0;0;-1
0;1100;18.566;54.4267;76.1423;9.59276;3697.6;5.76799;0;0;0.1;0.01;0;3.60065;0;0;-1
0;1101;32.5513;-40.1997;76.4276;10.1849;4425.47;6.12403;0;0;0.1;0.01;0;3.81285;0;0;-1
0;1102;31.2497;-22.9476;78.5554;10.1291;4353.13;6.09048;0;0;0.1;0.01;0;5.58296;0;0;-1
0;1103;31.178;-5.98674;77.3412;8.5572;2624.72;5.14532;0;0;0.1;0.01;0;5.19947;0;0;-1
0;1104;32.3747;11.7449;76.1702;9.07028;3125.72;5.45383;0;0;0.1;0.01;0;4.4625;0;0;-1
0;1105;34.5159;28.4109;76.6531;10.3011;4578.67;6.1939;0;0;0.1;0.01;0;5.87438;0;0;-1
0;1106;30.9536;46.4964;78.1614;10.3268;4613.03;6.20935;0;0;0.1;0.01;0;4.16788;0;0;-1
0;1107;49.0895;-30.3929;78.6661;9.26179;3327.92;5.56898;0;0;0.1;0.01;0;1.69057;0;0;-1
0;1108;45.4494;-13.8842;75.3088;8.5304;2600.14;5.12921;0;0;0.1;0.01;0;4.76141;0;0;-1
0;1109;47.4474;0.400984;77.9812;8.55106;2619.08;5.14163;0;0;0.1;0.01;0;3.4536;0;0;-1
0;1110;48.3202;20.0355;74.9221;9.58572;3689.46;5.76375;0;0;0.1;0.01;0;3.87028;0;0;-1
0;1111;49.0108;36.2366;77.4611;8.5;2572.44;5.11093;0;0;0.1;0.01;0;2.34219;1;0;-1
0;1112;60.4358;-6.10537;78.4463;8.5;2572.44;5.11093;0;0;0.1;0.01;0;1.59551;1;0;-1
0;1113;-36.2687;-15.7315;89.6404;9.8315;3980.59;5.91154;0;0;0.1;0.01;0;4.24636;0;0;-1
0;1114;-36.4137;1.56538;91.2387;8.5;2572.44;5.11093;0;0;0.1;0.01;0;3.92244;1;0;-1
0;1115;-38.4479;16.9518;89.8845;10.0141;4206.53;6.02133;0;0;0.1;0.01;0;3.77108;0;0;-1
0;1116;-21.1036;-24.4712;90.0492;10.4526;4783.67;6.285;0;0;0.1;0.01;0;4.94918;0;0;-1
0;1117;-23.4128;-6.36102;93.0729;10.0382;4236.98;6.03582;0;0;0.1;0.01;0;4.54148;0;0;-1
0;1118;-22.7394;11.6868;89.7693;8.5;2572.44;5.11093;0;0;0.1;0.01;0;4.5632;1;0;-1
0;1119;-21.6252;27.6328;93.374;10.1704;4406.59;6.11531;0;0;0.1;0.01;0;3.63866;0;0;-1
0;1120;-7.47875;-31.4712;90.791;9.99572;4183.41;6.01028;0;0;0.1;0.01;0;4.74611;0;0;-1
0;1121;-8.53419;-14.0096;89.4458;9.49792;3589.01;5.71096;0;0;0.1;0.01;0;6.43364;0;0;-1
0;1122;-6.51232;1.18301;92.6598;9.92513;4095.41;5.96784;0;0;0.1;0.01;0;5.31332;0;0;-1
0;1123;-5.80776;19.1322;93.3206;10.3778;4681.71;6.24002;0;0;0.1;0.01;0;5.37744;0;0;-1
0;1124;-7.61224;35.0383;92.3603;8.5;2572.44;5.11093;0;0;0.1;0.01;0;3.70945;1;0;-1
0;1125;5.41869;-38.5709;92.1447;8.64182;2703.36;5.1962;0;0;0.1;0.01;0;2.77232;0;0;-1
0;1126;6.63256;-23.3698;92.1244;9.97299;4154.94;5.99661;0;0;0.1;0.01;0;4.85896;0;0;-1
0;1127;7.32683;-5.04251;91.6057;9.76217;3896.98;5.86985;0;0;0.1;0.01;0;4.37149;0;0;-1
0;1128;6.66479;10.806;91.2146;9.29955;3368.79;5.59168;0;0;0.1;0.01;0;4.1233;0;0;-1
0;1129;6.09892;28.7496;90.0559;9.47028;3557.76;5.69434;0;0;0.1;0.01;0;5.33444;0;0;-1
0;1130;23.7546;-31.973;89.8602;8.5;2572.44;5.11093;0;0;0.1;0.01;0;2.9493;1;0;-1
0;1131;20.7071;-13.4779;89.3557;8.96289;3016.01;5.38926;0;0;0.1;0.01;0;4.82182;0;0;-1
0;1132;22.7958;0.120761;90.1691;8.56343;2630.46;5.14907;0;0;0.1;0.01;0;3.46703;0;0;-1
0;1133;20.0108;20.8171;90.9655;8.88242;2935.5;5.34087;0;0;0.1;0.01;0;3.25206;0;0;-1
0;1134;20.8898;36.7132;90.3437;8.61361;2676.97;5.17924;0;0;0.1;0.01;0;2.72049;0;0;-1
0;1135;37.3224;-7.80722;89.7285;9.767;3902.76;5.87276;0;0;0.1;0.01;0;3.63685;0;0;-1
0;1136;35.4288;9.72701;91.1647;8.5238;2594.11;5.12524;0;0;0.1;0.01;0;1.96309;0;0;-1
