      Alive  Apoptotic  Necrotic
Time                            
0      1137          0         0
40     1221          6         0
80     1239          8         0
120    1250         15         0
160    1277         16         0
200    1316         19         0
240    1353         23         6
280    1355         38        30
320    1305         90        74
360    1236        150       117
400    1150        229       178
440    1067        302       225
480    1003        369       263
520     964        421       314
560     913        474       352
600     875        507       371
640     876        501       392
680     845        489       418
720     805        478       448
760     770        436       467
800     735        401       488
840     725        360       506
880     718        314       519
920     699        269       548
960     680        226       572
1000    657        180       608
1040    658        150       643
1080    637        137       680
1120    641        123       711
1160    664        105       740
1200    675         88       764
1240    678         78       780
1280    687         67       788
1320    685         60       799
1360    683         50       810
1400    671         50       827
1440    668         45       838
Saving fig as ./figures/example_spheroid_TNF_conc0.1_pulse25-600_run0.png
      Alive  Apoptotic  Necrotic
Time                            
0      1137          0         0
40     1222         10         0
80     1228         15         0
120    1249         16         0
160    1272         17         0
200    1315         20         0
240    1348         26         0
280    1405         29         0
320    1463         29         0
360    1515         33         0
400    1599         34         0
440    1700         36         0
480    1799         36         0
520    1959         42         0
560    2065         44         0
600    2132         51         0
640    2240         50         0
680    2342         53         0
720    2370         50         0
760    2400         55         0
800    2452         55         0
840    2513         54         0
880    2597         49         0
920    2693         56         0
960    2804         56         0
1000   2922         59         0
1040   3078         61         0
1080   3267         58         0
1120   3490         69         0
1160   3744         81         0
1200   3948         92         0
1240   4079        103         0
1280   4265        113         0
1320   4458        120         0
1360   4530        116         0
1400   4586        125         0
1440   4690        120         0
Saving fig as ./figures/example_spheroid_TNF_conc0.1_pulse25-600_run1.png
      Alive  Apoptotic  Necrotic
Time                            
0      1137          0         0
40     1233          1         0
80     1242          3         0
120    1256          9         0
160    1281         15         0
200    1324         17         0
240    1358         19         0
280    1396         24         0
320    1465         31         0
360    1519         38         0
400    1608         39         0
440    1700         42         0
480    1802         44         0
520    1944         46         0
560    2060         49         0
600    2137         52         0
640    2235         55         0
680    2331         59         0
720    2360         57         0
760    2391         56         0
800    2449         52         0
840    2529         56         0
880    2601         54         0
920    2682         59         0
960    2783         62         0
1000   2900         65         0
1040   3075         71         0
1080   3253         67         0
1120   3476         71         0
1160   3731         74         0
1200   3945         82         0
1240   4105         83         0
1280   4306         87         0
1320   4464         97         0
1360   4524        102         0
1400   4588        103         0
1440   4712        104         0
Saving fig as ./figures/example_spheroid_TNF_conc0.1_pulse25-600_run2.png
      Alive  Apoptotic  Necrotic
Time                            
0      1137          0         0
40     1226          2         0
80     1240          3         0
120    1262          3         0
160    1289          7         0
200    1322         12         0
240    1359         20         0
280    1402         25         0
320    1468         28         0
360    1517         37         0
400    1616         39         0
440    1694         45         0
480    1817         45         0
520    1955         48         0
560    2073         50         0
600    2149         48         0
640    2248         48         0
680    2348         50         0
720    2367         48         0
760    2395         55         0
800    2451         53         0
840    2525         53         0
880    2591         53         0
920    2693         59         0
960    2801         61         0
1000   2916         65         0
1040   3089         63         0
1080   3277         61         0
1120   3505         65         0
1160   3767         72         0
1200   3977         74         0
1240   4136         72         0
1280   4343         75         0
1320   4497         81         0
1360   4553         87         0
1400   4630         86         0
1440   4736         90         0
Saving fig as ./figures/example_spheroid_TNF_conc0.1_pulse25-600_run3.png
      Alive  Apoptotic  Necrotic
Time                            
0      1137          0         0
40     1227          4         0
80     1240          6         0
120    1251          9         0
160    1281         13         0
200    1314         18         0
240    1360         20         0
280    1412         23         0
320    1464         24         0
360    1526         26         0
400    1609         32         0
440    1711         32         0
480    1816         31         0
520    1963         33         0
560    2077         35         0
600    2154         37         0
640    2262         39         0
680    2354         40         0
720    2391         44         0
760    2419         45         0
800    2470         48         0
840    2544         51         0
880    2634         52         0
920    2724         51         0
960    2833         54         0
1000   2946         56         0
1040   3127         60         0
1080   3304         65         0
1120   3502         71         0
1160   3777         73         0
1200   4004         76         0
1240   4139         83         0
1280   4322         85         0
1320   4505         92         0
1360   4571        106         0
1400   4621        122         0
1440   4736        120         0
Saving fig as ./figures/example_spheroid_TNF_conc0.1_pulse25-600_run4.png
      Alive  Apoptotic  Necrotic
Time                            
0      1137          0         0
40     1225          3         0
80     1238          8         0
120    1256          9         0
160    1279         16         0
200    1313         19         0
240    1357         23         0
280    1401         29         0
320    1461         34         0
360    1514         35         0
400    1599         43         0
440    1685         47         0
480    1800         49         0
520    1957         51         0
560    2060         51         0
600    2133         50         0
640    2229         52         0
680    2326         49         0
720    2360         50         0
760    2392         52         0
800    2442         52         0
840    2510         60         0
880    2586         58         0
920    2669         63         0
960    2799         63         0
1000   2901         71         0
1040   3058         76         0
1080   3244         83         0
1120   3476         87         0
1160   3700         97         0
1200   3917         97         0
1240   4067         90         0
1280   4269         87         0
1320   4432         94         0
1360   4508        102         0
1400   4567        102         0
1440   4675         98         0
Saving fig as ./figures/example_spheroid_TNF_conc0.1_pulse25-600_run5.png
      Alive  Apoptotic  Necrotic
Time                            
0      1137          0         0
40     1229          2         0
80     1238          7         0
120    1250         12         0
160    1268         20         0
200    1307         24         0
240    1352         29         0
280    1392         33         0
320    1449         41         0
360    1504         45         0
400    1591         50         0
440    1681         54         0
480    1800         54         0
520    1938         51         0
560    2055         50         0
600    2116         48         0
640    2217         56         0
680    2317         53         0
720    2343         58         0
760    2368         57         0
800    2419         53         0
840    2494         54         0
880    2566         54         0
920    2660         61         0
960    2766         66         0
1000   2884         61         0
1040   3055         67         0
1080   3231         74         0
1120   3450         72         0
1160   3691         74         0
1200   3905         83         0
1240   4056         87         0
1280   4243         97         0
1320   4429         95         0
1360   4497         96         0
1400   4539        103         0
1440   4646        109         0
Saving fig as ./figures/example_spheroid_TNF_conc0.1_pulse25-600_run6.png
      Alive  Apoptotic  Necrotic
Time                            
0      1137          0         0
40     1225          5         0
80     1235          9         0
120    1252         12         0
160    1274         17         0
200    1312         18         0
240    1355         22         0
280    1403         27         0
320    1453         36         0
360    1511         41         0
400    1595         41         0
440    1700         44         0
480    1802         45         0
520    1938         50         0
560    2060         52         0
600    2134         52         0
640    2226         56         0
680    2325         54         0
720    2347         59         0
760    2384         59         0
800    2425         63         0
840    2495         66         0
880    2563         67         0
920    2659         70         0
960    2770         70         0
1000   2857         76         0
1040   3039         83         0
1080   3235         82         0
1120   3443         79         0
1160   3724         85         0
1200   3922         92         0
1240   4074         89         0
1280   4257         94         0
1320   4420         98         0
1360   4487        103         0
1400   4545        105         0
1440   4634        110         0
Saving fig as ./figures/example_spheroid_TNF_conc0.1_pulse25-600_run7.png
      Alive  Apoptotic  Necrotic
Time                            
0      1137          0         0
40     1222          4         0
80     1233          8         0
120    1247         14         0
160    1281         20         0
200    1307         24         0
240    1351         27         0
280    1400         32         0
320    1454         39         0
360    1505         41         0
400    1594         42         0
440    1684         45         0
480    1798         46         0
520    1944         46         0
560    2054         47         0
600    2128         48         0
640    2215         52         0
680    2315         54         0
720    2340         55         0
760    2377         60         0
800    2425         64         0
840    2498         67         0
880    2574         69         0
920    2659         73         0
960    2779         70         0
1000   2884         77         0
1040   3041         75         0
1080   3210         78         0
1120   3443         85         0
1160   3696         92         0
1200   3906         96         0
1240   4046         98         0
1280   4243         96         0
1320   4410        101         0
1360   4472        108         0
1400   4544        110         0
1440   4647        112         0
Saving fig as ./figures/example_spheroid_TNF_conc0.1_pulse25-600_run8.png
      Alive  Apoptotic  Necrotic
Time                            
0      1137          0         0
40     1227          3         0
80     1239          7         0
120    1257          9         0
160    1279         13         0
200    1316         17         0
240    1359         20         0
280    1407         22         0
320    1462         27         0
360    1526         27         0
400    1610         31         0
440    1706         37         0
480    1823         36         0
520    1972         36         0
560    2076         41         0
600    2146         45         0
640    2238         45         0
680    2342         47         0
720    2374         52         0
760    2406         57         0
800    2459         55         0
840    2534         57         0
880    2610         53         0
920    2692         64         0
960    2804         67         0
1000   2912         67         0
1040   3083         74         0
1080   3269         75         0
1120   3475         82         0
1160   3750         91         0
1200   3952         93         0
1240   4097         95         0
1280   4295        104         0
1320   4456        102         0
1360   4528        114         0
1400   4614        118         0
1440   4699        120         0
Saving fig as ./figures/example_spheroid_TNF_conc0.1_pulse25-600_run9.png
      Alive  Apoptotic  Necrotic
Time                            
0      1137          0         0
40     1228          3         0
80     1241          5         0
120    1254         10         0
160    1276         15         0
200    1317         16         0
240    1360         19         0
280    1410         22         0
320    1465         27         0
360    1516         32         0
400    1612         35         0
440    1705         39         0
480    1815         39         0
520    1956         38         0
560    2081         40         0
600    2153         40         0
640    2250         45         0
680    2344         44         0
720    2385         48         0
760    2410         51         0
800    2460         54         0
840    2534         55         0
880    2603         61         0
920    2697         68         0
960    2790         68         0
1000   2905         76         0
1040   3065         78         0
1080   3258         79         0
1120   3466         81         0
1160   3755         91         0
1200   3962         91         0
1240   4108         97         0
1280   4288         97         0
1320   4456        108         0
1360   4539        112         0
1400   4599        118         0
1440   4708        120         0
Saving fig as ./figures/example_spheroid_TNF_conc0.1_pulse25-600_run10.png
      Alive  Apoptotic  Necrotic
Time                            
0      1137          0         0
40     1227          2         0
80     1240          5         0
120    1257          7         0
160    1281         11         0
200    1316         14         0
240    1363         19         0
280    1407         27         0
320    1462         29         0
360    1524         31         0
400    1615         35         0
440    1712         36         0
480    1829         37         0
520    1980         39         0
560    2077         41         0
600    2149         49         0
640    2247         50         0
680    2343         52         0
720    2369         56         0
760    2405         60         0
800    2451         63         0
840    2524         66         0
880    2620         64         0
920    2713         65         0
960    2803         70         0
1000   2909         71         0
1040   3097         71         0
1080   3273         72         0
1120   3498         76         0
1160   3770         81         0
1200   3963         88         0
1240   4115         90         0
1280   4301         95         0
1320   4478         99         0
1360   4548        103         0
1400   4594        114         0
1440   4703        129         0
Saving fig as ./figures/example_spheroid_TNF_conc0.1_pulse25-600_run11.png
      Alive  Apoptotic  Necrotic
Time                            
0      1137          0         0
40     1224          3         0
80     1236          9         0
120    1250         12         0
160    1278         15         0
200    1320         19         0
240    1361         22         0
280    1407         28         0
320    1461         31         0
360    1512         31         0
400    1595         38         0
440    1709         39         0
480    1813         41         0
520    1959         37         0
560    2071         42         0
600    2152         48         0
640    2253         50         0
680    2337         47         0
720    2368         43         0
760    2394         48         0
800    2451         54         0
840    2513         58         0
880    2593         61         0
920    2691         69         0
960    2792         68         0
1000   2910         73         0
1040   3054         82         0
1080   3252         86         0
1120   3457         94         0
1160   3716         99         0
1200   3929        101         0
1240   4088        107         0
1280   4268        111         0
1320   4415        116         0
1360   4478        133         0
1400   4539        140         0
1440   4643        137         0
Saving fig as ./figures/example_spheroid_TNF_conc0.1_pulse25-600_run12.png
      Alive  Apoptotic  Necrotic
Time                            
0      1137          0         0
40     1225          5         0
80     1236          6         0
120    1252         10         0
160    1281         13         0
200    1323         15         0
240    1360         20         0
280    1407         25         0
320    1469         29         0
360    1520         35         0
400    1604         36         0
440    1701         37         0
480    1816         40         0
520    1968         42         0
560    2066         49         0
600    2145         55         0
640    2237         63         0
680    2332         62         0
720    2345         69         0
760    2380         69         0
800    2441         65         0
840    2507         64         0
880    2587         68         0
920    2692         67         0
960    2807         67         0
1000   2924         58         0
1040   3077         61         0
1080   3255         63         0
1120   3488         64         0
1160   3752         66         0
1200   3961         73         0
1240   4119         88         0
1280   4302         90         0
1320   4457         92         0
1360   4510        102         0
1400   4575        108         0
1440   4701        107         0
Saving fig as ./figures/example_spheroid_TNF_conc0.1_pulse25-600_run13.png
      Alive  Apoptotic  Necrotic
Time                            
0      1137          0         0
40     1227          3         0
80     1237          6         0
120    1252          7         0
160    1276         15         0
200    1316         17         0
240    1354         19         0
280    1410         21         0
320    1468         25         0
360    1517         36         0
400    1606         38         0
440    1701         39         0
480    1807         44         0
520    1953         50         0
560    2065         49         0
600    2138         51         0
640    2234         53         0
680    2336         56         0
720    2364         57         0
760    2389         57         0
800    2440         57         0
840    2513         52         0
880    2596         50         0
920    2690         51         0
960    2813         53         0
1000   2933         55         0
1040   3098         55         0
1080   3267         61         0
1120   3476         65         0
1160   3756         75         0
1200   3952         86         0
1240   4103         92         0
1280   4269        106         0
1320   4443        115         0
1360   4508        122         0
1400   4566        129         0
1440   4673        127         0
Saving fig as ./figures/example_spheroid_TNF_conc0.1_pulse25-600_run14.png
      Alive  Apoptotic  Necrotic
Time                            
0      1137          0         0
40     1230          0         0
80     1238          4         0
120    1261          5         0
160    1282         10         0
200    1326         15         0
240    1366         17         0
280    1416         18         0
320    1474         20         0
360    1532         25         0
400    1619         26         0
440    1715         30         0
480    1824         36         0
520    1960         40         0
560    2086         43         0
600    2161         45         0
640    2257         54         0
680    2345         54         0
720    2373         59         0
760    2404         62         0
800    2454         68         0
840    2526         75         0
880    2611         74         0
920    2696         76         0
960    2803         79         0
1000   2908         78         0
1040   3062         80         0
1080   3278         86         0
1120   3479         86         0
1160   3727         89         0
1200   3957         96         0
1240   4111         99         0
1280   4303        102         0
1320   4459        109         0
1360   4517        117         0
1400   4588        116         0
1440   4696        115         0
Saving fig as ./figures/example_spheroid_TNF_conc0.1_pulse25-600_run15.png
      Alive  Apoptotic  Necrotic
Time                            
0      1137          0         0
40     1231          1         0
80     1236          8         0
120    1250         14         0
160    1273         23         0
200    1304         26         0
240    1347         29         0
280    1403         30         0
320    1452         36         0
360    1521         38         0
400    1596         40         0
440    1701         45         0
480    1802         45         0
520    1934         44         0
560    2061         41         0
600    2139         41         0
640    2226         46         0
680    2331         45         0
720    2362         47         0
760    2405         47         0
800    2446         48         0
840    2517         55         0
880    2585         57         0
920    2691         54         0
960    2804         56         0
1000   2930         56         0
1040   3071         68         0
1080   3260         76         0
1120   3469         79         0
1160   3743         86         0
1200   3957         86         0
1240   4102         89         0
1280   4282         98         0
1320   4450        103         0
1360   4522        109         0
1400   4586        110         0
1440   4694        113         0
Saving fig as ./figures/example_spheroid_TNF_conc0.1_pulse25-600_run16.png
      Alive  Apoptotic  Necrotic
Time                            
0      1137          0         0
40     1223          5         0
80     1236          7         0
120    1251         10         0
160    1284         13         0
200    1321         16         0
240    1356         23         0
280    1405         27         0
320    1456         34         0
360    1510         44         0
400    1601         43         0
440    1690         45         0
480    1804         50         0
520    1948         55         0
560    2071         57         0
600    2139         59         0
640    2233         62         0
680    2323         58         0
720    2354         60         0
760    2378         62         0
800    2435         61         0
840    2507         62         0
880    2580         63         0
920    2678         63         0
960    2771         61         0
1000   2887         64         0
1040   3078         66         0
1080   3243         66         0
1120   3441         66         0
1160   3743         66         0
1200   3966         66         0
1240   4114         64         0
1280   4293         67         0
1320   4458         76         0
1360   4530         85         0
1400   4599         90         0
1440   4712         97         0
Saving fig as ./figures/example_spheroid_TNF_conc0.1_pulse25-600_run17.png
      Alive  Apoptotic  Necrotic
Time                            
0      1137          0         0
40     1233          1         0
80     1234          8         0
120    1251         15         0
160    1278         16         0
200    1315         20         0
240    1358         22         0
280    1406         27         0
320    1460         33         0
360    1515         36         0
400    1593         36         0
440    1705         36         0
480    1803         34         0
520    1965         37         0
560    2076         34         0
600    2155         37         0
640    2266         33         0
680    2356         37         0
720    2388         41         0
760    2427         41         0
800    2473         40         0
840    2544         41         0
880    2621         44         0
920    2720         48         0
960    2825         49         0
1000   2938         50         0
1040   3104         53         0
1080   3306         52         0
1120   3514         62         0
1160   3790         62         0
1200   4016         64         0
1240   4181         73         0
1280   4363         84         0
1320   4528         85         0
1360   4599        100         0
1400   4672        104         0
1440   4760        110         0
Saving fig as ./figures/example_spheroid_TNF_conc0.1_pulse25-600_run18.png
      Alive  Apoptotic  Necrotic
Time                            
0      1137          0         0
40     1226          2         0
80     1237          5         0
120    1255          8         0
160    1285         10         0
200    1320         13         0
240    1361         16         0
280    1402         22         0
320    1468         22         0
360    1531         27         0
400    1611         29         0
440    1708         34         0
480    1819         38         0
520    1976         33         0
560    2081         39         0
600    2155         50         0
640    2262         49         0
680    2342         52         0
720    2368         58         0
760    2404         62         0
800    2446         63         0
840    2524         62         0
880    2601         67         0
920    2690         63         0
960    2802         69         0
1000   2926         69         0
1040   3097         75         0
1080   3256         81         0
1120   3479         84         0
1160   3760         84         0
1200   3955         94         0
1240   4106         96         0
1280   4296        104         0
1320   4452        110         0
1360   4512        124         0
1400   4580        117         0
1440   4670        127         0
Saving fig as ./figures/example_spheroid_TNF_conc0.1_pulse25-600_run19.png
      Alive  Apoptotic  Necrotic
Time                            
0      1137          0         0
40     1229          3         0
80     1240          5         0
120    1258          9         0
160    1275         16         0
200    1315         22         0
240    1347         29         0
280    1405         31         0
320    1444         38         0
360    1507         41         0
400    1588         47         0
440    1693         47         0
480    1811         48         0
520    1932         48         0
560    2045         48         0
600    2132         49         0
640    2221         53         0
680    2324         56         0
720    2346         59         0
760    2372         62         0
800    2421         66         0
840    2492         67         0
880    2563         69         0
920    2657         68         0
960    2762         74         0
1000   2870         77         0
1040   3038         76         0
1080   3226         73         0
1120   3446         74         0
1160   3691         84         0
1200   3901         86         0
1240   4058         91         0
1280   4234         95         0
1320   4416         99         0
1360   4476        109         0
1400   4541        108         0
1440   4629        113         0
Saving fig as ./figures/example_spheroid_TNF_conc0.1_pulse25-600_run20.png
      Alive  Apoptotic  Necrotic
Time                            
0      1137          0         0
40     1232          1         0
80     1240          4         0
120    1253          8         0
160    1272         12         0
200    1313         17         0
240    1368         18         0
280    1412         22         0
320    1469         25         0
360    1522         29         0
400    1609         31         0
440    1693         33         0
480    1816         37         0
520    1973         37         0
560    2083         40         0
600    2155         39         0
640    2254         42         0
680    2357         42         0
720    2385         45         0
760    2409         54         0
800    2450         61         0
840    2532         59         0
880    2622         66         0
920    2701         72         0
960    2811         68         0
1000   2930         75         0
1040   3077         74         0
1080   3276         77         0
1120   3504         77         0
1160   3765         75         0
1200   4004         71         0
1240   4144         74         0
1280   4328         79         0
1320   4498         86         0
1360   4560         89         0
1400   4620         98         0
1440   4722         99         0
Saving fig as ./figures/example_spheroid_TNF_conc0.1_pulse25-600_run21.png
      Alive  Apoptotic  Necrotic
Time                            
0      1137          0         0
40     1231          2         0
80     1238          7         0
120    1252         10         0
160    1280         15         0
200    1319         17         0
240    1356         19         0
280    1404         23         0
320    1469         25         0
360    1525         27         0
400    1608         30         0
440    1709         37         0
480    1821         40         0
520    1974         40         0
560    2067         45         0
600    2139         50         0
640    2239         52         0
680    2338         52         0
720    2372         53         0
760    2400         59         0
800    2451         61         0
840    2522         64         0
880    2599         58         0
920    2703         53         0
960    2813         50         0
1000   2931         54         0
1040   3092         60         0
1080   3292         65         0
1120   3506         72         0
1160   3777         77         0
1200   3948         90         0
1240   4096         98         0
1280   4265        104         0
1320   4438        110         0
1360   4536        118         0
1400   4585        125         0
1440   4666        137         0
Saving fig as ./figures/example_spheroid_TNF_conc0.1_pulse25-600_run22.png
      Alive  Apoptotic  Necrotic
Time                            
0      1137          0         0
40     1227          2         0
80     1239          5         0
120    1255         10         0
160    1277         15         0
200    1312         19         0
240    1350         21         0
280    1406         23         0
320    1462         25         0
360    1523         29         0
400    1609         34         0
440    1695         38         0
480    1799         43         0
520    1946         43         0
560    2067         45         0
600    2139         48         0
640    2236         52         0
680    2321         57         0
720    2361         59         0
760    2405         59         0
800    2458         57         0
840    2520         56         0
880    2607         54         0
920    2695         49         0
960    2817         48         0
1000   2932         45         0
1040   3095         48         0
1080   3281         50         0
1120   3492         53         0
1160   3752         58         0
1200   3976         64         0
1240   4135         71         0
1280   4328         77         0
1320   4484         85         0
1360   4562         91         0
1400   4640         97         0
1440   4745        101         0
Saving fig as ./figures/example_spheroid_TNF_conc0.1_pulse25-600_run23.png
