      Alive  Apoptotic  Necrotic
Time                            
0      1137          0         0
40     1223          3         0
80     1221         14         9
120    1077        112        73
160     824        332       126
200     684        476       140
240     635        547       142
280     637        565       145
320     657        572       146
360     678        575       148
400     723        575       150
440     758        569       156
480     807        541       162
520     872        464       164
560     926        291       166
600     951        147       168
640     997         66       171
680    1037         23       176
720    1047         18       182
760    1054         19       186
800    1063         30       189
840    1075         36       190
880    1111         40       191
920    1144         45       192
960    1174         49       197
1000   1213         53       202
1040   1283         54       208
1080   1369         55       209
1120   1458         59       212
1160   1556         57       217
1200   1657         57       222
1240   1698         56       230
1280   1768         58       238
1320   1837         62       242
1360   1865         66       253
1400   1880         64       258
1440   1912         68       260
Saving fig as ./figures/example_spheroid_TNF_conc0.4_pulse25-600_run0.png
      Alive  Apoptotic  Necrotic
Time                            
0      1137          0         0
40     1221          7         0
80     1232         10         3
120    1195         37        31
160    1019        158       108
200     817        320       170
240     700        440       191
280     644        498       201
320     626        533       206
360     647        544       208
400     662        549       213
440     709        547       217
480     758        539       219
520     813        511       224
560     849        446       232
600     873        310       238
640     904        181       247
680     930        109       262
720     926         70       269
760     933         45       279
800     940         45       290
840     952         39       300
880     968         42       308
920     989         41       311
960    1029         39       317
1000   1074         36       321
1040   1112         32       326
1080   1200         31       331
1120   1281         32       340
1160   1372         34       348
1200   1423         34       362
1240   1471         34       371
1280   1526         35       381
1320   1571         36       395
1360   1568         42       420
1400   1586         52       431
1440   1609         52       444
Saving fig as ./figures/example_spheroid_TNF_conc0.4_pulse25-600_run1.png
      Alive  Apoptotic  Necrotic
Time                            
0      1137          0         0
40     1224          4         0
80     1240          7         0
120    1244         19         4
160    1180         63        46
200    1070        167        90
240     908        271       173
280     792        368       215
320     711        440       246
360     650        495       271
400     625        528       293
440     618        542       309
480     643        550       321
520     695        535       329
560     715        507       339
600     725        433       352
640     739        340       355
680     755        270       362
720     756        193       374
760     754        133       389
800     748         91       411
840     753         70       432
880     755         53       456
920     763         44       474
960     770         45       484
1000    787         41       492
1040    807         35       507
1080    852         34       512
1120    901         34       525
1160    969         36       537
1200   1009         33       544
1240   1031         35       554
1280   1043         36       572
1320   1068         36       585
1360   1070         38       598
1400   1070         41       616
1440   1069         47       639
Saving fig as ./figures/example_spheroid_TNF_conc0.4_pulse25-600_run2.png
      Alive  Apoptotic  Necrotic
Time                            
0      1137          0         0
40     1221          6         0
80     1229         10         2
120    1245         15         2
160    1254         26        11
200    1187         85        59
240    1099        177        80
280    1032        221       126
320     901        302       202
360     833        356       244
400     765        403       312
440     712        467       335
480     682        491       376
520     670        510       404
560     679        496       420
600     640        488       464
640     645        430       479
680     645        351       497
720     618        315       518
760     616        253       527
800     592        209       559
840     579        171       576
880     557        124       606
920     534        107       638
960     528         84       650
1000    513         77       680
1040    533         62       697
1080    542         57       719
1120    566         53       729
1160    600         50       740
1200    598         48       766
1240    609         45       778
1280    607         40       798
1320    605         42       818
1360    600         35       823
1400    573         36       855
1440    561         37       879
Saving fig as ./figures/example_spheroid_TNF_conc0.4_pulse25-600_run3.png
      Alive  Apoptotic  Necrotic
Time                            
0      1137          0         0
40     1225          8         0
80     1237         10         2
120    1245         15         3
160    1267         21         3
200    1260         37        36
240    1169        114        81
280    1135        163        94
320    1114        189       132
360     982        268       211
400     935        323       240
440     931        338       266
480     865        376       334
520     835        427       365
560     838        437       378
600     790        436       432
640     779        438       457
680     792        387       464
720     738        354       516
760     712        335       535
800     708        276       537
840     684        232       577
880     658        218       611
920     657        183       618
960     615        135       671
1000    584        135       708
1040    584        121       719
1080    574        114       753
1120    543        116       803
1160    571        112       812
1200    572        101       837
1240    555         91       871
1280    575         94       878
1320    576         89       889
1360    557         83       914
1400    540         82       928
1440    536         65       939
Saving fig as ./figures/example_spheroid_TNF_conc0.4_pulse25-600_run4.png
      Alive  Apoptotic  Necrotic
Time                            
0      1137          0         0
40     1222          6         0
80     1230         12         0
120    1240         20         0
160    1260         28         0
200    1299         34         1
240    1257         64        49
280    1190        133        86
320    1186        167        92
360    1190        183       115
400    1103        234       203
440    1058        296       241
480    1089        311       245
520    1117        319       282
560    1051        354       368
600    1016        368       392
640    1056        358       394
680    1059        335       439
720     992        316       485
760     978        292       493
800     987        275       500
840     925        239       578
880     883        218       617
920     892        204       618
960     891        182       636
1000    816        177       726
1040    796        165       760
1080    831        156       764
1120    832        159       801
1160    779        161       882
1200    771        160       908
1240    800        149       911
1280    811        147       936
1320    791        139       973
1360    774        140       984
1400    790        136       986
1440    762        116      1027
Saving fig as ./figures/example_spheroid_TNF_conc0.4_pulse25-600_run5.png
      Alive  Apoptotic  Necrotic
Time                            
0      1137          0         0
40     1226          4         0
80     1234          8         1
120    1247         19         2
160    1254         32         2
200    1290         37         3
240    1315         43        14
280    1284         79        63
320    1261        126        76
360    1286        145        76
400    1341        145        84
440    1286        168       191
480    1223        226       254
520    1261        255       265
560    1331        257       267
600    1342        257       298
640    1299        264       364
680    1299        283       379
720    1296        277       381
760    1305        260       398
800    1224        257       473
840    1201        265       496
880    1223        244       497
920    1256        212       502
960    1169        213       605
1000   1100        221       680
1040   1120        205       691
1080   1153        186       693
1120   1179        182       737
1160   1111        215       858
1200   1084        246       909
1240   1097        237       914
1280   1152        216       918
1320   1126        219       984
1360   1078        235      1022
1400   1068        233      1027
1440   1090        201      1030
Saving fig as ./figures/example_spheroid_TNF_conc0.4_pulse25-600_run6.png
      Alive  Apoptotic  Necrotic
Time                            
0      1137          0         0
40     1229          2         0
80     1235          8         1
120    1237         22         4
160    1260         28         4
200    1293         33         4
240    1335         36         4
280    1336         54        33
320    1304         98        73
360    1300        134        82
400    1355        141        84
440    1417        141        85
480    1424        157       152
520    1342        214       272
560    1366        243       290
600    1387        258       292
640    1465        245       292
680    1489        231       333
720    1415        252       387
760    1408        241       399
800    1452        228       399
840    1494        207       399
880    1474        194       459
920    1431        191       518
960    1423        180       535
1000   1473        173       537
1040   1570        151       540
1080   1539        157       628
1120   1464        199       733
1160   1513        212       752
1200   1558        223       756
1240   1619        219       759
1280   1658        206       818
1320   1590        233       891
1360   1562        237       915
1400   1580        235       916
1440   1643        216       919
Saving fig as ./figures/example_spheroid_TNF_conc0.4_pulse25-600_run7.png
      Alive  Apoptotic  Necrotic
Time                            
0      1137          0         0
40     1222          6         0
80     1229         16         1
120    1240         22         2
160    1262         28         2
200    1295         34         2
240    1342         38         2
280    1379         40         7
320    1373         68        45
360    1371        107        57
400    1426        113        58
440    1501        111        58
480    1596        109        58
520    1686        119       106
560    1622        167       212
600    1626        192       229
640    1690        197       233
680    1775        181       233
720    1797        173       237
760    1777        172       275
800    1755        169       306
840    1790        184       311
880    1848        164       312
920    1916        137       312
960    1965        125       329
1000   1889        127       453
1040   1864        175       494
1080   1937        191       502
1120   2075        188       503
1160   2238        185       503
1200   2279        190       571
1240   2182        239       687
1280   2219        264       717
1320   2302        270       718
1360   2351        242       718
1400   2379        220       723
1440   2315        224       813
Saving fig as ./figures/example_spheroid_TNF_conc0.4_pulse25-600_run8.png
      Alive  Apoptotic  Necrotic
Time                            
0      1137          0         0
40     1227          3         0
80     1239         10         0
120    1242         19         1
160    1269         23         1
200    1299         33         1
240    1339         40         1
280    1379         44         1
320    1427         53        11
360    1400         81        53
400    1427        107        60
440    1502        120        60
480    1605        121        60
520    1743        115        60
560    1849        113        73
600    1828        132       150
640    1823        160       190
680    1878        167       193
720    1908        147       193
760    1937        129       193
800    1980        112       195
840    1985        116       249
880    1996        139       284
920    2022        148       294
960    2089        132       294
1000   2172        128       294
1040   2278        119       296
1080   2304        121       409
1120   2267        182       540
1160   2382        222       561
1200   2503        221       562
1240   2608        196       562
1280   2737        184       562
1320   2807        189       600
1360   2739        218       684
1400   2722        243       706
1440   2753        232       708
Saving fig as ./figures/example_spheroid_TNF_conc0.4_pulse25-600_run9.png
      Alive  Apoptotic  Necrotic
Time                            
0      1137          0         0
40     1226          6         0
80     1231         10         0
120    1245         16         1
160    1270         22         2
200    1300         26         2
240    1346         29         2
280    1388         33         2
320    1445         40         4
360    1465         54        27
400    1500         79        51
440    1572         85        54
480    1665         83        54
520    1813         83        55
560    1917         88        55
600    1987         92        57
640    2034        102       103
680    2043        116       144
720    2049        127       145
760    2076        116       146
800    2128        116       146
840    2201        105       146
880    2268         97       155
920    2270        112       215
960    2280        145       243
1000   2335        146       246
1040   2460        137       247
1080   2620        130       247
1120   2809        131       247
1160   3057        134       265
1200   3050        181       411
1240   2987        243       493
1280   3086        245       499
1320   3184        242       499
1360   3226        238       499
1400   3300        223       499
1440   3384        224       523
Saving fig as ./figures/example_spheroid_TNF_conc0.4_pulse25-600_run10.png
      Alive  Apoptotic  Necrotic
Time                            
0      1137          0         0
40     1222          4         0
80     1232         11         0
120    1243         17         2
160    1266         25         3
200    1301         32         3
240    1334         36         3
280    1390         37         3
320    1453         39         3
360    1503         43         5
400    1548         59        30
440    1606         66        46
480    1720         71        47
520    1862         72        47
560    1964         68        47
600    2042         68        47
640    2143         64        48
680    2212         66        70
720    2173         91       111
760    2183         93       118
800    2225         91       119
840    2304         80       119
880    2370         86       119
920    2479         87       119
960    2581         93       132
1000   2554        128       209
1040   2602        139       241
1080   2724        136       246
1120   2951        139       247
1160   3219        139       247
1200   3421        136       247
1240   3569        139       247
1280   3660        150       301
1320   3620        192       386
1360   3633        189       398
1400   3680        178       399
1440   3778        176       399
Saving fig as ./figures/example_spheroid_TNF_conc0.4_pulse25-600_run11.png
      Alive  Apoptotic  Necrotic
Time                            
0      1137          0         0
40     1227          3         0
80     1232          9         0
120    1243         14         2
160    1267         18         2
200    1305         21         2
240    1351         24         2
280    1405         26         2
320    1465         29         2
360    1520         33         2
400    1588         35         7
440    1645         60        32
480    1706         84        40
520    1854         96        41
560    1956         97        41
600    2039        100        41
640    2136        103        41
680    2225        111        41
720    2244        111        44
760    2245        103        62
800    2279         89        68
840    2348         79        68
880    2444         76        68
920    2522         77        68
960    2629         77        68
1000   2728         75        68
1040   2833         78        85
1080   2868        101       161
1120   2995        124       182
1160   3268        127       185
1200   3463        133       185
1240   3608        133       185
1280   3802        133       185
1320   3959        139       185
1360   4008        145       195
1400   3979        155       240
1440   4023        164       253
Saving fig as ./figures/example_spheroid_TNF_conc0.4_pulse25-600_run12.png
      Alive  Apoptotic  Necrotic
Time                            
0      1137          0         0
40     1225          5         0
80     1232          7         2
120    1244         17         2
160    1261         20         2
200    1306         23         2
240    1350         24         2
280    1396         28         2
320    1452         31         2
360    1509         38         2
400    1590         38         4
440    1644         45        37
480    1728         57        51
520    1856         66        51
560    1976         64        51
600    2060         64        51
640    2145         70        51
680    2245         75        51
720    2264         75        51
760    2296         71        51
800    2324         64        66
840    2367         67        74
880    2454         72        74
920    2552         69        74
960    2654         71        74
1000   2759         78        74
1040   2890         79        74
1080   3046         85        74
1120   3192         89       110
1160   3266        124       227
1200   3409        162       261
1240   3555        171       263
1280   3744        172       263
1320   3916        166       263
1360   3973        167       263
1400   4002        182       263
1440   4090        174       266
Saving fig as ./figures/example_spheroid_TNF_conc0.4_pulse25-600_run13.png
      Alive  Apoptotic  Necrotic
Time                            
0      1137          0         0
40     1226          4         0
80     1235          8         0
120    1249         13         1
160    1271         22         1
200    1305         24         1
240    1344         26         2
280    1399         27         2
320    1451         28         2
360    1514         32         2
400    1602         35         2
440    1692         38         6
480    1772         44        33
520    1869         64        42
560    1986         70        44
600    2048         81        45
640    2136         82        45
680    2245         84        45
720    2281         84        45
760    2309         87        45
800    2357         87        45
840    2392         83        61
880    2417         97        83
920    2500        104        88
960    2588        101        88
1000   2715        106        88
1040   2864        107        88
1080   3024        109        88
1120   3209        114        88
1160   3429        118        88
1200   3594        122       139
1240   3571        148       241
1280   3686        174       271
1320   3849        183       272
1360   3925        187       272
1400   3991        184       272
1440   4060        192       272
Saving fig as ./figures/example_spheroid_TNF_conc0.4_pulse25-600_run14.png
      Alive  Apoptotic  Necrotic
Time                            
0      1137          0         0
40     1230          2         0
80     1238          5         0
120    1258          8         2
160    1281          9         3
200    1323         12         3
240    1365         13         3
280    1412         19         3
320    1464         22         3
360    1523         26         3
400    1603         26         3
440    1703         27         3
480    1797         31        15
520    1922         47        38
560    2020         60        42
600    2091         65        42
640    2196         66        42
680    2283         71        42
720    2305         78        42
760    2337         83        42
800    2388         85        42
840    2466         80        42
880    2521         70        60
920    2574         80        87
960    2648         91        90
1000   2774         96        91
1040   2912         94        91
1080   3098         94        91
1120   3285         93        91
1160   3551         92        91
1200   3767        101        91
1240   3915        106        91
1280   4052        111       137
1320   4086        140       207
1360   4104        167       219
1400   4149        177       219
1440   4245        183       219
Saving fig as ./figures/example_spheroid_TNF_conc0.4_pulse25-600_run15.png
      Alive  Apoptotic  Necrotic
Time                            
0      1137          0         0
40     1228          1         0
80     1239          6         0
120    1241         21         1
160    1254         29         1
200    1298         31         1
240    1341         33         1
280    1385         37         1
320    1450         41         1
360    1504         42         1
400    1589         46         1
440    1691         38         1
480    1800         35         1
520    1922         44        23
560    1990         60        38
600    2071         69        38
640    2166         73        38
680    2248         80        38
720    2274         84        38
760    2296         81        38
800    2349         84        38
840    2423         84        38
880    2508         68        38
920    2580         63        47
960    2655         76        70
1000   2747         87        74
1040   2907         89        75
1080   3093         92        75
1120   3295         98        75
1160   3520        100        75
1200   3735        106        75
1240   3872        118        75
1280   4070        112        75
1320   4206        103        75
1360   4253        106        97
1400   4254        116       128
1440   4344        126       129
Saving fig as ./figures/example_spheroid_TNF_conc0.4_pulse25-600_run16.png
      Alive  Apoptotic  Necrotic
Time                            
0      1137          0         0
40     1230          1         0
80     1241          5         1
120    1254         12         2
160    1267         23         2
200    1300         29         2
240    1339         32         2
280    1391         37         2
320    1438         45         2
360    1500         48         2
400    1582         54         2
440    1675         53         2
480    1781         49         2
520    1920         48        13
560    2005         51        45
600    2043         72        49
640    2146         75        50
680    2238         73        50
720    2260         76        50
760    2297         68        50
800    2331         72        50
840    2405         76        50
880    2487         76        50
920    2566         61        50
960    2675         62        57
1000   2739         77        92
1040   2874         85       105
1080   3052         96       107
1120   3257        105       107
1160   3478        114       107
1200   3676        113       107
1240   3818        117       107
1280   4020        120       107
1320   4184        112       107
1360   4243        103       107
1400   4303         99       110
1440   4348        107       143
Saving fig as ./figures/example_spheroid_TNF_conc0.4_pulse25-600_run17.png
      Alive  Apoptotic  Necrotic
Time                            
0      1137          0         0
40     1230          1         0
80     1242          4         0
120    1256          7         1
160    1280         16         1
200    1308         21         1
240    1363         21         1
280    1409         25         1
320    1456         32         1
360    1513         38         1
400    1599         42         1
440    1687         44         1
480    1808         44         1
520    1958         43         1
560    2041         51        21
600    2090         59        40
640    2188         68        41
680    2273         77        41
720    2300         77        41
760    2322         83        41
800    2370         80        41
840    2440         79        41
880    2535         79        41
920    2614         73        41
960    2723         71        41
1000   2847         71        42
1040   2944         81        87
1080   3039         99       119
1120   3249        113       122
1160   3500        115       122
1200   3675        119       122
1240   3816        130       122
1280   3999        133       122
1320   4175        138       122
1360   4237        147       122
1400   4283        131       122
1440   4383        123       122
Saving fig as ./figures/example_spheroid_TNF_conc0.4_pulse25-600_run18.png
      Alive  Apoptotic  Necrotic
Time                            
0      1137          0         0
40     1225          3         0
80     1235          7         1
120    1236         21         3
160    1260         24         3
200    1304         27         3
240    1340         29         3
280    1394         35         3
320    1450         41         3
360    1494         46         3
400    1578         51         3
440    1671         50         3
480    1784         49         3
520    1941         48         3
560    2038         51         4
600    2083         58        25
640    2168         65        32
680    2269         67        32
720    2295         67        32
760    2323         66        32
800    2373         61        32
840    2446         62        32
880    2506         68        32
920    2620         66        32
960    2727         62        32
1000   2832         65        32
1040   2959         70        33
1080   3110         82        68
1120   3251        103       117
1160   3468        126       122
1200   3675        136       122
1240   3790        138       122
1280   3993        140       122
1320   4166        141       122
1360   4227        142       122
1400   4282        143       122
1440   4380        131       122
Saving fig as ./figures/example_spheroid_TNF_conc0.4_pulse25-600_run19.png
      Alive  Apoptotic  Necrotic
Time                            
0      1137          0         0
40     1223          2         0
80     1237          7         0
120    1244         15         3
160    1260         25         5
200    1298         30         5
240    1334         36         5
280    1384         39         5
320    1441         40         5
360    1495         48         5
400    1576         55         5
440    1675         58         5
480    1787         51         5
520    1934         46         5
560    2045         43         5
600    2109         46         8
640    2194         58        23
680    2262         64        25
720    2296         69        27
760    2326         69        27
800    2365         68        27
840    2434         67        27
880    2512         75        27
920    2608         79        27
960    2707         81        27
1000   2830         73        27
1040   2991         65        27
1080   3162         70        27
1120   3363         70        49
1160   3531         94       117
1200   3676        130       135
1240   3792        141       135
1280   3995        141       135
1320   4137        139       135
1360   4204        139       135
1400   4283        138       135
1440   4370        142       135
Saving fig as ./figures/example_spheroid_TNF_conc0.4_pulse25-600_run20.png
      Alive  Apoptotic  Necrotic
Time                            
0      1137          0         0
40     1228          3         0
80     1236          9         0
120    1251         12         2
160    1267         18         2
200    1307         23         2
240    1353         24         2
280    1408         28         2
320    1455         30         2
360    1519         35         2
400    1604         39         2
440    1700         38         2
480    1807         39         2
520    1938         39         2
560    2063         42         2
600    2140         45         3
640    2220         48        19
680    2286         62        29
720    2305         69        31
760    2334         76        31
800    2378         72        31
840    2454         71        31
880    2546         68        31
920    2635         77        31
960    2732         78        31
1000   2855         79        31
1040   3022         74        31
1080   3193         69        31
1120   3417         70        31
1160   3653         80        42
1200   3786         89       103
1240   3847        126       139
1280   4018        136       140
1320   4184        138       140
1360   4243        142       140
1400   4297        142       140
1440   4390        145       140
Saving fig as ./figures/example_spheroid_TNF_conc0.4_pulse25-600_run21.png
      Alive  Apoptotic  Necrotic
Time                            
0      1137          0         0
40     1226          3         0
80     1238          7         0
120    1247         17         0
160    1272         20         0
200    1308         25         0
240    1343         35         0
280    1389         41         0
320    1452         43         0
360    1509         45         0
400    1591         46         0
440    1686         41         0
480    1804         46         0
520    1940         49         0
560    2045         57         0
600    2120         55         0
640    2212         60         3
680    2273         68        21
720    2290         69        31
760    2315         76        32
800    2364         79        32
840    2432         82        32
880    2515         77        32
920    2612         68        32
960    2727         64        32
1000   2841         64        32
1040   2994         61        32
1080   3169         66        32
1120   3368         76        32
1160   3652         77        32
1200   3870         81        33
1240   3941         97        78
1280   4027        137       117
1320   4148        161       119
1360   4202        170       119
1400   4264        176       119
1440   4369        177       119
Saving fig as ./figures/example_spheroid_TNF_conc0.4_pulse25-600_run22.png
      Alive  Apoptotic  Necrotic
Time                            
0      1137          0         0
40     1229          3         0
80     1235         10         1
120    1239         20         5
160    1255         26         5
200    1296         32         5
240    1328         36         5
280    1380         40         5
320    1436         44         5
360    1499         46         5
400    1577         52         5
440    1674         53         5
480    1769         48         5
520    1932         46         5
560    2028         45         5
600    2116         50         5
640    2207         51         5
680    2292         57        14
720    2289         64        40
760    2305         68        43
800    2348         70        43
840    2433         69        43
880    2494         72        43
920    2583         77        43
960    2692         78        43
1000   2810         79        43
1040   2969         80        43
1080   3140         81        43
1120   3341         78        43
1160   3609         89        43
1200   3814        109        43
1240   3977        115        44
1280   4101        123        75
1320   4157        150       116
1360   4196        158       127
1400   4249        151       127
1440   4348        155       128
Saving fig as ./figures/example_spheroid_TNF_conc0.4_pulse25-600_run23.png
