Time;ID;x;y;z;radius;volume_total;radius_nuclear;contact_ECM;freezer;polarized_fraction;motility;cell_line;Cell_cell;phase;Cycle;NFkB
0;0;-51.3159;-4.61429;-83.4186;8.5;2572.44;5.11093;0;0;0.1;0.01;0;2.64723;1;0;-1
0;1;-37.4325;-33.3443;-84.6842;9.8791;4038.69;5.94016;0;0;0.1;0.01;0;2.67537;0;0;-1
0;2;-37.6586;-13.8266;-86.4886;8.5;2572.44;5.11093;0;0;0.1;0.01;0;2.64997;1;0;-1
0;3;-38.51;0.469965;-85.5906;8.93259;2985.53;5.37104;0;0;0.1;0.01;0;2.49646;0;0;-1
0;4;-35.4881;20.606;-84.3381;10.0373;4235.84;6.03528;0;0;0.1;0.01;0;3.05483;0;0;-1
0;5;-21.804;-40.6303;-87.2604;9.31441;3384.97;5.60062;0;0;0.1;0.01;0;2.80772;0;0;-1
0;6;-20.5434;-22.3992;-85.9349;8.72424;2781.45;5.24576;0;0;0.1;0.01;0;4.23855;0;0;-1
0;7;-21.0309;-8.41398;-84.5085;8.68751;2746.47;5.22367;0;0;0.1;0.01;0;4.10726;0;0;-1
0;8;-20.3069;10.7165;-85.9719;8.9461;2999.09;5.37916;0;0;0.1;0.01;0;3.39563;0;0;-1
0;9;-22.2997;28.7603;-84.009;9.1147;3171.87;5.48054;0;0;0.1;0.01;0;3.81249;0;0;-1
0;10;-8.84305;-49.3366;-83.4164;10.3831;4688.89;6.24321;0;0;0.1;0.01;0;3.60807;0;0;-1
0;11;-7.0942;-30.7503;-87.1656;9.25676;3322.5;5.56596;0;0;0.1;0.01;0;4.75274;0;0;-1
0;12;-6.80824;-16.6179;-86.2481;8.92614;2979.06;5.36716;0;0;0.1;0.01;0;5.07908;0;0;-1
0;13;-6.59101;0.141925;-85.512;10.1914;4433.94;6.12794;0;0;0.1;0.01;0;5.02155;0;0;-1
0;14;-7.56511;20.0316;-83.7589;10.1998;4444.92;6.13299;0;0;0.1;0.01;0;5.00766;0;0;-1
0;15;-7.67498;38.2912;-83.9336;9.71243;3837.71;5.83994;0;0;0.1;0.01;0;3.32164;0;0;-1
0;16;7.4451;-40.8693;-85.9507;10.0896;4302.4;6.06673;0;0;0.1;0.01;0;4.84819;0;0;-1
0;17;6.40358;-24.236;-83.4876;10.0954;4309.82;6.07022;0;0;0.1;0.01;0;6.03693;0;0;-1
0;18;8.7248;-6.02003;-85.8381;8.76963;2825.09;5.27305;0;0;0.1;0.01;0;3.89307;0;0;-1
0;19;6.47639;10.9342;-86.7592;8.73724;2793.9;5.25358;0;0;0.1;0.01;0;2.66699;0;0;-1
0;20;7.75233;27.7556;-87.389;8.84193;2895.54;5.31652;0;0;0.1;0.01;0;3.18335;0;0;-1
0;21;8.87762;45.3837;-83.5774;10.2972;4573.47;6.19156;0;0;0.1;0.01;0;3.80208;0;0;-1
0;22;20.244;-49.1542;-84.4969;9.44966;3534.57;5.68194;0;0;0.1;0.01;0;3.23513;0;0;-1
0;23;23.3378;-34.0383;-86.6669;10.0918;4305.21;6.06805;0;0;0.1;0.01;0;5.12317;0;0;-1
0;24;20.6105;-15.7226;-84.9672;8.5;2572.44;5.11093;0;0;0.1;0.01;0;3.28149;1;0;-1
0;25;22.4783;3.4545;-86.8664;8.58914;2654.22;5.16453;0;0;0.1;0.01;0;3.59031;0;0;-1
0;26;23.6334;20.3922;-84.4843;8.88816;2941.2;5.34432;0;0;0.1;0.01;0;4.47646;0;0;-1
0;27;23.5472;37.7417;-84.8633;9.8457;3997.87;5.92008;0;0;0.1;0.01;0;3.69257;0;0;-1
0;28;36.3528;-40.193;-83.6492;9.99562;4183.29;6.01022;0;0;0.1;0.01;0;3.76875;0;0;-1
0;29;35.4686;-25.5463;-86.1303;8.5;2572.44;5.11093;0;0;0.1;0.01;0;3.01417;1;0;-1
0;30;37.2079;-5.59818;-85.3024;10.2046;4451.19;6.13588;0;0;0.1;0.01;0;2.52967;0;0;-1
0;31;36.5609;10.8593;-83.9684;10.2277;4481.49;6.14977;0;0;0.1;0.01;0;3.93923;0;0;-1
0;32;37.5897;26.9792;-83.9283;10.0868;4298.82;6.06505;0;0;0.1;0.01;0;4.35772;0;0;-1
0;33;-70.5275;-14.7611;-69.374;9.3986;3477.59;5.65124;0;0;0.1;0.01;0;2.28039;0;0;-1
0;34;-57.8148;-39.4459;-71.3425;9.97762;4160.73;5.9994;0;0;0.1;0.01;0;3.10641;0;0;-1
0;35;-56.6668;-25.1894;-72.4949;9.30194;3371.39;5.59312;0;0;0.1;0.01;0;3.99609;0;0;-1
0;36;-54.759;-8.89954;-70.853;8.5;2572.44;5.11093;0;0;0.1;0.01;0;4.50418;1;0;-1
0;37;-56.2946;9.85643;-69.794;10.3383;4628.45;6.21627;0;0;0.1;0.01;0;3.50632;0;0;-1
0;38;-57.7869;28.4773;-71.5023;8.5;2572.44;5.11093;0;0;0.1;0.01;0;2.15785;1;0;-1
0;39;-54.6517;46.9021;-68.5794;9.52835;3623.61;5.72926;0;0;0.1;0.01;0;3.2425;0;0;-1
0;40;-41.5491;-51.3155;-72.6775;9.08313;3139.03;5.46155;0;0;0.1;0.01;0;2.11149;0;0;-1
0;41;-41.3949;-30.4536;-70.9838;9.44447;3528.75;5.67882;0;0;0.1;0.01;0;5.73862;0;0;-1
0;42;-42.2306;-16.6251;-69.671;10.4347;4759.14;6.27423;0;0;0.1;0.01;0;6.85726;0;0;-1
0;43;-39.4131;1.73355;-69.0925;8.5;2572.44;5.11093;0;0;0.1;0.01;0;4.22274;1;0;-1
0;44;-42.3615;16.7643;-69.0629;8.5;2572.44;5.11093;0;0;0.1;0.01;0;5.51323;1;0;-1
0;45;-42.4241;34.2511;-69.8639;9.48534;3574.76;5.7034;0;0;0.1;0.01;0;5.21311;0;0;-1
0;46;-41.2114;53.4629;-69.4135;8.5;2572.44;5.11093;0;0;0.1;0.01;0;3.80474;1;0;-1
0;47;-26.5779;-57.1956;-70.3557;8.69547;2754.02;5.22846;0;0;0.1;0.01;0;4.0251;0;0;-1
0;48;-28.5584;-42.5908;-68.4936;10.4235;4743.83;6.2675;0;0;0.1;0.01;0;6.38757;0;0;-1
0;49;-26.2507;-24.7397;-70.679;8.78999;2844.81;5.28529;0;0;0.1;0.01;0;5.81408;0;0;-1
0;50;-24.7274;-8.81105;-71.8612;8.5;2572.44;5.11093;0;0;0.1;0.01;0;4.47398;1;0;-1
0;51;-26.8801;11.1047;-69.6503;9.33999;3412.93;5.616;0;0;0.1;0.01;0;5.35071;0;0;-1
0;52;-26.0039;26.9262;-69.2408;10.0291;4225.46;6.03035;0;0;0.1;0.01;0;6.56823;0;0;-1
0;53;-27.6136;43.7359;-70.6715;9.33376;3406.11;5.61225;0;0;0.1;0.01;0;4.59919;0;0;-1
0;54;-27.1655;62.1967;-69.8049;9.79464;3935.99;5.88937;0;0;0.1;0.01;0;3.73998;0;0;-1
0;55;-13.5671;-63.8498;-69.0169;9.87774;4037.02;5.93934;0;0;0.1;0.01;0;4.04093;0;0;-1
0;56;-13.8223;-48.1365;-68.3388;8.5;2572.44;5.11093;0;0;0.1;0.01;0;5.72128;1;0;-1
0;57;-11.3468;-31.1852;-72.6132;8.91585;2968.77;5.36097;0;0;0.1;0.01;0;5.09849;0;0;-1
0;58;-12.697;-15.0502;-70.9681;9.29638;3365.35;5.58978;0;0;0.1;0.01;0;6.58958;0;0;-1
0;59;-9.94961;1.96533;-71.7774;9.45092;3535.99;5.6827;0;0;0.1;0.01;0;5.8097;0;0;-1
0;60;-11.647;16.5879;-70.1512;8.82064;2874.68;5.30372;0;0;0.1;0.01;0;5.34705;0;0;-1
0;61;-11.8805;36.6258;-70.9326;9.09843;3154.92;5.47075;0;0;0.1;0.01;0;4.65137;0;0;-1
0;62;-10.7461;55.0844;-70.3598;9.75011;3882.55;5.8626;0;0;0.1;0.01;0;3.31351;0;0;-1
0;63;2.17902;-56.2417;-69.0653;9.01971;3073.73;5.42342;0;0;0.1;0.01;0;4.73872;0;0;-1
0;64;3.94102;-40.15;-72.047;8.76763;2823.16;5.27185;0;0;0.1;0.01;0;5.20016;0;0;-1
0;65;2.71802;-22.8979;-68.5025;10.2393;4496.76;6.15674;0;0;0.1;0.01;0;7.07093;0;0;-1
0;66;4.34149;-7.97703;-72.0198;9.90275;4067.77;5.95438;0;0;0.1;0.01;0;6.59543;0;0;-1
0;67;2.35041;10.1688;-69.2164;8.5;2572.44;5.11093;0;0;0.1;0.01;0;4.96708;1;0;-1
0;68;4.39951;26.7919;-69.6907;8.5;2572.44;5.11093;0;0;0.1;0.01;0;4.49268;1;0;-1
0;69;4.43432;45.795;-70.5463;9.40266;3482.1;5.65368;0;0;0.1;0.01;0;6.07225;0;0;-1
0;70;3.50438;63.7156;-70.1472;9.87208;4030.09;5.93594;0;0;0.1;0.01;0;3.4538;0;0;-1
0;71;16.3316;-66.2692;-69.8935;9.33398;3406.35;5.61239;0;0;0.1;0.01;0;2.89222;0;0;-1
0;72;15.9683;-47.1656;-70.9236;8.71329;2770.99;5.23917;0;0;0.1;0.01;0;4.75374;0;0;-1
0;73;19.2583;-30.2059;-70.879;10.2304;4485.04;6.15139;0;0;0.1;0.01;0;6.8904;0;0;-1
0;74;16.4079;-14.0899;-69.2257;8.5;2572.44;5.11093;0;0;0.1;0.01;0;6.69845;1;0;-1
0;75;16.9975;1.22229;-71.327;9.24351;3308.26;5.55799;0;0;0.1;0.01;0;5.43982;0;0;-1
0;76;16.0035;18.2087;-69.2074;8.72477;2781.96;5.24608;0;0;0.1;0.01;0;4.98726;0;0;-1
0;77;17.3067;35.445;-70.6366;9.03495;3089.34;5.43258;0;0;0.1;0.01;0;5.48777;0;0;-1
0;78;19.4557;55.0716;-70.2828;10.194;4437.34;6.1295;0;0;0.1;0.01;0;4.06495;0;0;-1
0;79;31.079;-57.7947;-69.4702;8.5;2572.44;5.11093;0;0;0.1;0.01;0;3.36016;1;0;-1
0;80;31.7651;-38.5261;-68.4292;9.87873;4038.24;5.93994;0;0;0.1;0.01;0;6.27556;0;0;-1
0;81;32.0168;-21.8268;-69.6522;8.5;2572.44;5.11093;0;0;0.1;0.01;0;4.93378;1;0;-1
0;82;33.336;-6.34413;-68.8087;9.53103;3626.67;5.73087;0;0;0.1;0.01;0;5.56966;0;0;-1
0;83;30.5724;12.4417;-71.2982;9.73152;3860.39;5.85142;0;0;0.1;0.01;0;6.4532;0;0;-1
0;84;33.6237;28.6035;-68.5181;10.0382;4236.98;6.03582;0;0;0.1;0.01;0;6.88725;0;0;-1
0;85;34.0069;43.7445;-71.9721;8.5;2572.44;5.11093;0;0;0.1;0.01;0;4.23585;1;0;-1
0;86;46.3646;-51.2891;-68.9074;9.61922;3728.28;5.7839;0;0;0.1;0.01;0;2.75979;0;0;-1
0;87;45.9813;-30.4847;-71.9438;9.01313;3067.01;5.41946;0;0;0.1;0.01;0;4.33339;0;0;-1
0;88;47.5556;-13.4231;-71.9999;9.9526;4129.51;5.98435;0;0;0.1;0.01;0;4.8654;0;0;-1
0;89;45.3315;1.65111;-69.0552;8.5;2572.44;5.11093;0;0;0.1;0.01;0;5.76257;1;0;-1
0;90;47.308;17.1265;-68.954;10.3912;4699.87;6.24808;0;0;0.1;0.01;0;6.38431;0;0;-1
0;91;48.9717;36.882;-71.9511;10.2103;4458.66;6.13931;0;0;0.1;0.01;0;3.53476;0;0;-1
0;92;46.7017;54.105;-69.0026;8.5;2572.44;5.11093;0;0;0.1;0.01;0;2.53904;1;0;-1
0;93;60.0246;-25.6692;-72.048;10.0688;4275.84;6.05422;0;0;0.1;0.01;0;2.75266;0;0;-1
0;94;62.5633;-5.60917;-71.9189;8.73835;2794.97;5.25424;0;0;0.1;0.01;0;2.33584;0;0;-1
0;95;61.3287;9.87327;-68.8398;9.81409;3959.49;5.90107;0;0;0.1;0.01;0;3.63496;0;0;-1
0;96;-80.3943;-8.31541;-55.407;9.69228;3813.88;5.82783;0;0;0.1;0.01;0;2.96329;0;0;-1
0;97;-80.1235;12.4649;-54.3339;8.7296;2786.58;5.24898;0;0;0.1;0.01;0;2.6131;0;0;-1
0;98;-65.7558;-48.423;-54.2738;10.1245;4347.2;6.08771;0;0;0.1;0.01;0;4.6812;0;0;-1
0;99;-67.7045;-33.8761;-55.4126;8.95215;3005.18;5.3828;0;0;0.1;0.01;0;3.3043;0;0;-1
0;100;-65.5555;-12.6474;-56.377;8.50736;2579.13;5.11535;0;0;0.1;0.01;0;4.00111;0;0;-1
0;101;-64.5978;1.73711;-53.9654;9.72048;3847.26;5.84478;0;0;0.1;0.01;0;5.33418;0;0;-1
0;102;-68.0116;19.646;-57.7793;8.68328;2742.46;5.22113;0;0;0.1;0.01;0;3.5357;0;0;-1
0;103;-66.4397;35.4405;-55.5487;8.5;2572.44;5.11093;0;0;0.1;0.01;0;3.49428;1;0;-1
0;104;-52.2502;-59.3448;-54.8753;9.7421;3872.99;5.85778;0;0;0.1;0.01;0;4.0604;0;0;-1
0;105;-52.9155;-42.3649;-57.5587;8.54632;2614.73;5.13878;0;0;0.1;0.01;0;4.59333;0;0;-1
0;106;-51.3198;-24.695;-57.8105;8.5;2572.44;5.11093;0;0;0.1;0.01;0;4.56975;1;0;-1
0;107;-49.861;-4.79654;-57.1214;9.83619;3986.29;5.91436;0;0;0.1;0.01;0;6.42097;0;0;-1
0;108;-51.7474;12.0415;-54.3853;9.7551;3888.52;5.8656;0;0;0.1;0.01;0;7.06118;0;0;-1
0;109;-51.0316;27.8563;-57.8099;10.3779;4681.85;6.24008;0;0;0.1;0.01;0;6.92979;0;0;-1
0;110;-52.1455;44.8081;-54.0106;9.75705;3890.85;5.86677;0;0;0.1;0.01;0;6.19846;0;0;-1
0;111;-50.5773;59.7315;-54.438;10.0947;4308.92;6.0698;0;0;0.1;0.01;0;5.15088;0;0;-1
0;112;-38.6628;-66.5827;-56.3485;9.78686;3926.62;5.8847;0;0;0.1;0.01;0;4.10239;0;0;-1
0;113;-38.3729;-51.0465;-54.5692;9.22818;3291.83;5.54877;0;0;0.1;0.01;0;5.19118;0;0;-1
0;114;-36.5526;-31.226;-56.2479;9.62245;3732.03;5.78584;0;0;0.1;0.01;0;6.18288;0;0;-1
0;115;-36.5218;-14.8535;-55.7944;10.2702;4537.59;6.17532;0;0;0.1;0.01;0;6.81824;0;0;-1
0;116;-37.7544;2.43922;-54.3747;8.98033;3033.65;5.39974;0;0;0.1;0.01;0;5.52337;0;0;-1
0;117;-36.0798;20.9929;-57.0202;10.2728;4541.04;6.17689;0;0;0.1;0.01;0;7.54089;0;0;-1
0;118;-35.2069;36.6509;-55.0681;8.75833;2814.18;5.26626;0;0;0.1;0.01;0;6.65349;0;0;-1
0;119;-36.9982;51.2785;-56.5103;10.0445;4244.96;6.03961;0;0;0.1;0.01;0;6.94561;0;0;-1
0;120;-35.927;70.3136;-57.933;10.4064;4720.52;6.25722;0;0;0.1;0.01;0;4.27346;0;0;-1
0;121;-23.9294;-76.0241;-57.3294;9.56038;3660.28;5.74852;0;0;0.1;0.01;0;3.14515;0;0;-1
0;122;-21.831;-56.2144;-56.4011;9.42137;3502.92;5.66493;0;0;0.1;0.01;0;6.51128;0;0;-1
0;123;-21.0917;-40.4619;-54.8475;10.0066;4197.09;6.01682;0;0;0.1;0.01;0;6.9826;0;0;-1
0;124;-23.6232;-22.54;-56.743;9.91108;4078.04;5.95939;0;0;0.1;0.01;0;6.87724;0;0;-1
0;125;-21.5843;-7.1511;-56.3414;8.98657;3039.98;5.40349;0;0;0.1;0.01;0;5.63067;0;0;-1
0;126;-22.4072;8.99862;-55.9848;9.44496;3529.3;5.67912;0;0;0.1;0.01;0;4.80043;0;0;-1
0;127;-21.4005;25.5954;-55.5893;8.61865;2681.68;5.18227;0;0;0.1;0.01;0;5.26428;0;0;-1
0;128;-21.7837;42.3094;-56.7007;8.5;2572.44;5.11093;0;0;0.1;0.01;0;5.11952;1;0;-1
0;129;-22.1142;63.2065;-54.4601;10.3642;4663.33;6.23184;0;0;0.1;0.01;0;7.13777;0;0;-1
0;130;-22.0249;77.9761;-57.0183;9.14647;3205.16;5.49964;0;0;0.1;0.01;0;3.52686;0;0;-1
0;131;-9.28194;-80.7873;-56.0079;8.5;2572.44;5.11093;0;0;0.1;0.01;0;2.47096;1;0;-1
0;132;-5.7683;-65.6699;-55.7488;9.0412;3095.76;5.43634;0;0;0.1;0.01;0;4.74614;0;0;-1
0;133;-6.23301;-47.1119;-55.124;9.62786;3738.33;5.78909;0;0;0.1;0.01;0;5.88209;0;0;-1
0;134;-8.77196;-29.9202;-54.6139;9.80216;3945.06;5.8939;0;0;0.1;0.01;0;5.57574;0;0;-1
0;135;-8.94641;-14.1397;-55.4284;8.61231;2675.76;5.17846;0;0;0.1;0.01;0;5.8403;0;0;-1
0;136;-7.06712;0.370014;-56.7213;8.5;2572.44;5.11093;0;0;0.1;0.01;0;5.33807;1;0;-1
0;137;-5.9227;20.9932;-55.151;10.3787;4682.93;6.24056;0;0;0.1;0.01;0;6.33308;0;0;-1
0;138;-8.23682;36.9532;-55.4907;10.3709;4672.38;6.23587;0;0;0.1;0.01;0;6.41137;0;0;-1
0;139;-5.8287;54.9391;-55.1057;10.4463;4775.03;6.28121;0;0;0.1;0.01;0;6.18424;0;0;-1
0;140;-8.71953;70.3278;-55.1337;8.9171;2970.02;5.36172;0;0;0.1;0.01;0;3.30319;0;0;-1
0;141;8.98268;-74.3261;-56.9032;8.95921;3012.3;5.38704;0;0;0.1;0.01;0;3.46783;0;0;-1
0;142;6.8609;-58.0833;-56.2095;9.9375;4110.74;5.97527;0;0;0.1;0.01;0;6.12586;0;0;-1
0;143;7.34495;-41.7045;-54.9312;8.5;2572.44;5.11093;0;0;0.1;0.01;0;4.38143;1;0;-1
0;144;9.40023;-22.7172;-56.6002;9.348;3421.72;5.62082;0;0;0.1;0.01;0;6.49484;0;0;-1
0;145;6.0293;-8.02032;-56.8588;9.37777;3454.52;5.63872;0;0;0.1;0.01;0;6.4721;0;0;-1
0;146;5.61024;9.72188;-55.236;8.95394;3006.98;5.38387;0;0;0.1;0.01;0;4.27891;0;0;-1
0;147;8.44601;27.7505;-53.9531;10.1128;4332.14;6.08068;0;0;0.1;0.01;0;6.67589;0;0;-1
0;148;8.5344;44.9769;-55.9747;10.2821;4553.38;6.18248;0;0;0.1;0.01;0;7.63853;0;0;-1
0;149;8.8428;59.844;-57.7093;8.76315;2818.83;5.26915;0;0;0.1;0.01;0;5.80886;0;0;-1
0;150;8.56937;79.845;-54.3404;9.33081;3402.88;5.61048;0;0;0.1;0.01;0;2.80767;0;0;-1
0;151;22.2797;-64.2617;-56.6531;9.79249;3933.4;5.88808;0;0;0.1;0.01;0;4.9686;0;0;-1
0;152;24.1777;-49.9873;-53.7246;8.97699;3030.27;5.39773;0;0;0.1;0.01;0;5.40065;0;0;-1
0;153;20.2911;-32.6165;-55.2872;9.10775;3164.62;5.47636;0;0;0.1;0.01;0;5.15289;0;0;-1
0;154;20.519;-12.7136;-57.3706;9.31056;3380.77;5.5983;0;0;0.1;0.01;0;6.00875;0;0;-1
0;155;23.6287;1.42235;-56.4445;9.29185;3360.43;5.58705;0;0;0.1;0.01;0;5.6793;0;0;-1
0;156;23.7526;20.6605;-55.7398;10.1452;4373.92;6.10016;0;0;0.1;0.01;0;6.42611;0;0;-1
0;157;22.6857;38.2449;-56.2093;10.0929;4306.62;6.06871;0;0;0.1;0.01;0;7.04043;0;0;-1
0;158;22.9268;54.378;-53.9782;10.4336;4757.64;6.27357;0;0;0.1;0.01;0;7.09929;0;0;-1
0;159;22.0554;70.5694;-57.6902;9.08793;3144.01;5.46444;0;0;0.1;0.01;0;2.4691;0;0;-1
0;160;38.5689;-56.0252;-56.4279;9.06067;3115.8;5.44805;0;0;0.1;0.01;0;4.55457;0;0;-1
0;161;34.937;-38.3559;-54.723;8.60039;2664.67;5.17129;0;0;0.1;0.01;0;5.32411;0;0;-1
0;162;38.5258;-25.0994;-56.4583;9.04343;3098.05;5.43768;0;0;0.1;0.01;0;5.60466;0;0;-1
0;163;37.2073;-5.69215;-54.8284;8.57831;2644.2;5.15801;0;0;0.1;0.01;0;5.96526;0;0;-1
0;164;38.4595;8.33287;-55.4109;9.23354;3297.56;5.55199;0;0;0.1;0.01;0;6.9638;0;0;-1
0;165;38.8685;25.4329;-54.6044;9.85015;4003.29;5.92275;0;0;0.1;0.01;0;6.32564;0;0;-1
0;166;36.781;46.1507;-56.6494;9.17439;3234.6;5.51643;0;0;0.1;0.01;0;5.85629;0;0;-1
0;167;36.3672;60.731;-54.1208;8.5;2572.44;5.11093;0;0;0.1;0.01;0;4.54143;1;0;-1
0;168;52.8862;-50.9601;-56.0601;8.97539;3028.65;5.39677;0;0;0.1;0.01;0;3.28754;0;0;-1
0;169;52.0668;-31.0877;-54.1379;9.95776;4135.93;5.98746;0;0;0.1;0.01;0;5.73214;0;0;-1
0;170;52.9098;-15.0625;-54.3793;8.5;2572.44;5.11093;0;0;0.1;0.01;0;5.22942;1;0;-1
0;171;52.2495;0.037255;-54.3875;9.99184;4178.54;6.00795;0;0;0.1;0.01;0;7.51596;0;0;-1
0;172;51.188;18.0863;-56.0433;9.0008;3054.44;5.41205;0;0;0.1;0.01;0;6.79049;0;0;-1
0;173;52.943;34.0769;-55.7709;9.24176;3306.38;5.55694;0;0;0.1;0.01;0;5.30888;0;0;-1
0;174;52.6968;55.2607;-56.5078;10.1122;4331.37;6.08032;0;0;0.1;0.01;0;4.26842;0;0;-1
0;175;64.6142;-40.8708;-56.6736;9.03274;3087.07;5.43126;0;0;0.1;0.01;0;2.99521;0;0;-1
0;176;67.2833;-25.0832;-56.1132;9.38578;3463.38;5.64353;0;0;0.1;0.01;0;4.4209;0;0;-1
0;177;67.7751;-4.4986;-55.1323;8.5;2572.44;5.11093;0;0;0.1;0.01;0;5.13942;1;0;-1
0;178;65.8313;11.9958;-53.8057;9.54477;3642.38;5.73913;0;0;0.1;0.01;0;5.87453;0;0;-1
0;179;66.0114;26.6437;-55.2762;8.5;2572.44;5.11093;0;0;0.1;0.01;0;3.88883;1;0;-1
0;180;64.769;46.0654;-54.3194;9.81335;3958.59;5.90062;0;0;0.1;0.01;0;3.3961;0;0;-1
0;181;79.7157;-16.8504;-56.7562;10.1836;4423.77;6.12325;0;0;0.1;0.01;0;2.82844;0;0;-1
0;182;82.2244;1.12198;-54.4719;8.92226;2975.18;5.36483;0;0;0.1;0.01;0;2.82609;0;0;-1
0;183;-87.5146;-21.6596;-40.6289;9.37018;3446.14;5.63415;0;0;0.1;0.01;0;3.14554;0;0;-1
0;184;-84.1202;-8.17238;-40.1217;10.0307;4227.49;6.03131;0;0;0.1;0.01;0;5.21892;0;0;-1
0;185;-86.3123;12.3509;-39.6299;9.63572;3747.5;5.79382;0;0;0.1;0.01;0;4.43907;0;0;-1
0;186;-86.6558;29.3368;-39.2277;9.84885;4001.71;5.92197;0;0;0.1;0.01;0;3.00558;0;0;-1
0;187;-70.1805;-48.0395;-39.6378;8.5;2572.44;5.11093;0;0;0.1;0.01;0;4.05781;1;0;-1
0;188;-72.1201;-33.9492;-41.5616;10.2288;4482.94;6.15043;0;0;0.1;0.01;0;5.02585;0;0;-1
0;189;-71.5912;-14.567;-41.6344;8.5;2572.44;5.11093;0;0;0.1;0.01;0;5.3865;1;0;-1
0;190;-72.6808;3.61652;-40.9272;10.2704;4537.86;6.17544;0;0;0.1;0.01;0;7.38581;0;0;-1
0;191;-70.511;19.0735;-42.0683;9.73679;3866.66;5.85459;0;0;0.1;0.01;0;6.24137;0;0;-1
0;192;-69.9865;37.0821;-42.9185;9.92192;4091.44;5.96591;0;0;0.1;0.01;0;5.68387;0;0;-1
0;193;-72.6577;51.391;-41.1015;9.59208;3696.81;5.76758;0;0;0.1;0.01;0;3.09452;0;0;-1
0;194;-56.9535;-59.205;-39.9314;10.3288;4615.71;6.21056;0;0;0.1;0.01;0;5.2493;0;0;-1
0;195;-56.725;-39.4582;-41.8755;9.50868;3601.22;5.71743;0;0;0.1;0.01;0;6.64186;0;0;-1
0;196;-54.1666;-24.6448;-40.9047;9.31218;3382.54;5.59928;0;0;0.1;0.01;0;5.42147;0;0;-1
0;197;-57.4619;-7.32678;-42.0184;10.0834;4294.47;6.063;0;0;0.1;0.01;0;6.99109;0;0;-1
0;198;-55.0634;9.53847;-39.8527;10.2811;4552.05;6.18188;0;0;0.1;0.01;0;6.71466;0;0;-1
0;199;-55.5437;25.8713;-41.5485;9.89022;4052.35;5.94685;0;0;0.1;0.01;0;6.11442;0;0;-1
0;200;-56.9735;42.6518;-40.1051;9.6706;3788.34;5.81479;0;0;0.1;0.01;0;6.52722;0;0;-1
0;201;-54.2549;60.4481;-39.5908;9.62047;3729.73;5.78465;0;0;0.1;0.01;0;5.24027;0;0;-1
0;202;-40.5217;-80.6228;-40.9821;8.5;2572.44;5.11093;0;0;0.1;0.01;0;2.97199;1;0;-1
0;203;-41.6774;-65.9009;-39.2305;9.46189;3548.32;5.6893;0;0;0.1;0.01;0;6.38196;0;0;-1
0;204;-43.0539;-47.5196;-41.7161;8.5;2572.44;5.11093;0;0;0.1;0.01;0;4.90122;1;0;-1
0;205;-42.5721;-31.6888;-42.205;8.64528;2706.61;5.19828;0;0;0.1;0.01;0;5.09495;0;0;-1
0;206;-40.2502;-13.4542;-40.6535;9.60474;3711.47;5.77519;0;0;0.1;0.01;0;6.10386;0;0;-1
0;207;-42.0131;1.95034;-39.9899;9.25091;3316.21;5.56244;0;0;0.1;0.01;0;6.47604;0;0;-1
0;208;-41.7821;19.6616;-42.4197;8.59492;2659.59;5.168;0;0;0.1;0.01;0;5.91401;0;0;-1
0;209;-41.454;34.4597;-41.4141;8.78789;2842.77;5.28403;0;0;0.1;0.01;0;5.64207;0;0;-1
0;210;-40.2722;53.6141;-41.2195;9.53739;3633.94;5.73469;0;0;0.1;0.01;0;7.07225;0;0;-1
0;211;-40.807;68.4801;-42.1391;10.3601;4657.8;6.22938;0;0;0.1;0.01;0;6.08036;0;0;-1
0;212;-27.6608;-72.9666;-42.8802;9.39388;3472.35;5.6484;0;0;0.1;0.01;0;6.10748;0;0;-1
0;213;-28.145;-57.7313;-40.4619;10.4418;4768.86;6.2785;0;0;0.1;0.01;0;7.0939;0;0;-1
0;214;-25.298;-38.5065;-42.3654;9.23225;3296.18;5.55122;0;0;0.1;0.01;0;5.32801;0;0;-1
0;215;-25.01;-22.3756;-39.8171;9.9908;4177.24;6.00732;0;0;0.1;0.01;0;6.3906;0;0;-1
0;216;-24.7451;-5.17675;-40.6515;8.87426;2927.42;5.33596;0;0;0.1;0.01;0;5.61516;0;0;-1
0;217;-25.4542;9.75677;-41.0407;8.5;2572.44;5.11093;0;0;0.1;0.01;0;4.04329;1;0;-1
0;218;-28.1754;27.0133;-42.0165;9.3773;3454;5.63843;0;0;0.1;0.01;0;5.48863;0;0;-1
0;219;-27.2208;44.1228;-42.096;9.59228;3697.04;5.7677;0;0;0.1;0.01;0;6.10494;0;0;-1
0;220;-27.558;60.5361;-40.7651;9.41372;3494.4;5.66033;0;0;0.1;0.01;0;7.06702;0;0;-1
0;221;-25.0131;77.1693;-42.0781;9.57316;3674.98;5.7562;0;0;0.1;0.01;0;5.24591;0;0;-1
0;222;-12.9905;-83.1419;-42.169;8.61093;2674.48;5.17763;0;0;0.1;0.01;0;4.03756;0;0;-1
0;223;-12.9508;-67.6071;-39.7428;10.0617;4266.8;6.04995;0;0;0.1;0.01;0;6.69632;0;0;-1
0;224;-12.3971;-49.3798;-41.834;9.18212;3242.78;5.52108;0;0;0.1;0.01;0;5.31908;0;0;-1
0;225;-9.78799;-33.3277;-39.8363;9.50911;3601.71;5.71769;0;0;0.1;0.01;0;6.11699;0;0;-1
0;226;-13.0725;-15.5094;-40.7609;8.69144;2750.2;5.22604;0;0;0.1;0.01;0;6.37221;0;0;-1
0;227;-11.0667;0.257388;-41.4467;8.66025;2720.7;5.20728;0;0;0.1;0.01;0;5.45321;0;0;-1
0;228;-12.5376;20.0331;-39.3414;9.95302;4130.03;5.98461;0;0;0.1;0.01;0;6.15969;0;0;-1
0;229;-9.96164;34.3118;-39.7631;8.5;2572.44;5.11093;0;0;0.1;0.01;0;6.08672;1;0;-1
0;230;-11.5638;52.9658;-39.3573;10.1789;4417.65;6.12042;0;0;0.1;0.01;0;6.47145;0;0;-1
0;231;-11.0966;70.7592;-40.0396;9.43087;3513.53;5.67065;0;0;0.1;0.01;0;5.5768;0;0;-1
0;232;-9.78931;87.1003;-39.9599;8.5;2572.44;5.11093;0;0;0.1;0.01;0;2.3889;1;0;-1
0;233;2.81656;-89.5424;-42.0521;9.11671;3173.97;5.48175;0;0;0.1;0.01;0;2.88213;0;0;-1
0;234;4.67883;-74.9315;-41.1621;8.55271;2620.59;5.14262;0;0;0.1;0.01;0;5.17749;0;0;-1
0;235;2.01283;-59.7596;-39.3771;9.47364;3561.55;5.69636;0;0;0.1;0.01;0;5.41876;0;0;-1
0;236;3.62711;-40.7647;-39.8001;8.5;2572.44;5.11093;0;0;0.1;0.01;0;4.8491;1;0;-1
0;237;4.67651;-25.2817;-39.5119;9.5216;3615.92;5.7252;0;0;0.1;0.01;0;6.13716;0;0;-1
0;238;1.23594;-8.07907;-42.4284;10.2613;4525.8;6.16997;0;0;0.1;0.01;0;6.26638;0;0;-1
0;239;3.21682;10.447;-41.0055;8.61838;2681.42;5.18211;0;0;0.1;0.01;0;4.36924;0;0;-1
0;240;4.07608;27.1874;-39.4747;8.90471;2957.66;5.35427;0;0;0.1;0.01;0;6.72718;0;0;-1
0;241;1.22602;43.0314;-40.2733;10.0973;4312.25;6.07136;0;0;0.1;0.01;0;7.9771;0;0;-1
0;242;1.51731;60.6219;-40.9711;8.5;2572.44;5.11093;0;0;0.1;0.01;0;5.36298;1;0;-1
0;243;3.95416;76.3841;-41.0738;9.14274;3201.24;5.4974;0;0;0.1;0.01;0;5.26562;0;0;-1
0;244;17.6727;-82.326;-42.0956;8.5;2572.44;5.11093;0;0;0.1;0.01;0;3.29382;1;0;-1
0;245;18.2143;-65.4538;-39.2882;10.2625;4527.39;6.17069;0;0;0.1;0.01;0;5.88476;0;0;-1
0;246;17.9193;-46.4587;-40.8049;8.89095;2943.97;5.346;0;0;0.1;0.01;0;5.26594;0;0;-1
0;247;17.8368;-31.7604;-41.1604;8.5;2572.44;5.11093;0;0;0.1;0.01;0;5.8367;1;0;-1
0;248;19.1;-15.4974;-41.7704;9.48375;3572.97;5.70244;0;0;0.1;0.01;0;5.92308;0;0;-1
0;249;19.7533;1.9388;-42.1561;9.10927;3166.21;5.47727;0;0;0.1;0.01;0;4.69289;0;0;-1
0;250;17.664;17.7341;-40.5153;9.27102;3337.88;5.57453;0;0;0.1;0.01;0;5.5999;0;0;-1
0;251;19.029;36.714;-42.8392;9.9124;4079.67;5.96018;0;0;0.1;0.01;0;7.6336;0;0;-1
0;252;16.7957;52.013;-39.6905;10.0976;4312.64;6.07154;0;0;0.1;0.01;0;7.44187;0;0;-1
0;253;18.762;68.4675;-41.195;10.3155;4597.9;6.20256;0;0;0.1;0.01;0;5.94173;0;0;-1
0;254;16.4102;87.4189;-41.1268;10.0767;4285.92;6.05897;0;0;0.1;0.01;0;3.14695;0;0;-1
0;255;32.9528;-75.6308;-42.5042;8.64912;2710.22;5.20059;0;0;0.1;0.01;0;2.25158;0;0;-1
0;256;30.5639;-56.494;-40.5199;9.0958;3152.18;5.46917;0;0;0.1;0.01;0;6.27886;0;0;-1
0;257;33.7169;-41.1817;-40.4685;10.005;4195.08;6.01586;0;0;0.1;0.01;0;7.65114;0;0;-1
0;258;32.7748;-25.2905;-41.5696;10.1242;4346.81;6.08753;0;0;0.1;0.01;0;7.40493;0;0;-1
0;259;33.7373;-8.04831;-42.0289;8.5;2572.44;5.11093;0;0;0.1;0.01;0;4.72505;1;0;-1
0;260;33.8465;10.0365;-42.2902;8.5;2572.44;5.11093;0;0;0.1;0.01;0;5.10077;1;0;-1
0;261;33.8488;29.5212;-39.878;8.93213;2985.06;5.37076;0;0;0.1;0.01;0;6.03295;0;0;-1
0;262;32.9462;46.1561;-39.4217;10.038;4236.72;6.0357;0;0;0.1;0.01;0;7.76798;0;0;-1
0;263;33.9202;60.0839;-39.7101;9.38769;3465.49;5.64468;0;0;0.1;0.01;0;6.20806;0;0;-1
0;264;33.5516;79.8379;-40.4305;8.95437;3007.42;5.38413;0;0;0.1;0.01;0;2.7447;0;0;-1
0;265;47.8263;-65.2742;-41.6093;8.94443;2997.41;5.37816;0;0;0.1;0.01;0;2.46527;0;0;-1
0;266;47.1424;-47.7075;-39.9494;9.52788;3623.08;5.72898;0;0;0.1;0.01;0;5.8021;0;0;-1
0;267;47.7647;-30.2372;-39.2211;10.3176;4600.71;6.20382;0;0;0.1;0.01;0;7.65923;0;0;-1
0;268;46.7902;-14.9411;-42.5832;10.067;4273.55;6.05314;0;0;0.1;0.01;0;7.7795;0;0;-1
0;269;46.0866;2.87706;-42.1854;8.5;2572.44;5.11093;0;0;0.1;0.01;0;6.20013;1;0;-1
0;270;47.7612;16.8739;-43.0392;10.1627;4396.59;6.11068;0;0;0.1;0.01;0;7.43771;0;0;-1
0;271;46.8456;37.968;-41.0984;9.52653;3621.54;5.72816;0;0;0.1;0.01;0;6.1906;0;0;-1
0;272;46.7005;52.1412;-42.8749;9.67637;3795.12;5.81826;0;0;0.1;0.01;0;6.60551;0;0;-1
0;273;46.8355;69.2644;-39.8989;9.92643;4097.02;5.96862;0;0;0.1;0.01;0;4.49624;0;0;-1
0;274;60.3722;-55.3654;-39.3285;9.8308;3979.74;5.91112;0;0;0.1;0.01;0;4.74498;0;0;-1
0;275;63.9904;-41.6903;-39.8295;8.94562;2998.61;5.37887;0;0;0.1;0.01;0;4.28133;0;0;-1
0;276;61.2099;-23.3568;-39.8364;8.55006;2618.16;5.14103;0;0;0.1;0.01;0;5.54353;0;0;-1
0;277;63.4172;-7.79583;-42.3295;9.67674;3795.56;5.81848;0;0;0.1;0.01;0;6.80385;0;0;-1
0;278;63.5984;8.22754;-39.4681;10.0114;4203.13;6.01971;0;0;0.1;0.01;0;6.56137;0;0;-1
0;279;63.0215;26.1892;-42.2762;10.0357;4233.81;6.03432;0;0;0.1;0.01;0;6.0745;0;0;-1
0;280;61.5517;42.1352;-41.1986;8.88075;2933.85;5.33987;0;0;0.1;0.01;0;5.0814;0;0;-1
0;281;61.9979;60.426;-42.4624;9.23144;3295.32;5.55073;0;0;0.1;0.01;0;3.67711;0;0;-1
0;282;74.945;-32.4994;-43.1702;9.0112;3065.04;5.4183;0;0;0.1;0.01;0;3.21591;0;0;-1
0;283;77.7403;-14.9983;-41.1236;8.62851;2690.89;5.1882;0;0;0.1;0.01;0;4.46625;0;0;-1
0;284;76.3309;-0.0848284;-41.4699;10.2851;4557.37;6.18428;0;0;0.1;0.01;0;6.87739;0;0;-1
0;285;78.7405;19.7241;-42.8189;8.99017;3043.63;5.40566;0;0;0.1;0.01;0;3.33179;0;0;-1
0;286;76.5354;34.3404;-41.944;9.23964;3304.1;5.55566;0;0;0.1;0.01;0;3.54139;0;0;-1
0;287;90.5144;-4.56166;-40.531;8.7003;2758.62;5.23136;0;0;0.1;0.01;0;2.23258;0;0;-1
0;288;-95.1305;-13.5114;-24.6981;8.77145;2826.85;5.27415;0;0;0.1;0.01;0;3.17523;0;0;-1
0;289;-95.6373;1.24891;-26.0964;9.92316;4092.97;5.96665;0;0;0.1;0.01;0;3.87457;0;0;-1
0;290;-80.8689;-41.5028;-24.6583;9.90428;4069.65;5.9553;0;0;0.1;0.01;0;2.88685;0;0;-1
0;291;-81.7962;-23.4408;-27.3417;9.5595;3659.27;5.74799;0;0;0.1;0.01;0;3.86394;0;0;-1
0;292;-78.9052;-4.65414;-26.4857;10.0423;4242.17;6.03829;0;0;0.1;0.01;0;5.59163;0;0;-1
0;293;-82.5738;10.9699;-26.4512;10.1274;4350.93;6.08946;0;0;0.1;0.01;0;6.28676;0;0;-1
0;294;-82.4146;27.6774;-25.1435;10.0349;4232.8;6.03384;0;0;0.1;0.01;0;5.02797;0;0;-1
0;295;-80.4031;44.5609;-28.1114;9.88358;4044.19;5.94285;0;0;0.1;0.01;0;3.28426;0;0;-1
0;296;-64.0826;-67.8765;-26.0024;8.5;2572.44;5.11093;0;0;0.1;0.01;0;2.51716;1;0;-1
0;297;-64.378;-48.9926;-26.1295;8.77835;2833.53;5.27829;0;0;0.1;0.01;0;4.35829;0;0;-1
0;298;-64.5296;-31.2631;-25.462;9.74862;3880.77;5.8617;0;0;0.1;0.01;0;5.46771;0;0;-1
0;299;-64.4889;-12.8922;-26.9904;9.28066;3348.31;5.58033;0;0;0.1;0.01;0;5.55711;0;0;-1
0;300;-66.077;4.44696;-26.0293;8.5;2572.44;5.11093;0;0;0.1;0.01;0;5.94112;1;0;-1
0;301;-65.4702;20.219;-26.9342;8.59094;2655.89;5.16561;0;0;0.1;0.01;0;5.71351;0;0;-1
0;302;-64.687;35.22;-27.1708;10.0497;4251.56;6.04274;0;0;0.1;0.01;0;6.31005;0;0;-1
0;303;-64.5516;50.9145;-26.2286;9.27992;3347.51;5.57988;0;0;0.1;0.01;0;5.75048;0;0;-1
0;304;-66.6793;68.6669;-26.7152;9.4554;3541.02;5.68539;0;0;0.1;0.01;0;2.15026;0;0;-1
0;305;-49.708;-72.4998;-27.7872;8.99661;3050.18;5.40953;0;0;0.1;0.01;0;5.23019;0;0;-1
0;306;-49.617;-58.178;-26.2884;9.25063;3315.91;5.56227;0;0;0.1;0.01;0;6.29298;0;0;-1
0;307;-51.5409;-39.7141;-26.3482;9.3425;3415.69;5.61751;0;0;0.1;0.01;0;6.00838;0;0;-1
0;308;-52.4091;-23.1171;-27.5509;9.77632;3913.95;5.87836;0;0;0.1;0.01;0;6.55569;0;0;-1
0;309;-50.4829;-7.03483;-27.8125;9.73264;3861.72;5.8521;0;0;0.1;0.01;0;6.60952;0;0;-1
0;310;-53.019;8.65384;-26.3283;8.9409;2993.87;5.37603;0;0;0.1;0.01;0;5.48832;0;0;-1
0;311;-51.115;26.7857;-24.4717;9.14375;3202.3;5.498;0;0;0.1;0.01;0;5.57829;0;0;-1
0;312;-49.9893;45.5108;-24.8724;9.78011;3918.5;5.88064;0;0;0.1;0.01;0;7.33795;0;0;-1
0;313;-50.6677;62.488;-25.5794;8.75947;2815.28;5.26694;0;0;0.1;0.01;0;6.08543;0;0;-1
0;314;-51.794;78.4826;-28.254;8.72318;2780.44;5.24512;0;0;0.1;0.01;0;2.65327;0;0;-1
0;315;-36.4321;-82.1746;-26.5228;10.3133;4594.96;6.20124;0;0;0.1;0.01;0;6.19634;0;0;-1
0;316;-34.9864;-67.3098;-26.7997;8.88636;2939.41;5.34324;0;0;0.1;0.01;0;6.99135;0;0;-1
0;317;-38.3668;-47.1052;-27.1501;10.1598;4392.83;6.10894;0;0;0.1;0.01;0;5.71184;0;0;-1
0;318;-36.0596;-30.0844;-26.0751;9.32899;3400.89;5.60939;0;0;0.1;0.01;0;6.11585;0;0;-1
0;319;-34.6326;-13.7612;-26.8;8.77558;2830.85;5.27663;0;0;0.1;0.01;0;5.01561;0;0;-1
0;320;-36.5809;4.31917;-27.4535;8.5;2572.44;5.11093;0;0;0.1;0.01;0;4.19377;1;0;-1
0;321;-38.3588;18.5491;-27.4779;9.50184;3593.45;5.71332;0;0;0.1;0.01;0;5.4542;0;0;-1
0;322;-38.2454;34.5897;-25.1742;8.5;2572.44;5.11093;0;0;0.1;0.01;0;5.50085;1;0;-1
0;323;-37.6478;52.2766;-27.8645;9.223;3286.29;5.54566;0;0;0.1;0.01;0;6.07432;0;0;-1
0;324;-38.2129;67.7271;-25.7627;8.5;2572.44;5.11093;0;0;0.1;0.01;0;4.48596;1;0;-1
0;325;-35.5373;85.8428;-24.9519;10.2803;4550.99;6.1814;0;0;0.1;0.01;0;3.74742;0;0;-1
0;326;-21.7862;-90.7777;-25.2871;10.3383;4628.45;6.21627;0;0;0.1;0.01;0;3.98724;0;0;-1
0;327;-20.5821;-73.0901;-27.0224;10.1729;4409.84;6.11682;0;0;0.1;0.01;0;8.27736;0;0;-1
0;328;-20.3472;-59.1614;-26.3082;9.74517;3876.65;5.85963;0;0;0.1;0.01;0;7.26643;0;0;-1
0;329;-22.017;-40.5834;-26.6555;8.61701;2680.15;5.18128;0;0;0.1;0.01;0;4.98704;0;0;-1
0;330;-21.3622;-21.1057;-24.9763;10.094;4308.03;6.06938;0;0;0.1;0.01;0;6.84217;0;0;-1
0;331;-19.7232;-5.48403;-28.0795;8.5;2572.44;5.11093;0;0;0.1;0.01;0;4.65036;1;0;-1
0;332;-21.3093;11.8053;-25.7738;8.5;2572.44;5.11093;0;0;0.1;0.01;0;4.00224;1;0;-1
0;333;-22.7777;28.7593;-27.7837;8.64731;2708.52;5.1995;0;0;0.1;0.01;0;5.10033;0;0;-1
0;334;-21.268;44.7694;-27.8794;9.74786;3879.86;5.86125;0;0;0.1;0.01;0;5.8422;0;0;-1
0;335;-21.693;62.1713;-26.6149;9.66986;3787.47;5.81435;0;0;0.1;0.01;0;6.33824;0;0;-1
0;336;-22.8402;78.7571;-27.9093;9.43208;3514.88;5.67137;0;0;0.1;0.01;0;5.63112;0;0;-1
0;337;-5.94175;-81.2652;-28.6507;9.37792;3454.68;5.63881;0;0;0.1;0.01;0;6.09332;0;0;-1
0;338;-7.90886;-66.6028;-26.3327;9.47884;3567.42;5.69949;0;0;0.1;0.01;0;6.68864;0;0;-1
0;339;-8.56267;-48.5917;-24.3788;9.13807;3196.33;5.49459;0;0;0.1;0.01;0;5.18531;0;0;-1
0;340;-8.20057;-29.6855;-25.5469;8.77274;2828.1;5.27492;0;0;0.1;0.01;0;5.56656;0;0;-1
0;341;-6.01307;-13.3221;-27.8139;9.41095;3491.31;5.65867;0;0;0.1;0.01;0;6.59744;0;0;-1
0;342;-5.49746;1.93041;-27.6484;8.53399;2603.42;5.13136;0;0;0.1;0.01;0;5.70953;0;0;-1
0;343;-6.60887;21.1261;-25.6275;9.60397;3710.57;5.77473;0;0;0.1;0.01;0;6.69939;0;0;-1
0;344;-7.09618;35.4087;-27.0931;9.34522;3418.67;5.61915;0;0;0.1;0.01;0;7.48352;0;0;-1
0;345;-7.92986;51.5124;-26.0288;8.65073;2711.73;5.20156;0;0;0.1;0.01;0;5.61188;0;0;-1
0;346;-9.34152;72.1603;-24.4894;8.6207;2683.59;5.1835;0;0;0.1;0.01;0;5.0372;0;0;-1
0;347;-9.09904;88.2354;-25.6699;8.64271;2704.2;5.19674;0;0;0.1;0.01;0;3.97145;0;0;-1
0;348;9.34747;-90.4731;-25.4125;10.3115;4592.55;6.20016;0;0;0.1;0.01;0;4.27808;0;0;-1
0;349;6.59581;-75.7938;-25.3201;9.7822;3921.01;5.88189;0;0;0.1;0.01;0;6.67536;0;0;-1
0;350;9.44347;-58.6628;-25.7712;9.33001;3402;5.61;0;0;0.1;0.01;0;5.80899;0;0;-1
0;351;5.72698;-40.0307;-25.3944;9.62018;3729.39;5.78447;0;0;0.1;0.01;0;6.0983;0;0;-1
0;352;8.26413;-25.5186;-26.5894;8.72878;2785.8;5.24849;0;0;0.1;0.01;0;5.86062;0;0;-1
0;353;9.02285;-8.76681;-27.696;10.2426;4501.11;6.15873;0;0;0.1;0.01;0;6.79668;0;0;-1
0;354;5.51442;9.9347;-25.5101;9.14542;3204.05;5.49901;0;0;0.1;0.01;0;4.58381;0;0;-1
0;355;9.43495;29.3327;-27.6671;10.081;4291.4;6.06156;0;0;0.1;0.01;0;6.86211;0;0;-1
0;356;6.25416;44.0468;-25.2403;10.3766;4680.09;6.2393;0;0;0.1;0.01;0;7.20095;0;0;-1
0;357;6.86784;63.408;-24.6218;10.1832;4423.25;6.12301;0;0;0.1;0.01;0;6.8065;0;0;-1
0;358;5.8967;78.2856;-28.0036;9.05381;3108.73;5.44392;0;0;0.1;0.01;0;5.55828;0;0;-1
0;359;8.24216;95.6173;-26.8443;10.0208;4214.98;6.02536;0;0;0.1;0.01;0;2.99684;0;0;-1
0;360;22.5751;-82.3709;-25.2178;9.14669;3205.39;5.49977;0;0;0.1;0.01;0;4.65844;0;0;-1
0;361;23.7022;-65.899;-25.4693;9.51617;3609.73;5.72193;0;0;0.1;0.01;0;5.43831;0;0;-1
0;362;23.2752;-47.291;-27.4341;10.114;4333.69;6.0814;0;0;0.1;0.01;0;6.25917;0;0;-1
0;363;22.7907;-31.76;-26.0456;9.7203;3847.05;5.84468;0;0;0.1;0.01;0;6.89725;0;0;-1
0;364;22.1288;-16.089;-25.5844;10.0142;4206.66;6.02139;0;0;0.1;0.01;0;6.73077;0;0;-1
0;365;22.3191;1.01552;-26.8016;9.03568;3090.09;5.43302;0;0;0.1;0.01;0;5.17213;0;0;-1
0;366;23.3866;18.1882;-28.0182;9.62583;3735.97;5.78787;0;0;0.1;0.01;0;6.25349;0;0;-1
0;367;23.2494;34.936;-27.522;9.48752;3577.23;5.70471;0;0;0.1;0.01;0;7.42002;0;0;-1
0;368;20.594;51.1114;-24.5158;9.78732;3927.17;5.88497;0;0;0.1;0.01;0;6.262;0;0;-1
0;369;20.2906;69.1494;-26.9535;9.41126;3491.66;5.65885;0;0;0.1;0.01;0;5.36201;0;0;-1
0;370;23.3574;84.5742;-24.8044;9.48309;3572.22;5.70204;0;0;0.1;0.01;0;4.899;0;0;-1
0;371;38.0667;-75.9965;-27.1038;9.08221;3138.07;5.461;0;0;0.1;0.01;0;3.93999;0;0;-1
0;372;35.2254;-56.9159;-27.0359;8.68961;2748.46;5.22494;0;0;0.1;0.01;0;5.60624;0;0;-1
0;373;37.5319;-39.9422;-26.8245;9.92192;4091.44;5.96591;0;0;0.1;0.01;0;7.96676;0;0;-1
0;374;37.6898;-23.1682;-27.6872;9.98008;4163.81;6.00088;0;0;0.1;0.01;0;7.58989;0;0;-1
0;375;37.4575;-7.2083;-24.8394;9.68117;3800.77;5.82115;0;0;0.1;0.01;0;6.57129;0;0;-1
0;376;35.1272;8.91172;-26.7865;8.8148;2868.97;5.30021;0;0;0.1;0.01;0;5.30855;0;0;-1
0;377;37.2272;25.3895;-24.7109;9.96675;4147.15;5.99286;0;0;0.1;0.01;0;6.87904;0;0;-1
0;378;37.0109;42.138;-27.0971;9.84583;3998.03;5.92015;0;0;0.1;0.01;0;6.57889;0;0;-1
0;379;38.4497;63.6797;-24.9033;8.5;2572.44;5.11093;0;0;0.1;0.01;0;4.58612;1;0;-1
0;380;36.7498;78.8108;-24.8813;8.5;2572.44;5.11093;0;0;0.1;0.01;0;4.35203;1;0;-1
0;381;50.4406;-66.6491;-24.7854;10.2137;4463.11;6.14135;0;0;0.1;0.01;0;5.56939;0;0;-1
0;382;49.9638;-50.773;-25.2871;10.1728;4409.71;6.11676;0;0;0.1;0.01;0;6.85228;0;0;-1
0;383;50.0727;-33.416;-25.0305;8.55599;2623.61;5.14459;0;0;0.1;0.01;0;5.20306;0;0;-1
0;384;52.714;-15.5621;-26.8606;9.21838;3281.35;5.54288;0;0;0.1;0.01;0;6.25977;0;0;-1
0;385;51.8215;1.73423;-28.3339;10.0155;4208.3;6.02217;0;0;0.1;0.01;0;7.16918;0;0;-1
0;386;50.107;17.7973;-28.5149;9.04577;3100.45;5.43909;0;0;0.1;0.01;0;6.16713;0;0;-1
0;387;50.309;34.8926;-25.0695;9.38364;3461.01;5.64225;0;0;0.1;0.01;0;5.57749;0;0;-1
0;388;52.9799;54.7704;-24.6968;8.65695;2717.59;5.2053;0;0;0.1;0.01;0;4.39574;0;0;-1
0;389;52.2014;72.6216;-26.9396;9.78828;3928.33;5.88555;0;0;0.1;0.01;0;4.37902;0;0;-1
0;390;66.3611;-59.2031;-27.6294;8.99162;3045.11;5.40653;0;0;0.1;0.01;0;4.13183;0;0;-1
0;391;66.6355;-42.2266;-25.0397;8.84857;2902.07;5.32052;0;0;0.1;0.01;0;5.48353;0;0;-1
0;392;67.4855;-23.2447;-24.8703;10.3678;4668.19;6.23401;0;0;0.1;0.01;0;6.5379;0;0;-1
0;393;65.5555;-5.60383;-26.9256;8.9529;3005.94;5.38325;0;0;0.1;0.01;0;6.83974;0;0;-1
0;394;66.583;9.45639;-25.0977;9.2484;3313.51;5.56093;0;0;0.1;0.01;0;5.82196;0;0;-1
0;395;64.8714;25.409;-25.6019;9.8348;3984.6;5.91352;0;0;0.1;0.01;0;4.80971;0;0;-1
0;396;66.3807;46.5061;-25.905;10.0347;4232.55;6.03372;0;0;0.1;0.01;0;5.81636;0;0;-1
0;397;65.0731;62.2785;-27.5179;10.0508;4252.95;6.0434;0;0;0.1;0.01;0;4.96798;0;0;-1
0;398;79.4172;-51.2621;-25.8216;10.1042;4321.1;6.07551;0;0;0.1;0.01;0;2.17772;0;0;-1
0;399;81.8804;-34.2085;-24.8289;10.2512;4512.45;6.1639;0;0;0.1;0.01;0;3.41427;0;0;-1
0;400;80.7514;-16.8113;-25.346;8.88357;2936.64;5.34156;0;0;0.1;0.01;0;4.46926;0;0;-1
0;401;79.797;-0.231363;-26.2454;9.30496;3374.68;5.59494;0;0;0.1;0.01;0;4.87176;0;0;-1
0;402;83.2208;17.7955;-25.2702;9.79833;3940.44;5.89159;0;0;0.1;0.01;0;4.14623;0;0;-1
0;403;79.098;33.763;-27.9931;8.5;2572.44;5.11093;0;0;0.1;0.01;0;3.36617;1;0;-1
0;404;79.3705;54.6237;-26.5437;10.3516;4646.34;6.22427;0;0;0.1;0.01;0;2.70694;0;0;-1
0;405;-98.4416;0.959884;-11.8088;10.2755;4544.62;6.17851;0;0;0.1;0.01;0;3.70457;0;0;-1
0;406;-84.2812;-42.087;-11.2494;9.08598;3141.98;5.46327;0;0;0.1;0.01;0;3.46804;0;0;-1
0;407;-84.3767;-23.5398;-10.3048;10.4098;4725.15;6.25926;0;0;0.1;0.01;0;5.70398;0;0;-1
0;408;-85.2164;-7.13661;-12.488;8.91246;2965.39;5.35893;0;0;0.1;0.01;0;5.26807;0;0;-1
0;409;-83.3474;11.6481;-11.9337;10.149;4378.83;6.10245;0;0;0.1;0.01;0;5.92228;0;0;-1
0;410;-84.8128;29.1425;-12.4323;8.5;2572.44;5.11093;0;0;0.1;0.01;0;4.12977;1;0;-1
0;411;-84.033;42.4963;-11.3136;9.39125;3469.44;5.64682;0;0;0.1;0.01;0;4.12713;0;0;-1
0;412;-70.8156;-68.4402;-10.0693;8.78734;2842.24;5.2837;0;0;0.1;0.01;0;2.13449;0;0;-1
0;413;-69.2271;-49.2646;-11.994;9.51949;3613.51;5.72393;0;0;0.1;0.01;0;4.76831;0;0;-1
0;414;-69.8915;-32.557;-10.1346;9.37135;3447.43;5.63486;0;0;0.1;0.01;0;6.79639;0;0;-1
0;415;-72.1638;-15.7417;-11.6891;9.40543;3485.17;5.65535;0;0;0.1;0.01;0;6.58607;0;0;-1
0;416;-70.797;3.1772;-10.3164;8.76929;2824.76;5.27285;0;0;0.1;0.01;0;6.07085;0;0;-1
0;417;-68.3532;17.3741;-12.9548;8.58719;2652.42;5.16335;0;0;0.1;0.01;0;4.93249;0;0;-1
0;418;-69.4938;36.4714;-11.9857;9.59908;3704.91;5.77179;0;0;0.1;0.01;0;6.34146;0;0;-1
0;419;-71.9187;53.7885;-13.0217;8.9755;3028.76;5.39684;0;0;0.1;0.01;0;4.41638;0;0;-1
0;420;-54.2884;-75.1345;-9.72354;8.85847;2911.82;5.32647;0;0;0.1;0.01;0;3.81457;0;0;-1
0;421;-56.615;-58.2376;-12.3488;9.39962;3478.72;5.65186;0;0;0.1;0.01;0;5.38497;0;0;-1
0;422;-57.3265;-39.2018;-10.3166;8.57706;2643.04;5.15726;0;0;0.1;0.01;0;5.56569;0;0;-1
0;423;-57.3115;-23.9578;-11.8629;8.5;2572.44;5.11093;0;0;0.1;0.01;0;5.49224;1;0;-1
0;424;-55.2384;-7.21953;-11.8108;9.00601;3059.75;5.41518;0;0;0.1;0.01;0;5.50008;0;0;-1
0;425;-54.3076;8.60198;-12.5434;10.0595;4264.01;6.04863;0;0;0.1;0.01;0;5.98783;0;0;-1
0;426;-57.3431;29.7695;-12.8161;8.5;2572.44;5.11093;0;0;0.1;0.01;0;5.63882;1;0;-1
0;427;-55.1154;44.7221;-11.8281;9.28257;3350.37;5.58147;0;0;0.1;0.01;0;6.85756;0;0;-1
0;428;-57.9495;60.0322;-10.687;9.74725;3879.14;5.86088;0;0;0.1;0.01;0;5.4501;0;0;-1
0;429;-42.788;-83.644;-13.2558;10.0889;4301.5;6.06631;0;0;0.1;0.01;0;4.25736;0;0;-1
0;430;-39.3551;-64.6239;-11.5713;9.79525;3936.73;5.88974;0;0;0.1;0.01;0;5.61127;0;0;-1
0;431;-41.0529;-49.3508;-10.6874;8.52157;2592.07;5.1239;0;0;0.1;0.01;0;5.07968;0;0;-1
0;432;-41.2245;-32.6042;-12.3591;9.80366;3946.87;5.8948;0;0;0.1;0.01;0;6.14068;0;0;-1
0;433;-42.0834;-14.3471;-13.5222;10.014;4206.41;6.02127;0;0;0.1;0.01;0;6.08361;0;0;-1
0;434;-40.9238;3.07111;-10.7867;9.48602;3575.53;5.70381;0;0;0.1;0.01;0;5.76797;0;0;-1
0;435;-39.4019;20.0881;-11.2106;10.0097;4200.99;6.01869;0;0;0.1;0.01;0;6.27563;0;0;-1
0;436;-42.13;36.9049;-13.1676;9.33057;3402.62;5.61034;0;0;0.1;0.01;0;7.19941;0;0;-1
0;437;-42.6534;52.2144;-12.6263;8.5;2572.44;5.11093;0;0;0.1;0.01;0;5.0528;1;0;-1
0;438;-43.0044;70.687;-12.5553;8.74544;2801.78;5.25851;0;0;0.1;0.01;0;4.72283;0;0;-1
0;439;-43.2539;85.1319;-13.3352;8.5;2572.44;5.11093;0;0;0.1;0.01;0;3.42531;1;0;-1
0;440;-27.902;-93.1829;-13.0846;9.62079;3730.1;5.78484;0;0;0.1;0.01;0;4.31596;0;0;-1
0;441;-28.1462;-76.8696;-13.0039;10.1441;4372.49;6.0995;0;0;0.1;0.01;0;7.05521;0;0;-1
0;442;-24.6955;-56.575;-12.2858;10.3899;4698.1;6.2473;0;0;0.1;0.01;0;7.30736;0;0;-1
0;443;-27.3669;-41.7526;-10.193;10.4383;4764.07;6.2764;0;0;0.1;0.01;0;7.63304;0;0;-1
0;444;-26.6316;-22.2869;-11.8636;10.2193;4470.46;6.14472;0;0;0.1;0.01;0;6.6486;0;0;-1
0;445;-24.9528;-7.30592;-10.3216;8.54228;2611.02;5.13635;0;0;0.1;0.01;0;4.69718;0;0;-1
0;446;-25.1374;9.14554;-10.2555;9.43114;3513.83;5.67081;0;0;0.1;0.01;0;5.17359;0;0;-1
0;447;-27.4323;28.4668;-10.5807;10.2555;4518.13;6.16648;0;0;0.1;0.01;0;6.15043;0;0;-1
0;448;-28.3066;42.9604;-10.7811;9.06343;3118.65;5.44971;0;0;0.1;0.01;0;5.6269;0;0;-1
0;449;-24.4439;59.0676;-12.8418;8.80537;2859.77;5.29454;0;0;0.1;0.01;0;4.53584;0;0;-1
0;450;-24.7734;77.7016;-12.2469;9.85517;4009.41;5.92577;0;0;0.1;0.01;0;6.45139;0;0;-1
0;451;-24.8603;94.6707;-14.017;10.1999;4445.05;6.13305;0;0;0.1;0.01;0;3.54515;0;0;-1
0;452;-13.5454;-83.3083;-11.0906;8.5;2572.44;5.11093;0;0;0.1;0.01;0;4.45349;1;0;-1
0;453;-12.7705;-65.4544;-13.2516;8.5;2572.44;5.11093;0;0;0.1;0.01;0;5.52554;1;0;-1
0;454;-12.6928;-48.4382;-9.70819;9.49539;3586.14;5.70944;0;0;0.1;0.01;0;6.60653;0;0;-1
0;455;-11.4439;-32.3647;-11.763;10.4018;4714.27;6.25445;0;0;0.1;0.01;0;7.25783;0;0;-1
0;456;-10.3936;-14.2752;-10.7185;8.5;2572.44;5.11093;0;0;0.1;0.01;0;6.06;1;0;-1
0;457;-10.7158;0.963855;-11.6022;10.2021;4447.92;6.13437;0;0;0.1;0.01;0;7.16005;0;0;-1
0;458;-10.7322;16.9697;-11.626;9.08701;3143.05;5.46389;0;0;0.1;0.01;0;5.76869;0;0;-1
0;459;-11.5926;34.2459;-12.533;8.56015;2627.44;5.14709;0;0;0.1;0.01;0;4.62006;0;0;-1
0;460;-10.3548;50.9669;-10.6058;8.54843;2616.66;5.14005;0;0;0.1;0.01;0;5.2218;0;0;-1
0;461;-10.5234;67.417;-11.6309;9.0735;3129.05;5.45576;0;0;0.1;0.01;0;5.90973;0;0;-1
0;462;-11.7003;87.2616;-12.432;8.5;2572.44;5.11093;0;0;0.1;0.01;0;4.79314;1;0;-1
0;463;4.3913;-91.5496;-10.5895;8.69412;2752.74;5.22765;0;0;0.1;0.01;0;3.76678;0;0;-1
0;464;1.54626;-75.993;-12.125;8.5;2572.44;5.11093;0;0;0.1;0.01;0;5.49163;1;0;-1
0;465;1.34653;-59.4825;-12.8559;8.86284;2916.13;5.3291;0;0;0.1;0.01;0;6.06215;0;0;-1
0;466;1.67958;-41.2617;-12.6261;9.63019;3741.05;5.79049;0;0;0.1;0.01;0;6.53632;0;0;-1
0;467;1.2665;-21.57;-10.4676;9.21799;3280.93;5.54264;0;0;0.1;0.01;0;6.6096;0;0;-1
0;468;1.59518;-7.44658;-12.119;8.63646;2698.34;5.19298;0;0;0.1;0.01;0;6.12535;0;0;-1
0;469;3.27987;8.17133;-12.278;10.1133;4332.79;6.08098;0;0;0.1;0.01;0;6.21179;0;0;-1
0;470;3.18948;25.1303;-13.5563;9.05314;3108.04;5.44352;0;0;0.1;0.01;0;4.72398;0;0;-1
0;471;1.98493;43.7617;-10.4967;9.3009;3370.26;5.5925;0;0;0.1;0.01;0;5.57878;0;0;-1
0;472;2.3335;59.5217;-10.7511;9.45512;3540.71;5.68523;0;0;0.1;0.01;0;6.58714;0;0;-1
0;473;2.70318;76.7488;-10.3924;8.91847;2971.39;5.36255;0;0;0.1;0.01;0;6.03269;0;0;-1
0;474;3.09677;94.0409;-11.4683;10.2647;4530.3;6.17202;0;0;0.1;0.01;0;4.45896;0;0;-1
0;475;18.8176;-85.1763;-10.5381;9.35595;3430.46;5.6256;0;0;0.1;0.01;0;5.80091;0;0;-1
0;476;16.0709;-68.1885;-10.5179;9.47166;3559.32;5.69517;0;0;0.1;0.01;0;6.35429;0;0;-1
0;477;15.965;-51.4658;-9.87462;9.86583;4022.44;5.93218;0;0;0.1;0.01;0;5.77866;0;0;-1
0;478;15.523;-33.3896;-10.5215;9.65096;3765.3;5.80298;0;0;0.1;0.01;0;5.74362;0;0;-1
0;479;16.0381;-16.2963;-11.4651;8.57311;2639.39;5.15489;0;0;0.1;0.01;0;5.91006;0;0;-1
0;480;16.4181;1.11658;-11.4612;9.38448;3461.94;5.64275;0;0;0.1;0.01;0;5.57927;0;0;-1
0;481;19.4879;20.9016;-10.8766;9.88972;4051.73;5.94655;0;0;0.1;0.01;0;6.04767;0;0;-1
0;482;19.6209;38.1915;-13.1695;8.5;2572.44;5.11093;0;0;0.1;0.01;0;5.08572;1;0;-1
0;483;18.1873;54.5286;-11.4684;8.5;2572.44;5.11093;0;0;0.1;0.01;0;4.93053;1;0;-1
0;484;17.3052;71.4335;-10.3208;10.3965;4707.06;6.25126;0;0;0.1;0.01;0;7.1107;0;0;-1
0;485;15.698;84.9709;-12.5698;8.5;2572.44;5.11093;0;0;0.1;0.01;0;5.4511;1;0;-1
0;486;31.9464;-93.7241;-12.0399;8.83098;2884.8;5.30994;0;0;0.1;0.01;0;1.85846;0;0;-1
0;487;33.3604;-76.6524;-12.3244;9.41174;3492.19;5.65914;0;0;0.1;0.01;0;5.65338;0;0;-1
0;488;32.8906;-55.3916;-10.3496;9.45135;3536.47;5.68296;0;0;0.1;0.01;0;4.99291;0;0;-1
0;489;34.167;-38.8916;-10.1238;9.62386;3733.67;5.78669;0;0;0.1;0.01;0;6.14407;0;0;-1
0;490;31.2312;-21.3581;-12.2804;9.89423;4057.28;5.94926;0;0;0.1;0.01;0;7.10824;0;0;-1
0;491;33.1379;-6.34069;-10.7792;8.88235;2935.43;5.34083;0;0;0.1;0.01;0;5.56316;0;0;-1
0;492;33.5017;11.7955;-12.9148;10.3784;4682.52;6.24038;0;0;0.1;0.01;0;7.01787;0;0;-1
0;493;31.4724;29.0523;-10.8323;9.24443;3309.25;5.55854;0;0;0.1;0.01;0;6.82086;0;0;-1
0;494;33.5372;46.2608;-13.2514;9.56238;3662.58;5.74972;0;0;0.1;0.01;0;5.98856;0;0;-1
0;495;32.792;63.4912;-10.3702;8.6173;2680.42;5.18146;0;0;0.1;0.01;0;5.98443;0;0;-1
0;496;32.2659;79.3789;-10.1273;10.0567;4260.45;6.04695;0;0;0.1;0.01;0;6.38588;0;0;-1
0;497;45.9664;-82.936;-10.7904;8.5;2572.44;5.11093;0;0;0.1;0.01;0;4.15605;1;0;-1
0;498;48.1287;-67.8879;-11.4526;9.53328;3629.24;5.73222;0;0;0.1;0.01;0;6.01303;0;0;-1
0;499;47.7013;-47.7332;-11.9641;9.34097;3414.01;5.61659;0;0;0.1;0.01;0;6.11568;0;0;-1
0;500;48.6179;-31.7098;-12.525;9.05733;3112.36;5.44604;0;0;0.1;0.01;0;5.54044;0;0;-1
0;501;45.5584;-14.7372;-10.9511;9.15165;3210.6;5.50275;0;0;0.1;0.01;0;6.26648;0;0;-1
0;502;46.592;0.434689;-11.0258;10.1585;4391.14;6.10816;0;0;0.1;0.01;0;7.44565;0;0;-1
0;503;47.7376;18.1176;-13.437;10.1742;4411.53;6.1176;0;0;0.1;0.01;0;7.74618;0;0;-1
0;504;47.9006;34.6521;-10.5428;9.51622;3609.79;5.72196;0;0;0.1;0.01;0;6.42874;0;0;-1
0;505;45.9434;55.1947;-12.4976;8.5;2572.44;5.11093;0;0;0.1;0.01;0;5.01955;1;0;-1
0;506;46.2863;68.4975;-10.0155;9.24156;3306.16;5.55682;0;0;0.1;0.01;0;6.17138;0;0;-1
0;507;47.6964;85.6444;-13.0969;8.6403;2701.94;5.19529;0;0;0.1;0.01;0;2.33728;0;0;-1
0;508;61.0947;-74.2476;-11.2904;10.3036;4582.01;6.19541;0;0;0.1;0.01;0;3.19848;0;0;-1
0;509;60.3069;-56.0654;-13.2992;9.61516;3723.56;5.78146;0;0;0.1;0.01;0;6.39533;0;0;-1
0;510;61.4401;-42.1476;-11.6218;9.39919;3478.24;5.6516;0;0;0.1;0.01;0;6.41291;0;0;-1
0;511;62.5779;-25.7803;-11.8636;9.28468;3352.66;5.58274;0;0;0.1;0.01;0;5.84267;0;0;-1
0;512;62.742;-7.65252;-11.505;9.83406;3983.7;5.91308;0;0;0.1;0.01;0;6.46824;0;0;-1
0;513;60.7349;9.37356;-12.8125;10.2245;4477.29;6.14784;0;0;0.1;0.01;0;6.65809;0;0;-1
0;514;61.9696;28.7534;-10.2205;9.92591;4096.37;5.96831;0;0;0.1;0.01;0;6.30955;0;0;-1
0;515;62.675;45.9888;-11.128;9.50542;3597.51;5.71547;0;0;0.1;0.01;0;5.70292;0;0;-1
0;516;63.2337;63.5911;-10.8013;10.0981;4313.28;6.07184;0;0;0.1;0.01;0;5.33287;0;0;-1
0;517;61.0474;77.9261;-13.7898;8.90529;2958.24;5.35462;0;0;0.1;0.01;0;2.77181;0;0;-1
0;518;77.604;-47.5324;-10.8058;8.5;2572.44;5.11093;0;0;0.1;0.01;0;3.89145;1;0;-1
0;519;77.3354;-30.0354;-11.2407;8.60685;2670.68;5.17517;0;0;0.1;0.01;0;5.62872;0;0;-1
0;520;75.299;-14.4423;-10.853;10.4528;4783.95;6.28512;0;0;0.1;0.01;0;7.80127;0;0;-1
0;521;74.9413;1.12152;-10.9924;8.5;2572.44;5.11093;0;0;0.1;0.01;0;6.1651;1;0;-1
0;522;76.6079;18.0089;-13.3418;8.69993;2758.26;5.23114;0;0;0.1;0.01;0;5.7497;0;0;-1
0;523;75.0681;34.8556;-12.7118;8.5;2572.44;5.11093;0;0;0.1;0.01;0;5.25313;1;0;-1
0;524;75.3407;51.4817;-10.2264;9.24246;3307.13;5.55736;0;0;0.1;0.01;0;5.72035;0;0;-1
0;525;89.5869;-22.1734;-11.9566;8.5;2572.44;5.11093;0;0;0.1;0.01;0;3.79043;1;0;-1
0;526;90.0668;-4.25156;-10.1464;9.67018;3787.85;5.81454;0;0;0.1;0.01;0;4.12045;0;0;-1
0;527;89.5575;12.0099;-11.0252;8.94815;3001.15;5.38039;0;0;0.1;0.01;0;4.8026;0;0;-1
0;528;89.4253;27.0283;-11.1983;8.57982;2645.59;5.15892;0;0;0.1;0.01;0;4.51601;0;0;-1
0;529;89.2388;43.566;-9.84305;10.0381;4236.85;6.03576;0;0;0.1;0.01;0;3.29341;0;0;-1
0;530;-93.9374;-16.5778;2.39348;9.45997;3546.16;5.68814;0;0;0.1;0.01;0;3.1707;0;0;-1
0;531;-95.6871;2.72668;3.43171;9.65336;3768.11;5.80443;0;0;0.1;0.01;0;3.78265;0;0;-1
0;532;-95.9064;18.6864;2.16152;10.2032;4449.36;6.13504;0;0;0.1;0.01;0;3.23912;0;0;-1
0;533;-79.6769;-55.9221;3.03874;8.5;2572.44;5.11093;0;0;0.1;0.01;0;2.63884;1;0;-1
0;534;-82.6294;-41.5234;4.68355;9.80047;3943.02;5.89288;0;0;0.1;0.01;0;4.17434;0;0;-1
0;535;-80.5988;-23.2252;2.97526;9.80139;3944.13;5.89343;0;0;0.1;0.01;0;6.45406;0;0;-1
0;536;-79.8669;-6.13533;3.72412;9.46528;3552.13;5.69134;0;0;0.1;0.01;0;5.92402;0;0;-1
0;537;-81.7954;10.3576;2.71561;8.90491;2957.86;5.35439;0;0;0.1;0.01;0;4.70744;0;0;-1
0;538;-80.602;25.4968;1.20464;8.5;2572.44;5.11093;0;0;0.1;0.01;0;3.69642;1;0;-1
0;539;-82.6815;44.0743;2.76687;10.2457;4505.19;6.16059;0;0;0.1;0.01;0;4.42432;0;0;-1
0;540;-78.9065;61.1289;3.37274;9.4202;3501.62;5.66423;0;0;0.1;0.01;0;2.55919;0;0;-1
0;541;-63.8828;-65.5074;1.67618;8.86781;2921.04;5.33209;0;0;0.1;0.01;0;4.00771;0;0;-1
0;542;-64.2778;-47.2877;4.39893;10.2617;4526.33;6.17021;0;0;0.1;0.01;0;6.23354;0;0;-1
0;543;-68.3921;-33.0496;3.55819;8.92266;2975.58;5.36507;0;0;0.1;0.01;0;5.75851;0;0;-1
0;544;-67.7959;-14.8213;1.72296;10.4365;4761.6;6.27532;0;0;0.1;0.01;0;6.92581;0;0;-1
0;545;-67.1975;0.398911;3.73578;10.3306;4618.12;6.21164;0;0;0.1;0.01;0;6.93329;0;0;-1
0;546;-64.7292;17.1275;3.37094;10.4477;4776.95;6.28205;0;0;0.1;0.01;0;6.01993;0;0;-1
0;547;-65.1807;36.5231;3.09247;10.4249;4745.74;6.26834;0;0;0.1;0.01;0;6.60348;0;0;-1
0;548;-65.5639;52.0293;3.22493;9.47993;3568.65;5.70014;0;0;0.1;0.01;0;5.48065;0;0;-1
0;549;-64.9447;70.4119;3.15874;8.5;2572.44;5.11093;0;0;0.1;0.01;0;2.34983;1;0;-1
0;550;-49.9088;-75.3363;3.23942;8.5823;2647.89;5.16041;0;0;0.1;0.01;0;5.00535;0;0;-1
0;551;-50.3414;-59.3908;4.21081;8.71413;2771.79;5.23968;0;0;0.1;0.01;0;5.50647;0;0;-1
0;552;-50.9524;-42.3298;3.3387;8.72965;2786.63;5.24901;0;0;0.1;0.01;0;5.46232;0;0;-1
0;553;-52.1132;-24.4747;3.65331;8.58632;2651.61;5.16283;0;0;0.1;0.01;0;4.18539;0;0;-1
0;554;-49.6403;-5.37855;2.1459;8.5;2572.44;5.11093;0;0;0.1;0.01;0;4.35413;1;0;-1
0;555;-52.2984;10.056;3.75449;8.5;2572.44;5.11093;0;0;0.1;0.01;0;4.98603;1;0;-1
0;556;-52.7564;25.8394;2.70356;8.5;2572.44;5.11093;0;0;0.1;0.01;0;5.48485;1;0;-1
0;557;-50.2688;42.9872;5.11212;9.8444;3996.28;5.91929;0;0;0.1;0.01;0;5.97363;0;0;-1
0;558;-50.7571;63.4606;1.83205;9.04923;3104.01;5.44117;0;0;0.1;0.01;0;5.21402;0;0;-1
0;559;-51.4567;78.1187;1.28975;9.76208;3896.87;5.8698;0;0;0.1;0.01;0;4.43685;0;0;-1
0;560;-34.973;-84.0139;3.44455;9.36644;3442.01;5.6319;0;0;0.1;0.01;0;5.15556;0;0;-1
0;561;-38.4988;-67.3846;3.24425;9.15764;3216.91;5.50636;0;0;0.1;0.01;0;5.35518;0;0;-1
0;562;-36.7035;-50.3895;4.11895;8.5;2572.44;5.11093;0;0;0.1;0.01;0;5.17402;1;0;-1
0;563;-35.8317;-32.6258;2.67688;9.95707;4135.07;5.98704;0;0;0.1;0.01;0;6.05353;0;0;-1
0;564;-38.081;-14.088;3.15362;8.97516;3028.41;5.39663;0;0;0.1;0.01;0;4.98344;0;0;-1
0;565;-36.6356;3.17808;4.03651;8.90095;2953.91;5.35201;0;0;0.1;0.01;0;5.85492;0;0;-1
0;566;-38.1396;19.9752;2.91631;10.1518;4382.46;6.10413;0;0;0.1;0.01;0;6.865;0;0;-1
0;567;-38.2009;36.3073;1.03108;8.89588;2948.87;5.34896;0;0;0.1;0.01;0;5.93082;0;0;-1
0;568;-35.4178;50.8433;2.86208;9.82839;3976.82;5.90967;0;0;0.1;0.01;0;5.01444;0;0;-1
0;569;-35.7474;71.7402;1.3412;10.4423;4769.55;6.2788;0;0;0.1;0.01;0;6.2864;0;0;-1
0;570;-35.3299;87.8914;3.29214;9.58234;3685.56;5.76172;0;0;0.1;0.01;0;5.14407;0;0;-1
0;571;-20.7815;-93.656;1.60264;9.51832;3612.18;5.72323;0;0;0.1;0.01;0;4.31249;0;0;-1
0;572;-20.5621;-76.6065;4.59311;8.53528;2604.61;5.13214;0;0;0.1;0.01;0;5.26444;0;0;-1
0;573;-23.6239;-57.6396;1.54111;9.2155;3278.27;5.54115;0;0;0.1;0.01;0;6.00461;0;0;-1
0;574;-23.2211;-40.3585;2.13988;9.25268;3318.11;5.5635;0;0;0.1;0.01;0;6.41753;0;0;-1
0;575;-21.166;-23.0773;3.57257;8.5;2572.44;5.11093;0;0;0.1;0.01;0;5.39866;1;0;-1
0;576;-20.5806;-5.19534;3.34181;8.55675;2624.31;5.14505;0;0;0.1;0.01;0;6.16148;0;0;-1
0;577;-20.1908;9.99088;4.07548;10.1133;4332.79;6.08098;0;0;0.1;0.01;0;6.89879;0;0;-1
0;578;-23.9408;27.5192;1.88784;8.5874;2652.61;5.16348;0;0;0.1;0.01;0;3.992;0;0;-1
0;579;-19.9312;46.9978;1.832;9.19996;3261.72;5.5318;0;0;0.1;0.01;0;4.54719;0;0;-1
0;580;-22.0294;63.3263;2.16508;9.89483;4058.01;5.94962;0;0;0.1;0.01;0;6.65899;0;0;-1
0;581;-22.1878;77.5582;1.90901;9.60554;3712.39;5.77567;0;0;0.1;0.01;0;6.19866;0;0;-1
0;582;-23.3659;96.238;1.35697;9.90756;4073.7;5.95727;0;0;0.1;0.01;0;3.41905;0;0;-1
0;583;-7.07228;-98.951;0.929573;10.0776;4287.06;6.05951;0;0;0.1;0.01;0;2.97531;0;0;-1
0;584;-5.64169;-81.0567;3.71218;8.73414;2790.93;5.25171;0;0;0.1;0.01;0;5.62783;0;0;-1
0;585;-9.0826;-66.6486;2.77149;10.3839;4689.97;6.24369;0;0;0.1;0.01;0;5.75259;0;0;-1
0;586;-7.63441;-49.2522;2.3086;8.64791;2709.08;5.19986;0;0;0.1;0.01;0;5.09533;0;0;-1
0;587;-7.46595;-29.9768;2.52066;9.4445;3528.79;5.67884;0;0;0.1;0.01;0;6.35243;0;0;-1
0;588;-8.78233;-14.1935;3.11808;9.71029;3835.18;5.83866;0;0;0.1;0.01;0;6.88161;0;0;-1
0;589;-7.88868;1.80558;3.77824;8.5;2572.44;5.11093;0;0;0.1;0.01;0;5.89962;1;0;-1
0;590;-6.29733;17.3597;1.3384;8.51996;2590.61;5.12293;0;0;0.1;0.01;0;5.93111;0;0;-1
0;591;-6.1645;34.655;3.69943;9.22465;3288.05;5.54665;0;0;0.1;0.01;0;5.50959;0;0;-1
0;592;-5.76;51.8028;3.54313;8.5;2572.44;5.11093;0;0;0.1;0.01;0;5.87018;1;0;-1
0;593;-7.56797;71.7826;2.33124;10.3283;4615.04;6.21026;0;0;0.1;0.01;0;6.85596;0;0;-1
0;594;-9.20753;88.3778;3.67964;9.77079;3907.31;5.87503;0;0;0.1;0.01;0;4.97611;0;0;-1
0;595;8.04165;-92.1751;3.0972;8.71605;2773.63;5.24083;0;0;0.1;0.01;0;4.7072;0;0;-1
0;596;8.63735;-76.093;1.82904;9.61678;3725.44;5.78243;0;0;0.1;0.01;0;7.04041;0;0;-1
0;597;5.95383;-58.9254;1.6901;10.096;4310.59;6.07058;0;0;0.1;0.01;0;6.91936;0;0;-1
0;598;7.03683;-42.7387;3.59067;9.83689;3987.15;5.91478;0;0;0.1;0.01;0;6.72688;0;0;-1
0;599;7.54564;-24.9382;1.84753;9.5353;3631.55;5.73344;0;0;0.1;0.01;0;6.5067;0;0;-1
0;600;9.35686;-8.46425;4.44314;10.1237;4346.17;6.08723;0;0;0.1;0.01;0;5.93104;0;0;-1
0;601;5.73196;10.4474;2.77298;8.89902;2951.99;5.35085;0;0;0.1;0.01;0;4.95871;0;0;-1
0;602;7.6272;25.4186;2.11729;9.91149;4078.55;5.95964;0;0;0.1;0.01;0;6.08836;0;0;-1
0;603;8.37889;44.0593;2.35013;8.5;2572.44;5.11093;0;0;0.1;0.01;0;5.04615;1;0;-1
0;604;6.90971;60.3881;1.62532;8.5;2572.44;5.11093;0;0;0.1;0.01;0;5.6578;1;0;-1
0;605;8.80113;76.503;2.67785;8.62821;2690.61;5.18802;0;0;0.1;0.01;0;5.79872;0;0;-1
0;606;5.61351;97.906;1.52063;9.70502;3828.93;5.83549;0;0;0.1;0.01;0;2.82581;0;0;-1
0;607;20.4511;-85.2892;2.17375;8.5;2572.44;5.11093;0;0;0.1;0.01;0;4.15325;1;0;-1
0;608;23.7078;-66.3237;2.73669;10.1485;4378.19;6.10215;0;0;0.1;0.01;0;5.92269;0;0;-1
0;609;22.3789;-47.3561;4.3818;8.61569;2678.91;5.18049;0;0;0.1;0.01;0;4.5832;0;0;-1
0;610;21.747;-31.0864;1.47823;8.5;2572.44;5.11093;0;0;0.1;0.01;0;5.79053;1;0;-1
0;611;21.4328;-14.7099;1.49422;8.5;2572.44;5.11093;0;0;0.1;0.01;0;5.47027;1;0;-1
0;612;23.2038;4.33586;1.20071;9.49255;3582.92;5.70773;0;0;0.1;0.01;0;5.4461;0;0;-1
0;613;23.3908;20.8326;4.6737;9.56391;3664.33;5.75064;0;0;0.1;0.01;0;6.83767;0;0;-1
0;614;21.9819;37.2965;4.96033;8.5;2572.44;5.11093;0;0;0.1;0.01;0;5.65852;1;0;-1
0;615;22.7753;51.4226;3.72359;9.88732;4048.78;5.9451;0;0;0.1;0.01;0;6.64309;0;0;-1
0;616;21.132;67.7527;1.65569;9.16445;3224.09;5.51045;0;0;0.1;0.01;0;5.95683;0;0;-1
0;617;21.4038;89.4979;1.13641;10.1186;4339.6;6.08417;0;0;0.1;0.01;0;4.04291;0;0;-1
0;618;38.0417;-75.9271;1.65574;9.44408;3528.32;5.67859;0;0;0.1;0.01;0;6.03081;0;0;-1
0;619;38.5537;-59.6016;4.02645;8.64248;2703.98;5.1966;0;0;0.1;0.01;0;5.22691;0;0;-1
0;620;34.903;-40.1491;3.4153;8.9796;3032.91;5.3993;0;0;0.1;0.01;0;5.44916;0;0;-1
0;621;35.0475;-25.7233;1.2028;9.54414;3641.66;5.73875;0;0;0.1;0.01;0;6.10631;0;0;-1
0;622;38.0194;-8.84881;4.48676;9.35846;3433.22;5.62711;0;0;0.1;0.01;0;6.0132;0;0;-1
0;623;37.2347;9.08613;1.4555;9.51894;3612.89;5.7236;0;0;0.1;0.01;0;5.74619;0;0;-1
0;624;36.6652;27.2502;2.8769;9.98295;4167.4;6.0026;0;0;0.1;0.01;0;6.51334;0;0;-1
0;625;35.9281;44.5345;1.21298;10.3932;4702.58;6.24928;0;0;0.1;0.01;0;6.8785;0;0;-1
0;626;36.1014;62.7052;3.83275;10.293;4567.88;6.18903;0;0;0.1;0.01;0;7.82443;0;0;-1
0;627;37.664;80.0038;2.52698;10.395;4705.03;6.25036;0;0;0.1;0.01;0;5.13905;0;0;-1
0;628;50.8441;-83.5293;2.89877;8.5;2572.44;5.11093;0;0;0.1;0.01;0;2.98771;1;0;-1
0;629;52.1838;-64.6131;4.04643;9.83279;3982.16;5.91231;0;0;0.1;0.01;0;5.58584;0;0;-1
0;630;50.3206;-48.4696;3.2567;10.1367;4362.93;6.09505;0;0;0.1;0.01;0;6.36317;0;0;-1
0;631;53.4028;-33.6519;4.79151;8.5;2572.44;5.11093;0;0;0.1;0.01;0;5.81093;1;0;-1
0;632;51.3833;-15.828;2.98972;8.60239;2666.53;5.17249;0;0;0.1;0.01;0;5.1174;0;0;-1
0;633;52.1573;1.1375;2.46617;8.51441;2585.55;5.11959;0;0;0.1;0.01;0;5.43377;0;0;-1
0;634;52.3758;17.0478;1.65974;9.47502;3563.11;5.69719;0;0;0.1;0.01;0;7.31123;0;0;-1
0;635;50.1816;34.3879;2.73834;9.80689;3950.78;5.89674;0;0;0.1;0.01;0;6.2318;0;0;-1
0;636;51.3778;54.6315;4.69933;8.5;2572.44;5.11093;0;0;0.1;0.01;0;5.01716;1;0;-1
0;637;50.0077;67.7084;3.25515;9.09874;3155.24;5.47094;0;0;0.1;0.01;0;4.70063;0;0;-1
0;638;68.0572;-56.0629;4.68361;9.91865;4087.39;5.96394;0;0;0.1;0.01;0;4.38801;0;0;-1
0;639;67.5938;-39.044;2.40348;9.67029;3787.97;5.81461;0;0;0.1;0.01;0;7.08895;0;0;-1
0;640;64.7317;-24.1625;3.89833;8.59961;2663.94;5.17082;0;0;0.1;0.01;0;5.67691;0;0;-1
0;641;67.8256;-6.65555;4.42515;8.5;2572.44;5.11093;0;0;0.1;0.01;0;4.86709;1;0;-1
0;642;65.6293;12.201;3.83238;10.2544;4516.68;6.16582;0;0;0.1;0.01;0;6.72032;0;0;-1
0;643;65.4875;25.9334;3.93985;8.5;2572.44;5.11093;0;0;0.1;0.01;0;6.09655;1;0;-1
0;644;66.9164;44.3113;4.35772;9.40417;3483.77;5.65459;0;0;0.1;0.01;0;5.69791;0;0;-1
0;645;67.4239;60.1797;4.32208;9.78995;3930.34;5.88655;0;0;0.1;0.01;0;4.46717;0;0;-1
0;646;82.3286;-47.3929;5.10655;9.16647;3226.23;5.51167;0;0;0.1;0.01;0;3.67565;0;0;-1
0;647;82.1692;-33.1093;3.18194;10.4059;4719.84;6.25692;0;0;0.1;0.01;0;5.82355;0;0;-1
0;648;81.395;-15.796;3.84136;9.58771;3691.76;5.76495;0;0;0.1;0.01;0;6.48963;0;0;-1
0;649;79.775;0.0556894;1.87791;9.17655;3236.88;5.51773;0;0;0.1;0.01;0;5.72824;0;0;-1
0;650;80.9748;18.2574;2.44603;9.17519;3235.44;5.51691;0;0;0.1;0.01;0;6.64241;0;0;-1
0;651;82.5363;36.1035;4.09405;10.3563;4652.67;6.22709;0;0;0.1;0.01;0;5.55306;0;0;-1
0;652;82.801;55.2968;4.89442;9.98006;4163.78;6.00087;0;0;0.1;0.01;0;2.85004;0;0;-1
0;653;95.8348;-23.3873;2.10226;10.372;4673.86;6.23653;0;0;0.1;0.01;0;3.62973;0;0;-1
0;654;96.3589;-7.56353;4.22228;9.30892;3378.99;5.59732;0;0;0.1;0.01;0;3.40696;0;0;-1
0;655;94.5263;12.1157;1.93172;9.59168;3696.35;5.76734;0;0;0.1;0.01;0;4.21236;0;0;-1
0;656;94.3122;26.6313;4.47834;10.0281;4224.2;6.02975;0;0;0.1;0.01;0;4.46506;0;0;-1
0;657;-86.834;-40.7537;19.2024;10.0139;4206.28;6.02121;0;0;0.1;0.01;0;3.22253;0;0;-1
0;658;-85.0799;-21.1788;18.5572;9.39531;3473.94;5.64926;0;0;0.1;0.01;0;3.28252;0;0;-1
0;659;-84.8791;-4.98721;19.272;9.9256;4095.99;5.96812;0;0;0.1;0.01;0;4.60363;0;0;-1
0;660;-86.648;10.4784;17.1936;9.41782;3498.97;5.6628;0;0;0.1;0.01;0;4.71467;0;0;-1
0;661;-85.7245;27.1077;18.3053;8.5;2572.44;5.11093;0;0;0.1;0.01;0;3.2172;1;0;-1
0;662;-84.2558;45.3257;18.9244;8.68184;2741.09;5.22026;0;0;0.1;0.01;0;2.72859;0;0;-1
0;663;-72.1077;-63.6415;19.8448;9.46219;3548.65;5.68948;0;0;0.1;0.01;0;3.35658;0;0;-1
0;664;-70.8079;-48.5631;16.6701;9.04696;3101.68;5.43981;0;0;0.1;0.01;0;6.11198;0;0;-1
0;665;-68.9846;-33.8733;19.1888;8.5;2572.44;5.11093;0;0;0.1;0.01;0;5.4683;1;0;-1
0;666;-71.9592;-13.1864;19.0175;9.90376;4069.01;5.95499;0;0;0.1;0.01;0;7.23556;0;0;-1
0;667;-69.3875;2.17019;19.7046;9.7357;3865.36;5.85394;0;0;0.1;0.01;0;6.9337;0;0;-1
0;668;-70.2493;18.64;19.2996;9.64972;3763.85;5.80224;0;0;0.1;0.01;0;5.80162;0;0;-1
0;669;-70.2955;34.2566;16.7431;8.77909;2834.24;5.27874;0;0;0.1;0.01;0;4.32259;0;0;-1
0;670;-70.253;52.8883;16.2623;8.5;2572.44;5.11093;0;0;0.1;0.01;0;3.91423;1;0;-1
0;671;-58.0235;-74.9471;17.1217;10.065;4271;6.05194;0;0;0.1;0.01;0;4.51555;0;0;-1
0;672;-57.4984;-58.6554;18.7037;9.47117;3558.77;5.69488;0;0;0.1;0.01;0;6.43786;0;0;-1
0;673;-56.2027;-39.5363;17.4625;10.2399;4497.55;6.1571;0;0;0.1;0.01;0;7.40151;0;0;-1
0;674;-57.0847;-23.2708;16.9152;8.9323;2985.23;5.37086;0;0;0.1;0.01;0;5.73443;0;0;-1
0;675;-55.1856;-6.46489;16.0511;9.97374;4155.88;5.99707;0;0;0.1;0.01;0;6.24447;0;0;-1
0;676;-57.1264;8.61803;17.41;8.70387;2762.01;5.23351;0;0;0.1;0.01;0;5.38516;0;0;-1
0;677;-55.3824;26.7723;16.7937;9.65507;3770.12;5.80545;0;0;0.1;0.01;0;5.70829;0;0;-1
0;678;-54.972;46.8999;18.9418;8.5;2572.44;5.11093;0;0;0.1;0.01;0;4.35122;1;0;-1
0;679;-53.9914;61.9358;18.2788;8.67427;2733.93;5.21571;0;0;0.1;0.01;0;3.80688;0;0;-1
0;680;-53.7946;78.0489;19.6579;9.60026;3706.27;5.7725;0;0;0.1;0.01;0;2.63914;0;0;-1
0;681;-41.6975;-84.6172;16.8494;9.64536;3758.75;5.79962;0;0;0.1;0.01;0;4.3283;0;0;-1
0;682;-40.6332;-67.4684;17.7331;8.98447;3037.85;5.40223;0;0;0.1;0.01;0;5.51505;0;0;-1
0;683;-40.462;-47.7834;16.7405;9.09298;3149.25;5.46748;0;0;0.1;0.01;0;5.25882;0;0;-1
0;684;-42.5264;-33.0286;18.1989;9.56256;3662.78;5.74983;0;0;0.1;0.01;0;6.35467;0;0;-1
0;685;-42.1561;-13.7632;16.4876;8.5;2572.44;5.11093;0;0;0.1;0.01;0;4.91567;1;0;-1
0;686;-39.9914;2.27919;17.7263;8.8338;2887.56;5.31164;0;0;0.1;0.01;0;5.08309;0;0;-1
0;687;-42.2091;18.6851;18.4661;8.81873;2872.81;5.30257;0;0;0.1;0.01;0;5.43411;0;0;-1
0;688;-41.1649;33.7374;18.2809;8.97255;3025.77;5.39506;0;0;0.1;0.01;0;5.19075;0;0;-1
0;689;-39.7062;53.2108;18.5444;8.97931;3032.62;5.39913;0;0;0.1;0.01;0;4.73811;0;0;-1
0;690;-39.5862;71.4859;16.4026;10.2106;4459.05;6.13949;0;0;0.1;0.01;0;5.90316;0;0;-1
0;691;-41.5976;87.7471;18.5416;8.98874;3042.18;5.4048;0;0;0.1;0.01;0;2.93082;0;0;-1
0;692;-27.7648;-93.4555;16.8259;10.4523;4783.26;6.28482;0;0;0.1;0.01;0;3.9801;0;0;-1
0;693;-27.5131;-72.8542;18.4989;9.83112;3980.13;5.91131;0;0;0.1;0.01;0;6.16632;0;0;-1
0;694;-25.3704;-56.707;16.2735;8.5;2572.44;5.11093;0;0;0.1;0.01;0;4.45053;1;0;-1
0;695;-24.503;-40.3797;17.8451;8.88227;2935.35;5.34078;0;0;0.1;0.01;0;5.487;0;0;-1
0;696;-28.358;-24.7218;16.3192;9.59361;3698.58;5.7685;0;0;0.1;0.01;0;6.04839;0;0;-1
0;697;-28.3803;-7.18681;16.0134;9.33032;3402.34;5.61019;0;0;0.1;0.01;0;5.29312;0;0;-1
0;698;-26.9597;10.6783;16.4918;9.60486;3711.6;5.77526;0;0;0.1;0.01;0;6.09228;0;0;-1
0;699;-27.451;28.0466;17.3664;9.05772;3112.76;5.44628;0;0;0.1;0.01;0;5.12959;0;0;-1
0;700;-25.4586;45.9275;17.6366;9.58543;3689.13;5.76358;0;0;0.1;0.01;0;5.76665;0;0;-1
0;701;-28.155;62.0573;16.4001;9.01678;3070.74;5.42166;0;0;0.1;0.01;0;5.90367;0;0;-1
0;702;-27.4131;80.4115;16.3114;10.1887;4430.42;6.12632;0;0;0.1;0.01;0;5.89108;0;0;-1
0;703;-13.2913;-83.6102;17.6342;9.77088;3907.42;5.87509;0;0;0.1;0.01;0;5.45659;0;0;-1
0;704;-13.7348;-65.6445;17.0262;8.5;2572.44;5.11093;0;0;0.1;0.01;0;4.20801;1;0;-1
0;705;-11.1794;-47.5338;16.2689;9.7905;3931;5.88689;0;0;0.1;0.01;0;5.44861;0;0;-1
0;706;-12.3547;-30.7856;19.3462;8.63701;2698.85;5.19331;0;0;0.1;0.01;0;5.7615;0;0;-1
0;707;-11.5522;-16.1876;17.4752;9.71429;3839.92;5.84106;0;0;0.1;0.01;0;6.34271;0;0;-1
0;708;-13.6702;1.66392;17.1294;10.0878;4300.09;6.06565;0;0;0.1;0.01;0;7.02376;0;0;-1
0;709;-13.1782;20.7893;16.6148;10.0841;4295.36;6.06342;0;0;0.1;0.01;0;6.26936;0;0;-1
0;710;-10.9565;37.3197;17.2908;8.97727;3030.55;5.3979;0;0;0.1;0.01;0;5.49425;0;0;-1
0;711;-10.0208;52.36;18.3004;10.1287;4352.61;6.09024;0;0;0.1;0.01;0;6.64224;0;0;-1
0;712;-11.6693;68.4277;18.3676;8.59754;2662.02;5.16958;0;0;0.1;0.01;0;5.20779;0;0;-1
0;713;-11.0495;85.2594;18.6673;8.5;2572.44;5.11093;0;0;0.1;0.01;0;3.73724;1;0;-1
0;714;1.68345;-91.9847;17.4359;10.248;4508.23;6.16197;0;0;0.1;0.01;0;3.9086;0;0;-1
0;715;4.58432;-72.2722;15.9825;8.68782;2746.76;5.22386;0;0;0.1;0.01;0;5.15383;0;0;-1
0;716;2.81921;-56.9726;17.3295;8.5;2572.44;5.11093;0;0;0.1;0.01;0;5.54457;1;0;-1
0;717;2.96396;-39.8549;16.6741;9.887;4048.39;5.94491;0;0;0.1;0.01;0;6.58485;0;0;-1
0;718;2.38645;-24.4642;16.4653;8.82136;2875.38;5.30416;0;0;0.1;0.01;0;5.63502;0;0;-1
0;719;4.97374;-8.37433;17.1104;8.57217;2638.52;5.15432;0;0;0.1;0.01;0;4.74427;0;0;-1
0;720;4.17316;9.65048;16.3858;9.89258;4055.25;5.94826;0;0;0.1;0.01;0;4.89119;0;0;-1
0;721;2.15749;28.5062;16.6398;9.95865;4137.04;5.98799;0;0;0.1;0.01;0;6.24685;0;0;-1
0;722;2.53634;46.1859;15.6129;8.5982;2662.63;5.16997;0;0;0.1;0.01;0;5.80322;0;0;-1
0;723;2.66185;63.4033;15.8924;10.4039;4717.12;6.25571;0;0;0.1;0.01;0;6.71219;0;0;-1
0;724;0.994908;77.9642;15.9322;8.66392;2724.16;5.20949;0;0;0.1;0.01;0;5.68436;0;0;-1
0;725;4.69467;93.0912;17.77;8.70908;2766.98;5.23664;0;0;0.1;0.01;0;2.89348;0;0;-1
0;726;17.7754;-82.3806;17.1044;10.0453;4245.97;6.04009;0;0;0.1;0.01;0;5.13144;0;0;-1
0;727;15.8012;-64.411;16.3788;8.5;2572.44;5.11093;0;0;0.1;0.01;0;4.94313;1;0;-1
0;728;16.0218;-50.0866;18.3098;9.61978;3728.93;5.78423;0;0;0.1;0.01;0;5.55373;0;0;-1
0;729;18.9335;-33.9832;18.0985;8.5;2572.44;5.11093;0;0;0.1;0.01;0;4.31495;1;0;-1
0;730;18.3564;-17.0127;17.3373;9.30503;3374.75;5.59498;0;0;0.1;0.01;0;5.77455;0;0;-1
0;731;17.4638;2.71616;18.4944;8.54447;2613.03;5.13767;0;0;0.1;0.01;0;4.74105;0;0;-1
0;732;16.5796;21.1365;16.2191;9.14026;3198.63;5.49591;0;0;0.1;0.01;0;6.27465;0;0;-1
0;733;16.5127;37.0691;17.4423;8.88866;2941.69;5.34462;0;0;0.1;0.01;0;5.88611;0;0;-1
0;734;19.665;52.932;17.693;8.85858;2911.93;5.32654;0;0;0.1;0.01;0;5.16686;0;0;-1
0;735;16.4144;69.7764;17.3881;8.51644;2587.4;5.12081;0;0;0.1;0.01;0;5.15521;0;0;-1
0;736;17.9126;85.6757;16.4558;9.17315;3233.29;5.51568;0;0;0.1;0.01;0;3.56671;0;0;-1
0;737;33.172;-92.4862;15.9333;9.05955;3114.64;5.44738;0;0;0.1;0.01;0;1.68995;0;0;-1
0;738;33.7895;-73.7674;16.102;9.51316;3606.31;5.72013;0;0;0.1;0.01;0;5.47678;0;0;-1
0;739;33.1778;-55.2474;18.0134;9.15668;3215.9;5.50578;0;0;0.1;0.01;0;4.54144;0;0;-1
0;740;33.6507;-39.0283;18.0761;8.5;2572.44;5.11093;0;0;0.1;0.01;0;5.32962;1;0;-1
0;741;31.4408;-24.4841;16.3412;9.37929;3456.2;5.63963;0;0;0.1;0.01;0;6.48413;0;0;-1
0;742;30.7095;-8.06114;18.5921;9.30862;3378.66;5.59714;0;0;0.1;0.01;0;5.49871;0;0;-1
0;743;30.5311;11.5665;17.025;8.87722;2930.35;5.33774;0;0;0.1;0.01;0;5.13254;0;0;-1
0;744;32.0953;26.8751;16.7644;8.78131;2836.39;5.28007;0;0;0.1;0.01;0;5.40223;0;0;-1
0;745;33.2203;45.7689;16.5183;8.5;2572.44;5.11093;0;0;0.1;0.01;0;5.28803;1;0;-1
0;746;30.4852;63.434;19.4786;9.08213;3137.99;5.46095;0;0;0.1;0.01;0;6.8157;0;0;-1
0;747;30.6517;77.8152;17.8477;9.25776;3323.58;5.56656;0;0;0.1;0.01;0;5.18324;0;0;-1
0;748;45.3116;-81.2477;16.0926;9.99665;4184.58;6.01084;0;0;0.1;0.01;0;4.70781;0;0;-1
0;749;48.9074;-67.637;17.0098;8.61752;2680.62;5.18159;0;0;0.1;0.01;0;5.08287;0;0;-1
0;750;47.5135;-48.1683;18.5904;8.5;2572.44;5.11093;0;0;0.1;0.01;0;4.60296;1;0;-1
0;751;46.7608;-31.8975;16.6149;9.52674;3621.78;5.72829;0;0;0.1;0.01;0;6.82997;0;0;-1
0;752;46.3585;-15.3166;17.5058;9.96599;4146.2;5.99241;0;0;0.1;0.01;0;6.40289;0;0;-1
0;753;46.2048;4.39249;19.4826;9.61473;3723.06;5.7812;0;0;0.1;0.01;0;5.43007;0;0;-1
0;754;48.79;20.4662;17.3372;9.77667;3914.37;5.87857;0;0;0.1;0.01;0;6.22869;0;0;-1
0;755;46.8582;34.8782;18.9878;8.5;2572.44;5.11093;0;0;0.1;0.01;0;5.23571;1;0;-1
0;756;45.0853;54.092;16.5903;10.1386;4365.39;6.09619;0;0;0.1;0.01;0;6.57442;0;0;-1
0;757;46.9779;68.9773;17.7783;8.7934;2848.13;5.28734;0;0;0.1;0.01;0;5.04349;0;0;-1
0;758;45.9414;86.0473;19.6665;8.5;2572.44;5.11093;0;0;0.1;0.01;0;1.28298;1;0;-1
0;759;61.2226;-75.4446;17.4882;9.74749;3879.42;5.86102;0;0;0.1;0.01;0;2.82175;0;0;-1
0;760;62.3064;-57.9527;18.159;8.5;2572.44;5.11093;0;0;0.1;0.01;0;4.94878;1;0;-1
0;761;62.5602;-38.713;16.7043;10.097;4311.87;6.07118;0;0;0.1;0.01;0;7.49567;0;0;-1
0;762;60.4225;-24.2755;16.5145;9.90118;4065.83;5.95344;0;0;0.1;0.01;0;7.54495;0;0;-1
0;763;60.375;-7.40424;16.7482;8.93108;2984.01;5.37013;0;0;0.1;0.01;0;4.81169;0;0;-1
0;764;62.4612;10.6017;16.9704;9.45392;3539.36;5.6845;0;0;0.1;0.01;0;5.77926;0;0;-1
0;765;61.686;28.531;16.4798;10.2254;4478.47;6.14838;0;0;0.1;0.01;0;7.22099;0;0;-1
0;766;61.8684;45.2113;19.0379;8.67367;2733.36;5.21535;0;0;0.1;0.01;0;6.08116;0;0;-1
0;767;62.2924;63.6353;19.0423;10.0225;4217.13;6.02638;0;0;0.1;0.01;0;4.83408;0;0;-1
0;768;75.9077;-50.2051;19.5109;8.70096;2759.24;5.23176;0;0;0.1;0.01;0;3.01283;0;0;-1
0;769;76.048;-33.4787;18.3443;10.0886;4301.12;6.06613;0;0;0.1;0.01;0;6.13342;0;0;-1
0;770;77.6171;-16.9529;16.751;8.5;2572.44;5.11093;0;0;0.1;0.01;0;4.96168;1;0;-1
0;771;74.8821;0.852985;19.4089;8.71841;2775.88;5.24225;0;0;0.1;0.01;0;4.44455;0;0;-1
0;772;76.4906;20.1072;16.1846;9.82373;3971.16;5.90687;0;0;0.1;0.01;0;6.53701;0;0;-1
0;773;74.8188;37.9219;19.0736;10.3722;4674.14;6.23665;0;0;0.1;0.01;0;6.73456;0;0;-1
0;774;76.52;52.426;18.7562;8.77615;2831.4;5.27697;0;0;0.1;0.01;0;4.58252;0;0;-1
0;775;91.529;-22.0674;18.6371;9.7875;3927.39;5.88508;0;0;0.1;0.01;0;4.34535;0;0;-1
0;776;92.7484;-7.35908;19.9342;8.5;2572.44;5.11093;0;0;0.1;0.01;0;2.61967;1;0;-1
0;777;91.7017;9.32171;16.2199;9.05672;3111.73;5.44567;0;0;0.1;0.01;0;2.52554;0;0;-1
0;778;89.4661;26.8423;17.3951;9.35384;3428.14;5.62433;0;0;0.1;0.01;0;4.07884;0;0;-1
0;779;-93.5853;2.41366;34.5657;8.55786;2625.33;5.14572;0;0;0.1;0.01;0;2.8447;0;0;-1
0;780;-82.0391;-39.7094;31.6326;9.85962;4014.85;5.92845;0;0;0.1;0.01;0;3.15518;0;0;-1
0;781;-79.6839;-25.0879;32.4584;9.32437;3395.84;5.60661;0;0;0.1;0.01;0;4.25197;0;0;-1
0;782;-78.998;-6.09333;34.0251;9.22038;3283.49;5.54408;0;0;0.1;0.01;0;5.97738;0;0;-1
0;783;-80.177;10.0433;31.816;8.73128;2788.19;5.24999;0;0;0.1;0.01;0;4.89546;0;0;-1
0;784;-82.7016;25.8732;30.9241;9.40262;3482.05;5.65366;0;0;0.1;0.01;0;2.74821;0;0;-1
0;785;-79.9055;46.0392;31.346;8.54151;2610.31;5.13589;0;0;0.1;0.01;0;2.20351;0;0;-1
0;786;-65.9595;-66.8904;33.9512;9.46889;3556.2;5.69351;0;0;0.1;0.01;0;3.41929;0;0;-1
0;787;-66.6272;-47.6777;32.241;9.70994;3834.76;5.83845;0;0;0.1;0.01;0;4.79098;0;0;-1
0;788;-64.3025;-30.7691;34.2032;9.95636;4134.19;5.98661;0;0;0.1;0.01;0;6.55663;0;0;-1
0;789;-66.7719;-15.5632;31.0128;8.5;2572.44;5.11093;0;0;0.1;0.01;0;5.95306;1;0;-1
0;790;-65.6076;0.0172167;34.1229;8.9441;2997.08;5.37796;0;0;0.1;0.01;0;5.98651;0;0;-1
0;791;-66.5564;18.1315;33.8904;8.5;2572.44;5.11093;0;0;0.1;0.01;0;4.42982;1;0;-1
0;792;-64.4102;35.1716;31.6619;8.58667;2651.94;5.16304;0;0;0.1;0.01;0;4.16491;0;0;-1
0;793;-66.8422;53.0605;33.2054;9.91933;4088.23;5.96435;0;0;0.1;0.01;0;3.57193;0;0;-1
0;794;-53.1862;-73.3275;30.6202;10.1149;4334.84;6.08194;0;0;0.1;0.01;0;4.85139;0;0;-1
0;795;-50.1877;-58.7195;30.9887;9.48167;3570.62;5.70119;0;0;0.1;0.01;0;6.02593;0;0;-1
0;796;-49.8353;-38.4021;31.6538;9.72083;3847.68;5.84499;0;0;0.1;0.01;0;6.12804;0;0;-1
0;797;-52.8013;-21.2968;31.1176;8.5;2572.44;5.11093;0;0;0.1;0.01;0;4.91577;1;0;-1
0;798;-52.7066;-7.29097;34.1981;9.66627;3783.25;5.81219;0;0;0.1;0.01;0;4.47726;0;0;-1
0;799;-51.6669;11.8713;31.7794;8.5;2572.44;5.11093;0;0;0.1;0.01;0;4.16271;1;0;-1
0;800;-50.7132;29.4016;32.6096;8.5;2572.44;5.11093;0;0;0.1;0.01;0;5.23853;1;0;-1
0;801;-52.7805;43.3419;33.1264;8.5;2572.44;5.11093;0;0;0.1;0.01;0;5.2405;1;0;-1
0;802;-51.6448;60.0646;33.9732;8.5;2572.44;5.11093;0;0;0.1;0.01;0;4.23818;1;0;-1
0;803;-35.6441;-85.3958;34.2819;10.1766;4414.65;6.11904;0;0;0.1;0.01;0;3.63665;0;0;-1
0;804;-38.0003;-66.3778;31.2802;8.5;2572.44;5.11093;0;0;0.1;0.01;0;4.55972;1;0;-1
0;805;-37.9473;-47.293;33.1244;9.74583;3877.44;5.86003;0;0;0.1;0.01;0;5.96633;0;0;-1
0;806;-34.4752;-33.0329;33.0288;10.2533;4515.23;6.16516;0;0;0.1;0.01;0;6.52122;0;0;-1
0;807;-35.174;-16.2754;32.713;8.8572;2910.57;5.32571;0;0;0.1;0.01;0;4.1303;0;0;-1
0;808;-35.335;2.98416;32.2946;8.80953;2863.83;5.29704;0;0;0.1;0.01;0;4.53483;0;0;-1
0;809;-38.3066;17.673;32.7547;8.96634;3019.49;5.39133;0;0;0.1;0.01;0;4.90221;0;0;-1
0;810;-36.9785;37.9435;31.6619;9.65063;3764.92;5.80278;0;0;0.1;0.01;0;6.08416;0;0;-1
0;811;-36.8435;52.4694;32.4178;8.9865;3039.91;5.40345;0;0;0.1;0.01;0;5.2241;0;0;-1
0;812;-37.9071;69.1932;32.1195;8.5;2572.44;5.11093;0;0;0.1;0.01;0;3.35654;1;0;-1
0;813;-20.9661;-91.0263;34.0221;9.86408;4020.3;5.93113;0;0;0.1;0.01;0;3.76578;0;0;-1
0;814;-22.9252;-74.3031;32.2321;8.5;2572.44;5.11093;0;0;0.1;0.01;0;5.11956;1;0;-1
0;815;-22.8348;-57.053;34.422;8.61747;2680.57;5.18156;0;0;0.1;0.01;0;4.58643;0;0;-1
0;816;-21.8609;-42.7436;31.8904;8.61331;2676.69;5.17906;0;0;0.1;0.01;0;5.6797;0;0;-1
0;817;-20.4306;-21.6615;31.3798;8.5;2572.44;5.11093;0;0;0.1;0.01;0;3.95962;1;0;-1
0;818;-20.9565;-4.75586;34.0504;9.37895;3455.82;5.63943;0;0;0.1;0.01;0;5.90068;0;0;-1
0;819;-21.7926;11.1926;31.6525;8.93559;2988.53;5.37284;0;0;0.1;0.01;0;5.87789;0;0;-1
0;820;-22.999;29.3664;33.7817;9.49202;3582.32;5.70741;0;0;0.1;0.01;0;5.55384;0;0;-1
0;821;-20.7372;44.2961;33.8131;9.19925;3260.96;5.53138;0;0;0.1;0.01;0;6.2945;0;0;-1
0;822;-20.436;59.6985;30.9802;8.65751;2718.11;5.20564;0;0;0.1;0.01;0;5.12009;0;0;-1
0;823;-21.771;76.7144;32.6753;10.0526;4255.24;6.04448;0;0;0.1;0.01;0;4.73751;0;0;-1
0;824;-6.81951;-81.483;33.0078;10.2345;4490.44;6.15386;0;0;0.1;0.01;0;5.7366;0;0;-1
0;825;-7.58015;-65.8484;32.0412;9.11861;3175.96;5.48289;0;0;0.1;0.01;0;4.85259;0;0;-1
0;826;-8.80909;-46.9414;30.7948;9.1191;3176.47;5.48318;0;0;0.1;0.01;0;5.15001;0;0;-1
0;827;-5.46259;-32.628;31.1738;8.5;2572.44;5.11093;0;0;0.1;0.01;0;4.74251;1;0;-1
0;828;-8.84145;-13.1763;31.5886;10.4144;4731.42;6.26203;0;0;0.1;0.01;0;6.59297;0;0;-1
0;829;-7.46273;3.47549;31.9481;9.30981;3379.96;5.59785;0;0;0.1;0.01;0;6.08556;0;0;-1
0;830;-6.85493;20.9988;33.6357;10.0649;4270.88;6.05188;0;0;0.1;0.01;0;5.67573;0;0;-1
0;831;-7.48158;37.7978;34.0853;9.13604;3194.2;5.49337;0;0;0.1;0.01;0;6.14156;0;0;-1
0;832;-5.85222;51.7249;33.6854;8.5;2572.44;5.11093;0;0;0.1;0.01;0;5.49153;1;0;-1
0;833;-7.20146;69.786;32.4004;8.73803;2794.66;5.25405;0;0;0.1;0.01;0;4.3488;0;0;-1
0;834;-6.78056;88.6497;31.1353;8.56897;2635.57;5.1524;0;0;0.1;0.01;0;2.16661;0;0;-1
0;835;8.2478;-89.4358;34.6631;8.757;2812.9;5.26546;0;0;0.1;0.01;0;3.18267;0;0;-1
0;836;7.70237;-74.4742;32.4952;10.4534;4784.77;6.28548;0;0;0.1;0.01;0;7.03395;0;0;-1
0;837;6.34146;-58.9471;31.8194;8.79873;2853.31;5.29055;0;0;0.1;0.01;0;5.10365;0;0;-1
0;838;8.48746;-42.9142;33.2002;10.0561;4259.68;6.04659;0;0;0.1;0.01;0;6.75084;0;0;-1
0;839;6.86388;-23.8827;32.756;8.90408;2957.03;5.35389;0;0;0.1;0.01;0;4.87987;0;0;-1
0;840;7.21229;-6.04801;33.7212;9.87605;4034.95;5.93833;0;0;0.1;0.01;0;6.05207;0;0;-1
0;841;5.6504;8.79207;34.3827;9.10205;3158.68;5.47293;0;0;0.1;0.01;0;4.74305;0;0;-1
0;842;8.33697;27.8176;31.0459;9.25309;3318.55;5.56375;0;0;0.1;0.01;0;5.158;0;0;-1
0;843;6.79047;42.8957;30.5909;10.1876;4428.99;6.12566;0;0;0.1;0.01;0;6.41877;0;0;-1
0;844;8.63866;61.5781;30.9081;8.68436;2743.48;5.22178;0;0;0.1;0.01;0;4.75852;0;0;-1
0;845;9.12483;78.9336;31.9085;9.46328;3549.88;5.69013;0;0;0.1;0.01;0;4.70479;0;0;-1
0;846;23.1435;-82.6619;33.8544;9.93443;4106.93;5.97343;0;0;0.1;0.01;0;4.7662;0;0;-1
0;847;22.6472;-67.9663;33.0064;9.85623;4010.71;5.92641;0;0;0.1;0.01;0;5.40176;0;0;-1
0;848;23.8679;-47.7348;33.3869;8.90151;2954.47;5.35235;0;0;0.1;0.01;0;5.89499;0;0;-1
0;849;21.1374;-32.2873;32.4697;10.1635;4397.63;6.11117;0;0;0.1;0.01;0;7.03847;0;0;-1
0;850;22.1166;-14.0027;32.2173;10.1553;4386.99;6.10623;0;0;0.1;0.01;0;6.79653;0;0;-1
0;851;22.3378;0.481955;30.9416;8.92445;2977.37;5.36614;0;0;0.1;0.01;0;5.12851;0;0;-1
0;852;23.0059;19.3337;30.4864;9.06881;3124.2;5.45294;0;0;0.1;0.01;0;4.82452;0;0;-1
0;853;22.1087;37.5564;33.985;9.3486;3422.38;5.62118;0;0;0.1;0.01;0;5.73592;0;0;-1
0;854;23.7947;51.3901;32.5754;9.90615;4071.96;5.95642;0;0;0.1;0.01;0;6.81271;0;0;-1
0;855;22.3244;68.756;31.0016;8.75237;2808.44;5.26267;0;0;0.1;0.01;0;5.90498;0;0;-1
0;856;20.8553;89.3885;34.2244;9.34689;3420.5;5.62015;0;0;0.1;0.01;0;1.6031;0;0;-1
0;857;35.7831;-74.7231;32.7968;8.5;2572.44;5.11093;0;0;0.1;0.01;0;3.42665;1;0;-1
0;858;37.1884;-55.0847;32.8443;9.55435;3653.36;5.74489;0;0;0.1;0.01;0;5.76099;0;0;-1
0;859;35.5744;-38.4128;30.8908;8.5;2572.44;5.11093;0;0;0.1;0.01;0;5.30951;1;0;-1
0;860;37.4995;-21.9797;32.1827;8.5;2572.44;5.11093;0;0;0.1;0.01;0;4.75627;1;0;-1
0;861;35.896;-4.81498;33.2085;9.17157;3231.62;5.51473;0;0;0.1;0.01;0;5.72607;0;0;-1
0;862;38.7408;9.35278;32.4905;8.59517;2659.82;5.16815;0;0;0.1;0.01;0;4.91535;0;0;-1
0;863;38.102;25.5624;32.9985;9.81869;3965.06;5.90384;0;0;0.1;0.01;0;5.59266;0;0;-1
0;864;38.3475;43.1671;33.0922;9.76301;3897.98;5.87036;0;0;0.1;0.01;0;6.01913;0;0;-1
0;865;35.378;61.8622;33.7075;9.76121;3895.83;5.86927;0;0;0.1;0.01;0;6.62625;0;0;-1
0;866;36.8561;77.2511;32.1612;10.0224;4217;6.02632;0;0;0.1;0.01;0;5.23606;0;0;-1
0;867;52.8286;-64.6663;31.9338;9.06145;3116.6;5.44852;0;0;0.1;0.01;0;3.97416;0;0;-1
0;868;53.1663;-49.338;32.1248;9.43641;3519.73;5.67398;0;0;0.1;0.01;0;5.65597;0;0;-1
0;869;52.0697;-33.3867;32.4023;9.52844;3623.71;5.72931;0;0;0.1;0.01;0;6.14042;0;0;-1
0;870;51.5473;-17.3193;31.601;9.93219;4104.15;5.97208;0;0;0.1;0.01;0;6.32174;0;0;-1
0;871;53.2124;0.915765;33.8681;10.0205;4214.6;6.02518;0;0;0.1;0.01;0;6.86813;0;0;-1
0;872;52.4639;17.8203;33.3881;8.9672;3020.36;5.39185;0;0;0.1;0.01;0;6.01673;0;0;-1
0;873;53.4758;38.1468;32.2395;8.9671;3020.26;5.39179;0;0;0.1;0.01;0;6.03659;0;0;-1
0;874;53.2644;53.1818;33.3242;9.60563;3712.5;5.77573;0;0;0.1;0.01;0;6.96877;0;0;-1
0;875;51.4247;68.3311;32.4195;9.14929;3208.12;5.50134;0;0;0.1;0.01;0;4.8672;0;0;-1
0;876;67.2579;-58.0718;32.4274;8.83388;2887.64;5.31168;0;0;0.1;0.01;0;3.29151;0;0;-1
0;877;67.6959;-38.604;31.5536;9.31078;3381.01;5.59844;0;0;0.1;0.01;0;5.34588;0;0;-1
0;878;66.3902;-21.8171;31.965;9.12977;3187.63;5.4896;0;0;0.1;0.01;0;5.27363;0;0;-1
0;879;66.9399;-4.76787;32.6266;9.85842;4013.38;5.92772;0;0;0.1;0.01;0;5.72571;0;0;-1
0;880;67.211;10.3566;32.9745;8.94914;3002.15;5.38099;0;0;0.1;0.01;0;6.55209;0;0;-1
0;881;66.2104;28.0112;33.7849;8.61621;2679.4;5.1808;0;0;0.1;0.01;0;5.82096;0;0;-1
0;882;67.3153;45.6463;31.0869;9.11558;3172.79;5.48107;0;0;0.1;0.01;0;6.46681;0;0;-1
0;883;67.0131;59.4986;32.0772;9.87652;4035.53;5.93861;0;0;0.1;0.01;0;4.75558;0;0;-1
0;884;79.9438;-30.2586;33.8304;9.91075;4077.63;5.95919;0;0;0.1;0.01;0;4.39843;0;0;-1
0;885;80.1786;-15.9667;30.7239;8.8039;2858.34;5.29366;0;0;0.1;0.01;0;4.50516;0;0;-1
0;886;79.6576;3.68475;33.5536;10.0827;4293.58;6.06258;0;0;0.1;0.01;0;4.9486;0;0;-1
0;887;80.7179;19.6993;34.1901;8.73611;2792.82;5.2529;0;0;0.1;0.01;0;3.84857;0;0;-1
0;888;80.5471;33.6374;31.9238;8.98096;3034.29;5.40012;0;0;0.1;0.01;0;4.25567;0;0;-1
0;889;-86.3512;-6.44442;47.2385;9.7781;3916.08;5.87943;0;0;0.1;0.01;0;3.24464;0;0;-1
0;890;-85.6597;9.85614;47.7991;10.4049;4718.48;6.25632;0;0;0.1;0.01;0;3.02236;0;0;-1
0;891;-69.0191;-49.9829;48.7939;10.4318;4755.17;6.27249;0;0;0.1;0.01;0;2.88114;0;0;-1
0;892;-69.3961;-33.7452;47.9854;8.5;2572.44;5.11093;0;0;0.1;0.01;0;4.09397;1;0;-1
0;893;-69.3625;-13.3634;47.6986;9.91875;4087.52;5.964;0;0;0.1;0.01;0;5.72622;0;0;-1
0;894;-71.5163;0.836976;46.778;8.91111;2964.04;5.35812;0;0;0.1;0.01;0;5.62275;0;0;-1
0;895;-68.566;18.038;47.0533;8.75571;2811.66;5.26468;0;0;0.1;0.01;0;3.93479;0;0;-1
0;896;-70.5778;36.4589;49.3648;9.25688;3322.63;5.56603;0;0;0.1;0.01;0;1.72476;0;0;-1
0;897;-56.6377;-59.6035;46.1469;8.92538;2978.3;5.3667;0;0;0.1;0.01;0;4.10175;0;0;-1
0;898;-57.0601;-39.1312;47.605;9.30218;3371.65;5.59327;0;0;0.1;0.01;0;5.77785;0;0;-1
0;899;-57.0497;-23.2637;47.2643;8.5;2572.44;5.11093;0;0;0.1;0.01;0;5.45095;1;0;-1
0;900;-56.8246;-6.91309;48.8068;9.56046;3660.37;5.74857;0;0;0.1;0.01;0;5.90573;0;0;-1
0;901;-54.5978;12.7566;45.9864;8.6949;2753.48;5.22812;0;0;0.1;0.01;0;4.42044;0;0;-1
0;902;-57.7005;29.7391;45.9851;8.5;2572.44;5.11093;0;0;0.1;0.01;0;4.65798;1;0;-1
0;903;-56.3038;45.9436;47.0343;8.5;2572.44;5.11093;0;0;0.1;0.01;0;4.45956;1;0;-1
0;904;-54.437;61.3004;46.4151;8.73256;2789.42;5.25076;0;0;0.1;0.01;0;3.49995;0;0;-1
0;905;-40.6457;-64.3886;45.8794;8.77308;2828.43;5.27513;0;0;0.1;0.01;0;3.6623;0;0;-1
0;906;-40.4053;-50.5767;48.2065;9.14813;3206.9;5.50064;0;0;0.1;0.01;0;5.15887;0;0;-1
0;907;-43.1974;-30.0689;46.0932;10.1709;4407.24;6.11561;0;0;0.1;0.01;0;6.05232;0;0;-1
0;908;-41.5039;-14.2925;49.0751;8.5;2572.44;5.11093;0;0;0.1;0.01;0;4.98826;1;0;-1
0;909;-41.6438;0.771415;49.2684;8.65928;2719.78;5.2067;0;0;0.1;0.01;0;4.60154;0;0;-1
0;910;-42.0989;16.7744;48.2733;10.2808;4551.66;6.1817;0;0;0.1;0.01;0;5.92302;0;0;-1
0;911;-42.3276;35.8771;45.2239;8.59133;2656.26;5.16584;0;0;0.1;0.01;0;4.94908;0;0;-1
0;912;-41.2206;53.2384;48.9021;10.1348;4360.48;6.09391;0;0;0.1;0.01;0;6.53551;0;0;-1
0;913;-42.4853;69.7191;48.0977;9.85071;4003.97;5.92309;0;0;0.1;0.01;0;4.23753;0;0;-1
0;914;-27.8255;-76.7437;46.7365;9.0812;3137.03;5.46039;0;0;0.1;0.01;0;2.96329;0;0;-1
0;915;-26.1689;-55.5067;48.312;8.59395;2658.69;5.16742;0;0;0.1;0.01;0;5.99619;0;0;-1
0;916;-27.6873;-41.4903;46.5292;9.63897;3751.29;5.79577;0;0;0.1;0.01;0;7.57658;0;0;-1
0;917;-28.0318;-24.2525;49.4385;8.5;2572.44;5.11093;0;0;0.1;0.01;0;4.8041;1;0;-1
0;918;-25.7043;-8.79141;47.3255;8.5;2572.44;5.11093;0;0;0.1;0.01;0;4.63827;1;0;-1
0;919;-26.6746;12.0261;46.5415;9.92574;4096.16;5.9682;0;0;0.1;0.01;0;5.77829;0;0;-1
0;920;-26.9587;29.5834;48.5565;10.2075;4454.99;6.13762;0;0;0.1;0.01;0;7.06182;0;0;-1
0;921;-26.352;45.1546;48.8395;9.22863;3292.31;5.54904;0;0;0.1;0.01;0;6.11812;0;0;-1
0;922;-25.8932;60.8786;46.5185;10.3198;4603.65;6.20515;0;0;0.1;0.01;0;6.8735;0;0;-1
0;923;-25.567;79.3383;48.5012;9.1597;3219.08;5.50759;0;0;0.1;0.01;0;3.17605;0;0;-1
0;924;-12.3644;-80.792;46.0113;8.874;2927.16;5.33581;0;0;0.1;0.01;0;3.07227;0;0;-1
0;925;-11.8855;-64.6851;47.9627;8.62741;2689.86;5.18754;0;0;0.1;0.01;0;4.45754;0;0;-1
0;926;-13.492;-47.973;46.5709;10.3686;4669.27;6.23449;0;0;0.1;0.01;0;7.52006;0;0;-1
0;927;-12.6936;-33.5672;49.1092;10.005;4195.08;6.01586;0;0;0.1;0.01;0;5.88207;0;0;-1
0;928;-11.416;-13.8845;48.6897;9.93402;4106.42;5.97318;0;0;0.1;0.01;0;6.77354;0;0;-1
0;929;-11.0337;0.268686;46.1074;9.49154;3581.78;5.70713;0;0;0.1;0.01;0;6.65095;0;0;-1
0;930;-13.1754;19.5109;47.8654;10.0132;4205.4;6.02079;0;0;0.1;0.01;0;6.2586;0;0;-1
0;931;-11.2575;37.0926;49.0575;8.84922;2902.71;5.32091;0;0;0.1;0.01;0;6.45024;0;0;-1
0;932;-12.1996;52.548;48.7853;9.02879;3083.03;5.42888;0;0;0.1;0.01;0;7.20857;0;0;-1
0;933;-11.7515;69.792;48.0777;10.1432;4371.33;6.09896;0;0;0.1;0.01;0;5.868;0;0;-1
0;934;-12.8165;86.618;47.9941;8.5;2572.44;5.11093;0;0;0.1;0.01;0;1.66666;1;0;-1
0;935;2.06006;-73.1396;45.8838;8.5;2572.44;5.11093;0;0;0.1;0.01;0;4.91252;1;0;-1
0;936;1.61229;-59.4377;46.6224;8.99434;3047.87;5.40817;0;0;0.1;0.01;0;5.6094;0;0;-1
0;937;2.35764;-42.2792;46.9563;9.40872;3488.83;5.65733;0;0;0.1;0.01;0;5.65168;0;0;-1
0;938;1.44492;-22.4097;48.5046;9.3869;3464.62;5.64421;0;0;0.1;0.01;0;5.82099;0;0;-1
0;939;4.30742;-5.38907;49.0442;9.50215;3593.8;5.7135;0;0;0.1;0.01;0;6.81226;0;0;-1
0;940;3.22094;8.86626;49.2396;9.40384;3483.41;5.65439;0;0;0.1;0.01;0;5.80864;0;0;-1
0;941;1.82606;29.6385;47.3296;8.5;2572.44;5.11093;0;0;0.1;0.01;0;5.05106;1;0;-1
0;942;1.08543;45.5407;47.5971;8.53776;2606.88;5.13363;0;0;0.1;0.01;0;6.1721;0;0;-1
0;943;1.4887;60.6185;45.6668;9.03964;3094.15;5.4354;0;0;0.1;0.01;0;5.43689;0;0;-1
0;944;4.93587;79.732;48.659;10.1102;4328.8;6.07912;0;0;0.1;0.01;0;3.00441;0;0;-1
0;945;18.9261;-84.4733;48.8904;8.82496;2878.9;5.30632;0;0;0.1;0.01;0;1.95485;0;0;-1
0;946;18.2779;-65.9294;46.7132;9.13393;3191.99;5.4921;0;0;0.1;0.01;0;4.69359;0;0;-1
0;947;16.928;-49.4163;46.2848;8.5;2572.44;5.11093;0;0;0.1;0.01;0;4.61335;1;0;-1
0;948;19.3935;-34.402;45.9298;10.2763;4545.68;6.17899;0;0;0.1;0.01;0;6.56816;0;0;-1
0;949;16.1468;-14.861;48.4581;9.22523;3288.67;5.547;0;0;0.1;0.01;0;6.34066;0;0;-1
0;950;18.7783;1.80529;48.5223;8.50641;2578.26;5.11478;0;0;0.1;0.01;0;5.65875;0;0;-1
0;951;17.3903;17.488;46.7741;9.55479;3653.86;5.74516;0;0;0.1;0.01;0;5.23554;0;0;-1
0;952;16.021;36.3947;49.0136;8.5;2572.44;5.11093;0;0;0.1;0.01;0;4.95331;1;0;-1
0;953;19.2394;50.8489;45.5651;9.03341;3087.76;5.43166;0;0;0.1;0.01;0;5.11293;0;0;-1
0;954;17.4152;71.0967;46.7963;9.52319;3617.73;5.72616;0;0;0.1;0.01;0;4.54512;0;0;-1
0;955;33.2053;-74.2761;48.7937;8.9766;3029.87;5.3975;0;0;0.1;0.01;0;3.24246;0;0;-1
0;956;33.11;-57.1356;47.8334;9.60965;3717.16;5.77814;0;0;0.1;0.01;0;6.0464;0;0;-1
0;957;33.4755;-39.213;45.8213;9.85133;4004.73;5.92346;0;0;0.1;0.01;0;6.54214;0;0;-1
0;958;30.7984;-22.5179;46.1757;9.98303;4167.5;6.00265;0;0;0.1;0.01;0;6.38829;0;0;-1
0;959;31.983;-5.03543;47.7724;9.48791;3577.67;5.70494;0;0;0.1;0.01;0;5.83384;0;0;-1
0;960;33.2539;12.0626;47.6405;9.44032;3524.1;5.67633;0;0;0.1;0.01;0;5.47958;0;0;-1
0;961;30.6839;25.7849;46.983;9.75134;3884.02;5.86334;0;0;0.1;0.01;0;6.5283;0;0;-1
0;962;32.7076;43.2063;48.5195;8.95476;3007.81;5.38437;0;0;0.1;0.01;0;6.11655;0;0;-1
0;963;31.8858;59.3296;48.6107;9.99243;4179.28;6.0083;0;0;0.1;0.01;0;6.93243;0;0;-1
0;964;30.9351;76.2504;47.6982;9.44588;3530.33;5.67967;0;0;0.1;0.01;0;4.12662;0;0;-1
0;965;45.9686;-63.7036;46.5663;8.50235;2574.57;5.11234;0;0;0.1;0.01;0;3.30991;0;0;-1
0;966;46.174;-47.4735;47.57;10.2055;4452.37;6.13642;0;0;0.1;0.01;0;6.42928;0;0;-1
0;967;47.6508;-31.464;46.2936;8.5;2572.44;5.11093;0;0;0.1;0.01;0;5.04383;1;0;-1
0;968;45.2305;-13.9428;49.0292;9.26855;3335.22;5.57304;0;0;0.1;0.01;0;5.8889;0;0;-1
0;969;45.8962;-0.223587;45.3736;8.5;2572.44;5.11093;0;0;0.1;0.01;0;5.34591;1;0;-1
0;970;47.7138;20.7851;46.8829;10.0206;4214.73;6.02524;0;0;0.1;0.01;0;7.16617;0;0;-1
0;971;45.3022;36.6211;48.5873;9.44979;3534.72;5.68202;0;0;0.1;0.01;0;6.80057;0;0;-1
0;972;46.4715;54.7706;49.1041;9.69619;3818.49;5.83018;0;0;0.1;0.01;0;5.88055;0;0;-1
0;973;45.6619;72.0068;48.4218;9.86394;4020.13;5.93104;0;0;0.1;0.01;0;3.34264;0;0;-1
0;974;63.6987;-58.7703;46.4786;8.74716;2803.43;5.25954;0;0;0.1;0.01;0;2.38363;0;0;-1
0;975;62.0105;-42.3763;47.6463;9.36522;3440.67;5.63117;0;0;0.1;0.01;0;5.04819;0;0;-1
0;976;59.8924;-24.0683;48.5193;8.5;2572.44;5.11093;0;0;0.1;0.01;0;4.86118;1;0;-1
0;977;63.6063;-8.70138;46.8133;10.1425;4370.42;6.09854;0;0;0.1;0.01;0;6.67373;0;0;-1
0;978;60.6633;8.13375;47.1467;9.86993;4027.46;5.93465;0;0;0.1;0.01;0;6.38267;0;0;-1
0;979;61.5216;26.8098;46.1114;9.90075;4065.3;5.95318;0;0;0.1;0.01;0;6.42639;0;0;-1
0;980;60.1705;43.6478;46.0405;10.1384;4365.13;6.09607;0;0;0.1;0.01;0;6.24449;0;0;-1
0;981;61.1705;61.0015;46.9963;9.12844;3186.24;5.4888;0;0;0.1;0.01;0;3.75836;0;0;-1
0;982;77.297;-30.3673;48.6458;8.61289;2676.3;5.17881;0;0;0.1;0.01;0;2.62318;0;0;-1
0;983;77.1321;-17.0996;47.7341;8.5;2572.44;5.11093;0;0;0.1;0.01;0;3.16166;1;0;-1
0;984;75.5671;1.82795;46.5483;9.84126;3992.46;5.91741;0;0;0.1;0.01;0;5.04732;0;0;-1
0;985;78.6909;17.3383;48.7968;10.0526;4255.24;6.04448;0;0;0.1;0.01;0;4.18487;0;0;-1
0;986;75.2841;34.6945;45.9225;10.2898;4563.62;6.18711;0;0;0.1;0.01;0;4.40591;0;0;-1
0;987;-65.6127;-30.2904;62.2597;8.57744;2643.39;5.15749;0;0;0.1;0.01;0;3.43807;0;0;-1
0;988;-66.5774;-15.4211;63.5511;8.87947;2932.58;5.3391;0;0;0.1;0.01;0;3.54043;0;0;-1
0;989;-66.6903;0.550484;61.3384;8.52153;2592.04;5.12387;0;0;0.1;0.01;0;3.47929;0;0;-1
0;990;-66.1505;19.5155;63.9305;9.60852;3715.85;5.77746;0;0;0.1;0.01;0;3.355;0;0;-1
0;991;-51.8196;-58.4806;60.449;9.06277;3117.97;5.44931;0;0;0.1;0.01;0;2.13631;0;0;-1
0;992;-51.4182;-38.758;63.6246;10.4312;4754.35;6.27213;0;0;0.1;0.01;0;5.19757;0;0;-1
0;993;-50.7451;-24.5021;63.3088;8.99047;3043.94;5.40584;0;0;0.1;0.01;0;6.4114;0;0;-1
0;994;-52.7068;-8.7929;61.3384;8.75928;2815.1;5.26683;0;0;0.1;0.01;0;4.57504;0;0;-1
0;995;-53.4879;10.3291;61.6469;10.3467;4639.75;6.22132;0;0;0.1;0.01;0;5.60447;0;0;-1
0;996;-53.0211;27.1253;62.1091;8.5119;2583.26;5.11808;0;0;0.1;0.01;0;4.04308;0;0;-1
0;997;-51.7535;46.5254;61.8017;9.49673;3587.66;5.71025;0;0;0.1;0.01;0;3.02819;0;0;-1
0;998;-36.3707;-47.5574;60.5158;9.31429;3384.84;5.60055;0;0;0.1;0.01;0;6.18368;0;0;-1
0;999;-36.9171;-33.1663;64.1636;8.56914;2635.73;5.1525;0;0;0.1;0.01;0;5.89052;0;0;-1
0;1000;-35.4723;-15.6557;62.6724;9.77893;3917.08;5.87993;0;0;0.1;0.01;0;6.62047;0;0;-1
0;1001;-36.164;1.45482;63.9603;8.73934;2795.92;5.25484;0;0;0.1;0.01;0;4.87493;0;0;-1
0;1002;-35.0681;19.5884;62.2221;8.80965;2863.94;5.29711;0;0;0.1;0.01;0;5.88807;0;0;-1
0;1003;-35.2267;37.0926;60.6633;9.96828;4149.06;5.99378;0;0;0.1;0.01;0;6.2938;0;0;-1
0;1004;-38.3045;52.2582;63.8404;9.47991;3568.63;5.70013;0;0;0.1;0.01;0;3.94475;0;0;-1
0;1005;-38.313;67.9602;60.6959;9.61487;3723.22;5.78128;0;0;0.1;0.01;0;3.18333;0;0;-1
0;1006;-21.3178;-73.231;63.7674;8.5;2572.44;5.11093;0;0;0.1;0.01;0;1.71337;1;0;-1
0;1007;-23.2926;-57.0286;62.244;10.4;4711.82;6.25337;0;0;0.1;0.01;0;6.18598;0;0;-1
0;1008;-22.2415;-40.8632;61.3932;10.2717;4539.58;6.17622;0;0;0.1;0.01;0;8.02864;0;0;-1
0;1009;-21.298;-22.735;63.6579;8.53442;2603.82;5.13162;0;0;0.1;0.01;0;6.2433;0;0;-1
0;1010;-21.9762;-5.56833;62.1269;10.3597;4657.26;6.22914;0;0;0.1;0.01;0;6.43787;0;0;-1
0;1011;-22.1175;10.5217;60.851;8.5;2572.44;5.11093;0;0;0.1;0.01;0;3.63306;1;0;-1
0;1012;-23.7893;26.8088;63.5262;9.01866;3072.66;5.42279;0;0;0.1;0.01;0;4.69368;0;0;-1
0;1013;-22.4091;44.4755;62.8102;9.87176;4029.7;5.93575;0;0;0.1;0.01;0;6.77188;0;0;-1
0;1014;-21.8316;59.6983;60.1714;8.81698;2871.1;5.30152;0;0;0.1;0.01;0;5.43961;0;0;-1
0;1015;-7.87715;-67.6923;60.3435;8.52518;2595.37;5.12607;0;0;0.1;0.01;0;3.89051;0;0;-1
0;1016;-7.87056;-47.703;63.1286;10.2311;4485.96;6.15181;0;0;0.1;0.01;0;6.71328;0;0;-1
0;1017;-5.56333;-29.8878;63.3918;9.05885;3113.92;5.44696;0;0;0.1;0.01;0;6.57546;0;0;-1
0;1018;-6.85237;-15.3318;60.9677;8.54701;2615.36;5.13919;0;0;0.1;0.01;0;6.62606;0;0;-1
0;1019;-8.78276;0.616048;60.7727;8.5;2572.44;5.11093;0;0;0.1;0.01;0;4.71431;1;0;-1
0;1020;-6.95362;20.8317;60.389;8.92528;2978.2;5.36664;0;0;0.1;0.01;0;4.61657;0;0;-1
0;1021;-8.83155;36.0086;63.5784;9.68264;3802.51;5.82203;0;0;0.1;0.01;0;7.04783;0;0;-1
0;1022;-6.47215;52.1429;61.0289;9.64341;3756.48;5.79844;0;0;0.1;0.01;0;7.58099;0;0;-1
0;1023;-7.43374;67.6696;60.8759;10.3052;4584.14;6.19637;0;0;0.1;0.01;0;4.93596;0;0;-1
0;1024;5.31969;-73.7701;61.9511;8.5;2572.44;5.11093;0;0;0.1;0.01;0;2.23742;1;0;-1
0;1025;6.87291;-57.4061;62.2998;10.176;4413.87;6.11868;0;0;0.1;0.01;0;5.81674;0;0;-1
0;1026;7.74307;-39.3488;61.0362;8.5;2572.44;5.11093;0;0;0.1;0.01;0;4.55314;1;0;-1
0;1027;6.38108;-22.6904;62.3479;9.92312;4092.92;5.96663;0;0;0.1;0.01;0;6.71169;0;0;-1
0;1028;9.17214;-6.37404;62.4732;10.2402;4497.94;6.15728;0;0;0.1;0.01;0;6.85731;0;0;-1
0;1029;8.78079;12.1969;62.242;8.66534;2725.5;5.21034;0;0;0.1;0.01;0;4.78881;0;0;-1
0;1030;7.91951;26.3231;63.4106;8.5;2572.44;5.11093;0;0;0.1;0.01;0;5.49495;1;0;-1
0;1031;7.42411;42.0732;60.083;10.2988;4575.6;6.19252;0;0;0.1;0.01;0;6.63495;0;0;-1
0;1032;6.63931;63.0858;63.2889;9.3194;3390.41;5.60362;0;0;0.1;0.01;0;4.6219;0;0;-1
0;1033;21.3033;-63.8652;60.9647;8.5;2572.44;5.11093;0;0;0.1;0.01;0;3.70121;1;0;-1
0;1034;23.255;-50.2963;61.9522;8.5;2572.44;5.11093;0;0;0.1;0.01;0;4.4344;1;0;-1
0;1035;20.9385;-32.3594;61.0309;8.5;2572.44;5.11093;0;0;0.1;0.01;0;3.83397;1;0;-1
0;1036;24.212;-12.6691;60.3654;8.5;2572.44;5.11093;0;0;0.1;0.01;0;5.40673;1;0;-1
0;1037;20.6149;2.95118;61.7806;8.5;2572.44;5.11093;0;0;0.1;0.01;0;5.06535;1;0;-1
0;1038;23.0846;19.7947;63.7351;10.3275;4613.96;6.20978;0;0;0.1;0.01;0;7.34288;0;0;-1
0;1039;21.9247;37.8414;63.1523;8.70203;2760.26;5.2324;0;0;0.1;0.01;0;5.68847;0;0;-1
0;1040;21.574;53.1538;60.4202;8.5;2572.44;5.11093;0;0;0.1;0.01;0;5.29504;1;0;-1
0;1041;22.1351;69.1091;61.3934;9.0674;3122.75;5.4521;0;0;0.1;0.01;0;3.38988;0;0;-1
0;1042;34.669;-59.73;63.5407;8.5;2572.44;5.11093;0;0;0.1;0.01;0;2.17397;1;0;-1
0;1043;36.1557;-39.34;62.5741;9.23923;3303.66;5.55541;0;0;0.1;0.01;0;4.51223;0;0;-1
0;1044;38.1794;-22.8145;61.8945;8.81792;2872.02;5.30209;0;0;0.1;0.01;0;4.89473;0;0;-1
0;1045;35.796;-5.05966;62.6126;8.95321;3006.25;5.38344;0;0;0.1;0.01;0;4.80382;0;0;-1
0;1046;38.2688;12.2876;61.3807;9.45337;3538.74;5.68417;0;0;0.1;0.01;0;5.64922;0;0;-1
0;1047;37.9525;26.208;60.2547;8.5;2572.44;5.11093;0;0;0.1;0.01;0;6.73319;1;0;-1
0;1048;35.5241;43.3581;63.5196;9.23679;3301.05;5.55395;0;0;0.1;0.01;0;5.6296;0;0;-1
0;1049;38.6625;60.4739;63.3816;9.72555;3853.28;5.84783;0;0;0.1;0.01;0;3.94744;0;0;-1
0;1050;53.4601;-48.7332;61.7471;9.52246;3616.9;5.72572;0;0;0.1;0.01;0;3.22298;0;0;-1
0;1051;50.364;-33.3928;60.8818;8.5;2572.44;5.11093;0;0;0.1;0.01;0;4.87512;1;0;-1
0;1052;51.0259;-15.2824;62.1402;9.58171;3684.83;5.76134;0;0;0.1;0.01;0;5.69714;0;0;-1
0;1053;50.0349;0.795639;62.6973;8.5;2572.44;5.11093;0;0;0.1;0.01;0;4.12788;1;0;-1
0;1054;50.55;20.6971;60.9299;8.5;2572.44;5.11093;0;0;0.1;0.01;0;5.72303;1;0;-1
0;1055;50.8741;34.8053;61.8163;9.8158;3961.56;5.9021;0;0;0.1;0.01;0;6.01762;0;0;-1
0;1056;53.695;53.0074;62.7398;10.1404;4367.71;6.09728;0;0;0.1;0.01;0;3.14174;0;0;-1
0;1057;67.0771;-40.8572;60.896;10.4293;4751.76;6.27099;0;0;0.1;0.01;0;2.85246;0;0;-1
0;1058;64.4546;-21.5172;62.1422;8.5;2572.44;5.11093;0;0;0.1;0.01;0;2.95784;1;0;-1
0;1059;64.4432;-5.43709;61.8687;8.5;2572.44;5.11093;0;0;0.1;0.01;0;4.0795;1;0;-1
0;1060;66.7718;9.19749;60.6566;9.7064;3830.57;5.83632;0;0;0.1;0.01;0;3.28631;0;0;-1
0;1061;65.1737;25.0278;60.1684;8.80062;2855.15;5.29169;0;0;0.1;0.01;0;2.81796;0;0;-1
0;1062;-54.4208;-23.7638;75.9874;9.34551;3418.99;5.61932;0;0;0.1;0.01;0;3.60179;0;0;-1
0;1063;-56.5103;-4.70133;78.704;8.5;2572.44;5.11093;0;0;0.1;0.01;0;1.66216;1;0;-1
0;1064;-54.9428;10.6836;76.2455;9.32397;3395.4;5.60637;0;0;0.1;0.01;0;3.90472;0;0;-1
0;1065;-56.4438;29.7248;75.018;10.447;4775.99;6.28163;0;0;0.1;0.01;0;3.23434;0;0;-1
0;1066;-40.03;-48.96;77.0303;8.5;2572.44;5.11093;0;0;0.1;0.01;0;2.24545;1;0;-1
0;1067;-42.2507;-30.799;77.7975;8.79456;2849.25;5.28804;0;0;0.1;0.01;0;4.74848;0;0;-1
0;1068;-40.3983;-15.926;75.0968;9.98709;4172.59;6.00509;0;0;0.1;0.01;0;6.54636;0;0;-1
0;1069;-40.4541;2.86976;77.9468;9.51488;3608.27;5.72116;0;0;0.1;0.01;0;5.73018;0;0;-1
0;1070;-41.633;17.7813;74.6447;8.54694;2615.29;5.13915;0;0;0.1;0.01;0;5.54989;0;0;-1
0;1071;-39.3188;33.6811;76.4753;9.87209;4030.1;5.93594;0;0;0.1;0.01;0;4.14488;0;0;-1
0;1072;-24.3922;-55.1595;76.946;9.73996;3870.44;5.8565;0;0;0.1;0.01;0;3.46642;0;0;-1
0;1073;-26.2733;-40.8467;74.9512;9.02504;3079.19;5.42663;0;0;0.1;0.01;0;5.50474;0;0;-1
0;1074;-27.4696;-23.1575;76.5331;10.0637;4269.35;6.05116;0;0;0.1;0.01;0;7.0133;0;0;-1
0;1075;-27.2468;-4.52072;77.9006;9.34698;3420.6;5.6202;0;0;0.1;0.01;0;6.549;0;0;-1
0;1076;-24.9826;12.2916;77.046;9.04555;3100.23;5.43896;0;0;0.1;0.01;0;5.77428;0;0;-1
0;1077;-25.7893;26.5336;77.3045;9.31413;3384.66;5.60045;0;0;0.1;0.01;0;5.89808;0;0;-1
0;1078;-25.3416;43.7249;77.7633;9.28589;3353.97;5.58347;0;0;0.1;0.01;0;3.80817;0;0;-1
0;1079;-10.0637;-47.8099;76.4022;8.80812;2862.45;5.29619;0;0;0.1;0.01;0;4.92332;0;0;-1
0;1080;-12.4518;-31.1429;76.4169;10.2266;4480.05;6.14911;0;0;0.1;0.01;0;7.47844;0;0;-1
0;1081;-12.8028;-16.1712;74.6153;9.40462;3484.27;5.65486;0;0;0.1;0.01;0;7.35071;0;0;-1
0;1082;-13.5669;0.328413;78.4979;10.2202;4471.64;6.14526;0;0;0.1;0.01;0;6.59484;0;0;-1
0;1083;-11.4823;20.5741;78.3217;8.95194;3004.97;5.38267;0;0;0.1;0.01;0;5.81068;0;0;-1
0;1084;-10.8842;36.5069;76.7797;10.0821;4292.81;6.06222;0;0;0.1;0.01;0;7.27519;0;0;-1
0;1085;-11.9893;51.5961;76.3123;9.93362;4105.93;5.97294;0;0;0.1;0.01;0;4.78244;0;0;-1
0;1086;3.54393;-58.8478;76.6041;10.3992;4710.73;6.25289;0;0;0.1;0.01;0;3.37013;0;0;-1
0;1087;1.37969;-42.2312;78.4825;8.5;2572.44;5.11093;0;0;0.1;0.01;0;4.97549;1;0;-1
0;1088;4.76708;-23.2435;76.3312;10.0445;4244.96;6.03961;0;0;0.1;0.01;0;6.80785;0;0;-1
0;1089;1.29936;-7.5935;78.2466;9.92445;4094.57;5.96743;0;0;0.1;0.01;0;6.26993;0;0;-1
0;1090;3.27158;11.4177;77.634;8.90179;2954.75;5.35252;0;0;0.1;0.01;0;4.54064;0;0;-1
0;1091;1.50497;27.3599;77.7772;9.65841;3774.03;5.80746;0;0;0.1;0.01;0;7.23908;0;0;-1
0;1092;2.54155;42.4938;76.466;10.3015;4579.2;6.19414;0;0;0.1;0.01;0;6.33634;0;0;-1
0;1093;4.04328;61.3714;76.5668;9.70352;3827.16;5.83459;0;0;0.1;0.01;0;3.29142;0;0;-1
0;1094;16.4749;-49.598;74.9904;8.82222;2876.22;5.30467;0;0;0.1;0.01;0;3.51531;0;0;-1
0;1095;17.4665;-30.7377;77.8417;9.94785;4123.6;5.9815;0;0;0.1;0.01;0;6.04511;0;0;-1
0;1096;18.4969;-13.1223;74.6073;9.11763;3174.93;5.4823;0;0;0.1;0.01;0;6.14247;0;0;-1
0;1097;16.7195;3.34239;76.3015;8.78297;2838;5.28107;0;0;0.1;0.01;0;5.25321;0;0;-1
0;1098;18.4116;20.1261;76.7576;8.5;2572.44;5.11093;0;0;0.1;0.01;0;5.81168;1;0;-1
0;1099;18.6038;33.9799;76.0138;10.0972;4312.13;6.0713;0;0;0.1;0.01;0;7.30692;0;0;-1
0;1100;18.5661;54.4256;76.1491;9.59276;3697.6;5.76799;0;0;0.1;0.01;0;3.59957;0;0;-1
0;1101;32.5522;-40.1988;76.4291;10.1849;4425.47;6.12403;0;0;0.1;0.01;0;3.81247;0;0;-1
0;1102;31.2494;-22.9464;78.5518;10.1291;4353.13;6.09048;0;0;0.1;0.01;0;5.58367;0;0;-1
0;1103;31.1798;-5.98764;77.3402;8.5572;2624.72;5.14532;0;0;0.1;0.01;0;5.20055;0;0;-1
0;1104;32.3715;11.7419;76.1742;9.07028;3125.72;5.45383;0;0;0.1;0.01;0;4.4638;0;0;-1
0;1105;34.5152;28.4103;76.6465;10.3011;4578.67;6.1939;0;0;0.1;0.01;0;5.87628;0;0;-1
0;1106;30.9544;46.4946;78.1606;10.3268;4613.03;6.20935;0;0;0.1;0.01;0;4.16899;0;0;-1
0;1107;49.0879;-30.395;78.6695;9.26179;3327.92;5.56898;0;0;0.1;0.01;0;1.68957;0;0;-1
0;1108;45.4477;-13.8853;75.307;8.5304;2600.14;5.12921;0;0;0.1;0.01;0;4.76286;0;0;-1
0;1109;47.4468;0.400917;77.9812;8.55106;2619.08;5.14163;0;0;0.1;0.01;0;3.45298;0;0;-1
0;1110;48.3218;20.0366;74.9215;9.58572;3689.46;5.76375;0;0;0.1;0.01;0;3.86956;0;0;-1
0;1111;49.0124;36.2389;77.4677;8.5;2572.44;5.11093;0;0;0.1;0.01;0;2.34042;1;0;-1
0;1112;60.4383;-6.10847;78.4464;8.5;2572.44;5.11093;0;0;0.1;0.01;0;1.59495;1;0;-1
0;1113;-36.273;-15.7304;89.6357;9.8315;3980.59;5.91154;0;0;0.1;0.01;0;4.24704;0;0;-1
0;1114;-36.4148;1.56712;91.2362;8.5;2572.44;5.11093;0;0;0.1;0.01;0;3.922;1;0;-1
0;1115;-38.4465;16.9535;89.8899;10.0141;4206.53;6.02133;0;0;0.1;0.01;0;3.76972;0;0;-1
0;1116;-21.1044;-24.4699;90.0484;10.4526;4783.67;6.285;0;0;0.1;0.01;0;4.94905;0;0;-1
0;1117;-23.4161;-6.36319;93.0756;10.0382;4236.98;6.03582;0;0;0.1;0.01;0;4.5404;0;0;-1
0;1118;-22.7374;11.6904;89.7667;8.5;2572.44;5.11093;0;0;0.1;0.01;0;4.56418;1;0;-1
0;1119;-21.6263;27.633;93.3757;10.1704;4406.59;6.11531;0;0;0.1;0.01;0;3.63923;0;0;-1
0;1120;-7.4751;-31.4704;90.7929;9.99572;4183.41;6.01028;0;0;0.1;0.01;0;4.74702;0;0;-1
0;1121;-8.53429;-14.011;89.4443;9.49792;3589.01;5.71096;0;0;0.1;0.01;0;6.43384;0;0;-1
0;1122;-6.51482;1.18146;92.6587;9.92513;4095.41;5.96784;0;0;0.1;0.01;0;5.31285;0;0;-1
0;1123;-5.80738;19.1315;93.3189;10.3778;4681.71;6.24002;0;0;0.1;0.01;0;5.37774;0;0;-1
0;1124;-7.61019;35.0383;92.3612;8.5;2572.44;5.11093;0;0;0.1;0.01;0;3.70875;1;0;-1
0;1125;5.42101;-38.5683;92.1455;8.64182;2703.36;5.1962;0;0;0.1;0.01;0;2.7728;0;0;-1
0;1126;6.63134;-23.3671;92.1223;9.97299;4154.94;5.99661;0;0;0.1;0.01;0;4.85965;0;0;-1
0;1127;7.32579;-5.04186;91.6077;9.76217;3896.98;5.86985;0;0;0.1;0.01;0;4.37053;0;0;-1
0;1128;6.66624;10.807;91.2095;9.29955;3368.79;5.59168;0;0;0.1;0.01;0;4.12366;0;0;-1
0;1129;6.09865;28.7518;90.057;9.47028;3557.76;5.69434;0;0;0.1;0.01;0;5.3347;0;0;-1
0;1130;23.7529;-31.967;89.8578;8.5;2572.44;5.11093;0;0;0.1;0.01;0;2.95075;1;0;-1
0;1131;20.7065;-13.4769;89.3563;8.96289;3016.01;5.38926;0;0;0.1;0.01;0;4.82288;0;0;-1
0;1132;22.7965;0.117536;90.1654;8.56343;2630.46;5.14907;0;0;0.1;0.01;0;3.46853;0;0;-1
0;1133;20.0069;20.8219;90.9653;8.88242;2935.5;5.34087;0;0;0.1;0.01;0;3.25162;0;0;-1
0;1134;20.8913;36.7178;90.3464;8.61361;2676.97;5.17924;0;0;0.1;0.01;0;2.71935;0;0;-1
0;1135;37.3231;-7.80794;89.7309;9.767;3902.76;5.87276;0;0;0.1;0.01;0;3.63656;0;0;-1
0;1136;35.4268;9.72561;91.1666;8.5238;2594.11;5.12524;0;0;0.1;0.01;0;1.96348;0;0;-1
