Time;ID;x;y;z;radius;volume_total;radius_nuclear;contact_ECM;freezer;polarized_fraction;motility;cell_line;Cell_cell;phase;Cycle;NFkB
0;0;-51.3204;-4.61165;-83.4197;8.5;2572.44;5.11093;0;0;0.1;0.01;0;2.6448;1;0;-1
0;1;-37.4331;-33.3432;-84.6826;9.8791;4038.69;5.94016;0;0;0.1;0.01;0;2.67689;0;0;-1
0;2;-37.6562;-13.8282;-86.484;8.5;2572.44;5.11093;0;0;0.1;0.01;0;2.65219;1;0;-1
0;3;-38.5092;0.467092;-85.594;8.93259;2985.53;5.37104;0;0;0.1;0.01;0;2.49503;0;0;-1
0;4;-35.4888;20.6064;-84.3378;10.0373;4235.84;6.03528;0;0;0.1;0.01;0;3.05532;0;0;-1
0;5;-21.8017;-40.628;-87.2574;9.31441;3384.97;5.60062;0;0;0.1;0.01;0;2.80844;0;0;-1
0;6;-20.5474;-22.4007;-85.9317;8.72424;2781.45;5.24576;0;0;0.1;0.01;0;4.2399;0;0;-1
0;7;-21.0281;-8.4191;-84.5114;8.68751;2746.47;5.22367;0;0;0.1;0.01;0;4.10851;0;0;-1
0;8;-20.305;10.7182;-85.9722;8.9461;2999.09;5.37916;0;0;0.1;0.01;0;3.39633;0;0;-1
0;9;-22.2991;28.7621;-84.0038;9.1147;3171.87;5.48054;0;0;0.1;0.01;0;3.81291;0;0;-1
0;10;-8.84246;-49.334;-83.4162;10.3831;4688.89;6.24321;0;0;0.1;0.01;0;3.60954;0;0;-1
0;11;-7.09686;-30.7542;-87.1593;9.25676;3322.5;5.56596;0;0;0.1;0.01;0;4.75466;0;0;-1
0;12;-6.80569;-16.6199;-86.2545;8.92614;2979.06;5.36716;0;0;0.1;0.01;0;5.07677;0;0;-1
0;13;-6.59236;0.141735;-85.5169;10.1914;4433.94;6.12794;0;0;0.1;0.01;0;5.02036;0;0;-1
0;14;-7.56563;20.0287;-83.7596;10.1998;4444.92;6.13299;0;0;0.1;0.01;0;5.00726;0;0;-1
0;15;-7.67473;38.2909;-83.9325;9.71243;3837.71;5.83994;0;0;0.1;0.01;0;3.32103;0;0;-1
0;16;7.44536;-40.8723;-85.9495;10.0896;4302.4;6.06673;0;0;0.1;0.01;0;4.84753;0;0;-1
0;17;6.40484;-24.2345;-83.4878;10.0954;4309.82;6.07022;0;0;0.1;0.01;0;6.03771;0;0;-1
0;18;8.72387;-6.01965;-85.8324;8.76963;2825.09;5.27305;0;0;0.1;0.01;0;3.89451;0;0;-1
0;19;6.4763;10.9312;-86.7605;8.73724;2793.9;5.25358;0;0;0.1;0.01;0;2.66711;0;0;-1
0;20;7.75349;27.7529;-87.392;8.84193;2895.54;5.31652;0;0;0.1;0.01;0;3.18376;0;0;-1
0;21;8.87492;45.3826;-83.5774;10.2972;4573.47;6.19156;0;0;0.1;0.01;0;3.80211;0;0;-1
0;22;20.2456;-49.1548;-84.4969;9.44966;3534.57;5.68194;0;0;0.1;0.01;0;3.23442;0;0;-1
0;23;23.3366;-34.0342;-86.6638;10.0918;4305.21;6.06805;0;0;0.1;0.01;0;5.1231;0;0;-1
0;24;20.6082;-15.7279;-84.9633;8.5;2572.44;5.11093;0;0;0.1;0.01;0;3.28303;1;0;-1
0;25;22.4769;3.45293;-86.8675;8.58914;2654.22;5.16453;0;0;0.1;0.01;0;3.58942;0;0;-1
0;26;23.6321;20.389;-84.4897;8.88816;2941.2;5.34432;0;0;0.1;0.01;0;4.47591;0;0;-1
0;27;23.5474;37.7411;-84.8639;9.8457;3997.87;5.92008;0;0;0.1;0.01;0;3.69322;0;0;-1
0;28;36.3547;-40.1938;-83.6469;9.99562;4183.29;6.01022;0;0;0.1;0.01;0;3.76941;0;0;-1
0;29;35.468;-25.5455;-86.1258;8.5;2572.44;5.11093;0;0;0.1;0.01;0;3.01594;1;0;-1
0;30;37.2092;-5.59808;-85.3031;10.2046;4451.19;6.13588;0;0;0.1;0.01;0;2.52997;0;0;-1
0;31;36.5588;10.8605;-83.9718;10.2277;4481.49;6.14977;0;0;0.1;0.01;0;3.93977;0;0;-1
0;32;37.5887;26.9798;-83.9242;10.0868;4298.82;6.06505;0;0;0.1;0.01;0;4.35934;0;0;-1
0;33;-70.5239;-14.7652;-69.3714;9.3986;3477.59;5.65124;0;0;0.1;0.01;0;2.28081;0;0;-1
0;34;-57.8111;-39.4489;-71.3451;9.97762;4160.73;5.9994;0;0;0.1;0.01;0;3.10443;0;0;-1
0;35;-56.6661;-25.19;-72.4933;9.30194;3371.39;5.59312;0;0;0.1;0.01;0;3.99652;0;0;-1
0;36;-54.7641;-8.89914;-70.8553;8.5;2572.44;5.11093;0;0;0.1;0.01;0;4.5041;1;0;-1
0;37;-56.2942;9.85587;-69.7933;10.3383;4628.45;6.21627;0;0;0.1;0.01;0;3.50742;0;0;-1
0;38;-57.7884;28.478;-71.5025;8.5;2572.44;5.11093;0;0;0.1;0.01;0;2.15889;1;0;-1
0;39;-54.6533;46.9043;-68.5796;9.52835;3623.61;5.72926;0;0;0.1;0.01;0;3.24114;0;0;-1
0;40;-41.5494;-51.3129;-72.6792;9.08313;3139.03;5.46155;0;0;0.1;0.01;0;2.11148;0;0;-1
0;41;-41.3957;-30.4543;-70.9876;9.44447;3528.75;5.67882;0;0;0.1;0.01;0;5.73742;0;0;-1
0;42;-42.2321;-16.6259;-69.6688;10.4347;4759.14;6.27423;0;0;0.1;0.01;0;6.85673;0;0;-1
0;43;-39.4109;1.72933;-69.0954;8.5;2572.44;5.11093;0;0;0.1;0.01;0;4.22157;1;0;-1
0;44;-42.3603;16.7621;-69.0662;8.5;2572.44;5.11093;0;0;0.1;0.01;0;5.51233;1;0;-1
0;45;-42.4253;34.2522;-69.8611;9.48534;3574.76;5.7034;0;0;0.1;0.01;0;5.21353;0;0;-1
0;46;-41.2105;53.4639;-69.418;8.5;2572.44;5.11093;0;0;0.1;0.01;0;3.80452;1;0;-1
0;47;-26.581;-57.1953;-70.3547;8.69547;2754.02;5.22846;0;0;0.1;0.01;0;4.02654;0;0;-1
0;48;-28.559;-42.5906;-68.4933;10.4235;4743.83;6.2675;0;0;0.1;0.01;0;6.38754;0;0;-1
0;49;-26.2503;-24.7412;-70.6816;8.78999;2844.81;5.28529;0;0;0.1;0.01;0;5.81331;0;0;-1
0;50;-24.728;-8.81268;-71.8693;8.5;2572.44;5.11093;0;0;0.1;0.01;0;4.47507;1;0;-1
0;51;-26.8808;11.1069;-69.6536;9.33999;3412.93;5.616;0;0;0.1;0.01;0;5.35043;0;0;-1
0;52;-26.0078;26.9281;-69.2394;10.0291;4225.46;6.03035;0;0;0.1;0.01;0;6.56958;0;0;-1
0;53;-27.6156;43.735;-70.6702;9.33376;3406.11;5.61225;0;0;0.1;0.01;0;4.6019;0;0;-1
0;54;-27.166;62.1937;-69.8068;9.79464;3935.99;5.88937;0;0;0.1;0.01;0;3.73961;0;0;-1
0;55;-13.5705;-63.8494;-69.0189;9.87774;4037.02;5.93934;0;0;0.1;0.01;0;4.04113;0;0;-1
0;56;-13.8226;-48.1385;-68.3396;8.5;2572.44;5.11093;0;0;0.1;0.01;0;5.72163;1;0;-1
0;57;-11.3447;-31.1879;-72.608;8.91585;2968.77;5.36097;0;0;0.1;0.01;0;5.09887;0;0;-1
0;58;-12.6973;-15.0491;-70.9669;9.29638;3365.35;5.58978;0;0;0.1;0.01;0;6.58887;0;0;-1
0;59;-9.95422;1.9642;-71.7782;9.45092;3535.99;5.6827;0;0;0.1;0.01;0;5.80985;0;0;-1
0;60;-11.6442;16.59;-70.1491;8.82064;2874.68;5.30372;0;0;0.1;0.01;0;5.34557;0;0;-1
0;61;-11.8822;36.6272;-70.9271;9.09843;3154.92;5.47075;0;0;0.1;0.01;0;4.65205;0;0;-1
0;62;-10.7494;55.082;-70.3582;9.75011;3882.55;5.8626;0;0;0.1;0.01;0;3.31298;0;0;-1
0;63;2.17877;-56.2427;-69.0627;9.01971;3073.73;5.42342;0;0;0.1;0.01;0;4.73819;0;0;-1
0;64;3.94361;-40.1486;-72.0493;8.76763;2823.16;5.27185;0;0;0.1;0.01;0;5.20032;0;0;-1
0;65;2.7165;-22.8976;-68.5028;10.2393;4496.76;6.15674;0;0;0.1;0.01;0;7.071;0;0;-1
0;66;4.34084;-7.97858;-72.0169;9.90275;4067.77;5.95438;0;0;0.1;0.01;0;6.59549;0;0;-1
0;67;2.35481;10.1692;-69.2194;8.5;2572.44;5.11093;0;0;0.1;0.01;0;4.96726;1;0;-1
0;68;4.40084;26.795;-69.6925;8.5;2572.44;5.11093;0;0;0.1;0.01;0;4.49279;1;0;-1
0;69;4.43641;45.7947;-70.545;9.40266;3482.1;5.65368;0;0;0.1;0.01;0;6.07157;0;0;-1
0;70;3.50835;63.7155;-70.1501;9.87208;4030.09;5.93594;0;0;0.1;0.01;0;3.45342;0;0;-1
0;71;16.3299;-66.2718;-69.8984;9.33398;3406.35;5.61239;0;0;0.1;0.01;0;2.89255;0;0;-1
0;72;15.9714;-47.1699;-70.9238;8.71329;2770.99;5.23917;0;0;0.1;0.01;0;4.75394;0;0;-1
0;73;19.2576;-30.205;-70.8743;10.2304;4485.04;6.15139;0;0;0.1;0.01;0;6.89041;0;0;-1
0;74;16.408;-14.0942;-69.2276;8.5;2572.44;5.11093;0;0;0.1;0.01;0;6.69971;1;0;-1
0;75;16.9956;1.22084;-71.323;9.24351;3308.26;5.55799;0;0;0.1;0.01;0;5.44152;0;0;-1
0;76;16.0019;18.2032;-69.2043;8.72477;2781.96;5.24608;0;0;0.1;0.01;0;4.98763;0;0;-1
0;77;17.3108;35.4426;-70.6401;9.03495;3089.34;5.43258;0;0;0.1;0.01;0;5.48837;0;0;-1
0;78;19.456;55.0772;-70.2824;10.194;4437.34;6.1295;0;0;0.1;0.01;0;4.06616;0;0;-1
0;79;31.0781;-57.7953;-69.4732;8.5;2572.44;5.11093;0;0;0.1;0.01;0;3.35973;1;0;-1
0;80;31.7646;-38.5277;-68.4294;9.87873;4038.24;5.93994;0;0;0.1;0.01;0;6.27569;0;0;-1
0;81;32.0154;-21.8248;-69.6467;8.5;2572.44;5.11093;0;0;0.1;0.01;0;4.93499;1;0;-1
0;82;33.3328;-6.34433;-68.8116;9.53103;3626.67;5.73087;0;0;0.1;0.01;0;5.57054;0;0;-1
0;83;30.571;12.4428;-71.3;9.73152;3860.39;5.85142;0;0;0.1;0.01;0;6.45255;0;0;-1
0;84;33.623;28.6037;-68.5218;10.0382;4236.98;6.03582;0;0;0.1;0.01;0;6.888;0;0;-1
0;85;34.0087;43.7477;-71.97;8.5;2572.44;5.11093;0;0;0.1;0.01;0;4.23521;1;0;-1
0;86;46.3641;-51.2874;-68.911;9.61922;3728.28;5.7839;0;0;0.1;0.01;0;2.75947;0;0;-1
0;87;45.9786;-30.4821;-71.9464;9.01313;3067.01;5.41946;0;0;0.1;0.01;0;4.33462;0;0;-1
0;88;47.5541;-13.4211;-72.0012;9.9526;4129.51;5.98435;0;0;0.1;0.01;0;4.86588;0;0;-1
0;89;45.3291;1.65019;-69.063;8.5;2572.44;5.11093;0;0;0.1;0.01;0;5.76146;1;0;-1
0;90;47.307;17.1274;-68.9522;10.3912;4699.87;6.24808;0;0;0.1;0.01;0;6.38453;0;0;-1
0;91;48.9714;36.8776;-71.9519;10.2103;4458.66;6.13931;0;0;0.1;0.01;0;3.53502;0;0;-1
0;92;46.7017;54.1083;-69.0036;8.5;2572.44;5.11093;0;0;0.1;0.01;0;2.53787;1;0;-1
0;93;60.0243;-25.6666;-72.0486;10.0688;4275.84;6.05422;0;0;0.1;0.01;0;2.75183;0;0;-1
0;94;62.568;-5.60761;-71.9184;8.73835;2794.97;5.25424;0;0;0.1;0.01;0;2.3343;0;0;-1
0;95;61.3284;9.87454;-68.8404;9.81409;3959.49;5.90107;0;0;0.1;0.01;0;3.63327;0;0;-1
0;96;-80.3916;-8.31412;-55.4063;9.69228;3813.88;5.82783;0;0;0.1;0.01;0;2.96343;0;0;-1
0;97;-80.126;12.4602;-54.3364;8.7296;2786.58;5.24898;0;0;0.1;0.01;0;2.61313;0;0;-1
0;98;-65.7593;-48.4237;-54.2752;10.1245;4347.2;6.08771;0;0;0.1;0.01;0;4.67933;0;0;-1
0;99;-67.7043;-33.8782;-55.41;8.95215;3005.18;5.3828;0;0;0.1;0.01;0;3.30315;0;0;-1
0;100;-65.5548;-12.6511;-56.3755;8.50736;2579.13;5.11535;0;0;0.1;0.01;0;4.0004;0;0;-1
0;101;-64.6004;1.73679;-53.9645;9.72048;3847.26;5.84478;0;0;0.1;0.01;0;5.33516;0;0;-1
0;102;-68.0096;19.6465;-57.7823;8.68328;2742.46;5.22113;0;0;0.1;0.01;0;3.53584;0;0;-1
0;103;-66.443;35.4387;-55.5491;8.5;2572.44;5.11093;0;0;0.1;0.01;0;3.49313;1;0;-1
0;104;-52.2512;-59.3464;-54.8764;9.7421;3872.99;5.85778;0;0;0.1;0.01;0;4.06004;0;0;-1
0;105;-52.9142;-42.3702;-57.5517;8.54632;2614.73;5.13878;0;0;0.1;0.01;0;4.59213;0;0;-1
0;106;-51.3189;-24.6939;-57.8013;8.5;2572.44;5.11093;0;0;0.1;0.01;0;4.56824;1;0;-1
0;107;-49.8627;-4.79196;-57.1213;9.83619;3986.29;5.91436;0;0;0.1;0.01;0;6.42059;0;0;-1
0;108;-51.7505;12.0424;-54.3862;9.7551;3888.52;5.8656;0;0;0.1;0.01;0;7.06054;0;0;-1
0;109;-51.0326;27.8559;-57.8117;10.3779;4681.85;6.24008;0;0;0.1;0.01;0;6.92859;0;0;-1
0;110;-52.1417;44.8076;-54.0083;9.75705;3890.85;5.86677;0;0;0.1;0.01;0;6.19936;0;0;-1
0;111;-50.5762;59.7291;-54.4391;10.0947;4308.92;6.0698;0;0;0.1;0.01;0;5.15161;0;0;-1
0;112;-38.6631;-66.5817;-56.3507;9.78686;3926.62;5.8847;0;0;0.1;0.01;0;4.10185;0;0;-1
0;113;-38.3706;-51.0481;-54.5661;9.22818;3291.83;5.54877;0;0;0.1;0.01;0;5.19258;0;0;-1
0;114;-36.5534;-31.2278;-56.2491;9.62245;3732.03;5.78584;0;0;0.1;0.01;0;6.18113;0;0;-1
0;115;-36.5252;-14.8546;-55.7944;10.2702;4537.59;6.17532;0;0;0.1;0.01;0;6.81605;0;0;-1
0;116;-37.752;2.43608;-54.3727;8.98033;3033.65;5.39974;0;0;0.1;0.01;0;5.5227;0;0;-1
0;117;-36.0781;20.9919;-57.0211;10.2728;4541.04;6.17689;0;0;0.1;0.01;0;7.5395;0;0;-1
0;118;-35.2034;36.6511;-55.0691;8.75833;2814.18;5.26626;0;0;0.1;0.01;0;6.65475;0;0;-1
0;119;-36.9988;51.2787;-56.5099;10.0445;4244.96;6.03961;0;0;0.1;0.01;0;6.94539;0;0;-1
0;120;-35.9295;70.3145;-57.9282;10.4064;4720.52;6.25722;0;0;0.1;0.01;0;4.27245;0;0;-1
0;121;-23.9291;-76.0215;-57.3269;9.56038;3660.28;5.74852;0;0;0.1;0.01;0;3.145;0;0;-1
0;122;-21.8316;-56.2175;-56.4037;9.42137;3502.92;5.66493;0;0;0.1;0.01;0;6.51181;0;0;-1
0;123;-21.0902;-40.4644;-54.8482;10.0066;4197.09;6.01682;0;0;0.1;0.01;0;6.9822;0;0;-1
0;124;-23.6235;-22.5397;-56.7454;9.91108;4078.04;5.95939;0;0;0.1;0.01;0;6.87606;0;0;-1
0;125;-21.5854;-7.15185;-56.3437;8.98657;3039.98;5.40349;0;0;0.1;0.01;0;5.62993;0;0;-1
0;126;-22.4083;9.00021;-55.9843;9.44496;3529.3;5.67912;0;0;0.1;0.01;0;4.79976;0;0;-1
0;127;-21.402;25.5974;-55.5842;8.61865;2681.68;5.18227;0;0;0.1;0.01;0;5.26411;0;0;-1
0;128;-21.7796;42.3035;-56.7003;8.5;2572.44;5.11093;0;0;0.1;0.01;0;5.12261;1;0;-1
0;129;-22.1141;63.2058;-54.4622;10.3642;4663.33;6.23184;0;0;0.1;0.01;0;7.13558;0;0;-1
0;130;-22.0251;77.9772;-57.0159;9.14647;3205.16;5.49964;0;0;0.1;0.01;0;3.52585;0;0;-1
0;131;-9.28445;-80.789;-56.0055;8.5;2572.44;5.11093;0;0;0.1;0.01;0;2.4685;1;0;-1
0;132;-5.76713;-65.6707;-55.7477;9.0412;3095.76;5.43634;0;0;0.1;0.01;0;4.74606;0;0;-1
0;133;-6.23337;-47.1123;-55.1224;9.62786;3738.33;5.78909;0;0;0.1;0.01;0;5.88171;0;0;-1
0;134;-8.77195;-29.9202;-54.616;9.80216;3945.06;5.8939;0;0;0.1;0.01;0;5.57577;0;0;-1
0;135;-8.94603;-14.1402;-55.4218;8.61231;2675.76;5.17846;0;0;0.1;0.01;0;5.84091;0;0;-1
0;136;-7.06528;0.368538;-56.7244;8.5;2572.44;5.11093;0;0;0.1;0.01;0;5.33811;1;0;-1
0;137;-5.92364;20.9921;-55.1534;10.3787;4682.93;6.24056;0;0;0.1;0.01;0;6.33329;0;0;-1
0;138;-8.23891;36.9534;-55.4878;10.3709;4672.38;6.23587;0;0;0.1;0.01;0;6.41292;0;0;-1
0;139;-5.82983;54.9386;-55.1103;10.4463;4775.03;6.28121;0;0;0.1;0.01;0;6.1831;0;0;-1
0;140;-8.71888;70.328;-55.132;8.9171;2970.02;5.36172;0;0;0.1;0.01;0;3.30116;0;0;-1
0;141;8.98668;-74.3221;-56.9043;8.95921;3012.3;5.38704;0;0;0.1;0.01;0;3.46872;0;0;-1
0;142;6.86519;-58.0827;-56.2128;9.9375;4110.74;5.97527;0;0;0.1;0.01;0;6.12693;0;0;-1
0;143;7.34302;-41.7066;-54.9295;8.5;2572.44;5.11093;0;0;0.1;0.01;0;4.38066;1;0;-1
0;144;9.40227;-22.7146;-56.6043;9.348;3421.72;5.62082;0;0;0.1;0.01;0;6.49529;0;0;-1
0;145;6.02997;-8.01962;-56.8583;9.37777;3454.52;5.63872;0;0;0.1;0.01;0;6.47273;0;0;-1
0;146;5.60995;9.71897;-55.238;8.95394;3006.98;5.38387;0;0;0.1;0.01;0;4.28075;0;0;-1
0;147;8.44173;27.7508;-53.9526;10.1128;4332.14;6.08068;0;0;0.1;0.01;0;6.67568;0;0;-1
0;148;8.53778;44.9757;-55.9766;10.2821;4553.38;6.18248;0;0;0.1;0.01;0;7.63858;0;0;-1
0;149;8.8439;59.8457;-57.7135;8.76315;2818.83;5.26915;0;0;0.1;0.01;0;5.8091;0;0;-1
0;150;8.56981;79.8438;-54.3406;9.33081;3402.88;5.61048;0;0;0.1;0.01;0;2.8081;0;0;-1
0;151;22.2791;-64.265;-56.6573;9.79249;3933.4;5.88808;0;0;0.1;0.01;0;4.96737;0;0;-1
0;152;24.177;-49.9858;-53.7255;8.97699;3030.27;5.39773;0;0;0.1;0.01;0;5.39927;0;0;-1
0;153;20.2893;-32.6139;-55.2867;9.10775;3164.62;5.47636;0;0;0.1;0.01;0;5.1534;0;0;-1
0;154;20.5223;-12.7126;-57.3696;9.31056;3380.77;5.5983;0;0;0.1;0.01;0;6.00978;0;0;-1
0;155;23.63;1.41955;-56.444;9.29185;3360.43;5.58705;0;0;0.1;0.01;0;5.68007;0;0;-1
0;156;23.7483;20.6594;-55.7366;10.1452;4373.92;6.10016;0;0;0.1;0.01;0;6.42598;0;0;-1
0;157;22.6869;38.2409;-56.2111;10.0929;4306.62;6.06871;0;0;0.1;0.01;0;7.04082;0;0;-1
0;158;22.9289;54.3758;-53.9817;10.4336;4757.64;6.27357;0;0;0.1;0.01;0;7.0981;0;0;-1
0;159;22.0557;70.5674;-57.6912;9.08793;3144.01;5.46444;0;0;0.1;0.01;0;2.47023;0;0;-1
0;160;38.5719;-56.0285;-56.4258;9.06067;3115.8;5.44805;0;0;0.1;0.01;0;4.55206;0;0;-1
0;161;34.9356;-38.3577;-54.7235;8.60039;2664.67;5.17129;0;0;0.1;0.01;0;5.32383;0;0;-1
0;162;38.5241;-25.1011;-56.4571;9.04343;3098.05;5.43768;0;0;0.1;0.01;0;5.60494;0;0;-1
0;163;37.2084;-5.68873;-54.8331;8.57831;2644.2;5.15801;0;0;0.1;0.01;0;5.96564;0;0;-1
0;164;38.4597;8.33359;-55.4086;9.23354;3297.56;5.55199;0;0;0.1;0.01;0;6.96335;0;0;-1
0;165;38.867;25.4371;-54.6089;9.85015;4003.29;5.92275;0;0;0.1;0.01;0;6.32667;0;0;-1
0;166;36.7809;46.1503;-56.6484;9.17439;3234.6;5.51643;0;0;0.1;0.01;0;5.85588;0;0;-1
0;167;36.3702;60.7302;-54.1161;8.5;2572.44;5.11093;0;0;0.1;0.01;0;4.54152;1;0;-1
0;168;52.8853;-50.9587;-56.0575;8.97539;3028.65;5.39677;0;0;0.1;0.01;0;3.28783;0;0;-1
0;169;52.0649;-31.0907;-54.1342;9.95776;4135.93;5.98746;0;0;0.1;0.01;0;5.73219;0;0;-1
0;170;52.913;-15.0671;-54.3805;8.5;2572.44;5.11093;0;0;0.1;0.01;0;5.23011;1;0;-1
0;171;52.2496;0.0376953;-54.3837;9.99184;4178.54;6.00795;0;0;0.1;0.01;0;7.51407;0;0;-1
0;172;51.1898;18.087;-56.0435;9.0008;3054.44;5.41205;0;0;0.1;0.01;0;6.79093;0;0;-1
0;173;52.9391;34.0774;-55.7649;9.24176;3306.38;5.55694;0;0;0.1;0.01;0;5.31062;0;0;-1
0;174;52.6983;55.2607;-56.5034;10.1122;4331.37;6.08032;0;0;0.1;0.01;0;4.26892;0;0;-1
0;175;64.6162;-40.8733;-56.6711;9.03274;3087.07;5.43126;0;0;0.1;0.01;0;2.99512;0;0;-1
0;176;67.2848;-25.0815;-56.106;9.38578;3463.38;5.64353;0;0;0.1;0.01;0;4.42198;0;0;-1
0;177;67.7741;-4.49977;-55.1282;8.5;2572.44;5.11093;0;0;0.1;0.01;0;5.13935;1;0;-1
0;178;65.8295;11.9966;-53.8086;9.54477;3642.38;5.73913;0;0;0.1;0.01;0;5.87467;0;0;-1
0;179;66.0113;26.6426;-55.2817;8.5;2572.44;5.11093;0;0;0.1;0.01;0;3.88924;1;0;-1
0;180;64.7711;46.0609;-54.3219;9.81335;3958.59;5.90062;0;0;0.1;0.01;0;3.39545;0;0;-1
0;181;79.7169;-16.8504;-56.7571;10.1836;4423.77;6.12325;0;0;0.1;0.01;0;2.82782;0;0;-1
0;182;82.2226;1.11926;-54.4738;8.92226;2975.18;5.36483;0;0;0.1;0.01;0;2.82579;0;0;-1
0;183;-87.512;-21.6634;-40.6288;9.37018;3446.14;5.63415;0;0;0.1;0.01;0;3.14641;0;0;-1
0;184;-84.1178;-8.17464;-40.1228;10.0307;4227.49;6.03131;0;0;0.1;0.01;0;5.21948;0;0;-1
0;185;-86.3099;12.35;-39.6315;9.63572;3747.5;5.79382;0;0;0.1;0.01;0;4.43873;0;0;-1
0;186;-86.6566;29.3342;-39.2267;9.84885;4001.71;5.92197;0;0;0.1;0.01;0;3.00502;0;0;-1
0;187;-70.1799;-48.0399;-39.6398;8.5;2572.44;5.11093;0;0;0.1;0.01;0;4.05757;1;0;-1
0;188;-72.1216;-33.9465;-41.5607;10.2288;4482.94;6.15043;0;0;0.1;0.01;0;5.02632;0;0;-1
0;189;-71.5915;-14.5668;-41.6255;8.5;2572.44;5.11093;0;0;0.1;0.01;0;5.38785;1;0;-1
0;190;-72.6805;3.61619;-40.9292;10.2704;4537.86;6.17544;0;0;0.1;0.01;0;7.38644;0;0;-1
0;191;-70.5085;19.0724;-42.0696;9.73679;3866.66;5.85459;0;0;0.1;0.01;0;6.24116;0;0;-1
0;192;-69.9876;37.0805;-42.9223;9.92192;4091.44;5.96591;0;0;0.1;0.01;0;5.68273;0;0;-1
0;193;-72.6558;51.3902;-41.1038;9.59208;3696.81;5.76758;0;0;0.1;0.01;0;3.0942;0;0;-1
0;194;-56.9514;-59.2012;-39.933;10.3288;4615.71;6.21056;0;0;0.1;0.01;0;5.24938;0;0;-1
0;195;-56.7258;-39.4582;-41.8734;9.50868;3601.22;5.71743;0;0;0.1;0.01;0;6.64244;0;0;-1
0;196;-54.1653;-24.6421;-40.9053;9.31218;3382.54;5.59928;0;0;0.1;0.01;0;5.4227;0;0;-1
0;197;-57.4632;-7.32643;-42.0161;10.0834;4294.47;6.063;0;0;0.1;0.01;0;6.99147;0;0;-1
0;198;-55.0656;9.53622;-39.8522;10.2811;4552.05;6.18188;0;0;0.1;0.01;0;6.71565;0;0;-1
0;199;-55.5437;25.8752;-41.5499;9.89022;4052.35;5.94685;0;0;0.1;0.01;0;6.11548;0;0;-1
0;200;-56.9724;42.6516;-40.1077;9.6706;3788.34;5.81479;0;0;0.1;0.01;0;6.52706;0;0;-1
0;201;-54.2536;60.4476;-39.5941;9.62047;3729.73;5.78465;0;0;0.1;0.01;0;5.24122;0;0;-1
0;202;-40.5187;-80.6234;-40.981;8.5;2572.44;5.11093;0;0;0.1;0.01;0;2.97162;1;0;-1
0;203;-41.6803;-65.9;-39.232;9.46189;3548.32;5.6893;0;0;0.1;0.01;0;6.38241;0;0;-1
0;204;-43.0535;-47.5162;-41.7196;8.5;2572.44;5.11093;0;0;0.1;0.01;0;4.90281;1;0;-1
0;205;-42.5698;-31.6914;-42.2044;8.64528;2706.61;5.19828;0;0;0.1;0.01;0;5.09662;0;0;-1
0;206;-40.2486;-13.4528;-40.6479;9.60474;3711.47;5.77519;0;0;0.1;0.01;0;6.10461;0;0;-1
0;207;-42.0116;1.95206;-39.9912;9.25091;3316.21;5.56244;0;0;0.1;0.01;0;6.47507;0;0;-1
0;208;-41.7862;19.6616;-42.4181;8.59492;2659.59;5.168;0;0;0.1;0.01;0;5.91332;0;0;-1
0;209;-41.4514;34.4622;-41.4117;8.78789;2842.77;5.28403;0;0;0.1;0.01;0;5.64189;0;0;-1
0;210;-40.271;53.6172;-41.22;9.53739;3633.94;5.73469;0;0;0.1;0.01;0;7.07317;0;0;-1
0;211;-40.8069;68.4799;-42.137;10.3601;4657.8;6.22938;0;0;0.1;0.01;0;6.08076;0;0;-1
0;212;-27.6597;-72.9665;-42.8759;9.39388;3472.35;5.6484;0;0;0.1;0.01;0;6.10831;0;0;-1
0;213;-28.1458;-57.7285;-40.4586;10.4418;4768.86;6.2785;0;0;0.1;0.01;0;7.09507;0;0;-1
0;214;-25.2956;-38.5055;-42.3683;9.23225;3296.18;5.55122;0;0;0.1;0.01;0;5.3293;0;0;-1
0;215;-25.0117;-22.375;-39.8166;9.9908;4177.24;6.00732;0;0;0.1;0.01;0;6.38991;0;0;-1
0;216;-24.7445;-5.17971;-40.6526;8.87426;2927.42;5.33596;0;0;0.1;0.01;0;5.61454;0;0;-1
0;217;-25.4511;9.75691;-41.0467;8.5;2572.44;5.11093;0;0;0.1;0.01;0;4.0408;1;0;-1
0;218;-28.1791;27.0165;-42.0118;9.3773;3454;5.63843;0;0;0.1;0.01;0;5.48958;0;0;-1
0;219;-27.2188;44.1189;-42.0995;9.59228;3697.04;5.7677;0;0;0.1;0.01;0;6.10526;0;0;-1
0;220;-27.5576;60.5348;-40.7607;9.41372;3494.4;5.66033;0;0;0.1;0.01;0;7.06643;0;0;-1
0;221;-25.014;77.1719;-42.0786;9.57316;3674.98;5.7562;0;0;0.1;0.01;0;5.24496;0;0;-1
0;222;-12.9887;-83.1421;-42.1667;8.61093;2674.48;5.17763;0;0;0.1;0.01;0;4.03683;0;0;-1
0;223;-12.9535;-67.6032;-39.7434;10.0617;4266.8;6.04995;0;0;0.1;0.01;0;6.69486;0;0;-1
0;224;-12.3942;-49.378;-41.8343;9.18212;3242.78;5.52108;0;0;0.1;0.01;0;5.31889;0;0;-1
0;225;-9.78806;-33.3269;-39.8328;9.50911;3601.71;5.71769;0;0;0.1;0.01;0;6.11774;0;0;-1
0;226;-13.0721;-15.509;-40.7608;8.69144;2750.2;5.22604;0;0;0.1;0.01;0;6.37347;0;0;-1
0;227;-11.0659;0.257449;-41.4465;8.66025;2720.7;5.20728;0;0;0.1;0.01;0;5.45286;0;0;-1
0;228;-12.5344;20.033;-39.3427;9.95302;4130.03;5.98461;0;0;0.1;0.01;0;6.15933;0;0;-1
0;229;-9.96194;34.3152;-39.7703;8.5;2572.44;5.11093;0;0;0.1;0.01;0;6.0867;1;0;-1
0;230;-11.562;52.9637;-39.3569;10.1789;4417.65;6.12042;0;0;0.1;0.01;0;6.47125;0;0;-1
0;231;-11.0994;70.7594;-40.0368;9.43087;3513.53;5.67065;0;0;0.1;0.01;0;5.57616;0;0;-1
0;232;-9.78783;87.1014;-39.9587;8.5;2572.44;5.11093;0;0;0.1;0.01;0;2.3898;1;0;-1
0;233;2.81784;-89.5437;-42.047;9.11671;3173.97;5.48175;0;0;0.1;0.01;0;2.88285;0;0;-1
0;234;4.68271;-74.932;-41.1638;8.55271;2620.59;5.14262;0;0;0.1;0.01;0;5.17554;0;0;-1
0;235;2.01347;-59.7574;-39.384;9.47364;3561.55;5.69636;0;0;0.1;0.01;0;5.41798;0;0;-1
0;236;3.62581;-40.7651;-39.7998;8.5;2572.44;5.11093;0;0;0.1;0.01;0;4.84983;1;0;-1
0;237;4.6705;-25.2814;-39.5135;9.5216;3615.92;5.7252;0;0;0.1;0.01;0;6.13847;0;0;-1
0;238;1.23306;-8.08195;-42.427;10.2613;4525.8;6.16997;0;0;0.1;0.01;0;6.26761;0;0;-1
0;239;3.21843;10.4495;-41.0124;8.61838;2681.42;5.18211;0;0;0.1;0.01;0;4.36936;0;0;-1
0;240;4.07409;27.1915;-39.4755;8.90471;2957.66;5.35427;0;0;0.1;0.01;0;6.72662;0;0;-1
0;241;1.22523;43.0319;-40.2758;10.0973;4312.25;6.07136;0;0;0.1;0.01;0;7.97705;0;0;-1
0;242;1.52136;60.6215;-40.9712;8.5;2572.44;5.11093;0;0;0.1;0.01;0;5.36186;1;0;-1
0;243;3.95511;76.3854;-41.0725;9.14274;3201.24;5.4974;0;0;0.1;0.01;0;5.26581;0;0;-1
0;244;17.6723;-82.3273;-42.0944;8.5;2572.44;5.11093;0;0;0.1;0.01;0;3.29408;1;0;-1
0;245;18.2136;-65.455;-39.2851;10.2625;4527.39;6.17069;0;0;0.1;0.01;0;5.8848;0;0;-1
0;246;17.9213;-46.4595;-40.8059;8.89095;2943.97;5.346;0;0;0.1;0.01;0;5.26557;0;0;-1
0;247;17.8345;-31.7591;-41.1595;8.5;2572.44;5.11093;0;0;0.1;0.01;0;5.83625;1;0;-1
0;248;19.0989;-15.4957;-41.7716;9.48375;3572.97;5.70244;0;0;0.1;0.01;0;5.92313;0;0;-1
0;249;19.7512;1.94196;-42.1577;9.10927;3166.21;5.47727;0;0;0.1;0.01;0;4.69283;0;0;-1
0;250;17.6646;17.7322;-40.5174;9.27102;3337.88;5.57453;0;0;0.1;0.01;0;5.59773;0;0;-1
0;251;19.0307;36.7177;-42.843;9.9124;4079.67;5.96018;0;0;0.1;0.01;0;7.63209;0;0;-1
0;252;16.7925;52.0147;-39.6937;10.0976;4312.64;6.07154;0;0;0.1;0.01;0;7.44008;0;0;-1
0;253;18.759;68.4693;-41.1981;10.3155;4597.9;6.20256;0;0;0.1;0.01;0;5.94137;0;0;-1
0;254;16.4114;87.4188;-41.1278;10.0767;4285.92;6.05897;0;0;0.1;0.01;0;3.14698;0;0;-1
0;255;32.9551;-75.6291;-42.5018;8.64912;2710.22;5.20059;0;0;0.1;0.01;0;2.25244;0;0;-1
0;256;30.5656;-56.4958;-40.5223;9.0958;3152.18;5.46917;0;0;0.1;0.01;0;6.2779;0;0;-1
0;257;33.7174;-41.1815;-40.4656;10.005;4195.08;6.01586;0;0;0.1;0.01;0;7.65141;0;0;-1
0;258;32.7742;-25.2893;-41.5694;10.1242;4346.81;6.08753;0;0;0.1;0.01;0;7.40479;0;0;-1
0;259;33.7389;-8.04864;-42.0285;8.5;2572.44;5.11093;0;0;0.1;0.01;0;4.72528;1;0;-1
0;260;33.8443;10.0387;-42.2907;8.5;2572.44;5.11093;0;0;0.1;0.01;0;5.10183;1;0;-1
0;261;33.849;29.5205;-39.881;8.93213;2985.06;5.37076;0;0;0.1;0.01;0;6.0325;0;0;-1
0;262;32.945;46.1525;-39.4238;10.038;4236.72;6.0357;0;0;0.1;0.01;0;7.76711;0;0;-1
0;263;33.9211;60.0854;-39.7051;9.38769;3465.49;5.64468;0;0;0.1;0.01;0;6.20598;0;0;-1
0;264;33.5514;79.8438;-40.4303;8.95437;3007.42;5.38413;0;0;0.1;0.01;0;2.7434;0;0;-1
0;265;47.8288;-65.2731;-41.6058;8.94443;2997.41;5.37816;0;0;0.1;0.01;0;2.46633;0;0;-1
0;266;47.1412;-47.7047;-39.9502;9.52788;3623.08;5.72898;0;0;0.1;0.01;0;5.80318;0;0;-1
0;267;47.7653;-30.2362;-39.2206;10.3176;4600.71;6.20382;0;0;0.1;0.01;0;7.65927;0;0;-1
0;268;46.791;-14.9396;-42.5872;10.067;4273.55;6.05314;0;0;0.1;0.01;0;7.77961;0;0;-1
0;269;46.0812;2.87549;-42.1825;8.5;2572.44;5.11093;0;0;0.1;0.01;0;6.20054;1;0;-1
0;270;47.759;16.8715;-43.0406;10.1627;4396.59;6.11068;0;0;0.1;0.01;0;7.4371;0;0;-1
0;271;46.8465;37.9668;-41.1011;9.52653;3621.54;5.72816;0;0;0.1;0.01;0;6.19154;0;0;-1
0;272;46.7039;52.1421;-42.8736;9.67637;3795.12;5.81826;0;0;0.1;0.01;0;6.60596;0;0;-1
0;273;46.8348;69.2602;-39.8973;9.92643;4097.02;5.96862;0;0;0.1;0.01;0;4.49721;0;0;-1
0;274;60.3734;-55.3649;-39.327;9.8308;3979.74;5.91112;0;0;0.1;0.01;0;4.74608;0;0;-1
0;275;63.9949;-41.6931;-39.8303;8.94562;2998.61;5.37887;0;0;0.1;0.01;0;4.27933;0;0;-1
0;276;61.2108;-23.3553;-39.834;8.55006;2618.16;5.14103;0;0;0.1;0.01;0;5.54404;0;0;-1
0;277;63.4138;-7.79653;-42.3295;9.67674;3795.56;5.81848;0;0;0.1;0.01;0;6.80436;0;0;-1
0;278;63.6019;8.2298;-39.4683;10.0114;4203.13;6.01971;0;0;0.1;0.01;0;6.5603;0;0;-1
0;279;63.0234;26.1903;-42.2764;10.0357;4233.81;6.03432;0;0;0.1;0.01;0;6.07471;0;0;-1
0;280;61.5491;42.1352;-41.1967;8.88075;2933.85;5.33987;0;0;0.1;0.01;0;5.08203;0;0;-1
0;281;61.9963;60.425;-42.4607;9.23144;3295.32;5.55073;0;0;0.1;0.01;0;3.67741;0;0;-1
0;282;74.9455;-32.4937;-43.1721;9.0112;3065.04;5.4183;0;0;0.1;0.01;0;3.21805;0;0;-1
0;283;77.7396;-14.9995;-41.1223;8.62851;2690.89;5.1882;0;0;0.1;0.01;0;4.46774;0;0;-1
0;284;76.3286;-0.0864898;-41.4665;10.2851;4557.37;6.18428;0;0;0.1;0.01;0;6.87682;0;0;-1
0;285;78.7374;19.7249;-42.8243;8.99017;3043.63;5.40566;0;0;0.1;0.01;0;3.33227;0;0;-1
0;286;76.537;34.3387;-41.9425;9.23964;3304.1;5.55566;0;0;0.1;0.01;0;3.5409;0;0;-1
0;287;90.5154;-4.55885;-40.5336;8.7003;2758.62;5.23136;0;0;0.1;0.01;0;2.23199;0;0;-1
0;288;-95.1312;-13.5113;-24.7034;8.77145;2826.85;5.27415;0;0;0.1;0.01;0;3.17477;0;0;-1
0;289;-95.6323;1.24716;-26.0953;9.92316;4092.97;5.96665;0;0;0.1;0.01;0;3.87516;0;0;-1
0;290;-80.8679;-41.4993;-24.6611;9.90428;4069.65;5.9553;0;0;0.1;0.01;0;2.88747;0;0;-1
0;291;-81.7952;-23.4415;-27.3426;9.5595;3659.27;5.74799;0;0;0.1;0.01;0;3.8655;0;0;-1
0;292;-78.9071;-4.65773;-26.4831;10.0423;4242.17;6.03829;0;0;0.1;0.01;0;5.59137;0;0;-1
0;293;-82.5743;10.9712;-26.4513;10.1274;4350.93;6.08946;0;0;0.1;0.01;0;6.28613;0;0;-1
0;294;-82.4167;27.6801;-25.1468;10.0349;4232.8;6.03384;0;0;0.1;0.01;0;5.02676;0;0;-1
0;295;-80.4024;44.563;-28.1116;9.88358;4044.19;5.94285;0;0;0.1;0.01;0;3.28435;0;0;-1
0;296;-64.0814;-67.8806;-26.0004;8.5;2572.44;5.11093;0;0;0.1;0.01;0;2.51614;1;0;-1
0;297;-64.3805;-48.9916;-26.1301;8.77835;2833.53;5.27829;0;0;0.1;0.01;0;4.35914;0;0;-1
0;298;-64.5263;-31.2667;-25.4641;9.74862;3880.77;5.8617;0;0;0.1;0.01;0;5.46926;0;0;-1
0;299;-64.4858;-12.895;-26.9923;9.28066;3348.31;5.58033;0;0;0.1;0.01;0;5.55866;0;0;-1
0;300;-66.0808;4.44219;-26.0322;8.5;2572.44;5.11093;0;0;0.1;0.01;0;5.93991;1;0;-1
0;301;-65.4684;20.2226;-26.9348;8.59094;2655.89;5.16561;0;0;0.1;0.01;0;5.71307;0;0;-1
0;302;-64.6852;35.2192;-27.1734;10.0497;4251.56;6.04274;0;0;0.1;0.01;0;6.31027;0;0;-1
0;303;-64.5515;50.9181;-26.2279;9.27992;3347.51;5.57988;0;0;0.1;0.01;0;5.75113;0;0;-1
0;304;-66.6805;68.6664;-26.717;9.4554;3541.02;5.68539;0;0;0.1;0.01;0;2.15177;0;0;-1
0;305;-49.7074;-72.4994;-27.7886;8.99661;3050.18;5.40953;0;0;0.1;0.01;0;5.22906;0;0;-1
0;306;-49.6175;-58.1727;-26.2896;9.25063;3315.91;5.56227;0;0;0.1;0.01;0;6.29283;0;0;-1
0;307;-51.541;-39.7142;-26.3472;9.3425;3415.69;5.61751;0;0;0.1;0.01;0;6.00987;0;0;-1
0;308;-52.4117;-23.1198;-27.552;9.77632;3913.95;5.87836;0;0;0.1;0.01;0;6.55687;0;0;-1
0;309;-50.4832;-7.03449;-27.8123;9.73264;3861.72;5.8521;0;0;0.1;0.01;0;6.60927;0;0;-1
0;310;-53.0204;8.655;-26.3267;8.9409;2993.87;5.37603;0;0;0.1;0.01;0;5.48736;0;0;-1
0;311;-51.1154;26.7877;-24.4675;9.14375;3202.3;5.498;0;0;0.1;0.01;0;5.57877;0;0;-1
0;312;-49.9877;45.5119;-24.8749;9.78011;3918.5;5.88064;0;0;0.1;0.01;0;7.33736;0;0;-1
0;313;-50.6705;62.4886;-25.5818;8.75947;2815.28;5.26694;0;0;0.1;0.01;0;6.08507;0;0;-1
0;314;-51.7965;78.4843;-28.2583;8.72318;2780.44;5.24512;0;0;0.1;0.01;0;2.65138;0;0;-1
0;315;-36.4316;-82.1736;-26.5179;10.3133;4594.96;6.20124;0;0;0.1;0.01;0;6.19666;0;0;-1
0;316;-34.9844;-67.3052;-26.8015;8.88636;2939.41;5.34324;0;0;0.1;0.01;0;6.99067;0;0;-1
0;317;-38.3673;-47.1059;-27.1513;10.1598;4392.83;6.10894;0;0;0.1;0.01;0;5.71314;0;0;-1
0;318;-36.0574;-30.0841;-26.0754;9.32899;3400.89;5.60939;0;0;0.1;0.01;0;6.11713;0;0;-1
0;319;-34.6364;-13.758;-26.802;8.77558;2830.85;5.27663;0;0;0.1;0.01;0;5.01499;0;0;-1
0;320;-36.5858;4.31826;-27.4508;8.5;2572.44;5.11093;0;0;0.1;0.01;0;4.19307;1;0;-1
0;321;-38.3614;18.5487;-27.4802;9.50184;3593.45;5.71332;0;0;0.1;0.01;0;5.45475;0;0;-1
0;322;-38.2431;34.5858;-25.1732;8.5;2572.44;5.11093;0;0;0.1;0.01;0;5.50285;1;0;-1
0;323;-37.6458;52.2761;-27.8664;9.223;3286.29;5.54566;0;0;0.1;0.01;0;6.07377;0;0;-1
0;324;-38.2089;67.7217;-25.7632;8.5;2572.44;5.11093;0;0;0.1;0.01;0;4.4864;1;0;-1
0;325;-35.5408;85.8431;-24.9481;10.2803;4550.99;6.1814;0;0;0.1;0.01;0;3.74711;0;0;-1
0;326;-21.7854;-90.7765;-25.2886;10.3383;4628.45;6.21627;0;0;0.1;0.01;0;3.98789;0;0;-1
0;327;-20.5834;-73.0911;-27.0224;10.1729;4409.84;6.11682;0;0;0.1;0.01;0;8.27821;0;0;-1
0;328;-20.3459;-59.1637;-26.3062;9.74517;3876.65;5.85963;0;0;0.1;0.01;0;7.26727;0;0;-1
0;329;-22.0195;-40.5881;-26.6613;8.61701;2680.15;5.18128;0;0;0.1;0.01;0;4.98755;0;0;-1
0;330;-21.3626;-21.1074;-24.9757;10.094;4308.03;6.06938;0;0;0.1;0.01;0;6.84157;0;0;-1
0;331;-19.7226;-5.48189;-28.0816;8.5;2572.44;5.11093;0;0;0.1;0.01;0;4.64956;1;0;-1
0;332;-21.3105;11.807;-25.7735;8.5;2572.44;5.11093;0;0;0.1;0.01;0;4.00164;1;0;-1
0;333;-22.7759;28.7615;-27.7826;8.64731;2708.52;5.1995;0;0;0.1;0.01;0;5.10199;0;0;-1
0;334;-21.2689;44.7667;-27.8793;9.74786;3879.86;5.86125;0;0;0.1;0.01;0;5.84219;0;0;-1
0;335;-21.6905;62.1731;-26.6143;9.66986;3787.47;5.81435;0;0;0.1;0.01;0;6.33924;0;0;-1
0;336;-22.8406;78.7615;-27.9091;9.43208;3514.88;5.67137;0;0;0.1;0.01;0;5.63171;0;0;-1
0;337;-5.94043;-81.2684;-28.6489;9.37792;3454.68;5.63881;0;0;0.1;0.01;0;6.09362;0;0;-1
0;338;-7.90827;-66.6064;-26.3275;9.47884;3567.42;5.69949;0;0;0.1;0.01;0;6.68923;0;0;-1
0;339;-8.56344;-48.5896;-24.3764;9.13807;3196.33;5.49459;0;0;0.1;0.01;0;5.18562;0;0;-1
0;340;-8.20324;-29.6912;-25.5448;8.77274;2828.1;5.27492;0;0;0.1;0.01;0;5.56686;0;0;-1
0;341;-6.0103;-13.3255;-27.8108;9.41095;3491.31;5.65867;0;0;0.1;0.01;0;6.59835;0;0;-1
0;342;-5.49441;1.92846;-27.6504;8.53399;2603.42;5.13136;0;0;0.1;0.01;0;5.70962;0;0;-1
0;343;-6.6079;21.1255;-25.6268;9.60397;3710.57;5.77473;0;0;0.1;0.01;0;6.69834;0;0;-1
0;344;-7.09477;35.4088;-27.0971;9.34522;3418.67;5.61915;0;0;0.1;0.01;0;7.4832;0;0;-1
0;345;-7.93296;51.5146;-26.0228;8.65073;2711.73;5.20156;0;0;0.1;0.01;0;5.61188;0;0;-1
0;346;-9.34067;72.1656;-24.4885;8.6207;2683.59;5.1835;0;0;0.1;0.01;0;5.03746;0;0;-1
0;347;-9.10214;88.2396;-25.6732;8.64271;2704.2;5.19674;0;0;0.1;0.01;0;3.97112;0;0;-1
0;348;9.34709;-90.474;-25.4126;10.3115;4592.55;6.20016;0;0;0.1;0.01;0;4.27769;0;0;-1
0;349;6.59299;-75.7934;-25.3197;9.7822;3921.01;5.88189;0;0;0.1;0.01;0;6.67507;0;0;-1
0;350;9.44323;-58.66;-25.7711;9.33001;3402;5.61;0;0;0.1;0.01;0;5.80772;0;0;-1
0;351;5.72721;-40.0266;-25.3952;9.62018;3729.39;5.78447;0;0;0.1;0.01;0;6.0984;0;0;-1
0;352;8.26387;-25.5196;-26.5928;8.72878;2785.8;5.24849;0;0;0.1;0.01;0;5.86013;0;0;-1
0;353;9.02322;-8.76405;-27.6956;10.2426;4501.11;6.15873;0;0;0.1;0.01;0;6.79742;0;0;-1
0;354;5.51384;9.93521;-25.5103;9.14542;3204.05;5.49901;0;0;0.1;0.01;0;4.58369;0;0;-1
0;355;9.43658;29.3314;-27.6626;10.081;4291.4;6.06156;0;0;0.1;0.01;0;6.86014;0;0;-1
0;356;6.25134;44.0483;-25.2415;10.3766;4680.09;6.2393;0;0;0.1;0.01;0;7.20055;0;0;-1
0;357;6.86856;63.4093;-24.624;10.1832;4423.25;6.12301;0;0;0.1;0.01;0;6.80753;0;0;-1
0;358;5.898;78.2871;-28.0061;9.05381;3108.73;5.44392;0;0;0.1;0.01;0;5.55951;0;0;-1
0;359;8.24362;95.6178;-26.8477;10.0208;4214.98;6.02536;0;0;0.1;0.01;0;2.99624;0;0;-1
0;360;22.5775;-82.3686;-25.2186;9.14669;3205.39;5.49977;0;0;0.1;0.01;0;4.65868;0;0;-1
0;361;23.6997;-65.8974;-25.4728;9.51617;3609.73;5.72193;0;0;0.1;0.01;0;5.43829;0;0;-1
0;362;23.2764;-47.2933;-27.432;10.114;4333.69;6.0814;0;0;0.1;0.01;0;6.25819;0;0;-1
0;363;22.7916;-31.7617;-26.0464;9.7203;3847.05;5.84468;0;0;0.1;0.01;0;6.89663;0;0;-1
0;364;22.1281;-16.0927;-25.5852;10.0142;4206.66;6.02139;0;0;0.1;0.01;0;6.72993;0;0;-1
0;365;22.3197;1.01285;-26.8032;9.03568;3090.09;5.43302;0;0;0.1;0.01;0;5.17202;0;0;-1
0;366;23.3893;18.1877;-28.0123;9.62583;3735.97;5.78787;0;0;0.1;0.01;0;6.25422;0;0;-1
0;367;23.2476;34.9361;-27.5205;9.48752;3577.23;5.70471;0;0;0.1;0.01;0;7.41851;0;0;-1
0;368;20.5932;51.1118;-24.5151;9.78732;3927.17;5.88497;0;0;0.1;0.01;0;6.25964;0;0;-1
0;369;20.2908;69.154;-26.9525;9.41126;3491.66;5.65885;0;0;0.1;0.01;0;5.362;0;0;-1
0;370;23.3542;84.5724;-24.802;9.48309;3572.22;5.70204;0;0;0.1;0.01;0;4.90159;0;0;-1
0;371;38.065;-75.9915;-27.1046;9.08221;3138.07;5.461;0;0;0.1;0.01;0;3.94172;0;0;-1
0;372;35.223;-56.9167;-27.0394;8.68961;2748.46;5.22494;0;0;0.1;0.01;0;5.60663;0;0;-1
0;373;37.5336;-39.9437;-26.8256;9.92192;4091.44;5.96591;0;0;0.1;0.01;0;7.96683;0;0;-1
0;374;37.6931;-23.1669;-27.687;9.98008;4163.81;6.00088;0;0;0.1;0.01;0;7.59024;0;0;-1
0;375;37.4556;-7.20771;-24.8424;9.68117;3800.77;5.82115;0;0;0.1;0.01;0;6.5707;0;0;-1
0;376;35.128;8.91331;-26.7888;8.8148;2868.97;5.30021;0;0;0.1;0.01;0;5.30837;0;0;-1
0;377;37.228;25.3876;-24.706;9.96675;4147.15;5.99286;0;0;0.1;0.01;0;6.87971;0;0;-1
0;378;37.0126;42.1395;-27.103;9.84583;3998.03;5.92015;0;0;0.1;0.01;0;6.57848;0;0;-1
0;379;38.4522;63.6743;-24.903;8.5;2572.44;5.11093;0;0;0.1;0.01;0;4.58512;1;0;-1
0;380;36.7491;78.8117;-24.8789;8.5;2572.44;5.11093;0;0;0.1;0.01;0;4.34992;1;0;-1
0;381;50.4392;-66.6513;-24.7866;10.2137;4463.11;6.14135;0;0;0.1;0.01;0;5.56968;0;0;-1
0;382;49.9645;-50.7712;-25.2865;10.1728;4409.71;6.11676;0;0;0.1;0.01;0;6.85205;0;0;-1
0;383;50.0709;-33.4166;-25.0328;8.55599;2623.61;5.14459;0;0;0.1;0.01;0;5.20358;0;0;-1
0;384;52.7131;-15.5618;-26.859;9.21838;3281.35;5.54288;0;0;0.1;0.01;0;6.25899;0;0;-1
0;385;51.8213;1.73371;-28.3375;10.0155;4208.3;6.02217;0;0;0.1;0.01;0;7.16838;0;0;-1
0;386;50.1087;17.7972;-28.5113;9.04577;3100.45;5.43909;0;0;0.1;0.01;0;6.16626;0;0;-1
0;387;50.3063;34.8919;-25.0694;9.38364;3461.01;5.64225;0;0;0.1;0.01;0;5.57651;0;0;-1
0;388;52.9815;54.7681;-24.6902;8.65695;2717.59;5.2053;0;0;0.1;0.01;0;4.39779;0;0;-1
0;389;52.2027;72.62;-26.9387;9.78828;3928.33;5.88555;0;0;0.1;0.01;0;4.37861;0;0;-1
0;390;66.3596;-59.2061;-27.6328;8.99162;3045.11;5.40653;0;0;0.1;0.01;0;4.13173;0;0;-1
0;391;66.6319;-42.2235;-25.0402;8.84857;2902.07;5.32052;0;0;0.1;0.01;0;5.48453;0;0;-1
0;392;67.4841;-23.2436;-24.8712;10.3678;4668.19;6.23401;0;0;0.1;0.01;0;6.53695;0;0;-1
0;393;65.5587;-5.60133;-26.9245;8.9529;3005.94;5.38325;0;0;0.1;0.01;0;6.84079;0;0;-1
0;394;66.5848;9.45584;-25.0912;9.2484;3313.51;5.56093;0;0;0.1;0.01;0;5.82297;0;0;-1
0;395;64.875;25.4091;-25.6011;9.8348;3984.6;5.91352;0;0;0.1;0.01;0;4.80947;0;0;-1
0;396;66.3831;46.5051;-25.8992;10.0347;4232.55;6.03372;0;0;0.1;0.01;0;5.81694;0;0;-1
0;397;65.0706;62.278;-27.5181;10.0508;4252.95;6.0434;0;0;0.1;0.01;0;4.969;0;0;-1
0;398;79.4169;-51.2642;-25.8221;10.1042;4321.1;6.07551;0;0;0.1;0.01;0;2.17815;0;0;-1
0;399;81.8823;-34.2052;-24.8319;10.2512;4512.45;6.1639;0;0;0.1;0.01;0;3.41354;0;0;-1
0;400;80.7514;-16.8108;-25.3513;8.88357;2936.64;5.34156;0;0;0.1;0.01;0;4.46894;0;0;-1
0;401;79.7965;-0.231349;-26.2413;9.30496;3374.68;5.59494;0;0;0.1;0.01;0;4.87235;0;0;-1
0;402;83.2174;17.7935;-25.2702;9.79833;3940.44;5.89159;0;0;0.1;0.01;0;4.14569;0;0;-1
0;403;79.0991;33.7605;-27.9915;8.5;2572.44;5.11093;0;0;0.1;0.01;0;3.36564;1;0;-1
0;404;79.3725;54.6218;-26.5472;10.3516;4646.34;6.22427;0;0;0.1;0.01;0;2.70657;0;0;-1
0;405;-98.4432;0.961184;-11.8096;10.2755;4544.62;6.17851;0;0;0.1;0.01;0;3.70473;0;0;-1
0;406;-84.2841;-42.0867;-11.2497;9.08598;3141.98;5.46327;0;0;0.1;0.01;0;3.46837;0;0;-1
0;407;-84.3733;-23.5392;-10.3065;10.4098;4725.15;6.25926;0;0;0.1;0.01;0;5.70466;0;0;-1
0;408;-85.2189;-7.13504;-12.4853;8.91246;2965.39;5.35893;0;0;0.1;0.01;0;5.26844;0;0;-1
0;409;-83.3476;11.6484;-11.9346;10.149;4378.83;6.10245;0;0;0.1;0.01;0;5.92306;0;0;-1
0;410;-84.8133;29.14;-12.4347;8.5;2572.44;5.11093;0;0;0.1;0.01;0;4.1292;1;0;-1
0;411;-84.033;42.4959;-11.3156;9.39125;3469.44;5.64682;0;0;0.1;0.01;0;4.12615;0;0;-1
0;412;-70.8148;-68.4388;-10.063;8.78734;2842.24;5.2837;0;0;0.1;0.01;0;2.1355;0;0;-1
0;413;-69.2281;-49.2669;-11.9954;9.51949;3613.51;5.72393;0;0;0.1;0.01;0;4.76804;0;0;-1
0;414;-69.8924;-32.5555;-10.1385;9.37135;3447.43;5.63486;0;0;0.1;0.01;0;6.79675;0;0;-1
0;415;-72.1609;-15.7395;-11.6968;9.40543;3485.17;5.65535;0;0;0.1;0.01;0;6.58661;0;0;-1
0;416;-70.7957;3.17396;-10.3168;8.76929;2824.76;5.27285;0;0;0.1;0.01;0;6.07104;0;0;-1
0;417;-68.351;17.3753;-12.9581;8.58719;2652.42;5.16335;0;0;0.1;0.01;0;4.9328;0;0;-1
0;418;-69.4944;36.4728;-11.9878;9.59908;3704.91;5.77179;0;0;0.1;0.01;0;6.33962;0;0;-1
0;419;-71.9161;53.7875;-13.0262;8.9755;3028.76;5.39684;0;0;0.1;0.01;0;4.41702;0;0;-1
0;420;-54.2899;-75.1324;-9.72211;8.85847;2911.82;5.32647;0;0;0.1;0.01;0;3.81499;0;0;-1
0;421;-56.6175;-58.2398;-12.3459;9.39962;3478.72;5.65186;0;0;0.1;0.01;0;5.38615;0;0;-1
0;422;-57.327;-39.2035;-10.3152;8.57706;2643.04;5.15726;0;0;0.1;0.01;0;5.56494;0;0;-1
0;423;-57.311;-23.959;-11.8629;8.5;2572.44;5.11093;0;0;0.1;0.01;0;5.49246;1;0;-1
0;424;-55.2384;-7.22304;-11.808;9.00601;3059.75;5.41518;0;0;0.1;0.01;0;5.50075;0;0;-1
0;425;-54.3041;8.60299;-12.5425;10.0595;4264.01;6.04863;0;0;0.1;0.01;0;5.98751;0;0;-1
0;426;-57.3413;29.7666;-12.822;8.5;2572.44;5.11093;0;0;0.1;0.01;0;5.639;1;0;-1
0;427;-55.1151;44.7232;-11.8328;9.28257;3350.37;5.58147;0;0;0.1;0.01;0;6.85648;0;0;-1
0;428;-57.9501;60.0316;-10.6869;9.74725;3879.14;5.86088;0;0;0.1;0.01;0;5.44951;0;0;-1
0;429;-42.7882;-83.6429;-13.2535;10.0889;4301.5;6.06631;0;0;0.1;0.01;0;4.25739;0;0;-1
0;430;-39.3567;-64.6283;-11.5705;9.79525;3936.73;5.88974;0;0;0.1;0.01;0;5.60989;0;0;-1
0;431;-41.0531;-49.3551;-10.6931;8.52157;2592.07;5.1239;0;0;0.1;0.01;0;5.07864;0;0;-1
0;432;-41.2214;-32.6063;-12.3652;9.80366;3946.87;5.8948;0;0;0.1;0.01;0;6.13942;0;0;-1
0;433;-42.0833;-14.3481;-13.5199;10.014;4206.41;6.02127;0;0;0.1;0.01;0;6.08321;0;0;-1
0;434;-40.9231;3.07188;-10.7838;9.48602;3575.53;5.70381;0;0;0.1;0.01;0;5.76813;0;0;-1
0;435;-39.4038;20.0883;-11.2046;10.0097;4200.99;6.01869;0;0;0.1;0.01;0;6.2777;0;0;-1
0;436;-42.1306;36.9033;-13.1697;9.33057;3402.62;5.61034;0;0;0.1;0.01;0;7.1995;0;0;-1
0;437;-42.652;52.2121;-12.625;8.5;2572.44;5.11093;0;0;0.1;0.01;0;5.05173;1;0;-1
0;438;-43.0063;70.6858;-12.5535;8.74544;2801.78;5.25851;0;0;0.1;0.01;0;4.72235;0;0;-1
0;439;-43.2524;85.1288;-13.3336;8.5;2572.44;5.11093;0;0;0.1;0.01;0;3.4266;1;0;-1
0;440;-27.9022;-93.1823;-13.0854;9.62079;3730.1;5.78484;0;0;0.1;0.01;0;4.31793;0;0;-1
0;441;-28.1485;-76.8707;-13.002;10.1441;4372.49;6.0995;0;0;0.1;0.01;0;7.05628;0;0;-1
0;442;-24.6974;-56.5736;-12.2835;10.3899;4698.1;6.2473;0;0;0.1;0.01;0;7.30642;0;0;-1
0;443;-27.368;-41.7536;-10.1911;10.4383;4764.07;6.2764;0;0;0.1;0.01;0;7.63283;0;0;-1
0;444;-26.6316;-22.2889;-11.8645;10.2193;4470.46;6.14472;0;0;0.1;0.01;0;6.64915;0;0;-1
0;445;-24.9545;-7.31073;-10.3213;8.54228;2611.02;5.13635;0;0;0.1;0.01;0;4.69782;0;0;-1
0;446;-25.1393;9.1452;-10.2574;9.43114;3513.83;5.67081;0;0;0.1;0.01;0;5.17418;0;0;-1
0;447;-27.4314;28.4652;-10.5828;10.2555;4518.13;6.16648;0;0;0.1;0.01;0;6.15186;0;0;-1
0;448;-28.3082;42.9595;-10.7766;9.06343;3118.65;5.44971;0;0;0.1;0.01;0;5.62747;0;0;-1
0;449;-24.4435;59.068;-12.8501;8.80537;2859.77;5.29454;0;0;0.1;0.01;0;4.53583;0;0;-1
0;450;-24.7753;77.699;-12.2451;9.85517;4009.41;5.92577;0;0;0.1;0.01;0;6.45275;0;0;-1
0;451;-24.858;94.6716;-14.0171;10.1999;4445.05;6.13305;0;0;0.1;0.01;0;3.54534;0;0;-1
0;452;-13.5485;-83.3026;-11.0896;8.5;2572.44;5.11093;0;0;0.1;0.01;0;4.45322;1;0;-1
0;453;-12.7738;-65.4529;-13.256;8.5;2572.44;5.11093;0;0;0.1;0.01;0;5.5261;1;0;-1
0;454;-12.6961;-48.4383;-9.71306;9.49539;3586.14;5.70944;0;0;0.1;0.01;0;6.60758;0;0;-1
0;455;-11.4452;-32.3668;-11.7584;10.4018;4714.27;6.25445;0;0;0.1;0.01;0;7.25888;0;0;-1
0;456;-10.3971;-14.271;-10.7221;8.5;2572.44;5.11093;0;0;0.1;0.01;0;6.05977;1;0;-1
0;457;-10.7172;0.96327;-11.6027;10.2021;4447.92;6.13437;0;0;0.1;0.01;0;7.16056;0;0;-1
0;458;-10.7307;16.9695;-11.6212;9.08701;3143.05;5.46389;0;0;0.1;0.01;0;5.77008;0;0;-1
0;459;-11.5942;34.2424;-12.5381;8.56015;2627.44;5.14709;0;0;0.1;0.01;0;4.62021;0;0;-1
0;460;-10.3542;50.9645;-10.6078;8.54843;2616.66;5.14005;0;0;0.1;0.01;0;5.2216;0;0;-1
0;461;-10.5242;67.4179;-11.6266;9.0735;3129.05;5.45576;0;0;0.1;0.01;0;5.90989;0;0;-1
0;462;-11.7036;87.2588;-12.4377;8.5;2572.44;5.11093;0;0;0.1;0.01;0;4.79352;1;0;-1
0;463;4.39307;-91.5491;-10.5892;8.69412;2752.74;5.22765;0;0;0.1;0.01;0;3.76662;0;0;-1
0;464;1.54495;-75.9934;-12.1306;8.5;2572.44;5.11093;0;0;0.1;0.01;0;5.49215;1;0;-1
0;465;1.34424;-59.4798;-12.8541;8.86284;2916.13;5.3291;0;0;0.1;0.01;0;6.06322;0;0;-1
0;466;1.6813;-41.2639;-12.6207;9.63019;3741.05;5.79049;0;0;0.1;0.01;0;6.53674;0;0;-1
0;467;1.26357;-21.5678;-10.4672;9.21799;3280.93;5.54264;0;0;0.1;0.01;0;6.60876;0;0;-1
0;468;1.599;-7.4441;-12.1245;8.63646;2698.34;5.19298;0;0;0.1;0.01;0;6.12571;0;0;-1
0;469;3.28072;8.17375;-12.2789;10.1133;4332.79;6.08098;0;0;0.1;0.01;0;6.21278;0;0;-1
0;470;3.19159;25.1287;-13.5498;9.05314;3108.04;5.44352;0;0;0.1;0.01;0;4.72291;0;0;-1
0;471;1.9869;43.7608;-10.4984;9.3009;3370.26;5.5925;0;0;0.1;0.01;0;5.57713;0;0;-1
0;472;2.33396;59.5196;-10.7498;9.45512;3540.71;5.68523;0;0;0.1;0.01;0;6.58693;0;0;-1
0;473;2.71022;76.7498;-10.3975;8.91847;2971.39;5.36255;0;0;0.1;0.01;0;6.03203;0;0;-1
0;474;3.09704;94.0429;-11.4627;10.2647;4530.3;6.17202;0;0;0.1;0.01;0;4.4572;0;0;-1
0;475;18.8197;-85.1779;-10.5391;9.35595;3430.46;5.6256;0;0;0.1;0.01;0;5.79995;0;0;-1
0;476;16.0667;-68.191;-10.5188;9.47166;3559.32;5.69517;0;0;0.1;0.01;0;6.35384;0;0;-1
0;477;15.9646;-51.4711;-9.87558;9.86583;4022.44;5.93218;0;0;0.1;0.01;0;5.77827;0;0;-1
0;478;15.5231;-33.3901;-10.5207;9.65096;3765.3;5.80298;0;0;0.1;0.01;0;5.74231;0;0;-1
0;479;16.0356;-16.2953;-11.4613;8.57311;2639.39;5.15489;0;0;0.1;0.01;0;5.90884;0;0;-1
0;480;16.4171;1.11995;-11.4617;9.38448;3461.94;5.64275;0;0;0.1;0.01;0;5.57963;0;0;-1
0;481;19.4897;20.9012;-10.8814;9.88972;4051.73;5.94655;0;0;0.1;0.01;0;6.05115;0;0;-1
0;482;19.6243;38.191;-13.1711;8.5;2572.44;5.11093;0;0;0.1;0.01;0;5.08404;1;0;-1
0;483;18.1874;54.5321;-11.4734;8.5;2572.44;5.11093;0;0;0.1;0.01;0;4.92996;1;0;-1
0;484;17.3046;71.4368;-10.3247;10.3965;4707.06;6.25126;0;0;0.1;0.01;0;7.11161;0;0;-1
0;485;15.698;84.9735;-12.5724;8.5;2572.44;5.11093;0;0;0.1;0.01;0;5.4512;1;0;-1
0;486;31.944;-93.7246;-12.0403;8.83098;2884.8;5.30994;0;0;0.1;0.01;0;1.85783;0;0;-1
0;487;33.3611;-76.6497;-12.3261;9.41174;3492.19;5.65914;0;0;0.1;0.01;0;5.65332;0;0;-1
0;488;32.8906;-55.3917;-10.3491;9.45135;3536.47;5.68296;0;0;0.1;0.01;0;4.99106;0;0;-1
0;489;34.1673;-38.8905;-10.126;9.62386;3733.67;5.78669;0;0;0.1;0.01;0;6.14292;0;0;-1
0;490;31.2312;-21.357;-12.2805;9.89423;4057.28;5.94926;0;0;0.1;0.01;0;7.10845;0;0;-1
0;491;33.1371;-6.34;-10.7811;8.88235;2935.43;5.34083;0;0;0.1;0.01;0;5.5632;0;0;-1
0;492;33.5034;11.7974;-12.9121;10.3784;4682.52;6.24038;0;0;0.1;0.01;0;7.01924;0;0;-1
0;493;31.4736;29.0511;-10.8365;9.24443;3309.25;5.55854;0;0;0.1;0.01;0;6.82172;0;0;-1
0;494;33.5373;46.2627;-13.2482;9.56238;3662.58;5.74972;0;0;0.1;0.01;0;5.98895;0;0;-1
0;495;32.7879;63.4874;-10.3688;8.6173;2680.42;5.18146;0;0;0.1;0.01;0;5.98454;0;0;-1
0;496;32.2674;79.3805;-10.1242;10.0567;4260.45;6.04695;0;0;0.1;0.01;0;6.3865;0;0;-1
0;497;45.9695;-82.9358;-10.7914;8.5;2572.44;5.11093;0;0;0.1;0.01;0;4.15658;1;0;-1
0;498;48.1295;-67.8912;-11.4537;9.53328;3629.24;5.73222;0;0;0.1;0.01;0;6.01275;0;0;-1
0;499;47.7017;-47.7322;-11.9668;9.34097;3414.01;5.61659;0;0;0.1;0.01;0;6.11477;0;0;-1
0;500;48.6197;-31.7089;-12.5245;9.05733;3112.36;5.44604;0;0;0.1;0.01;0;5.53949;0;0;-1
0;501;45.5587;-14.7368;-10.9499;9.15165;3210.6;5.50275;0;0;0.1;0.01;0;6.26719;0;0;-1
0;502;46.5948;0.435264;-11.0265;10.1585;4391.14;6.10816;0;0;0.1;0.01;0;7.44517;0;0;-1
0;503;47.7378;18.1167;-13.4365;10.1742;4411.53;6.1176;0;0;0.1;0.01;0;7.74629;0;0;-1
0;504;47.9002;34.654;-10.5441;9.51622;3609.79;5.72196;0;0;0.1;0.01;0;6.42815;0;0;-1
0;505;45.9453;55.1933;-12.4983;8.5;2572.44;5.11093;0;0;0.1;0.01;0;5.0192;1;0;-1
0;506;46.2863;68.4943;-10.0114;9.24156;3306.16;5.55682;0;0;0.1;0.01;0;6.16986;0;0;-1
0;507;47.694;85.6435;-13.0961;8.6403;2701.94;5.19529;0;0;0.1;0.01;0;2.33844;0;0;-1
0;508;61.094;-74.25;-11.2892;10.3036;4582.01;6.19541;0;0;0.1;0.01;0;3.19886;0;0;-1
0;509;60.3099;-56.064;-13.3034;9.61516;3723.56;5.78146;0;0;0.1;0.01;0;6.3949;0;0;-1
0;510;61.4433;-42.1493;-11.6212;9.39919;3478.24;5.6516;0;0;0.1;0.01;0;6.41335;0;0;-1
0;511;62.5767;-25.7801;-11.8637;9.28468;3352.66;5.58274;0;0;0.1;0.01;0;5.84288;0;0;-1
0;512;62.7438;-7.65213;-11.5004;9.83406;3983.7;5.91308;0;0;0.1;0.01;0;6.46744;0;0;-1
0;513;60.7354;9.3715;-12.8131;10.2245;4477.29;6.14784;0;0;0.1;0.01;0;6.65853;0;0;-1
0;514;61.9712;28.7541;-10.2183;9.92591;4096.37;5.96831;0;0;0.1;0.01;0;6.30901;0;0;-1
0;515;62.6732;45.9877;-11.1319;9.50542;3597.51;5.71547;0;0;0.1;0.01;0;5.70379;0;0;-1
0;516;63.2349;63.5885;-10.8004;10.0981;4313.28;6.07184;0;0;0.1;0.01;0;5.33436;0;0;-1
0;517;61.0474;77.9203;-13.7879;8.90529;2958.24;5.35462;0;0;0.1;0.01;0;2.77254;0;0;-1
0;518;77.603;-47.5302;-10.8117;8.5;2572.44;5.11093;0;0;0.1;0.01;0;3.89193;1;0;-1
0;519;77.3338;-30.034;-11.242;8.60685;2670.68;5.17517;0;0;0.1;0.01;0;5.62934;0;0;-1
0;520;75.2999;-14.4395;-10.8532;10.4528;4783.95;6.28512;0;0;0.1;0.01;0;7.80192;0;0;-1
0;521;74.9398;1.11978;-10.9899;8.5;2572.44;5.11093;0;0;0.1;0.01;0;6.16663;1;0;-1
0;522;76.6045;18.0125;-13.3365;8.69993;2758.26;5.23114;0;0;0.1;0.01;0;5.75068;0;0;-1
0;523;75.0687;34.8533;-12.709;8.5;2572.44;5.11093;0;0;0.1;0.01;0;5.25422;1;0;-1
0;524;75.3452;51.4794;-10.2282;9.24246;3307.13;5.55736;0;0;0.1;0.01;0;5.72062;0;0;-1
0;525;89.5836;-22.1749;-11.9594;8.5;2572.44;5.11093;0;0;0.1;0.01;0;3.79078;1;0;-1
0;526;90.0696;-4.25202;-10.1442;9.67018;3787.85;5.81454;0;0;0.1;0.01;0;4.12055;0;0;-1
0;527;89.554;12.0111;-11.0218;8.94815;3001.15;5.38039;0;0;0.1;0.01;0;4.80336;0;0;-1
0;528;89.4273;27.0272;-11.1972;8.57982;2645.59;5.15892;0;0;0.1;0.01;0;4.51507;0;0;-1
0;529;89.237;43.5632;-9.8389;10.0381;4236.85;6.03576;0;0;0.1;0.01;0;3.29463;0;0;-1
0;530;-93.9384;-16.5777;2.39506;9.45997;3546.16;5.68814;0;0;0.1;0.01;0;3.1701;0;0;-1
0;531;-95.6885;2.72828;3.43355;9.65336;3768.11;5.80443;0;0;0.1;0.01;0;3.78203;0;0;-1
0;532;-95.907;18.6867;2.16233;10.2032;4449.36;6.13504;0;0;0.1;0.01;0;3.23803;0;0;-1
0;533;-79.6746;-55.9189;3.03469;8.5;2572.44;5.11093;0;0;0.1;0.01;0;2.64045;1;0;-1
0;534;-82.6288;-41.5223;4.6823;9.80047;3943.02;5.89288;0;0;0.1;0.01;0;4.17478;0;0;-1
0;535;-80.5987;-23.2242;2.97032;9.80139;3944.13;5.89343;0;0;0.1;0.01;0;6.45404;0;0;-1
0;536;-79.866;-6.13822;3.72417;9.46528;3552.13;5.69134;0;0;0.1;0.01;0;5.92416;0;0;-1
0;537;-81.7937;10.3525;2.71437;8.90491;2957.86;5.35439;0;0;0.1;0.01;0;4.70719;0;0;-1
0;538;-80.6012;25.4903;1.20108;8.5;2572.44;5.11093;0;0;0.1;0.01;0;3.69396;1;0;-1
0;539;-82.6821;44.0743;2.76717;10.2457;4505.19;6.16059;0;0;0.1;0.01;0;4.42067;0;0;-1
0;540;-78.9076;61.1298;3.37437;9.4202;3501.62;5.66423;0;0;0.1;0.01;0;2.55804;0;0;-1
0;541;-63.8854;-65.5058;1.67758;8.86781;2921.04;5.33209;0;0;0.1;0.01;0;4.00768;0;0;-1
0;542;-64.2814;-47.2874;4.39848;10.2617;4526.33;6.17021;0;0;0.1;0.01;0;6.23375;0;0;-1
0;543;-68.3933;-33.0453;3.55714;8.92266;2975.58;5.36507;0;0;0.1;0.01;0;5.75958;0;0;-1
0;544;-67.7971;-14.8226;1.72429;10.4365;4761.6;6.27532;0;0;0.1;0.01;0;6.92698;0;0;-1
0;545;-67.1922;0.399822;3.73716;10.3306;4618.12;6.21164;0;0;0.1;0.01;0;6.93376;0;0;-1
0;546;-64.7299;17.1282;3.36468;10.4477;4776.95;6.28205;0;0;0.1;0.01;0;6.01964;0;0;-1
0;547;-65.1789;36.5229;3.09809;10.4249;4745.74;6.26834;0;0;0.1;0.01;0;6.60218;0;0;-1
0;548;-65.5671;52.0291;3.22588;9.47993;3568.65;5.70014;0;0;0.1;0.01;0;5.47793;0;0;-1
0;549;-64.9472;70.4117;3.16823;8.5;2572.44;5.11093;0;0;0.1;0.01;0;2.34808;1;0;-1
0;550;-49.9067;-75.3384;3.24068;8.5823;2647.89;5.16041;0;0;0.1;0.01;0;5.00618;0;0;-1
0;551;-50.3434;-59.3893;4.20773;8.71413;2771.79;5.23968;0;0;0.1;0.01;0;5.50612;0;0;-1
0;552;-50.9535;-42.3287;3.34161;8.72965;2786.63;5.24901;0;0;0.1;0.01;0;5.4619;0;0;-1
0;553;-52.1152;-24.4717;3.65351;8.58632;2651.61;5.16283;0;0;0.1;0.01;0;4.18559;0;0;-1
0;554;-49.6404;-5.37974;2.14446;8.5;2572.44;5.11093;0;0;0.1;0.01;0;4.35497;1;0;-1
0;555;-52.3025;10.0605;3.75077;8.5;2572.44;5.11093;0;0;0.1;0.01;0;4.98876;1;0;-1
0;556;-52.7557;25.84;2.70393;8.5;2572.44;5.11093;0;0;0.1;0.01;0;5.48585;1;0;-1
0;557;-50.2685;42.9846;5.11662;9.8444;3996.28;5.91929;0;0;0.1;0.01;0;5.97297;0;0;-1
0;558;-50.7547;63.4589;1.83643;9.04923;3104.01;5.44117;0;0;0.1;0.01;0;5.21235;0;0;-1
0;559;-51.4562;78.1204;1.28922;9.76208;3896.87;5.8698;0;0;0.1;0.01;0;4.43662;0;0;-1
0;560;-34.9758;-84.0129;3.44478;9.36644;3442.01;5.6319;0;0;0.1;0.01;0;5.15651;0;0;-1
0;561;-38.5003;-67.3836;3.24519;9.15764;3216.91;5.50636;0;0;0.1;0.01;0;5.35567;0;0;-1
0;562;-36.7042;-50.3926;4.12204;8.5;2572.44;5.11093;0;0;0.1;0.01;0;5.17369;1;0;-1
0;563;-35.8309;-32.624;2.67901;9.95707;4135.07;5.98704;0;0;0.1;0.01;0;6.05328;0;0;-1
0;564;-38.0789;-14.0863;3.15455;8.97516;3028.41;5.39663;0;0;0.1;0.01;0;4.98252;0;0;-1
0;565;-36.634;3.18059;4.03765;8.90095;2953.91;5.35201;0;0;0.1;0.01;0;5.85565;0;0;-1
0;566;-38.1386;19.974;2.91487;10.1518;4382.46;6.10413;0;0;0.1;0.01;0;6.8666;0;0;-1
0;567;-38.1967;36.3058;1.02877;8.89588;2948.87;5.34896;0;0;0.1;0.01;0;5.93292;0;0;-1
0;568;-35.4176;50.8394;2.86075;9.82839;3976.82;5.90967;0;0;0.1;0.01;0;5.01448;0;0;-1
0;569;-35.7482;71.7408;1.34086;10.4423;4769.55;6.2788;0;0;0.1;0.01;0;6.2863;0;0;-1
0;570;-35.3292;87.8901;3.29151;9.58234;3685.56;5.76172;0;0;0.1;0.01;0;5.14418;0;0;-1
0;571;-20.7811;-93.6579;1.60151;9.51832;3612.18;5.72323;0;0;0.1;0.01;0;4.31116;0;0;-1
0;572;-20.5675;-76.6057;4.59988;8.53528;2604.61;5.13214;0;0;0.1;0.01;0;5.26363;0;0;-1
0;573;-23.6212;-57.6362;1.54241;9.2155;3278.27;5.54115;0;0;0.1;0.01;0;6.00391;0;0;-1
0;574;-23.221;-40.3591;2.14232;9.25268;3318.11;5.5635;0;0;0.1;0.01;0;6.41889;0;0;-1
0;575;-21.1683;-23.0812;3.56641;8.5;2572.44;5.11093;0;0;0.1;0.01;0;5.39798;1;0;-1
0;576;-20.5814;-5.19397;3.34334;8.55675;2624.31;5.14505;0;0;0.1;0.01;0;6.16055;0;0;-1
0;577;-20.1925;9.99353;4.06788;10.1133;4332.79;6.08098;0;0;0.1;0.01;0;6.89941;0;0;-1
0;578;-23.9411;27.5241;1.88417;8.5874;2652.61;5.16348;0;0;0.1;0.01;0;3.99394;0;0;-1
0;579;-19.9318;46.997;1.8312;9.19996;3261.72;5.5318;0;0;0.1;0.01;0;4.54718;0;0;-1
0;580;-22.0304;63.3239;2.16215;9.89483;4058.01;5.94962;0;0;0.1;0.01;0;6.65767;0;0;-1
0;581;-22.1855;77.5573;1.90751;9.60554;3712.39;5.77567;0;0;0.1;0.01;0;6.19891;0;0;-1
0;582;-23.369;96.2354;1.35684;9.90756;4073.7;5.95727;0;0;0.1;0.01;0;3.41998;0;0;-1
0;583;-7.07272;-98.9511;0.927312;10.0776;4287.06;6.05951;0;0;0.1;0.01;0;2.97395;0;0;-1
0;584;-5.64354;-81.0558;3.71288;8.73414;2790.93;5.25171;0;0;0.1;0.01;0;5.62622;0;0;-1
0;585;-9.08061;-66.6481;2.77177;10.3839;4689.97;6.24369;0;0;0.1;0.01;0;5.75045;0;0;-1
0;586;-7.63066;-49.2514;2.30897;8.64791;2709.08;5.19986;0;0;0.1;0.01;0;5.09697;0;0;-1
0;587;-7.46393;-29.9772;2.51933;9.4445;3528.79;5.67884;0;0;0.1;0.01;0;6.35323;0;0;-1
0;588;-8.77936;-14.1952;3.11628;9.71029;3835.18;5.83866;0;0;0.1;0.01;0;6.88126;0;0;-1
0;589;-7.88972;1.80383;3.77493;8.5;2572.44;5.11093;0;0;0.1;0.01;0;5.89844;1;0;-1
0;590;-6.29751;17.3542;1.34014;8.51996;2590.61;5.12293;0;0;0.1;0.01;0;5.93132;0;0;-1
0;591;-6.16338;34.6551;3.70567;9.22465;3288.05;5.54665;0;0;0.1;0.01;0;5.50897;0;0;-1
0;592;-5.76362;51.7988;3.54118;8.5;2572.44;5.11093;0;0;0.1;0.01;0;5.87056;1;0;-1
0;593;-7.5666;71.7848;2.33091;10.3283;4615.04;6.21026;0;0;0.1;0.01;0;6.85588;0;0;-1
0;594;-9.20777;88.3779;3.67953;9.77079;3907.31;5.87503;0;0;0.1;0.01;0;4.9756;0;0;-1
0;595;8.03973;-92.1731;3.10138;8.71605;2773.63;5.24083;0;0;0.1;0.01;0;4.70654;0;0;-1
0;596;8.63354;-76.0919;1.82673;9.61678;3725.44;5.78243;0;0;0.1;0.01;0;7.04111;0;0;-1
0;597;5.95458;-58.9253;1.6854;10.096;4310.59;6.07058;0;0;0.1;0.01;0;6.91978;0;0;-1
0;598;7.03532;-42.741;3.59074;9.83689;3987.15;5.91478;0;0;0.1;0.01;0;6.72642;0;0;-1
0;599;7.54398;-24.9369;1.84894;9.5353;3631.55;5.73344;0;0;0.1;0.01;0;6.5066;0;0;-1
0;600;9.35874;-8.46291;4.44541;10.1237;4346.17;6.08723;0;0;0.1;0.01;0;5.93082;0;0;-1
0;601;5.73804;10.4533;2.77228;8.89902;2951.99;5.35085;0;0;0.1;0.01;0;4.96114;0;0;-1
0;602;7.62957;25.4212;2.11834;9.91149;4078.55;5.95964;0;0;0.1;0.01;0;6.0889;0;0;-1
0;603;8.38532;44.0606;2.35165;8.5;2572.44;5.11093;0;0;0.1;0.01;0;5.04382;1;0;-1
0;604;6.90674;60.3913;1.62958;8.5;2572.44;5.11093;0;0;0.1;0.01;0;5.65542;1;0;-1
0;605;8.79916;76.5034;2.67604;8.62821;2690.61;5.18802;0;0;0.1;0.01;0;5.79853;0;0;-1
0;606;5.6126;97.9073;1.52659;9.70502;3828.93;5.83549;0;0;0.1;0.01;0;2.82564;0;0;-1
0;607;20.4533;-85.2859;2.17518;8.5;2572.44;5.11093;0;0;0.1;0.01;0;4.15277;1;0;-1
0;608;23.706;-66.3264;2.73688;10.1485;4378.19;6.10215;0;0;0.1;0.01;0;5.92375;0;0;-1
0;609;22.3854;-47.3559;4.38355;8.61569;2678.91;5.18049;0;0;0.1;0.01;0;4.58308;0;0;-1
0;610;21.7426;-31.0862;1.47443;8.5;2572.44;5.11093;0;0;0.1;0.01;0;5.78902;1;0;-1
0;611;21.4313;-14.7097;1.49808;8.5;2572.44;5.11093;0;0;0.1;0.01;0;5.46909;1;0;-1
0;612;23.2037;4.33875;1.19962;9.49255;3582.92;5.70773;0;0;0.1;0.01;0;5.44747;0;0;-1
0;613;23.3891;20.8328;4.67354;9.56391;3664.33;5.75064;0;0;0.1;0.01;0;6.83869;0;0;-1
0;614;21.9863;37.2946;4.96845;8.5;2572.44;5.11093;0;0;0.1;0.01;0;5.66064;1;0;-1
0;615;22.776;51.423;3.72166;9.88732;4048.78;5.9451;0;0;0.1;0.01;0;6.64344;0;0;-1
0;616;21.1327;67.7569;1.65713;9.16445;3224.09;5.51045;0;0;0.1;0.01;0;5.95683;0;0;-1
0;617;21.4046;89.4954;1.13759;10.1186;4339.6;6.08417;0;0;0.1;0.01;0;4.04377;0;0;-1
0;618;38.0398;-75.9261;1.65756;9.44408;3528.32;5.67859;0;0;0.1;0.01;0;6.03208;0;0;-1
0;619;38.554;-59.5982;4.03258;8.64248;2703.98;5.1966;0;0;0.1;0.01;0;5.22775;0;0;-1
0;620;34.9034;-40.1488;3.41292;8.9796;3032.91;5.3993;0;0;0.1;0.01;0;5.44977;0;0;-1
0;621;35.0437;-25.7246;1.19995;9.54414;3641.66;5.73875;0;0;0.1;0.01;0;6.1062;0;0;-1
0;622;38.0181;-8.85236;4.48007;9.35846;3433.22;5.62711;0;0;0.1;0.01;0;6.01344;0;0;-1
0;623;37.2368;9.08592;1.45449;9.51894;3612.89;5.7236;0;0;0.1;0.01;0;5.74684;0;0;-1
0;624;36.6639;27.2518;2.87491;9.98295;4167.4;6.0026;0;0;0.1;0.01;0;6.51381;0;0;-1
0;625;35.9309;44.5356;1.21411;10.3932;4702.58;6.24928;0;0;0.1;0.01;0;6.87914;0;0;-1
0;626;36.1024;62.7068;3.83052;10.293;4567.88;6.18903;0;0;0.1;0.01;0;7.82426;0;0;-1
0;627;37.6627;80.0037;2.52805;10.395;4705.03;6.25036;0;0;0.1;0.01;0;5.13951;0;0;-1
0;628;50.8428;-83.5268;2.89657;8.5;2572.44;5.11093;0;0;0.1;0.01;0;2.98971;1;0;-1
0;629;52.1847;-64.6132;4.04515;9.83279;3982.16;5.91231;0;0;0.1;0.01;0;5.58565;0;0;-1
0;630;50.3215;-48.4713;3.25967;10.1367;4362.93;6.09505;0;0;0.1;0.01;0;6.36215;0;0;-1
0;631;53.4043;-33.6563;4.79599;8.5;2572.44;5.11093;0;0;0.1;0.01;0;5.81089;1;0;-1
0;632;51.3827;-15.8267;2.99266;8.60239;2666.53;5.17249;0;0;0.1;0.01;0;5.11788;0;0;-1
0;633;52.1568;1.1389;2.47124;8.51441;2585.55;5.11959;0;0;0.1;0.01;0;5.43415;0;0;-1
0;634;52.3763;17.0464;1.66474;9.47502;3563.11;5.69719;0;0;0.1;0.01;0;7.31088;0;0;-1
0;635;50.184;34.3901;2.73861;9.80689;3950.78;5.89674;0;0;0.1;0.01;0;6.23246;0;0;-1
0;636;51.3777;54.6301;4.7028;8.5;2572.44;5.11093;0;0;0.1;0.01;0;5.0175;1;0;-1
0;637;50.0084;67.7093;3.25799;9.09874;3155.24;5.47094;0;0;0.1;0.01;0;4.69965;0;0;-1
0;638;68.0548;-56.063;4.68367;9.91865;4087.39;5.96394;0;0;0.1;0.01;0;4.38667;0;0;-1
0;639;67.5942;-39.0448;2.40286;9.67029;3787.97;5.81461;0;0;0.1;0.01;0;7.08898;0;0;-1
0;640;64.7287;-24.1626;3.89662;8.59961;2663.94;5.17082;0;0;0.1;0.01;0;5.67593;0;0;-1
0;641;67.8275;-6.65508;4.42434;8.5;2572.44;5.11093;0;0;0.1;0.01;0;4.86825;1;0;-1
0;642;65.628;12.2018;3.83696;10.2544;4516.68;6.16582;0;0;0.1;0.01;0;6.72094;0;0;-1
0;643;65.4854;25.9332;3.94113;8.5;2572.44;5.11093;0;0;0.1;0.01;0;6.09838;1;0;-1
0;644;66.9158;44.3146;4.36214;9.40417;3483.77;5.65459;0;0;0.1;0.01;0;5.6982;0;0;-1
0;645;67.4247;60.1784;4.32335;9.78995;3930.34;5.88655;0;0;0.1;0.01;0;4.46627;0;0;-1
0;646;82.3301;-47.3945;5.10173;9.16647;3226.23;5.51167;0;0;0.1;0.01;0;3.67452;0;0;-1
0;647;82.1712;-33.1089;3.18283;10.4059;4719.84;6.25692;0;0;0.1;0.01;0;5.82259;0;0;-1
0;648;81.3934;-15.7984;3.84072;9.58771;3691.76;5.76495;0;0;0.1;0.01;0;6.49027;0;0;-1
0;649;79.7745;0.0552187;1.87831;9.17655;3236.88;5.51773;0;0;0.1;0.01;0;5.72996;0;0;-1
0;650;80.972;18.2559;2.44724;9.17519;3235.44;5.51691;0;0;0.1;0.01;0;6.64319;0;0;-1
0;651;82.5342;36.1047;4.09325;10.3563;4652.67;6.22709;0;0;0.1;0.01;0;5.55416;0;0;-1
0;652;82.8007;55.2993;4.89508;9.98006;4163.78;6.00087;0;0;0.1;0.01;0;2.85074;0;0;-1
0;653;95.8369;-23.3867;2.1001;10.372;4673.86;6.23653;0;0;0.1;0.01;0;3.62883;0;0;-1
0;654;96.3562;-7.56776;4.22387;9.30892;3378.99;5.59732;0;0;0.1;0.01;0;3.40777;0;0;-1
0;655;94.5262;12.1161;1.93282;9.59168;3696.35;5.76734;0;0;0.1;0.01;0;4.21276;0;0;-1
0;656;94.3107;26.6318;4.48175;10.0281;4224.2;6.02975;0;0;0.1;0.01;0;4.46451;0;0;-1
0;657;-86.8353;-40.7543;19.2006;10.0139;4206.28;6.02121;0;0;0.1;0.01;0;3.22202;0;0;-1
0;658;-85.0776;-21.176;18.5588;9.39531;3473.94;5.64926;0;0;0.1;0.01;0;3.28213;0;0;-1
0;659;-84.8768;-4.98794;19.2693;9.9256;4095.99;5.96812;0;0;0.1;0.01;0;4.6028;0;0;-1
0;660;-86.6485;10.4816;17.1921;9.41782;3498.97;5.6628;0;0;0.1;0.01;0;4.71482;0;0;-1
0;661;-85.7241;27.1067;18.3092;8.5;2572.44;5.11093;0;0;0.1;0.01;0;3.21669;1;0;-1
0;662;-84.2566;45.3274;18.9277;8.68184;2741.09;5.22026;0;0;0.1;0.01;0;2.72744;0;0;-1
0;663;-72.1111;-63.6404;19.8468;9.46219;3548.65;5.68948;0;0;0.1;0.01;0;3.35464;0;0;-1
0;664;-70.8103;-48.5622;16.6725;9.04696;3101.68;5.43981;0;0;0.1;0.01;0;6.11163;0;0;-1
0;665;-68.9822;-33.8708;19.1868;8.5;2572.44;5.11093;0;0;0.1;0.01;0;5.46792;1;0;-1
0;666;-71.9588;-13.1864;19.0203;9.90376;4069.01;5.95499;0;0;0.1;0.01;0;7.23534;0;0;-1
0;667;-69.387;2.17495;19.707;9.7357;3865.36;5.85394;0;0;0.1;0.01;0;6.93189;0;0;-1
0;668;-70.2493;18.64;19.2973;9.64972;3763.85;5.80224;0;0;0.1;0.01;0;5.80092;0;0;-1
0;669;-70.2928;34.2572;16.7404;8.77909;2834.24;5.27874;0;0;0.1;0.01;0;4.32169;0;0;-1
0;670;-70.2571;52.8865;16.2643;8.5;2572.44;5.11093;0;0;0.1;0.01;0;3.91425;1;0;-1
0;671;-58.0222;-74.9482;17.1202;10.065;4271;6.05194;0;0;0.1;0.01;0;4.51384;0;0;-1
0;672;-57.4969;-58.6548;18.707;9.47117;3558.77;5.69488;0;0;0.1;0.01;0;6.43709;0;0;-1
0;673;-56.2018;-39.5341;17.4559;10.2399;4497.55;6.1571;0;0;0.1;0.01;0;7.40254;0;0;-1
0;674;-57.0858;-23.2713;16.9151;8.9323;2985.23;5.37086;0;0;0.1;0.01;0;5.73441;0;0;-1
0;675;-55.1859;-6.46392;16.0482;9.97374;4155.88;5.99707;0;0;0.1;0.01;0;6.24571;0;0;-1
0;676;-57.1234;8.61371;17.4082;8.70387;2762.01;5.23351;0;0;0.1;0.01;0;5.3855;0;0;-1
0;677;-55.3816;26.7743;16.7941;9.65507;3770.12;5.80545;0;0;0.1;0.01;0;5.70959;0;0;-1
0;678;-54.9728;46.9035;18.9462;8.5;2572.44;5.11093;0;0;0.1;0.01;0;4.3514;1;0;-1
0;679;-53.9884;61.9315;18.2851;8.67427;2733.93;5.21571;0;0;0.1;0.01;0;3.80812;0;0;-1
0;680;-53.7959;78.0484;19.6584;9.60026;3706.27;5.7725;0;0;0.1;0.01;0;2.63952;0;0;-1
0;681;-41.6996;-84.6167;16.846;9.64536;3758.75;5.79962;0;0;0.1;0.01;0;4.3282;0;0;-1
0;682;-40.6319;-67.4681;17.7324;8.98447;3037.85;5.40223;0;0;0.1;0.01;0;5.51421;0;0;-1
0;683;-40.4657;-47.7815;16.7417;9.09298;3149.25;5.46748;0;0;0.1;0.01;0;5.25975;0;0;-1
0;684;-42.5264;-33.0281;18.1962;9.56256;3662.78;5.74983;0;0;0.1;0.01;0;6.35489;0;0;-1
0;685;-42.1567;-13.7583;16.4925;8.5;2572.44;5.11093;0;0;0.1;0.01;0;4.91569;1;0;-1
0;686;-39.9944;2.28234;17.7247;8.8338;2887.56;5.31164;0;0;0.1;0.01;0;5.08339;0;0;-1
0;687;-42.2126;18.6831;18.4618;8.81873;2872.81;5.30257;0;0;0.1;0.01;0;5.43494;0;0;-1
0;688;-41.1618;33.734;18.2775;8.97255;3025.77;5.39506;0;0;0.1;0.01;0;5.19008;0;0;-1
0;689;-39.7065;53.2113;18.5427;8.97931;3032.62;5.39913;0;0;0.1;0.01;0;4.73768;0;0;-1
0;690;-39.587;71.4844;16.4009;10.2106;4459.05;6.13949;0;0;0.1;0.01;0;5.90347;0;0;-1
0;691;-41.5944;87.7444;18.5418;8.98874;3042.18;5.4048;0;0;0.1;0.01;0;2.93147;0;0;-1
0;692;-27.7629;-93.4532;16.8265;10.4523;4783.26;6.28482;0;0;0.1;0.01;0;3.97995;0;0;-1
0;693;-27.5093;-72.8522;18.4997;9.83112;3980.13;5.91131;0;0;0.1;0.01;0;6.16595;0;0;-1
0;694;-25.3713;-56.7121;16.2727;8.5;2572.44;5.11093;0;0;0.1;0.01;0;4.45062;1;0;-1
0;695;-24.5046;-40.3775;17.8417;8.88227;2935.35;5.34078;0;0;0.1;0.01;0;5.48598;0;0;-1
0;696;-28.3588;-24.7231;16.3184;9.59361;3698.58;5.7685;0;0;0.1;0.01;0;6.04691;0;0;-1
0;697;-28.3799;-7.18359;16.0162;9.33032;3402.34;5.61019;0;0;0.1;0.01;0;5.29213;0;0;-1
0;698;-26.9593;10.6779;16.49;9.60486;3711.6;5.77526;0;0;0.1;0.01;0;6.09167;0;0;-1
0;699;-27.4507;28.0439;17.3618;9.05772;3112.76;5.44628;0;0;0.1;0.01;0;5.12859;0;0;-1
0;700;-25.4625;45.9295;17.6349;9.58543;3689.13;5.76358;0;0;0.1;0.01;0;5.76582;0;0;-1
0;701;-28.1547;62.0572;16.4058;9.01678;3070.74;5.42166;0;0;0.1;0.01;0;5.90399;0;0;-1
0;702;-27.4118;80.4138;16.3139;10.1887;4430.42;6.12632;0;0;0.1;0.01;0;5.8909;0;0;-1
0;703;-13.2908;-83.6116;17.6399;9.77088;3907.42;5.87509;0;0;0.1;0.01;0;5.45609;0;0;-1
0;704;-13.7345;-65.6445;17.0302;8.5;2572.44;5.11093;0;0;0.1;0.01;0;4.20816;1;0;-1
0;705;-11.1811;-47.5348;16.2702;9.7905;3931;5.88689;0;0;0.1;0.01;0;5.44835;0;0;-1
0;706;-12.3509;-30.7845;19.348;8.63701;2698.85;5.19331;0;0;0.1;0.01;0;5.7615;0;0;-1
0;707;-11.5502;-16.188;17.4749;9.71429;3839.92;5.84106;0;0;0.1;0.01;0;6.34133;0;0;-1
0;708;-13.6724;1.66308;17.1287;10.0878;4300.09;6.06565;0;0;0.1;0.01;0;7.02343;0;0;-1
0;709;-13.1808;20.7898;16.6084;10.0841;4295.36;6.06342;0;0;0.1;0.01;0;6.26886;0;0;-1
0;710;-10.9537;37.3194;17.2927;8.97727;3030.55;5.3979;0;0;0.1;0.01;0;5.4952;0;0;-1
0;711;-10.0204;52.3598;18.2972;10.1287;4352.61;6.09024;0;0;0.1;0.01;0;6.6427;0;0;-1
0;712;-11.6717;68.425;18.3707;8.59754;2662.02;5.16958;0;0;0.1;0.01;0;5.20856;0;0;-1
0;713;-11.0545;85.2609;18.6678;8.5;2572.44;5.11093;0;0;0.1;0.01;0;3.73808;1;0;-1
0;714;1.6827;-91.9812;17.4326;10.248;4508.23;6.16197;0;0;0.1;0.01;0;3.91077;0;0;-1
0;715;4.5847;-72.2704;15.9814;8.68782;2746.76;5.22386;0;0;0.1;0.01;0;5.15419;0;0;-1
0;716;2.81929;-56.9732;17.3357;8.5;2572.44;5.11093;0;0;0.1;0.01;0;5.54357;1;0;-1
0;717;2.96233;-39.8557;16.6726;9.887;4048.39;5.94491;0;0;0.1;0.01;0;6.58607;0;0;-1
0;718;2.38542;-24.4696;16.4665;8.82136;2875.38;5.30416;0;0;0.1;0.01;0;5.63616;0;0;-1
0;719;4.97576;-8.37367;17.1096;8.57217;2638.52;5.15432;0;0;0.1;0.01;0;4.74387;0;0;-1
0;720;4.17384;9.65068;16.3826;9.89258;4055.25;5.94826;0;0;0.1;0.01;0;4.89092;0;0;-1
0;721;2.16226;28.5087;16.6396;9.95865;4137.04;5.98799;0;0;0.1;0.01;0;6.24724;0;0;-1
0;722;2.53271;46.1896;15.6164;8.5982;2662.63;5.16997;0;0;0.1;0.01;0;5.80369;0;0;-1
0;723;2.66085;63.4038;15.8886;10.4039;4717.12;6.25571;0;0;0.1;0.01;0;6.71328;0;0;-1
0;724;0.995903;77.9617;15.9366;8.66392;2724.16;5.20949;0;0;0.1;0.01;0;5.6841;0;0;-1
0;725;4.6977;93.0904;17.7727;8.70908;2766.98;5.23664;0;0;0.1;0.01;0;2.89437;0;0;-1
0;726;17.7754;-82.3802;17.1079;10.0453;4245.97;6.04009;0;0;0.1;0.01;0;5.13129;0;0;-1
0;727;15.7997;-64.4125;16.3768;8.5;2572.44;5.11093;0;0;0.1;0.01;0;4.9429;1;0;-1
0;728;16.0217;-50.0853;18.3104;9.61978;3728.93;5.78423;0;0;0.1;0.01;0;5.55329;0;0;-1
0;729;18.9307;-33.9833;18.1059;8.5;2572.44;5.11093;0;0;0.1;0.01;0;4.31428;1;0;-1
0;730;18.3577;-17.0112;17.3419;9.30503;3374.75;5.59498;0;0;0.1;0.01;0;5.77542;0;0;-1
0;731;17.4593;2.7179;18.4898;8.54447;2613.03;5.13767;0;0;0.1;0.01;0;4.7406;0;0;-1
0;732;16.5784;21.139;16.224;9.14026;3198.63;5.49591;0;0;0.1;0.01;0;6.27583;0;0;-1
0;733;16.5154;37.072;17.4429;8.88866;2941.69;5.34462;0;0;0.1;0.01;0;5.88879;0;0;-1
0;734;19.6662;52.9327;17.6921;8.85858;2911.93;5.32654;0;0;0.1;0.01;0;5.16807;0;0;-1
0;735;16.4125;69.7742;17.3875;8.51644;2587.4;5.12081;0;0;0.1;0.01;0;5.15601;0;0;-1
0;736;17.9147;85.6763;16.4555;9.17315;3233.29;5.51568;0;0;0.1;0.01;0;3.56707;0;0;-1
0;737;33.1776;-92.4912;15.9343;9.05955;3114.64;5.44738;0;0;0.1;0.01;0;1.687;0;0;-1
0;738;33.7866;-73.7666;16.0997;9.51316;3606.31;5.72013;0;0;0.1;0.01;0;5.47736;0;0;-1
0;739;33.1766;-55.2452;18.0152;9.15668;3215.9;5.50578;0;0;0.1;0.01;0;4.54339;0;0;-1
0;740;33.6495;-39.0242;18.0722;8.5;2572.44;5.11093;0;0;0.1;0.01;0;5.33099;1;0;-1
0;741;31.4405;-24.4849;16.3386;9.37929;3456.2;5.63963;0;0;0.1;0.01;0;6.4826;0;0;-1
0;742;30.7098;-8.06028;18.5977;9.30862;3378.66;5.59714;0;0;0.1;0.01;0;5.4979;0;0;-1
0;743;30.5303;11.5675;17.0159;8.87722;2930.35;5.33774;0;0;0.1;0.01;0;5.13217;0;0;-1
0;744;32.0959;26.877;16.7665;8.78131;2836.39;5.28007;0;0;0.1;0.01;0;5.40277;0;0;-1
0;745;33.2147;45.7721;16.522;8.5;2572.44;5.11093;0;0;0.1;0.01;0;5.29087;1;0;-1
0;746;30.4868;63.434;19.4772;9.08213;3137.99;5.46095;0;0;0.1;0.01;0;6.81643;0;0;-1
0;747;30.6453;77.8149;17.8466;9.25776;3323.58;5.56656;0;0;0.1;0.01;0;5.18519;0;0;-1
0;748;45.3105;-81.2459;16.0913;9.99665;4184.58;6.01084;0;0;0.1;0.01;0;4.70855;0;0;-1
0;749;48.9033;-67.6405;17.0045;8.61752;2680.62;5.18159;0;0;0.1;0.01;0;5.08423;0;0;-1
0;750;47.5103;-48.1667;18.5947;8.5;2572.44;5.11093;0;0;0.1;0.01;0;4.6043;1;0;-1
0;751;46.7595;-31.8984;16.6123;9.52674;3621.78;5.72829;0;0;0.1;0.01;0;6.83022;0;0;-1
0;752;46.3608;-15.3181;17.5051;9.96599;4146.2;5.99241;0;0;0.1;0.01;0;6.40147;0;0;-1
0;753;46.2068;4.39506;19.4848;9.61473;3723.06;5.7812;0;0;0.1;0.01;0;5.42983;0;0;-1
0;754;48.7909;20.4677;17.3381;9.77667;3914.37;5.87857;0;0;0.1;0.01;0;6.22911;0;0;-1
0;755;46.8608;34.8772;18.986;8.5;2572.44;5.11093;0;0;0.1;0.01;0;5.23575;1;0;-1
0;756;45.0863;54.0894;16.5905;10.1386;4365.39;6.09619;0;0;0.1;0.01;0;6.57392;0;0;-1
0;757;46.9781;68.9789;17.7774;8.7934;2848.13;5.28734;0;0;0.1;0.01;0;5.04266;0;0;-1
0;758;45.9399;86.0474;19.6656;8.5;2572.44;5.11093;0;0;0.1;0.01;0;1.28287;1;0;-1
0;759;61.2195;-75.4446;17.4882;9.74749;3879.42;5.86102;0;0;0.1;0.01;0;2.82262;0;0;-1
0;760;62.3072;-57.9552;18.1627;8.5;2572.44;5.11093;0;0;0.1;0.01;0;4.94725;1;0;-1
0;761;62.5592;-38.7121;16.7064;10.097;4311.87;6.07118;0;0;0.1;0.01;0;7.49555;0;0;-1
0;762;60.4208;-24.2785;16.5117;9.90118;4065.83;5.95344;0;0;0.1;0.01;0;7.5449;0;0;-1
0;763;60.3759;-7.40256;16.7474;8.93108;2984.01;5.37013;0;0;0.1;0.01;0;4.81056;0;0;-1
0;764;62.462;10.6011;16.9706;9.45392;3539.36;5.6845;0;0;0.1;0.01;0;5.78064;0;0;-1
0;765;61.6877;28.5342;16.4764;10.2254;4478.47;6.14838;0;0;0.1;0.01;0;7.22329;0;0;-1
0;766;61.867;45.2109;19.0355;8.67367;2733.36;5.21535;0;0;0.1;0.01;0;6.08001;0;0;-1
0;767;62.2933;63.6374;19.0463;10.0225;4217.13;6.02638;0;0;0.1;0.01;0;4.83312;0;0;-1
0;768;75.9062;-50.2068;19.5114;8.70096;2759.24;5.23176;0;0;0.1;0.01;0;3.01258;0;0;-1
0;769;76.0481;-33.4791;18.343;10.0886;4301.12;6.06613;0;0;0.1;0.01;0;6.13197;0;0;-1
0;770;77.6229;-16.9544;16.7459;8.5;2572.44;5.11093;0;0;0.1;0.01;0;4.96084;1;0;-1
0;771;74.8837;0.8522;19.4096;8.71841;2775.88;5.24225;0;0;0.1;0.01;0;4.44609;0;0;-1
0;772;76.4904;20.1088;16.1877;9.82373;3971.16;5.90687;0;0;0.1;0.01;0;6.53855;0;0;-1
0;773;74.8193;37.9186;19.07;10.3722;4674.14;6.23665;0;0;0.1;0.01;0;6.73636;0;0;-1
0;774;76.5246;52.4246;18.757;8.77615;2831.4;5.27697;0;0;0.1;0.01;0;4.5808;0;0;-1
0;775;91.5286;-22.0699;18.6383;9.7875;3927.39;5.88508;0;0;0.1;0.01;0;4.34507;0;0;-1
0;776;92.7457;-7.35473;19.9317;8.5;2572.44;5.11093;0;0;0.1;0.01;0;2.61968;1;0;-1
0;777;91.6977;9.32683;16.2193;9.05672;3111.73;5.44567;0;0;0.1;0.01;0;2.52746;0;0;-1
0;778;89.4643;26.8412;17.393;9.35384;3428.14;5.62433;0;0;0.1;0.01;0;4.07903;0;0;-1
0;779;-93.5874;2.40961;34.5659;8.55786;2625.33;5.14572;0;0;0.1;0.01;0;2.84406;0;0;-1
0;780;-82.0396;-39.7092;31.6334;9.85962;4014.85;5.92845;0;0;0.1;0.01;0;3.15487;0;0;-1
0;781;-79.6833;-25.0868;32.4559;9.32437;3395.84;5.60661;0;0;0.1;0.01;0;4.25309;0;0;-1
0;782;-78.9985;-6.09149;34.0262;9.22038;3283.49;5.54408;0;0;0.1;0.01;0;5.97722;0;0;-1
0;783;-80.1777;10.0454;31.8176;8.73128;2788.19;5.24999;0;0;0.1;0.01;0;4.89411;0;0;-1
0;784;-82.7014;25.8725;30.9233;9.40262;3482.05;5.65366;0;0;0.1;0.01;0;2.74818;0;0;-1
0;785;-79.9043;46.0331;31.3494;8.54151;2610.31;5.13589;0;0;0.1;0.01;0;2.20414;0;0;-1
0;786;-65.9584;-66.8892;33.958;9.46889;3556.2;5.69351;0;0;0.1;0.01;0;3.41808;0;0;-1
0;787;-66.6248;-47.6783;32.2387;9.70994;3834.76;5.83845;0;0;0.1;0.01;0;4.79085;0;0;-1
0;788;-64.3068;-30.7703;34.2034;9.95636;4134.19;5.98661;0;0;0.1;0.01;0;6.557;0;0;-1
0;789;-66.7714;-15.5645;31.0174;8.5;2572.44;5.11093;0;0;0.1;0.01;0;5.9529;1;0;-1
0;790;-65.6072;0.0164295;34.1239;8.9441;2997.08;5.37796;0;0;0.1;0.01;0;5.98599;0;0;-1
0;791;-66.5545;18.1325;33.8912;8.5;2572.44;5.11093;0;0;0.1;0.01;0;4.42989;1;0;-1
0;792;-64.4085;35.1691;31.6602;8.58667;2651.94;5.16304;0;0;0.1;0.01;0;4.166;0;0;-1
0;793;-66.8393;53.0567;33.2033;9.91933;4088.23;5.96435;0;0;0.1;0.01;0;3.57568;0;0;-1
0;794;-53.1859;-73.3244;30.6199;10.1149;4334.84;6.08194;0;0;0.1;0.01;0;4.85222;0;0;-1
0;795;-50.1863;-58.7154;30.9878;9.48167;3570.62;5.70119;0;0;0.1;0.01;0;6.02703;0;0;-1
0;796;-49.8409;-38.4038;31.654;9.72083;3847.68;5.84499;0;0;0.1;0.01;0;6.1272;0;0;-1
0;797;-52.8031;-21.2959;31.1144;8.5;2572.44;5.11093;0;0;0.1;0.01;0;4.9171;1;0;-1
0;798;-52.7029;-7.29016;34.1927;9.66627;3783.25;5.81219;0;0;0.1;0.01;0;4.47846;0;0;-1
0;799;-51.6679;11.8719;31.7814;8.5;2572.44;5.11093;0;0;0.1;0.01;0;4.16183;1;0;-1
0;800;-50.7107;29.4046;32.6046;8.5;2572.44;5.11093;0;0;0.1;0.01;0;5.23762;1;0;-1
0;801;-52.782;43.3423;33.1319;8.5;2572.44;5.11093;0;0;0.1;0.01;0;5.24125;1;0;-1
0;802;-51.6449;60.0687;33.9695;8.5;2572.44;5.11093;0;0;0.1;0.01;0;4.23856;1;0;-1
0;803;-35.6452;-85.3965;34.2836;10.1766;4414.65;6.11904;0;0;0.1;0.01;0;3.63639;0;0;-1
0;804;-38;-66.3759;31.2831;8.5;2572.44;5.11093;0;0;0.1;0.01;0;4.55914;1;0;-1
0;805;-37.9479;-47.2927;33.1251;9.74583;3877.44;5.86003;0;0;0.1;0.01;0;5.96623;0;0;-1
0;806;-34.4724;-33.0335;33.0291;10.2533;4515.23;6.16516;0;0;0.1;0.01;0;6.52071;0;0;-1
0;807;-35.1787;-16.2793;32.7129;8.8572;2910.57;5.32571;0;0;0.1;0.01;0;4.12955;0;0;-1
0;808;-35.3418;2.97928;32.2982;8.80953;2863.83;5.29704;0;0;0.1;0.01;0;4.53522;0;0;-1
0;809;-38.3032;17.6713;32.7582;8.96634;3019.49;5.39133;0;0;0.1;0.01;0;4.90205;0;0;-1
0;810;-36.9803;37.9424;31.6629;9.65063;3764.92;5.80278;0;0;0.1;0.01;0;6.08247;0;0;-1
0;811;-36.8452;52.4725;32.417;8.9865;3039.91;5.40345;0;0;0.1;0.01;0;5.22318;0;0;-1
0;812;-37.9084;69.1962;32.1177;8.5;2572.44;5.11093;0;0;0.1;0.01;0;3.35567;1;0;-1
0;813;-20.9679;-91.0256;34.0171;9.86408;4020.3;5.93113;0;0;0.1;0.01;0;3.76627;0;0;-1
0;814;-22.9258;-74.3042;32.2313;8.5;2572.44;5.11093;0;0;0.1;0.01;0;5.12024;1;0;-1
0;815;-22.8361;-57.0535;34.4216;8.61747;2680.57;5.18156;0;0;0.1;0.01;0;4.58619;0;0;-1
0;816;-21.8614;-42.7456;31.8905;8.61331;2676.69;5.17906;0;0;0.1;0.01;0;5.67958;0;0;-1
0;817;-20.43;-21.6657;31.3792;8.5;2572.44;5.11093;0;0;0.1;0.01;0;3.95846;1;0;-1
0;818;-20.9551;-4.75566;34.0526;9.37895;3455.82;5.63943;0;0;0.1;0.01;0;5.90098;0;0;-1
0;819;-21.7945;11.1907;31.6457;8.93559;2988.53;5.37284;0;0;0.1;0.01;0;5.8775;0;0;-1
0;820;-22.9982;29.3648;33.7783;9.49202;3582.32;5.70741;0;0;0.1;0.01;0;5.55438;0;0;-1
0;821;-20.7405;44.2977;33.8139;9.19925;3260.96;5.53138;0;0;0.1;0.01;0;6.29419;0;0;-1
0;822;-20.4343;59.7006;30.9788;8.65751;2718.11;5.20564;0;0;0.1;0.01;0;5.12033;0;0;-1
0;823;-21.7695;76.7156;32.6724;10.0526;4255.24;6.04448;0;0;0.1;0.01;0;4.73889;0;0;-1
0;824;-6.81629;-81.4836;33.0073;10.2345;4490.44;6.15386;0;0;0.1;0.01;0;5.73631;0;0;-1
0;825;-7.57898;-65.8499;32.042;9.11861;3175.96;5.48289;0;0;0.1;0.01;0;4.85363;0;0;-1
0;826;-8.8095;-46.9428;30.7981;9.1191;3176.47;5.48318;0;0;0.1;0.01;0;5.14975;0;0;-1
0;827;-5.46064;-32.6291;31.1764;8.5;2572.44;5.11093;0;0;0.1;0.01;0;4.74397;1;0;-1
0;828;-8.84085;-13.1759;31.5861;10.4144;4731.42;6.26203;0;0;0.1;0.01;0;6.59215;0;0;-1
0;829;-7.46616;3.47606;31.9498;9.30981;3379.96;5.59785;0;0;0.1;0.01;0;6.0861;0;0;-1
0;830;-6.85695;20.9985;33.6356;10.0649;4270.88;6.05188;0;0;0.1;0.01;0;5.67498;0;0;-1
0;831;-7.48318;37.7959;34.0837;9.13604;3194.2;5.49337;0;0;0.1;0.01;0;6.1425;0;0;-1
0;832;-5.85106;51.7238;33.6908;8.5;2572.44;5.11093;0;0;0.1;0.01;0;5.49183;1;0;-1
0;833;-7.20539;69.7822;32.4002;8.73803;2794.66;5.25405;0;0;0.1;0.01;0;4.34988;0;0;-1
0;834;-6.78301;88.6492;31.1279;8.56897;2635.57;5.1524;0;0;0.1;0.01;0;2.16798;0;0;-1
0;835;8.24997;-89.441;34.6606;8.757;2812.9;5.26546;0;0;0.1;0.01;0;3.18215;0;0;-1
0;836;7.70545;-74.4761;32.4968;10.4534;4784.77;6.28548;0;0;0.1;0.01;0;7.03335;0;0;-1
0;837;6.34438;-58.9464;31.8212;8.79873;2853.31;5.29055;0;0;0.1;0.01;0;5.10323;0;0;-1
0;838;8.48812;-42.9136;33.1998;10.0561;4259.68;6.04659;0;0;0.1;0.01;0;6.75267;0;0;-1
0;839;6.86451;-23.8853;32.7519;8.90408;2957.03;5.35389;0;0;0.1;0.01;0;4.87902;0;0;-1
0;840;7.21257;-6.04571;33.7198;9.87605;4034.95;5.93833;0;0;0.1;0.01;0;6.05128;0;0;-1
0;841;5.64475;8.78857;34.3835;9.10205;3158.68;5.47293;0;0;0.1;0.01;0;4.74232;0;0;-1
0;842;8.33814;27.8169;31.0453;9.25309;3318.55;5.56375;0;0;0.1;0.01;0;5.15882;0;0;-1
0;843;6.79055;42.8934;30.5891;10.1876;4428.99;6.12566;0;0;0.1;0.01;0;6.42012;0;0;-1
0;844;8.63696;61.5766;30.905;8.68436;2743.48;5.22178;0;0;0.1;0.01;0;4.75519;0;0;-1
0;845;9.12147;78.9332;31.9054;9.46328;3549.88;5.69013;0;0;0.1;0.01;0;4.70374;0;0;-1
0;846;23.1421;-82.6633;33.8535;9.93443;4106.93;5.97343;0;0;0.1;0.01;0;4.76637;0;0;-1
0;847;22.6501;-67.9634;33.0058;9.85623;4010.71;5.92641;0;0;0.1;0.01;0;5.40287;0;0;-1
0;848;23.8689;-47.7319;33.3888;8.90151;2954.47;5.35235;0;0;0.1;0.01;0;5.89643;0;0;-1
0;849;21.136;-32.2874;32.4707;10.1635;4397.63;6.11117;0;0;0.1;0.01;0;7.03955;0;0;-1
0;850;22.117;-14.0039;32.2172;10.1553;4386.99;6.10623;0;0;0.1;0.01;0;6.79685;0;0;-1
0;851;22.3384;0.483053;30.9419;8.92445;2977.37;5.36614;0;0;0.1;0.01;0;5.12716;0;0;-1
0;852;23.0076;19.3382;30.487;9.06881;3124.2;5.45294;0;0;0.1;0.01;0;4.82393;0;0;-1
0;853;22.1119;37.5541;33.9874;9.3486;3422.38;5.62118;0;0;0.1;0.01;0;5.73784;0;0;-1
0;854;23.7971;51.3864;32.5698;9.90615;4071.96;5.95642;0;0;0.1;0.01;0;6.81322;0;0;-1
0;855;22.3273;68.7576;31.0038;8.75237;2808.44;5.26267;0;0;0.1;0.01;0;5.90308;0;0;-1
0;856;20.858;89.3923;34.2249;9.34689;3420.5;5.62015;0;0;0.1;0.01;0;1.60174;0;0;-1
0;857;35.7835;-74.7216;32.7967;8.5;2572.44;5.11093;0;0;0.1;0.01;0;3.42662;1;0;-1
0;858;37.1894;-55.084;32.8394;9.55435;3653.36;5.74489;0;0;0.1;0.01;0;5.76205;0;0;-1
0;859;35.5719;-38.4165;30.8915;8.5;2572.44;5.11093;0;0;0.1;0.01;0;5.30946;1;0;-1
0;860;37.4988;-21.9778;32.1885;8.5;2572.44;5.11093;0;0;0.1;0.01;0;4.7556;1;0;-1
0;861;35.8983;-4.81387;33.2069;9.17157;3231.62;5.51473;0;0;0.1;0.01;0;5.72667;0;0;-1
0;862;38.7423;9.35492;32.4905;8.59517;2659.82;5.16815;0;0;0.1;0.01;0;4.91477;0;0;-1
0;863;38.1035;25.5602;33.0004;9.81869;3965.06;5.90384;0;0;0.1;0.01;0;5.59336;0;0;-1
0;864;38.3505;43.1661;33.0938;9.76301;3897.98;5.87036;0;0;0.1;0.01;0;6.01971;0;0;-1
0;865;35.3788;61.8636;33.7072;9.76121;3895.83;5.86927;0;0;0.1;0.01;0;6.62562;0;0;-1
0;866;36.8557;77.2507;32.1596;10.0224;4217;6.02632;0;0;0.1;0.01;0;5.23673;0;0;-1
0;867;52.8292;-64.6643;31.9347;9.06145;3116.6;5.44852;0;0;0.1;0.01;0;3.97343;0;0;-1
0;868;53.1661;-49.3375;32.1267;9.43641;3519.73;5.67398;0;0;0.1;0.01;0;5.65678;0;0;-1
0;869;52.0699;-33.387;32.3995;9.52844;3623.71;5.72931;0;0;0.1;0.01;0;6.14067;0;0;-1
0;870;51.5458;-17.318;31.5984;9.93219;4104.15;5.97208;0;0;0.1;0.01;0;6.32023;0;0;-1
0;871;53.2124;0.912834;33.8715;10.0205;4214.6;6.02518;0;0;0.1;0.01;0;6.86818;0;0;-1
0;872;52.4632;17.8201;33.3869;8.9672;3020.36;5.39185;0;0;0.1;0.01;0;6.01789;0;0;-1
0;873;53.4711;38.1461;32.2391;8.9671;3020.26;5.39179;0;0;0.1;0.01;0;6.03619;0;0;-1
0;874;53.2639;53.1794;33.327;9.60563;3712.5;5.77573;0;0;0.1;0.01;0;6.96893;0;0;-1
0;875;51.4235;68.331;32.4172;9.14929;3208.12;5.50134;0;0;0.1;0.01;0;4.86819;0;0;-1
0;876;67.2612;-58.0718;32.4297;8.83388;2887.64;5.31168;0;0;0.1;0.01;0;3.29134;0;0;-1
0;877;67.6934;-38.6049;31.5579;9.31078;3381.01;5.59844;0;0;0.1;0.01;0;5.34567;0;0;-1
0;878;66.3916;-21.8167;31.9652;9.12977;3187.63;5.4896;0;0;0.1;0.01;0;5.27206;0;0;-1
0;879;66.9439;-4.76607;32.6211;9.85842;4013.38;5.92772;0;0;0.1;0.01;0;5.72576;0;0;-1
0;880;67.2084;10.3577;32.9709;8.94914;3002.15;5.38099;0;0;0.1;0.01;0;6.55186;0;0;-1
0;881;66.2086;28.0127;33.7838;8.61621;2679.4;5.1808;0;0;0.1;0.01;0;5.82124;0;0;-1
0;882;67.3183;45.6463;31.0826;9.11558;3172.79;5.48107;0;0;0.1;0.01;0;6.46606;0;0;-1
0;883;67.0142;59.5031;32.0768;9.87652;4035.53;5.93861;0;0;0.1;0.01;0;4.75517;0;0;-1
0;884;79.9429;-30.259;33.8307;9.91075;4077.63;5.95919;0;0;0.1;0.01;0;4.39863;0;0;-1
0;885;80.1774;-15.9661;30.726;8.8039;2858.34;5.29366;0;0;0.1;0.01;0;4.50569;0;0;-1
0;886;79.6565;3.68681;33.5533;10.0827;4293.58;6.06258;0;0;0.1;0.01;0;4.94895;0;0;-1
0;887;80.7176;19.7014;34.1932;8.73611;2792.82;5.2529;0;0;0.1;0.01;0;3.8487;0;0;-1
0;888;80.5432;33.6384;31.9251;8.98096;3034.29;5.40012;0;0;0.1;0.01;0;4.25702;0;0;-1
0;889;-86.3518;-6.44379;47.2374;9.7781;3916.08;5.87943;0;0;0.1;0.01;0;3.24467;0;0;-1
0;890;-85.6621;9.85682;47.7981;10.4049;4718.48;6.25632;0;0;0.1;0.01;0;3.02217;0;0;-1
0;891;-69.0199;-49.9831;48.7954;10.4318;4755.17;6.27249;0;0;0.1;0.01;0;2.8805;0;0;-1
0;892;-69.3904;-33.7451;47.9853;8.5;2572.44;5.11093;0;0;0.1;0.01;0;4.09414;1;0;-1
0;893;-69.3651;-13.3632;47.6952;9.91875;4087.52;5.964;0;0;0.1;0.01;0;5.72661;0;0;-1
0;894;-71.5142;0.83854;46.7785;8.91111;2964.04;5.35812;0;0;0.1;0.01;0;5.62337;0;0;-1
0;895;-68.5685;18.036;47.0539;8.75571;2811.66;5.26468;0;0;0.1;0.01;0;3.93464;0;0;-1
0;896;-70.5788;36.4604;49.3643;9.25688;3322.63;5.56603;0;0;0.1;0.01;0;1.72528;0;0;-1
0;897;-56.6361;-59.6064;46.1488;8.92538;2978.3;5.3667;0;0;0.1;0.01;0;4.10306;0;0;-1
0;898;-57.0588;-39.1308;47.6075;9.30218;3371.65;5.59327;0;0;0.1;0.01;0;5.77711;0;0;-1
0;899;-57.0499;-23.2654;47.2555;8.5;2572.44;5.11093;0;0;0.1;0.01;0;5.45064;1;0;-1
0;900;-56.8255;-6.91229;48.8118;9.56046;3660.37;5.74857;0;0;0.1;0.01;0;5.90557;0;0;-1
0;901;-54.5984;12.7544;45.9845;8.6949;2753.48;5.22812;0;0;0.1;0.01;0;4.42044;0;0;-1
0;902;-57.7032;29.7395;45.9864;8.5;2572.44;5.11093;0;0;0.1;0.01;0;4.65807;1;0;-1
0;903;-56.3051;45.9448;47.0311;8.5;2572.44;5.11093;0;0;0.1;0.01;0;4.46051;1;0;-1
0;904;-54.4409;61.2973;46.4154;8.73256;2789.42;5.25076;0;0;0.1;0.01;0;3.5001;0;0;-1
0;905;-40.6516;-64.3865;45.8816;8.77308;2828.43;5.27513;0;0;0.1;0.01;0;3.66428;0;0;-1
0;906;-40.4044;-50.5789;48.2076;9.14813;3206.9;5.50064;0;0;0.1;0.01;0;5.15881;0;0;-1
0;907;-43.199;-30.0704;46.0954;10.1709;4407.24;6.11561;0;0;0.1;0.01;0;6.05238;0;0;-1
0;908;-41.5062;-14.2941;49.0755;8.5;2572.44;5.11093;0;0;0.1;0.01;0;4.98853;1;0;-1
0;909;-41.6406;0.771636;49.2624;8.65928;2719.78;5.2067;0;0;0.1;0.01;0;4.60017;0;0;-1
0;910;-42.0977;16.7759;48.2728;10.2808;4551.66;6.1817;0;0;0.1;0.01;0;5.92277;0;0;-1
0;911;-42.3314;35.8766;45.2315;8.59133;2656.26;5.16584;0;0;0.1;0.01;0;4.94899;0;0;-1
0;912;-41.2202;53.2372;48.8991;10.1348;4360.48;6.09391;0;0;0.1;0.01;0;6.53589;0;0;-1
0;913;-42.4845;69.7206;48.0977;9.85071;4003.97;5.92309;0;0;0.1;0.01;0;4.23727;0;0;-1
0;914;-27.8326;-76.7437;46.7379;9.0812;3137.03;5.46039;0;0;0.1;0.01;0;2.96174;0;0;-1
0;915;-26.1683;-55.5059;48.3141;8.59395;2658.69;5.16742;0;0;0.1;0.01;0;5.99568;0;0;-1
0;916;-27.685;-41.4889;46.5295;9.63897;3751.29;5.79577;0;0;0.1;0.01;0;7.57625;0;0;-1
0;917;-28.0344;-24.2517;49.4392;8.5;2572.44;5.11093;0;0;0.1;0.01;0;4.80411;1;0;-1
0;918;-25.7019;-8.79365;47.3282;8.5;2572.44;5.11093;0;0;0.1;0.01;0;4.63774;1;0;-1
0;919;-26.675;12.0265;46.5379;9.92574;4096.16;5.9682;0;0;0.1;0.01;0;5.77863;0;0;-1
0;920;-26.9579;29.5834;48.5543;10.2075;4454.99;6.13762;0;0;0.1;0.01;0;7.06197;0;0;-1
0;921;-26.351;45.1542;48.8389;9.22863;3292.31;5.54904;0;0;0.1;0.01;0;6.1179;0;0;-1
0;922;-25.8923;60.8787;46.5194;10.3198;4603.65;6.20515;0;0;0.1;0.01;0;6.87285;0;0;-1
0;923;-25.5714;79.3371;48.5012;9.1597;3219.08;5.50759;0;0;0.1;0.01;0;3.17602;0;0;-1
0;924;-12.3638;-80.7916;46.0122;8.874;2927.16;5.33581;0;0;0.1;0.01;0;3.0703;0;0;-1
0;925;-11.8859;-64.6873;47.9552;8.62741;2689.86;5.18754;0;0;0.1;0.01;0;4.45563;0;0;-1
0;926;-13.4934;-47.9754;46.5719;10.3686;4669.27;6.23449;0;0;0.1;0.01;0;7.52062;0;0;-1
0;927;-12.693;-33.5671;49.1058;10.005;4195.08;6.01586;0;0;0.1;0.01;0;5.88172;0;0;-1
0;928;-11.4142;-13.8813;48.6937;9.93402;4106.42;5.97318;0;0;0.1;0.01;0;6.77368;0;0;-1
0;929;-11.0345;0.269606;46.1081;9.49154;3581.78;5.70713;0;0;0.1;0.01;0;6.65107;0;0;-1
0;930;-13.176;19.51;47.8636;10.0132;4205.4;6.02079;0;0;0.1;0.01;0;6.25746;0;0;-1
0;931;-11.2548;37.0953;49.0528;8.84922;2902.71;5.32091;0;0;0.1;0.01;0;6.45046;0;0;-1
0;932;-12.2004;52.5432;48.7912;9.02879;3083.03;5.42888;0;0;0.1;0.01;0;7.20949;0;0;-1
0;933;-11.7512;69.7947;48.0749;10.1432;4371.33;6.09896;0;0;0.1;0.01;0;5.86738;0;0;-1
0;934;-12.8193;86.6135;47.9964;8.5;2572.44;5.11093;0;0;0.1;0.01;0;1.66547;1;0;-1
0;935;2.05947;-73.1392;45.8857;8.5;2572.44;5.11093;0;0;0.1;0.01;0;4.91147;1;0;-1
0;936;1.60982;-59.4351;46.62;8.99434;3047.87;5.40817;0;0;0.1;0.01;0;5.60894;0;0;-1
0;937;2.35319;-42.276;46.9562;9.40872;3488.83;5.65733;0;0;0.1;0.01;0;5.65239;0;0;-1
0;938;1.44416;-22.4077;48.5097;9.3869;3464.62;5.64421;0;0;0.1;0.01;0;5.82147;0;0;-1
0;939;4.31122;-5.3892;49.0426;9.50215;3593.8;5.7135;0;0;0.1;0.01;0;6.81338;0;0;-1
0;940;3.22345;8.86517;49.2383;9.40384;3483.41;5.65439;0;0;0.1;0.01;0;5.80881;0;0;-1
0;941;1.82444;29.6367;47.3203;8.5;2572.44;5.11093;0;0;0.1;0.01;0;5.04927;1;0;-1
0;942;1.08282;45.5448;47.5956;8.53776;2606.88;5.13363;0;0;0.1;0.01;0;6.17218;0;0;-1
0;943;1.48497;60.6205;45.6717;9.03964;3094.15;5.4354;0;0;0.1;0.01;0;5.4376;0;0;-1
0;944;4.93068;79.7275;48.6576;10.1102;4328.8;6.07912;0;0;0.1;0.01;0;3.00605;0;0;-1
0;945;18.9265;-84.4749;48.8955;8.82496;2878.9;5.30632;0;0;0.1;0.01;0;1.95423;0;0;-1
0;946;18.2797;-65.9284;46.709;9.13393;3191.99;5.4921;0;0;0.1;0.01;0;4.6937;0;0;-1
0;947;16.9275;-49.4147;46.2886;8.5;2572.44;5.11093;0;0;0.1;0.01;0;4.61369;1;0;-1
0;948;19.3933;-34.4013;45.9318;10.2763;4545.68;6.17899;0;0;0.1;0.01;0;6.56751;0;0;-1
0;949;16.1458;-14.8599;48.457;9.22523;3288.67;5.547;0;0;0.1;0.01;0;6.34156;0;0;-1
0;950;18.7794;1.80777;48.5198;8.50641;2578.26;5.11478;0;0;0.1;0.01;0;5.65778;0;0;-1
0;951;17.3899;17.4886;46.7751;9.55479;3653.86;5.74516;0;0;0.1;0.01;0;5.23513;0;0;-1
0;952;16.0255;36.3998;49.0151;8.5;2572.44;5.11093;0;0;0.1;0.01;0;4.95108;1;0;-1
0;953;19.238;50.8495;45.5631;9.03341;3087.76;5.43166;0;0;0.1;0.01;0;5.11098;0;0;-1
0;954;17.414;71.0949;46.7995;9.52319;3617.73;5.72616;0;0;0.1;0.01;0;4.54171;0;0;-1
0;955;33.2069;-74.2767;48.7922;8.9766;3029.87;5.3975;0;0;0.1;0.01;0;3.24341;0;0;-1
0;956;33.1114;-57.1338;47.8308;9.60965;3717.16;5.77814;0;0;0.1;0.01;0;6.04703;0;0;-1
0;957;33.4741;-39.214;45.8222;9.85133;4004.73;5.92346;0;0;0.1;0.01;0;6.54234;0;0;-1
0;958;30.7976;-22.5135;46.1733;9.98303;4167.5;6.00265;0;0;0.1;0.01;0;6.38952;0;0;-1
0;959;31.9818;-5.04244;47.7712;9.48791;3577.67;5.70494;0;0;0.1;0.01;0;5.83465;0;0;-1
0;960;33.2555;12.0628;47.6391;9.44032;3524.1;5.67633;0;0;0.1;0.01;0;5.47937;0;0;-1
0;961;30.6862;25.7856;46.9762;9.75134;3884.02;5.86334;0;0;0.1;0.01;0;6.52795;0;0;-1
0;962;32.7099;43.2072;48.5133;8.95476;3007.81;5.38437;0;0;0.1;0.01;0;6.11592;0;0;-1
0;963;31.8873;59.3291;48.6139;9.99243;4179.28;6.0083;0;0;0.1;0.01;0;6.93123;0;0;-1
0;964;30.931;76.2543;47.6986;9.44588;3530.33;5.67967;0;0;0.1;0.01;0;4.12537;0;0;-1
0;965;45.9671;-63.7012;46.5702;8.50235;2574.57;5.11234;0;0;0.1;0.01;0;3.30901;0;0;-1
0;966;46.176;-47.4738;47.569;10.2055;4452.37;6.13642;0;0;0.1;0.01;0;6.42914;0;0;-1
0;967;47.6493;-31.4621;46.2949;8.5;2572.44;5.11093;0;0;0.1;0.01;0;5.04412;1;0;-1
0;968;45.2301;-13.9431;49.0249;9.26855;3335.22;5.57304;0;0;0.1;0.01;0;5.88941;0;0;-1
0;969;45.8973;-0.22267;45.3787;8.5;2572.44;5.11093;0;0;0.1;0.01;0;5.34696;1;0;-1
0;970;47.7173;20.7826;46.8803;10.0206;4214.73;6.02524;0;0;0.1;0.01;0;7.16733;0;0;-1
0;971;45.3038;36.6214;48.5885;9.44979;3534.72;5.68202;0;0;0.1;0.01;0;6.80079;0;0;-1
0;972;46.471;54.7669;49.1035;9.69619;3818.49;5.83018;0;0;0.1;0.01;0;5.88146;0;0;-1
0;973;45.6625;72.0071;48.421;9.86394;4020.13;5.93104;0;0;0.1;0.01;0;3.34136;0;0;-1
0;974;63.7016;-58.7716;46.4806;8.74716;2803.43;5.25954;0;0;0.1;0.01;0;2.38184;0;0;-1
0;975;62.0112;-42.372;47.6455;9.36522;3440.67;5.63117;0;0;0.1;0.01;0;5.04992;0;0;-1
0;976;59.8945;-24.07;48.5234;8.5;2572.44;5.11093;0;0;0.1;0.01;0;4.86116;1;0;-1
0;977;63.6084;-8.6975;46.8139;10.1425;4370.42;6.09854;0;0;0.1;0.01;0;6.67295;0;0;-1
0;978;60.6627;8.1297;47.1483;9.86993;4027.46;5.93465;0;0;0.1;0.01;0;6.38338;0;0;-1
0;979;61.5216;26.8077;46.1093;9.90075;4065.3;5.95318;0;0;0.1;0.01;0;6.42704;0;0;-1
0;980;60.1732;43.6491;46.0397;10.1384;4365.13;6.09607;0;0;0.1;0.01;0;6.24394;0;0;-1
0;981;61.1698;61.0014;46.9913;9.12844;3186.24;5.4888;0;0;0.1;0.01;0;3.76008;0;0;-1
0;982;77.2963;-30.369;48.6449;8.61289;2676.3;5.17881;0;0;0.1;0.01;0;2.62385;0;0;-1
0;983;77.1299;-17.1007;47.7304;8.5;2572.44;5.11093;0;0;0.1;0.01;0;3.16166;1;0;-1
0;984;75.5682;1.83256;46.5505;9.84126;3992.46;5.91741;0;0;0.1;0.01;0;5.04746;0;0;-1
0;985;78.6906;17.3373;48.8013;10.0526;4255.24;6.04448;0;0;0.1;0.01;0;4.18539;0;0;-1
0;986;75.2825;34.6947;45.9222;10.2898;4563.62;6.18711;0;0;0.1;0.01;0;4.40676;0;0;-1
0;987;-65.6121;-30.2911;62.2624;8.57744;2643.39;5.15749;0;0;0.1;0.01;0;3.43647;0;0;-1
0;988;-66.5744;-15.4261;63.551;8.87947;2932.58;5.3391;0;0;0.1;0.01;0;3.54152;0;0;-1
0;989;-66.6893;0.547988;61.3347;8.52153;2592.04;5.12387;0;0;0.1;0.01;0;3.48118;0;0;-1
0;990;-66.151;19.5129;63.9377;9.60852;3715.85;5.77746;0;0;0.1;0.01;0;3.35544;0;0;-1
0;991;-51.8176;-58.4826;60.4475;9.06277;3117.97;5.44931;0;0;0.1;0.01;0;2.13738;0;0;-1
0;992;-51.4156;-38.7556;63.6281;10.4312;4754.35;6.27213;0;0;0.1;0.01;0;5.1985;0;0;-1
0;993;-50.7458;-24.4996;63.3043;8.99047;3043.94;5.40584;0;0;0.1;0.01;0;6.41255;0;0;-1
0;994;-52.7039;-8.79534;61.3419;8.75928;2815.1;5.26683;0;0;0.1;0.01;0;4.57552;0;0;-1
0;995;-53.4875;10.3291;61.6461;10.3467;4639.75;6.22132;0;0;0.1;0.01;0;5.60419;0;0;-1
0;996;-53.026;27.1215;62.1058;8.5119;2583.26;5.11808;0;0;0.1;0.01;0;4.04142;0;0;-1
0;997;-51.7526;46.5224;61.8044;9.49673;3587.66;5.71025;0;0;0.1;0.01;0;3.02778;0;0;-1
0;998;-36.3717;-47.5575;60.5208;9.31429;3384.84;5.60055;0;0;0.1;0.01;0;6.18602;0;0;-1
0;999;-36.9163;-33.1711;64.1683;8.56914;2635.73;5.1525;0;0;0.1;0.01;0;5.89232;0;0;-1
0;1000;-35.4745;-15.6551;62.6752;9.77893;3917.08;5.87993;0;0;0.1;0.01;0;6.62037;0;0;-1
0;1001;-36.1632;1.45543;63.9647;8.73934;2795.92;5.25484;0;0;0.1;0.01;0;4.87622;0;0;-1
0;1002;-35.0648;19.5858;62.2228;8.80965;2863.94;5.29711;0;0;0.1;0.01;0;5.88781;0;0;-1
0;1003;-35.2272;37.0944;60.6623;9.96828;4149.06;5.99378;0;0;0.1;0.01;0;6.29323;0;0;-1
0;1004;-38.3041;52.2605;63.8415;9.47991;3568.63;5.70013;0;0;0.1;0.01;0;3.94543;0;0;-1
0;1005;-38.3138;67.9589;60.6963;9.61487;3723.22;5.78128;0;0;0.1;0.01;0;3.18458;0;0;-1
0;1006;-21.3188;-73.2307;63.7698;8.5;2572.44;5.11093;0;0;0.1;0.01;0;1.71201;1;0;-1
0;1007;-23.2929;-57.0288;62.2475;10.4;4711.82;6.25337;0;0;0.1;0.01;0;6.18593;0;0;-1
0;1008;-22.2444;-40.865;61.3903;10.2717;4539.58;6.17622;0;0;0.1;0.01;0;8.02956;0;0;-1
0;1009;-21.3016;-22.7367;63.6528;8.53442;2603.82;5.13162;0;0;0.1;0.01;0;6.24385;0;0;-1
0;1010;-21.9752;-5.5686;62.1267;10.3597;4657.26;6.22914;0;0;0.1;0.01;0;6.43857;0;0;-1
0;1011;-22.1179;10.5224;60.8547;8.5;2572.44;5.11093;0;0;0.1;0.01;0;3.63271;1;0;-1
0;1012;-23.7897;26.8077;63.5276;9.01866;3072.66;5.42279;0;0;0.1;0.01;0;4.69356;0;0;-1
0;1013;-22.4093;44.4773;62.809;9.87176;4029.7;5.93575;0;0;0.1;0.01;0;6.77197;0;0;-1
0;1014;-21.8343;59.6985;60.1745;8.81698;2871.1;5.30152;0;0;0.1;0.01;0;5.43883;0;0;-1
0;1015;-7.87497;-67.6907;60.3417;8.52518;2595.37;5.12607;0;0;0.1;0.01;0;3.89014;0;0;-1
0;1016;-7.87129;-47.7018;63.1308;10.2311;4485.96;6.15181;0;0;0.1;0.01;0;6.71368;0;0;-1
0;1017;-5.56054;-29.8831;63.3914;9.05885;3113.92;5.44696;0;0;0.1;0.01;0;6.57527;0;0;-1
0;1018;-6.85283;-15.3328;60.9686;8.54701;2615.36;5.13919;0;0;0.1;0.01;0;6.62707;0;0;-1
0;1019;-8.78028;0.618673;60.7695;8.5;2572.44;5.11093;0;0;0.1;0.01;0;4.71507;1;0;-1
0;1020;-6.95726;20.8321;60.3921;8.92528;2978.2;5.36664;0;0;0.1;0.01;0;4.61498;0;0;-1
0;1021;-8.83258;36.0077;63.5759;9.68264;3802.51;5.82203;0;0;0.1;0.01;0;7.04763;0;0;-1
0;1022;-6.47362;52.142;61.0327;9.64341;3756.48;5.79844;0;0;0.1;0.01;0;7.58124;0;0;-1
0;1023;-7.43375;67.6718;60.8735;10.3052;4584.14;6.19637;0;0;0.1;0.01;0;4.93609;0;0;-1
0;1024;5.31538;-73.7748;61.9502;8.5;2572.44;5.11093;0;0;0.1;0.01;0;2.23669;1;0;-1
0;1025;6.87225;-57.4074;62.3002;10.176;4413.87;6.11868;0;0;0.1;0.01;0;5.81605;0;0;-1
0;1026;7.74196;-39.3529;61.0347;8.5;2572.44;5.11093;0;0;0.1;0.01;0;4.55325;1;0;-1
0;1027;6.38289;-22.6885;62.3463;9.92312;4092.92;5.96663;0;0;0.1;0.01;0;6.7129;0;0;-1
0;1028;9.17329;-6.37402;62.4716;10.2402;4497.94;6.15728;0;0;0.1;0.01;0;6.85763;0;0;-1
0;1029;8.78451;12.1952;62.242;8.66534;2725.5;5.21034;0;0;0.1;0.01;0;4.78915;0;0;-1
0;1030;7.91978;26.321;63.4122;8.5;2572.44;5.11093;0;0;0.1;0.01;0;5.49309;1;0;-1
0;1031;7.42329;42.0727;60.0851;10.2988;4575.6;6.19252;0;0;0.1;0.01;0;6.63257;0;0;-1
0;1032;6.63854;63.0855;63.2899;9.3194;3390.41;5.60362;0;0;0.1;0.01;0;4.62313;0;0;-1
0;1033;21.3056;-63.8636;60.9612;8.5;2572.44;5.11093;0;0;0.1;0.01;0;3.7009;1;0;-1
0;1034;23.2546;-50.2986;61.9531;8.5;2572.44;5.11093;0;0;0.1;0.01;0;4.43503;1;0;-1
0;1035;20.9354;-32.36;61.0319;8.5;2572.44;5.11093;0;0;0.1;0.01;0;3.83393;1;0;-1
0;1036;24.2158;-12.6699;60.3675;8.5;2572.44;5.11093;0;0;0.1;0.01;0;5.40605;1;0;-1
0;1037;20.609;2.95362;61.7798;8.5;2572.44;5.11093;0;0;0.1;0.01;0;5.06367;1;0;-1
0;1038;23.0824;19.7949;63.7359;10.3275;4613.96;6.20978;0;0;0.1;0.01;0;7.34192;0;0;-1
0;1039;21.9266;37.8431;63.1535;8.70203;2760.26;5.2324;0;0;0.1;0.01;0;5.6875;0;0;-1
0;1040;21.5794;53.158;60.4213;8.5;2572.44;5.11093;0;0;0.1;0.01;0;5.29607;1;0;-1
0;1041;22.1364;69.109;61.3956;9.0674;3122.75;5.4521;0;0;0.1;0.01;0;3.39155;0;0;-1
0;1042;34.6673;-59.7297;63.537;8.5;2572.44;5.11093;0;0;0.1;0.01;0;2.17427;1;0;-1
0;1043;36.1556;-39.3396;62.5724;9.23923;3303.66;5.55541;0;0;0.1;0.01;0;4.51111;0;0;-1
0;1044;38.1809;-22.8125;61.8958;8.81792;2872.02;5.30209;0;0;0.1;0.01;0;4.89357;0;0;-1
0;1045;35.7952;-5.05935;62.6095;8.95321;3006.25;5.38344;0;0;0.1;0.01;0;4.80217;0;0;-1
0;1046;38.2686;12.2892;61.3805;9.45337;3538.74;5.68417;0;0;0.1;0.01;0;5.64725;0;0;-1
0;1047;37.9514;26.2081;60.251;8.5;2572.44;5.11093;0;0;0.1;0.01;0;6.732;1;0;-1
0;1048;35.5186;43.3595;63.5197;9.23679;3301.05;5.55395;0;0;0.1;0.01;0;5.62973;0;0;-1
0;1049;38.6611;60.4727;63.3797;9.72555;3853.28;5.84783;0;0;0.1;0.01;0;3.9484;0;0;-1
0;1050;53.4569;-48.7342;61.7469;9.52246;3616.9;5.72572;0;0;0.1;0.01;0;3.22246;0;0;-1
0;1051;50.3702;-33.3909;60.8764;8.5;2572.44;5.11093;0;0;0.1;0.01;0;4.87722;1;0;-1
0;1052;51.0253;-15.2828;62.14;9.58171;3684.83;5.76134;0;0;0.1;0.01;0;5.69675;0;0;-1
0;1053;50.0339;0.795568;62.6993;8.5;2572.44;5.11093;0;0;0.1;0.01;0;4.1292;1;0;-1
0;1054;50.5534;20.6956;60.9308;8.5;2572.44;5.11093;0;0;0.1;0.01;0;5.72309;1;0;-1
0;1055;50.869;34.8021;61.8156;9.8158;3961.56;5.9021;0;0;0.1;0.01;0;6.01799;0;0;-1
0;1056;53.6944;53.005;62.7374;10.1404;4367.71;6.09728;0;0;0.1;0.01;0;3.14173;0;0;-1
0;1057;67.0773;-40.8563;60.8975;10.4293;4751.76;6.27099;0;0;0.1;0.01;0;2.85309;0;0;-1
0;1058;64.4562;-21.5183;62.1453;8.5;2572.44;5.11093;0;0;0.1;0.01;0;2.95838;1;0;-1
0;1059;64.44;-5.43998;61.8694;8.5;2572.44;5.11093;0;0;0.1;0.01;0;4.08034;1;0;-1
0;1060;66.7689;9.19778;60.6555;9.7064;3830.57;5.83632;0;0;0.1;0.01;0;3.28707;0;0;-1
0;1061;65.172;25.0308;60.1615;8.80062;2855.15;5.29169;0;0;0.1;0.01;0;2.82101;0;0;-1
0;1062;-54.4234;-23.7662;75.9858;9.34551;3418.99;5.61932;0;0;0.1;0.01;0;3.60409;0;0;-1
0;1063;-56.5138;-4.70228;78.7024;8.5;2572.44;5.11093;0;0;0.1;0.01;0;1.66192;1;0;-1
0;1064;-54.9447;10.6806;76.2452;9.32397;3395.4;5.60637;0;0;0.1;0.01;0;3.90567;0;0;-1
0;1065;-56.4405;29.7242;75.0196;10.447;4775.99;6.28163;0;0;0.1;0.01;0;3.23443;0;0;-1
0;1066;-40.0298;-48.9614;77.0266;8.5;2572.44;5.11093;0;0;0.1;0.01;0;2.24729;1;0;-1
0;1067;-42.2518;-30.7965;77.7929;8.79456;2849.25;5.28804;0;0;0.1;0.01;0;4.74984;0;0;-1
0;1068;-40.3999;-15.9278;75.0955;9.98709;4172.59;6.00509;0;0;0.1;0.01;0;6.54618;0;0;-1
0;1069;-40.4512;2.87038;77.9471;9.51488;3608.27;5.72116;0;0;0.1;0.01;0;5.73079;0;0;-1
0;1070;-41.6336;17.7761;74.6432;8.54694;2615.29;5.13915;0;0;0.1;0.01;0;5.55108;0;0;-1
0;1071;-39.3199;33.6796;76.4778;9.87209;4030.1;5.93594;0;0;0.1;0.01;0;4.14341;0;0;-1
0;1072;-24.3961;-55.1604;76.9415;9.73996;3870.44;5.8565;0;0;0.1;0.01;0;3.46847;0;0;-1
0;1073;-26.2748;-40.8481;74.9503;9.02504;3079.19;5.42663;0;0;0.1;0.01;0;5.50661;0;0;-1
0;1074;-27.4692;-23.1554;76.5314;10.0637;4269.35;6.05116;0;0;0.1;0.01;0;7.0135;0;0;-1
0;1075;-27.2468;-4.51859;77.9017;9.34698;3420.6;5.6202;0;0;0.1;0.01;0;6.55006;0;0;-1
0;1076;-24.9812;12.2895;77.043;9.04555;3100.23;5.43896;0;0;0.1;0.01;0;5.77613;0;0;-1
0;1077;-25.7871;26.5301;77.3052;9.31413;3384.66;5.60045;0;0;0.1;0.01;0;5.89838;0;0;-1
0;1078;-25.3461;43.729;77.7633;9.28589;3353.97;5.58347;0;0;0.1;0.01;0;3.80703;0;0;-1
0;1079;-10.0676;-47.8117;76.4016;8.80812;2862.45;5.29619;0;0;0.1;0.01;0;4.92368;0;0;-1
0;1080;-12.4536;-31.1421;76.4152;10.2266;4480.05;6.14911;0;0;0.1;0.01;0;7.47818;0;0;-1
0;1081;-12.8029;-16.1713;74.6128;9.40462;3484.27;5.65486;0;0;0.1;0.01;0;7.35142;0;0;-1
0;1082;-13.5645;0.326665;78.4973;10.2202;4471.64;6.14526;0;0;0.1;0.01;0;6.59488;0;0;-1
0;1083;-11.4825;20.5756;78.3183;8.95194;3004.97;5.38267;0;0;0.1;0.01;0;5.81132;0;0;-1
0;1084;-10.8864;36.5078;76.7753;10.0821;4292.81;6.06222;0;0;0.1;0.01;0;7.27551;0;0;-1
0;1085;-11.9899;51.5992;76.3117;9.93362;4105.93;5.97294;0;0;0.1;0.01;0;4.78138;0;0;-1
0;1086;3.54398;-58.8448;76.6033;10.3992;4710.73;6.25289;0;0;0.1;0.01;0;3.37133;0;0;-1
0;1087;1.37647;-42.2299;78.4853;8.5;2572.44;5.11093;0;0;0.1;0.01;0;4.97569;1;0;-1
0;1088;4.76672;-23.2419;76.336;10.0445;4244.96;6.03961;0;0;0.1;0.01;0;6.80847;0;0;-1
0;1089;1.29757;-7.59409;78.2445;9.92445;4094.57;5.96743;0;0;0.1;0.01;0;6.2701;0;0;-1
0;1090;3.27444;11.4173;77.6364;8.90179;2954.75;5.35252;0;0;0.1;0.01;0;4.54081;0;0;-1
0;1091;1.50684;27.3586;77.7798;9.65841;3774.03;5.80746;0;0;0.1;0.01;0;7.23853;0;0;-1
0;1092;2.54003;42.4992;76.4664;10.3015;4579.2;6.19414;0;0;0.1;0.01;0;6.33563;0;0;-1
0;1093;4.04707;61.372;76.5681;9.70352;3827.16;5.83459;0;0;0.1;0.01;0;3.29221;0;0;-1
0;1094;16.473;-49.5982;74.991;8.82222;2876.22;5.30467;0;0;0.1;0.01;0;3.51621;0;0;-1
0;1095;17.4666;-30.7386;77.8413;9.94785;4123.6;5.9815;0;0;0.1;0.01;0;6.04418;0;0;-1
0;1096;18.5;-13.1233;74.6074;9.11763;3174.93;5.4823;0;0;0.1;0.01;0;6.1407;0;0;-1
0;1097;16.7222;3.3411;76.3061;8.78297;2838;5.28107;0;0;0.1;0.01;0;5.25275;0;0;-1
0;1098;18.4052;20.1246;76.7564;8.5;2572.44;5.11093;0;0;0.1;0.01;0;5.81322;1;0;-1
0;1099;18.6046;33.9767;76.0115;10.0972;4312.13;6.0713;0;0;0.1;0.01;0;7.30744;0;0;-1
0;1100;18.5645;54.4287;76.1419;9.59276;3697.6;5.76799;0;0;0.1;0.01;0;3.60254;0;0;-1
0;1101;32.5512;-40.2006;76.424;10.1849;4425.47;6.12403;0;0;0.1;0.01;0;3.81375;0;0;-1
0;1102;31.251;-22.9456;78.5528;10.1291;4353.13;6.09048;0;0;0.1;0.01;0;5.58379;0;0;-1
0;1103;31.1779;-5.98588;77.3436;8.5572;2624.72;5.14532;0;0;0.1;0.01;0;5.20004;0;0;-1
0;1104;32.3726;11.7436;76.1733;9.07028;3125.72;5.45383;0;0;0.1;0.01;0;4.46379;0;0;-1
0;1105;34.5145;28.4091;76.648;10.3011;4578.67;6.1939;0;0;0.1;0.01;0;5.87583;0;0;-1
0;1106;30.9532;46.4962;78.1606;10.3268;4613.03;6.20935;0;0;0.1;0.01;0;4.16984;0;0;-1
0;1107;49.0845;-30.3964;78.6699;9.26179;3327.92;5.56898;0;0;0.1;0.01;0;1.68987;0;0;-1
0;1108;45.449;-13.8839;75.3096;8.5304;2600.14;5.12921;0;0;0.1;0.01;0;4.76123;0;0;-1
0;1109;47.4453;0.401119;77.9797;8.55106;2619.08;5.14163;0;0;0.1;0.01;0;3.45323;0;0;-1
0;1110;48.3199;20.0361;74.9225;9.58572;3689.46;5.76375;0;0;0.1;0.01;0;3.86948;0;0;-1
0;1111;49.0107;36.2399;77.4622;8.5;2572.44;5.11093;0;0;0.1;0.01;0;2.34179;1;0;-1
0;1112;60.4378;-6.10511;78.4435;8.5;2572.44;5.11093;0;0;0.1;0.01;0;1.59492;1;0;-1
0;1113;-36.2709;-15.7312;89.6402;9.8315;3980.59;5.91154;0;0;0.1;0.01;0;4.24569;0;0;-1
0;1114;-36.4131;1.56535;91.2387;8.5;2572.44;5.11093;0;0;0.1;0.01;0;3.92305;1;0;-1
0;1115;-38.4483;16.9512;89.8834;10.0141;4206.53;6.02133;0;0;0.1;0.01;0;3.77128;0;0;-1
0;1116;-21.1035;-24.4717;90.049;10.4526;4783.67;6.285;0;0;0.1;0.01;0;4.94826;0;0;-1
0;1117;-23.4157;-6.36425;93.0734;10.0382;4236.98;6.03582;0;0;0.1;0.01;0;4.54041;0;0;-1
0;1118;-22.7408;11.6906;89.7626;8.5;2572.44;5.11093;0;0;0.1;0.01;0;4.56482;1;0;-1
0;1119;-21.6254;27.637;93.3744;10.1704;4406.59;6.11531;0;0;0.1;0.01;0;3.6387;0;0;-1
0;1120;-7.47466;-31.4733;90.7917;9.99572;4183.41;6.01028;0;0;0.1;0.01;0;4.74673;0;0;-1
0;1121;-8.53221;-14.0127;89.4445;9.49792;3589.01;5.71096;0;0;0.1;0.01;0;6.43405;0;0;-1
0;1122;-6.51241;1.18074;92.6592;9.92513;4095.41;5.96784;0;0;0.1;0.01;0;5.31299;0;0;-1
0;1123;-5.80948;19.1295;93.32;10.3778;4681.71;6.24002;0;0;0.1;0.01;0;5.37709;0;0;-1
0;1124;-7.61469;35.0421;92.3569;8.5;2572.44;5.11093;0;0;0.1;0.01;0;3.70985;1;0;-1
0;1125;5.42053;-38.5666;92.1428;8.64182;2703.36;5.1962;0;0;0.1;0.01;0;2.77434;0;0;-1
0;1126;6.63508;-23.3673;92.1226;9.97299;4154.94;5.99661;0;0;0.1;0.01;0;4.85995;0;0;-1
0;1127;7.32618;-5.04101;91.606;9.76217;3896.98;5.86985;0;0;0.1;0.01;0;4.3708;0;0;-1
0;1128;6.6642;10.8047;91.2137;9.29955;3368.79;5.59168;0;0;0.1;0.01;0;4.12395;0;0;-1
0;1129;6.09734;28.7513;90.0574;9.47028;3557.76;5.69434;0;0;0.1;0.01;0;5.33327;0;0;-1
0;1130;23.7595;-31.9712;89.8574;8.5;2572.44;5.11093;0;0;0.1;0.01;0;2.94868;1;0;-1
0;1131;20.7058;-13.4749;89.3608;8.96289;3016.01;5.38926;0;0;0.1;0.01;0;4.82154;0;0;-1
0;1132;22.7944;0.12127;90.1662;8.56343;2630.46;5.14907;0;0;0.1;0.01;0;3.46986;0;0;-1
0;1133;20.0059;20.8177;90.9623;8.88242;2935.5;5.34087;0;0;0.1;0.01;0;3.25304;0;0;-1
0;1134;20.8904;36.7137;90.3449;8.61361;2676.97;5.17924;0;0;0.1;0.01;0;2.72013;0;0;-1
0;1135;37.3215;-7.80847;89.733;9.767;3902.76;5.87276;0;0;0.1;0.01;0;3.63684;0;0;-1
0;1136;35.4255;9.72219;91.1629;8.5238;2594.11;5.12524;0;0;0.1;0.01;0;1.96406;0;0;-1
