Time;ID;x;y;z;radius;volume_total;radius_nuclear;contact_ECM;freezer;polarized_fraction;motility;cell_line;Cell_cell;phase;Cycle;NFkB
0;0;-51.3182;-4.61641;-83.4244;8.5;2572.44;5.11093;0;0;0.1;0.01;0;2.6447;1;0;-1
0;1;-37.4354;-33.3439;-84.6846;9.8791;4038.69;5.94016;0;0;0.1;0.01;0;2.67533;0;0;-1
0;2;-37.6588;-13.8266;-86.4852;8.5;2572.44;5.11093;0;0;0.1;0.01;0;2.65182;1;0;-1
0;3;-38.5111;0.468507;-85.5933;8.93259;2985.53;5.37104;0;0;0.1;0.01;0;2.49582;0;0;-1
0;4;-35.4888;20.6061;-84.3334;10.0373;4235.84;6.03528;0;0;0.1;0.01;0;3.05496;0;0;-1
0;5;-21.8001;-40.6284;-87.2571;9.31441;3384.97;5.60062;0;0;0.1;0.01;0;2.80795;0;0;-1
0;6;-20.5442;-22.4012;-85.934;8.72424;2781.45;5.24576;0;0;0.1;0.01;0;4.23743;0;0;-1
0;7;-21.0309;-8.41912;-84.5081;8.68751;2746.47;5.22367;0;0;0.1;0.01;0;4.10778;0;0;-1
0;8;-20.3039;10.7165;-85.9748;8.9461;2999.09;5.37916;0;0;0.1;0.01;0;3.39454;0;0;-1
0;9;-22.2949;28.7596;-84.0069;9.1147;3171.87;5.48054;0;0;0.1;0.01;0;3.81306;0;0;-1
0;10;-8.84379;-49.3339;-83.418;10.3831;4688.89;6.24321;0;0;0.1;0.01;0;3.60926;0;0;-1
0;11;-7.09359;-30.754;-87.1617;9.25676;3322.5;5.56596;0;0;0.1;0.01;0;4.75303;0;0;-1
0;12;-6.80584;-16.6148;-86.2536;8.92614;2979.06;5.36716;0;0;0.1;0.01;0;5.0754;0;0;-1
0;13;-6.59144;0.14359;-85.5167;10.1914;4433.94;6.12794;0;0;0.1;0.01;0;5.01996;0;0;-1
0;14;-7.56581;20.0309;-83.758;10.1998;4444.92;6.13299;0;0;0.1;0.01;0;5.00819;0;0;-1
0;15;-7.67581;38.2934;-83.9342;9.71243;3837.71;5.83994;0;0;0.1;0.01;0;3.32094;0;0;-1
0;16;7.44519;-40.8723;-85.9473;10.0896;4302.4;6.06673;0;0;0.1;0.01;0;4.84942;0;0;-1
0;17;6.40634;-24.2342;-83.4892;10.0954;4309.82;6.07022;0;0;0.1;0.01;0;6.03665;0;0;-1
0;18;8.72568;-6.0161;-85.8368;8.76963;2825.09;5.27305;0;0;0.1;0.01;0;3.8935;0;0;-1
0;19;6.47582;10.9323;-86.7602;8.73724;2793.9;5.25358;0;0;0.1;0.01;0;2.66662;0;0;-1
0;20;7.75571;27.7545;-87.3887;8.84193;2895.54;5.31652;0;0;0.1;0.01;0;3.18362;0;0;-1
0;21;8.87631;45.3842;-83.5769;10.2972;4573.47;6.19156;0;0;0.1;0.01;0;3.80204;0;0;-1
0;22;20.2429;-49.1536;-84.4965;9.44966;3534.57;5.68194;0;0;0.1;0.01;0;3.23524;0;0;-1
0;23;23.3375;-34.0359;-86.661;10.0918;4305.21;6.06805;0;0;0.1;0.01;0;5.12487;0;0;-1
0;24;20.6052;-15.7275;-84.9672;8.5;2572.44;5.11093;0;0;0.1;0.01;0;3.28289;1;0;-1
0;25;22.4764;3.45193;-86.8696;8.58914;2654.22;5.16453;0;0;0.1;0.01;0;3.59092;0;0;-1
0;26;23.6317;20.3925;-84.4867;8.88816;2941.2;5.34432;0;0;0.1;0.01;0;4.47686;0;0;-1
0;27;23.5494;37.7403;-84.8638;9.8457;3997.87;5.92008;0;0;0.1;0.01;0;3.69317;0;0;-1
0;28;36.3516;-40.1932;-83.6493;9.99562;4183.29;6.01022;0;0;0.1;0.01;0;3.76995;0;0;-1
0;29;35.468;-25.545;-86.1262;8.5;2572.44;5.11093;0;0;0.1;0.01;0;3.01595;1;0;-1
0;30;37.2081;-5.59978;-85.3011;10.2046;4451.19;6.13588;0;0;0.1;0.01;0;2.52934;0;0;-1
0;31;36.5611;10.8582;-83.9711;10.2277;4481.49;6.14977;0;0;0.1;0.01;0;3.93894;0;0;-1
0;32;37.5883;26.9817;-83.9289;10.0868;4298.82;6.06505;0;0;0.1;0.01;0;4.3582;0;0;-1
0;33;-70.5284;-14.7651;-69.3739;9.3986;3477.59;5.65124;0;0;0.1;0.01;0;2.28024;0;0;-1
0;34;-57.8096;-39.4476;-71.3402;9.97762;4160.73;5.9994;0;0;0.1;0.01;0;3.1072;0;0;-1
0;35;-56.6673;-25.1888;-72.4889;9.30194;3371.39;5.59312;0;0;0.1;0.01;0;3.99608;0;0;-1
0;36;-54.7598;-8.89725;-70.8559;8.5;2572.44;5.11093;0;0;0.1;0.01;0;4.50345;1;0;-1
0;37;-56.296;9.85508;-69.7939;10.3383;4628.45;6.21627;0;0;0.1;0.01;0;3.50773;0;0;-1
0;38;-57.7911;28.4746;-71.5091;8.5;2572.44;5.11093;0;0;0.1;0.01;0;2.1554;1;0;-1
0;39;-54.6538;46.9045;-68.5808;9.52835;3623.61;5.72926;0;0;0.1;0.01;0;3.23916;0;0;-1
0;40;-41.5498;-51.3111;-72.6791;9.08313;3139.03;5.46155;0;0;0.1;0.01;0;2.11124;0;0;-1
0;41;-41.393;-30.4533;-70.9851;9.44447;3528.75;5.67882;0;0;0.1;0.01;0;5.7377;0;0;-1
0;42;-42.2309;-16.6243;-69.668;10.4347;4759.14;6.27423;0;0;0.1;0.01;0;6.85663;0;0;-1
0;43;-39.4091;1.73178;-69.0984;8.5;2572.44;5.11093;0;0;0.1;0.01;0;4.22098;1;0;-1
0;44;-42.3652;16.761;-69.064;8.5;2572.44;5.11093;0;0;0.1;0.01;0;5.51326;1;0;-1
0;45;-42.4238;34.2502;-69.8633;9.48534;3574.76;5.7034;0;0;0.1;0.01;0;5.21256;0;0;-1
0;46;-41.2131;53.4643;-69.4135;8.5;2572.44;5.11093;0;0;0.1;0.01;0;3.80545;1;0;-1
0;47;-26.5788;-57.1964;-70.3586;8.69547;2754.02;5.22846;0;0;0.1;0.01;0;4.02505;0;0;-1
0;48;-28.5597;-42.5891;-68.4924;10.4235;4743.83;6.2675;0;0;0.1;0.01;0;6.38753;0;0;-1
0;49;-26.2529;-24.7366;-70.6812;8.78999;2844.81;5.28529;0;0;0.1;0.01;0;5.81311;0;0;-1
0;50;-24.7254;-8.81111;-71.8627;8.5;2572.44;5.11093;0;0;0.1;0.01;0;4.47466;1;0;-1
0;51;-26.8823;11.1048;-69.6519;9.33999;3412.93;5.616;0;0;0.1;0.01;0;5.35056;0;0;-1
0;52;-26.0035;26.9265;-69.2367;10.0291;4225.46;6.03035;0;0;0.1;0.01;0;6.56892;0;0;-1
0;53;-27.6129;43.7368;-70.6721;9.33376;3406.11;5.61225;0;0;0.1;0.01;0;4.60033;0;0;-1
0;54;-27.1673;62.1959;-69.8085;9.79464;3935.99;5.88937;0;0;0.1;0.01;0;3.73876;0;0;-1
0;55;-13.5689;-63.8473;-69.0181;9.87774;4037.02;5.93934;0;0;0.1;0.01;0;4.04157;0;0;-1
0;56;-13.8213;-48.1393;-68.336;8.5;2572.44;5.11093;0;0;0.1;0.01;0;5.72212;1;0;-1
0;57;-11.3426;-31.1867;-72.6059;8.91585;2968.77;5.36097;0;0;0.1;0.01;0;5.09687;0;0;-1
0;58;-12.6989;-15.0513;-70.9663;9.29638;3365.35;5.58978;0;0;0.1;0.01;0;6.58921;0;0;-1
0;59;-9.9512;1.96448;-71.7776;9.45092;3535.99;5.6827;0;0;0.1;0.01;0;5.80966;0;0;-1
0;60;-11.6449;16.5865;-70.1476;8.82064;2874.68;5.30372;0;0;0.1;0.01;0;5.34613;0;0;-1
0;61;-11.8868;36.629;-70.9335;9.09843;3154.92;5.47075;0;0;0.1;0.01;0;4.65079;0;0;-1
0;62;-10.7506;55.0831;-70.3601;9.75011;3882.55;5.8626;0;0;0.1;0.01;0;3.31296;0;0;-1
0;63;2.18034;-56.242;-69.0665;9.01971;3073.73;5.42342;0;0;0.1;0.01;0;4.73866;0;0;-1
0;64;3.9424;-40.1474;-72.0506;8.76763;2823.16;5.27185;0;0;0.1;0.01;0;5.2012;0;0;-1
0;65;2.71847;-22.8973;-68.5013;10.2393;4496.76;6.15674;0;0;0.1;0.01;0;7.07042;0;0;-1
0;66;4.34069;-7.97758;-72.0147;9.90275;4067.77;5.95438;0;0;0.1;0.01;0;6.59451;0;0;-1
0;67;2.35084;10.1693;-69.2111;8.5;2572.44;5.11093;0;0;0.1;0.01;0;4.96704;1;0;-1
0;68;4.40555;26.7929;-69.6943;8.5;2572.44;5.11093;0;0;0.1;0.01;0;4.4916;1;0;-1
0;69;4.43594;45.7982;-70.5467;9.40266;3482.1;5.65368;0;0;0.1;0.01;0;6.07116;0;0;-1
0;70;3.50693;63.7169;-70.151;9.87208;4030.09;5.93594;0;0;0.1;0.01;0;3.45379;0;0;-1
0;71;16.3294;-66.2704;-69.8977;9.33398;3406.35;5.61239;0;0;0.1;0.01;0;2.89157;0;0;-1
0;72;15.9681;-47.1686;-70.9231;8.71329;2770.99;5.23917;0;0;0.1;0.01;0;4.75379;0;0;-1
0;73;19.2595;-30.2054;-70.8777;10.2304;4485.04;6.15139;0;0;0.1;0.01;0;6.89072;0;0;-1
0;74;16.4067;-14.0886;-69.2282;8.5;2572.44;5.11093;0;0;0.1;0.01;0;6.6984;1;0;-1
0;75;16.997;1.22245;-71.3286;9.24351;3308.26;5.55799;0;0;0.1;0.01;0;5.44092;0;0;-1
0;76;16.0018;18.2098;-69.2047;8.72477;2781.96;5.24608;0;0;0.1;0.01;0;4.98821;0;0;-1
0;77;17.3096;35.4433;-70.6364;9.03495;3089.34;5.43258;0;0;0.1;0.01;0;5.48866;0;0;-1
0;78;19.4548;55.076;-70.2827;10.194;4437.34;6.1295;0;0;0.1;0.01;0;4.0653;0;0;-1
0;79;31.0849;-57.7964;-69.4754;8.5;2572.44;5.11093;0;0;0.1;0.01;0;3.35784;1;0;-1
0;80;31.7682;-38.5283;-68.4299;9.87873;4038.24;5.93994;0;0;0.1;0.01;0;6.27505;0;0;-1
0;81;32.0183;-21.8266;-69.6556;8.5;2572.44;5.11093;0;0;0.1;0.01;0;4.93389;1;0;-1
0;82;33.3358;-6.34027;-68.8059;9.53103;3626.67;5.73087;0;0;0.1;0.01;0;5.57087;0;0;-1
0;83;30.5724;12.4417;-71.3047;9.73152;3860.39;5.85142;0;0;0.1;0.01;0;6.45235;0;0;-1
0;84;33.6238;28.6037;-68.5249;10.0382;4236.98;6.03582;0;0;0.1;0.01;0;6.88821;0;0;-1
0;85;34.0113;43.7437;-71.9737;8.5;2572.44;5.11093;0;0;0.1;0.01;0;4.23544;1;0;-1
0;86;46.3657;-51.2922;-68.912;9.61922;3728.28;5.7839;0;0;0.1;0.01;0;2.75981;0;0;-1
0;87;45.9793;-30.4816;-71.9452;9.01313;3067.01;5.41946;0;0;0.1;0.01;0;4.33515;0;0;-1
0;88;47.5549;-13.4244;-71.9991;9.9526;4129.51;5.98435;0;0;0.1;0.01;0;4.86641;0;0;-1
0;89;45.3309;1.65192;-69.0614;8.5;2572.44;5.11093;0;0;0.1;0.01;0;5.76233;1;0;-1
0;90;47.3077;17.1288;-68.955;10.3912;4699.87;6.24808;0;0;0.1;0.01;0;6.3843;0;0;-1
0;91;48.9681;36.8822;-71.9496;10.2103;4458.66;6.13931;0;0;0.1;0.01;0;3.53665;0;0;-1
0;92;46.7013;54.1115;-69.0024;8.5;2572.44;5.11093;0;0;0.1;0.01;0;2.53815;1;0;-1
0;93;60.024;-25.6651;-72.0499;10.0688;4275.84;6.05422;0;0;0.1;0.01;0;2.75263;0;0;-1
0;94;62.5664;-5.60632;-71.9184;8.73835;2794.97;5.25424;0;0;0.1;0.01;0;2.33598;0;0;-1
0;95;61.3326;9.87297;-68.8424;9.81409;3959.49;5.90107;0;0;0.1;0.01;0;3.63327;0;0;-1
0;96;-80.392;-8.31289;-55.4101;9.69228;3813.88;5.82783;0;0;0.1;0.01;0;2.96182;0;0;-1
0;97;-80.1222;12.4584;-54.3377;8.7296;2786.58;5.24898;0;0;0.1;0.01;0;2.61201;0;0;-1
0;98;-65.7584;-48.4223;-54.2756;10.1245;4347.2;6.08771;0;0;0.1;0.01;0;4.68005;0;0;-1
0;99;-67.703;-33.8803;-55.4078;8.95215;3005.18;5.3828;0;0;0.1;0.01;0;3.30509;0;0;-1
0;100;-65.5556;-12.6483;-56.3776;8.50736;2579.13;5.11535;0;0;0.1;0.01;0;4.00007;0;0;-1
0;101;-64.5986;1.73612;-53.9701;9.72048;3847.26;5.84478;0;0;0.1;0.01;0;5.33322;0;0;-1
0;102;-68.0099;19.6465;-57.7822;8.68328;2742.46;5.22113;0;0;0.1;0.01;0;3.53492;0;0;-1
0;103;-66.4419;35.44;-55.5494;8.5;2572.44;5.11093;0;0;0.1;0.01;0;3.49218;1;0;-1
0;104;-52.251;-59.3461;-54.8745;9.7421;3872.99;5.85778;0;0;0.1;0.01;0;4.0592;0;0;-1
0;105;-52.9151;-42.369;-57.5572;8.54632;2614.73;5.13878;0;0;0.1;0.01;0;4.5924;0;0;-1
0;106;-51.317;-24.6963;-57.8024;8.5;2572.44;5.11093;0;0;0.1;0.01;0;4.56997;1;0;-1
0;107;-49.8616;-4.79404;-57.1204;9.83619;3986.29;5.91436;0;0;0.1;0.01;0;6.42176;0;0;-1
0;108;-51.7468;12.0414;-54.3881;9.7551;3888.52;5.8656;0;0;0.1;0.01;0;7.06092;0;0;-1
0;109;-51.0349;27.8569;-57.8116;10.3779;4681.85;6.24008;0;0;0.1;0.01;0;6.92773;0;0;-1
0;110;-52.1428;44.8046;-54.0142;9.75705;3890.85;5.86677;0;0;0.1;0.01;0;6.19812;0;0;-1
0;111;-50.577;59.7324;-54.4378;10.0947;4308.92;6.0698;0;0;0.1;0.01;0;5.15001;0;0;-1
0;112;-38.6609;-66.5825;-56.3488;9.78686;3926.62;5.8847;0;0;0.1;0.01;0;4.10107;0;0;-1
0;113;-38.372;-51.0471;-54.5703;9.22818;3291.83;5.54877;0;0;0.1;0.01;0;5.19146;0;0;-1
0;114;-36.5529;-31.2272;-56.2446;9.62245;3732.03;5.78584;0;0;0.1;0.01;0;6.1826;0;0;-1
0;115;-36.525;-14.8546;-55.7943;10.2702;4537.59;6.17532;0;0;0.1;0.01;0;6.81747;0;0;-1
0;116;-37.7493;2.43656;-54.3777;8.98033;3033.65;5.39974;0;0;0.1;0.01;0;5.52359;0;0;-1
0;117;-36.0795;20.9971;-57.0215;10.2728;4541.04;6.17689;0;0;0.1;0.01;0;7.54036;0;0;-1
0;118;-35.2026;36.6494;-55.067;8.75833;2814.18;5.26626;0;0;0.1;0.01;0;6.65467;0;0;-1
0;119;-36.9994;51.28;-56.5082;10.0445;4244.96;6.03961;0;0;0.1;0.01;0;6.94532;0;0;-1
0;120;-35.9265;70.3153;-57.9328;10.4064;4720.52;6.25722;0;0;0.1;0.01;0;4.27277;0;0;-1
0;121;-23.9331;-76.0252;-57.3269;9.56038;3660.28;5.74852;0;0;0.1;0.01;0;3.14345;0;0;-1
0;122;-21.8277;-56.2143;-56.4059;9.42137;3502.92;5.66493;0;0;0.1;0.01;0;6.51176;0;0;-1
0;123;-21.0926;-40.4618;-54.8452;10.0066;4197.09;6.01682;0;0;0.1;0.01;0;6.98382;0;0;-1
0;124;-23.6236;-22.5416;-56.7409;9.91108;4078.04;5.95939;0;0;0.1;0.01;0;6.87747;0;0;-1
0;125;-21.5824;-7.15188;-56.3426;8.98657;3039.98;5.40349;0;0;0.1;0.01;0;5.63049;0;0;-1
0;126;-22.4109;9.00072;-55.989;9.44496;3529.3;5.67912;0;0;0.1;0.01;0;4.79959;0;0;-1
0;127;-21.4002;25.596;-55.5803;8.61865;2681.68;5.18227;0;0;0.1;0.01;0;5.2648;0;0;-1
0;128;-21.7821;42.3047;-56.7019;8.5;2572.44;5.11093;0;0;0.1;0.01;0;5.12187;1;0;-1
0;129;-22.1141;63.2059;-54.4616;10.3642;4663.33;6.23184;0;0;0.1;0.01;0;7.13616;0;0;-1
0;130;-22.024;77.977;-57.0167;9.14647;3205.16;5.49964;0;0;0.1;0.01;0;3.52589;0;0;-1
0;131;-9.28637;-80.7868;-56.0059;8.5;2572.44;5.11093;0;0;0.1;0.01;0;2.47012;1;0;-1
0;132;-5.76891;-65.6704;-55.7454;9.0412;3095.76;5.43634;0;0;0.1;0.01;0;4.74544;0;0;-1
0;133;-6.23529;-47.1138;-55.1208;9.62786;3738.33;5.78909;0;0;0.1;0.01;0;5.88222;0;0;-1
0;134;-8.7723;-29.9198;-54.6157;9.80216;3945.06;5.8939;0;0;0.1;0.01;0;5.5764;0;0;-1
0;135;-8.94641;-14.1423;-55.4232;8.61231;2675.76;5.17846;0;0;0.1;0.01;0;5.84077;0;0;-1
0;136;-7.06659;0.370099;-56.7139;8.5;2572.44;5.11093;0;0;0.1;0.01;0;5.33892;1;0;-1
0;137;-5.92527;20.9937;-55.1505;10.3787;4682.93;6.24056;0;0;0.1;0.01;0;6.33434;0;0;-1
0;138;-8.23872;36.9523;-55.49;10.3709;4672.38;6.23587;0;0;0.1;0.01;0;6.41129;0;0;-1
0;139;-5.83076;54.939;-55.1065;10.4463;4775.03;6.28121;0;0;0.1;0.01;0;6.18373;0;0;-1
0;140;-8.71733;70.3253;-55.138;8.9171;2970.02;5.36172;0;0;0.1;0.01;0;3.30149;0;0;-1
0;141;8.98598;-74.3237;-56.899;8.95921;3012.3;5.38704;0;0;0.1;0.01;0;3.46794;0;0;-1
0;142;6.86165;-58.0834;-56.2112;9.9375;4110.74;5.97527;0;0;0.1;0.01;0;6.12549;0;0;-1
0;143;7.34553;-41.7054;-54.9331;8.5;2572.44;5.11093;0;0;0.1;0.01;0;4.38102;1;0;-1
0;144;9.40169;-22.7165;-56.6024;9.348;3421.72;5.62082;0;0;0.1;0.01;0;6.49505;0;0;-1
0;145;6.03101;-8.01519;-56.8604;9.37777;3454.52;5.63872;0;0;0.1;0.01;0;6.4729;0;0;-1
0;146;5.61191;9.7225;-55.2387;8.95394;3006.98;5.38387;0;0;0.1;0.01;0;4.27974;0;0;-1
0;147;8.4432;27.7502;-53.958;10.1128;4332.14;6.08068;0;0;0.1;0.01;0;6.67597;0;0;-1
0;148;8.53506;44.975;-55.9761;10.2821;4553.38;6.18248;0;0;0.1;0.01;0;7.63913;0;0;-1
0;149;8.84137;59.8435;-57.7116;8.76315;2818.83;5.26915;0;0;0.1;0.01;0;5.81063;0;0;-1
0;150;8.57023;79.8429;-54.3419;9.33081;3402.88;5.61048;0;0;0.1;0.01;0;2.80706;0;0;-1
0;151;22.2788;-64.2614;-56.6563;9.79249;3933.4;5.88808;0;0;0.1;0.01;0;4.96736;0;0;-1
0;152;24.1789;-49.985;-53.7237;8.97699;3030.27;5.39773;0;0;0.1;0.01;0;5.39884;0;0;-1
0;153;20.2913;-32.6152;-55.2899;9.10775;3164.62;5.47636;0;0;0.1;0.01;0;5.15266;0;0;-1
0;154;20.5215;-12.7143;-57.3692;9.31056;3380.77;5.5983;0;0;0.1;0.01;0;6.00823;0;0;-1
0;155;23.6327;1.42078;-56.4427;9.29185;3360.43;5.58705;0;0;0.1;0.01;0;5.67933;0;0;-1
0;156;23.7523;20.6571;-55.7363;10.1452;4373.92;6.10016;0;0;0.1;0.01;0;6.42629;0;0;-1
0;157;22.6898;38.2414;-56.2075;10.0929;4306.62;6.06871;0;0;0.1;0.01;0;7.04191;0;0;-1
0;158;22.9282;54.3756;-53.9799;10.4336;4757.64;6.27357;0;0;0.1;0.01;0;7.09865;0;0;-1
0;159;22.0545;70.5666;-57.6888;9.08793;3144.01;5.46444;0;0;0.1;0.01;0;2.47086;0;0;-1
0;160;38.569;-56.0288;-56.4258;9.06067;3115.8;5.44805;0;0;0.1;0.01;0;4.55215;0;0;-1
0;161;34.938;-38.3587;-54.7187;8.60039;2664.67;5.17129;0;0;0.1;0.01;0;5.32556;0;0;-1
0;162;38.5246;-25.1008;-56.4542;9.04343;3098.05;5.43768;0;0;0.1;0.01;0;5.60503;0;0;-1
0;163;37.2094;-5.69284;-54.833;8.57831;2644.2;5.15801;0;0;0.1;0.01;0;5.96611;0;0;-1
0;164;38.4618;8.3366;-55.4133;9.23354;3297.56;5.55199;0;0;0.1;0.01;0;6.96428;0;0;-1
0;165;38.8648;25.4335;-54.607;9.85015;4003.29;5.92275;0;0;0.1;0.01;0;6.32669;0;0;-1
0;166;36.7839;46.1457;-56.65;9.17439;3234.6;5.51643;0;0;0.1;0.01;0;5.85616;0;0;-1
0;167;36.3674;60.7299;-54.1148;8.5;2572.44;5.11093;0;0;0.1;0.01;0;4.54133;1;0;-1
0;168;52.8859;-50.9561;-56.0605;8.97539;3028.65;5.39677;0;0;0.1;0.01;0;3.28653;0;0;-1
0;169;52.0652;-31.0882;-54.1387;9.95776;4135.93;5.98746;0;0;0.1;0.01;0;5.73095;0;0;-1
0;170;52.9098;-15.0619;-54.3831;8.5;2572.44;5.11093;0;0;0.1;0.01;0;5.2297;1;0;-1
0;171;52.2476;0.0406833;-54.3893;9.99184;4178.54;6.00795;0;0;0.1;0.01;0;7.5147;0;0;-1
0;172;51.1933;18.0879;-56.0427;9.0008;3054.44;5.41205;0;0;0.1;0.01;0;6.7909;0;0;-1
0;173;52.9409;34.0746;-55.7673;9.24176;3306.38;5.55694;0;0;0.1;0.01;0;5.31087;0;0;-1
0;174;52.6991;55.2591;-56.5085;10.1122;4331.37;6.08032;0;0;0.1;0.01;0;4.26821;0;0;-1
0;175;64.6179;-40.8743;-56.6722;9.03274;3087.07;5.43126;0;0;0.1;0.01;0;2.99339;0;0;-1
0;176;67.2834;-25.0828;-56.1077;9.38578;3463.38;5.64353;0;0;0.1;0.01;0;4.42065;0;0;-1
0;177;67.7718;-4.50125;-55.1313;8.5;2572.44;5.11093;0;0;0.1;0.01;0;5.13862;1;0;-1
0;178;65.8322;11.9959;-53.8083;9.54477;3642.38;5.73913;0;0;0.1;0.01;0;5.87291;0;0;-1
0;179;66.0077;26.6449;-55.2769;8.5;2572.44;5.11093;0;0;0.1;0.01;0;3.89139;1;0;-1
0;180;64.7691;46.0638;-54.3174;9.81335;3958.59;5.90062;0;0;0.1;0.01;0;3.39687;0;0;-1
0;181;79.7207;-16.8481;-56.755;10.1836;4423.77;6.12325;0;0;0.1;0.01;0;2.82771;0;0;-1
0;182;82.2211;1.12377;-54.471;8.92226;2975.18;5.36483;0;0;0.1;0.01;0;2.82637;0;0;-1
0;183;-87.5149;-21.6626;-40.6259;9.37018;3446.14;5.63415;0;0;0.1;0.01;0;3.14549;0;0;-1
0;184;-84.1188;-8.17548;-40.1239;10.0307;4227.49;6.03131;0;0;0.1;0.01;0;5.21955;0;0;-1
0;185;-86.3104;12.3519;-39.6306;9.63572;3747.5;5.79382;0;0;0.1;0.01;0;4.43945;0;0;-1
0;186;-86.6568;29.3376;-39.227;9.84885;4001.71;5.92197;0;0;0.1;0.01;0;3.00519;0;0;-1
0;187;-70.181;-48.0349;-39.6396;8.5;2572.44;5.11093;0;0;0.1;0.01;0;4.05866;1;0;-1
0;188;-72.121;-33.9474;-41.564;10.2288;4482.94;6.15043;0;0;0.1;0.01;0;5.02612;0;0;-1
0;189;-71.5932;-14.5658;-41.6279;8.5;2572.44;5.11093;0;0;0.1;0.01;0;5.38652;1;0;-1
0;190;-72.6803;3.61635;-40.93;10.2704;4537.86;6.17544;0;0;0.1;0.01;0;7.38491;0;0;-1
0;191;-70.5099;19.0736;-42.0653;9.73679;3866.66;5.85459;0;0;0.1;0.01;0;6.24144;0;0;-1
0;192;-69.9877;37.0811;-42.9189;9.92192;4091.44;5.96591;0;0;0.1;0.01;0;5.68305;0;0;-1
0;193;-72.6586;51.3914;-41.0982;9.59208;3696.81;5.76758;0;0;0.1;0.01;0;3.09468;0;0;-1
0;194;-56.9534;-59.2024;-39.9301;10.3288;4615.71;6.21056;0;0;0.1;0.01;0;5.2499;0;0;-1
0;195;-56.725;-39.4579;-41.8695;9.50868;3601.22;5.71743;0;0;0.1;0.01;0;6.64267;0;0;-1
0;196;-54.1615;-24.6407;-40.9062;9.31218;3382.54;5.59928;0;0;0.1;0.01;0;5.42114;0;0;-1
0;197;-57.4662;-7.32747;-42.0193;10.0834;4294.47;6.063;0;0;0.1;0.01;0;6.98956;0;0;-1
0;198;-55.0636;9.53781;-39.8536;10.2811;4552.05;6.18188;0;0;0.1;0.01;0;6.71281;0;0;-1
0;199;-55.5428;25.8703;-41.5475;9.89022;4052.35;5.94685;0;0;0.1;0.01;0;6.11343;0;0;-1
0;200;-56.9752;42.6508;-40.106;9.6706;3788.34;5.81479;0;0;0.1;0.01;0;6.52662;0;0;-1
0;201;-54.254;60.4436;-39.5924;9.62047;3729.73;5.78465;0;0;0.1;0.01;0;5.24143;0;0;-1
0;202;-40.5188;-80.6226;-40.9827;8.5;2572.44;5.11093;0;0;0.1;0.01;0;2.97128;1;0;-1
0;203;-41.6796;-65.8996;-39.2269;9.46189;3548.32;5.6893;0;0;0.1;0.01;0;6.38175;0;0;-1
0;204;-43.0525;-47.5216;-41.7174;8.5;2572.44;5.11093;0;0;0.1;0.01;0;4.90147;1;0;-1
0;205;-42.5721;-31.6899;-42.2039;8.64528;2706.61;5.19828;0;0;0.1;0.01;0;5.09683;0;0;-1
0;206;-40.2485;-13.454;-40.6544;9.60474;3711.47;5.77519;0;0;0.1;0.01;0;6.1042;0;0;-1
0;207;-42.0114;1.95182;-39.9949;9.25091;3316.21;5.56244;0;0;0.1;0.01;0;6.47431;0;0;-1
0;208;-41.7823;19.6592;-42.4177;8.59492;2659.59;5.168;0;0;0.1;0.01;0;5.91384;0;0;-1
0;209;-41.4507;34.4589;-41.4091;8.78789;2842.77;5.28403;0;0;0.1;0.01;0;5.6422;0;0;-1
0;210;-40.2686;53.6143;-41.2225;9.53739;3633.94;5.73469;0;0;0.1;0.01;0;7.07231;0;0;-1
0;211;-40.8047;68.4799;-42.1369;10.3601;4657.8;6.22938;0;0;0.1;0.01;0;6.08081;0;0;-1
0;212;-27.6598;-72.9656;-42.8736;9.39388;3472.35;5.6484;0;0;0.1;0.01;0;6.10743;0;0;-1
0;213;-28.1452;-57.7283;-40.4621;10.4418;4768.86;6.2785;0;0;0.1;0.01;0;7.09449;0;0;-1
0;214;-25.2993;-38.5078;-42.3716;9.23225;3296.18;5.55122;0;0;0.1;0.01;0;5.3291;0;0;-1
0;215;-25.0117;-22.3774;-39.8154;9.9908;4177.24;6.00732;0;0;0.1;0.01;0;6.3902;0;0;-1
0;216;-24.7474;-5.17839;-40.6508;8.87426;2927.42;5.33596;0;0;0.1;0.01;0;5.61462;0;0;-1
0;217;-25.4526;9.75788;-41.0422;8.5;2572.44;5.11093;0;0;0.1;0.01;0;4.04168;1;0;-1
0;218;-28.1753;27.0159;-42.012;9.3773;3454;5.63843;0;0;0.1;0.01;0;5.49082;0;0;-1
0;219;-27.2181;44.1206;-42.0962;9.59228;3697.04;5.7677;0;0;0.1;0.01;0;6.10485;0;0;-1
0;220;-27.5564;60.5335;-40.7663;9.41372;3494.4;5.66033;0;0;0.1;0.01;0;7.06641;0;0;-1
0;221;-25.0136;77.1728;-42.077;9.57316;3674.98;5.7562;0;0;0.1;0.01;0;5.24487;0;0;-1
0;222;-12.9862;-83.1433;-42.1682;8.61093;2674.48;5.17763;0;0;0.1;0.01;0;4.03728;0;0;-1
0;223;-12.9507;-67.6065;-39.7407;10.0617;4266.8;6.04995;0;0;0.1;0.01;0;6.69686;0;0;-1
0;224;-12.3971;-49.3811;-41.8347;9.18212;3242.78;5.52108;0;0;0.1;0.01;0;5.31837;0;0;-1
0;225;-9.7869;-33.3276;-39.8377;9.50911;3601.71;5.71769;0;0;0.1;0.01;0;6.11525;0;0;-1
0;226;-13.0731;-15.5097;-40.7617;8.69144;2750.2;5.22604;0;0;0.1;0.01;0;6.37359;0;0;-1
0;227;-11.0625;0.257694;-41.4518;8.66025;2720.7;5.20728;0;0;0.1;0.01;0;5.45221;0;0;-1
0;228;-12.5376;20.031;-39.3417;9.95302;4130.03;5.98461;0;0;0.1;0.01;0;6.16191;0;0;-1
0;229;-9.96033;34.3129;-39.7661;8.5;2572.44;5.11093;0;0;0.1;0.01;0;6.08782;1;0;-1
0;230;-11.5608;52.9634;-39.3587;10.1789;4417.65;6.12042;0;0;0.1;0.01;0;6.47076;0;0;-1
0;231;-11.1;70.7573;-40.0412;9.43087;3513.53;5.67065;0;0;0.1;0.01;0;5.57565;0;0;-1
0;232;-9.79082;87.1015;-39.9547;8.5;2572.44;5.11093;0;0;0.1;0.01;0;2.38853;1;0;-1
0;233;2.81754;-89.5445;-42.0544;9.11671;3173.97;5.48175;0;0;0.1;0.01;0;2.88109;0;0;-1
0;234;4.67843;-74.9311;-41.1555;8.55271;2620.59;5.14262;0;0;0.1;0.01;0;5.17915;0;0;-1
0;235;2.01227;-59.7585;-39.3757;9.47364;3561.55;5.69636;0;0;0.1;0.01;0;5.41968;0;0;-1
0;236;3.62668;-40.764;-39.8049;8.5;2572.44;5.11093;0;0;0.1;0.01;0;4.84808;1;0;-1
0;237;4.67384;-25.2794;-39.5132;9.5216;3615.92;5.7252;0;0;0.1;0.01;0;6.13874;0;0;-1
0;238;1.23499;-8.08157;-42.4287;10.2613;4525.8;6.16997;0;0;0.1;0.01;0;6.26764;0;0;-1
0;239;3.21488;10.4476;-41.0122;8.61838;2681.42;5.18211;0;0;0.1;0.01;0;4.37114;0;0;-1
0;240;4.07177;27.1855;-39.4782;8.90471;2957.66;5.35427;0;0;0.1;0.01;0;6.72707;0;0;-1
0;241;1.22606;43.0312;-40.2786;10.0973;4312.25;6.07136;0;0;0.1;0.01;0;7.97719;0;0;-1
0;242;1.51991;60.6203;-40.9763;8.5;2572.44;5.11093;0;0;0.1;0.01;0;5.36293;1;0;-1
0;243;3.9564;76.3839;-41.069;9.14274;3201.24;5.4974;0;0;0.1;0.01;0;5.26428;0;0;-1
0;244;17.6708;-82.3271;-42.0964;8.5;2572.44;5.11093;0;0;0.1;0.01;0;3.29384;1;0;-1
0;245;18.2135;-65.4556;-39.2897;10.2625;4527.39;6.17069;0;0;0.1;0.01;0;5.88566;0;0;-1
0;246;17.9187;-46.4613;-40.8036;8.89095;2943.97;5.346;0;0;0.1;0.01;0;5.26652;0;0;-1
0;247;17.8379;-31.7633;-41.1623;8.5;2572.44;5.11093;0;0;0.1;0.01;0;5.83663;1;0;-1
0;248;19.0962;-15.4961;-41.7726;9.48375;3572.97;5.70244;0;0;0.1;0.01;0;5.92436;0;0;-1
0;249;19.7511;1.94181;-42.1545;9.10927;3166.21;5.47727;0;0;0.1;0.01;0;4.69243;0;0;-1
0;250;17.6659;17.7315;-40.514;9.27102;3337.88;5.57453;0;0;0.1;0.01;0;5.59774;0;0;-1
0;251;19.0265;36.7171;-42.8449;9.9124;4079.67;5.96018;0;0;0.1;0.01;0;7.63264;0;0;-1
0;252;16.7936;52.0141;-39.6934;10.0976;4312.64;6.07154;0;0;0.1;0.01;0;7.44153;0;0;-1
0;253;18.7617;68.4701;-41.1954;10.3155;4597.9;6.20256;0;0;0.1;0.01;0;5.94229;0;0;-1
0;254;16.4115;87.4188;-41.1296;10.0767;4285.92;6.05897;0;0;0.1;0.01;0;3.14652;0;0;-1
0;255;32.9545;-75.6312;-42.5074;8.64912;2710.22;5.20059;0;0;0.1;0.01;0;2.24958;0;0;-1
0;256;30.5645;-56.4925;-40.5189;9.0958;3152.18;5.46917;0;0;0.1;0.01;0;6.27949;0;0;-1
0;257;33.7159;-41.1825;-40.4682;10.005;4195.08;6.01586;0;0;0.1;0.01;0;7.65191;0;0;-1
0;258;32.7736;-25.2865;-41.5705;10.1242;4346.81;6.08753;0;0;0.1;0.01;0;7.40411;0;0;-1
0;259;33.7382;-8.04692;-42.0279;8.5;2572.44;5.11093;0;0;0.1;0.01;0;4.72495;1;0;-1
0;260;33.8441;10.0353;-42.2911;8.5;2572.44;5.11093;0;0;0.1;0.01;0;5.1021;1;0;-1
0;261;33.8488;29.5207;-39.8826;8.93213;2985.06;5.37076;0;0;0.1;0.01;0;6.0334;0;0;-1
0;262;32.944;46.1548;-39.4201;10.038;4236.72;6.0357;0;0;0.1;0.01;0;7.7679;0;0;-1
0;263;33.9187;60.0856;-39.7067;9.38769;3465.49;5.64468;0;0;0.1;0.01;0;6.2077;0;0;-1
0;264;33.5522;79.8391;-40.431;8.95437;3007.42;5.38413;0;0;0.1;0.01;0;2.74449;0;0;-1
0;265;47.8293;-65.2746;-41.6072;8.94443;2997.41;5.37816;0;0;0.1;0.01;0;2.46474;0;0;-1
0;266;47.1395;-47.7074;-39.9525;9.52788;3623.08;5.72898;0;0;0.1;0.01;0;5.80246;0;0;-1
0;267;47.7659;-30.2371;-39.2237;10.3176;4600.71;6.20382;0;0;0.1;0.01;0;7.65856;0;0;-1
0;268;46.7911;-14.9399;-42.5865;10.067;4273.55;6.05314;0;0;0.1;0.01;0;7.77821;0;0;-1
0;269;46.0793;2.87278;-42.1811;8.5;2572.44;5.11093;0;0;0.1;0.01;0;6.2;1;0;-1
0;270;47.7564;16.8698;-43.0413;10.1627;4396.59;6.11068;0;0;0.1;0.01;0;7.43746;0;0;-1
0;271;46.8463;37.9663;-41.0993;9.52653;3621.54;5.72816;0;0;0.1;0.01;0;6.19081;0;0;-1
0;272;46.701;52.1399;-42.8726;9.67637;3795.12;5.81826;0;0;0.1;0.01;0;6.60566;0;0;-1
0;273;46.833;69.258;-39.8979;9.92643;4097.02;5.96862;0;0;0.1;0.01;0;4.49736;0;0;-1
0;274;60.3752;-55.3637;-39.3279;9.8308;3979.74;5.91112;0;0;0.1;0.01;0;4.74473;0;0;-1
0;275;63.9934;-41.6932;-39.8254;8.94562;2998.61;5.37887;0;0;0.1;0.01;0;4.27982;0;0;-1
0;276;61.2096;-23.3541;-39.834;8.55006;2618.16;5.14103;0;0;0.1;0.01;0;5.54205;0;0;-1
0;277;63.415;-7.79353;-42.3328;9.67674;3795.56;5.81848;0;0;0.1;0.01;0;6.80204;0;0;-1
0;278;63.5996;8.22878;-39.4664;10.0114;4203.13;6.01971;0;0;0.1;0.01;0;6.55848;0;0;-1
0;279;63.0215;26.1929;-42.2737;10.0357;4233.81;6.03432;0;0;0.1;0.01;0;6.07545;0;0;-1
0;280;61.549;42.1356;-41.1971;8.88075;2933.85;5.33987;0;0;0.1;0.01;0;5.08232;0;0;-1
0;281;61.9969;60.4224;-42.4639;9.23144;3295.32;5.55073;0;0;0.1;0.01;0;3.67757;0;0;-1
0;282;74.9487;-32.499;-43.1707;9.0112;3065.04;5.4183;0;0;0.1;0.01;0;3.21557;0;0;-1
0;283;77.7436;-14.9974;-41.1223;8.62851;2690.89;5.1882;0;0;0.1;0.01;0;4.46513;0;0;-1
0;284;76.3297;-0.0886043;-41.4693;10.2851;4557.37;6.18428;0;0;0.1;0.01;0;6.8763;0;0;-1
0;285;78.7374;19.727;-42.8234;8.99017;3043.63;5.40566;0;0;0.1;0.01;0;3.3323;0;0;-1
0;286;76.535;34.3357;-41.9459;9.23964;3304.1;5.55566;0;0;0.1;0.01;0;3.54196;0;0;-1
0;287;90.5142;-4.55981;-40.5317;8.7003;2758.62;5.23136;0;0;0.1;0.01;0;2.23273;0;0;-1
0;288;-95.1316;-13.5102;-24.7008;8.77145;2826.85;5.27415;0;0;0.1;0.01;0;3.17526;0;0;-1
0;289;-95.634;1.25055;-26.0968;9.92316;4092.97;5.96665;0;0;0.1;0.01;0;3.87509;0;0;-1
0;290;-80.867;-41.5009;-24.6587;9.90428;4069.65;5.9553;0;0;0.1;0.01;0;2.88764;0;0;-1
0;291;-81.797;-23.4412;-27.3418;9.5595;3659.27;5.74799;0;0;0.1;0.01;0;3.86535;0;0;-1
0;292;-78.9067;-4.65445;-26.4847;10.0423;4242.17;6.03829;0;0;0.1;0.01;0;5.59238;0;0;-1
0;293;-82.5734;10.9693;-26.451;10.1274;4350.93;6.08946;0;0;0.1;0.01;0;6.28733;0;0;-1
0;294;-82.4183;27.681;-25.1444;10.0349;4232.8;6.03384;0;0;0.1;0.01;0;5.02687;0;0;-1
0;295;-80.4029;44.5605;-28.1109;9.88358;4044.19;5.94285;0;0;0.1;0.01;0;3.28498;0;0;-1
0;296;-64.0834;-67.8787;-25.9995;8.5;2572.44;5.11093;0;0;0.1;0.01;0;2.51529;1;0;-1
0;297;-64.3759;-48.9938;-26.1339;8.77835;2833.53;5.27829;0;0;0.1;0.01;0;4.36009;0;0;-1
0;298;-64.5302;-31.2666;-25.4597;9.74862;3880.77;5.8617;0;0;0.1;0.01;0;5.46892;0;0;-1
0;299;-64.4864;-12.8945;-26.9912;9.28066;3348.31;5.58033;0;0;0.1;0.01;0;5.55801;0;0;-1
0;300;-66.078;4.44462;-26.0243;8.5;2572.44;5.11093;0;0;0.1;0.01;0;5.93965;1;0;-1
0;301;-65.4727;20.2202;-26.9326;8.59094;2655.89;5.16561;0;0;0.1;0.01;0;5.71312;0;0;-1
0;302;-64.6857;35.2177;-27.1746;10.0497;4251.56;6.04274;0;0;0.1;0.01;0;6.3106;0;0;-1
0;303;-64.5499;50.916;-26.2277;9.27992;3347.51;5.57988;0;0;0.1;0.01;0;5.75085;0;0;-1
0;304;-66.6799;68.667;-26.7137;9.4554;3541.02;5.68539;0;0;0.1;0.01;0;2.15109;0;0;-1
0;305;-49.706;-72.4966;-27.7915;8.99661;3050.18;5.40953;0;0;0.1;0.01;0;5.2301;0;0;-1
0;306;-49.6167;-58.1755;-26.2887;9.25063;3315.91;5.56227;0;0;0.1;0.01;0;6.29357;0;0;-1
0;307;-51.5421;-39.714;-26.3453;9.3425;3415.69;5.61751;0;0;0.1;0.01;0;6.00913;0;0;-1
0;308;-52.4107;-23.1181;-27.551;9.77632;3913.95;5.87836;0;0;0.1;0.01;0;6.556;0;0;-1
0;309;-50.4858;-7.0365;-27.81;9.73264;3861.72;5.8521;0;0;0.1;0.01;0;6.60817;0;0;-1
0;310;-53.0195;8.6514;-26.3262;8.9409;2993.87;5.37603;0;0;0.1;0.01;0;5.48649;0;0;-1
0;311;-51.1151;26.7878;-24.4676;9.14375;3202.3;5.498;0;0;0.1;0.01;0;5.57872;0;0;-1
0;312;-49.9892;45.5096;-24.8757;9.78011;3918.5;5.88064;0;0;0.1;0.01;0;7.33723;0;0;-1
0;313;-50.6676;62.4883;-25.579;8.75947;2815.28;5.26694;0;0;0.1;0.01;0;6.08542;0;0;-1
0;314;-51.7968;78.482;-28.2595;8.72318;2780.44;5.24512;0;0;0.1;0.01;0;2.65004;0;0;-1
0;315;-36.431;-82.1767;-26.52;10.3133;4594.96;6.20124;0;0;0.1;0.01;0;6.19527;0;0;-1
0;316;-34.9849;-67.3077;-26.8016;8.88636;2939.41;5.34324;0;0;0.1;0.01;0;6.9905;0;0;-1
0;317;-38.3673;-47.1098;-27.1491;10.1598;4392.83;6.10894;0;0;0.1;0.01;0;5.71209;0;0;-1
0;318;-36.0609;-30.0839;-26.076;9.32899;3400.89;5.60939;0;0;0.1;0.01;0;6.11454;0;0;-1
0;319;-34.6369;-13.7581;-26.8019;8.77558;2830.85;5.27663;0;0;0.1;0.01;0;5.01485;0;0;-1
0;320;-36.5836;4.31468;-27.4454;8.5;2572.44;5.11093;0;0;0.1;0.01;0;4.19303;1;0;-1
0;321;-38.3585;18.5484;-27.48;9.50184;3593.45;5.71332;0;0;0.1;0.01;0;5.45491;0;0;-1
0;322;-38.2444;34.5883;-25.1799;8.5;2572.44;5.11093;0;0;0.1;0.01;0;5.50168;1;0;-1
0;323;-37.6504;52.2755;-27.8691;9.223;3286.29;5.54566;0;0;0.1;0.01;0;6.07324;0;0;-1
0;324;-38.2088;67.7222;-25.7654;8.5;2572.44;5.11093;0;0;0.1;0.01;0;4.48658;1;0;-1
0;325;-35.5376;85.8472;-24.9523;10.2803;4550.99;6.1814;0;0;0.1;0.01;0;3.74556;0;0;-1
0;326;-21.7845;-90.7773;-25.2884;10.3383;4628.45;6.21627;0;0;0.1;0.01;0;3.98741;0;0;-1
0;327;-20.5795;-73.0894;-27.0247;10.1729;4409.84;6.11682;0;0;0.1;0.01;0;8.27703;0;0;-1
0;328;-20.3443;-59.163;-26.3074;9.74517;3876.65;5.85963;0;0;0.1;0.01;0;7.26737;0;0;-1
0;329;-22.019;-40.586;-26.6581;8.61701;2680.15;5.18128;0;0;0.1;0.01;0;4.98559;0;0;-1
0;330;-21.3613;-21.1052;-24.9726;10.094;4308.03;6.06938;0;0;0.1;0.01;0;6.84199;0;0;-1
0;331;-19.7198;-5.48735;-28.0847;8.5;2572.44;5.11093;0;0;0.1;0.01;0;4.65037;1;0;-1
0;332;-21.3084;11.8086;-25.7712;8.5;2572.44;5.11093;0;0;0.1;0.01;0;4.0026;1;0;-1
0;333;-22.7716;28.7604;-27.7844;8.64731;2708.52;5.1995;0;0;0.1;0.01;0;5.10206;0;0;-1
0;334;-21.267;44.7707;-27.8771;9.74786;3879.86;5.86125;0;0;0.1;0.01;0;5.84133;0;0;-1
0;335;-21.6927;62.1749;-26.6133;9.66986;3787.47;5.81435;0;0;0.1;0.01;0;6.33856;0;0;-1
0;336;-22.8413;78.7549;-27.9086;9.43208;3514.88;5.67137;0;0;0.1;0.01;0;5.63277;0;0;-1
0;337;-5.94107;-81.2653;-28.6486;9.37792;3454.68;5.63881;0;0;0.1;0.01;0;6.09439;0;0;-1
0;338;-7.90796;-66.6034;-26.3281;9.47884;3567.42;5.69949;0;0;0.1;0.01;0;6.69072;0;0;-1
0;339;-8.56266;-48.5915;-24.3755;9.13807;3196.33;5.49459;0;0;0.1;0.01;0;5.18396;0;0;-1
0;340;-8.1994;-29.6892;-25.546;8.77274;2828.1;5.27492;0;0;0.1;0.01;0;5.56611;0;0;-1
0;341;-6.00974;-13.3273;-27.8139;9.41095;3491.31;5.65867;0;0;0.1;0.01;0;6.59721;0;0;-1
0;342;-5.49296;1.93006;-27.6489;8.53399;2603.42;5.13136;0;0;0.1;0.01;0;5.7093;0;0;-1
0;343;-6.60983;21.1276;-25.6315;9.60397;3710.57;5.77473;0;0;0.1;0.01;0;6.70085;0;0;-1
0;344;-7.09177;35.4096;-27.096;9.34522;3418.67;5.61915;0;0;0.1;0.01;0;7.48455;0;0;-1
0;345;-7.93268;51.513;-26.027;8.65073;2711.73;5.20156;0;0;0.1;0.01;0;5.61151;0;0;-1
0;346;-9.34636;72.1675;-24.4889;8.6207;2683.59;5.1835;0;0;0.1;0.01;0;5.03912;0;0;-1
0;347;-9.10115;88.2392;-25.6675;8.64271;2704.2;5.19674;0;0;0.1;0.01;0;3.97183;0;0;-1
0;348;9.3465;-90.4757;-25.4111;10.3115;4592.55;6.20016;0;0;0.1;0.01;0;4.27681;0;0;-1
0;349;6.59446;-75.7929;-25.3164;9.7822;3921.01;5.88189;0;0;0.1;0.01;0;6.67502;0;0;-1
0;350;9.44532;-58.6598;-25.7733;9.33001;3402;5.61;0;0;0.1;0.01;0;5.8089;0;0;-1
0;351;5.7289;-40.0286;-25.3937;9.62018;3729.39;5.78447;0;0;0.1;0.01;0;6.09699;0;0;-1
0;352;8.26819;-25.5185;-26.5928;8.72878;2785.8;5.24849;0;0;0.1;0.01;0;5.86029;0;0;-1
0;353;9.02391;-8.76563;-27.6908;10.2426;4501.11;6.15873;0;0;0.1;0.01;0;6.79841;0;0;-1
0;354;5.51651;9.93316;-25.5113;9.14542;3204.05;5.49901;0;0;0.1;0.01;0;4.5844;0;0;-1
0;355;9.43546;29.3292;-27.6638;10.081;4291.4;6.06156;0;0;0.1;0.01;0;6.86024;0;0;-1
0;356;6.25222;44.0475;-25.2421;10.3766;4680.09;6.2393;0;0;0.1;0.01;0;7.1993;0;0;-1
0;357;6.86611;63.4083;-24.6206;10.1832;4423.25;6.12301;0;0;0.1;0.01;0;6.80594;0;0;-1
0;358;5.89777;78.2858;-28.0034;9.05381;3108.73;5.44392;0;0;0.1;0.01;0;5.55839;0;0;-1
0;359;8.24283;95.6196;-26.8421;10.0208;4214.98;6.02536;0;0;0.1;0.01;0;2.99648;0;0;-1
0;360;22.5753;-82.3687;-25.2208;9.14669;3205.39;5.49977;0;0;0.1;0.01;0;4.65788;0;0;-1
0;361;23.6989;-65.8971;-25.4781;9.51617;3609.73;5.72193;0;0;0.1;0.01;0;5.43809;0;0;-1
0;362;23.2749;-47.292;-27.4367;10.114;4333.69;6.0814;0;0;0.1;0.01;0;6.25964;0;0;-1
0;363;22.7931;-31.7597;-26.0469;9.7203;3847.05;5.84468;0;0;0.1;0.01;0;6.89702;0;0;-1
0;364;22.1281;-16.0901;-25.5865;10.0142;4206.66;6.02139;0;0;0.1;0.01;0;6.72994;0;0;-1
0;365;22.3155;1.0147;-26.8063;9.03568;3090.09;5.43302;0;0;0.1;0.01;0;5.17075;0;0;-1
0;366;23.388;18.1892;-28.0113;9.62583;3735.97;5.78787;0;0;0.1;0.01;0;6.2543;0;0;-1
0;367;23.2515;34.9373;-27.5212;9.48752;3577.23;5.70471;0;0;0.1;0.01;0;7.41887;0;0;-1
0;368;20.5962;51.1117;-24.5143;9.78732;3927.17;5.88497;0;0;0.1;0.01;0;6.26056;0;0;-1
0;369;20.2892;69.1531;-26.9568;9.41126;3491.66;5.65885;0;0;0.1;0.01;0;5.36049;0;0;-1
0;370;23.3562;84.5737;-24.8078;9.48309;3572.22;5.70204;0;0;0.1;0.01;0;4.90089;0;0;-1
0;371;38.0663;-75.9953;-27.1013;9.08221;3138.07;5.461;0;0;0.1;0.01;0;3.93899;0;0;-1
0;372;35.2251;-56.9148;-27.0372;8.68961;2748.46;5.22494;0;0;0.1;0.01;0;5.60707;0;0;-1
0;373;37.5299;-39.9443;-26.8239;9.92192;4091.44;5.96591;0;0;0.1;0.01;0;7.96708;0;0;-1
0;374;37.6895;-23.1679;-27.6895;9.98008;4163.81;6.00088;0;0;0.1;0.01;0;7.58999;0;0;-1
0;375;37.4573;-7.20675;-24.8386;9.68117;3800.77;5.82115;0;0;0.1;0.01;0;6.57021;0;0;-1
0;376;35.1299;8.91513;-26.7861;8.8148;2868.97;5.30021;0;0;0.1;0.01;0;5.30916;0;0;-1
0;377;37.2266;25.388;-24.71;9.96675;4147.15;5.99286;0;0;0.1;0.01;0;6.87941;0;0;-1
0;378;37.0158;42.1377;-27.0979;9.84583;3998.03;5.92015;0;0;0.1;0.01;0;6.57945;0;0;-1
0;379;38.4493;63.6765;-24.9052;8.5;2572.44;5.11093;0;0;0.1;0.01;0;4.58451;1;0;-1
0;380;36.752;78.8124;-24.876;8.5;2572.44;5.11093;0;0;0.1;0.01;0;4.34999;1;0;-1
0;381;50.4412;-66.6517;-24.7848;10.2137;4463.11;6.14135;0;0;0.1;0.01;0;5.56939;0;0;-1
0;382;49.9658;-50.7749;-25.286;10.1728;4409.71;6.11676;0;0;0.1;0.01;0;6.85208;0;0;-1
0;383;50.0696;-33.4159;-25.0286;8.55599;2623.61;5.14459;0;0;0.1;0.01;0;5.20261;0;0;-1
0;384;52.7136;-15.5634;-26.8551;9.21838;3281.35;5.54288;0;0;0.1;0.01;0;6.25929;0;0;-1
0;385;51.8229;1.73526;-28.3307;10.0155;4208.3;6.02217;0;0;0.1;0.01;0;7.16901;0;0;-1
0;386;50.1086;17.7998;-28.5161;9.04577;3100.45;5.43909;0;0;0.1;0.01;0;6.16711;0;0;-1
0;387;50.31;34.8904;-25.0678;9.38364;3461.01;5.64225;0;0;0.1;0.01;0;5.57823;0;0;-1
0;388;52.9772;54.7662;-24.6956;8.65695;2717.59;5.2053;0;0;0.1;0.01;0;4.39745;0;0;-1
0;389;52.2028;72.6196;-26.9398;9.78828;3928.33;5.88555;0;0;0.1;0.01;0;4.37829;0;0;-1
0;390;66.3596;-59.2043;-27.6322;8.99162;3045.11;5.40653;0;0;0.1;0.01;0;4.13206;0;0;-1
0;391;66.6341;-42.2226;-25.0383;8.84857;2902.07;5.32052;0;0;0.1;0.01;0;5.48361;0;0;-1
0;392;67.4831;-23.2456;-24.8709;10.3678;4668.19;6.23401;0;0;0.1;0.01;0;6.53696;0;0;-1
0;393;65.5588;-5.60097;-26.9203;8.9529;3005.94;5.38325;0;0;0.1;0.01;0;6.83966;0;0;-1
0;394;66.586;9.45461;-25.0958;9.2484;3313.51;5.56093;0;0;0.1;0.01;0;5.823;0;0;-1
0;395;64.8748;25.4059;-25.6029;9.8348;3984.6;5.91352;0;0;0.1;0.01;0;4.80978;0;0;-1
0;396;66.3781;46.5071;-25.9058;10.0347;4232.55;6.03372;0;0;0.1;0.01;0;5.81628;0;0;-1
0;397;65.0702;62.2773;-27.5196;10.0508;4252.95;6.0434;0;0;0.1;0.01;0;4.96886;0;0;-1
0;398;79.4181;-51.2641;-25.8175;10.1042;4321.1;6.07551;0;0;0.1;0.01;0;2.17819;0;0;-1
0;399;81.8819;-34.2053;-24.8311;10.2512;4512.45;6.1639;0;0;0.1;0.01;0;3.41391;0;0;-1
0;400;80.7491;-16.8145;-25.3468;8.88357;2936.64;5.34156;0;0;0.1;0.01;0;4.46944;0;0;-1
0;401;79.7995;-0.22932;-26.2383;9.30496;3374.68;5.59494;0;0;0.1;0.01;0;4.87225;0;0;-1
0;402;83.2147;17.7971;-25.2687;9.79833;3940.44;5.89159;0;0;0.1;0.01;0;4.14721;0;0;-1
0;403;79.0968;33.7646;-27.9936;8.5;2572.44;5.11093;0;0;0.1;0.01;0;3.36613;1;0;-1
0;404;79.3724;54.6214;-26.5392;10.3516;4646.34;6.22427;0;0;0.1;0.01;0;2.70875;0;0;-1
0;405;-98.4413;0.96141;-11.8118;10.2755;4544.62;6.17851;0;0;0.1;0.01;0;3.70385;0;0;-1
0;406;-84.2853;-42.0858;-11.2492;9.08598;3141.98;5.46327;0;0;0.1;0.01;0;3.46855;0;0;-1
0;407;-84.375;-23.541;-10.306;10.4098;4725.15;6.25926;0;0;0.1;0.01;0;5.7033;0;0;-1
0;408;-85.2157;-7.13468;-12.4901;8.91246;2965.39;5.35893;0;0;0.1;0.01;0;5.26751;0;0;-1
0;409;-83.3467;11.6476;-11.9333;10.149;4378.83;6.10245;0;0;0.1;0.01;0;5.92208;0;0;-1
0;410;-84.8176;29.1395;-12.4307;8.5;2572.44;5.11093;0;0;0.1;0.01;0;4.12821;1;0;-1
0;411;-84.032;42.4978;-11.3126;9.39125;3469.44;5.64682;0;0;0.1;0.01;0;4.12703;0;0;-1
0;412;-70.8114;-68.4414;-10.062;8.78734;2842.24;5.2837;0;0;0.1;0.01;0;2.13489;0;0;-1
0;413;-69.2282;-49.2641;-11.9976;9.51949;3613.51;5.72393;0;0;0.1;0.01;0;4.7685;0;0;-1
0;414;-69.8924;-32.5559;-10.1381;9.37135;3447.43;5.63486;0;0;0.1;0.01;0;6.79708;0;0;-1
0;415;-72.1643;-15.7393;-11.6945;9.40543;3485.17;5.65535;0;0;0.1;0.01;0;6.58631;0;0;-1
0;416;-70.7999;3.17351;-10.3131;8.76929;2824.76;5.27285;0;0;0.1;0.01;0;6.07261;0;0;-1
0;417;-68.3537;17.3727;-12.9502;8.58719;2652.42;5.16335;0;0;0.1;0.01;0;4.93257;0;0;-1
0;418;-69.4924;36.4728;-11.9855;9.59908;3704.91;5.77179;0;0;0.1;0.01;0;6.33919;0;0;-1
0;419;-71.9198;53.7836;-13.0247;8.9755;3028.76;5.39684;0;0;0.1;0.01;0;4.41661;0;0;-1
0;420;-54.2884;-75.1349;-9.72305;8.85847;2911.82;5.32647;0;0;0.1;0.01;0;3.81373;0;0;-1
0;421;-56.6186;-58.2369;-12.3424;9.39962;3478.72;5.65186;0;0;0.1;0.01;0;5.38456;0;0;-1
0;422;-57.3304;-39.2037;-10.3218;8.57706;2643.04;5.15726;0;0;0.1;0.01;0;5.56532;0;0;-1
0;423;-57.3139;-23.9589;-11.8635;8.5;2572.44;5.11093;0;0;0.1;0.01;0;5.49157;1;0;-1
0;424;-55.2364;-7.21655;-11.8078;9.00601;3059.75;5.41518;0;0;0.1;0.01;0;5.5004;0;0;-1
0;425;-54.3086;8.60152;-12.5439;10.0595;4264.01;6.04863;0;0;0.1;0.01;0;5.98861;0;0;-1
0;426;-57.3422;29.765;-12.8189;8.5;2572.44;5.11093;0;0;0.1;0.01;0;5.63899;1;0;-1
0;427;-55.1105;44.7237;-11.826;9.28257;3350.37;5.58147;0;0;0.1;0.01;0;6.85587;0;0;-1
0;428;-57.9509;60.0339;-10.6836;9.74725;3879.14;5.86088;0;0;0.1;0.01;0;5.45069;0;0;-1
0;429;-42.7887;-83.6416;-13.2543;10.0889;4301.5;6.06631;0;0;0.1;0.01;0;4.2585;0;0;-1
0;430;-39.3549;-64.6237;-11.5712;9.79525;3936.73;5.88974;0;0;0.1;0.01;0;5.60988;0;0;-1
0;431;-41.0509;-49.3552;-10.6854;8.52157;2592.07;5.1239;0;0;0.1;0.01;0;5.07764;0;0;-1
0;432;-41.223;-32.6031;-12.3626;9.80366;3946.87;5.8948;0;0;0.1;0.01;0;6.13784;0;0;-1
0;433;-42.082;-14.345;-13.5172;10.014;4206.41;6.02127;0;0;0.1;0.01;0;6.08317;0;0;-1
0;434;-40.9209;3.07111;-10.7848;9.48602;3575.53;5.70381;0;0;0.1;0.01;0;5.76907;0;0;-1
0;435;-39.4006;20.0906;-11.2097;10.0097;4200.99;6.01869;0;0;0.1;0.01;0;6.27769;0;0;-1
0;436;-42.1308;36.9054;-13.1697;9.33057;3402.62;5.61034;0;0;0.1;0.01;0;7.19926;0;0;-1
0;437;-42.6543;52.2154;-12.6234;8.5;2572.44;5.11093;0;0;0.1;0.01;0;5.05215;1;0;-1
0;438;-43.0066;70.6825;-12.5542;8.74544;2801.78;5.25851;0;0;0.1;0.01;0;4.72155;0;0;-1
0;439;-43.2514;85.1311;-13.3326;8.5;2572.44;5.11093;0;0;0.1;0.01;0;3.42535;1;0;-1
0;440;-27.9037;-93.181;-13.0851;9.62079;3730.1;5.78484;0;0;0.1;0.01;0;4.31804;0;0;-1
0;441;-28.1434;-76.8695;-13.0026;10.1441;4372.49;6.0995;0;0;0.1;0.01;0;7.05551;0;0;-1
0;442;-24.6969;-56.5739;-12.2834;10.3899;4698.1;6.2473;0;0;0.1;0.01;0;7.30794;0;0;-1
0;443;-27.3661;-41.7557;-10.1916;10.4383;4764.07;6.2764;0;0;0.1;0.01;0;7.63218;0;0;-1
0;444;-26.6299;-22.2845;-11.8608;10.2193;4470.46;6.14472;0;0;0.1;0.01;0;6.64856;0;0;-1
0;445;-24.9552;-7.31064;-10.326;8.54228;2611.02;5.13635;0;0;0.1;0.01;0;4.6984;0;0;-1
0;446;-25.1378;9.14853;-10.2574;9.43114;3513.83;5.67081;0;0;0.1;0.01;0;5.1744;0;0;-1
0;447;-27.4303;28.4647;-10.5808;10.2555;4518.13;6.16648;0;0;0.1;0.01;0;6.15027;0;0;-1
0;448;-28.3079;42.9559;-10.7802;9.06343;3118.65;5.44971;0;0;0.1;0.01;0;5.62566;0;0;-1
0;449;-24.4457;59.0685;-12.8459;8.80537;2859.77;5.29454;0;0;0.1;0.01;0;4.53575;0;0;-1
0;450;-24.7762;77.7007;-12.2464;9.85517;4009.41;5.92577;0;0;0.1;0.01;0;6.45167;0;0;-1
0;451;-24.8585;94.6733;-14.0135;10.1999;4445.05;6.13305;0;0;0.1;0.01;0;3.54457;0;0;-1
0;452;-13.5463;-83.3086;-11.0885;8.5;2572.44;5.11093;0;0;0.1;0.01;0;4.45252;1;0;-1
0;453;-12.7696;-65.4475;-13.2521;8.5;2572.44;5.11093;0;0;0.1;0.01;0;5.52607;1;0;-1
0;454;-12.6944;-48.4378;-9.70801;9.49539;3586.14;5.70944;0;0;0.1;0.01;0;6.60675;0;0;-1
0;455;-11.4476;-32.3667;-11.7636;10.4018;4714.27;6.25445;0;0;0.1;0.01;0;7.25803;0;0;-1
0;456;-10.396;-14.2752;-10.7278;8.5;2572.44;5.11093;0;0;0.1;0.01;0;6.06043;1;0;-1
0;457;-10.7174;0.963326;-11.6013;10.2021;4447.92;6.13437;0;0;0.1;0.01;0;7.15993;0;0;-1
0;458;-10.732;16.9708;-11.6215;9.08701;3143.05;5.46389;0;0;0.1;0.01;0;5.76969;0;0;-1
0;459;-11.591;34.2439;-12.54;8.56015;2627.44;5.14709;0;0;0.1;0.01;0;4.61937;0;0;-1
0;460;-10.3551;50.9677;-10.6063;8.54843;2616.66;5.14005;0;0;0.1;0.01;0;5.22262;0;0;-1
0;461;-10.5248;67.4149;-11.6302;9.0735;3129.05;5.45576;0;0;0.1;0.01;0;5.91008;0;0;-1
0;462;-11.6984;87.257;-12.4382;8.5;2572.44;5.11093;0;0;0.1;0.01;0;4.79454;1;0;-1
0;463;4.3946;-91.5512;-10.5878;8.69412;2752.74;5.22765;0;0;0.1;0.01;0;3.76522;0;0;-1
0;464;1.54445;-75.9968;-12.1279;8.5;2572.44;5.11093;0;0;0.1;0.01;0;5.49043;1;0;-1
0;465;1.34653;-59.4792;-12.8525;8.86284;2916.13;5.3291;0;0;0.1;0.01;0;6.06292;0;0;-1
0;466;1.68074;-41.2619;-12.6206;9.63019;3741.05;5.79049;0;0;0.1;0.01;0;6.53541;0;0;-1
0;467;1.26475;-21.5696;-10.464;9.21799;3280.93;5.54264;0;0;0.1;0.01;0;6.60874;0;0;-1
0;468;1.5968;-7.4465;-12.1247;8.63646;2698.34;5.19298;0;0;0.1;0.01;0;6.12569;0;0;-1
0;469;3.28077;8.17347;-12.2799;10.1133;4332.79;6.08098;0;0;0.1;0.01;0;6.21169;0;0;-1
0;470;3.18849;25.128;-13.558;9.05314;3108.04;5.44352;0;0;0.1;0.01;0;4.72316;0;0;-1
0;471;1.98624;43.7623;-10.4988;9.3009;3370.26;5.5925;0;0;0.1;0.01;0;5.57873;0;0;-1
0;472;2.33225;59.5222;-10.7464;9.45512;3540.71;5.68523;0;0;0.1;0.01;0;6.58879;0;0;-1
0;473;2.70695;76.7472;-10.397;8.91847;2971.39;5.36255;0;0;0.1;0.01;0;6.03237;0;0;-1
0;474;3.09691;94.04;-11.4629;10.2647;4530.3;6.17202;0;0;0.1;0.01;0;4.45847;0;0;-1
0;475;18.8187;-85.1761;-10.538;9.35595;3430.46;5.6256;0;0;0.1;0.01;0;5.79882;0;0;-1
0;476;16.0704;-68.1895;-10.5187;9.47166;3559.32;5.69517;0;0;0.1;0.01;0;6.35386;0;0;-1
0;477;15.9653;-51.4713;-9.87257;9.86583;4022.44;5.93218;0;0;0.1;0.01;0;5.77734;0;0;-1
0;478;15.5237;-33.3884;-10.5203;9.65096;3765.3;5.80298;0;0;0.1;0.01;0;5.74319;0;0;-1
0;479;16.0372;-16.2994;-11.4636;8.57311;2639.39;5.15489;0;0;0.1;0.01;0;5.90995;0;0;-1
0;480;16.4177;1.11682;-11.4598;9.38448;3461.94;5.64275;0;0;0.1;0.01;0;5.57947;0;0;-1
0;481;19.4875;20.9013;-10.8815;9.88972;4051.73;5.94655;0;0;0.1;0.01;0;6.04895;0;0;-1
0;482;19.6255;38.1948;-13.1673;8.5;2572.44;5.11093;0;0;0.1;0.01;0;5.0851;1;0;-1
0;483;18.1876;54.5364;-11.4721;8.5;2572.44;5.11093;0;0;0.1;0.01;0;4.93077;1;0;-1
0;484;17.3059;71.4376;-10.318;10.3965;4707.06;6.25126;0;0;0.1;0.01;0;7.11012;0;0;-1
0;485;15.6983;84.9751;-12.5766;8.5;2572.44;5.11093;0;0;0.1;0.01;0;5.45052;1;0;-1
0;486;31.9456;-93.722;-12.0433;8.83098;2884.8;5.30994;0;0;0.1;0.01;0;1.85765;0;0;-1
0;487;33.3582;-76.6515;-12.3229;9.41174;3492.19;5.65914;0;0;0.1;0.01;0;5.6522;0;0;-1
0;488;32.8888;-55.3925;-10.3518;9.45135;3536.47;5.68296;0;0;0.1;0.01;0;4.99195;0;0;-1
0;489;34.1657;-38.8917;-10.1248;9.62386;3733.67;5.78669;0;0;0.1;0.01;0;6.14474;0;0;-1
0;490;31.2321;-21.3592;-12.2792;9.89423;4057.28;5.94926;0;0;0.1;0.01;0;7.10881;0;0;-1
0;491;33.1399;-6.3396;-10.7753;8.88235;2935.43;5.34083;0;0;0.1;0.01;0;5.5624;0;0;-1
0;492;33.5034;11.7979;-12.9103;10.3784;4682.52;6.24038;0;0;0.1;0.01;0;7.01924;0;0;-1
0;493;31.4692;29.0534;-10.8329;9.24443;3309.25;5.55854;0;0;0.1;0.01;0;6.82253;0;0;-1
0;494;33.5356;46.2622;-13.2491;9.56238;3662.58;5.74972;0;0;0.1;0.01;0;5.98997;0;0;-1
0;495;32.7906;63.4875;-10.365;8.6173;2680.42;5.18146;0;0;0.1;0.01;0;5.98516;0;0;-1
0;496;32.2661;79.3803;-10.1272;10.0567;4260.45;6.04695;0;0;0.1;0.01;0;6.38611;0;0;-1
0;497;45.9669;-82.9325;-10.7909;8.5;2572.44;5.11093;0;0;0.1;0.01;0;4.15698;1;0;-1
0;498;48.1328;-67.8855;-11.4511;9.53328;3629.24;5.73222;0;0;0.1;0.01;0;6.01316;0;0;-1
0;499;47.7001;-47.7319;-11.9674;9.34097;3414.01;5.61659;0;0;0.1;0.01;0;6.11591;0;0;-1
0;500;48.615;-31.7079;-12.5194;9.05733;3112.36;5.44604;0;0;0.1;0.01;0;5.54098;0;0;-1
0;501;45.5566;-14.7385;-10.9519;9.15165;3210.6;5.50275;0;0;0.1;0.01;0;6.26795;0;0;-1
0;502;46.5928;0.435646;-11.0267;10.1585;4391.14;6.10816;0;0;0.1;0.01;0;7.44598;0;0;-1
0;503;47.7348;18.1169;-13.4358;10.1742;4411.53;6.1176;0;0;0.1;0.01;0;7.74698;0;0;-1
0;504;47.8987;34.6502;-10.5429;9.51622;3609.79;5.72196;0;0;0.1;0.01;0;6.42872;0;0;-1
0;505;45.9448;55.1923;-12.4994;8.5;2572.44;5.11093;0;0;0.1;0.01;0;5.01932;1;0;-1
0;506;46.2866;68.4913;-10.0107;9.24156;3306.16;5.55682;0;0;0.1;0.01;0;6.16958;0;0;-1
0;507;47.6953;85.6453;-13.0959;8.6403;2701.94;5.19529;0;0;0.1;0.01;0;2.33811;0;0;-1
0;508;61.0943;-74.2484;-11.2898;10.3036;4582.01;6.19541;0;0;0.1;0.01;0;3.19891;0;0;-1
0;509;60.3083;-56.0663;-13.3007;9.61516;3723.56;5.78146;0;0;0.1;0.01;0;6.39528;0;0;-1
0;510;61.4408;-42.1492;-11.6185;9.39919;3478.24;5.6516;0;0;0.1;0.01;0;6.41271;0;0;-1
0;511;62.5782;-25.7812;-11.868;9.28468;3352.66;5.58274;0;0;0.1;0.01;0;5.84248;0;0;-1
0;512;62.7417;-7.65183;-11.5017;9.83406;3983.7;5.91308;0;0;0.1;0.01;0;6.46808;0;0;-1
0;513;60.7344;9.37386;-12.81;10.2245;4477.29;6.14784;0;0;0.1;0.01;0;6.65771;0;0;-1
0;514;61.9724;28.7535;-10.2232;9.92591;4096.37;5.96831;0;0;0.1;0.01;0;6.30833;0;0;-1
0;515;62.6717;45.9889;-11.1288;9.50542;3597.51;5.71547;0;0;0.1;0.01;0;5.70358;0;0;-1
0;516;63.2345;63.59;-10.8009;10.0981;4313.28;6.07184;0;0;0.1;0.01;0;5.33346;0;0;-1
0;517;61.046;77.9249;-13.7948;8.90529;2958.24;5.35462;0;0;0.1;0.01;0;2.77223;0;0;-1
0;518;77.6007;-47.5348;-10.8078;8.5;2572.44;5.11093;0;0;0.1;0.01;0;3.89109;1;0;-1
0;519;77.334;-30.0355;-11.2402;8.60685;2670.68;5.17517;0;0;0.1;0.01;0;5.62844;0;0;-1
0;520;75.2992;-14.4424;-10.852;10.4528;4783.95;6.28512;0;0;0.1;0.01;0;7.80182;0;0;-1
0;521;74.9438;1.11957;-10.994;8.5;2572.44;5.11093;0;0;0.1;0.01;0;6.16662;1;0;-1
0;522;76.6067;18.0088;-13.3368;8.69993;2758.26;5.23114;0;0;0.1;0.01;0;5.74999;0;0;-1
0;523;75.066;34.8536;-12.7074;8.5;2572.44;5.11093;0;0;0.1;0.01;0;5.25356;1;0;-1
0;524;75.3439;51.486;-10.2305;9.24246;3307.13;5.55736;0;0;0.1;0.01;0;5.72021;0;0;-1
0;525;89.5845;-22.1762;-11.9567;8.5;2572.44;5.11093;0;0;0.1;0.01;0;3.79087;1;0;-1
0;526;90.0704;-4.25261;-10.1477;9.67018;3787.85;5.81454;0;0;0.1;0.01;0;4.12046;0;0;-1
0;527;89.5528;12.0077;-11.0219;8.94815;3001.15;5.38039;0;0;0.1;0.01;0;4.80361;0;0;-1
0;528;89.4273;27.0314;-11.2053;8.57982;2645.59;5.15892;0;0;0.1;0.01;0;4.51199;0;0;-1
0;529;89.2376;43.5631;-9.84362;10.0381;4236.85;6.03576;0;0;0.1;0.01;0;3.29481;0;0;-1
0;530;-93.9357;-16.5814;2.39766;9.45997;3546.16;5.68814;0;0;0.1;0.01;0;3.16932;0;0;-1
0;531;-95.6863;2.72742;3.43609;9.65336;3768.11;5.80443;0;0;0.1;0.01;0;3.78204;0;0;-1
0;532;-95.9091;18.687;2.16226;10.2032;4449.36;6.13504;0;0;0.1;0.01;0;3.23842;0;0;-1
0;533;-79.674;-55.9206;3.03853;8.5;2572.44;5.11093;0;0;0.1;0.01;0;2.64018;1;0;-1
0;534;-82.6282;-41.5239;4.68327;9.80047;3943.02;5.89288;0;0;0.1;0.01;0;4.17491;0;0;-1
0;535;-80.5987;-23.228;2.97377;9.80139;3944.13;5.89343;0;0;0.1;0.01;0;6.45362;0;0;-1
0;536;-79.8682;-6.13549;3.72268;9.46528;3552.13;5.69134;0;0;0.1;0.01;0;5.92397;0;0;-1
0;537;-81.7941;10.3582;2.71875;8.90491;2957.86;5.35439;0;0;0.1;0.01;0;4.70765;0;0;-1
0;538;-80.6014;25.494;1.21065;8.5;2572.44;5.11093;0;0;0.1;0.01;0;3.69502;1;0;-1
0;539;-82.6817;44.0765;2.77014;10.2457;4505.19;6.16059;0;0;0.1;0.01;0;4.42235;0;0;-1
0;540;-78.906;61.1326;3.3787;9.4202;3501.62;5.66423;0;0;0.1;0.01;0;2.55789;0;0;-1
0;541;-63.8838;-65.509;1.67835;8.86781;2921.04;5.33209;0;0;0.1;0.01;0;4.00882;0;0;-1
0;542;-64.2781;-47.2837;4.40154;10.2617;4526.33;6.17021;0;0;0.1;0.01;0;6.23449;0;0;-1
0;543;-68.3955;-33.0509;3.55703;8.92266;2975.58;5.36507;0;0;0.1;0.01;0;5.75774;0;0;-1
0;544;-67.7943;-14.8223;1.72483;10.4365;4761.6;6.27532;0;0;0.1;0.01;0;6.92567;0;0;-1
0;545;-67.1959;0.39833;3.73522;10.3306;4618.12;6.21164;0;0;0.1;0.01;0;6.93384;0;0;-1
0;546;-64.7302;17.1283;3.36461;10.4477;4776.95;6.28205;0;0;0.1;0.01;0;6.01996;0;0;-1
0;547;-65.1803;36.5238;3.09478;10.4249;4745.74;6.26834;0;0;0.1;0.01;0;6.60358;0;0;-1
0;548;-65.5638;52.0307;3.22715;9.47993;3568.65;5.70014;0;0;0.1;0.01;0;5.48104;0;0;-1
0;549;-64.9408;70.412;3.16454;8.5;2572.44;5.11093;0;0;0.1;0.01;0;2.35098;1;0;-1
0;550;-49.9054;-75.3364;3.24123;8.5823;2647.89;5.16041;0;0;0.1;0.01;0;5.00626;0;0;-1
0;551;-50.3446;-59.3895;4.21391;8.71413;2771.79;5.23968;0;0;0.1;0.01;0;5.50658;0;0;-1
0;552;-50.9539;-42.3315;3.33989;8.72965;2786.63;5.24901;0;0;0.1;0.01;0;5.4615;0;0;-1
0;553;-52.112;-24.471;3.65722;8.58632;2651.61;5.16283;0;0;0.1;0.01;0;4.18494;0;0;-1
0;554;-49.6381;-5.37632;2.14862;8.5;2572.44;5.11093;0;0;0.1;0.01;0;4.35413;1;0;-1
0;555;-52.3038;10.0593;3.75356;8.5;2572.44;5.11093;0;0;0.1;0.01;0;4.98614;1;0;-1
0;556;-52.7555;25.8386;2.69558;8.5;2572.44;5.11093;0;0;0.1;0.01;0;5.48489;1;0;-1
0;557;-50.268;42.9865;5.11454;9.8444;3996.28;5.91929;0;0;0.1;0.01;0;5.97446;0;0;-1
0;558;-50.7526;63.4601;1.83679;9.04923;3104.01;5.44117;0;0;0.1;0.01;0;5.21614;0;0;-1
0;559;-51.4544;78.1155;1.28611;9.76208;3896.87;5.8698;0;0;0.1;0.01;0;4.4388;0;0;-1
0;560;-34.974;-84.0134;3.43825;9.36644;3442.01;5.6319;0;0;0.1;0.01;0;5.15666;0;0;-1
0;561;-38.5007;-67.386;3.24766;9.15764;3216.91;5.50636;0;0;0.1;0.01;0;5.35532;0;0;-1
0;562;-36.703;-50.3916;4.12478;8.5;2572.44;5.11093;0;0;0.1;0.01;0;5.1736;1;0;-1
0;563;-35.8342;-32.6231;2.67607;9.95707;4135.07;5.98704;0;0;0.1;0.01;0;6.05352;0;0;-1
0;564;-38.0781;-14.0909;3.15577;8.97516;3028.41;5.39663;0;0;0.1;0.01;0;4.98402;0;0;-1
0;565;-36.6321;3.17919;4.03727;8.90095;2953.91;5.35201;0;0;0.1;0.01;0;5.85607;0;0;-1
0;566;-38.142;19.972;2.91646;10.1518;4382.46;6.10413;0;0;0.1;0.01;0;6.8668;0;0;-1
0;567;-38.1964;36.3052;1.02823;8.89588;2948.87;5.34896;0;0;0.1;0.01;0;5.93294;0;0;-1
0;568;-35.4202;50.8425;2.86287;9.82839;3976.82;5.90967;0;0;0.1;0.01;0;5.01501;0;0;-1
0;569;-35.7471;71.7396;1.34063;10.4423;4769.55;6.2788;0;0;0.1;0.01;0;6.28689;0;0;-1
0;570;-35.3296;87.8879;3.29195;9.58234;3685.56;5.76172;0;0;0.1;0.01;0;5.14506;0;0;-1
0;571;-20.7809;-93.6571;1.60141;9.51832;3612.18;5.72323;0;0;0.1;0.01;0;4.3127;0;0;-1
0;572;-20.5654;-76.6045;4.59418;8.53528;2604.61;5.13214;0;0;0.1;0.01;0;5.26556;0;0;-1
0;573;-23.6211;-57.6407;1.53966;9.2155;3278.27;5.54115;0;0;0.1;0.01;0;6.00595;0;0;-1
0;574;-23.2227;-40.3593;2.1459;9.25268;3318.11;5.5635;0;0;0.1;0.01;0;6.41738;0;0;-1
0;575;-21.1693;-23.0797;3.57298;8.5;2572.44;5.11093;0;0;0.1;0.01;0;5.39865;1;0;-1
0;576;-20.5778;-5.19338;3.33939;8.55675;2624.31;5.14505;0;0;0.1;0.01;0;6.16143;0;0;-1
0;577;-20.1902;9.98912;4.07077;10.1133;4332.79;6.08098;0;0;0.1;0.01;0;6.90085;0;0;-1
0;578;-23.9426;27.5222;1.89184;8.5874;2652.61;5.16348;0;0;0.1;0.01;0;3.99187;0;0;-1
0;579;-19.9311;46.9963;1.82968;9.19996;3261.72;5.5318;0;0;0.1;0.01;0;4.54709;0;0;-1
0;580;-22.0319;63.3238;2.16576;9.89483;4058.01;5.94962;0;0;0.1;0.01;0;6.65765;0;0;-1
0;581;-22.1858;77.5583;1.9097;9.60554;3712.39;5.77567;0;0;0.1;0.01;0;6.19795;0;0;-1
0;582;-23.3632;96.2362;1.35824;9.90756;4073.7;5.95727;0;0;0.1;0.01;0;3.41954;0;0;-1
0;583;-7.07337;-98.9528;0.926098;10.0776;4287.06;6.05951;0;0;0.1;0.01;0;2.97383;0;0;-1
0;584;-5.6444;-81.0535;3.71901;8.73414;2790.93;5.25171;0;0;0.1;0.01;0;5.62501;0;0;-1
0;585;-9.08266;-66.6462;2.77183;10.3839;4689.97;6.24369;0;0;0.1;0.01;0;5.75223;0;0;-1
0;586;-7.63162;-49.2491;2.31122;8.64791;2709.08;5.19986;0;0;0.1;0.01;0;5.09675;0;0;-1
0;587;-7.46822;-29.9749;2.51813;9.4445;3528.79;5.67884;0;0;0.1;0.01;0;6.35297;0;0;-1
0;588;-8.78237;-14.1944;3.11505;9.71029;3835.18;5.83866;0;0;0.1;0.01;0;6.88122;0;0;-1
0;589;-7.8864;1.80373;3.77534;8.5;2572.44;5.11093;0;0;0.1;0.01;0;5.89994;1;0;-1
0;590;-6.29786;17.3584;1.34094;8.51996;2590.61;5.12293;0;0;0.1;0.01;0;5.93063;0;0;-1
0;591;-6.16436;34.6576;3.70001;9.22465;3288.05;5.54665;0;0;0.1;0.01;0;5.50882;0;0;-1
0;592;-5.7634;51.8029;3.54155;8.5;2572.44;5.11093;0;0;0.1;0.01;0;5.87119;1;0;-1
0;593;-7.56707;71.7858;2.33002;10.3283;4615.04;6.21026;0;0;0.1;0.01;0;6.8554;0;0;-1
0;594;-9.20612;88.3798;3.68127;9.77079;3907.31;5.87503;0;0;0.1;0.01;0;4.9757;0;0;-1
0;595;8.03879;-92.1757;3.10126;8.71605;2773.63;5.24083;0;0;0.1;0.01;0;4.70586;0;0;-1
0;596;8.63654;-76.092;1.82876;9.61678;3725.44;5.78243;0;0;0.1;0.01;0;7.04007;0;0;-1
0;597;5.95213;-58.9247;1.69025;10.096;4310.59;6.07058;0;0;0.1;0.01;0;6.92016;0;0;-1
0;598;7.03616;-42.7384;3.59289;9.83689;3987.15;5.91478;0;0;0.1;0.01;0;6.72711;0;0;-1
0;599;7.54555;-24.9382;1.84787;9.5353;3631.55;5.73344;0;0;0.1;0.01;0;6.50708;0;0;-1
0;600;9.35943;-8.45882;4.44352;10.1237;4346.17;6.08723;0;0;0.1;0.01;0;5.93111;0;0;-1
0;601;5.73638;10.4475;2.77839;8.89902;2951.99;5.35085;0;0;0.1;0.01;0;4.95875;0;0;-1
0;602;7.62706;25.4196;2.11835;9.91149;4078.55;5.95964;0;0;0.1;0.01;0;6.0869;0;0;-1
0;603;8.38182;44.0629;2.34947;8.5;2572.44;5.11093;0;0;0.1;0.01;0;5.04534;1;0;-1
0;604;6.91104;60.3882;1.62232;8.5;2572.44;5.11093;0;0;0.1;0.01;0;5.65767;1;0;-1
0;605;8.79981;76.5037;2.67605;8.62821;2690.61;5.18802;0;0;0.1;0.01;0;5.79871;0;0;-1
0;606;5.61596;97.9058;1.52629;9.70502;3828.93;5.83549;0;0;0.1;0.01;0;2.82546;0;0;-1
0;607;20.4563;-85.2871;2.18269;8.5;2572.44;5.11093;0;0;0.1;0.01;0;4.15306;1;0;-1
0;608;23.7049;-66.3218;2.74076;10.1485;4378.19;6.10215;0;0;0.1;0.01;0;5.92328;0;0;-1
0;609;22.3834;-47.3552;4.38398;8.61569;2678.91;5.18049;0;0;0.1;0.01;0;4.58332;0;0;-1
0;610;21.7423;-31.0854;1.47833;8.5;2572.44;5.11093;0;0;0.1;0.01;0;5.79119;1;0;-1
0;611;21.4316;-14.7089;1.49416;8.5;2572.44;5.11093;0;0;0.1;0.01;0;5.4697;1;0;-1
0;612;23.2002;4.33757;1.19684;9.49255;3582.92;5.70773;0;0;0.1;0.01;0;5.44806;0;0;-1
0;613;23.3899;20.8332;4.67487;9.56391;3664.33;5.75064;0;0;0.1;0.01;0;6.83888;0;0;-1
0;614;21.9856;37.2958;4.96163;8.5;2572.44;5.11093;0;0;0.1;0.01;0;5.65919;1;0;-1
0;615;22.7768;51.4233;3.72126;9.88732;4048.78;5.9451;0;0;0.1;0.01;0;6.64339;0;0;-1
0;616;21.1367;67.7566;1.65744;9.16445;3224.09;5.51045;0;0;0.1;0.01;0;5.95826;0;0;-1
0;617;21.4058;89.4932;1.1387;10.1186;4339.6;6.08417;0;0;0.1;0.01;0;4.04479;0;0;-1
0;618;38.0405;-75.9257;1.65918;9.44408;3528.32;5.67859;0;0;0.1;0.01;0;6.03148;0;0;-1
0;619;38.5557;-59.6004;4.02888;8.64248;2703.98;5.1966;0;0;0.1;0.01;0;5.22688;0;0;-1
0;620;34.9018;-40.1491;3.41203;8.9796;3032.91;5.3993;0;0;0.1;0.01;0;5.44892;0;0;-1
0;621;35.0467;-25.7254;1.20163;9.54414;3641.66;5.73875;0;0;0.1;0.01;0;6.10685;0;0;-1
0;622;38.0215;-8.85343;4.48154;9.35846;3433.22;5.62711;0;0;0.1;0.01;0;6.01357;0;0;-1
0;623;37.2351;9.08676;1.45568;9.51894;3612.89;5.7236;0;0;0.1;0.01;0;5.74765;0;0;-1
0;624;36.664;27.2511;2.87109;9.98295;4167.4;6.0026;0;0;0.1;0.01;0;6.51479;0;0;-1
0;625;35.9293;44.5361;1.21444;10.3932;4702.58;6.24928;0;0;0.1;0.01;0;6.87964;0;0;-1
0;626;36.1016;62.7043;3.83357;10.293;4567.88;6.18903;0;0;0.1;0.01;0;7.82452;0;0;-1
0;627;37.6629;80.0031;2.52793;10.395;4705.03;6.25036;0;0;0.1;0.01;0;5.1386;0;0;-1
0;628;50.8416;-83.5312;2.89721;8.5;2572.44;5.11093;0;0;0.1;0.01;0;2.988;1;0;-1
0;629;52.1824;-64.6102;4.049;9.83279;3982.16;5.91231;0;0;0.1;0.01;0;5.58689;0;0;-1
0;630;50.3207;-48.4704;3.25825;10.1367;4362.93;6.09505;0;0;0.1;0.01;0;6.36332;0;0;-1
0;631;53.4011;-33.6542;4.79551;8.5;2572.44;5.11093;0;0;0.1;0.01;0;5.81189;1;0;-1
0;632;51.3852;-15.8301;2.99272;8.60239;2666.53;5.17249;0;0;0.1;0.01;0;5.11796;0;0;-1
0;633;52.1573;1.14081;2.46558;8.51441;2585.55;5.11959;0;0;0.1;0.01;0;5.43439;0;0;-1
0;634;52.3742;17.0474;1.66928;9.47502;3563.11;5.69719;0;0;0.1;0.01;0;7.3113;0;0;-1
0;635;50.1866;34.388;2.7364;9.80689;3950.78;5.89674;0;0;0.1;0.01;0;6.2328;0;0;-1
0;636;51.3748;54.6303;4.70196;8.5;2572.44;5.11093;0;0;0.1;0.01;0;5.01657;1;0;-1
0;637;50.0095;67.7118;3.25722;9.09874;3155.24;5.47094;0;0;0.1;0.01;0;4.69888;0;0;-1
0;638;68.054;-56.0614;4.68285;9.91865;4087.39;5.96394;0;0;0.1;0.01;0;4.38879;0;0;-1
0;639;67.5923;-39.0439;2.40484;9.67029;3787.97;5.81461;0;0;0.1;0.01;0;7.08964;0;0;-1
0;640;64.7282;-24.1613;3.90131;8.59961;2663.94;5.17082;0;0;0.1;0.01;0;5.67709;0;0;-1
0;641;67.8252;-6.65737;4.42232;8.5;2572.44;5.11093;0;0;0.1;0.01;0;4.86819;1;0;-1
0;642;65.6306;12.1999;3.83169;10.2544;4516.68;6.16582;0;0;0.1;0.01;0;6.71998;0;0;-1
0;643;65.4897;25.9311;3.94321;8.5;2572.44;5.11093;0;0;0.1;0.01;0;6.09816;1;0;-1
0;644;66.9168;44.3092;4.35744;9.40417;3483.77;5.65459;0;0;0.1;0.01;0;5.69873;0;0;-1
0;645;67.4249;60.1774;4.3237;9.78995;3930.34;5.88655;0;0;0.1;0.01;0;4.46612;0;0;-1
0;646;82.3279;-47.3949;5.10256;9.16647;3226.23;5.51167;0;0;0.1;0.01;0;3.67537;0;0;-1
0;647;82.1678;-33.109;3.18374;10.4059;4719.84;6.25692;0;0;0.1;0.01;0;5.82415;0;0;-1
0;648;81.3934;-15.7984;3.84075;9.58771;3691.76;5.76495;0;0;0.1;0.01;0;6.4907;0;0;-1
0;649;79.7765;0.0558665;1.87938;9.17655;3236.88;5.51773;0;0;0.1;0.01;0;5.72956;0;0;-1
0;650;80.9778;18.2541;2.44714;9.17519;3235.44;5.51691;0;0;0.1;0.01;0;6.64373;0;0;-1
0;651;82.5354;36.105;4.09234;10.3563;4652.67;6.22709;0;0;0.1;0.01;0;5.55312;0;0;-1
0;652;82.8026;55.2981;4.89148;9.98006;4163.78;6.00087;0;0;0.1;0.01;0;2.84947;0;0;-1
0;653;95.8377;-23.3874;2.10162;10.372;4673.86;6.23653;0;0;0.1;0.01;0;3.62882;0;0;-1
0;654;96.3551;-7.56626;4.22466;9.30892;3378.99;5.59732;0;0;0.1;0.01;0;3.40811;0;0;-1
0;655;94.5266;12.1158;1.93661;9.59168;3696.35;5.76734;0;0;0.1;0.01;0;4.21288;0;0;-1
0;656;94.3117;26.6315;4.47753;10.0281;4224.2;6.02975;0;0;0.1;0.01;0;4.46462;0;0;-1
0;657;-86.8349;-40.7531;19.2024;10.0139;4206.28;6.02121;0;0;0.1;0.01;0;3.22204;0;0;-1
0;658;-85.0831;-21.1733;18.5569;9.39531;3473.94;5.64926;0;0;0.1;0.01;0;3.28245;0;0;-1
0;659;-84.8766;-4.98806;19.2689;9.9256;4095.99;5.96812;0;0;0.1;0.01;0;4.60476;0;0;-1
0;660;-86.6484;10.4781;17.1933;9.41782;3498.97;5.6628;0;0;0.1;0.01;0;4.71612;0;0;-1
0;661;-85.7292;27.1097;18.3064;8.5;2572.44;5.11093;0;0;0.1;0.01;0;3.2163;1;0;-1
0;662;-84.2573;45.3269;18.9295;8.68184;2741.09;5.22026;0;0;0.1;0.01;0;2.72867;0;0;-1
0;663;-72.111;-63.6401;19.8432;9.46219;3548.65;5.68948;0;0;0.1;0.01;0;3.35616;0;0;-1
0;664;-70.8124;-48.5623;16.6701;9.04696;3101.68;5.43981;0;0;0.1;0.01;0;6.11246;0;0;-1
0;665;-68.9829;-33.8687;19.1881;8.5;2572.44;5.11093;0;0;0.1;0.01;0;5.46711;1;0;-1
0;666;-71.9599;-13.1885;19.0184;9.90376;4069.01;5.95499;0;0;0.1;0.01;0;7.23572;0;0;-1
0;667;-69.3902;2.17065;19.7069;9.7357;3865.36;5.85394;0;0;0.1;0.01;0;6.93282;0;0;-1
0;668;-70.2496;18.641;19.3019;9.64972;3763.85;5.80224;0;0;0.1;0.01;0;5.80074;0;0;-1
0;669;-70.2925;34.2546;16.7428;8.77909;2834.24;5.27874;0;0;0.1;0.01;0;4.32289;0;0;-1
0;670;-70.2531;52.8853;16.2598;8.5;2572.44;5.11093;0;0;0.1;0.01;0;3.91633;1;0;-1
0;671;-58.0223;-74.9473;17.1219;10.065;4271;6.05194;0;0;0.1;0.01;0;4.51565;0;0;-1
0;672;-57.4981;-58.6552;18.7039;9.47117;3558.77;5.69488;0;0;0.1;0.01;0;6.43879;0;0;-1
0;673;-56.1998;-39.5385;17.4581;10.2399;4497.55;6.1571;0;0;0.1;0.01;0;7.4022;0;0;-1
0;674;-57.0852;-23.2722;16.9192;8.9323;2985.23;5.37086;0;0;0.1;0.01;0;5.73383;0;0;-1
0;675;-55.1881;-6.46274;16.0493;9.97374;4155.88;5.99707;0;0;0.1;0.01;0;6.24349;0;0;-1
0;676;-57.1286;8.61636;17.4091;8.70387;2762.01;5.23351;0;0;0.1;0.01;0;5.38477;0;0;-1
0;677;-55.3809;26.7743;16.7917;9.65507;3770.12;5.80545;0;0;0.1;0.01;0;5.70893;0;0;-1
0;678;-54.9789;46.902;18.9438;8.5;2572.44;5.11093;0;0;0.1;0.01;0;4.35277;1;0;-1
0;679;-53.9877;61.9355;18.2792;8.67427;2733.93;5.21571;0;0;0.1;0.01;0;3.80838;0;0;-1
0;680;-53.7949;78.0494;19.6562;9.60026;3706.27;5.7725;0;0;0.1;0.01;0;2.63993;0;0;-1
0;681;-41.6977;-84.6163;16.8495;9.64536;3758.75;5.79962;0;0;0.1;0.01;0;4.32863;0;0;-1
0;682;-40.6312;-67.4665;17.7336;8.98447;3037.85;5.40223;0;0;0.1;0.01;0;5.5147;0;0;-1
0;683;-40.4643;-47.7802;16.7422;9.09298;3149.25;5.46748;0;0;0.1;0.01;0;5.26064;0;0;-1
0;684;-42.5286;-33.0296;18.2;9.56256;3662.78;5.74983;0;0;0.1;0.01;0;6.35574;0;0;-1
0;685;-42.1553;-13.7612;16.49;8.5;2572.44;5.11093;0;0;0.1;0.01;0;4.91533;1;0;-1
0;686;-39.9917;2.28212;17.7277;8.8338;2887.56;5.31164;0;0;0.1;0.01;0;5.08225;0;0;-1
0;687;-42.2132;18.6805;18.4652;8.81873;2872.81;5.30257;0;0;0.1;0.01;0;5.43416;0;0;-1
0;688;-41.1655;33.7342;18.2748;8.97255;3025.77;5.39506;0;0;0.1;0.01;0;5.19049;0;0;-1
0;689;-39.7075;53.2096;18.54;8.97931;3032.62;5.39913;0;0;0.1;0.01;0;4.738;0;0;-1
0;690;-39.5876;71.4859;16.3996;10.2106;4459.05;6.13949;0;0;0.1;0.01;0;5.90384;0;0;-1
0;691;-41.5975;87.7458;18.5396;8.98874;3042.18;5.4048;0;0;0.1;0.01;0;2.93093;0;0;-1
0;692;-27.7622;-93.4541;16.8268;10.4523;4783.26;6.28482;0;0;0.1;0.01;0;3.97925;0;0;-1
0;693;-27.5071;-72.8542;18.4986;9.83112;3980.13;5.91131;0;0;0.1;0.01;0;6.16525;0;0;-1
0;694;-25.3689;-56.7102;16.2721;8.5;2572.44;5.11093;0;0;0.1;0.01;0;4.45064;1;0;-1
0;695;-24.5035;-40.3795;17.8393;8.88227;2935.35;5.34078;0;0;0.1;0.01;0;5.48736;0;0;-1
0;696;-28.3613;-24.7233;16.3213;9.59361;3698.58;5.7685;0;0;0.1;0.01;0;6.04934;0;0;-1
0;697;-28.3796;-7.18752;16.0132;9.33032;3402.34;5.61019;0;0;0.1;0.01;0;5.29323;0;0;-1
0;698;-26.9608;10.6796;16.4861;9.60486;3711.6;5.77526;0;0;0.1;0.01;0;6.09193;0;0;-1
0;699;-27.4521;28.0476;17.3629;9.05772;3112.76;5.44628;0;0;0.1;0.01;0;5.12917;0;0;-1
0;700;-25.459;45.9315;17.634;9.58543;3689.13;5.76358;0;0;0.1;0.01;0;5.76626;0;0;-1
0;701;-28.1568;62.0574;16.4011;9.01678;3070.74;5.42166;0;0;0.1;0.01;0;5.90337;0;0;-1
0;702;-27.41;80.413;16.3127;10.1887;4430.42;6.12632;0;0;0.1;0.01;0;5.8903;0;0;-1
0;703;-13.2925;-83.6088;17.6391;9.77088;3907.42;5.87509;0;0;0.1;0.01;0;5.45613;0;0;-1
0;704;-13.7334;-65.6445;17.0266;8.5;2572.44;5.11093;0;0;0.1;0.01;0;4.20782;1;0;-1
0;705;-11.1806;-47.533;16.2687;9.7905;3931;5.88689;0;0;0.1;0.01;0;5.45055;0;0;-1
0;706;-12.3553;-30.7893;19.3429;8.63701;2698.85;5.19331;0;0;0.1;0.01;0;5.76294;0;0;-1
0;707;-11.5516;-16.1888;17.4733;9.71429;3839.92;5.84106;0;0;0.1;0.01;0;6.34145;0;0;-1
0;708;-13.6715;1.6643;17.1273;10.0878;4300.09;6.06565;0;0;0.1;0.01;0;7.02316;0;0;-1
0;709;-13.1775;20.792;16.6098;10.0841;4295.36;6.06342;0;0;0.1;0.01;0;6.26835;0;0;-1
0;710;-10.9564;37.3189;17.2902;8.97727;3030.55;5.3979;0;0;0.1;0.01;0;5.49466;0;0;-1
0;711;-10.0197;52.3588;18.3;10.1287;4352.61;6.09024;0;0;0.1;0.01;0;6.64247;0;0;-1
0;712;-11.6671;68.4272;18.3683;8.59754;2662.02;5.16958;0;0;0.1;0.01;0;5.20762;0;0;-1
0;713;-11.0499;85.2605;18.6685;8.5;2572.44;5.11093;0;0;0.1;0.01;0;3.73762;1;0;-1
0;714;1.68499;-91.9862;17.4367;10.248;4508.23;6.16197;0;0;0.1;0.01;0;3.90761;0;0;-1
0;715;4.58577;-72.2726;15.9813;8.68782;2746.76;5.22386;0;0;0.1;0.01;0;5.15324;0;0;-1
0;716;2.81614;-56.9719;17.3317;8.5;2572.44;5.11093;0;0;0.1;0.01;0;5.54552;1;0;-1
0;717;2.96297;-39.8524;16.6733;9.887;4048.39;5.94491;0;0;0.1;0.01;0;6.58653;0;0;-1
0;718;2.38324;-24.4679;16.4616;8.82136;2875.38;5.30416;0;0;0.1;0.01;0;5.63479;0;0;-1
0;719;4.9768;-8.37552;17.108;8.57217;2638.52;5.15432;0;0;0.1;0.01;0;4.74276;0;0;-1
0;720;4.17249;9.65105;16.3844;9.89258;4055.25;5.94826;0;0;0.1;0.01;0;4.89236;0;0;-1
0;721;2.16124;28.5075;16.6416;9.95865;4137.04;5.98799;0;0;0.1;0.01;0;6.24757;0;0;-1
0;722;2.53122;46.1853;15.6143;8.5982;2662.63;5.16997;0;0;0.1;0.01;0;5.80376;0;0;-1
0;723;2.66224;63.4019;15.8902;10.4039;4717.12;6.25571;0;0;0.1;0.01;0;6.71337;0;0;-1
0;724;0.994849;77.9642;15.9355;8.66392;2724.16;5.20949;0;0;0.1;0.01;0;5.6859;0;0;-1
0;725;4.69742;93.0883;17.7752;8.70908;2766.98;5.23664;0;0;0.1;0.01;0;2.89471;0;0;-1
0;726;17.7757;-82.3799;17.1028;10.0453;4245.97;6.04009;0;0;0.1;0.01;0;5.13193;0;0;-1
0;727;15.8;-64.4102;16.3778;8.5;2572.44;5.11093;0;0;0.1;0.01;0;4.94306;1;0;-1
0;728;16.0251;-50.0843;18.3073;9.61978;3728.93;5.78423;0;0;0.1;0.01;0;5.554;0;0;-1
0;729;18.9314;-33.9813;18.1043;8.5;2572.44;5.11093;0;0;0.1;0.01;0;4.31451;1;0;-1
0;730;18.3571;-17.0109;17.3435;9.30503;3374.75;5.59498;0;0;0.1;0.01;0;5.77508;0;0;-1
0;731;17.4623;2.71572;18.4857;8.54447;2613.03;5.13767;0;0;0.1;0.01;0;4.74079;0;0;-1
0;732;16.5776;21.1419;16.2203;9.14026;3198.63;5.49591;0;0;0.1;0.01;0;6.2773;0;0;-1
0;733;16.5133;37.0719;17.4467;8.88866;2941.69;5.34462;0;0;0.1;0.01;0;5.88841;0;0;-1
0;734;19.6647;52.9299;17.6982;8.85858;2911.93;5.32654;0;0;0.1;0.01;0;5.16852;0;0;-1
0;735;16.4137;69.7777;17.3854;8.51644;2587.4;5.12081;0;0;0.1;0.01;0;5.15642;0;0;-1
0;736;17.916;85.6746;16.4529;9.17315;3233.29;5.51568;0;0;0.1;0.01;0;3.5673;0;0;-1
0;737;33.1756;-92.4846;15.9334;9.05955;3114.64;5.44738;0;0;0.1;0.01;0;1.69058;0;0;-1
0;738;33.7897;-73.7668;16.1023;9.51316;3606.31;5.72013;0;0;0.1;0.01;0;5.47744;0;0;-1
0;739;33.1799;-55.2479;18.016;9.15668;3215.9;5.50578;0;0;0.1;0.01;0;4.54234;0;0;-1
0;740;33.6486;-39.0296;18.0762;8.5;2572.44;5.11093;0;0;0.1;0.01;0;5.33039;1;0;-1
0;741;31.4391;-24.4842;16.3341;9.37929;3456.2;5.63963;0;0;0.1;0.01;0;6.4816;0;0;-1
0;742;30.7095;-8.06003;18.5935;9.30862;3378.66;5.59714;0;0;0.1;0.01;0;5.49787;0;0;-1
0;743;30.5283;11.5699;17.0178;8.87722;2930.35;5.33774;0;0;0.1;0.01;0;5.13333;0;0;-1
0;744;32.094;26.874;16.7621;8.78131;2836.39;5.28007;0;0;0.1;0.01;0;5.40275;0;0;-1
0;745;33.2176;45.7686;16.5276;8.5;2572.44;5.11093;0;0;0.1;0.01;0;5.28891;1;0;-1
0;746;30.4865;63.4358;19.4811;9.08213;3137.99;5.46095;0;0;0.1;0.01;0;6.81703;0;0;-1
0;747;30.6485;77.8114;17.8479;9.25776;3323.58;5.56656;0;0;0.1;0.01;0;5.18574;0;0;-1
0;748;45.3085;-81.2482;16.0935;9.99665;4184.58;6.01084;0;0;0.1;0.01;0;4.70887;0;0;-1
0;749;48.9051;-67.6387;17.0057;8.61752;2680.62;5.18159;0;0;0.1;0.01;0;5.08472;0;0;-1
0;750;47.5143;-48.1646;18.5953;8.5;2572.44;5.11093;0;0;0.1;0.01;0;4.60398;1;0;-1
0;751;46.7625;-31.9007;16.6144;9.52674;3621.78;5.72829;0;0;0.1;0.01;0;6.82897;0;0;-1
0;752;46.3611;-15.3173;17.503;9.96599;4146.2;5.99241;0;0;0.1;0.01;0;6.40209;0;0;-1
0;753;46.2062;4.3948;19.4787;9.61473;3723.06;5.7812;0;0;0.1;0.01;0;5.4308;0;0;-1
0;754;48.7898;20.4693;17.3385;9.77667;3914.37;5.87857;0;0;0.1;0.01;0;6.22881;0;0;-1
0;755;46.8613;34.883;18.9807;8.5;2572.44;5.11093;0;0;0.1;0.01;0;5.23478;1;0;-1
0;756;45.0847;54.0904;16.5907;10.1386;4365.39;6.09619;0;0;0.1;0.01;0;6.5744;0;0;-1
0;757;46.9798;68.9786;17.782;8.7934;2848.13;5.28734;0;0;0.1;0.01;0;5.04272;0;0;-1
0;758;45.9417;86.0474;19.6677;8.5;2572.44;5.11093;0;0;0.1;0.01;0;1.28244;1;0;-1
0;759;61.2211;-75.4445;17.4872;9.74749;3879.42;5.86102;0;0;0.1;0.01;0;2.82202;0;0;-1
0;760;62.3032;-57.9517;18.1623;8.5;2572.44;5.11093;0;0;0.1;0.01;0;4.94938;1;0;-1
0;761;62.5593;-38.7143;16.7015;10.097;4311.87;6.07118;0;0;0.1;0.01;0;7.49733;0;0;-1
0;762;60.4225;-24.2789;16.513;9.90118;4065.83;5.95344;0;0;0.1;0.01;0;7.54601;0;0;-1
0;763;60.3754;-7.40323;16.7471;8.93108;2984.01;5.37013;0;0;0.1;0.01;0;4.81072;0;0;-1
0;764;62.4601;10.6027;16.967;9.45392;3539.36;5.6845;0;0;0.1;0.01;0;5.78024;0;0;-1
0;765;61.6872;28.5336;16.4787;10.2254;4478.47;6.14838;0;0;0.1;0.01;0;7.22287;0;0;-1
0;766;61.868;45.2092;19.0365;8.67367;2733.36;5.21535;0;0;0.1;0.01;0;6.07975;0;0;-1
0;767;62.2925;63.6406;19.0461;10.0225;4217.13;6.02638;0;0;0.1;0.01;0;4.83244;0;0;-1
0;768;75.9061;-50.2059;19.5094;8.70096;2759.24;5.23176;0;0;0.1;0.01;0;3.01244;0;0;-1
0;769;76.046;-33.4796;18.3392;10.0886;4301.12;6.06613;0;0;0.1;0.01;0;6.13375;0;0;-1
0;770;77.6197;-16.9527;16.745;8.5;2572.44;5.11093;0;0;0.1;0.01;0;4.96176;1;0;-1
0;771;74.8816;0.853837;19.4099;8.71841;2775.88;5.24225;0;0;0.1;0.01;0;4.4452;0;0;-1
0;772;76.4908;20.1063;16.1833;9.82373;3971.16;5.90687;0;0;0.1;0.01;0;6.53796;0;0;-1
0;773;74.8218;37.9186;19.0706;10.3722;4674.14;6.23665;0;0;0.1;0.01;0;6.73531;0;0;-1
0;774;76.5245;52.4252;18.7562;8.77615;2831.4;5.27697;0;0;0.1;0.01;0;4.58004;0;0;-1
0;775;91.5287;-22.0683;18.6368;9.7875;3927.39;5.88508;0;0;0.1;0.01;0;4.34583;0;0;-1
0;776;92.7489;-7.35788;19.9345;8.5;2572.44;5.11093;0;0;0.1;0.01;0;2.61879;1;0;-1
0;777;91.7012;9.32372;16.2199;9.05672;3111.73;5.44567;0;0;0.1;0.01;0;2.52788;0;0;-1
0;778;89.4663;26.8408;17.3901;9.35384;3428.14;5.62433;0;0;0.1;0.01;0;4.08011;0;0;-1
0;779;-93.5868;2.41122;34.5614;8.55786;2625.33;5.14572;0;0;0.1;0.01;0;2.84516;0;0;-1
0;780;-82.0388;-39.7112;31.6341;9.85962;4014.85;5.92845;0;0;0.1;0.01;0;3.15534;0;0;-1
0;781;-79.6861;-25.0885;32.4559;9.32437;3395.84;5.60661;0;0;0.1;0.01;0;4.25193;0;0;-1
0;782;-78.9987;-6.08947;34.0266;9.22038;3283.49;5.54408;0;0;0.1;0.01;0;5.97745;0;0;-1
0;783;-80.1772;10.0421;31.8142;8.73128;2788.19;5.24999;0;0;0.1;0.01;0;4.8954;0;0;-1
0;784;-82.7035;25.8731;30.9222;9.40262;3482.05;5.65366;0;0;0.1;0.01;0;2.74795;0;0;-1
0;785;-79.9053;46.0365;31.3447;8.54151;2610.31;5.13589;0;0;0.1;0.01;0;2.20355;0;0;-1
0;786;-65.9589;-66.8893;33.9523;9.46889;3556.2;5.69351;0;0;0.1;0.01;0;3.41835;0;0;-1
0;787;-66.6276;-47.6775;32.2377;9.70994;3834.76;5.83845;0;0;0.1;0.01;0;4.79001;0;0;-1
0;788;-64.3018;-30.7696;34.2054;9.95636;4134.19;5.98661;0;0;0.1;0.01;0;6.55713;0;0;-1
0;789;-66.7754;-15.5667;31.0189;8.5;2572.44;5.11093;0;0;0.1;0.01;0;5.95211;1;0;-1
0;790;-65.6099;0.0161938;34.1243;8.9441;2997.08;5.37796;0;0;0.1;0.01;0;5.98597;0;0;-1
0;791;-66.5523;18.1263;33.8934;8.5;2572.44;5.11093;0;0;0.1;0.01;0;4.43043;1;0;-1
0;792;-64.4078;35.1675;31.6621;8.58667;2651.94;5.16304;0;0;0.1;0.01;0;4.16613;0;0;-1
0;793;-66.8373;53.0581;33.2033;9.91933;4088.23;5.96435;0;0;0.1;0.01;0;3.57431;0;0;-1
0;794;-53.1873;-73.3269;30.6183;10.1149;4334.84;6.08194;0;0;0.1;0.01;0;4.85196;0;0;-1
0;795;-50.184;-58.7187;30.9859;9.48167;3570.62;5.70119;0;0;0.1;0.01;0;6.02597;0;0;-1
0;796;-49.8392;-38.401;31.6542;9.72083;3847.68;5.84499;0;0;0.1;0.01;0;6.12849;0;0;-1
0;797;-52.8058;-21.3006;31.123;8.5;2572.44;5.11093;0;0;0.1;0.01;0;4.91598;1;0;-1
0;798;-52.7072;-7.29145;34.192;9.66627;3783.25;5.81219;0;0;0.1;0.01;0;4.47637;0;0;-1
0;799;-51.6705;11.8728;31.7781;8.5;2572.44;5.11093;0;0;0.1;0.01;0;4.16235;1;0;-1
0;800;-50.7155;29.408;32.6047;8.5;2572.44;5.11093;0;0;0.1;0.01;0;5.23852;1;0;-1
0;801;-52.7794;43.3408;33.1259;8.5;2572.44;5.11093;0;0;0.1;0.01;0;5.24185;1;0;-1
0;802;-51.6476;60.0694;33.9715;8.5;2572.44;5.11093;0;0;0.1;0.01;0;4.23598;1;0;-1
0;803;-35.6439;-85.3988;34.2837;10.1766;4414.65;6.11904;0;0;0.1;0.01;0;3.63689;0;0;-1
0;804;-38.0034;-66.3808;31.2867;8.5;2572.44;5.11093;0;0;0.1;0.01;0;4.55943;1;0;-1
0;805;-37.9465;-47.2911;33.1244;9.74583;3877.44;5.86003;0;0;0.1;0.01;0;5.96587;0;0;-1
0;806;-34.4744;-33.0313;33.0298;10.2533;4515.23;6.16516;0;0;0.1;0.01;0;6.52138;0;0;-1
0;807;-35.1755;-16.278;32.7121;8.8572;2910.57;5.32571;0;0;0.1;0.01;0;4.12835;0;0;-1
0;808;-35.3388;2.98165;32.2967;8.80953;2863.83;5.29704;0;0;0.1;0.01;0;4.53295;0;0;-1
0;809;-38.3032;17.6724;32.7563;8.96634;3019.49;5.39133;0;0;0.1;0.01;0;4.90032;0;0;-1
0;810;-36.979;37.9443;31.6578;9.65063;3764.92;5.80278;0;0;0.1;0.01;0;6.08282;0;0;-1
0;811;-36.8431;52.4709;32.4175;8.9865;3039.91;5.40345;0;0;0.1;0.01;0;5.22265;0;0;-1
0;812;-37.9035;69.1946;32.1227;8.5;2572.44;5.11093;0;0;0.1;0.01;0;3.35612;1;0;-1
0;813;-20.965;-91.0235;34.0211;9.86408;4020.3;5.93113;0;0;0.1;0.01;0;3.76664;0;0;-1
0;814;-22.9255;-74.3008;32.2354;8.5;2572.44;5.11093;0;0;0.1;0.01;0;5.1196;1;0;-1
0;815;-22.8361;-57.054;34.4182;8.61747;2680.57;5.18156;0;0;0.1;0.01;0;4.58379;0;0;-1
0;816;-21.8601;-42.7414;31.8902;8.61331;2676.69;5.17906;0;0;0.1;0.01;0;5.68034;0;0;-1
0;817;-20.4311;-21.662;31.3767;8.5;2572.44;5.11093;0;0;0.1;0.01;0;3.95917;1;0;-1
0;818;-20.9566;-4.75391;34.0491;9.37895;3455.82;5.63943;0;0;0.1;0.01;0;5.90059;0;0;-1
0;819;-21.7874;11.1922;31.6498;8.93559;2988.53;5.37284;0;0;0.1;0.01;0;5.87676;0;0;-1
0;820;-22.9975;29.3705;33.7803;9.49202;3582.32;5.70741;0;0;0.1;0.01;0;5.5539;0;0;-1
0;821;-20.7385;44.2974;33.8126;9.19925;3260.96;5.53138;0;0;0.1;0.01;0;6.29453;0;0;-1
0;822;-20.4324;59.6985;30.9783;8.65751;2718.11;5.20564;0;0;0.1;0.01;0;5.12007;0;0;-1
0;823;-21.7695;76.7162;32.6773;10.0526;4255.24;6.04448;0;0;0.1;0.01;0;4.73813;0;0;-1
0;824;-6.81745;-81.4845;33.0079;10.2345;4490.44;6.15386;0;0;0.1;0.01;0;5.73659;0;0;-1
0;825;-7.57965;-65.8522;32.0426;9.11861;3175.96;5.48289;0;0;0.1;0.01;0;4.85316;0;0;-1
0;826;-8.80831;-46.9409;30.7926;9.1191;3176.47;5.48318;0;0;0.1;0.01;0;5.15133;0;0;-1
0;827;-5.4618;-32.6293;31.1678;8.5;2572.44;5.11093;0;0;0.1;0.01;0;4.74242;1;0;-1
0;828;-8.84214;-13.1753;31.5906;10.4144;4731.42;6.26203;0;0;0.1;0.01;0;6.59142;0;0;-1
0;829;-7.46506;3.47675;31.9487;9.30981;3379.96;5.59785;0;0;0.1;0.01;0;6.08632;0;0;-1
0;830;-6.85427;21;33.6357;10.0649;4270.88;6.05188;0;0;0.1;0.01;0;5.6757;0;0;-1
0;831;-7.48159;37.7972;34.0843;9.13604;3194.2;5.49337;0;0;0.1;0.01;0;6.14263;0;0;-1
0;832;-5.84906;51.7236;33.693;8.5;2572.44;5.11093;0;0;0.1;0.01;0;5.49296;1;0;-1
0;833;-7.20119;69.7813;32.397;8.73803;2794.66;5.25405;0;0;0.1;0.01;0;4.35095;0;0;-1
0;834;-6.77914;88.6482;31.1322;8.56897;2635.57;5.1524;0;0;0.1;0.01;0;2.16912;0;0;-1
0;835;8.24766;-89.4383;34.6674;8.757;2812.9;5.26546;0;0;0.1;0.01;0;3.18241;0;0;-1
0;836;7.70532;-74.4745;32.4983;10.4534;4784.77;6.28548;0;0;0.1;0.01;0;7.03306;0;0;-1
0;837;6.34193;-58.9459;31.818;8.79873;2853.31;5.29055;0;0;0.1;0.01;0;5.10217;0;0;-1
0;838;8.48885;-42.9175;33.2015;10.0561;4259.68;6.04659;0;0;0.1;0.01;0;6.75121;0;0;-1
0;839;6.86314;-23.8834;32.757;8.90408;2957.03;5.35389;0;0;0.1;0.01;0;4.87906;0;0;-1
0;840;7.21164;-6.0436;33.7222;9.87605;4034.95;5.93833;0;0;0.1;0.01;0;6.05294;0;0;-1
0;841;5.64927;8.79073;34.3843;9.10205;3158.68;5.47293;0;0;0.1;0.01;0;4.74216;0;0;-1
0;842;8.3416;27.82;31.041;9.25309;3318.55;5.56375;0;0;0.1;0.01;0;5.15994;0;0;-1
0;843;6.79269;42.8902;30.5893;10.1876;4428.99;6.12566;0;0;0.1;0.01;0;6.42091;0;0;-1
0;844;8.63733;61.5749;30.8992;8.68436;2743.48;5.22178;0;0;0.1;0.01;0;4.75754;0;0;-1
0;845;9.12097;78.9348;31.9032;9.46328;3549.88;5.69013;0;0;0.1;0.01;0;4.70651;0;0;-1
0;846;23.1452;-82.6671;33.8569;9.93443;4106.93;5.97343;0;0;0.1;0.01;0;4.76571;0;0;-1
0;847;22.6496;-67.9647;33.0098;9.85623;4010.71;5.92641;0;0;0.1;0.01;0;5.40257;0;0;-1
0;848;23.8699;-47.7358;33.3822;8.90151;2954.47;5.35235;0;0;0.1;0.01;0;5.89633;0;0;-1
0;849;21.1355;-32.2881;32.4729;10.1635;4397.63;6.11117;0;0;0.1;0.01;0;7.03857;0;0;-1
0;850;22.1141;-14.0032;32.2114;10.1553;4386.99;6.10623;0;0;0.1;0.01;0;6.79645;0;0;-1
0;851;22.3352;0.478578;30.9378;8.92445;2977.37;5.36614;0;0;0.1;0.01;0;5.12652;0;0;-1
0;852;23.0091;19.3373;30.4835;9.06881;3124.2;5.45294;0;0;0.1;0.01;0;4.82246;0;0;-1
0;853;22.11;37.559;33.9832;9.3486;3422.38;5.62118;0;0;0.1;0.01;0;5.7375;0;0;-1
0;854;23.7936;51.3876;32.5732;9.90615;4071.96;5.95642;0;0;0.1;0.01;0;6.8148;0;0;-1
0;855;22.3285;68.7604;30.9999;8.75237;2808.44;5.26267;0;0;0.1;0.01;0;5.90537;0;0;-1
0;856;20.8534;89.3912;34.2255;9.34689;3420.5;5.62015;0;0;0.1;0.01;0;1.60169;0;0;-1
0;857;35.7847;-74.7231;32.7954;8.5;2572.44;5.11093;0;0;0.1;0.01;0;3.42794;1;0;-1
0;858;37.1902;-55.0867;32.841;9.55435;3653.36;5.74489;0;0;0.1;0.01;0;5.76312;0;0;-1
0;859;35.5728;-38.4138;30.8936;8.5;2572.44;5.11093;0;0;0.1;0.01;0;5.30902;1;0;-1
0;860;37.4977;-21.9777;32.1863;8.5;2572.44;5.11093;0;0;0.1;0.01;0;4.75343;1;0;-1
0;861;35.8979;-4.81446;33.206;9.17157;3231.62;5.51473;0;0;0.1;0.01;0;5.72537;0;0;-1
0;862;38.7426;9.35517;32.4889;8.59517;2659.82;5.16815;0;0;0.1;0.01;0;4.91323;0;0;-1
0;863;38.1033;25.5616;32.9993;9.81869;3965.06;5.90384;0;0;0.1;0.01;0;5.59203;0;0;-1
0;864;38.3485;43.1649;33.0907;9.76301;3897.98;5.87036;0;0;0.1;0.01;0;6.0198;0;0;-1
0;865;35.378;61.8626;33.7061;9.76121;3895.83;5.86927;0;0;0.1;0.01;0;6.62662;0;0;-1
0;866;36.8559;77.2508;32.1615;10.0224;4217;6.02632;0;0;0.1;0.01;0;5.23722;0;0;-1
0;867;52.8259;-64.6636;31.9343;9.06145;3116.6;5.44852;0;0;0.1;0.01;0;3.97471;0;0;-1
0;868;53.1668;-49.3365;32.1283;9.43641;3519.73;5.67398;0;0;0.1;0.01;0;5.65802;0;0;-1
0;869;52.0703;-33.3839;32.4033;9.52844;3623.71;5.72931;0;0;0.1;0.01;0;6.14033;0;0;-1
0;870;51.5454;-17.3166;31.5957;9.93219;4104.15;5.97208;0;0;0.1;0.01;0;6.31952;0;0;-1
0;871;53.2111;0.914617;33.8718;10.0205;4214.6;6.02518;0;0;0.1;0.01;0;6.86791;0;0;-1
0;872;52.4625;17.8237;33.3835;8.9672;3020.36;5.39185;0;0;0.1;0.01;0;6.0173;0;0;-1
0;873;53.4742;38.1475;32.2389;8.9671;3020.26;5.39179;0;0;0.1;0.01;0;6.03616;0;0;-1
0;874;53.2656;53.1807;33.3221;9.60563;3712.5;5.77573;0;0;0.1;0.01;0;6.96878;0;0;-1
0;875;51.4241;68.3304;32.4195;9.14929;3208.12;5.50134;0;0;0.1;0.01;0;4.86951;0;0;-1
0;876;67.2569;-58.0689;32.4281;8.83388;2887.64;5.31168;0;0;0.1;0.01;0;3.29242;0;0;-1
0;877;67.6927;-38.6029;31.5553;9.31078;3381.01;5.59844;0;0;0.1;0.01;0;5.34575;0;0;-1
0;878;66.3899;-21.8161;31.9643;9.12977;3187.63;5.4896;0;0;0.1;0.01;0;5.2717;0;0;-1
0;879;66.9412;-4.77011;32.6272;9.85842;4013.38;5.92772;0;0;0.1;0.01;0;5.72549;0;0;-1
0;880;67.2103;10.3567;32.9712;8.94914;3002.15;5.38099;0;0;0.1;0.01;0;6.5514;0;0;-1
0;881;66.2094;28.0109;33.7865;8.61621;2679.4;5.1808;0;0;0.1;0.01;0;5.8207;0;0;-1
0;882;67.3154;45.6459;31.0861;9.11558;3172.79;5.48107;0;0;0.1;0.01;0;6.4657;0;0;-1
0;883;67.0145;59.5021;32.0791;9.87652;4035.53;5.93861;0;0;0.1;0.01;0;4.75484;0;0;-1
0;884;79.9411;-30.2569;33.8314;9.91075;4077.63;5.95919;0;0;0.1;0.01;0;4.39808;0;0;-1
0;885;80.1753;-15.9663;30.7187;8.8039;2858.34;5.29366;0;0;0.1;0.01;0;4.50589;0;0;-1
0;886;79.6559;3.68741;33.5508;10.0827;4293.58;6.06258;0;0;0.1;0.01;0;4.94843;0;0;-1
0;887;80.7126;19.6999;34.1944;8.73611;2792.82;5.2529;0;0;0.1;0.01;0;3.84874;0;0;-1
0;888;80.543;33.6377;31.9251;8.98096;3034.29;5.40012;0;0;0.1;0.01;0;4.25636;0;0;-1
0;889;-86.3537;-6.44472;47.237;9.7781;3916.08;5.87943;0;0;0.1;0.01;0;3.24449;0;0;-1
0;890;-85.6619;9.85706;47.7961;10.4049;4718.48;6.25632;0;0;0.1;0.01;0;3.0229;0;0;-1
0;891;-69.0186;-49.9819;48.7945;10.4318;4755.17;6.27249;0;0;0.1;0.01;0;2.881;0;0;-1
0;892;-69.3943;-33.749;47.9863;8.5;2572.44;5.11093;0;0;0.1;0.01;0;4.09371;1;0;-1
0;893;-69.3656;-13.3641;47.6966;9.91875;4087.52;5.964;0;0;0.1;0.01;0;5.72483;0;0;-1
0;894;-71.5178;0.840162;46.7786;8.91111;2964.04;5.35812;0;0;0.1;0.01;0;5.62323;0;0;-1
0;895;-68.5685;18.037;47.0525;8.75571;2811.66;5.26468;0;0;0.1;0.01;0;3.93504;0;0;-1
0;896;-70.5786;36.4574;49.3655;9.25688;3322.63;5.56603;0;0;0.1;0.01;0;1.7241;0;0;-1
0;897;-56.6383;-59.6061;46.1499;8.92538;2978.3;5.3667;0;0;0.1;0.01;0;4.10156;0;0;-1
0;898;-57.0595;-39.1317;47.6089;9.30218;3371.65;5.59327;0;0;0.1;0.01;0;5.77851;0;0;-1
0;899;-57.0488;-23.2639;47.261;8.5;2572.44;5.11093;0;0;0.1;0.01;0;5.45279;1;0;-1
0;900;-56.8235;-6.91208;48.8086;9.56046;3660.37;5.74857;0;0;0.1;0.01;0;5.90489;0;0;-1
0;901;-54.598;12.7556;45.9839;8.6949;2753.48;5.22812;0;0;0.1;0.01;0;4.42063;0;0;-1
0;902;-57.7005;29.741;45.9804;8.5;2572.44;5.11093;0;0;0.1;0.01;0;4.65998;1;0;-1
0;903;-56.3039;45.9421;47.031;8.5;2572.44;5.11093;0;0;0.1;0.01;0;4.45992;1;0;-1
0;904;-54.441;61.3007;46.4166;8.73256;2789.42;5.25076;0;0;0.1;0.01;0;3.49979;0;0;-1
0;905;-40.6516;-64.3882;45.8831;8.77308;2828.43;5.27513;0;0;0.1;0.01;0;3.6633;0;0;-1
0;906;-40.406;-50.5794;48.2071;9.14813;3206.9;5.50064;0;0;0.1;0.01;0;5.15856;0;0;-1
0;907;-43.2001;-30.0724;46.0956;10.1709;4407.24;6.11561;0;0;0.1;0.01;0;6.05308;0;0;-1
0;908;-41.5066;-14.296;49.0835;8.5;2572.44;5.11093;0;0;0.1;0.01;0;4.98751;1;0;-1
0;909;-41.6391;0.76878;49.2651;8.65928;2719.78;5.2067;0;0;0.1;0.01;0;4.59932;0;0;-1
0;910;-42.0991;16.7767;48.2719;10.2808;4551.66;6.1817;0;0;0.1;0.01;0;5.92284;0;0;-1
0;911;-42.3263;35.8777;45.2281;8.59133;2656.26;5.16584;0;0;0.1;0.01;0;4.95002;0;0;-1
0;912;-41.2231;53.2383;48.9026;10.1348;4360.48;6.09391;0;0;0.1;0.01;0;6.53609;0;0;-1
0;913;-42.486;69.7194;48.0996;9.85071;4003.97;5.92309;0;0;0.1;0.01;0;4.23775;0;0;-1
0;914;-27.828;-76.743;46.7358;9.0812;3137.03;5.46039;0;0;0.1;0.01;0;2.96392;0;0;-1
0;915;-26.1706;-55.5059;48.3189;8.59395;2658.69;5.16742;0;0;0.1;0.01;0;5.99482;0;0;-1
0;916;-27.6847;-41.4916;46.5275;9.63897;3751.29;5.79577;0;0;0.1;0.01;0;7.57572;0;0;-1
0;917;-28.0306;-24.2558;49.4393;8.5;2572.44;5.11093;0;0;0.1;0.01;0;4.803;1;0;-1
0;918;-25.6995;-8.79481;47.3237;8.5;2572.44;5.11093;0;0;0.1;0.01;0;4.63753;1;0;-1
0;919;-26.6749;12.0283;46.5411;9.92574;4096.16;5.9682;0;0;0.1;0.01;0;5.77869;0;0;-1
0;920;-26.9592;29.5838;48.5537;10.2075;4454.99;6.13762;0;0;0.1;0.01;0;7.06339;0;0;-1
0;921;-26.3519;45.1534;48.8412;9.22863;3292.31;5.54904;0;0;0.1;0.01;0;6.1176;0;0;-1
0;922;-25.8929;60.881;46.5211;10.3198;4603.65;6.20515;0;0;0.1;0.01;0;6.87304;0;0;-1
0;923;-25.571;79.3352;48.4989;9.1597;3219.08;5.50759;0;0;0.1;0.01;0;3.17667;0;0;-1
0;924;-12.3611;-80.79;46.0134;8.874;2927.16;5.33581;0;0;0.1;0.01;0;3.07162;0;0;-1
0;925;-11.8869;-64.6877;47.9595;8.62741;2689.86;5.18754;0;0;0.1;0.01;0;4.45594;0;0;-1
0;926;-13.493;-47.9739;46.5711;10.3686;4669.27;6.23449;0;0;0.1;0.01;0;7.51971;0;0;-1
0;927;-12.6935;-33.5689;49.1081;10.005;4195.08;6.01586;0;0;0.1;0.01;0;5.88081;0;0;-1
0;928;-11.4148;-13.883;48.6907;9.93402;4106.42;5.97318;0;0;0.1;0.01;0;6.77275;0;0;-1
0;929;-11.0368;0.265475;46.1078;9.49154;3581.78;5.70713;0;0;0.1;0.01;0;6.65221;0;0;-1
0;930;-13.1782;19.5082;47.8654;10.0132;4205.4;6.02079;0;0;0.1;0.01;0;6.25826;0;0;-1
0;931;-11.2565;37.096;49.0563;8.84922;2902.71;5.32091;0;0;0.1;0.01;0;6.45068;0;0;-1
0;932;-12.2025;52.5441;48.7838;9.02879;3083.03;5.42888;0;0;0.1;0.01;0;7.20931;0;0;-1
0;933;-11.7509;69.7933;48.0797;10.1432;4371.33;6.09896;0;0;0.1;0.01;0;5.86757;0;0;-1
0;934;-12.8171;86.6174;47.9926;8.5;2572.44;5.11093;0;0;0.1;0.01;0;1.66624;1;0;-1
0;935;2.05861;-73.1422;45.8821;8.5;2572.44;5.11093;0;0;0.1;0.01;0;4.91169;1;0;-1
0;936;1.61136;-59.4392;46.6232;8.99434;3047.87;5.40817;0;0;0.1;0.01;0;5.60851;0;0;-1
0;937;2.35635;-42.2792;46.9612;9.40872;3488.83;5.65733;0;0;0.1;0.01;0;5.65075;0;0;-1
0;938;1.44664;-22.4065;48.5027;9.3869;3464.62;5.64421;0;0;0.1;0.01;0;5.82085;0;0;-1
0;939;4.30704;-5.38725;49.0436;9.50215;3593.8;5.7135;0;0;0.1;0.01;0;6.81374;0;0;-1
0;940;3.22281;8.864;49.2398;9.40384;3483.41;5.65439;0;0;0.1;0.01;0;5.80871;0;0;-1
0;941;1.8217;29.6366;47.3236;8.5;2572.44;5.11093;0;0;0.1;0.01;0;5.04936;1;0;-1
0;942;1.08401;45.5458;47.5985;8.53776;2606.88;5.13363;0;0;0.1;0.01;0;6.17221;0;0;-1
0;943;1.48672;60.6203;45.6686;9.03964;3094.15;5.4354;0;0;0.1;0.01;0;5.43707;0;0;-1
0;944;4.93351;79.7268;48.6581;10.1102;4328.8;6.07912;0;0;0.1;0.01;0;3.00557;0;0;-1
0;945;18.9289;-84.4727;48.8945;8.82496;2878.9;5.30632;0;0;0.1;0.01;0;1.95524;0;0;-1
0;946;18.2805;-65.9324;46.7115;9.13393;3191.99;5.4921;0;0;0.1;0.01;0;4.69368;0;0;-1
0;947;16.9293;-49.4135;46.2832;8.5;2572.44;5.11093;0;0;0.1;0.01;0;4.61391;1;0;-1
0;948;19.3922;-34.4019;45.9318;10.2763;4545.68;6.17899;0;0;0.1;0.01;0;6.56782;0;0;-1
0;949;16.1473;-14.8558;48.4578;9.22523;3288.67;5.547;0;0;0.1;0.01;0;6.34216;0;0;-1
0;950;18.7787;1.80341;48.5177;8.50641;2578.26;5.11478;0;0;0.1;0.01;0;5.65837;0;0;-1
0;951;17.3904;17.4893;46.7728;9.55479;3653.86;5.74516;0;0;0.1;0.01;0;5.23477;0;0;-1
0;952;16.0233;36.3962;49.0143;8.5;2572.44;5.11093;0;0;0.1;0.01;0;4.95171;1;0;-1
0;953;19.2422;50.8501;45.5648;9.03341;3087.76;5.43166;0;0;0.1;0.01;0;5.11119;0;0;-1
0;954;17.4148;71.0996;46.7907;9.52319;3617.73;5.72616;0;0;0.1;0.01;0;4.54303;0;0;-1
0;955;33.2066;-74.274;48.7875;8.9766;3029.87;5.3975;0;0;0.1;0.01;0;3.24585;0;0;-1
0;956;33.1105;-57.1337;47.829;9.60965;3717.16;5.77814;0;0;0.1;0.01;0;6.04785;0;0;-1
0;957;33.4766;-39.2142;45.8179;9.85133;4004.73;5.92346;0;0;0.1;0.01;0;6.54168;0;0;-1
0;958;30.797;-22.5128;46.1753;9.98303;4167.5;6.00265;0;0;0.1;0.01;0;6.38841;0;0;-1
0;959;31.9823;-5.04097;47.7712;9.48791;3577.67;5.70494;0;0;0.1;0.01;0;5.83385;0;0;-1
0;960;33.2563;12.0664;47.6443;9.44032;3524.1;5.67633;0;0;0.1;0.01;0;5.48047;0;0;-1
0;961;30.6844;25.7827;46.9829;9.75134;3884.02;5.86334;0;0;0.1;0.01;0;6.52845;0;0;-1
0;962;32.7064;43.2089;48.5163;8.95476;3007.81;5.38437;0;0;0.1;0.01;0;6.11664;0;0;-1
0;963;31.8851;59.3294;48.6129;9.99243;4179.28;6.0083;0;0;0.1;0.01;0;6.93182;0;0;-1
0;964;30.9357;76.2487;47.6992;9.44588;3530.33;5.67967;0;0;0.1;0.01;0;4.1265;0;0;-1
0;965;45.9651;-63.7036;46.5685;8.50235;2574.57;5.11234;0;0;0.1;0.01;0;3.30934;0;0;-1
0;966;46.1756;-47.4737;47.5705;10.2055;4452.37;6.13642;0;0;0.1;0.01;0;6.42992;0;0;-1
0;967;47.6491;-31.4641;46.2944;8.5;2572.44;5.11093;0;0;0.1;0.01;0;5.04333;1;0;-1
0;968;45.2277;-13.9409;49.0301;9.26855;3335.22;5.57304;0;0;0.1;0.01;0;5.88877;0;0;-1
0;969;45.9009;-0.220092;45.3746;8.5;2572.44;5.11093;0;0;0.1;0.01;0;5.34641;1;0;-1
0;970;47.7145;20.7833;46.8834;10.0206;4214.73;6.02524;0;0;0.1;0.01;0;7.16707;0;0;-1
0;971;45.3041;36.622;48.5874;9.44979;3534.72;5.68202;0;0;0.1;0.01;0;6.80026;0;0;-1
0;972;46.4722;54.7689;49.1029;9.69619;3818.49;5.83018;0;0;0.1;0.01;0;5.88061;0;0;-1
0;973;45.6648;72.0094;48.4209;9.86394;4020.13;5.93104;0;0;0.1;0.01;0;3.34206;0;0;-1
0;974;63.7015;-58.77;46.4785;8.74716;2803.43;5.25954;0;0;0.1;0.01;0;2.38313;0;0;-1
0;975;62.0093;-42.378;47.6489;9.36522;3440.67;5.63117;0;0;0.1;0.01;0;5.04952;0;0;-1
0;976;59.8936;-24.0736;48.5263;8.5;2572.44;5.11093;0;0;0.1;0.01;0;4.8596;1;0;-1
0;977;63.6041;-8.69872;46.8162;10.1425;4370.42;6.09854;0;0;0.1;0.01;0;6.67319;0;0;-1
0;978;60.6628;8.13422;47.1462;9.86993;4027.46;5.93465;0;0;0.1;0.01;0;6.38235;0;0;-1
0;979;61.5227;26.8111;46.1118;9.90075;4065.3;5.95318;0;0;0.1;0.01;0;6.42575;0;0;-1
0;980;60.1717;43.6459;46.044;10.1384;4365.13;6.09607;0;0;0.1;0.01;0;6.24445;0;0;-1
0;981;61.1709;61.0015;46.9962;9.12844;3186.24;5.4888;0;0;0.1;0.01;0;3.75988;0;0;-1
0;982;77.2997;-30.3711;48.6436;8.61289;2676.3;5.17881;0;0;0.1;0.01;0;2.62194;0;0;-1
0;983;77.1291;-17.1001;47.7332;8.5;2572.44;5.11093;0;0;0.1;0.01;0;3.16225;1;0;-1
0;984;75.5683;1.82995;46.5466;9.84126;3992.46;5.91741;0;0;0.1;0.01;0;5.04628;0;0;-1
0;985;78.6935;17.3388;48.8006;10.0526;4255.24;6.04448;0;0;0.1;0.01;0;4.1838;0;0;-1
0;986;75.2828;34.6955;45.9221;10.2898;4563.62;6.18711;0;0;0.1;0.01;0;4.40697;0;0;-1
0;987;-65.6105;-30.2892;62.26;8.57744;2643.39;5.15749;0;0;0.1;0.01;0;3.43997;0;0;-1
0;988;-66.5745;-15.4231;63.5519;8.87947;2932.58;5.3391;0;0;0.1;0.01;0;3.54197;0;0;-1
0;989;-66.6879;0.546505;61.3342;8.52153;2592.04;5.12387;0;0;0.1;0.01;0;3.48148;0;0;-1
0;990;-66.1524;19.512;63.932;9.60852;3715.85;5.77746;0;0;0.1;0.01;0;3.35511;0;0;-1
0;991;-51.8174;-58.4788;60.4488;9.06277;3117.97;5.44931;0;0;0.1;0.01;0;2.13845;0;0;-1
0;992;-51.4177;-38.7574;63.6244;10.4312;4754.35;6.27213;0;0;0.1;0.01;0;5.19879;0;0;-1
0;993;-50.7487;-24.4992;63.3023;8.99047;3043.94;5.40584;0;0;0.1;0.01;0;6.41387;0;0;-1
0;994;-52.7045;-8.79217;61.339;8.75928;2815.1;5.26683;0;0;0.1;0.01;0;4.57521;0;0;-1
0;995;-53.4862;10.3283;61.6447;10.3467;4639.75;6.22132;0;0;0.1;0.01;0;5.60418;0;0;-1
0;996;-53.0233;27.1235;62.106;8.5119;2583.26;5.11808;0;0;0.1;0.01;0;4.04232;0;0;-1
0;997;-51.7504;46.5235;61.8007;9.49673;3587.66;5.71025;0;0;0.1;0.01;0;3.02896;0;0;-1
0;998;-36.3716;-47.5585;60.5191;9.31429;3384.84;5.60055;0;0;0.1;0.01;0;6.18509;0;0;-1
0;999;-36.9185;-33.1686;64.1682;8.56914;2635.73;5.1525;0;0;0.1;0.01;0;5.89068;0;0;-1
0;1000;-35.4744;-15.6538;62.6763;9.77893;3917.08;5.87993;0;0;0.1;0.01;0;6.62047;0;0;-1
0;1001;-36.164;1.454;63.9614;8.73934;2795.92;5.25484;0;0;0.1;0.01;0;4.87561;0;0;-1
0;1002;-35.0671;19.5869;62.2226;8.80965;2863.94;5.29711;0;0;0.1;0.01;0;5.88785;0;0;-1
0;1003;-35.2279;37.0916;60.6589;9.96828;4149.06;5.99378;0;0;0.1;0.01;0;6.29331;0;0;-1
0;1004;-38.3069;52.2622;63.8385;9.47991;3568.63;5.70013;0;0;0.1;0.01;0;3.94476;0;0;-1
0;1005;-38.3139;67.9569;60.6974;9.61487;3723.22;5.78128;0;0;0.1;0.01;0;3.18449;0;0;-1
0;1006;-21.3188;-73.2348;63.7658;8.5;2572.44;5.11093;0;0;0.1;0.01;0;1.7126;1;0;-1
0;1007;-23.292;-57.028;62.2432;10.4;4711.82;6.25337;0;0;0.1;0.01;0;6.18633;0;0;-1
0;1008;-22.2414;-40.8613;61.3915;10.2717;4539.58;6.17622;0;0;0.1;0.01;0;8.02912;0;0;-1
0;1009;-21.3032;-22.7338;63.6563;8.53442;2603.82;5.13162;0;0;0.1;0.01;0;6.24324;0;0;-1
0;1010;-21.9751;-5.56972;62.1248;10.3597;4657.26;6.22914;0;0;0.1;0.01;0;6.43796;0;0;-1
0;1011;-22.12;10.5201;60.8525;8.5;2572.44;5.11093;0;0;0.1;0.01;0;3.63303;1;0;-1
0;1012;-23.7867;26.8124;63.5241;9.01866;3072.66;5.42279;0;0;0.1;0.01;0;4.69215;0;0;-1
0;1013;-22.4055;44.4747;62.8082;9.87176;4029.7;5.93575;0;0;0.1;0.01;0;6.77165;0;0;-1
0;1014;-21.8298;59.7035;60.1761;8.81698;2871.1;5.30152;0;0;0.1;0.01;0;5.43699;0;0;-1
0;1015;-7.87182;-67.6921;60.3479;8.52518;2595.37;5.12607;0;0;0.1;0.01;0;3.89069;0;0;-1
0;1016;-7.86827;-47.7053;63.1303;10.2311;4485.96;6.15181;0;0;0.1;0.01;0;6.71321;0;0;-1
0;1017;-5.56419;-29.888;63.3984;9.05885;3113.92;5.44696;0;0;0.1;0.01;0;6.57444;0;0;-1
0;1018;-6.85228;-15.3363;60.9649;8.54701;2615.36;5.13919;0;0;0.1;0.01;0;6.62489;0;0;-1
0;1019;-8.78572;0.619271;60.7715;8.5;2572.44;5.11093;0;0;0.1;0.01;0;4.71334;1;0;-1
0;1020;-6.95536;20.8292;60.3921;8.92528;2978.2;5.36664;0;0;0.1;0.01;0;4.61517;0;0;-1
0;1021;-8.8311;36.0107;63.5777;9.68264;3802.51;5.82203;0;0;0.1;0.01;0;7.04828;0;0;-1
0;1022;-6.47379;52.1426;61.0316;9.64341;3756.48;5.79844;0;0;0.1;0.01;0;7.58152;0;0;-1
0;1023;-7.43259;67.6678;60.8746;10.3052;4584.14;6.19637;0;0;0.1;0.01;0;4.93647;0;0;-1
0;1024;5.31428;-73.7712;61.9531;8.5;2572.44;5.11093;0;0;0.1;0.01;0;2.23761;1;0;-1
0;1025;6.87268;-57.4078;62.3019;10.176;4413.87;6.11868;0;0;0.1;0.01;0;5.817;0;0;-1
0;1026;7.74353;-39.3516;61.0372;8.5;2572.44;5.11093;0;0;0.1;0.01;0;4.5544;1;0;-1
0;1027;6.38102;-22.691;62.3438;9.92312;4092.92;5.96663;0;0;0.1;0.01;0;6.71189;0;0;-1
0;1028;9.17397;-6.3768;62.4695;10.2402;4497.94;6.15728;0;0;0.1;0.01;0;6.85745;0;0;-1
0;1029;8.78541;12.198;62.2407;8.66534;2725.5;5.21034;0;0;0.1;0.01;0;4.78873;0;0;-1
0;1030;7.91774;26.3216;63.41;8.5;2572.44;5.11093;0;0;0.1;0.01;0;5.49425;1;0;-1
0;1031;7.42306;42.0729;60.084;10.2988;4575.6;6.19252;0;0;0.1;0.01;0;6.63333;0;0;-1
0;1032;6.6393;63.0849;63.2889;9.3194;3390.41;5.60362;0;0;0.1;0.01;0;4.62233;0;0;-1
0;1033;21.3019;-63.8671;60.9609;8.5;2572.44;5.11093;0;0;0.1;0.01;0;3.70066;1;0;-1
0;1034;23.2566;-50.2965;61.948;8.5;2572.44;5.11093;0;0;0.1;0.01;0;4.43457;1;0;-1
0;1035;20.9369;-32.3613;61.0339;8.5;2572.44;5.11093;0;0;0.1;0.01;0;3.83301;1;0;-1
0;1036;24.2146;-12.6717;60.3656;8.5;2572.44;5.11093;0;0;0.1;0.01;0;5.40669;1;0;-1
0;1037;20.6123;2.9545;61.78;8.5;2572.44;5.11093;0;0;0.1;0.01;0;5.06468;1;0;-1
0;1038;23.0813;19.7958;63.7356;10.3275;4613.96;6.20978;0;0;0.1;0.01;0;7.34329;0;0;-1
0;1039;21.9261;37.8422;63.1535;8.70203;2760.26;5.2324;0;0;0.1;0.01;0;5.68694;0;0;-1
0;1040;21.58;53.1578;60.4227;8.5;2572.44;5.11093;0;0;0.1;0.01;0;5.29682;1;0;-1
0;1041;22.1313;69.1074;61.3943;9.0674;3122.75;5.4521;0;0;0.1;0.01;0;3.39056;0;0;-1
0;1042;34.6686;-59.7296;63.5342;8.5;2572.44;5.11093;0;0;0.1;0.01;0;2.1744;1;0;-1
0;1043;36.1549;-39.3419;62.5757;9.23923;3303.66;5.55541;0;0;0.1;0.01;0;4.51119;0;0;-1
0;1044;38.1841;-22.8129;61.8963;8.81792;2872.02;5.30209;0;0;0.1;0.01;0;4.89521;0;0;-1
0;1045;35.7966;-5.06139;62.6105;8.95321;3006.25;5.38344;0;0;0.1;0.01;0;4.80449;0;0;-1
0;1046;38.2684;12.2867;61.38;9.45337;3538.74;5.68417;0;0;0.1;0.01;0;5.64967;0;0;-1
0;1047;37.9538;26.2081;60.2509;8.5;2572.44;5.11093;0;0;0.1;0.01;0;6.73321;1;0;-1
0;1048;35.5191;43.3631;63.5202;9.23679;3301.05;5.55395;0;0;0.1;0.01;0;5.62806;0;0;-1
0;1049;38.6626;60.4734;63.3819;9.72555;3853.28;5.84783;0;0;0.1;0.01;0;3.94662;0;0;-1
0;1050;53.4574;-48.7333;61.7435;9.52246;3616.9;5.72572;0;0;0.1;0.01;0;3.22385;0;0;-1
0;1051;50.3667;-33.393;60.8829;8.5;2572.44;5.11093;0;0;0.1;0.01;0;4.87636;1;0;-1
0;1052;51.0261;-15.2809;62.1415;9.58171;3684.83;5.76134;0;0;0.1;0.01;0;5.69851;0;0;-1
0;1053;50.0315;0.795716;62.7022;8.5;2572.44;5.11093;0;0;0.1;0.01;0;4.1294;1;0;-1
0;1054;50.55;20.6973;60.9308;8.5;2572.44;5.11093;0;0;0.1;0.01;0;5.72245;1;0;-1
0;1055;50.8718;34.807;61.8162;9.8158;3961.56;5.9021;0;0;0.1;0.01;0;6.01723;0;0;-1
0;1056;53.6987;53.0088;62.736;10.1404;4367.71;6.09728;0;0;0.1;0.01;0;3.14164;0;0;-1
0;1057;67.0756;-40.8593;60.8977;10.4293;4751.76;6.27099;0;0;0.1;0.01;0;2.85263;0;0;-1
0;1058;64.4585;-21.5195;62.1405;8.5;2572.44;5.11093;0;0;0.1;0.01;0;2.95868;1;0;-1
0;1059;64.4386;-5.43758;61.8702;8.5;2572.44;5.11093;0;0;0.1;0.01;0;4.07998;1;0;-1
0;1060;66.771;9.19825;60.6555;9.7064;3830.57;5.83632;0;0;0.1;0.01;0;3.28553;0;0;-1
0;1061;65.1742;25.0335;60.1666;8.80062;2855.15;5.29169;0;0;0.1;0.01;0;2.8186;0;0;-1
0;1062;-54.4206;-23.7677;75.9833;9.34551;3418.99;5.61932;0;0;0.1;0.01;0;3.60435;0;0;-1
0;1063;-56.5112;-4.70245;78.7085;8.5;2572.44;5.11093;0;0;0.1;0.01;0;1.66228;1;0;-1
0;1064;-54.9449;10.6819;76.2459;9.32397;3395.4;5.60637;0;0;0.1;0.01;0;3.90452;0;0;-1
0;1065;-56.4432;29.7239;75.0146;10.447;4775.99;6.28163;0;0;0.1;0.01;0;3.23426;0;0;-1
0;1066;-40.0304;-48.9634;77.0246;8.5;2572.44;5.11093;0;0;0.1;0.01;0;2.24618;1;0;-1
0;1067;-42.2518;-30.7977;77.7952;8.79456;2849.25;5.28804;0;0;0.1;0.01;0;4.74933;0;0;-1
0;1068;-40.4004;-15.9256;75.0971;9.98709;4172.59;6.00509;0;0;0.1;0.01;0;6.54664;0;0;-1
0;1069;-40.453;2.86846;77.9475;9.51488;3608.27;5.72116;0;0;0.1;0.01;0;5.72966;0;0;-1
0;1070;-41.6317;17.7783;74.6436;8.54694;2615.29;5.13915;0;0;0.1;0.01;0;5.54929;0;0;-1
0;1071;-39.3202;33.6784;76.4781;9.87209;4030.1;5.93594;0;0;0.1;0.01;0;4.14207;0;0;-1
0;1072;-24.392;-55.1622;76.94;9.73996;3870.44;5.8565;0;0;0.1;0.01;0;3.4676;0;0;-1
0;1073;-26.2746;-40.8464;74.9511;9.02504;3079.19;5.42663;0;0;0.1;0.01;0;5.50426;0;0;-1
0;1074;-27.4683;-23.1573;76.5334;10.0637;4269.35;6.05116;0;0;0.1;0.01;0;7.01428;0;0;-1
0;1075;-27.2474;-4.52183;77.8986;9.34698;3420.6;5.6202;0;0;0.1;0.01;0;6.54816;0;0;-1
0;1076;-24.9785;12.2911;77.0466;9.04555;3100.23;5.43896;0;0;0.1;0.01;0;5.77387;0;0;-1
0;1077;-25.787;26.5305;77.3037;9.31413;3384.66;5.60045;0;0;0.1;0.01;0;5.89722;0;0;-1
0;1078;-25.3426;43.7256;77.7666;9.28589;3353.97;5.58347;0;0;0.1;0.01;0;3.80658;0;0;-1
0;1079;-10.0677;-47.8127;76.4024;8.80812;2862.45;5.29619;0;0;0.1;0.01;0;4.92276;0;0;-1
0;1080;-12.4516;-31.143;76.418;10.2266;4480.05;6.14911;0;0;0.1;0.01;0;7.47897;0;0;-1
0;1081;-12.8022;-16.1744;74.6173;9.40462;3484.27;5.65486;0;0;0.1;0.01;0;7.35187;0;0;-1
0;1082;-13.5641;0.32943;78.4974;10.2202;4471.64;6.14526;0;0;0.1;0.01;0;6.59491;0;0;-1
0;1083;-11.4786;20.574;78.32;8.95194;3004.97;5.38267;0;0;0.1;0.01;0;5.81199;0;0;-1
0;1084;-10.8844;36.5076;76.7797;10.0821;4292.81;6.06222;0;0;0.1;0.01;0;7.27654;0;0;-1
0;1085;-11.9881;51.5967;76.3145;9.93362;4105.93;5.97294;0;0;0.1;0.01;0;4.78151;0;0;-1
0;1086;3.54366;-58.8488;76.6032;10.3992;4710.73;6.25289;0;0;0.1;0.01;0;3.37198;0;0;-1
0;1087;1.37991;-42.2293;78.4817;8.5;2572.44;5.11093;0;0;0.1;0.01;0;4.97679;1;0;-1
0;1088;4.76775;-23.2434;76.3326;10.0445;4244.96;6.03961;0;0;0.1;0.01;0;6.80803;0;0;-1
0;1089;1.29834;-7.59375;78.2473;9.92445;4094.57;5.96743;0;0;0.1;0.01;0;6.26802;0;0;-1
0;1090;3.27221;11.4155;77.6362;8.90179;2954.75;5.35252;0;0;0.1;0.01;0;4.54135;0;0;-1
0;1091;1.50677;27.3596;77.782;9.65841;3774.03;5.80746;0;0;0.1;0.01;0;7.24018;0;0;-1
0;1092;2.54034;42.4947;76.4655;10.3015;4579.2;6.19414;0;0;0.1;0.01;0;6.33703;0;0;-1
0;1093;4.04414;61.3723;76.5679;9.70352;3827.16;5.83459;0;0;0.1;0.01;0;3.29188;0;0;-1
0;1094;16.4731;-49.5975;74.9891;8.82222;2876.22;5.30467;0;0;0.1;0.01;0;3.51654;0;0;-1
0;1095;17.4659;-30.7377;77.8407;9.94785;4123.6;5.9815;0;0;0.1;0.01;0;6.04473;0;0;-1
0;1096;18.499;-13.1227;74.6067;9.11763;3174.93;5.4823;0;0;0.1;0.01;0;6.14039;0;0;-1
0;1097;16.7211;3.34124;76.3022;8.78297;2838;5.28107;0;0;0.1;0.01;0;5.25149;0;0;-1
0;1098;18.4108;20.1264;76.7539;8.5;2572.44;5.11093;0;0;0.1;0.01;0;5.81172;1;0;-1
0;1099;18.6026;33.9787;76.0134;10.0972;4312.13;6.0713;0;0;0.1;0.01;0;7.30646;0;0;-1
0;1100;18.5671;54.4302;76.1417;9.59276;3697.6;5.76799;0;0;0.1;0.01;0;3.6009;0;0;-1
0;1101;32.5489;-40.199;76.4275;10.1849;4425.47;6.12403;0;0;0.1;0.01;0;3.81401;0;0;-1
0;1102;31.2509;-22.9445;78.5521;10.1291;4353.13;6.09048;0;0;0.1;0.01;0;5.58343;0;0;-1
0;1103;31.1802;-5.98706;77.3409;8.5572;2624.72;5.14532;0;0;0.1;0.01;0;5.20115;0;0;-1
0;1104;32.3759;11.746;76.1721;9.07028;3125.72;5.45383;0;0;0.1;0.01;0;4.4647;0;0;-1
0;1105;34.5163;28.4092;76.6505;10.3011;4578.67;6.1939;0;0;0.1;0.01;0;5.87571;0;0;-1
0;1106;30.9551;46.4982;78.1616;10.3268;4613.03;6.20935;0;0;0.1;0.01;0;4.1682;0;0;-1
0;1107;49.0847;-30.3956;78.6685;9.26179;3327.92;5.56898;0;0;0.1;0.01;0;1.69019;0;0;-1
0;1108;45.4476;-13.8802;75.306;8.5304;2600.14;5.12921;0;0;0.1;0.01;0;4.76419;0;0;-1
0;1109;47.4431;0.399275;77.9777;8.55106;2619.08;5.14163;0;0;0.1;0.01;0;3.4558;0;0;-1
0;1110;48.319;20.0378;74.9194;9.58572;3689.46;5.76375;0;0;0.1;0.01;0;3.87103;0;0;-1
0;1111;49.0096;36.2369;77.4616;8.5;2572.44;5.11093;0;0;0.1;0.01;0;2.34263;1;0;-1
0;1112;60.4375;-6.10653;78.4437;8.5;2572.44;5.11093;0;0;0.1;0.01;0;1.59526;1;0;-1
0;1113;-36.2723;-15.7324;89.6402;9.8315;3980.59;5.91154;0;0;0.1;0.01;0;4.24602;0;0;-1
0;1114;-36.4151;1.56742;91.2442;8.5;2572.44;5.11093;0;0;0.1;0.01;0;3.92036;1;0;-1
0;1115;-38.4479;16.9502;89.8872;10.0141;4206.53;6.02133;0;0;0.1;0.01;0;3.76996;0;0;-1
0;1116;-21.104;-24.4696;90.0518;10.4526;4783.67;6.285;0;0;0.1;0.01;0;4.94963;0;0;-1
0;1117;-23.4163;-6.3648;93.0743;10.0382;4236.98;6.03582;0;0;0.1;0.01;0;4.54027;0;0;-1
0;1118;-22.7351;11.6915;89.7672;8.5;2572.44;5.11093;0;0;0.1;0.01;0;4.56506;1;0;-1
0;1119;-21.6249;27.6358;93.3702;10.1704;4406.59;6.11531;0;0;0.1;0.01;0;3.64025;0;0;-1
0;1120;-7.47919;-31.4735;90.7909;9.99572;4183.41;6.01028;0;0;0.1;0.01;0;4.74658;0;0;-1
0;1121;-8.53258;-14.0111;89.445;9.49792;3589.01;5.71096;0;0;0.1;0.01;0;6.43367;0;0;-1
0;1122;-6.51263;1.18336;92.6603;9.92513;4095.41;5.96784;0;0;0.1;0.01;0;5.31352;0;0;-1
0;1123;-5.80789;19.1304;93.3204;10.3778;4681.71;6.24002;0;0;0.1;0.01;0;5.37867;0;0;-1
0;1124;-7.61051;35.0395;92.353;8.5;2572.44;5.11093;0;0;0.1;0.01;0;3.71373;1;0;-1
0;1125;5.41853;-38.5715;92.1418;8.64182;2703.36;5.1962;0;0;0.1;0.01;0;2.77212;0;0;-1
0;1126;6.63389;-23.3667;92.1213;9.97299;4154.94;5.99661;0;0;0.1;0.01;0;4.85858;0;0;-1
0;1127;7.3274;-5.03912;91.6065;9.76217;3896.98;5.86985;0;0;0.1;0.01;0;4.3695;0;0;-1
0;1128;6.66352;10.8055;91.21;9.29955;3368.79;5.59168;0;0;0.1;0.01;0;4.12472;0;0;-1
0;1129;6.09577;28.7477;90.0581;9.47028;3557.76;5.69434;0;0;0.1;0.01;0;5.33468;0;0;-1
0;1130;23.7555;-31.9705;89.8613;8.5;2572.44;5.11093;0;0;0.1;0.01;0;2.9488;1;0;-1
0;1131;20.706;-13.4744;89.3567;8.96289;3016.01;5.38926;0;0;0.1;0.01;0;4.82121;0;0;-1
0;1132;22.7971;0.122449;90.1633;8.56343;2630.46;5.14907;0;0;0.1;0.01;0;3.46739;0;0;-1
0;1133;20.0093;20.8208;90.9584;8.88242;2935.5;5.34087;0;0;0.1;0.01;0;3.25403;0;0;-1
0;1134;20.8899;36.7161;90.3497;8.61361;2676.97;5.17924;0;0;0.1;0.01;0;2.71853;0;0;-1
0;1135;37.3246;-7.80723;89.7308;9.767;3902.76;5.87276;0;0;0.1;0.01;0;3.63621;0;0;-1
0;1136;35.426;9.72663;91.1634;8.5238;2594.11;5.12524;0;0;0.1;0.01;0;1.96413;0;0;-1
