Time;ID;x;y;z;radius;volume_total;radius_nuclear;contact_ECM;freezer;polarized_fraction;motility;cell_line;Cell_cell;phase;Cycle;NFkB
0;0;-51.319;-4.61191;-83.4224;8.5;2572.44;5.11093;0;0;0.1;0.01;0;2.64503;1;0;-1
0;1;-37.4337;-33.3436;-84.6856;9.8791;4038.69;5.94016;0;0;0.1;0.01;0;2.67592;0;0;-1
0;2;-37.6537;-13.8247;-86.4872;8.5;2572.44;5.11093;0;0;0.1;0.01;0;2.65157;1;0;-1
0;3;-38.5095;0.472542;-85.5905;8.93259;2985.53;5.37104;0;0;0.1;0.01;0;2.49548;0;0;-1
0;4;-35.4905;20.6034;-84.3349;10.0373;4235.84;6.03528;0;0;0.1;0.01;0;3.05554;0;0;-1
0;5;-21.802;-40.6275;-87.2602;9.31441;3384.97;5.60062;0;0;0.1;0.01;0;2.80779;0;0;-1
0;6;-20.5454;-22.4006;-85.9351;8.72424;2781.45;5.24576;0;0;0.1;0.01;0;4.23907;0;0;-1
0;7;-21.0327;-8.41664;-84.5093;8.68751;2746.47;5.22367;0;0;0.1;0.01;0;4.1076;0;0;-1
0;8;-20.3035;10.7183;-85.9746;8.9461;2999.09;5.37916;0;0;0.1;0.01;0;3.39557;0;0;-1
0;9;-22.2973;28.761;-84.007;9.1147;3171.87;5.48054;0;0;0.1;0.01;0;3.81185;0;0;-1
0;10;-8.8461;-49.3344;-83.4168;10.3831;4688.89;6.24321;0;0;0.1;0.01;0;3.60857;0;0;-1
0;11;-7.09547;-30.7534;-87.1655;9.25676;3322.5;5.56596;0;0;0.1;0.01;0;4.75198;0;0;-1
0;12;-6.80809;-16.6205;-86.2496;8.92614;2979.06;5.36716;0;0;0.1;0.01;0;5.07677;0;0;-1
0;13;-6.59315;0.141622;-85.5171;10.1914;4433.94;6.12794;0;0;0.1;0.01;0;5.0196;0;0;-1
0;14;-7.5653;20.0305;-83.7589;10.1998;4444.92;6.13299;0;0;0.1;0.01;0;5.00825;0;0;-1
0;15;-7.67647;38.2902;-83.9342;9.71243;3837.71;5.83994;0;0;0.1;0.01;0;3.32139;0;0;-1
0;16;7.44737;-40.8713;-85.953;10.0896;4302.4;6.06673;0;0;0.1;0.01;0;4.84755;0;0;-1
0;17;6.40243;-24.235;-83.4857;10.0954;4309.82;6.07022;0;0;0.1;0.01;0;6.03786;0;0;-1
0;18;8.72525;-6.01871;-85.8382;8.76963;2825.09;5.27305;0;0;0.1;0.01;0;3.89326;0;0;-1
0;19;6.47874;10.9351;-86.7587;8.73724;2793.9;5.25358;0;0;0.1;0.01;0;2.668;0;0;-1
0;20;7.7548;27.7522;-87.3919;8.84193;2895.54;5.31652;0;0;0.1;0.01;0;3.18403;0;0;-1
0;21;8.87425;45.3837;-83.5767;10.2972;4573.47;6.19156;0;0;0.1;0.01;0;3.80134;0;0;-1
0;22;20.2439;-49.1554;-84.4977;9.44966;3534.57;5.68194;0;0;0.1;0.01;0;3.23548;0;0;-1
0;23;23.3393;-34.0356;-86.6642;10.0918;4305.21;6.06805;0;0;0.1;0.01;0;5.12374;0;0;-1
0;24;20.6091;-15.7299;-84.9686;8.5;2572.44;5.11093;0;0;0.1;0.01;0;3.28051;1;0;-1
0;25;22.4787;3.44907;-86.8646;8.58914;2654.22;5.16453;0;0;0.1;0.01;0;3.59027;0;0;-1
0;26;23.6308;20.3926;-84.4826;8.88816;2941.2;5.34432;0;0;0.1;0.01;0;4.47709;0;0;-1
0;27;23.5482;37.7414;-84.8638;9.8457;3997.87;5.92008;0;0;0.1;0.01;0;3.69318;0;0;-1
0;28;36.3554;-40.194;-83.647;9.99562;4183.29;6.01022;0;0;0.1;0.01;0;3.76865;0;0;-1
0;29;35.4737;-25.5473;-86.1243;8.5;2572.44;5.11093;0;0;0.1;0.01;0;3.01516;1;0;-1
0;30;37.2111;-5.59778;-85.2998;10.2046;4451.19;6.13588;0;0;0.1;0.01;0;2.52954;0;0;-1
0;31;36.5616;10.8602;-83.9692;10.2277;4481.49;6.14977;0;0;0.1;0.01;0;3.93926;0;0;-1
0;32;37.5896;26.9813;-83.9283;10.0868;4298.82;6.06505;0;0;0.1;0.01;0;4.35847;0;0;-1
0;33;-70.5284;-14.7687;-69.3753;9.3986;3477.59;5.65124;0;0;0.1;0.01;0;2.28045;0;0;-1
0;34;-57.813;-39.4478;-71.3395;9.97762;4160.73;5.9994;0;0;0.1;0.01;0;3.10688;0;0;-1
0;35;-56.6663;-25.1909;-72.4898;9.30194;3371.39;5.59312;0;0;0.1;0.01;0;3.99698;0;0;-1
0;36;-54.7623;-8.89801;-70.8548;8.5;2572.44;5.11093;0;0;0.1;0.01;0;4.50339;1;0;-1
0;37;-56.2956;9.85782;-69.7889;10.3383;4628.45;6.21627;0;0;0.1;0.01;0;3.50739;0;0;-1
0;38;-57.792;28.4767;-71.5039;8.5;2572.44;5.11093;0;0;0.1;0.01;0;2.15664;1;0;-1
0;39;-54.6562;46.9017;-68.5806;9.52835;3623.61;5.72926;0;0;0.1;0.01;0;3.23955;0;0;-1
0;40;-41.5495;-51.3128;-72.6785;9.08313;3139.03;5.46155;0;0;0.1;0.01;0;2.11169;0;0;-1
0;41;-41.395;-30.4526;-70.986;9.44447;3528.75;5.67882;0;0;0.1;0.01;0;5.7377;0;0;-1
0;42;-42.2314;-16.6243;-69.6707;10.4347;4759.14;6.27423;0;0;0.1;0.01;0;6.85661;0;0;-1
0;43;-39.4138;1.73052;-69.0921;8.5;2572.44;5.11093;0;0;0.1;0.01;0;4.22318;1;0;-1
0;44;-42.3624;16.7628;-69.0667;8.5;2572.44;5.11093;0;0;0.1;0.01;0;5.51247;1;0;-1
0;45;-42.4237;34.2517;-69.8643;9.48534;3574.76;5.7034;0;0;0.1;0.01;0;5.21244;0;0;-1
0;46;-41.2147;53.4629;-69.4135;8.5;2572.44;5.11093;0;0;0.1;0.01;0;3.804;1;0;-1
0;47;-26.5817;-57.1945;-70.3587;8.69547;2754.02;5.22846;0;0;0.1;0.01;0;4.02555;0;0;-1
0;48;-28.5593;-42.5891;-68.4942;10.4235;4743.83;6.2675;0;0;0.1;0.01;0;6.38777;0;0;-1
0;49;-26.2482;-24.7392;-70.6791;8.78999;2844.81;5.28529;0;0;0.1;0.01;0;5.81355;0;0;-1
0;50;-24.7256;-8.81422;-71.8631;8.5;2572.44;5.11093;0;0;0.1;0.01;0;4.47565;1;0;-1
0;51;-26.8801;11.1045;-69.6519;9.33999;3412.93;5.616;0;0;0.1;0.01;0;5.34918;0;0;-1
0;52;-26.0059;26.9293;-69.2374;10.0291;4225.46;6.03035;0;0;0.1;0.01;0;6.5688;0;0;-1
0;53;-27.6118;43.7365;-70.6743;9.33376;3406.11;5.61225;0;0;0.1;0.01;0;4.60012;0;0;-1
0;54;-27.164;62.1963;-69.8088;9.79464;3935.99;5.88937;0;0;0.1;0.01;0;3.73834;0;0;-1
0;55;-13.5711;-63.849;-69.0168;9.87774;4037.02;5.93934;0;0;0.1;0.01;0;4.04181;0;0;-1
0;56;-13.8198;-48.1381;-68.3396;8.5;2572.44;5.11093;0;0;0.1;0.01;0;5.72161;1;0;-1
0;57;-11.3471;-31.1859;-72.6088;8.91585;2968.77;5.36097;0;0;0.1;0.01;0;5.09819;0;0;-1
0;58;-12.6974;-15.0478;-70.9656;9.29638;3365.35;5.58978;0;0;0.1;0.01;0;6.58848;0;0;-1
0;59;-9.95023;1.96279;-71.7798;9.45092;3535.99;5.6827;0;0;0.1;0.01;0;5.80906;0;0;-1
0;60;-11.6456;16.5839;-70.1489;8.82064;2874.68;5.30372;0;0;0.1;0.01;0;5.3451;0;0;-1
0;61;-11.8821;36.6299;-70.9317;9.09843;3154.92;5.47075;0;0;0.1;0.01;0;4.65111;0;0;-1
0;62;-10.7488;55.0817;-70.3569;9.75011;3882.55;5.8626;0;0;0.1;0.01;0;3.31366;0;0;-1
0;63;2.17775;-56.2463;-69.0608;9.01971;3073.73;5.42342;0;0;0.1;0.01;0;4.73992;0;0;-1
0;64;3.94319;-40.1507;-72.0459;8.76763;2823.16;5.27185;0;0;0.1;0.01;0;5.19896;0;0;-1
0;65;2.7169;-22.8964;-68.5007;10.2393;4496.76;6.15674;0;0;0.1;0.01;0;7.07077;0;0;-1
0;66;4.34329;-7.97671;-72.0167;9.90275;4067.77;5.95438;0;0;0.1;0.01;0;6.59494;0;0;-1
0;67;2.35127;10.1673;-69.216;8.5;2572.44;5.11093;0;0;0.1;0.01;0;4.9678;1;0;-1
0;68;4.4033;26.7932;-69.6918;8.5;2572.44;5.11093;0;0;0.1;0.01;0;4.49262;1;0;-1
0;69;4.43537;45.7949;-70.5441;9.40266;3482.1;5.65368;0;0;0.1;0.01;0;6.07249;0;0;-1
0;70;3.50522;63.7153;-70.1486;9.87208;4030.09;5.93594;0;0;0.1;0.01;0;3.4538;0;0;-1
0;71;16.3289;-66.2694;-69.8985;9.33398;3406.35;5.61239;0;0;0.1;0.01;0;2.89163;0;0;-1
0;72;15.9673;-47.1695;-70.9263;8.71329;2770.99;5.23917;0;0;0.1;0.01;0;4.75353;0;0;-1
0;73;19.2587;-30.204;-70.8802;10.2304;4485.04;6.15139;0;0;0.1;0.01;0;6.89031;0;0;-1
0;74;16.4058;-14.092;-69.2265;8.5;2572.44;5.11093;0;0;0.1;0.01;0;6.69887;1;0;-1
0;75;16.9953;1.22312;-71.3303;9.24351;3308.26;5.55799;0;0;0.1;0.01;0;5.44137;0;0;-1
0;76;16.0018;18.207;-69.2031;8.72477;2781.96;5.24608;0;0;0.1;0.01;0;4.98841;0;0;-1
0;77;17.3057;35.4412;-70.6385;9.03495;3089.34;5.43258;0;0;0.1;0.01;0;5.48969;0;0;-1
0;78;19.456;55.0752;-70.282;10.194;4437.34;6.1295;0;0;0.1;0.01;0;4.06501;0;0;-1
0;79;31.0823;-57.7936;-69.4728;8.5;2572.44;5.11093;0;0;0.1;0.01;0;3.35949;1;0;-1
0;80;31.7641;-38.5287;-68.4283;9.87873;4038.24;5.93994;0;0;0.1;0.01;0;6.27541;0;0;-1
0;81;32.0195;-21.8251;-69.6431;8.5;2572.44;5.11093;0;0;0.1;0.01;0;4.9334;1;0;-1
0;82;33.3341;-6.34237;-68.8084;9.53103;3626.67;5.73087;0;0;0.1;0.01;0;5.56982;0;0;-1
0;83;30.5725;12.4431;-71.3008;9.73152;3860.39;5.85142;0;0;0.1;0.01;0;6.45225;0;0;-1
0;84;33.6267;28.6042;-68.5202;10.0382;4236.98;6.03582;0;0;0.1;0.01;0;6.88765;0;0;-1
0;85;34.0089;43.7476;-71.9748;8.5;2572.44;5.11093;0;0;0.1;0.01;0;4.23457;1;0;-1
0;86;46.3658;-51.2914;-68.9039;9.61922;3728.28;5.7839;0;0;0.1;0.01;0;2.75914;0;0;-1
0;87;45.9818;-30.4838;-71.946;9.01313;3067.01;5.41946;0;0;0.1;0.01;0;4.33458;0;0;-1
0;88;47.5527;-13.4225;-71.9985;9.9526;4129.51;5.98435;0;0;0.1;0.01;0;4.8662;0;0;-1
0;89;45.3319;1.65101;-69.0642;8.5;2572.44;5.11093;0;0;0.1;0.01;0;5.76187;1;0;-1
0;90;47.3083;17.1299;-68.9531;10.3912;4699.87;6.24808;0;0;0.1;0.01;0;6.38461;0;0;-1
0;91;48.9704;36.8806;-71.9518;10.2103;4458.66;6.13931;0;0;0.1;0.01;0;3.53596;0;0;-1
0;92;46.7022;54.1101;-69.005;8.5;2572.44;5.11093;0;0;0.1;0.01;0;2.53781;1;0;-1
0;93;60.0258;-25.6687;-72.0479;10.0688;4275.84;6.05422;0;0;0.1;0.01;0;2.75174;0;0;-1
0;94;62.5608;-5.60641;-71.9193;8.73835;2794.97;5.25424;0;0;0.1;0.01;0;2.33663;0;0;-1
0;95;61.3294;9.87356;-68.8403;9.81409;3959.49;5.90107;0;0;0.1;0.01;0;3.63596;0;0;-1
0;96;-80.3924;-8.31283;-55.4123;9.69228;3813.88;5.82783;0;0;0.1;0.01;0;2.96181;0;0;-1
0;97;-80.1247;12.4613;-54.336;8.7296;2786.58;5.24898;0;0;0.1;0.01;0;2.61312;0;0;-1
0;98;-65.7598;-48.4245;-54.2777;10.1245;4347.2;6.08771;0;0;0.1;0.01;0;4.68039;0;0;-1
0;99;-67.7011;-33.8791;-55.4062;8.95215;3005.18;5.3828;0;0;0.1;0.01;0;3.30597;0;0;-1
0;100;-65.5583;-12.6511;-56.3769;8.50736;2579.13;5.11535;0;0;0.1;0.01;0;3.99985;0;0;-1
0;101;-64.5964;1.73518;-53.9624;9.72048;3847.26;5.84478;0;0;0.1;0.01;0;5.33522;0;0;-1
0;102;-68.0128;19.6486;-57.7806;8.68328;2742.46;5.22113;0;0;0.1;0.01;0;3.53493;0;0;-1
0;103;-66.4459;35.4402;-55.5473;8.5;2572.44;5.11093;0;0;0.1;0.01;0;3.49134;1;0;-1
0;104;-52.2524;-59.3444;-54.8692;9.7421;3872.99;5.85778;0;0;0.1;0.01;0;4.06099;0;0;-1
0;105;-52.9154;-42.3738;-57.5563;8.54632;2614.73;5.13878;0;0;0.1;0.01;0;4.59416;0;0;-1
0;106;-51.3206;-24.6972;-57.8078;8.5;2572.44;5.11093;0;0;0.1;0.01;0;4.56929;1;0;-1
0;107;-49.8601;-4.79289;-57.1225;9.83619;3986.29;5.91436;0;0;0.1;0.01;0;6.42272;0;0;-1
0;108;-51.7475;12.0411;-54.3877;9.7551;3888.52;5.8656;0;0;0.1;0.01;0;7.06136;0;0;-1
0;109;-51.0336;27.856;-57.8136;10.3779;4681.85;6.24008;0;0;0.1;0.01;0;6.92671;0;0;-1
0;110;-52.1435;44.8068;-54.01;9.75705;3890.85;5.86677;0;0;0.1;0.01;0;6.19813;0;0;-1
0;111;-50.5771;59.7294;-54.435;10.0947;4308.92;6.0698;0;0;0.1;0.01;0;5.15176;0;0;-1
0;112;-38.6602;-66.5839;-56.3499;9.78686;3926.62;5.8847;0;0;0.1;0.01;0;4.1011;0;0;-1
0;113;-38.374;-51.0449;-54.5681;9.22818;3291.83;5.54877;0;0;0.1;0.01;0;5.19114;0;0;-1
0;114;-36.5552;-31.2299;-56.2484;9.62245;3732.03;5.78584;0;0;0.1;0.01;0;6.18083;0;0;-1
0;115;-36.5253;-14.8544;-55.7949;10.2702;4537.59;6.17532;0;0;0.1;0.01;0;6.81731;0;0;-1
0;116;-37.7498;2.43621;-54.3741;8.98033;3033.65;5.39974;0;0;0.1;0.01;0;5.52448;0;0;-1
0;117;-36.08;20.9943;-57.0197;10.2728;4541.04;6.17689;0;0;0.1;0.01;0;7.53976;0;0;-1
0;118;-35.2041;36.6509;-55.0669;8.75833;2814.18;5.26626;0;0;0.1;0.01;0;6.65432;0;0;-1
0;119;-36.9978;51.2782;-56.5057;10.0445;4244.96;6.03961;0;0;0.1;0.01;0;6.94555;0;0;-1
0;120;-35.9287;70.3113;-57.9297;10.4064;4720.52;6.25722;0;0;0.1;0.01;0;4.27304;0;0;-1
0;121;-23.9293;-76.0232;-57.33;9.56038;3660.28;5.74852;0;0;0.1;0.01;0;3.14402;0;0;-1
0;122;-21.8308;-56.2143;-56.407;9.42137;3502.92;5.66493;0;0;0.1;0.01;0;6.51168;0;0;-1
0;123;-21.0902;-40.4613;-54.8474;10.0066;4197.09;6.01682;0;0;0.1;0.01;0;6.98335;0;0;-1
0;124;-23.6248;-22.5415;-56.7432;9.91108;4078.04;5.95939;0;0;0.1;0.01;0;6.87759;0;0;-1
0;125;-21.587;-7.15231;-56.34;8.98657;3039.98;5.40349;0;0;0.1;0.01;0;5.63101;0;0;-1
0;126;-22.4106;9.00115;-55.9857;9.44496;3529.3;5.67912;0;0;0.1;0.01;0;4.80026;0;0;-1
0;127;-21.3998;25.5961;-55.5894;8.61865;2681.68;5.18227;0;0;0.1;0.01;0;5.2648;0;0;-1
0;128;-21.7802;42.3056;-56.706;8.5;2572.44;5.11093;0;0;0.1;0.01;0;5.12283;1;0;-1
0;129;-22.1156;63.2057;-54.4623;10.3642;4663.33;6.23184;0;0;0.1;0.01;0;7.13623;0;0;-1
0;130;-22.0249;77.9775;-57.0115;9.14647;3205.16;5.49964;0;0;0.1;0.01;0;3.52645;0;0;-1
0;131;-9.28282;-80.7868;-56.009;8.5;2572.44;5.11093;0;0;0.1;0.01;0;2.46915;1;0;-1
0;132;-5.76705;-65.6665;-55.753;9.0412;3095.76;5.43634;0;0;0.1;0.01;0;4.74653;0;0;-1
0;133;-6.23347;-47.1144;-55.1217;9.62786;3738.33;5.78909;0;0;0.1;0.01;0;5.88279;0;0;-1
0;134;-8.77132;-29.921;-54.6153;9.80216;3945.06;5.8939;0;0;0.1;0.01;0;5.57653;0;0;-1
0;135;-8.94812;-14.1384;-55.422;8.61231;2675.76;5.17846;0;0;0.1;0.01;0;5.8405;0;0;-1
0;136;-7.06717;0.366828;-56.7198;8.5;2572.44;5.11093;0;0;0.1;0.01;0;5.33793;1;0;-1
0;137;-5.92215;20.9936;-55.1517;10.3787;4682.93;6.24056;0;0;0.1;0.01;0;6.333;0;0;-1
0;138;-8.237;36.9519;-55.492;10.3709;4672.38;6.23587;0;0;0.1;0.01;0;6.41245;0;0;-1
0;139;-5.82927;54.9381;-55.1072;10.4463;4775.03;6.28121;0;0;0.1;0.01;0;6.18403;0;0;-1
0;140;-8.71718;70.3281;-55.1318;8.9171;2970.02;5.36172;0;0;0.1;0.01;0;3.30352;0;0;-1
0;141;8.98422;-74.3204;-56.9042;8.95921;3012.3;5.38704;0;0;0.1;0.01;0;3.46767;0;0;-1
0;142;6.86248;-58.081;-56.2113;9.9375;4110.74;5.97527;0;0;0.1;0.01;0;6.12645;0;0;-1
0;143;7.34229;-41.7045;-54.9322;8.5;2572.44;5.11093;0;0;0.1;0.01;0;4.38129;1;0;-1
0;144;9.4034;-22.7119;-56.6022;9.348;3421.72;5.62082;0;0;0.1;0.01;0;6.49671;0;0;-1
0;145;6.0317;-8.01806;-56.8628;9.37777;3454.52;5.63872;0;0;0.1;0.01;0;6.47345;0;0;-1
0;146;5.61024;9.72212;-55.2395;8.95394;3006.98;5.38387;0;0;0.1;0.01;0;4.27923;0;0;-1
0;147;8.4433;27.7533;-53.9553;10.1128;4332.14;6.08068;0;0;0.1;0.01;0;6.67671;0;0;-1
0;148;8.53653;44.9747;-55.9757;10.2821;4553.38;6.18248;0;0;0.1;0.01;0;7.63907;0;0;-1
0;149;8.8414;59.8449;-57.7135;8.76315;2818.83;5.26915;0;0;0.1;0.01;0;5.81023;0;0;-1
0;150;8.57003;79.8429;-54.3391;9.33081;3402.88;5.61048;0;0;0.1;0.01;0;2.80882;0;0;-1
0;151;22.278;-64.2616;-56.6547;9.79249;3933.4;5.88808;0;0;0.1;0.01;0;4.96743;0;0;-1
0;152;24.1776;-49.9834;-53.7242;8.97699;3030.27;5.39773;0;0;0.1;0.01;0;5.3997;0;0;-1
0;153;20.291;-32.6116;-55.2902;9.10775;3164.62;5.47636;0;0;0.1;0.01;0;5.15487;0;0;-1
0;154;20.5214;-12.7152;-57.3676;9.31056;3380.77;5.5983;0;0;0.1;0.01;0;6.01001;0;0;-1
0;155;23.6284;1.42141;-56.444;9.29185;3360.43;5.58705;0;0;0.1;0.01;0;5.67946;0;0;-1
0;156;23.7547;20.6613;-55.7419;10.1452;4373.92;6.10016;0;0;0.1;0.01;0;6.42655;0;0;-1
0;157;22.6871;38.2416;-56.2099;10.0929;4306.62;6.06871;0;0;0.1;0.01;0;7.04051;0;0;-1
0;158;22.9286;54.3765;-53.9799;10.4336;4757.64;6.27357;0;0;0.1;0.01;0;7.09798;0;0;-1
0;159;22.0538;70.5678;-57.6912;9.08793;3144.01;5.46444;0;0;0.1;0.01;0;2.4703;0;0;-1
0;160;38.5703;-56.0246;-56.422;9.06067;3115.8;5.44805;0;0;0.1;0.01;0;4.55419;0;0;-1
0;161;34.9335;-38.3537;-54.7217;8.60039;2664.67;5.17129;0;0;0.1;0.01;0;5.32538;0;0;-1
0;162;38.5238;-25.0997;-56.4557;9.04343;3098.05;5.43768;0;0;0.1;0.01;0;5.60646;0;0;-1
0;163;37.2089;-5.69605;-54.833;8.57831;2644.2;5.15801;0;0;0.1;0.01;0;5.9652;0;0;-1
0;164;38.4599;8.3333;-55.4133;9.23354;3297.56;5.55199;0;0;0.1;0.01;0;6.96321;0;0;-1
0;165;38.8693;25.4354;-54.6043;9.85015;4003.29;5.92275;0;0;0.1;0.01;0;6.32655;0;0;-1
0;166;36.7846;46.1489;-56.6478;9.17439;3234.6;5.51643;0;0;0.1;0.01;0;5.85653;0;0;-1
0;167;36.3691;60.7327;-54.1166;8.5;2572.44;5.11093;0;0;0.1;0.01;0;4.54242;1;0;-1
0;168;52.8855;-50.9604;-56.0558;8.97539;3028.65;5.39677;0;0;0.1;0.01;0;3.28872;0;0;-1
0;169;52.0664;-31.0893;-54.1379;9.95776;4135.93;5.98746;0;0;0.1;0.01;0;5.7314;0;0;-1
0;170;52.912;-15.0629;-54.3794;8.5;2572.44;5.11093;0;0;0.1;0.01;0;5.22897;1;0;-1
0;171;52.2521;0.0406964;-54.3859;9.99184;4178.54;6.00795;0;0;0.1;0.01;0;7.51509;0;0;-1
0;172;51.1928;18.0845;-56.0405;9.0008;3054.44;5.41205;0;0;0.1;0.01;0;6.79093;0;0;-1
0;173;52.9402;34.0768;-55.7684;9.24176;3306.38;5.55694;0;0;0.1;0.01;0;5.31068;0;0;-1
0;174;52.6939;55.2599;-56.5089;10.1122;4331.37;6.08032;0;0;0.1;0.01;0;4.26917;0;0;-1
0;175;64.6175;-40.8728;-56.6711;9.03274;3087.07;5.43126;0;0;0.1;0.01;0;2.99542;0;0;-1
0;176;67.2829;-25.0835;-56.109;9.38578;3463.38;5.64353;0;0;0.1;0.01;0;4.4204;0;0;-1
0;177;67.7724;-4.49704;-55.1353;8.5;2572.44;5.11093;0;0;0.1;0.01;0;5.13895;1;0;-1
0;178;65.8332;11.9969;-53.8103;9.54477;3642.38;5.73913;0;0;0.1;0.01;0;5.87334;0;0;-1
0;179;66.012;26.649;-55.2756;8.5;2572.44;5.11093;0;0;0.1;0.01;0;3.89116;1;0;-1
0;180;64.7702;46.064;-54.3176;9.81335;3958.59;5.90062;0;0;0.1;0.01;0;3.39686;0;0;-1
0;181;79.7186;-16.8483;-56.7573;10.1836;4423.77;6.12325;0;0;0.1;0.01;0;2.82671;0;0;-1
0;182;82.2219;1.1242;-54.4715;8.92226;2975.18;5.36483;0;0;0.1;0.01;0;2.82702;0;0;-1
0;183;-87.5144;-21.6601;-40.6282;9.37018;3446.14;5.63415;0;0;0.1;0.01;0;3.14497;0;0;-1
0;184;-84.1178;-8.17201;-40.1239;10.0307;4227.49;6.03131;0;0;0.1;0.01;0;5.21838;0;0;-1
0;185;-86.3089;12.3507;-39.6299;9.63572;3747.5;5.79382;0;0;0.1;0.01;0;4.43993;0;0;-1
0;186;-86.6568;29.3367;-39.2249;9.84885;4001.71;5.92197;0;0;0.1;0.01;0;3.00582;0;0;-1
0;187;-70.183;-48.0388;-39.641;8.5;2572.44;5.11093;0;0;0.1;0.01;0;4.05686;1;0;-1
0;188;-72.121;-33.946;-41.5624;10.2288;4482.94;6.15043;0;0;0.1;0.01;0;5.02689;0;0;-1
0;189;-71.5913;-14.5689;-41.6317;8.5;2572.44;5.11093;0;0;0.1;0.01;0;5.38679;1;0;-1
0;190;-72.6792;3.61543;-40.9288;10.2704;4537.86;6.17544;0;0;0.1;0.01;0;7.38565;0;0;-1
0;191;-70.5095;19.0718;-42.0655;9.73679;3866.66;5.85459;0;0;0.1;0.01;0;6.24232;0;0;-1
0;192;-69.9861;37.0816;-42.9186;9.92192;4091.44;5.96591;0;0;0.1;0.01;0;5.68344;0;0;-1
0;193;-72.6602;51.3908;-41.1026;9.59208;3696.81;5.76758;0;0;0.1;0.01;0;3.09371;0;0;-1
0;194;-56.9546;-59.2019;-39.9284;10.3288;4615.71;6.21056;0;0;0.1;0.01;0;5.25002;0;0;-1
0;195;-56.7245;-39.4555;-41.8769;9.50868;3601.22;5.71743;0;0;0.1;0.01;0;6.64168;0;0;-1
0;196;-54.1659;-24.6405;-40.9066;9.31218;3382.54;5.59928;0;0;0.1;0.01;0;5.42324;0;0;-1
0;197;-57.4638;-7.32775;-42.018;10.0834;4294.47;6.063;0;0;0.1;0.01;0;6.99164;0;0;-1
0;198;-55.0641;9.53858;-39.85;10.2811;4552.05;6.18188;0;0;0.1;0.01;0;6.71477;0;0;-1
0;199;-55.541;25.8722;-41.5472;9.89022;4052.35;5.94685;0;0;0.1;0.01;0;6.1136;0;0;-1
0;200;-56.9727;42.6518;-40.1075;9.6706;3788.34;5.81479;0;0;0.1;0.01;0;6.52649;0;0;-1
0;201;-54.2532;60.447;-39.5914;9.62047;3729.73;5.78465;0;0;0.1;0.01;0;5.24049;0;0;-1
0;202;-40.5207;-80.6265;-40.9848;8.5;2572.44;5.11093;0;0;0.1;0.01;0;2.97002;1;0;-1
0;203;-41.6784;-65.8997;-39.2301;9.46189;3548.32;5.6893;0;0;0.1;0.01;0;6.38167;0;0;-1
0;204;-43.0532;-47.5188;-41.7186;8.5;2572.44;5.11093;0;0;0.1;0.01;0;4.90149;1;0;-1
0;205;-42.5742;-31.6902;-42.2023;8.64528;2706.61;5.19828;0;0;0.1;0.01;0;5.09616;0;0;-1
0;206;-40.252;-13.4525;-40.6502;9.60474;3711.47;5.77519;0;0;0.1;0.01;0;6.10543;0;0;-1
0;207;-42.0136;1.94843;-39.9949;9.25091;3316.21;5.56244;0;0;0.1;0.01;0;6.47515;0;0;-1
0;208;-41.782;19.6597;-42.4166;8.59492;2659.59;5.168;0;0;0.1;0.01;0;5.91295;0;0;-1
0;209;-41.4516;34.4595;-41.4093;8.78789;2842.77;5.28403;0;0;0.1;0.01;0;5.64149;0;0;-1
0;210;-40.2715;53.616;-41.2234;9.53739;3633.94;5.73469;0;0;0.1;0.01;0;7.07346;0;0;-1
0;211;-40.8049;68.4785;-42.1387;10.3601;4657.8;6.22938;0;0;0.1;0.01;0;6.08173;0;0;-1
0;212;-27.6575;-72.9665;-42.8782;9.39388;3472.35;5.6484;0;0;0.1;0.01;0;6.1069;0;0;-1
0;213;-28.1442;-57.7306;-40.4592;10.4418;4768.86;6.2785;0;0;0.1;0.01;0;7.09391;0;0;-1
0;214;-25.2961;-38.5028;-42.3702;9.23225;3296.18;5.55122;0;0;0.1;0.01;0;5.32839;0;0;-1
0;215;-25.0106;-22.3753;-39.819;9.9908;4177.24;6.00732;0;0;0.1;0.01;0;6.39089;0;0;-1
0;216;-24.7456;-5.17738;-40.6518;8.87426;2927.42;5.33596;0;0;0.1;0.01;0;5.61431;0;0;-1
0;217;-25.4491;9.75789;-41.0403;8.5;2572.44;5.11093;0;0;0.1;0.01;0;4.04279;1;0;-1
0;218;-28.1756;27.0158;-42.0135;9.3773;3454;5.63843;0;0;0.1;0.01;0;5.49054;0;0;-1
0;219;-27.2194;44.123;-42.1024;9.59228;3697.04;5.7677;0;0;0.1;0.01;0;6.10545;0;0;-1
0;220;-27.557;60.5355;-40.7629;9.41372;3494.4;5.66033;0;0;0.1;0.01;0;7.06762;0;0;-1
0;221;-25.0152;77.1735;-42.0767;9.57316;3674.98;5.7562;0;0;0.1;0.01;0;5.24549;0;0;-1
0;222;-12.9913;-83.1427;-42.1684;8.61093;2674.48;5.17763;0;0;0.1;0.01;0;4.03661;0;0;-1
0;223;-12.9515;-67.6039;-39.7434;10.0617;4266.8;6.04995;0;0;0.1;0.01;0;6.69581;0;0;-1
0;224;-12.3953;-49.3793;-41.8383;9.18212;3242.78;5.52108;0;0;0.1;0.01;0;5.31916;0;0;-1
0;225;-9.7866;-33.3281;-39.8378;9.50911;3601.71;5.71769;0;0;0.1;0.01;0;6.11748;0;0;-1
0;226;-13.0723;-15.5146;-40.762;8.69144;2750.2;5.22604;0;0;0.1;0.01;0;6.37334;0;0;-1
0;227;-11.0658;0.258242;-41.4497;8.66025;2720.7;5.20728;0;0;0.1;0.01;0;5.45367;0;0;-1
0;228;-12.5389;20.0303;-39.3417;9.95302;4130.03;5.98461;0;0;0.1;0.01;0;6.16107;0;0;-1
0;229;-9.95903;34.3154;-39.7692;8.5;2572.44;5.11093;0;0;0.1;0.01;0;6.08724;1;0;-1
0;230;-11.5616;52.963;-39.358;10.1789;4417.65;6.12042;0;0;0.1;0.01;0;6.47153;0;0;-1
0;231;-11.0988;70.7585;-40.042;9.43087;3513.53;5.67065;0;0;0.1;0.01;0;5.57732;0;0;-1
0;232;-9.78974;87.1005;-39.9555;8.5;2572.44;5.11093;0;0;0.1;0.01;0;2.38905;1;0;-1
0;233;2.81962;-89.543;-42.0508;9.11671;3173.97;5.48175;0;0;0.1;0.01;0;2.88078;0;0;-1
0;234;4.67923;-74.9274;-41.1603;8.55271;2620.59;5.14262;0;0;0.1;0.01;0;5.17659;0;0;-1
0;235;2.01391;-59.7596;-39.3778;9.47364;3561.55;5.69636;0;0;0.1;0.01;0;5.41877;0;0;-1
0;236;3.62865;-40.7639;-39.8055;8.5;2572.44;5.11093;0;0;0.1;0.01;0;4.84935;1;0;-1
0;237;4.67707;-25.2798;-39.5165;9.5216;3615.92;5.7252;0;0;0.1;0.01;0;6.13685;0;0;-1
0;238;1.23246;-8.07921;-42.4288;10.2613;4525.8;6.16997;0;0;0.1;0.01;0;6.2662;0;0;-1
0;239;3.21796;10.4479;-41.0083;8.61838;2681.42;5.18211;0;0;0.1;0.01;0;4.36803;0;0;-1
0;240;4.07239;27.1862;-39.4784;8.90471;2957.66;5.35427;0;0;0.1;0.01;0;6.72753;0;0;-1
0;241;1.22594;43.0316;-40.2751;10.0973;4312.25;6.07136;0;0;0.1;0.01;0;7.9773;0;0;-1
0;242;1.51933;60.6245;-40.976;8.5;2572.44;5.11093;0;0;0.1;0.01;0;5.36371;1;0;-1
0;243;3.95603;76.3821;-41.0766;9.14274;3201.24;5.4974;0;0;0.1;0.01;0;5.26619;0;0;-1
0;244;17.6744;-82.3275;-42.095;8.5;2572.44;5.11093;0;0;0.1;0.01;0;3.29247;1;0;-1
0;245;18.2141;-65.4546;-39.2869;10.2625;4527.39;6.17069;0;0;0.1;0.01;0;5.88532;0;0;-1
0;246;17.9193;-46.4574;-40.8077;8.89095;2943.97;5.346;0;0;0.1;0.01;0;5.26676;0;0;-1
0;247;17.8365;-31.7629;-41.163;8.5;2572.44;5.11093;0;0;0.1;0.01;0;5.83847;1;0;-1
0;248;19.1003;-15.4977;-41.7709;9.48375;3572.97;5.70244;0;0;0.1;0.01;0;5.92464;0;0;-1
0;249;19.753;1.93913;-42.1571;9.10927;3166.21;5.47727;0;0;0.1;0.01;0;4.69302;0;0;-1
0;250;17.6654;17.7335;-40.5177;9.27102;3337.88;5.57453;0;0;0.1;0.01;0;5.59769;0;0;-1
0;251;19.0274;36.7145;-42.8437;9.9124;4079.67;5.96018;0;0;0.1;0.01;0;7.63282;0;0;-1
0;252;16.7957;52.0146;-39.6912;10.0976;4312.64;6.07154;0;0;0.1;0.01;0;7.44069;0;0;-1
0;253;18.7602;68.4675;-41.1994;10.3155;4597.9;6.20256;0;0;0.1;0.01;0;5.94163;0;0;-1
0;254;16.4117;87.4197;-41.1282;10.0767;4285.92;6.05897;0;0;0.1;0.01;0;3.14617;0;0;-1
0;255;32.9534;-75.6295;-42.5097;8.64912;2710.22;5.20059;0;0;0.1;0.01;0;2.25173;0;0;-1
0;256;30.5622;-56.4942;-40.5207;9.0958;3152.18;5.46917;0;0;0.1;0.01;0;6.2793;0;0;-1
0;257;33.7154;-41.1823;-40.4669;10.005;4195.08;6.01586;0;0;0.1;0.01;0;7.65351;0;0;-1
0;258;32.7723;-25.2903;-41.5713;10.1242;4346.81;6.08753;0;0;0.1;0.01;0;7.4054;0;0;-1
0;259;33.7357;-8.04524;-42.0287;8.5;2572.44;5.11093;0;0;0.1;0.01;0;4.72494;1;0;-1
0;260;33.8424;10.0365;-42.2922;8.5;2572.44;5.11093;0;0;0.1;0.01;0;5.10143;1;0;-1
0;261;33.8508;29.5206;-39.879;8.93213;2985.06;5.37076;0;0;0.1;0.01;0;6.03313;0;0;-1
0;262;32.9454;46.1537;-39.4242;10.038;4236.72;6.0357;0;0;0.1;0.01;0;7.76719;0;0;-1
0;263;33.9168;60.0846;-39.7085;9.38769;3465.49;5.64468;0;0;0.1;0.01;0;6.20701;0;0;-1
0;264;33.552;79.8422;-40.4302;8.95437;3007.42;5.38413;0;0;0.1;0.01;0;2.7432;0;0;-1
0;265;47.8259;-65.2724;-41.6122;8.94443;2997.41;5.37816;0;0;0.1;0.01;0;2.4655;0;0;-1
0;266;47.1406;-47.7038;-39.9494;9.52788;3623.08;5.72898;0;0;0.1;0.01;0;5.80325;0;0;-1
0;267;47.7636;-30.2406;-39.2228;10.3176;4600.71;6.20382;0;0;0.1;0.01;0;7.65894;0;0;-1
0;268;46.7886;-14.9408;-42.5845;10.067;4273.55;6.05314;0;0;0.1;0.01;0;7.77752;0;0;-1
0;269;46.0826;2.88049;-42.1834;8.5;2572.44;5.11093;0;0;0.1;0.01;0;6.2;1;0;-1
0;270;47.758;16.8708;-43.0407;10.1627;4396.59;6.11068;0;0;0.1;0.01;0;7.43804;0;0;-1
0;271;46.8473;37.9682;-41.1;9.52653;3621.54;5.72816;0;0;0.1;0.01;0;6.19148;0;0;-1
0;272;46.7051;52.1425;-42.8728;9.67637;3795.12;5.81826;0;0;0.1;0.01;0;6.60605;0;0;-1
0;273;46.8324;69.2618;-39.8985;9.92643;4097.02;5.96862;0;0;0.1;0.01;0;4.49591;0;0;-1
0;274;60.3753;-55.3669;-39.3289;9.8308;3979.74;5.91112;0;0;0.1;0.01;0;4.74482;0;0;-1
0;275;63.993;-41.6917;-39.8298;8.94562;2998.61;5.37887;0;0;0.1;0.01;0;4.28127;0;0;-1
0;276;61.209;-23.3574;-39.8341;8.55006;2618.16;5.14103;0;0;0.1;0.01;0;5.5427;0;0;-1
0;277;63.4182;-7.7948;-42.3319;9.67674;3795.56;5.81848;0;0;0.1;0.01;0;6.80203;0;0;-1
0;278;63.5984;8.22847;-39.4668;10.0114;4203.13;6.01971;0;0;0.1;0.01;0;6.56054;0;0;-1
0;279;63.0223;26.19;-42.274;10.0357;4233.81;6.03432;0;0;0.1;0.01;0;6.07527;0;0;-1
0;280;61.5496;42.1354;-41.1968;8.88075;2933.85;5.33987;0;0;0.1;0.01;0;5.08206;0;0;-1
0;281;61.9992;60.4278;-42.4634;9.23144;3295.32;5.55073;0;0;0.1;0.01;0;3.67641;0;0;-1
0;282;74.946;-32.4948;-43.1675;9.0112;3065.04;5.4183;0;0;0.1;0.01;0;3.2175;0;0;-1
0;283;77.7425;-15.0005;-41.1189;8.62851;2690.89;5.1882;0;0;0.1;0.01;0;4.46522;0;0;-1
0;284;76.3295;-0.083945;-41.4683;10.2851;4557.37;6.18428;0;0;0.1;0.01;0;6.87674;0;0;-1
0;285;78.7412;19.725;-42.82;8.99017;3043.63;5.40566;0;0;0.1;0.01;0;3.33145;0;0;-1
0;286;76.5344;34.3354;-41.9466;9.23964;3304.1;5.55566;0;0;0.1;0.01;0;3.54366;0;0;-1
0;287;90.5143;-4.55818;-40.5386;8.7003;2758.62;5.23136;0;0;0.1;0.01;0;2.23206;0;0;-1
0;288;-95.1333;-13.5105;-24.7016;8.77145;2826.85;5.27415;0;0;0.1;0.01;0;3.17406;0;0;-1
0;289;-95.6355;1.2505;-26.0942;9.92316;4092.97;5.96665;0;0;0.1;0.01;0;3.87515;0;0;-1
0;290;-80.8666;-41.5032;-24.6601;9.90428;4069.65;5.9553;0;0;0.1;0.01;0;2.88721;0;0;-1
0;291;-81.7949;-23.4441;-27.346;9.5595;3659.27;5.74799;0;0;0.1;0.01;0;3.8642;0;0;-1
0;292;-78.9107;-4.65633;-26.4866;10.0423;4242.17;6.03829;0;0;0.1;0.01;0;5.59111;0;0;-1
0;293;-82.5731;10.9731;-26.4514;10.1274;4350.93;6.08946;0;0;0.1;0.01;0;6.2863;0;0;-1
0;294;-82.415;27.6803;-25.1463;10.0349;4232.8;6.03384;0;0;0.1;0.01;0;5.02751;0;0;-1
0;295;-80.4033;44.5608;-28.1113;9.88358;4044.19;5.94285;0;0;0.1;0.01;0;3.28469;0;0;-1
0;296;-64.0815;-67.8784;-26.0019;8.5;2572.44;5.11093;0;0;0.1;0.01;0;2.51611;1;0;-1
0;297;-64.3794;-48.9914;-26.1263;8.77835;2833.53;5.27829;0;0;0.1;0.01;0;4.35851;0;0;-1
0;298;-64.5257;-31.2649;-25.462;9.74862;3880.77;5.8617;0;0;0.1;0.01;0;5.46813;0;0;-1
0;299;-64.4852;-12.8943;-26.9923;9.28066;3348.31;5.58033;0;0;0.1;0.01;0;5.55821;0;0;-1
0;300;-66.0776;4.44651;-26.025;8.5;2572.44;5.11093;0;0;0.1;0.01;0;5.93986;1;0;-1
0;301;-65.4705;20.2218;-26.936;8.59094;2655.89;5.16561;0;0;0.1;0.01;0;5.71286;0;0;-1
0;302;-64.6843;35.2174;-27.1729;10.0497;4251.56;6.04274;0;0;0.1;0.01;0;6.31007;0;0;-1
0;303;-64.5479;50.9162;-26.2294;9.27992;3347.51;5.57988;0;0;0.1;0.01;0;5.75075;0;0;-1
0;304;-66.6767;68.6709;-26.7111;9.4554;3541.02;5.68539;0;0;0.1;0.01;0;2.15073;0;0;-1
0;305;-49.709;-72.4996;-27.7892;8.99661;3050.18;5.40953;0;0;0.1;0.01;0;5.22894;0;0;-1
0;306;-49.6148;-58.1772;-26.2884;9.25063;3315.91;5.56227;0;0;0.1;0.01;0;6.29437;0;0;-1
0;307;-51.543;-39.7123;-26.3446;9.3425;3415.69;5.61751;0;0;0.1;0.01;0;6.00865;0;0;-1
0;308;-52.4105;-23.116;-27.5512;9.77632;3913.95;5.87836;0;0;0.1;0.01;0;6.55735;0;0;-1
0;309;-50.4825;-7.03602;-27.8134;9.73264;3861.72;5.8521;0;0;0.1;0.01;0;6.61016;0;0;-1
0;310;-53.0181;8.64861;-26.324;8.9409;2993.87;5.37603;0;0;0.1;0.01;0;5.4877;0;0;-1
0;311;-51.1141;26.7855;-24.4669;9.14375;3202.3;5.498;0;0;0.1;0.01;0;5.57784;0;0;-1
0;312;-49.989;45.5113;-24.8749;9.78011;3918.5;5.88064;0;0;0.1;0.01;0;7.33706;0;0;-1
0;313;-50.6661;62.4871;-25.5789;8.75947;2815.28;5.26694;0;0;0.1;0.01;0;6.08518;0;0;-1
0;314;-51.7954;78.4817;-28.2593;8.72318;2780.44;5.24512;0;0;0.1;0.01;0;2.65186;0;0;-1
0;315;-36.433;-82.1743;-26.5199;10.3133;4594.96;6.20124;0;0;0.1;0.01;0;6.19538;0;0;-1
0;316;-34.9856;-67.3079;-26.8036;8.88636;2939.41;5.34324;0;0;0.1;0.01;0;6.9907;0;0;-1
0;317;-38.3678;-47.1089;-27.1473;10.1598;4392.83;6.10894;0;0;0.1;0.01;0;5.71209;0;0;-1
0;318;-36.059;-30.0847;-26.0798;9.32899;3400.89;5.60939;0;0;0.1;0.01;0;6.11534;0;0;-1
0;319;-34.6356;-13.7593;-26.803;8.77558;2830.85;5.27663;0;0;0.1;0.01;0;5.01406;0;0;-1
0;320;-36.5848;4.31874;-27.4491;8.5;2572.44;5.11093;0;0;0.1;0.01;0;4.19272;1;0;-1
0;321;-38.3567;18.5475;-27.4824;9.50184;3593.45;5.71332;0;0;0.1;0.01;0;5.45475;0;0;-1
0;322;-38.2409;34.5877;-25.1765;8.5;2572.44;5.11093;0;0;0.1;0.01;0;5.50197;1;0;-1
0;323;-37.6452;52.2747;-27.8696;9.223;3286.29;5.54566;0;0;0.1;0.01;0;6.07315;0;0;-1
0;324;-38.2112;67.7229;-25.7659;8.5;2572.44;5.11093;0;0;0.1;0.01;0;4.48642;1;0;-1
0;325;-35.5394;85.8453;-24.9508;10.2803;4550.99;6.1814;0;0;0.1;0.01;0;3.74711;0;0;-1
0;326;-21.7856;-90.7777;-25.2881;10.3383;4628.45;6.21627;0;0;0.1;0.01;0;3.98645;0;0;-1
0;327;-20.5827;-73.0892;-27.0233;10.1729;4409.84;6.11682;0;0;0.1;0.01;0;8.27703;0;0;-1
0;328;-20.3461;-59.1624;-26.3087;9.74517;3876.65;5.85963;0;0;0.1;0.01;0;7.26693;0;0;-1
0;329;-22.0159;-40.5874;-26.6601;8.61701;2680.15;5.18128;0;0;0.1;0.01;0;4.98701;0;0;-1
0;330;-21.3629;-21.1057;-24.9758;10.094;4308.03;6.06938;0;0;0.1;0.01;0;6.84163;0;0;-1
0;331;-19.7202;-5.48626;-28.0819;8.5;2572.44;5.11093;0;0;0.1;0.01;0;4.64916;1;0;-1
0;332;-21.3075;11.806;-25.7722;8.5;2572.44;5.11093;0;0;0.1;0.01;0;4.00282;1;0;-1
0;333;-22.7743;28.7598;-27.7844;8.64731;2708.52;5.1995;0;0;0.1;0.01;0;5.10194;0;0;-1
0;334;-21.2663;44.7704;-27.8788;9.74786;3879.86;5.86125;0;0;0.1;0.01;0;5.84203;0;0;-1
0;335;-21.6915;62.1737;-26.6174;9.66986;3787.47;5.81435;0;0;0.1;0.01;0;6.33982;0;0;-1
0;336;-22.8402;78.7598;-27.9132;9.43208;3514.88;5.67137;0;0;0.1;0.01;0;5.63138;0;0;-1
0;337;-5.94106;-81.2671;-28.6492;9.37792;3454.68;5.63881;0;0;0.1;0.01;0;6.09238;0;0;-1
0;338;-7.90488;-66.6071;-26.3323;9.47884;3567.42;5.69949;0;0;0.1;0.01;0;6.6904;0;0;-1
0;339;-8.56349;-48.5923;-24.3797;9.13807;3196.33;5.49459;0;0;0.1;0.01;0;5.18465;0;0;-1
0;340;-8.20627;-29.6886;-25.5429;8.77274;2828.1;5.27492;0;0;0.1;0.01;0;5.56506;0;0;-1
0;341;-6.01335;-13.3251;-27.8126;9.41095;3491.31;5.65867;0;0;0.1;0.01;0;6.59643;0;0;-1
0;342;-5.49529;1.93295;-27.6467;8.53399;2603.42;5.13136;0;0;0.1;0.01;0;5.70875;0;0;-1
0;343;-6.60815;21.1304;-25.6287;9.60397;3710.57;5.77473;0;0;0.1;0.01;0;6.6998;0;0;-1
0;344;-7.09393;35.4072;-27.0966;9.34522;3418.67;5.61915;0;0;0.1;0.01;0;7.48367;0;0;-1
0;345;-7.93159;51.5131;-26.0265;8.65073;2711.73;5.20156;0;0;0.1;0.01;0;5.61117;0;0;-1
0;346;-9.34349;72.1619;-24.4864;8.6207;2683.59;5.1835;0;0;0.1;0.01;0;5.03766;0;0;-1
0;347;-9.10086;88.2413;-25.667;8.64271;2704.2;5.19674;0;0;0.1;0.01;0;3.97125;0;0;-1
0;348;9.34865;-90.4763;-25.4123;10.3115;4592.55;6.20016;0;0;0.1;0.01;0;4.2764;0;0;-1
0;349;6.59573;-75.7928;-25.3193;9.7822;3921.01;5.88189;0;0;0.1;0.01;0;6.6754;0;0;-1
0;350;9.44334;-58.6594;-25.7706;9.33001;3402;5.61;0;0;0.1;0.01;0;5.80879;0;0;-1
0;351;5.72628;-40.0285;-25.3954;9.62018;3729.39;5.78447;0;0;0.1;0.01;0;6.097;0;0;-1
0;352;8.26662;-25.5211;-26.5939;8.72878;2785.8;5.24849;0;0;0.1;0.01;0;5.85934;0;0;-1
0;353;9.02304;-8.76414;-27.6926;10.2426;4501.11;6.15873;0;0;0.1;0.01;0;6.79637;0;0;-1
0;354;5.51728;9.93757;-25.507;9.14542;3204.05;5.49901;0;0;0.1;0.01;0;4.58443;0;0;-1
0;355;9.43664;29.3294;-27.663;10.081;4291.4;6.06156;0;0;0.1;0.01;0;6.86143;0;0;-1
0;356;6.25268;44.0451;-25.2423;10.3766;4680.09;6.2393;0;0;0.1;0.01;0;7.20018;0;0;-1
0;357;6.86841;63.4081;-24.6235;10.1832;4423.25;6.12301;0;0;0.1;0.01;0;6.80694;0;0;-1
0;358;5.89807;78.2865;-28.0062;9.05381;3108.73;5.44392;0;0;0.1;0.01;0;5.55746;0;0;-1
0;359;8.24467;95.6197;-26.8444;10.0208;4214.98;6.02536;0;0;0.1;0.01;0;2.99625;0;0;-1
0;360;22.577;-82.3655;-25.2153;9.14669;3205.39;5.49977;0;0;0.1;0.01;0;4.65956;0;0;-1
0;361;23.7002;-65.9005;-25.4768;9.51617;3609.73;5.72193;0;0;0.1;0.01;0;5.43911;0;0;-1
0;362;23.2756;-47.2933;-27.4323;10.114;4333.69;6.0814;0;0;0.1;0.01;0;6.25886;0;0;-1
0;363;22.7921;-31.7613;-26.0517;9.7203;3847.05;5.84468;0;0;0.1;0.01;0;6.89792;0;0;-1
0;364;22.1277;-16.0897;-25.5858;10.0142;4206.66;6.02139;0;0;0.1;0.01;0;6.73032;0;0;-1
0;365;22.3172;1.01815;-26.8043;9.03568;3090.09;5.43302;0;0;0.1;0.01;0;5.17189;0;0;-1
0;366;23.3866;18.1879;-28.0125;9.62583;3735.97;5.78787;0;0;0.1;0.01;0;6.25434;0;0;-1
0;367;23.2509;34.9357;-27.518;9.48752;3577.23;5.70471;0;0;0.1;0.01;0;7.41964;0;0;-1
0;368;20.592;51.1107;-24.5148;9.78732;3927.17;5.88497;0;0;0.1;0.01;0;6.25926;0;0;-1
0;369;20.2885;69.1561;-26.954;9.41126;3491.66;5.65885;0;0;0.1;0.01;0;5.36081;0;0;-1
0;370;23.3599;84.5757;-24.8012;9.48309;3572.22;5.70204;0;0;0.1;0.01;0;4.89873;0;0;-1
0;371;38.0649;-75.9923;-27.0999;9.08221;3138.07;5.461;0;0;0.1;0.01;0;3.94032;0;0;-1
0;372;35.2259;-56.9146;-27.0362;8.68961;2748.46;5.22494;0;0;0.1;0.01;0;5.60719;0;0;-1
0;373;37.5312;-39.9437;-26.8238;9.92192;4091.44;5.96591;0;0;0.1;0.01;0;7.9675;0;0;-1
0;374;37.6893;-23.1664;-27.6914;9.98008;4163.81;6.00088;0;0;0.1;0.01;0;7.58991;0;0;-1
0;375;37.4539;-7.20871;-24.8384;9.68117;3800.77;5.82115;0;0;0.1;0.01;0;6.57079;0;0;-1
0;376;35.1293;8.91406;-26.7889;8.8148;2868.97;5.30021;0;0;0.1;0.01;0;5.30889;0;0;-1
0;377;37.2274;25.3891;-24.7133;9.96675;4147.15;5.99286;0;0;0.1;0.01;0;6.87915;0;0;-1
0;378;37.0152;42.1376;-27.1007;9.84583;3998.03;5.92015;0;0;0.1;0.01;0;6.57806;0;0;-1
0;379;38.4482;63.6796;-24.9012;8.5;2572.44;5.11093;0;0;0.1;0.01;0;4.58461;1;0;-1
0;380;36.7487;78.8134;-24.8761;8.5;2572.44;5.11093;0;0;0.1;0.01;0;4.35024;1;0;-1
0;381;50.4381;-66.648;-24.7841;10.2137;4463.11;6.14135;0;0;0.1;0.01;0;5.56893;0;0;-1
0;382;49.9643;-50.771;-25.2868;10.1728;4409.71;6.11676;0;0;0.1;0.01;0;6.85169;0;0;-1
0;383;50.0687;-33.4139;-25.0311;8.55599;2623.61;5.14459;0;0;0.1;0.01;0;5.20215;0;0;-1
0;384;52.7152;-15.5621;-26.8557;9.21838;3281.35;5.54288;0;0;0.1;0.01;0;6.25855;0;0;-1
0;385;51.8184;1.7333;-28.3325;10.0155;4208.3;6.02217;0;0;0.1;0.01;0;7.16919;0;0;-1
0;386;50.1097;17.7951;-28.5136;9.04577;3100.45;5.43909;0;0;0.1;0.01;0;6.16774;0;0;-1
0;387;50.3092;34.8934;-25.0661;9.38364;3461.01;5.64225;0;0;0.1;0.01;0;5.57656;0;0;-1
0;388;52.9784;54.7695;-24.6987;8.65695;2717.59;5.2053;0;0;0.1;0.01;0;4.39603;0;0;-1
0;389;52.2017;72.6227;-26.938;9.78828;3928.33;5.88555;0;0;0.1;0.01;0;4.37844;0;0;-1
0;390;66.3604;-59.2048;-27.6341;8.99162;3045.11;5.40653;0;0;0.1;0.01;0;4.13207;0;0;-1
0;391;66.6353;-42.2242;-25.0399;8.84857;2902.07;5.32052;0;0;0.1;0.01;0;5.48342;0;0;-1
0;392;67.4825;-23.2419;-24.872;10.3678;4668.19;6.23401;0;0;0.1;0.01;0;6.53743;0;0;-1
0;393;65.555;-5.59938;-26.9247;8.9529;3005.94;5.38325;0;0;0.1;0.01;0;6.84075;0;0;-1
0;394;66.5853;9.45505;-25.0959;9.2484;3313.51;5.56093;0;0;0.1;0.01;0;5.82294;0;0;-1
0;395;64.8752;25.4082;-25.6071;9.8348;3984.6;5.91352;0;0;0.1;0.01;0;4.80952;0;0;-1
0;396;66.383;46.505;-25.906;10.0347;4232.55;6.03372;0;0;0.1;0.01;0;5.81618;0;0;-1
0;397;65.0708;62.279;-27.5188;10.0508;4252.95;6.0434;0;0;0.1;0.01;0;4.96798;0;0;-1
0;398;79.4172;-51.2652;-25.8177;10.1042;4321.1;6.07551;0;0;0.1;0.01;0;2.17892;0;0;-1
0;399;81.8806;-34.2045;-24.8324;10.2512;4512.45;6.1639;0;0;0.1;0.01;0;3.41481;0;0;-1
0;400;80.7517;-16.8129;-25.3498;8.88357;2936.64;5.34156;0;0;0.1;0.01;0;4.46871;0;0;-1
0;401;79.7961;-0.230292;-26.2401;9.30496;3374.68;5.59494;0;0;0.1;0.01;0;4.87235;0;0;-1
0;402;83.2188;17.7949;-25.2688;9.79833;3940.44;5.89159;0;0;0.1;0.01;0;4.14563;0;0;-1
0;403;79.0959;33.7657;-27.9931;8.5;2572.44;5.11093;0;0;0.1;0.01;0;3.36642;1;0;-1
0;404;79.3726;54.6235;-26.5417;10.3516;4646.34;6.22427;0;0;0.1;0.01;0;2.70743;0;0;-1
0;405;-98.4431;0.961557;-11.8082;10.2755;4544.62;6.17851;0;0;0.1;0.01;0;3.70423;0;0;-1
0;406;-84.2835;-42.0832;-11.2503;9.08598;3141.98;5.46327;0;0;0.1;0.01;0;3.46778;0;0;-1
0;407;-84.3732;-23.5405;-10.3061;10.4098;4725.15;6.25926;0;0;0.1;0.01;0;5.70394;0;0;-1
0;408;-85.2158;-7.13478;-12.488;8.91246;2965.39;5.35893;0;0;0.1;0.01;0;5.26854;0;0;-1
0;409;-83.3474;11.6472;-11.9312;10.149;4378.83;6.10245;0;0;0.1;0.01;0;5.92219;0;0;-1
0;410;-84.8109;29.1421;-12.4296;8.5;2572.44;5.11093;0;0;0.1;0.01;0;4.12938;1;0;-1
0;411;-84.0308;42.497;-11.3146;9.39125;3469.44;5.64682;0;0;0.1;0.01;0;4.12706;0;0;-1
0;412;-70.8154;-68.4427;-10.0623;8.78734;2842.24;5.2837;0;0;0.1;0.01;0;2.13502;0;0;-1
0;413;-69.2276;-49.2683;-11.9958;9.51949;3613.51;5.72393;0;0;0.1;0.01;0;4.76748;0;0;-1
0;414;-69.8911;-32.5579;-10.1372;9.37135;3447.43;5.63486;0;0;0.1;0.01;0;6.7962;0;0;-1
0;415;-72.164;-15.7384;-11.6921;9.40543;3485.17;5.65535;0;0;0.1;0.01;0;6.58601;0;0;-1
0;416;-70.7996;3.17351;-10.3169;8.76929;2824.76;5.27285;0;0;0.1;0.01;0;6.072;0;0;-1
0;417;-68.3508;17.3755;-12.9555;8.58719;2652.42;5.16335;0;0;0.1;0.01;0;4.93134;0;0;-1
0;418;-69.4934;36.471;-11.9849;9.59908;3704.91;5.77179;0;0;0.1;0.01;0;6.34038;0;0;-1
0;419;-71.9169;53.7854;-13.0268;8.9755;3028.76;5.39684;0;0;0.1;0.01;0;4.41641;0;0;-1
0;420;-54.2918;-75.1318;-9.72339;8.85847;2911.82;5.32647;0;0;0.1;0.01;0;3.81438;0;0;-1
0;421;-56.6161;-58.2383;-12.352;9.39962;3478.72;5.65186;0;0;0.1;0.01;0;5.38488;0;0;-1
0;422;-57.3285;-39.2037;-10.3168;8.57706;2643.04;5.15726;0;0;0.1;0.01;0;5.56499;0;0;-1
0;423;-57.313;-23.9538;-11.8641;8.5;2572.44;5.11093;0;0;0.1;0.01;0;5.49264;1;0;-1
0;424;-55.2376;-7.22046;-11.8101;9.00601;3059.75;5.41518;0;0;0.1;0.01;0;5.50025;0;0;-1
0;425;-54.3059;8.59973;-12.5432;10.0595;4264.01;6.04863;0;0;0.1;0.01;0;5.98784;0;0;-1
0;426;-57.3372;29.7701;-12.8176;8.5;2572.44;5.11093;0;0;0.1;0.01;0;5.63815;1;0;-1
0;427;-55.1152;44.7214;-11.8298;9.28257;3350.37;5.58147;0;0;0.1;0.01;0;6.8576;0;0;-1
0;428;-57.9504;60.0316;-10.6895;9.74725;3879.14;5.86088;0;0;0.1;0.01;0;5.45114;0;0;-1
0;429;-42.7886;-83.6457;-13.2518;10.0889;4301.5;6.06631;0;0;0.1;0.01;0;4.25717;0;0;-1
0;430;-39.3549;-64.6244;-11.569;9.79525;3936.73;5.88974;0;0;0.1;0.01;0;5.61006;0;0;-1
0;431;-41.0516;-49.355;-10.6947;8.52157;2592.07;5.1239;0;0;0.1;0.01;0;5.07862;0;0;-1
0;432;-41.2219;-32.6034;-12.3614;9.80366;3946.87;5.8948;0;0;0.1;0.01;0;6.13846;0;0;-1
0;433;-42.083;-14.3476;-13.5216;10.014;4206.41;6.02127;0;0;0.1;0.01;0;6.08368;0;0;-1
0;434;-40.9208;3.072;-10.7857;9.48602;3575.53;5.70381;0;0;0.1;0.01;0;5.76765;0;0;-1
0;435;-39.4044;20.0882;-11.2096;10.0097;4200.99;6.01869;0;0;0.1;0.01;0;6.2763;0;0;-1
0;436;-42.1269;36.905;-13.1683;9.33057;3402.62;5.61034;0;0;0.1;0.01;0;7.19973;0;0;-1
0;437;-42.6537;52.2151;-12.6242;8.5;2572.44;5.11093;0;0;0.1;0.01;0;5.0525;1;0;-1
0;438;-43.0075;70.6851;-12.5533;8.74544;2801.78;5.25851;0;0;0.1;0.01;0;4.72221;0;0;-1
0;439;-43.2526;85.1322;-13.336;8.5;2572.44;5.11093;0;0;0.1;0.01;0;3.42542;1;0;-1
0;440;-27.9014;-93.1808;-13.0851;9.62079;3730.1;5.78484;0;0;0.1;0.01;0;4.31832;0;0;-1
0;441;-28.1483;-76.871;-13.0037;10.1441;4372.49;6.0995;0;0;0.1;0.01;0;7.05544;0;0;-1
0;442;-24.6967;-56.5741;-12.2851;10.3899;4698.1;6.2473;0;0;0.1;0.01;0;7.30643;0;0;-1
0;443;-27.3663;-41.7537;-10.1892;10.4383;4764.07;6.2764;0;0;0.1;0.01;0;7.63132;0;0;-1
0;444;-26.6302;-22.2853;-11.8621;10.2193;4470.46;6.14472;0;0;0.1;0.01;0;6.64808;0;0;-1
0;445;-24.9532;-7.30659;-10.3195;8.54228;2611.02;5.13635;0;0;0.1;0.01;0;4.69684;0;0;-1
0;446;-25.1359;9.14792;-10.2576;9.43114;3513.83;5.67081;0;0;0.1;0.01;0;5.17352;0;0;-1
0;447;-27.4331;28.4676;-10.5812;10.2555;4518.13;6.16648;0;0;0.1;0.01;0;6.15086;0;0;-1
0;448;-28.3051;42.9585;-10.7763;9.06343;3118.65;5.44971;0;0;0.1;0.01;0;5.62778;0;0;-1
0;449;-24.4445;59.0663;-12.8504;8.80537;2859.77;5.29454;0;0;0.1;0.01;0;4.53484;0;0;-1
0;450;-24.7772;77.6988;-12.2478;9.85517;4009.41;5.92577;0;0;0.1;0.01;0;6.45119;0;0;-1
0;451;-24.8593;94.6733;-14.0146;10.1999;4445.05;6.13305;0;0;0.1;0.01;0;3.54481;0;0;-1
0;452;-13.5487;-83.3038;-11.0794;8.5;2572.44;5.11093;0;0;0.1;0.01;0;4.45486;1;0;-1
0;453;-12.7715;-65.4521;-13.2575;8.5;2572.44;5.11093;0;0;0.1;0.01;0;5.52427;1;0;-1
0;454;-12.6926;-48.4378;-9.7127;9.49539;3586.14;5.70944;0;0;0.1;0.01;0;6.6063;0;0;-1
0;455;-11.4446;-32.3664;-11.7584;10.4018;4714.27;6.25445;0;0;0.1;0.01;0;7.25789;0;0;-1
0;456;-10.3953;-14.2719;-10.7234;8.5;2572.44;5.11093;0;0;0.1;0.01;0;6.05964;1;0;-1
0;457;-10.7163;0.962531;-11.6036;10.2021;4447.92;6.13437;0;0;0.1;0.01;0;7.16025;0;0;-1
0;458;-10.7299;16.973;-11.6241;9.08701;3143.05;5.46389;0;0;0.1;0.01;0;5.76862;0;0;-1
0;459;-11.5937;34.2423;-12.5393;8.56015;2627.44;5.14709;0;0;0.1;0.01;0;4.61959;0;0;-1
0;460;-10.3564;50.9658;-10.6059;8.54843;2616.66;5.14005;0;0;0.1;0.01;0;5.22138;0;0;-1
0;461;-10.5241;67.418;-11.6309;9.0735;3129.05;5.45576;0;0;0.1;0.01;0;5.90982;0;0;-1
0;462;-11.7009;87.2568;-12.4352;8.5;2572.44;5.11093;0;0;0.1;0.01;0;4.79401;1;0;-1
0;463;4.39327;-91.5496;-10.5877;8.69412;2752.74;5.22765;0;0;0.1;0.01;0;3.76643;0;0;-1
0;464;1.54581;-75.993;-12.1254;8.5;2572.44;5.11093;0;0;0.1;0.01;0;5.49025;1;0;-1
0;465;1.34839;-59.4761;-12.855;8.86284;2916.13;5.3291;0;0;0.1;0.01;0;6.06247;0;0;-1
0;466;1.68198;-41.2646;-12.6237;9.63019;3741.05;5.79049;0;0;0.1;0.01;0;6.5366;0;0;-1
0;467;1.26579;-21.5708;-10.4659;9.21799;3280.93;5.54264;0;0;0.1;0.01;0;6.60864;0;0;-1
0;468;1.59797;-7.44749;-12.1243;8.63646;2698.34;5.19298;0;0;0.1;0.01;0;6.12589;0;0;-1
0;469;3.282;8.17171;-12.2759;10.1133;4332.79;6.08098;0;0;0.1;0.01;0;6.21248;0;0;-1
0;470;3.1925;25.1296;-13.5511;9.05314;3108.04;5.44352;0;0;0.1;0.01;0;4.72386;0;0;-1
0;471;1.98698;43.7639;-10.4958;9.3009;3370.26;5.5925;0;0;0.1;0.01;0;5.57696;0;0;-1
0;472;2.33375;59.5238;-10.7514;9.45512;3540.71;5.68523;0;0;0.1;0.01;0;6.58658;0;0;-1
0;473;2.70369;76.7501;-10.3986;8.91847;2971.39;5.36255;0;0;0.1;0.01;0;6.03183;0;0;-1
0;474;3.09479;94.0415;-11.468;10.2647;4530.3;6.17202;0;0;0.1;0.01;0;4.45849;0;0;-1
0;475;18.8201;-85.1792;-10.5419;9.35595;3430.46;5.6256;0;0;0.1;0.01;0;5.7996;0;0;-1
0;476;16.0709;-68.191;-10.517;9.47166;3559.32;5.69517;0;0;0.1;0.01;0;6.35392;0;0;-1
0;477;15.9669;-51.4712;-9.8724;9.86583;4022.44;5.93218;0;0;0.1;0.01;0;5.77891;0;0;-1
0;478;15.5211;-33.3887;-10.5194;9.65096;3765.3;5.80298;0;0;0.1;0.01;0;5.7435;0;0;-1
0;479;16.0392;-16.2977;-11.4645;8.57311;2639.39;5.15489;0;0;0.1;0.01;0;5.90952;0;0;-1
0;480;16.4163;1.12006;-11.464;9.38448;3461.94;5.64275;0;0;0.1;0.01;0;5.58045;0;0;-1
0;481;19.4878;20.9005;-10.8781;9.88972;4051.73;5.94655;0;0;0.1;0.01;0;6.05048;0;0;-1
0;482;19.621;38.1872;-13.1639;8.5;2572.44;5.11093;0;0;0.1;0.01;0;5.08635;1;0;-1
0;483;18.1867;54.5321;-11.4728;8.5;2572.44;5.11093;0;0;0.1;0.01;0;4.93047;1;0;-1
0;484;17.3053;71.4344;-10.323;10.3965;4707.06;6.25126;0;0;0.1;0.01;0;7.11076;0;0;-1
0;485;15.6988;84.9736;-12.5742;8.5;2572.44;5.11093;0;0;0.1;0.01;0;5.45077;1;0;-1
0;486;31.945;-93.7282;-12.0418;8.83098;2884.8;5.30994;0;0;0.1;0.01;0;1.85665;0;0;-1
0;487;33.3616;-76.6514;-12.3241;9.41174;3492.19;5.65914;0;0;0.1;0.01;0;5.65341;0;0;-1
0;488;32.8894;-55.3932;-10.3539;9.45135;3536.47;5.68296;0;0;0.1;0.01;0;4.993;0;0;-1
0;489;34.171;-38.892;-10.1249;9.62386;3733.67;5.78669;0;0;0.1;0.01;0;6.14268;0;0;-1
0;490;31.2309;-21.3565;-12.2836;9.89423;4057.28;5.94926;0;0;0.1;0.01;0;7.10828;0;0;-1
0;491;33.1375;-6.33988;-10.7743;8.88235;2935.43;5.34083;0;0;0.1;0.01;0;5.56327;0;0;-1
0;492;33.4996;11.7962;-12.9111;10.3784;4682.52;6.24038;0;0;0.1;0.01;0;7.01916;0;0;-1
0;493;31.4702;29.0523;-10.8365;9.24443;3309.25;5.55854;0;0;0.1;0.01;0;6.82223;0;0;-1
0;494;33.5357;46.2611;-13.2484;9.56238;3662.58;5.74972;0;0;0.1;0.01;0;5.98794;0;0;-1
0;495;32.7904;63.4907;-10.3717;8.6173;2680.42;5.18146;0;0;0.1;0.01;0;5.98421;0;0;-1
0;496;32.2642;79.3791;-10.125;10.0567;4260.45;6.04695;0;0;0.1;0.01;0;6.38692;0;0;-1
0;497;45.9696;-82.9394;-10.7908;8.5;2572.44;5.11093;0;0;0.1;0.01;0;4.15576;1;0;-1
0;498;48.1298;-67.889;-11.4506;9.53328;3629.24;5.73222;0;0;0.1;0.01;0;6.01415;0;0;-1
0;499;47.7009;-47.7307;-11.9683;9.34097;3414.01;5.61659;0;0;0.1;0.01;0;6.11529;0;0;-1
0;500;48.6188;-31.7055;-12.519;9.05733;3112.36;5.44604;0;0;0.1;0.01;0;5.54033;0;0;-1
0;501;45.5534;-14.7396;-10.9494;9.15165;3210.6;5.50275;0;0;0.1;0.01;0;6.26769;0;0;-1
0;502;46.5938;0.436544;-11.0272;10.1585;4391.14;6.10816;0;0;0.1;0.01;0;7.44579;0;0;-1
0;503;47.7361;18.1179;-13.4374;10.1742;4411.53;6.1176;0;0;0.1;0.01;0;7.74668;0;0;-1
0;504;47.902;34.6482;-10.5424;9.51622;3609.79;5.72196;0;0;0.1;0.01;0;6.42858;0;0;-1
0;505;45.9451;55.1945;-12.5001;8.5;2572.44;5.11093;0;0;0.1;0.01;0;5.01806;1;0;-1
0;506;46.2848;68.4955;-10.0131;9.24156;3306.16;5.55682;0;0;0.1;0.01;0;6.17038;0;0;-1
0;507;47.6963;85.6465;-13.0942;8.6403;2701.94;5.19529;0;0;0.1;0.01;0;2.33782;0;0;-1
0;508;61.0949;-74.2462;-11.2865;10.3036;4582.01;6.19541;0;0;0.1;0.01;0;3.19858;0;0;-1
0;509;60.3104;-56.0659;-13.3007;9.61516;3723.56;5.78146;0;0;0.1;0.01;0;6.39449;0;0;-1
0;510;61.4426;-42.1497;-11.6183;9.39919;3478.24;5.6516;0;0;0.1;0.01;0;6.41242;0;0;-1
0;511;62.579;-25.7821;-11.8615;9.28468;3352.66;5.58274;0;0;0.1;0.01;0;5.84232;0;0;-1
0;512;62.7408;-7.65352;-11.5002;9.83406;3983.7;5.91308;0;0;0.1;0.01;0;6.46776;0;0;-1
0;513;60.7355;9.37286;-12.8123;10.2245;4477.29;6.14784;0;0;0.1;0.01;0;6.65882;0;0;-1
0;514;61.9711;28.7515;-10.2241;9.92591;4096.37;5.96831;0;0;0.1;0.01;0;6.30927;0;0;-1
0;515;62.6762;45.9882;-11.128;9.50542;3597.51;5.71547;0;0;0.1;0.01;0;5.70364;0;0;-1
0;516;63.2349;63.5929;-10.8012;10.0981;4313.28;6.07184;0;0;0.1;0.01;0;5.33143;0;0;-1
0;517;61.0448;77.9253;-13.7918;8.90529;2958.24;5.35462;0;0;0.1;0.01;0;2.77287;0;0;-1
0;518;77.6041;-47.5307;-10.8095;8.5;2572.44;5.11093;0;0;0.1;0.01;0;3.8923;1;0;-1
0;519;77.3367;-30.0371;-11.2411;8.60685;2670.68;5.17517;0;0;0.1;0.01;0;5.62819;0;0;-1
0;520;75.298;-14.443;-10.8526;10.4528;4783.95;6.28512;0;0;0.1;0.01;0;7.80127;0;0;-1
0;521;74.94;1.1221;-10.9965;8.5;2572.44;5.11093;0;0;0.1;0.01;0;6.16643;1;0;-1
0;522;76.6069;18.0128;-13.3393;8.69993;2758.26;5.23114;0;0;0.1;0.01;0;5.74972;0;0;-1
0;523;75.0664;34.8514;-12.7087;8.5;2572.44;5.11093;0;0;0.1;0.01;0;5.25368;1;0;-1
0;524;75.3426;51.4806;-10.2291;9.24246;3307.13;5.55736;0;0;0.1;0.01;0;5.72079;0;0;-1
0;525;89.5864;-22.1748;-11.9557;8.5;2572.44;5.11093;0;0;0.1;0.01;0;3.79027;1;0;-1
0;526;90.0687;-4.25334;-10.1448;9.67018;3787.85;5.81454;0;0;0.1;0.01;0;4.11998;0;0;-1
0;527;89.5535;12.0093;-11.0194;8.94815;3001.15;5.38039;0;0;0.1;0.01;0;4.80336;0;0;-1
0;528;89.4262;27.0295;-11.2004;8.57982;2645.59;5.15892;0;0;0.1;0.01;0;4.51437;0;0;-1
0;529;89.239;43.5623;-9.84215;10.0381;4236.85;6.03576;0;0;0.1;0.01;0;3.29403;0;0;-1
0;530;-93.9374;-16.5784;2.39494;9.45997;3546.16;5.68814;0;0;0.1;0.01;0;3.17006;0;0;-1
0;531;-95.6857;2.72882;3.43337;9.65336;3768.11;5.80443;0;0;0.1;0.01;0;3.78318;0;0;-1
0;532;-95.9076;18.6895;2.16451;10.2032;4449.36;6.13504;0;0;0.1;0.01;0;3.2383;0;0;-1
0;533;-79.6762;-55.9223;3.03915;8.5;2572.44;5.11093;0;0;0.1;0.01;0;2.63964;1;0;-1
0;534;-82.6279;-41.5207;4.68131;9.80047;3943.02;5.89288;0;0;0.1;0.01;0;4.17545;0;0;-1
0;535;-80.5991;-23.2279;2.97589;9.80139;3944.13;5.89343;0;0;0.1;0.01;0;6.45383;0;0;-1
0;536;-79.8665;-6.13648;3.72297;9.46528;3552.13;5.69134;0;0;0.1;0.01;0;5.92405;0;0;-1
0;537;-81.7939;10.357;2.7149;8.90491;2957.86;5.35439;0;0;0.1;0.01;0;4.708;0;0;-1
0;538;-80.6019;25.4933;1.20745;8.5;2572.44;5.11093;0;0;0.1;0.01;0;3.696;1;0;-1
0;539;-82.6821;44.0777;2.76855;10.2457;4505.19;6.16059;0;0;0.1;0.01;0;4.42247;0;0;-1
0;540;-78.9049;61.1267;3.37722;9.4202;3501.62;5.66423;0;0;0.1;0.01;0;2.55946;0;0;-1
0;541;-63.8843;-65.5093;1.67704;8.86781;2921.04;5.33209;0;0;0.1;0.01;0;4.00881;0;0;-1
0;542;-64.2799;-47.2872;4.39928;10.2617;4526.33;6.17021;0;0;0.1;0.01;0;6.23393;0;0;-1
0;543;-68.3906;-33.0482;3.55394;8.92266;2975.58;5.36507;0;0;0.1;0.01;0;5.75979;0;0;-1
0;544;-67.7955;-14.8205;1.72284;10.4365;4761.6;6.27532;0;0;0.1;0.01;0;6.92672;0;0;-1
0;545;-67.1954;0.397225;3.73749;10.3306;4618.12;6.21164;0;0;0.1;0.01;0;6.93342;0;0;-1
0;546;-64.7302;17.128;3.37017;10.4477;4776.95;6.28205;0;0;0.1;0.01;0;6.01962;0;0;-1
0;547;-65.1791;36.5229;3.09469;10.4249;4745.74;6.26834;0;0;0.1;0.01;0;6.60329;0;0;-1
0;548;-65.5661;52.0288;3.22752;9.47993;3568.65;5.70014;0;0;0.1;0.01;0;5.48012;0;0;-1
0;549;-64.9437;70.4084;3.16767;8.5;2572.44;5.11093;0;0;0.1;0.01;0;2.35032;1;0;-1
0;550;-49.9091;-75.3368;3.24311;8.5823;2647.89;5.16041;0;0;0.1;0.01;0;5.00602;0;0;-1
0;551;-50.3467;-59.3875;4.21231;8.71413;2771.79;5.23968;0;0;0.1;0.01;0;5.50598;0;0;-1
0;552;-50.9519;-42.3313;3.34179;8.72965;2786.63;5.24901;0;0;0.1;0.01;0;5.46241;0;0;-1
0;553;-52.1183;-24.4726;3.65306;8.58632;2651.61;5.16283;0;0;0.1;0.01;0;4.18515;0;0;-1
0;554;-49.6394;-5.38008;2.14858;8.5;2572.44;5.11093;0;0;0.1;0.01;0;4.35361;1;0;-1
0;555;-52.3039;10.0579;3.75226;8.5;2572.44;5.11093;0;0;0.1;0.01;0;4.98683;1;0;-1
0;556;-52.7551;25.835;2.70492;8.5;2572.44;5.11093;0;0;0.1;0.01;0;5.48543;1;0;-1
0;557;-50.2691;42.9843;5.11576;9.8444;3996.28;5.91929;0;0;0.1;0.01;0;5.97381;0;0;-1
0;558;-50.7554;63.4588;1.83225;9.04923;3104.01;5.44117;0;0;0.1;0.01;0;5.21438;0;0;-1
0;559;-51.4574;78.1195;1.28474;9.76208;3896.87;5.8698;0;0;0.1;0.01;0;4.43588;0;0;-1
0;560;-34.9782;-84.0143;3.44218;9.36644;3442.01;5.6319;0;0;0.1;0.01;0;5.15557;0;0;-1
0;561;-38.5023;-67.3867;3.2455;9.15764;3216.91;5.50636;0;0;0.1;0.01;0;5.35444;0;0;-1
0;562;-36.7038;-50.3924;4.11823;8.5;2572.44;5.11093;0;0;0.1;0.01;0;5.17425;1;0;-1
0;563;-35.8348;-32.6221;2.67636;9.95707;4135.07;5.98704;0;0;0.1;0.01;0;6.05253;0;0;-1
0;564;-38.0787;-14.0907;3.15114;8.97516;3028.41;5.39663;0;0;0.1;0.01;0;4.98255;0;0;-1
0;565;-36.6313;3.18103;4.03542;8.90095;2953.91;5.35201;0;0;0.1;0.01;0;5.85538;0;0;-1
0;566;-38.1389;19.9735;2.91665;10.1518;4382.46;6.10413;0;0;0.1;0.01;0;6.86633;0;0;-1
0;567;-38.1959;36.3073;1.02941;8.89588;2948.87;5.34896;0;0;0.1;0.01;0;5.93166;0;0;-1
0;568;-35.4201;50.8417;2.86341;9.82839;3976.82;5.90967;0;0;0.1;0.01;0;5.01467;0;0;-1
0;569;-35.748;71.7412;1.34297;10.4423;4769.55;6.2788;0;0;0.1;0.01;0;6.28553;0;0;-1
0;570;-35.3298;87.8872;3.29095;9.58234;3685.56;5.76172;0;0;0.1;0.01;0;5.14512;0;0;-1
0;571;-20.7804;-93.6556;1.59652;9.51832;3612.18;5.72323;0;0;0.1;0.01;0;4.31404;0;0;-1
0;572;-20.5662;-76.6087;4.59379;8.53528;2604.61;5.13214;0;0;0.1;0.01;0;5.26532;0;0;-1
0;573;-23.6246;-57.6401;1.54343;9.2155;3278.27;5.54115;0;0;0.1;0.01;0;6.00299;0;0;-1
0;574;-23.2247;-40.3602;2.1452;9.25268;3318.11;5.5635;0;0;0.1;0.01;0;6.41639;0;0;-1
0;575;-21.1647;-23.0789;3.56736;8.5;2572.44;5.11093;0;0;0.1;0.01;0;5.3987;1;0;-1
0;576;-20.5819;-5.19464;3.34357;8.55675;2624.31;5.14505;0;0;0.1;0.01;0;6.16126;0;0;-1
0;577;-20.193;9.99272;4.07081;10.1133;4332.79;6.08098;0;0;0.1;0.01;0;6.89952;0;0;-1
0;578;-23.9422;27.5239;1.89034;8.5874;2652.61;5.16348;0;0;0.1;0.01;0;3.9923;0;0;-1
0;579;-19.9316;46.9969;1.82988;9.19996;3261.72;5.5318;0;0;0.1;0.01;0;4.54663;0;0;-1
0;580;-22.0303;63.3232;2.16385;9.89483;4058.01;5.94962;0;0;0.1;0.01;0;6.65741;0;0;-1
0;581;-22.1855;77.5573;1.90493;9.60554;3712.39;5.77567;0;0;0.1;0.01;0;6.19835;0;0;-1
0;582;-23.367;96.2373;1.35832;9.90756;4073.7;5.95727;0;0;0.1;0.01;0;3.41864;0;0;-1
0;583;-7.07033;-98.9523;0.927104;10.0776;4287.06;6.05951;0;0;0.1;0.01;0;2.97455;0;0;-1
0;584;-5.64787;-81.058;3.71055;8.73414;2790.93;5.25171;0;0;0.1;0.01;0;5.62768;0;0;-1
0;585;-9.08256;-66.6495;2.77149;10.3839;4689.97;6.24369;0;0;0.1;0.01;0;5.75115;0;0;-1
0;586;-7.63483;-49.2511;2.31215;8.64791;2709.08;5.19986;0;0;0.1;0.01;0;5.09563;0;0;-1
0;587;-7.46606;-29.9745;2.51982;9.4445;3528.79;5.67884;0;0;0.1;0.01;0;6.35264;0;0;-1
0;588;-8.77804;-14.1954;3.11666;9.71029;3835.18;5.83866;0;0;0.1;0.01;0;6.88173;0;0;-1
0;589;-7.88875;1.80551;3.77472;8.5;2572.44;5.11093;0;0;0.1;0.01;0;5.8993;1;0;-1
0;590;-6.29504;17.3572;1.34255;8.51996;2590.61;5.12293;0;0;0.1;0.01;0;5.93136;0;0;-1
0;591;-6.16446;34.6543;3.7026;9.22465;3288.05;5.54665;0;0;0.1;0.01;0;5.50802;0;0;-1
0;592;-5.75778;51.8024;3.54322;8.5;2572.44;5.11093;0;0;0.1;0.01;0;5.8699;1;0;-1
0;593;-7.56857;71.7858;2.32999;10.3283;4615.04;6.21026;0;0;0.1;0.01;0;6.85511;0;0;-1
0;594;-9.20766;88.3765;3.68182;9.77079;3907.31;5.87503;0;0;0.1;0.01;0;4.97557;0;0;-1
0;595;8.04299;-92.1733;3.09983;8.71605;2773.63;5.24083;0;0;0.1;0.01;0;4.70562;0;0;-1
0;596;8.63651;-76.0918;1.82813;9.61678;3725.44;5.78243;0;0;0.1;0.01;0;7.03997;0;0;-1
0;597;5.95243;-58.9233;1.69004;10.096;4310.59;6.07058;0;0;0.1;0.01;0;6.91998;0;0;-1
0;598;7.03768;-42.7379;3.58887;9.83689;3987.15;5.91478;0;0;0.1;0.01;0;6.7269;0;0;-1
0;599;7.54836;-24.9335;1.84887;9.5353;3631.55;5.73344;0;0;0.1;0.01;0;6.50713;0;0;-1
0;600;9.3578;-8.46351;4.44304;10.1237;4346.17;6.08723;0;0;0.1;0.01;0;5.93055;0;0;-1
0;601;5.73523;10.4473;2.77866;8.89902;2951.99;5.35085;0;0;0.1;0.01;0;4.95958;0;0;-1
0;602;7.62965;25.4209;2.11816;9.91149;4078.55;5.95964;0;0;0.1;0.01;0;6.08921;0;0;-1
0;603;8.38291;44.0605;2.35116;8.5;2572.44;5.11093;0;0;0.1;0.01;0;5.04605;1;0;-1
0;604;6.91442;60.3873;1.62561;8.5;2572.44;5.11093;0;0;0.1;0.01;0;5.65738;1;0;-1
0;605;8.80385;76.5048;2.68009;8.62821;2690.61;5.18802;0;0;0.1;0.01;0;5.79771;0;0;-1
0;606;5.61571;97.9068;1.52175;9.70502;3828.93;5.83549;0;0;0.1;0.01;0;2.82514;0;0;-1
0;607;20.4566;-85.2865;2.17588;8.5;2572.44;5.11093;0;0;0.1;0.01;0;4.15309;1;0;-1
0;608;23.7052;-66.3247;2.73776;10.1485;4378.19;6.10215;0;0;0.1;0.01;0;5.92375;0;0;-1
0;609;22.3814;-47.3561;4.37729;8.61569;2678.91;5.18049;0;0;0.1;0.01;0;4.58425;0;0;-1
0;610;21.7409;-31.0899;1.4744;8.5;2572.44;5.11093;0;0;0.1;0.01;0;5.78968;1;0;-1
0;611;21.4336;-14.7093;1.49518;8.5;2572.44;5.11093;0;0;0.1;0.01;0;5.46873;1;0;-1
0;612;23.2002;4.33757;1.19916;9.49255;3582.92;5.70773;0;0;0.1;0.01;0;5.44777;0;0;-1
0;613;23.3907;20.8332;4.6753;9.56391;3664.33;5.75064;0;0;0.1;0.01;0;6.83883;0;0;-1
0;614;21.9813;37.2937;4.96102;8.5;2572.44;5.11093;0;0;0.1;0.01;0;5.66032;1;0;-1
0;615;22.7768;51.422;3.72337;9.88732;4048.78;5.9451;0;0;0.1;0.01;0;6.64414;0;0;-1
0;616;21.1352;67.7519;1.6584;9.16445;3224.09;5.51045;0;0;0.1;0.01;0;5.95883;0;0;-1
0;617;21.4051;89.4947;1.13708;10.1186;4339.6;6.08417;0;0;0.1;0.01;0;4.04395;0;0;-1
0;618;38.0441;-75.9263;1.6584;9.44408;3528.32;5.67859;0;0;0.1;0.01;0;6.03343;0;0;-1
0;619;38.5538;-59.6001;4.02483;8.64248;2703.98;5.1966;0;0;0.1;0.01;0;5.2265;0;0;-1
0;620;34.9019;-40.1483;3.41453;8.9796;3032.91;5.3993;0;0;0.1;0.01;0;5.44869;0;0;-1
0;621;35.046;-25.722;1.19754;9.54414;3641.66;5.73875;0;0;0.1;0.01;0;6.10532;0;0;-1
0;622;38.02;-8.84993;4.48354;9.35846;3433.22;5.62711;0;0;0.1;0.01;0;6.01297;0;0;-1
0;623;37.2367;9.08684;1.45369;9.51894;3612.89;5.7236;0;0;0.1;0.01;0;5.74637;0;0;-1
0;624;36.6638;27.25;2.87338;9.98295;4167.4;6.0026;0;0;0.1;0.01;0;6.51284;0;0;-1
0;625;35.9291;44.5346;1.21324;10.3932;4702.58;6.24928;0;0;0.1;0.01;0;6.87824;0;0;-1
0;626;36.101;62.706;3.83193;10.293;4567.88;6.18903;0;0;0.1;0.01;0;7.82409;0;0;-1
0;627;37.6624;80.0045;2.52702;10.395;4705.03;6.25036;0;0;0.1;0.01;0;5.13965;0;0;-1
0;628;50.8404;-83.5294;2.89645;8.5;2572.44;5.11093;0;0;0.1;0.01;0;2.9891;1;0;-1
0;629;52.1823;-64.6136;4.04808;9.83279;3982.16;5.91231;0;0;0.1;0.01;0;5.58606;0;0;-1
0;630;50.3226;-48.4712;3.25957;10.1367;4362.93;6.09505;0;0;0.1;0.01;0;6.36188;0;0;-1
0;631;53.3996;-33.6509;4.79313;8.5;2572.44;5.11093;0;0;0.1;0.01;0;5.81138;1;0;-1
0;632;51.3837;-15.8249;2.99534;8.60239;2666.53;5.17249;0;0;0.1;0.01;0;5.11804;0;0;-1
0;633;52.1566;1.13738;2.4669;8.51441;2585.55;5.11959;0;0;0.1;0.01;0;5.43455;0;0;-1
0;634;52.3794;17.0489;1.66517;9.47502;3563.11;5.69719;0;0;0.1;0.01;0;7.31217;0;0;-1
0;635;50.1828;34.3868;2.73509;9.80689;3950.78;5.89674;0;0;0.1;0.01;0;6.23157;0;0;-1
0;636;51.3777;54.6322;4.6954;8.5;2572.44;5.11093;0;0;0.1;0.01;0;5.01723;1;0;-1
0;637;50.005;67.712;3.26101;9.09874;3155.24;5.47094;0;0;0.1;0.01;0;4.69937;0;0;-1
0;638;68.0559;-56.0614;4.68375;9.91865;4087.39;5.96394;0;0;0.1;0.01;0;4.38783;0;0;-1
0;639;67.5946;-39.0421;2.40531;9.67029;3787.97;5.81461;0;0;0.1;0.01;0;7.09005;0;0;-1
0;640;64.7315;-24.1617;3.89797;8.59961;2663.94;5.17082;0;0;0.1;0.01;0;5.67734;0;0;-1
0;641;67.8249;-6.65763;4.42736;8.5;2572.44;5.11093;0;0;0.1;0.01;0;4.86736;1;0;-1
0;642;65.6291;12.1998;3.83288;10.2544;4516.68;6.16582;0;0;0.1;0.01;0;6.71993;0;0;-1
0;643;65.4881;25.9329;3.94015;8.5;2572.44;5.11093;0;0;0.1;0.01;0;6.0966;1;0;-1
0;644;66.9174;44.3139;4.36107;9.40417;3483.77;5.65459;0;0;0.1;0.01;0;5.69823;0;0;-1
0;645;67.4222;60.1782;4.31983;9.78995;3930.34;5.88655;0;0;0.1;0.01;0;4.46648;0;0;-1
0;646;82.3278;-47.393;5.10867;9.16647;3226.23;5.51167;0;0;0.1;0.01;0;3.67575;0;0;-1
0;647;82.1709;-33.11;3.18463;10.4059;4719.84;6.25692;0;0;0.1;0.01;0;5.82382;0;0;-1
0;648;81.3945;-15.799;3.84225;9.58771;3691.76;5.76495;0;0;0.1;0.01;0;6.49024;0;0;-1
0;649;79.7744;0.0553037;1.87855;9.17655;3236.88;5.51773;0;0;0.1;0.01;0;5.72851;0;0;-1
0;650;80.9772;18.2565;2.44911;9.17519;3235.44;5.51691;0;0;0.1;0.01;0;6.64373;0;0;-1
0;651;82.5356;36.1069;4.09445;10.3563;4652.67;6.22709;0;0;0.1;0.01;0;5.55407;0;0;-1
0;652;82.8021;55.298;4.89467;9.98006;4163.78;6.00087;0;0;0.1;0.01;0;2.84962;0;0;-1
0;653;95.8365;-23.3874;2.10247;10.372;4673.86;6.23653;0;0;0.1;0.01;0;3.62897;0;0;-1
0;654;96.3578;-7.5635;4.2226;9.30892;3378.99;5.59732;0;0;0.1;0.01;0;3.40729;0;0;-1
0;655;94.5249;12.1144;1.93466;9.59168;3696.35;5.76734;0;0;0.1;0.01;0;4.21293;0;0;-1
0;656;94.3112;26.6341;4.48035;10.0281;4224.2;6.02975;0;0;0.1;0.01;0;4.46529;0;0;-1
0;657;-86.8348;-40.7494;19.2002;10.0139;4206.28;6.02121;0;0;0.1;0.01;0;3.22369;0;0;-1
0;658;-85.0797;-21.179;18.5551;9.39531;3473.94;5.64926;0;0;0.1;0.01;0;3.28395;0;0;-1
0;659;-84.8765;-4.98935;19.2731;9.9256;4095.99;5.96812;0;0;0.1;0.01;0;4.60358;0;0;-1
0;660;-86.6517;10.4797;17.1898;9.41782;3498.97;5.6628;0;0;0.1;0.01;0;4.71469;0;0;-1
0;661;-85.7224;27.1052;18.3072;8.5;2572.44;5.11093;0;0;0.1;0.01;0;3.21808;1;0;-1
0;662;-84.2588;45.3269;18.9277;8.68184;2741.09;5.22026;0;0;0.1;0.01;0;2.72796;0;0;-1
0;663;-72.1082;-63.6394;19.8416;9.46219;3548.65;5.68948;0;0;0.1;0.01;0;3.35632;0;0;-1
0;664;-70.8137;-48.5607;16.6701;9.04696;3101.68;5.43981;0;0;0.1;0.01;0;6.11223;0;0;-1
0;665;-68.9826;-33.8716;19.1825;8.5;2572.44;5.11093;0;0;0.1;0.01;0;5.46786;1;0;-1
0;666;-71.9593;-13.1882;19.0214;9.90376;4069.01;5.95499;0;0;0.1;0.01;0;7.23502;0;0;-1
0;667;-69.389;2.17547;19.7066;9.7357;3865.36;5.85394;0;0;0.1;0.01;0;6.9321;0;0;-1
0;668;-70.2484;18.6442;19.2997;9.64972;3763.85;5.80224;0;0;0.1;0.01;0;5.8019;0;0;-1
0;669;-70.2976;34.2551;16.7425;8.77909;2834.24;5.27874;0;0;0.1;0.01;0;4.32407;0;0;-1
0;670;-70.2557;52.8865;16.2645;8.5;2572.44;5.11093;0;0;0.1;0.01;0;3.91555;1;0;-1
0;671;-58.021;-74.9489;17.1175;10.065;4271;6.05194;0;0;0.1;0.01;0;4.5165;0;0;-1
0;672;-57.5006;-58.6551;18.7029;9.47117;3558.77;5.69488;0;0;0.1;0.01;0;6.43891;0;0;-1
0;673;-56.2024;-39.5344;17.4582;10.2399;4497.55;6.1571;0;0;0.1;0.01;0;7.40211;0;0;-1
0;674;-57.0863;-23.2713;16.9132;8.9323;2985.23;5.37086;0;0;0.1;0.01;0;5.73428;0;0;-1
0;675;-55.1839;-6.46394;16.05;9.97374;4155.88;5.99707;0;0;0.1;0.01;0;6.24446;0;0;-1
0;676;-57.1265;8.61551;17.4055;8.70387;2762.01;5.23351;0;0;0.1;0.01;0;5.38443;0;0;-1
0;677;-55.3784;26.7737;16.7953;9.65507;3770.12;5.80545;0;0;0.1;0.01;0;5.71022;0;0;-1
0;678;-54.9727;46.8998;18.9416;8.5;2572.44;5.11093;0;0;0.1;0.01;0;4.3533;1;0;-1
0;679;-53.9895;61.9318;18.2805;8.67427;2733.93;5.21571;0;0;0.1;0.01;0;3.80822;0;0;-1
0;680;-53.798;78.0477;19.6592;9.60026;3706.27;5.7725;0;0;0.1;0.01;0;2.63813;0;0;-1
0;681;-41.6998;-84.6154;16.847;9.64536;3758.75;5.79962;0;0;0.1;0.01;0;4.32945;0;0;-1
0;682;-40.6342;-67.47;17.7361;8.98447;3037.85;5.40223;0;0;0.1;0.01;0;5.51514;0;0;-1
0;683;-40.4671;-47.7799;16.7366;9.09298;3149.25;5.46748;0;0;0.1;0.01;0;5.26044;0;0;-1
0;684;-42.5303;-33.0287;18.1939;9.56256;3662.78;5.74983;0;0;0.1;0.01;0;6.35418;0;0;-1
0;685;-42.1555;-13.7581;16.4878;8.5;2572.44;5.11093;0;0;0.1;0.01;0;4.91481;1;0;-1
0;686;-39.9905;2.27924;17.7266;8.8338;2887.56;5.31164;0;0;0.1;0.01;0;5.08289;0;0;-1
0;687;-42.2107;18.6821;18.4621;8.81873;2872.81;5.30257;0;0;0.1;0.01;0;5.43418;0;0;-1
0;688;-41.1635;33.7347;18.2789;8.97255;3025.77;5.39506;0;0;0.1;0.01;0;5.19092;0;0;-1
0;689;-39.7064;53.2129;18.5429;8.97931;3032.62;5.39913;0;0;0.1;0.01;0;4.73827;0;0;-1
0;690;-39.5877;71.4846;16.4002;10.2106;4459.05;6.13949;0;0;0.1;0.01;0;5.90266;0;0;-1
0;691;-41.5971;87.7433;18.5394;8.98874;3042.18;5.4048;0;0;0.1;0.01;0;2.93114;0;0;-1
0;692;-27.7608;-93.4542;16.8288;10.4523;4783.26;6.28482;0;0;0.1;0.01;0;3.97929;0;0;-1
0;693;-27.5083;-72.8535;18.5015;9.83112;3980.13;5.91131;0;0;0.1;0.01;0;6.16534;0;0;-1
0;694;-25.3707;-56.7091;16.2785;8.5;2572.44;5.11093;0;0;0.1;0.01;0;4.44981;1;0;-1
0;695;-24.5032;-40.3813;17.8454;8.88227;2935.35;5.34078;0;0;0.1;0.01;0;5.48574;0;0;-1
0;696;-28.3581;-24.7225;16.321;9.59361;3698.58;5.7685;0;0;0.1;0.01;0;6.04736;0;0;-1
0;697;-28.3802;-7.18544;16.0141;9.33032;3402.34;5.61019;0;0;0.1;0.01;0;5.29298;0;0;-1
0;698;-26.9616;10.679;16.4898;9.60486;3711.6;5.77526;0;0;0.1;0.01;0;6.09177;0;0;-1
0;699;-27.4507;28.0502;17.3635;9.05772;3112.76;5.44628;0;0;0.1;0.01;0;5.12865;0;0;-1
0;700;-25.4579;45.9287;17.6335;9.58543;3689.13;5.76358;0;0;0.1;0.01;0;5.7659;0;0;-1
0;701;-28.156;62.0581;16.4022;9.01678;3070.74;5.42166;0;0;0.1;0.01;0;5.90439;0;0;-1
0;702;-27.4129;80.4129;16.3154;10.1887;4430.42;6.12632;0;0;0.1;0.01;0;5.89084;0;0;-1
0;703;-13.2903;-83.6104;17.6355;9.77088;3907.42;5.87509;0;0;0.1;0.01;0;5.45644;0;0;-1
0;704;-13.7343;-65.6418;17.0264;8.5;2572.44;5.11093;0;0;0.1;0.01;0;4.20814;1;0;-1
0;705;-11.1821;-47.5333;16.2714;9.7905;3931;5.88689;0;0;0.1;0.01;0;5.44816;0;0;-1
0;706;-12.3532;-30.7838;19.3437;8.63701;2698.85;5.19331;0;0;0.1;0.01;0;5.76207;0;0;-1
0;707;-11.5509;-16.1861;17.4725;9.71429;3839.92;5.84106;0;0;0.1;0.01;0;6.34229;0;0;-1
0;708;-13.6676;1.6645;17.1282;10.0878;4300.09;6.06565;0;0;0.1;0.01;0;7.0233;0;0;-1
0;709;-13.1784;20.7889;16.6084;10.0841;4295.36;6.06342;0;0;0.1;0.01;0;6.26864;0;0;-1
0;710;-10.9543;37.3223;17.2916;8.97727;3030.55;5.3979;0;0;0.1;0.01;0;5.49378;0;0;-1
0;711;-10.0201;52.36;18.3006;10.1287;4352.61;6.09024;0;0;0.1;0.01;0;6.64197;0;0;-1
0;712;-11.6703;68.4244;18.3675;8.59754;2662.02;5.16958;0;0;0.1;0.01;0;5.20834;0;0;-1
0;713;-11.0499;85.2567;18.6731;8.5;2572.44;5.11093;0;0;0.1;0.01;0;3.73792;1;0;-1
0;714;1.68201;-91.982;17.4336;10.248;4508.23;6.16197;0;0;0.1;0.01;0;3.90894;0;0;-1
0;715;4.58225;-72.2677;15.9793;8.68782;2746.76;5.22386;0;0;0.1;0.01;0;5.15373;0;0;-1
0;716;2.81767;-56.9689;17.3394;8.5;2572.44;5.11093;0;0;0.1;0.01;0;5.54544;1;0;-1
0;717;2.96371;-39.8535;16.6709;9.887;4048.39;5.94491;0;0;0.1;0.01;0;6.58506;0;0;-1
0;718;2.38328;-24.4688;16.4673;8.82136;2875.38;5.30416;0;0;0.1;0.01;0;5.63626;0;0;-1
0;719;4.97604;-8.37661;17.1114;8.57217;2638.52;5.15432;0;0;0.1;0.01;0;4.7434;0;0;-1
0;720;4.17437;9.65315;16.3857;9.89258;4055.25;5.94826;0;0;0.1;0.01;0;4.89124;0;0;-1
0;721;2.1611;28.5092;16.6402;9.95865;4137.04;5.98799;0;0;0.1;0.01;0;6.24667;0;0;-1
0;722;2.53479;46.1885;15.6173;8.5982;2662.63;5.16997;0;0;0.1;0.01;0;5.80315;0;0;-1
0;723;2.66259;63.4014;15.8895;10.4039;4717.12;6.25571;0;0;0.1;0.01;0;6.71241;0;0;-1
0;724;0.992479;77.9625;15.934;8.66392;2724.16;5.20949;0;0;0.1;0.01;0;5.68524;0;0;-1
0;725;4.69626;93.0895;17.7725;8.70908;2766.98;5.23664;0;0;0.1;0.01;0;2.8932;0;0;-1
0;726;17.7762;-82.3792;17.1021;10.0453;4245.97;6.04009;0;0;0.1;0.01;0;5.13142;0;0;-1
0;727;15.7973;-64.4112;16.3753;8.5;2572.44;5.11093;0;0;0.1;0.01;0;4.94325;1;0;-1
0;728;16.0252;-50.086;18.3038;9.61978;3728.93;5.78423;0;0;0.1;0.01;0;5.55388;0;0;-1
0;729;18.933;-33.9775;18.1053;8.5;2572.44;5.11093;0;0;0.1;0.01;0;4.31439;1;0;-1
0;730;18.357;-17.0106;17.3428;9.30503;3374.75;5.59498;0;0;0.1;0.01;0;5.77521;0;0;-1
0;731;17.4623;2.71715;18.4863;8.54447;2613.03;5.13767;0;0;0.1;0.01;0;4.74011;0;0;-1
0;732;16.5781;21.1388;16.2183;9.14026;3198.63;5.49591;0;0;0.1;0.01;0;6.27675;0;0;-1
0;733;16.5163;37.0707;17.4456;8.88866;2941.69;5.34462;0;0;0.1;0.01;0;5.88762;0;0;-1
0;734;19.6639;52.9314;17.6935;8.85858;2911.93;5.32654;0;0;0.1;0.01;0;5.16817;0;0;-1
0;735;16.415;69.7752;17.3851;8.51644;2587.4;5.12081;0;0;0.1;0.01;0;5.15626;0;0;-1
0;736;17.9147;85.6733;16.4583;9.17315;3233.29;5.51568;0;0;0.1;0.01;0;3.56767;0;0;-1
0;737;33.1771;-92.487;15.935;9.05955;3114.64;5.44738;0;0;0.1;0.01;0;1.68946;0;0;-1
0;738;33.7858;-73.7697;16.1007;9.51316;3606.31;5.72013;0;0;0.1;0.01;0;5.47703;0;0;-1
0;739;33.1765;-55.2441;18.0127;9.15668;3215.9;5.50578;0;0;0.1;0.01;0;4.54147;0;0;-1
0;740;33.6501;-39.027;18.0774;8.5;2572.44;5.11093;0;0;0.1;0.01;0;5.32973;1;0;-1
0;741;31.4383;-24.4862;16.3394;9.37929;3456.2;5.63963;0;0;0.1;0.01;0;6.48201;0;0;-1
0;742;30.712;-8.06057;18.5961;9.30862;3378.66;5.59714;0;0;0.1;0.01;0;5.49747;0;0;-1
0;743;30.53;11.5649;17.02;8.87722;2930.35;5.33774;0;0;0.1;0.01;0;5.13226;0;0;-1
0;744;32.0967;26.8736;16.7651;8.78131;2836.39;5.28007;0;0;0.1;0.01;0;5.40148;0;0;-1
0;745;33.2205;45.7705;16.5245;8.5;2572.44;5.11093;0;0;0.1;0.01;0;5.28783;1;0;-1
0;746;30.4869;63.4385;19.4766;9.08213;3137.99;5.46095;0;0;0.1;0.01;0;6.81616;0;0;-1
0;747;30.6484;77.8144;17.845;9.25776;3323.58;5.56656;0;0;0.1;0.01;0;5.18453;0;0;-1
0;748;45.3108;-81.2467;16.0908;9.99665;4184.58;6.01084;0;0;0.1;0.01;0;4.70905;0;0;-1
0;749;48.9042;-67.6427;17.0041;8.61752;2680.62;5.18159;0;0;0.1;0.01;0;5.08372;0;0;-1
0;750;47.5121;-48.1683;18.5944;8.5;2572.44;5.11093;0;0;0.1;0.01;0;4.60301;1;0;-1
0;751;46.7644;-31.8964;16.616;9.52674;3621.78;5.72829;0;0;0.1;0.01;0;6.82837;0;0;-1
0;752;46.3593;-15.3181;17.5061;9.96599;4146.2;5.99241;0;0;0.1;0.01;0;6.40184;0;0;-1
0;753;46.2075;4.39529;19.4817;9.61473;3723.06;5.7812;0;0;0.1;0.01;0;5.42988;0;0;-1
0;754;48.7879;20.4697;17.342;9.77667;3914.37;5.87857;0;0;0.1;0.01;0;6.22862;0;0;-1
0;755;46.8633;34.8807;18.9845;8.5;2572.44;5.11093;0;0;0.1;0.01;0;5.23494;1;0;-1
0;756;45.0865;54.092;16.5907;10.1386;4365.39;6.09619;0;0;0.1;0.01;0;6.57413;0;0;-1
0;757;46.9791;68.9789;17.7791;8.7934;2848.13;5.28734;0;0;0.1;0.01;0;5.04304;0;0;-1
0;758;45.942;86.0497;19.6651;8.5;2572.44;5.11093;0;0;0.1;0.01;0;1.28272;1;0;-1
0;759;61.2222;-75.446;17.4888;9.74749;3879.42;5.86102;0;0;0.1;0.01;0;2.82115;0;0;-1
0;760;62.307;-57.9506;18.1596;8.5;2572.44;5.11093;0;0;0.1;0.01;0;4.94775;1;0;-1
0;761;62.5643;-38.7117;16.7006;10.097;4311.87;6.07118;0;0;0.1;0.01;0;7.49585;0;0;-1
0;762;60.4234;-24.2774;16.5095;9.90118;4065.83;5.95344;0;0;0.1;0.01;0;7.54567;0;0;-1
0;763;60.3751;-7.40571;16.7503;8.93108;2984.01;5.37013;0;0;0.1;0.01;0;4.81223;0;0;-1
0;764;62.4618;10.6042;16.9649;9.45392;3539.36;5.6845;0;0;0.1;0.01;0;5.78011;0;0;-1
0;765;61.6868;28.5323;16.4787;10.2254;4478.47;6.14838;0;0;0.1;0.01;0;7.22226;0;0;-1
0;766;61.8703;45.2097;19.0357;8.67367;2733.36;5.21535;0;0;0.1;0.01;0;6.07977;0;0;-1
0;767;62.291;63.6388;19.0472;10.0225;4217.13;6.02638;0;0;0.1;0.01;0;4.83358;0;0;-1
0;768;75.9064;-50.207;19.5123;8.70096;2759.24;5.23176;0;0;0.1;0.01;0;3.01337;0;0;-1
0;769;76.048;-33.4786;18.3405;10.0886;4301.12;6.06613;0;0;0.1;0.01;0;6.1338;0;0;-1
0;770;77.6204;-16.9518;16.7493;8.5;2572.44;5.11093;0;0;0.1;0.01;0;4.96093;1;0;-1
0;771;74.8825;0.854258;19.4128;8.71841;2775.88;5.24225;0;0;0.1;0.01;0;4.44463;0;0;-1
0;772;76.4901;20.1063;16.19;9.82373;3971.16;5.90687;0;0;0.1;0.01;0;6.53876;0;0;-1
0;773;74.8202;37.9208;19.0686;10.3722;4674.14;6.23665;0;0;0.1;0.01;0;6.73575;0;0;-1
0;774;76.5252;52.4237;18.7572;8.77615;2831.4;5.27697;0;0;0.1;0.01;0;4.5806;0;0;-1
0;775;91.5305;-22.0658;18.6393;9.7875;3927.39;5.88508;0;0;0.1;0.01;0;4.34507;0;0;-1
0;776;92.7503;-7.35717;19.9338;8.5;2572.44;5.11093;0;0;0.1;0.01;0;2.61882;1;0;-1
0;777;91.6987;9.32747;16.2233;9.05672;3111.73;5.44567;0;0;0.1;0.01;0;2.52723;0;0;-1
0;778;89.4648;26.8418;17.39;9.35384;3428.14;5.62433;0;0;0.1;0.01;0;4.08021;0;0;-1
0;779;-93.5869;2.41502;34.5667;8.55786;2625.33;5.14572;0;0;0.1;0.01;0;2.84409;0;0;-1
0;780;-82.0382;-39.71;31.6325;9.85962;4014.85;5.92845;0;0;0.1;0.01;0;3.15475;0;0;-1
0;781;-79.6862;-25.0894;32.4536;9.32437;3395.84;5.60661;0;0;0.1;0.01;0;4.25104;0;0;-1
0;782;-79.0011;-6.0881;34.0262;9.22038;3283.49;5.54408;0;0;0.1;0.01;0;5.97618;0;0;-1
0;783;-80.1803;10.0448;31.8131;8.73128;2788.19;5.24999;0;0;0.1;0.01;0;4.89297;0;0;-1
0;784;-82.7039;25.8719;30.9241;9.40262;3482.05;5.65366;0;0;0.1;0.01;0;2.74784;0;0;-1
0;785;-79.9021;46.0323;31.3461;8.54151;2610.31;5.13589;0;0;0.1;0.01;0;2.20482;0;0;-1
0;786;-65.9585;-66.8901;33.9545;9.46889;3556.2;5.69351;0;0;0.1;0.01;0;3.41872;0;0;-1
0;787;-66.625;-47.677;32.2367;9.70994;3834.76;5.83845;0;0;0.1;0.01;0;4.791;0;0;-1
0;788;-64.3039;-30.7694;34.2077;9.95636;4134.19;5.98661;0;0;0.1;0.01;0;6.55631;0;0;-1
0;789;-66.7723;-15.5636;31.0143;8.5;2572.44;5.11093;0;0;0.1;0.01;0;5.95231;1;0;-1
0;790;-65.6064;0.0154407;34.1254;8.9441;2997.08;5.37796;0;0;0.1;0.01;0;5.98445;0;0;-1
0;791;-66.5513;18.1302;33.887;8.5;2572.44;5.11093;0;0;0.1;0.01;0;4.42987;1;0;-1
0;792;-64.4079;35.1689;31.6528;8.58667;2651.94;5.16304;0;0;0.1;0.01;0;4.16564;0;0;-1
0;793;-66.8396;53.062;33.2008;9.91933;4088.23;5.96435;0;0;0.1;0.01;0;3.57285;0;0;-1
0;794;-53.1864;-73.3242;30.6168;10.1149;4334.84;6.08194;0;0;0.1;0.01;0;4.85262;0;0;-1
0;795;-50.1885;-58.7159;30.9812;9.48167;3570.62;5.70119;0;0;0.1;0.01;0;6.02658;0;0;-1
0;796;-49.8369;-38.4028;31.6516;9.72083;3847.68;5.84499;0;0;0.1;0.01;0;6.12781;0;0;-1
0;797;-52.8041;-21.2968;31.1183;8.5;2572.44;5.11093;0;0;0.1;0.01;0;4.9154;1;0;-1
0;798;-52.7065;-7.2904;34.1936;9.66627;3783.25;5.81219;0;0;0.1;0.01;0;4.47761;0;0;-1
0;799;-51.6656;11.8713;31.7806;8.5;2572.44;5.11093;0;0;0.1;0.01;0;4.1616;1;0;-1
0;800;-50.7135;29.4066;32.6064;8.5;2572.44;5.11093;0;0;0.1;0.01;0;5.23826;1;0;-1
0;801;-52.7797;43.3438;33.1233;8.5;2572.44;5.11093;0;0;0.1;0.01;0;5.23978;1;0;-1
0;802;-51.6437;60.0669;33.9721;8.5;2572.44;5.11093;0;0;0.1;0.01;0;4.23877;1;0;-1
0;803;-35.6431;-85.3958;34.2817;10.1766;4414.65;6.11904;0;0;0.1;0.01;0;3.63736;0;0;-1
0;804;-37.9981;-66.3757;31.2872;8.5;2572.44;5.11093;0;0;0.1;0.01;0;4.55923;1;0;-1
0;805;-37.9456;-47.293;33.1267;9.74583;3877.44;5.86003;0;0;0.1;0.01;0;5.96685;0;0;-1
0;806;-34.4761;-33.0306;33.0269;10.2533;4515.23;6.16516;0;0;0.1;0.01;0;6.52098;0;0;-1
0;807;-35.1698;-16.2763;32.7145;8.8572;2910.57;5.32571;0;0;0.1;0.01;0;4.13072;0;0;-1
0;808;-35.338;2.97888;32.3018;8.80953;2863.83;5.29704;0;0;0.1;0.01;0;4.53549;0;0;-1
0;809;-38.3053;17.6743;32.7589;8.96634;3019.49;5.39133;0;0;0.1;0.01;0;4.9019;0;0;-1
0;810;-36.9804;37.9447;31.66;9.65063;3764.92;5.80278;0;0;0.1;0.01;0;6.08342;0;0;-1
0;811;-36.846;52.4702;32.4166;8.9865;3039.91;5.40345;0;0;0.1;0.01;0;5.22404;0;0;-1
0;812;-37.9052;69.1963;32.1245;8.5;2572.44;5.11093;0;0;0.1;0.01;0;3.35835;1;0;-1
0;813;-20.9666;-91.0261;34.0219;9.86408;4020.3;5.93113;0;0;0.1;0.01;0;3.76496;0;0;-1
0;814;-22.9253;-74.3032;32.2312;8.5;2572.44;5.11093;0;0;0.1;0.01;0;5.11876;1;0;-1
0;815;-22.8369;-57.05;34.4221;8.61747;2680.57;5.18156;0;0;0.1;0.01;0;4.58764;0;0;-1
0;816;-21.8584;-42.7446;31.8953;8.61331;2676.69;5.17906;0;0;0.1;0.01;0;5.68128;0;0;-1
0;817;-20.4337;-21.6666;31.3821;8.5;2572.44;5.11093;0;0;0.1;0.01;0;3.96034;1;0;-1
0;818;-20.9578;-4.75467;34.0489;9.37895;3455.82;5.63943;0;0;0.1;0.01;0;5.90095;0;0;-1
0;819;-21.7895;11.1902;31.6471;8.93559;2988.53;5.37284;0;0;0.1;0.01;0;5.87724;0;0;-1
0;820;-22.9978;29.3679;33.7852;9.49202;3582.32;5.70741;0;0;0.1;0.01;0;5.55455;0;0;-1
0;821;-20.7382;44.2958;33.8133;9.19925;3260.96;5.53138;0;0;0.1;0.01;0;6.2944;0;0;-1
0;822;-20.4369;59.6988;30.979;8.65751;2718.11;5.20564;0;0;0.1;0.01;0;5.11938;0;0;-1
0;823;-21.7733;76.7156;32.6724;10.0526;4255.24;6.04448;0;0;0.1;0.01;0;4.73859;0;0;-1
0;824;-6.81703;-81.4827;33.0091;10.2345;4490.44;6.15386;0;0;0.1;0.01;0;5.73522;0;0;-1
0;825;-7.57985;-65.8491;32.0408;9.11861;3175.96;5.48289;0;0;0.1;0.01;0;4.85235;0;0;-1
0;826;-8.81077;-46.9411;30.7945;9.1191;3176.47;5.48318;0;0;0.1;0.01;0;5.15181;0;0;-1
0;827;-5.46393;-32.6238;31.1728;8.5;2572.44;5.11093;0;0;0.1;0.01;0;4.74448;1;0;-1
0;828;-8.84193;-13.1777;31.5877;10.4144;4731.42;6.26203;0;0;0.1;0.01;0;6.59221;0;0;-1
0;829;-7.46562;3.47825;31.9493;9.30981;3379.96;5.59785;0;0;0.1;0.01;0;6.08533;0;0;-1
0;830;-6.85602;20.9987;33.6361;10.0649;4270.88;6.05188;0;0;0.1;0.01;0;5.67521;0;0;-1
0;831;-7.48239;37.7984;34.0872;9.13604;3194.2;5.49337;0;0;0.1;0.01;0;6.14257;0;0;-1
0;832;-5.85211;51.7241;33.6886;8.5;2572.44;5.11093;0;0;0.1;0.01;0;5.49025;1;0;-1
0;833;-7.20069;69.7912;32.4002;8.73803;2794.66;5.25405;0;0;0.1;0.01;0;4.34674;0;0;-1
0;834;-6.78279;88.6469;31.1328;8.56897;2635.57;5.1524;0;0;0.1;0.01;0;2.16834;0;0;-1
0;835;8.24871;-89.4378;34.6607;8.757;2812.9;5.26546;0;0;0.1;0.01;0;3.18198;0;0;-1
0;836;7.7045;-74.4743;32.4944;10.4534;4784.77;6.28548;0;0;0.1;0.01;0;7.03261;0;0;-1
0;837;6.34174;-58.9459;31.821;8.79873;2853.31;5.29055;0;0;0.1;0.01;0;5.10352;0;0;-1
0;838;8.48504;-42.9133;33.2003;10.0561;4259.68;6.04659;0;0;0.1;0.01;0;6.7515;0;0;-1
0;839;6.86299;-23.8848;32.7532;8.90408;2957.03;5.35389;0;0;0.1;0.01;0;4.8798;0;0;-1
0;840;7.21203;-6.04811;33.7217;9.87605;4034.95;5.93833;0;0;0.1;0.01;0;6.05154;0;0;-1
0;841;5.64599;8.78988;34.3849;9.10205;3158.68;5.47293;0;0;0.1;0.01;0;4.74266;0;0;-1
0;842;8.34049;27.8172;31.0483;9.25309;3318.55;5.56375;0;0;0.1;0.01;0;5.15826;0;0;-1
0;843;6.79192;42.8939;30.5942;10.1876;4428.99;6.12566;0;0;0.1;0.01;0;6.42065;0;0;-1
0;844;8.64277;61.5728;30.9033;8.68436;2743.48;5.22178;0;0;0.1;0.01;0;4.7581;0;0;-1
0;845;9.12488;78.9342;31.9047;9.46328;3549.88;5.69013;0;0;0.1;0.01;0;4.7045;0;0;-1
0;846;23.143;-82.6648;33.8585;9.93443;4106.93;5.97343;0;0;0.1;0.01;0;4.76675;0;0;-1
0;847;22.6488;-67.9641;33.0077;9.85623;4010.71;5.92641;0;0;0.1;0.01;0;5.40172;0;0;-1
0;848;23.8647;-47.7368;33.3858;8.90151;2954.47;5.35235;0;0;0.1;0.01;0;5.89551;0;0;-1
0;849;21.1367;-32.2891;32.4698;10.1635;4397.63;6.11117;0;0;0.1;0.01;0;7.0394;0;0;-1
0;850;22.1169;-14.0057;32.2163;10.1553;4386.99;6.10623;0;0;0.1;0.01;0;6.79684;0;0;-1
0;851;22.3345;0.478107;30.939;8.92445;2977.37;5.36614;0;0;0.1;0.01;0;5.12701;0;0;-1
0;852;23.006;19.3387;30.4844;9.06881;3124.2;5.45294;0;0;0.1;0.01;0;4.82299;0;0;-1
0;853;22.1103;37.5569;33.9839;9.3486;3422.38;5.62118;0;0;0.1;0.01;0;5.73785;0;0;-1
0;854;23.7963;51.3887;32.5739;9.90615;4071.96;5.95642;0;0;0.1;0.01;0;6.81398;0;0;-1
0;855;22.3252;68.7546;31.0031;8.75237;2808.44;5.26267;0;0;0.1;0.01;0;5.90414;0;0;-1
0;856;20.8594;89.3903;34.2251;9.34689;3420.5;5.62015;0;0;0.1;0.01;0;1.60266;0;0;-1
0;857;35.7843;-74.7265;32.7921;8.5;2572.44;5.11093;0;0;0.1;0.01;0;3.42653;1;0;-1
0;858;37.187;-55.0836;32.839;9.55435;3653.36;5.74489;0;0;0.1;0.01;0;5.76126;0;0;-1
0;859;35.5726;-38.4152;30.8866;8.5;2572.44;5.11093;0;0;0.1;0.01;0;5.3092;1;0;-1
0;860;37.4973;-21.9801;32.1889;8.5;2572.44;5.11093;0;0;0.1;0.01;0;4.75587;1;0;-1
0;861;35.8955;-4.81242;33.2106;9.17157;3231.62;5.51473;0;0;0.1;0.01;0;5.72495;0;0;-1
0;862;38.7401;9.3543;32.4867;8.59517;2659.82;5.16815;0;0;0.1;0.01;0;4.91385;0;0;-1
0;863;38.103;25.561;32.9994;9.81869;3965.06;5.90384;0;0;0.1;0.01;0;5.59354;0;0;-1
0;864;38.3503;43.1648;33.0922;9.76301;3897.98;5.87036;0;0;0.1;0.01;0;6.01999;0;0;-1
0;865;35.3783;61.8606;33.7053;9.76121;3895.83;5.86927;0;0;0.1;0.01;0;6.62511;0;0;-1
0;866;36.8557;77.2515;32.1578;10.0224;4217;6.02632;0;0;0.1;0.01;0;5.23578;0;0;-1
0;867;52.8286;-64.6652;31.9329;9.06145;3116.6;5.44852;0;0;0.1;0.01;0;3.97254;0;0;-1
0;868;53.1642;-49.3378;32.1209;9.43641;3519.73;5.67398;0;0;0.1;0.01;0;5.65432;0;0;-1
0;869;52.0677;-33.3856;32.4055;9.52844;3623.71;5.72931;0;0;0.1;0.01;0;6.13841;0;0;-1
0;870;51.5478;-17.3175;31.5967;9.93219;4104.15;5.97208;0;0;0.1;0.01;0;6.32068;0;0;-1
0;871;53.213;0.916328;33.8706;10.0205;4214.6;6.02518;0;0;0.1;0.01;0;6.8674;0;0;-1
0;872;52.4643;17.8203;33.3843;8.9672;3020.36;5.39185;0;0;0.1;0.01;0;6.01679;0;0;-1
0;873;53.4744;38.1471;32.2425;8.9671;3020.26;5.39179;0;0;0.1;0.01;0;6.0372;0;0;-1
0;874;53.2643;53.1791;33.3226;9.60563;3712.5;5.77573;0;0;0.1;0.01;0;6.96929;0;0;-1
0;875;51.4254;68.333;32.4189;9.14929;3208.12;5.50134;0;0;0.1;0.01;0;4.86743;0;0;-1
0;876;67.2601;-58.0723;32.4286;8.83388;2887.64;5.31168;0;0;0.1;0.01;0;3.2905;0;0;-1
0;877;67.6937;-38.6036;31.5539;9.31078;3381.01;5.59844;0;0;0.1;0.01;0;5.3449;0;0;-1
0;878;66.389;-21.8183;31.9647;9.12977;3187.63;5.4896;0;0;0.1;0.01;0;5.27222;0;0;-1
0;879;66.9434;-4.77007;32.6246;9.85842;4013.38;5.92772;0;0;0.1;0.01;0;5.72589;0;0;-1
0;880;67.2112;10.3536;32.9752;8.94914;3002.15;5.38099;0;0;0.1;0.01;0;6.55257;0;0;-1
0;881;66.2106;28.0114;33.7832;8.61621;2679.4;5.1808;0;0;0.1;0.01;0;5.82144;0;0;-1
0;882;67.3143;45.6456;31.0896;9.11558;3172.79;5.48107;0;0;0.1;0.01;0;6.46664;0;0;-1
0;883;67.0149;59.498;32.0786;9.87652;4035.53;5.93861;0;0;0.1;0.01;0;4.75535;0;0;-1
0;884;79.9424;-30.258;33.8294;9.91075;4077.63;5.95919;0;0;0.1;0.01;0;4.39821;0;0;-1
0;885;80.178;-15.965;30.7265;8.8039;2858.34;5.29366;0;0;0.1;0.01;0;4.50542;0;0;-1
0;886;79.6577;3.68707;33.5481;10.0827;4293.58;6.06258;0;0;0.1;0.01;0;4.94911;0;0;-1
0;887;80.7133;19.6975;34.1938;8.73611;2792.82;5.2529;0;0;0.1;0.01;0;3.84921;0;0;-1
0;888;80.5408;33.6403;31.9242;8.98096;3034.29;5.40012;0;0;0.1;0.01;0;4.2569;0;0;-1
0;889;-86.3524;-6.44547;47.2378;9.7781;3916.08;5.87943;0;0;0.1;0.01;0;3.24445;0;0;-1
0;890;-85.66;9.85483;47.7981;10.4049;4718.48;6.25632;0;0;0.1;0.01;0;3.02295;0;0;-1
0;891;-69.0165;-49.9829;48.7945;10.4318;4755.17;6.27249;0;0;0.1;0.01;0;2.88131;0;0;-1
0;892;-69.3912;-33.744;47.9879;8.5;2572.44;5.11093;0;0;0.1;0.01;0;4.09334;1;0;-1
0;893;-69.3653;-13.3648;47.6969;9.91875;4087.52;5.964;0;0;0.1;0.01;0;5.72501;0;0;-1
0;894;-71.5158;0.83781;46.784;8.91111;2964.04;5.35812;0;0;0.1;0.01;0;5.62232;0;0;-1
0;895;-68.5657;18.0391;47.0537;8.75571;2811.66;5.26468;0;0;0.1;0.01;0;3.93458;0;0;-1
0;896;-70.5789;36.4586;49.3629;9.25688;3322.63;5.56603;0;0;0.1;0.01;0;1.72394;0;0;-1
0;897;-56.639;-59.6074;46.148;8.92538;2978.3;5.3667;0;0;0.1;0.01;0;4.10259;0;0;-1
0;898;-57.0571;-39.1368;47.6053;9.30218;3371.65;5.59327;0;0;0.1;0.01;0;5.77833;0;0;-1
0;899;-57.0498;-23.2665;47.256;8.5;2572.44;5.11093;0;0;0.1;0.01;0;5.4516;1;0;-1
0;900;-56.8234;-6.91377;48.8074;9.56046;3660.37;5.74857;0;0;0.1;0.01;0;5.90457;0;0;-1
0;901;-54.5981;12.7552;45.9851;8.6949;2753.48;5.22812;0;0;0.1;0.01;0;4.42068;0;0;-1
0;902;-57.7042;29.7411;45.9871;8.5;2572.44;5.11093;0;0;0.1;0.01;0;4.65701;1;0;-1
0;903;-56.3018;45.9427;47.0297;8.5;2572.44;5.11093;0;0;0.1;0.01;0;4.45798;1;0;-1
0;904;-54.4387;61.3061;46.4134;8.73256;2789.42;5.25076;0;0;0.1;0.01;0;3.4989;0;0;-1
0;905;-40.6539;-64.3854;45.8804;8.77308;2828.43;5.27513;0;0;0.1;0.01;0;3.66436;0;0;-1
0;906;-40.4072;-50.575;48.2046;9.14813;3206.9;5.50064;0;0;0.1;0.01;0;5.15852;0;0;-1
0;907;-43.198;-30.0717;46.0975;10.1709;4407.24;6.11561;0;0;0.1;0.01;0;6.05311;0;0;-1
0;908;-41.503;-14.2973;49.0732;8.5;2572.44;5.11093;0;0;0.1;0.01;0;4.98759;1;0;-1
0;909;-41.6363;0.773467;49.2604;8.65928;2719.78;5.2067;0;0;0.1;0.01;0;4.59919;0;0;-1
0;910;-42.0973;16.7753;48.2701;10.2808;4551.66;6.1817;0;0;0.1;0.01;0;5.92345;0;0;-1
0;911;-42.3284;35.878;45.2266;8.59133;2656.26;5.16584;0;0;0.1;0.01;0;4.9486;0;0;-1
0;912;-41.2188;53.2392;48.9036;10.1348;4360.48;6.09391;0;0;0.1;0.01;0;6.53563;0;0;-1
0;913;-42.4841;69.7211;48.0934;9.85071;4003.97;5.92309;0;0;0.1;0.01;0;4.23858;0;0;-1
0;914;-27.8309;-76.7426;46.7385;9.0812;3137.03;5.46039;0;0;0.1;0.01;0;2.96073;0;0;-1
0;915;-26.1681;-55.5092;48.3104;8.59395;2658.69;5.16742;0;0;0.1;0.01;0;5.9949;0;0;-1
0;916;-27.688;-41.4903;46.5266;9.63897;3751.29;5.79577;0;0;0.1;0.01;0;7.57711;0;0;-1
0;917;-28.0303;-24.2558;49.4386;8.5;2572.44;5.11093;0;0;0.1;0.01;0;4.80577;1;0;-1
0;918;-25.7013;-8.79623;47.3288;8.5;2572.44;5.11093;0;0;0.1;0.01;0;4.63876;1;0;-1
0;919;-26.6743;12.0268;46.539;9.92574;4096.16;5.9682;0;0;0.1;0.01;0;5.7803;0;0;-1
0;920;-26.9572;29.5826;48.5546;10.2075;4454.99;6.13762;0;0;0.1;0.01;0;7.06319;0;0;-1
0;921;-26.3533;45.1524;48.8381;9.22863;3292.31;5.54904;0;0;0.1;0.01;0;6.11801;0;0;-1
0;922;-25.8946;60.8811;46.5177;10.3198;4603.65;6.20515;0;0;0.1;0.01;0;6.87256;0;0;-1
0;923;-25.5695;79.3351;48.5063;9.1597;3219.08;5.50759;0;0;0.1;0.01;0;3.17655;0;0;-1
0;924;-12.3662;-80.7872;46.0148;8.874;2927.16;5.33581;0;0;0.1;0.01;0;3.07043;0;0;-1
0;925;-11.8869;-64.6841;47.9621;8.62741;2689.86;5.18754;0;0;0.1;0.01;0;4.45683;0;0;-1
0;926;-13.4923;-47.9746;46.5718;10.3686;4669.27;6.23449;0;0;0.1;0.01;0;7.52095;0;0;-1
0;927;-12.6944;-33.5694;49.1075;10.005;4195.08;6.01586;0;0;0.1;0.01;0;5.88157;0;0;-1
0;928;-11.4143;-13.8825;48.6882;9.93402;4106.42;5.97318;0;0;0.1;0.01;0;6.7711;0;0;-1
0;929;-11.0344;0.268231;46.1104;9.49154;3581.78;5.70713;0;0;0.1;0.01;0;6.65051;0;0;-1
0;930;-13.177;19.5095;47.8622;10.0132;4205.4;6.02079;0;0;0.1;0.01;0;6.25867;0;0;-1
0;931;-11.255;37.0938;49.0538;8.84922;2902.71;5.32091;0;0;0.1;0.01;0;6.45161;0;0;-1
0;932;-12.2026;52.5421;48.7881;9.02879;3083.03;5.42888;0;0;0.1;0.01;0;7.20772;0;0;-1
0;933;-11.7504;69.7928;48.0787;10.1432;4371.33;6.09896;0;0;0.1;0.01;0;5.86645;0;0;-1
0;934;-12.819;86.6152;47.9934;8.5;2572.44;5.11093;0;0;0.1;0.01;0;1.66555;1;0;-1
0;935;2.06121;-73.1376;45.8806;8.5;2572.44;5.11093;0;0;0.1;0.01;0;4.91148;1;0;-1
0;936;1.61158;-59.4356;46.6239;8.99434;3047.87;5.40817;0;0;0.1;0.01;0;5.60869;0;0;-1
0;937;2.35501;-42.2796;46.9549;9.40872;3488.83;5.65733;0;0;0.1;0.01;0;5.65166;0;0;-1
0;938;1.4465;-22.4068;48.5055;9.3869;3464.62;5.64421;0;0;0.1;0.01;0;5.82145;0;0;-1
0;939;4.30907;-5.38748;49.0429;9.50215;3593.8;5.7135;0;0;0.1;0.01;0;6.81254;0;0;-1
0;940;3.22217;8.86531;49.2398;9.40384;3483.41;5.65439;0;0;0.1;0.01;0;5.80918;0;0;-1
0;941;1.82288;29.6366;47.3257;8.5;2572.44;5.11093;0;0;0.1;0.01;0;5.05071;1;0;-1
0;942;1.08634;45.5418;47.596;8.53776;2606.88;5.13363;0;0;0.1;0.01;0;6.17238;0;0;-1
0;943;1.48849;60.6214;45.6676;9.03964;3094.15;5.4354;0;0;0.1;0.01;0;5.43543;0;0;-1
0;944;4.93568;79.7305;48.6591;10.1102;4328.8;6.07912;0;0;0.1;0.01;0;3.00511;0;0;-1
0;945;18.9287;-84.4747;48.8945;8.82496;2878.9;5.30632;0;0;0.1;0.01;0;1.95509;0;0;-1
0;946;18.2814;-65.9329;46.7095;9.13393;3191.99;5.4921;0;0;0.1;0.01;0;4.69383;0;0;-1
0;947;16.9266;-49.4153;46.2811;8.5;2572.44;5.11093;0;0;0.1;0.01;0;4.61405;1;0;-1
0;948;19.393;-34.4019;45.9315;10.2763;4545.68;6.17899;0;0;0.1;0.01;0;6.56773;0;0;-1
0;949;16.1475;-14.8575;48.459;9.22523;3288.67;5.547;0;0;0.1;0.01;0;6.34181;0;0;-1
0;950;18.7797;1.80976;48.5229;8.50641;2578.26;5.11478;0;0;0.1;0.01;0;5.65724;0;0;-1
0;951;17.389;17.4876;46.7743;9.55479;3653.86;5.74516;0;0;0.1;0.01;0;5.23562;0;0;-1
0;952;16.0207;36.396;49.0165;8.5;2572.44;5.11093;0;0;0.1;0.01;0;4.95272;1;0;-1
0;953;19.2368;50.848;45.5636;9.03341;3087.76;5.43166;0;0;0.1;0.01;0;5.11301;0;0;-1
0;954;17.413;71.096;46.7947;9.52319;3617.73;5.72616;0;0;0.1;0.01;0;4.54323;0;0;-1
0;955;33.208;-74.2785;48.7933;8.9766;3029.87;5.3975;0;0;0.1;0.01;0;3.24252;0;0;-1
0;956;33.1111;-57.1338;47.8287;9.60965;3717.16;5.77814;0;0;0.1;0.01;0;6.04642;0;0;-1
0;957;33.4771;-39.2162;45.8231;9.85133;4004.73;5.92346;0;0;0.1;0.01;0;6.54146;0;0;-1
0;958;30.7955;-22.5127;46.1751;9.98303;4167.5;6.00265;0;0;0.1;0.01;0;6.38906;0;0;-1
0;959;31.9824;-5.04347;47.7734;9.48791;3577.67;5.70494;0;0;0.1;0.01;0;5.83461;0;0;-1
0;960;33.258;12.0672;47.6425;9.44032;3524.1;5.67633;0;0;0.1;0.01;0;5.47982;0;0;-1
0;961;30.6831;25.7854;46.9763;9.75134;3884.02;5.86334;0;0;0.1;0.01;0;6.52801;0;0;-1
0;962;32.7094;43.2084;48.5177;8.95476;3007.81;5.38437;0;0;0.1;0.01;0;6.11568;0;0;-1
0;963;31.8865;59.3289;48.6168;9.99243;4179.28;6.0083;0;0;0.1;0.01;0;6.93026;0;0;-1
0;964;30.9358;76.2523;47.6979;9.44588;3530.33;5.67967;0;0;0.1;0.01;0;4.12503;0;0;-1
0;965;45.9648;-63.7026;46.5671;8.50235;2574.57;5.11234;0;0;0.1;0.01;0;3.30832;0;0;-1
0;966;46.175;-47.4748;47.5751;10.2055;4452.37;6.13642;0;0;0.1;0.01;0;6.42838;0;0;-1
0;967;47.651;-31.4639;46.2945;8.5;2572.44;5.11093;0;0;0.1;0.01;0;5.04268;1;0;-1
0;968;45.2319;-13.9433;49.0265;9.26855;3335.22;5.57304;0;0;0.1;0.01;0;5.88854;0;0;-1
0;969;45.8976;-0.220985;45.3745;8.5;2572.44;5.11093;0;0;0.1;0.01;0;5.34621;1;0;-1
0;970;47.7161;20.7855;46.8836;10.0206;4214.73;6.02524;0;0;0.1;0.01;0;7.16677;0;0;-1
0;971;45.3035;36.6213;48.5868;9.44979;3534.72;5.68202;0;0;0.1;0.01;0;6.79952;0;0;-1
0;972;46.4693;54.7675;49.1046;9.69619;3818.49;5.83018;0;0;0.1;0.01;0;5.88104;0;0;-1
0;973;45.6621;72.0061;48.4218;9.86394;4020.13;5.93104;0;0;0.1;0.01;0;3.34196;0;0;-1
0;974;63.7024;-58.773;46.4815;8.74716;2803.43;5.25954;0;0;0.1;0.01;0;2.38061;0;0;-1
0;975;62.0106;-42.3757;47.649;9.36522;3440.67;5.63117;0;0;0.1;0.01;0;5.04773;0;0;-1
0;976;59.8939;-24.0703;48.5233;8.5;2572.44;5.11093;0;0;0.1;0.01;0;4.85982;1;0;-1
0;977;63.6074;-8.69967;46.8139;10.1425;4370.42;6.09854;0;0;0.1;0.01;0;6.67239;0;0;-1
0;978;60.6643;8.13278;47.1498;9.86993;4027.46;5.93465;0;0;0.1;0.01;0;6.38259;0;0;-1
0;979;61.5242;26.8108;46.114;9.90075;4065.3;5.95318;0;0;0.1;0.01;0;6.42597;0;0;-1
0;980;60.1719;43.6495;46.0402;10.1384;4365.13;6.09607;0;0;0.1;0.01;0;6.24534;0;0;-1
0;981;61.1666;61.0015;46.9937;9.12844;3186.24;5.4888;0;0;0.1;0.01;0;3.76017;0;0;-1
0;982;77.2976;-30.3724;48.6449;8.61289;2676.3;5.17881;0;0;0.1;0.01;0;2.62263;0;0;-1
0;983;77.1282;-17.0995;47.7254;8.5;2572.44;5.11093;0;0;0.1;0.01;0;3.16328;1;0;-1
0;984;75.5676;1.83282;46.5515;9.84126;3992.46;5.91741;0;0;0.1;0.01;0;5.0474;0;0;-1
0;985;78.6901;17.3379;48.7988;10.0526;4255.24;6.04448;0;0;0.1;0.01;0;4.18534;0;0;-1
0;986;75.283;34.696;45.9247;10.2898;4563.62;6.18711;0;0;0.1;0.01;0;4.40625;0;0;-1
0;987;-65.6115;-30.2876;62.2655;8.57744;2643.39;5.15749;0;0;0.1;0.01;0;3.43883;0;0;-1
0;988;-66.5741;-15.4271;63.548;8.87947;2932.58;5.3391;0;0;0.1;0.01;0;3.5427;0;0;-1
0;989;-66.6903;0.551475;61.3357;8.52153;2592.04;5.12387;0;0;0.1;0.01;0;3.47952;0;0;-1
0;990;-66.1518;19.5162;63.9351;9.60852;3715.85;5.77746;0;0;0.1;0.01;0;3.355;0;0;-1
0;991;-51.8175;-58.4762;60.4498;9.06277;3117.97;5.44931;0;0;0.1;0.01;0;2.13829;0;0;-1
0;992;-51.42;-38.7561;63.6263;10.4312;4754.35;6.27213;0;0;0.1;0.01;0;5.19839;0;0;-1
0;993;-50.7513;-24.4981;63.3004;8.99047;3043.94;5.40584;0;0;0.1;0.01;0;6.41317;0;0;-1
0;994;-52.7054;-8.79251;61.338;8.75928;2815.1;5.26683;0;0;0.1;0.01;0;4.57371;0;0;-1
0;995;-53.4869;10.3288;61.6445;10.3467;4639.75;6.22132;0;0;0.1;0.01;0;5.60399;0;0;-1
0;996;-53.0249;27.1265;62.107;8.5119;2583.26;5.11808;0;0;0.1;0.01;0;4.04197;0;0;-1
0;997;-51.7499;46.5237;61.7983;9.49673;3587.66;5.71025;0;0;0.1;0.01;0;3.02907;0;0;-1
0;998;-36.3752;-47.557;60.5202;9.31429;3384.84;5.60055;0;0;0.1;0.01;0;6.18393;0;0;-1
0;999;-36.9179;-33.1639;64.1661;8.56914;2635.73;5.1525;0;0;0.1;0.01;0;5.8923;0;0;-1
0;1000;-35.473;-15.6556;62.6738;9.77893;3917.08;5.87993;0;0;0.1;0.01;0;6.62067;0;0;-1
0;1001;-36.1639;1.45744;63.966;8.73934;2795.92;5.25484;0;0;0.1;0.01;0;4.8765;0;0;-1
0;1002;-35.0674;19.5911;62.2181;8.80965;2863.94;5.29711;0;0;0.1;0.01;0;5.88835;0;0;-1
0;1003;-35.2277;37.0915;60.6607;9.96828;4149.06;5.99378;0;0;0.1;0.01;0;6.29323;0;0;-1
0;1004;-38.3034;52.2605;63.8399;9.47991;3568.63;5.70013;0;0;0.1;0.01;0;3.94552;0;0;-1
0;1005;-38.3159;67.9586;60.6985;9.61487;3723.22;5.78128;0;0;0.1;0.01;0;3.18392;0;0;-1
0;1006;-21.3156;-73.2329;63.7696;8.5;2572.44;5.11093;0;0;0.1;0.01;0;1.7126;1;0;-1
0;1007;-23.2938;-57.0283;62.2453;10.4;4711.82;6.25337;0;0;0.1;0.01;0;6.18564;0;0;-1
0;1008;-22.2445;-40.8633;61.3911;10.2717;4539.58;6.17622;0;0;0.1;0.01;0;8.02822;0;0;-1
0;1009;-21.3054;-22.7332;63.6578;8.53442;2603.82;5.13162;0;0;0.1;0.01;0;6.24284;0;0;-1
0;1010;-21.9758;-5.5654;62.1261;10.3597;4657.26;6.22914;0;0;0.1;0.01;0;6.43767;0;0;-1
0;1011;-22.1233;10.521;60.8505;8.5;2572.44;5.11093;0;0;0.1;0.01;0;3.63318;1;0;-1
0;1012;-23.7862;26.808;63.523;9.01866;3072.66;5.42279;0;0;0.1;0.01;0;4.69458;0;0;-1
0;1013;-22.4071;44.4765;62.8116;9.87176;4029.7;5.93575;0;0;0.1;0.01;0;6.77243;0;0;-1
0;1014;-21.834;59.7018;60.1761;8.81698;2871.1;5.30152;0;0;0.1;0.01;0;5.43729;0;0;-1
0;1015;-7.87647;-67.6941;60.3429;8.52518;2595.37;5.12607;0;0;0.1;0.01;0;3.89113;0;0;-1
0;1016;-7.86943;-47.7045;63.132;10.2311;4485.96;6.15181;0;0;0.1;0.01;0;6.71335;0;0;-1
0;1017;-5.56187;-29.8879;63.395;9.05885;3113.92;5.44696;0;0;0.1;0.01;0;6.57478;0;0;-1
0;1018;-6.85176;-15.3371;60.9717;8.54701;2615.36;5.13919;0;0;0.1;0.01;0;6.62537;0;0;-1
0;1019;-8.78605;0.622364;60.7741;8.5;2572.44;5.11093;0;0;0.1;0.01;0;4.71235;1;0;-1
0;1020;-6.95395;20.8328;60.3911;8.92528;2978.2;5.36664;0;0;0.1;0.01;0;4.61623;0;0;-1
0;1021;-8.834;36.0092;63.578;9.68264;3802.51;5.82203;0;0;0.1;0.01;0;7.04863;0;0;-1
0;1022;-6.47503;52.1447;61.0332;9.64341;3756.48;5.79844;0;0;0.1;0.01;0;7.58088;0;0;-1
0;1023;-7.43376;67.6715;60.8751;10.3052;4584.14;6.19637;0;0;0.1;0.01;0;4.93487;0;0;-1
0;1024;5.31858;-73.7735;61.951;8.5;2572.44;5.11093;0;0;0.1;0.01;0;2.23644;1;0;-1
0;1025;6.87377;-57.4042;62.3037;10.176;4413.87;6.11868;0;0;0.1;0.01;0;5.81544;0;0;-1
0;1026;7.74302;-39.3504;61.0337;8.5;2572.44;5.11093;0;0;0.1;0.01;0;4.55123;1;0;-1
0;1027;6.38274;-22.6903;62.3446;9.92312;4092.92;5.96663;0;0;0.1;0.01;0;6.71222;0;0;-1
0;1028;9.17143;-6.37614;62.471;10.2402;4497.94;6.15728;0;0;0.1;0.01;0;6.85725;0;0;-1
0;1029;8.78012;12.1993;62.2391;8.66534;2725.5;5.21034;0;0;0.1;0.01;0;4.78915;0;0;-1
0;1030;7.91641;26.324;63.4188;8.5;2572.44;5.11093;0;0;0.1;0.01;0;5.49513;1;0;-1
0;1031;7.42249;42.073;60.0823;10.2988;4575.6;6.19252;0;0;0.1;0.01;0;6.63389;0;0;-1
0;1032;6.63918;63.0884;63.2913;9.3194;3390.41;5.60362;0;0;0.1;0.01;0;4.62275;0;0;-1
0;1033;21.3009;-63.8664;60.9614;8.5;2572.44;5.11093;0;0;0.1;0.01;0;3.69999;1;0;-1
0;1034;23.2544;-50.2978;61.9504;8.5;2572.44;5.11093;0;0;0.1;0.01;0;4.43353;1;0;-1
0;1035;20.939;-32.3607;61.028;8.5;2572.44;5.11093;0;0;0.1;0.01;0;3.83408;1;0;-1
0;1036;24.2147;-12.6673;60.3661;8.5;2572.44;5.11093;0;0;0.1;0.01;0;5.40665;1;0;-1
0;1037;20.6118;2.95336;61.7817;8.5;2572.44;5.11093;0;0;0.1;0.01;0;5.0646;1;0;-1
0;1038;23.0823;19.7981;63.7347;10.3275;4613.96;6.20978;0;0;0.1;0.01;0;7.34291;0;0;-1
0;1039;21.9267;37.8436;63.1477;8.70203;2760.26;5.2324;0;0;0.1;0.01;0;5.68832;0;0;-1
0;1040;21.5745;53.156;60.4266;8.5;2572.44;5.11093;0;0;0.1;0.01;0;5.29554;1;0;-1
0;1041;22.1342;69.1055;61.3967;9.0674;3122.75;5.4521;0;0;0.1;0.01;0;3.39121;0;0;-1
0;1042;34.6713;-59.7328;63.54;8.5;2572.44;5.11093;0;0;0.1;0.01;0;2.17242;1;0;-1
0;1043;36.1543;-39.3416;62.5739;9.23923;3303.66;5.55541;0;0;0.1;0.01;0;4.51201;0;0;-1
0;1044;38.1811;-22.8147;61.8984;8.81792;2872.02;5.30209;0;0;0.1;0.01;0;4.89364;0;0;-1
0;1045;35.7969;-5.05629;62.6083;8.95321;3006.25;5.38344;0;0;0.1;0.01;0;4.80273;0;0;-1
0;1046;38.2682;12.2884;61.3804;9.45337;3538.74;5.68417;0;0;0.1;0.01;0;5.64921;0;0;-1
0;1047;37.9544;26.2062;60.251;8.5;2572.44;5.11093;0;0;0.1;0.01;0;6.73297;1;0;-1
0;1048;35.5225;43.3594;63.5248;9.23679;3301.05;5.55395;0;0;0.1;0.01;0;5.62913;0;0;-1
0;1049;38.6604;60.472;63.3818;9.72555;3853.28;5.84783;0;0;0.1;0.01;0;3.94784;0;0;-1
0;1050;53.4592;-48.7321;61.7438;9.52246;3616.9;5.72572;0;0;0.1;0.01;0;3.2246;0;0;-1
0;1051;50.3664;-33.3925;60.8843;8.5;2572.44;5.11093;0;0;0.1;0.01;0;4.87596;1;0;-1
0;1052;51.0254;-15.2835;62.1408;9.58171;3684.83;5.76134;0;0;0.1;0.01;0;5.6976;0;0;-1
0;1053;50.0353;0.792714;62.697;8.5;2572.44;5.11093;0;0;0.1;0.01;0;4.12954;1;0;-1
0;1054;50.5525;20.693;60.9309;8.5;2572.44;5.11093;0;0;0.1;0.01;0;5.72284;1;0;-1
0;1055;50.8708;34.8055;61.8191;9.8158;3961.56;5.9021;0;0;0.1;0.01;0;6.01767;0;0;-1
0;1056;53.696;53.0074;62.7386;10.1404;4367.71;6.09728;0;0;0.1;0.01;0;3.14097;0;0;-1
0;1057;67.0765;-40.8573;60.896;10.4293;4751.76;6.27099;0;0;0.1;0.01;0;2.85329;0;0;-1
0;1058;64.4552;-21.5185;62.1446;8.5;2572.44;5.11093;0;0;0.1;0.01;0;2.95722;1;0;-1
0;1059;64.441;-5.43717;61.871;8.5;2572.44;5.11093;0;0;0.1;0.01;0;4.08094;1;0;-1
0;1060;66.7715;9.19751;60.6588;9.7064;3830.57;5.83632;0;0;0.1;0.01;0;3.28671;0;0;-1
0;1061;65.1724;25.0316;60.1574;8.80062;2855.15;5.29169;0;0;0.1;0.01;0;2.82139;0;0;-1
0;1062;-54.4262;-23.7642;75.983;9.34551;3418.99;5.61932;0;0;0.1;0.01;0;3.60445;0;0;-1
0;1063;-56.5082;-4.70109;78.703;8.5;2572.44;5.11093;0;0;0.1;0.01;0;1.6629;1;0;-1
0;1064;-54.9394;10.679;76.2438;9.32397;3395.4;5.60637;0;0;0.1;0.01;0;3.90563;0;0;-1
0;1065;-56.4428;29.7261;75.0173;10.447;4775.99;6.28163;0;0;0.1;0.01;0;3.23357;0;0;-1
0;1066;-40.0285;-48.9629;77.0247;8.5;2572.44;5.11093;0;0;0.1;0.01;0;2.2463;1;0;-1
0;1067;-42.2523;-30.7994;77.791;8.79456;2849.25;5.28804;0;0;0.1;0.01;0;4.74894;0;0;-1
0;1068;-40.3965;-15.9271;75.094;9.98709;4172.59;6.00509;0;0;0.1;0.01;0;6.54701;0;0;-1
0;1069;-40.4548;2.86604;77.9469;9.51488;3608.27;5.72116;0;0;0.1;0.01;0;5.73199;0;0;-1
0;1070;-41.6335;17.7779;74.6433;8.54694;2615.29;5.13915;0;0;0.1;0.01;0;5.55068;0;0;-1
0;1071;-39.3209;33.6809;76.4735;9.87209;4030.1;5.93594;0;0;0.1;0.01;0;4.14308;0;0;-1
0;1072;-24.3905;-55.1607;76.9443;9.73996;3870.44;5.8565;0;0;0.1;0.01;0;3.46829;0;0;-1
0;1073;-26.271;-40.8482;74.9512;9.02504;3079.19;5.42663;0;0;0.1;0.01;0;5.50536;0;0;-1
0;1074;-27.467;-23.1543;76.5341;10.0637;4269.35;6.05116;0;0;0.1;0.01;0;7.01361;0;0;-1
0;1075;-27.2505;-4.51828;77.8992;9.34698;3420.6;5.6202;0;0;0.1;0.01;0;6.54959;0;0;-1
0;1076;-24.9817;12.2922;77.0438;9.04555;3100.23;5.43896;0;0;0.1;0.01;0;5.77566;0;0;-1
0;1077;-25.7893;26.5286;77.3008;9.31413;3384.66;5.60045;0;0;0.1;0.01;0;5.89712;0;0;-1
0;1078;-25.3421;43.7264;77.7621;9.28589;3353.97;5.58347;0;0;0.1;0.01;0;3.80736;0;0;-1
0;1079;-10.0676;-47.8117;76.4035;8.80812;2862.45;5.29619;0;0;0.1;0.01;0;4.92383;0;0;-1
0;1080;-12.4507;-31.1442;76.414;10.2266;4480.05;6.14911;0;0;0.1;0.01;0;7.47857;0;0;-1
0;1081;-12.8008;-16.174;74.6127;9.40462;3484.27;5.65486;0;0;0.1;0.01;0;7.35052;0;0;-1
0;1082;-13.5671;0.330117;78.4969;10.2202;4471.64;6.14526;0;0;0.1;0.01;0;6.59446;0;0;-1
0;1083;-11.4836;20.5757;78.3209;8.95194;3004.97;5.38267;0;0;0.1;0.01;0;5.81081;0;0;-1
0;1084;-10.8858;36.51;76.7774;10.0821;4292.81;6.06222;0;0;0.1;0.01;0;7.27566;0;0;-1
0;1085;-11.9888;51.595;76.3124;9.93362;4105.93;5.97294;0;0;0.1;0.01;0;4.78398;0;0;-1
0;1086;3.54487;-58.8457;76.6031;10.3992;4710.73;6.25289;0;0;0.1;0.01;0;3.37082;0;0;-1
0;1087;1.37833;-42.2275;78.4866;8.5;2572.44;5.11093;0;0;0.1;0.01;0;4.97597;1;0;-1
0;1088;4.76694;-23.2441;76.3329;10.0445;4244.96;6.03961;0;0;0.1;0.01;0;6.80884;0;0;-1
0;1089;1.30002;-7.59593;78.2465;9.92445;4094.57;5.96743;0;0;0.1;0.01;0;6.26901;0;0;-1
0;1090;3.27006;11.4199;77.6327;8.90179;2954.75;5.35252;0;0;0.1;0.01;0;4.53995;0;0;-1
0;1091;1.50571;27.3614;77.7775;9.65841;3774.03;5.80746;0;0;0.1;0.01;0;7.23951;0;0;-1
0;1092;2.54108;42.4945;76.4674;10.3015;4579.2;6.19414;0;0;0.1;0.01;0;6.33669;0;0;-1
0;1093;4.04231;61.3727;76.5683;9.70352;3827.16;5.83459;0;0;0.1;0.01;0;3.29186;0;0;-1
0;1094;16.4721;-49.599;74.9965;8.82222;2876.22;5.30467;0;0;0.1;0.01;0;3.5141;0;0;-1
0;1095;17.4661;-30.7375;77.8457;9.94785;4123.6;5.9815;0;0;0.1;0.01;0;6.04363;0;0;-1
0;1096;18.4959;-13.1235;74.6049;9.11763;3174.93;5.4823;0;0;0.1;0.01;0;6.14109;0;0;-1
0;1097;16.7215;3.34252;76.3022;8.78297;2838;5.28107;0;0;0.1;0.01;0;5.25081;0;0;-1
0;1098;18.4114;20.1258;76.7532;8.5;2572.44;5.11093;0;0;0.1;0.01;0;5.81157;1;0;-1
0;1099;18.6038;33.98;76.0099;10.0972;4312.13;6.0713;0;0;0.1;0.01;0;7.30904;0;0;-1
0;1100;18.5662;54.4271;76.1416;9.59276;3697.6;5.76799;0;0;0.1;0.01;0;3.60267;0;0;-1
0;1101;32.5505;-40.2001;76.4273;10.1849;4425.47;6.12403;0;0;0.1;0.01;0;3.81329;0;0;-1
0;1102;31.25;-22.9447;78.5547;10.1291;4353.13;6.09048;0;0;0.1;0.01;0;5.58377;0;0;-1
0;1103;31.1777;-5.98493;77.342;8.5572;2624.72;5.14532;0;0;0.1;0.01;0;5.19995;0;0;-1
0;1104;32.3759;11.7433;76.1669;9.07028;3125.72;5.45383;0;0;0.1;0.01;0;4.46328;0;0;-1
0;1105;34.5167;28.4112;76.6468;10.3011;4578.67;6.1939;0;0;0.1;0.01;0;5.8773;0;0;-1
0;1106;30.9528;46.494;78.1624;10.3268;4613.03;6.20935;0;0;0.1;0.01;0;4.16974;0;0;-1
0;1107;49.0835;-30.3954;78.6682;9.26179;3327.92;5.56898;0;0;0.1;0.01;0;1.69134;0;0;-1
0;1108;45.4485;-13.8847;75.3065;8.5304;2600.14;5.12921;0;0;0.1;0.01;0;4.76183;0;0;-1
0;1109;47.442;0.400821;77.9819;8.55106;2619.08;5.14163;0;0;0.1;0.01;0;3.45435;0;0;-1
0;1110;48.3211;20.0336;74.9206;9.58572;3689.46;5.76375;0;0;0.1;0.01;0;3.87054;0;0;-1
0;1111;49.0134;36.2375;77.4603;8.5;2572.44;5.11093;0;0;0.1;0.01;0;2.34144;1;0;-1
0;1112;60.4388;-6.10334;78.4402;8.5;2572.44;5.11093;0;0;0.1;0.01;0;1.59596;1;0;-1
0;1113;-36.2708;-15.7299;89.6397;9.8315;3980.59;5.91154;0;0;0.1;0.01;0;4.24627;0;0;-1
0;1114;-36.4123;1.5651;91.2381;8.5;2572.44;5.11093;0;0;0.1;0.01;0;3.92251;1;0;-1
0;1115;-38.4465;16.951;89.8835;10.0141;4206.53;6.02133;0;0;0.1;0.01;0;3.7712;0;0;-1
0;1116;-21.1046;-24.4715;90.048;10.4526;4783.67;6.285;0;0;0.1;0.01;0;4.94826;0;0;-1
0;1117;-23.413;-6.36197;93.0759;10.0382;4236.98;6.03582;0;0;0.1;0.01;0;4.53986;0;0;-1
0;1118;-22.7364;11.6927;89.7679;8.5;2572.44;5.11093;0;0;0.1;0.01;0;4.56507;1;0;-1
0;1119;-21.6272;27.6344;93.3777;10.1704;4406.59;6.11531;0;0;0.1;0.01;0;3.63744;0;0;-1
0;1120;-7.47854;-31.4724;90.7926;9.99572;4183.41;6.01028;0;0;0.1;0.01;0;4.74579;0;0;-1
0;1121;-8.53307;-14.0091;89.4468;9.49792;3589.01;5.71096;0;0;0.1;0.01;0;6.43248;0;0;-1
0;1122;-6.51388;1.18274;92.6569;9.92513;4095.41;5.96784;0;0;0.1;0.01;0;5.31408;0;0;-1
0;1123;-5.80722;19.1309;93.3199;10.3778;4681.71;6.24002;0;0;0.1;0.01;0;5.37779;0;0;-1
0;1124;-7.61417;35.0409;92.3596;8.5;2572.44;5.11093;0;0;0.1;0.01;0;3.70924;1;0;-1
0;1125;5.4188;-38.5666;92.1454;8.64182;2703.36;5.1962;0;0;0.1;0.01;0;2.77426;0;0;-1
0;1126;6.63343;-23.3657;92.1229;9.97299;4154.94;5.99661;0;0;0.1;0.01;0;4.85978;0;0;-1
0;1127;7.32715;-5.04213;91.6094;9.76217;3896.98;5.86985;0;0;0.1;0.01;0;4.36949;0;0;-1
0;1128;6.66372;10.8062;91.2129;9.29955;3368.79;5.59168;0;0;0.1;0.01;0;4.1221;0;0;-1
0;1129;6.09674;28.7497;90.0556;9.47028;3557.76;5.69434;0;0;0.1;0.01;0;5.33382;0;0;-1
0;1130;23.7584;-31.9708;89.8602;8.5;2572.44;5.11093;0;0;0.1;0.01;0;2.94865;1;0;-1
0;1131;20.7078;-13.4746;89.3537;8.96289;3016.01;5.38926;0;0;0.1;0.01;0;4.8231;0;0;-1
0;1132;22.7953;0.119707;90.1679;8.56343;2630.46;5.14907;0;0;0.1;0.01;0;3.46659;0;0;-1
0;1133;20.0081;20.8221;90.9621;8.88242;2935.5;5.34087;0;0;0.1;0.01;0;3.25236;0;0;-1
0;1134;20.8911;36.7166;90.3437;8.61361;2676.97;5.17924;0;0;0.1;0.01;0;2.7203;0;0;-1
0;1135;37.3237;-7.80412;89.7317;9.767;3902.76;5.87276;0;0;0.1;0.01;0;3.63699;0;0;-1
0;1136;35.4271;9.72714;91.1651;8.5238;2594.11;5.12524;0;0;0.1;0.01;0;1.96309;0;0;-1
