Time;ID;x;y;z;radius;volume_total;radius_nuclear;contact_ECM;freezer;polarized_fraction;motility;cell_line;Cell_cell;phase;Cycle;NFkB
0;0;-51.3214;-4.61243;-83.4205;8.5;2572.44;5.11093;0;0;0.1;0.01;0;2.64406;1;0;-1
0;1;-37.4349;-33.3433;-84.6837;9.8791;4038.69;5.94016;0;0;0.1;0.01;0;2.67658;0;0;-1
0;2;-37.6535;-13.83;-86.4836;8.5;2572.44;5.11093;0;0;0.1;0.01;0;2.65238;1;0;-1
0;3;-38.5133;0.468354;-85.5918;8.93259;2985.53;5.37104;0;0;0.1;0.01;0;2.49518;0;0;-1
0;4;-35.4907;20.6062;-84.3356;10.0373;4235.84;6.03528;0;0;0.1;0.01;0;3.05325;0;0;-1
0;5;-21.8026;-40.6284;-87.2629;9.31441;3384.97;5.60062;0;0;0.1;0.01;0;2.80698;0;0;-1
0;6;-20.5476;-22.3998;-85.9318;8.72424;2781.45;5.24576;0;0;0.1;0.01;0;4.23994;0;0;-1
0;7;-21.0313;-8.41578;-84.509;8.68751;2746.47;5.22367;0;0;0.1;0.01;0;4.10796;0;0;-1
0;8;-20.3041;10.7156;-85.9739;8.9461;2999.09;5.37916;0;0;0.1;0.01;0;3.39432;0;0;-1
0;9;-22.2969;28.762;-84.0049;9.1147;3171.87;5.48054;0;0;0.1;0.01;0;3.81245;0;0;-1
0;10;-8.84338;-49.3352;-83.4161;10.3831;4688.89;6.24321;0;0;0.1;0.01;0;3.60792;0;0;-1
0;11;-7.09814;-30.7507;-87.1636;9.25676;3322.5;5.56596;0;0;0.1;0.01;0;4.75223;0;0;-1
0;12;-6.80744;-16.6176;-86.2525;8.92614;2979.06;5.36716;0;0;0.1;0.01;0;5.07791;0;0;-1
0;13;-6.5923;0.140354;-85.515;10.1914;4433.94;6.12794;0;0;0.1;0.01;0;5.02032;0;0;-1
0;14;-7.5671;20.031;-83.7604;10.1998;4444.92;6.13299;0;0;0.1;0.01;0;5.00679;0;0;-1
0;15;-7.67551;38.2922;-83.9352;9.71243;3837.71;5.83994;0;0;0.1;0.01;0;3.32012;0;0;-1
0;16;7.44584;-40.8715;-85.9506;10.0896;4302.4;6.06673;0;0;0.1;0.01;0;4.84811;0;0;-1
0;17;6.40315;-24.2341;-83.4874;10.0954;4309.82;6.07022;0;0;0.1;0.01;0;6.03734;0;0;-1
0;18;8.72579;-6.02078;-85.8356;8.76963;2825.09;5.27305;0;0;0.1;0.01;0;3.89333;0;0;-1
0;19;6.48044;10.9351;-86.7577;8.73724;2793.9;5.25358;0;0;0.1;0.01;0;2.66764;0;0;-1
0;20;7.76083;27.7534;-87.3896;8.84193;2895.54;5.31652;0;0;0.1;0.01;0;3.18381;0;0;-1
0;21;8.88001;45.3828;-83.58;10.2972;4573.47;6.19156;0;0;0.1;0.01;0;3.80149;0;0;-1
0;22;20.2429;-49.157;-84.4976;9.44966;3534.57;5.68194;0;0;0.1;0.01;0;3.23316;0;0;-1
0;23;23.3376;-34.0346;-86.6624;10.0918;4305.21;6.06805;0;0;0.1;0.01;0;5.12397;0;0;-1
0;24;20.6129;-15.7258;-84.9669;8.5;2572.44;5.11093;0;0;0.1;0.01;0;3.28234;1;0;-1
0;25;22.4799;3.44962;-86.8625;8.58914;2654.22;5.16453;0;0;0.1;0.01;0;3.5916;0;0;-1
0;26;23.6312;20.3941;-84.4823;8.88816;2941.2;5.34432;0;0;0.1;0.01;0;4.47744;0;0;-1
0;27;23.5493;37.7426;-84.8595;9.8457;3997.87;5.92008;0;0;0.1;0.01;0;3.69454;0;0;-1
0;28;36.3535;-40.1919;-83.6499;9.99562;4183.29;6.01022;0;0;0.1;0.01;0;3.76849;0;0;-1
0;29;35.4687;-25.5484;-86.1289;8.5;2572.44;5.11093;0;0;0.1;0.01;0;3.01533;1;0;-1
0;30;37.2096;-5.5992;-85.3005;10.2046;4451.19;6.13588;0;0;0.1;0.01;0;2.52994;0;0;-1
0;31;36.5595;10.859;-83.9718;10.2277;4481.49;6.14977;0;0;0.1;0.01;0;3.93879;0;0;-1
0;32;37.5888;26.9789;-83.9296;10.0868;4298.82;6.06505;0;0;0.1;0.01;0;4.35716;0;0;-1
0;33;-70.5252;-14.7638;-69.3742;9.3986;3477.59;5.65124;0;0;0.1;0.01;0;2.28045;0;0;-1
0;34;-57.8137;-39.4469;-71.3468;9.97762;4160.73;5.9994;0;0;0.1;0.01;0;3.10464;0;0;-1
0;35;-56.6671;-25.19;-72.497;9.30194;3371.39;5.59312;0;0;0.1;0.01;0;3.99568;0;0;-1
0;36;-54.7616;-8.89624;-70.8503;8.5;2572.44;5.11093;0;0;0.1;0.01;0;4.50327;1;0;-1
0;37;-56.2931;9.85767;-69.7944;10.3383;4628.45;6.21627;0;0;0.1;0.01;0;3.50707;0;0;-1
0;38;-57.7894;28.4747;-71.5042;8.5;2572.44;5.11093;0;0;0.1;0.01;0;2.15613;1;0;-1
0;39;-54.6549;46.9042;-68.5815;9.52835;3623.61;5.72926;0;0;0.1;0.01;0;3.23957;0;0;-1
0;40;-41.5493;-51.3151;-72.675;9.08313;3139.03;5.46155;0;0;0.1;0.01;0;2.11172;0;0;-1
0;41;-41.3958;-30.4502;-70.9823;9.44447;3528.75;5.67882;0;0;0.1;0.01;0;5.73978;0;0;-1
0;42;-42.2327;-16.6216;-69.668;10.4347;4759.14;6.27423;0;0;0.1;0.01;0;6.85659;0;0;-1
0;43;-39.4106;1.73233;-69.0965;8.5;2572.44;5.11093;0;0;0.1;0.01;0;4.22129;1;0;-1
0;44;-42.363;16.7605;-69.0601;8.5;2572.44;5.11093;0;0;0.1;0.01;0;5.5121;1;0;-1
0;45;-42.4226;34.2518;-69.8623;9.48534;3574.76;5.7034;0;0;0.1;0.01;0;5.21159;0;0;-1
0;46;-41.2136;53.4619;-69.4124;8.5;2572.44;5.11093;0;0;0.1;0.01;0;3.80526;1;0;-1
0;47;-26.5818;-57.1936;-70.3561;8.69547;2754.02;5.22846;0;0;0.1;0.01;0;4.02531;0;0;-1
0;48;-28.5606;-42.5895;-68.4945;10.4235;4743.83;6.2675;0;0;0.1;0.01;0;6.38754;0;0;-1
0;49;-26.2514;-24.7411;-70.6803;8.78999;2844.81;5.28529;0;0;0.1;0.01;0;5.81405;0;0;-1
0;50;-24.7278;-8.81202;-71.8659;8.5;2572.44;5.11093;0;0;0.1;0.01;0;4.47485;1;0;-1
0;51;-26.8801;11.1053;-69.6503;9.33999;3412.93;5.616;0;0;0.1;0.01;0;5.35058;0;0;-1
0;52;-26.0036;26.9275;-69.2381;10.0291;4225.46;6.03035;0;0;0.1;0.01;0;6.56845;0;0;-1
0;53;-27.6151;43.7346;-70.6716;9.33376;3406.11;5.61225;0;0;0.1;0.01;0;4.60014;0;0;-1
0;54;-27.1642;62.1963;-69.8074;9.79464;3935.99;5.88937;0;0;0.1;0.01;0;3.73907;0;0;-1
0;55;-13.57;-63.8504;-69.0159;9.87774;4037.02;5.93934;0;0;0.1;0.01;0;4.04167;0;0;-1
0;56;-13.8196;-48.1366;-68.3362;8.5;2572.44;5.11093;0;0;0.1;0.01;0;5.7213;1;0;-1
0;57;-11.3441;-31.1835;-72.6096;8.91585;2968.77;5.36097;0;0;0.1;0.01;0;5.09715;0;0;-1
0;58;-12.6983;-15.0478;-70.9689;9.29638;3365.35;5.58978;0;0;0.1;0.01;0;6.58883;0;0;-1
0;59;-9.94978;1.9635;-71.7779;9.45092;3535.99;5.6827;0;0;0.1;0.01;0;5.80915;0;0;-1
0;60;-11.6497;16.5873;-70.1486;8.82064;2874.68;5.30372;0;0;0.1;0.01;0;5.34726;0;0;-1
0;61;-11.8804;36.628;-70.9313;9.09843;3154.92;5.47075;0;0;0.1;0.01;0;4.65154;0;0;-1
0;62;-10.7516;55.0833;-70.3578;9.75011;3882.55;5.8626;0;0;0.1;0.01;0;3.31394;0;0;-1
0;63;2.17651;-56.2446;-69.0637;9.01971;3073.73;5.42342;0;0;0.1;0.01;0;4.73995;0;0;-1
0;64;3.94461;-40.1513;-72.0472;8.76763;2823.16;5.27185;0;0;0.1;0.01;0;5.19978;0;0;-1
0;65;2.71612;-22.8993;-68.5018;10.2393;4496.76;6.15674;0;0;0.1;0.01;0;7.071;0;0;-1
0;66;4.33895;-7.98106;-72.0177;9.90275;4067.77;5.95438;0;0;0.1;0.01;0;6.59561;0;0;-1
0;67;2.34936;10.175;-69.2153;8.5;2572.44;5.11093;0;0;0.1;0.01;0;4.96963;1;0;-1
0;68;4.40205;26.7888;-69.6935;8.5;2572.44;5.11093;0;0;0.1;0.01;0;4.4929;1;0;-1
0;69;4.43729;45.7969;-70.5429;9.40266;3482.1;5.65368;0;0;0.1;0.01;0;6.07164;0;0;-1
0;70;3.50804;63.7147;-70.1509;9.87208;4030.09;5.93594;0;0;0.1;0.01;0;3.45423;0;0;-1
0;71;16.3316;-66.2678;-69.9002;9.33398;3406.35;5.61239;0;0;0.1;0.01;0;2.89219;0;0;-1
0;72;15.9684;-47.1646;-70.9283;8.71329;2770.99;5.23917;0;0;0.1;0.01;0;4.75428;0;0;-1
0;73;19.2576;-30.2047;-70.8764;10.2304;4485.04;6.15139;0;0;0.1;0.01;0;6.89059;0;0;-1
0;74;16.4046;-14.0924;-69.2277;8.5;2572.44;5.11093;0;0;0.1;0.01;0;6.6986;1;0;-1
0;75;16.9975;1.22386;-71.3283;9.24351;3308.26;5.55799;0;0;0.1;0.01;0;5.43991;0;0;-1
0;76;16.0035;18.2098;-69.2036;8.72477;2781.96;5.24608;0;0;0.1;0.01;0;4.98937;0;0;-1
0;77;17.3071;35.4439;-70.6358;9.03495;3089.34;5.43258;0;0;0.1;0.01;0;5.48947;0;0;-1
0;78;19.4553;55.0762;-70.2824;10.194;4437.34;6.1295;0;0;0.1;0.01;0;4.06601;0;0;-1
0;79;31.0789;-57.7952;-69.4698;8.5;2572.44;5.11093;0;0;0.1;0.01;0;3.36045;1;0;-1
0;80;31.764;-38.53;-68.428;9.87873;4038.24;5.93994;0;0;0.1;0.01;0;6.27502;0;0;-1
0;81;32.0189;-21.8266;-69.6459;8.5;2572.44;5.11093;0;0;0.1;0.01;0;4.93344;1;0;-1
0;82;33.3365;-6.34263;-68.8039;9.53103;3626.67;5.73087;0;0;0.1;0.01;0;5.5707;0;0;-1
0;83;30.573;12.4403;-71.2977;9.73152;3860.39;5.85142;0;0;0.1;0.01;0;6.45358;0;0;-1
0;84;33.6242;28.6039;-68.5237;10.0382;4236.98;6.03582;0;0;0.1;0.01;0;6.88858;0;0;-1
0;85;34.0075;43.7443;-71.968;8.5;2572.44;5.11093;0;0;0.1;0.01;0;4.2355;1;0;-1
0;86;46.3672;-51.2897;-68.9097;9.61922;3728.28;5.7839;0;0;0.1;0.01;0;2.75843;0;0;-1
0;87;45.9818;-30.4856;-71.943;9.01313;3067.01;5.41946;0;0;0.1;0.01;0;4.3335;0;0;-1
0;88;47.5551;-13.422;-72.003;9.9526;4129.51;5.98435;0;0;0.1;0.01;0;4.8642;0;0;-1
0;89;45.3299;1.65364;-69.0588;8.5;2572.44;5.11093;0;0;0.1;0.01;0;5.76276;1;0;-1
0;90;47.3059;17.1307;-68.9535;10.3912;4699.87;6.24808;0;0;0.1;0.01;0;6.38426;0;0;-1
0;91;48.9698;36.8805;-71.9515;10.2103;4458.66;6.13931;0;0;0.1;0.01;0;3.5352;0;0;-1
0;92;46.7033;54.1121;-69.0001;8.5;2572.44;5.11093;0;0;0.1;0.01;0;2.53838;1;0;-1
0;93;60.0237;-25.666;-72.0475;10.0688;4275.84;6.05422;0;0;0.1;0.01;0;2.7524;0;0;-1
0;94;62.564;-5.60755;-71.9199;8.73835;2794.97;5.25424;0;0;0.1;0.01;0;2.33515;0;0;-1
0;95;61.3302;9.8743;-68.84;9.81409;3959.49;5.90107;0;0;0.1;0.01;0;3.63402;0;0;-1
0;96;-80.3929;-8.3124;-55.4101;9.69228;3813.88;5.82783;0;0;0.1;0.01;0;2.9624;0;0;-1
0;97;-80.1257;12.4585;-54.3349;8.7296;2786.58;5.24898;0;0;0.1;0.01;0;2.61275;0;0;-1
0;98;-65.7561;-48.4225;-54.2724;10.1245;4347.2;6.08771;0;0;0.1;0.01;0;4.68084;0;0;-1
0;99;-67.7005;-33.8762;-55.4096;8.95215;3005.18;5.3828;0;0;0.1;0.01;0;3.30504;0;0;-1
0;100;-65.5554;-12.6529;-56.3774;8.50736;2579.13;5.11535;0;0;0.1;0.01;0;4.00082;0;0;-1
0;101;-64.5959;1.73677;-53.9668;9.72048;3847.26;5.84478;0;0;0.1;0.01;0;5.33518;0;0;-1
0;102;-68.0151;19.6461;-57.7824;8.68328;2742.46;5.22113;0;0;0.1;0.01;0;3.53426;0;0;-1
0;103;-66.4422;35.4411;-55.5489;8.5;2572.44;5.11093;0;0;0.1;0.01;0;3.49272;1;0;-1
0;104;-52.2514;-59.3464;-54.8734;9.7421;3872.99;5.85778;0;0;0.1;0.01;0;4.05934;0;0;-1
0;105;-52.9101;-42.3653;-57.5558;8.54632;2614.73;5.13878;0;0;0.1;0.01;0;4.59446;0;0;-1
0;106;-51.3183;-24.6958;-57.8035;8.5;2572.44;5.11093;0;0;0.1;0.01;0;4.57089;1;0;-1
0;107;-49.8611;-4.79276;-57.1166;9.83619;3986.29;5.91436;0;0;0.1;0.01;0;6.42257;0;0;-1
0;108;-51.749;12.0392;-54.388;9.7551;3888.52;5.8656;0;0;0.1;0.01;0;7.06062;0;0;-1
0;109;-51.0342;27.8548;-57.8084;10.3779;4681.85;6.24008;0;0;0.1;0.01;0;6.92798;0;0;-1
0;110;-52.1459;44.8052;-54.0111;9.75705;3890.85;5.86677;0;0;0.1;0.01;0;6.19785;0;0;-1
0;111;-50.5743;59.7322;-54.4346;10.0947;4308.92;6.0698;0;0;0.1;0.01;0;5.1509;0;0;-1
0;112;-38.6622;-66.5855;-56.3476;9.78686;3926.62;5.8847;0;0;0.1;0.01;0;4.10092;0;0;-1
0;113;-38.3701;-51.0447;-54.5694;9.22818;3291.83;5.54877;0;0;0.1;0.01;0;5.19287;0;0;-1
0;114;-36.5544;-31.2286;-56.2498;9.62245;3732.03;5.78584;0;0;0.1;0.01;0;6.18357;0;0;-1
0;115;-36.5273;-14.8571;-55.7957;10.2702;4537.59;6.17532;0;0;0.1;0.01;0;6.81797;0;0;-1
0;116;-37.7492;2.43624;-54.3748;8.98033;3033.65;5.39974;0;0;0.1;0.01;0;5.52364;0;0;-1
0;117;-36.077;20.996;-57.0172;10.2728;4541.04;6.17689;0;0;0.1;0.01;0;7.54063;0;0;-1
0;118;-35.203;36.6508;-55.0652;8.75833;2814.18;5.26626;0;0;0.1;0.01;0;6.65409;0;0;-1
0;119;-36.9986;51.2791;-56.508;10.0445;4244.96;6.03961;0;0;0.1;0.01;0;6.9442;0;0;-1
0;120;-35.9274;70.3118;-57.9312;10.4064;4720.52;6.25722;0;0;0.1;0.01;0;4.27275;0;0;-1
0;121;-23.9309;-76.0235;-57.3255;9.56038;3660.28;5.74852;0;0;0.1;0.01;0;3.14459;0;0;-1
0;122;-21.8295;-56.2159;-56.4047;9.42137;3502.92;5.66493;0;0;0.1;0.01;0;6.51054;0;0;-1
0;123;-21.0902;-40.4606;-54.8462;10.0066;4197.09;6.01682;0;0;0.1;0.01;0;6.98196;0;0;-1
0;124;-23.6238;-22.5397;-56.746;9.91108;4078.04;5.95939;0;0;0.1;0.01;0;6.87681;0;0;-1
0;125;-21.5861;-7.15262;-56.3409;8.98657;3039.98;5.40349;0;0;0.1;0.01;0;5.62963;0;0;-1
0;126;-22.4099;9.00046;-55.9842;9.44496;3529.3;5.67912;0;0;0.1;0.01;0;4.80022;0;0;-1
0;127;-21.4033;25.5996;-55.5873;8.61865;2681.68;5.18227;0;0;0.1;0.01;0;5.26597;0;0;-1
0;128;-21.7807;42.3103;-56.7036;8.5;2572.44;5.11093;0;0;0.1;0.01;0;5.12259;1;0;-1
0;129;-22.1122;63.2072;-54.4585;10.3642;4663.33;6.23184;0;0;0.1;0.01;0;7.13716;0;0;-1
0;130;-22.0262;77.9751;-57.0171;9.14647;3205.16;5.49964;0;0;0.1;0.01;0;3.52663;0;0;-1
0;131;-9.28492;-80.7896;-56.0038;8.5;2572.44;5.11093;0;0;0.1;0.01;0;2.46959;1;0;-1
0;132;-5.77061;-65.6705;-55.7536;9.0412;3095.76;5.43634;0;0;0.1;0.01;0;4.74601;0;0;-1
0;133;-6.23249;-47.1128;-55.125;9.62786;3738.33;5.78909;0;0;0.1;0.01;0;5.882;0;0;-1
0;134;-8.77344;-29.9196;-54.6142;9.80216;3945.06;5.8939;0;0;0.1;0.01;0;5.57622;0;0;-1
0;135;-8.94782;-14.1432;-55.4199;8.61231;2675.76;5.17846;0;0;0.1;0.01;0;5.83982;0;0;-1
0;136;-7.06174;0.373274;-56.7184;8.5;2572.44;5.11093;0;0;0.1;0.01;0;5.33844;1;0;-1
0;137;-5.92317;20.9925;-55.1531;10.3787;4682.93;6.24056;0;0;0.1;0.01;0;6.33458;0;0;-1
0;138;-8.23791;36.9502;-55.4885;10.3709;4672.38;6.23587;0;0;0.1;0.01;0;6.41166;0;0;-1
0;139;-5.83108;54.9396;-55.1065;10.4463;4775.03;6.28121;0;0;0.1;0.01;0;6.18362;0;0;-1
0;140;-8.71996;70.3275;-55.1373;8.9171;2970.02;5.36172;0;0;0.1;0.01;0;3.30069;0;0;-1
0;141;8.98753;-74.3226;-56.9069;8.95921;3012.3;5.38704;0;0;0.1;0.01;0;3.46691;0;0;-1
0;142;6.86199;-58.0809;-56.2159;9.9375;4110.74;5.97527;0;0;0.1;0.01;0;6.12577;0;0;-1
0;143;7.34449;-41.7046;-54.9314;8.5;2572.44;5.11093;0;0;0.1;0.01;0;4.38103;1;0;-1
0;144;9.40288;-22.7173;-56.6033;9.348;3421.72;5.62082;0;0;0.1;0.01;0;6.49608;0;0;-1
0;145;6.03181;-8.01938;-56.8632;9.37777;3454.52;5.63872;0;0;0.1;0.01;0;6.47246;0;0;-1
0;146;5.6104;9.72445;-55.2429;8.95394;3006.98;5.38387;0;0;0.1;0.01;0;4.28004;0;0;-1
0;147;8.44627;27.7495;-53.9548;10.1128;4332.14;6.08068;0;0;0.1;0.01;0;6.67667;0;0;-1
0;148;8.53509;44.9762;-55.972;10.2821;4553.38;6.18248;0;0;0.1;0.01;0;7.63849;0;0;-1
0;149;8.84101;59.8425;-57.7161;8.76315;2818.83;5.26915;0;0;0.1;0.01;0;5.80889;0;0;-1
0;150;8.5731;79.844;-54.3437;9.33081;3402.88;5.61048;0;0;0.1;0.01;0;2.80706;0;0;-1
0;151;22.2819;-64.2635;-56.6571;9.79249;3933.4;5.88808;0;0;0.1;0.01;0;4.96815;0;0;-1
0;152;24.178;-49.9846;-53.7229;8.97699;3030.27;5.39773;0;0;0.1;0.01;0;5.39985;0;0;-1
0;153;20.2879;-32.6179;-55.2888;9.10775;3164.62;5.47636;0;0;0.1;0.01;0;5.15328;0;0;-1
0;154;20.5215;-12.7152;-57.3655;9.31056;3380.77;5.5983;0;0;0.1;0.01;0;6.00883;0;0;-1
0;155;23.6294;1.41953;-56.4454;9.29185;3360.43;5.58705;0;0;0.1;0.01;0;5.67974;0;0;-1
0;156;23.7531;20.6601;-55.7394;10.1452;4373.92;6.10016;0;0;0.1;0.01;0;6.42689;0;0;-1
0;157;22.6879;38.2421;-56.2075;10.0929;4306.62;6.06871;0;0;0.1;0.01;0;7.0418;0;0;-1
0;158;22.9284;54.3756;-53.9792;10.4336;4757.64;6.27357;0;0;0.1;0.01;0;7.09845;0;0;-1
0;159;22.0557;70.5678;-57.6887;9.08793;3144.01;5.46444;0;0;0.1;0.01;0;2.47075;0;0;-1
0;160;38.5707;-56.0269;-56.421;9.06067;3115.8;5.44805;0;0;0.1;0.01;0;4.55426;0;0;-1
0;161;34.9361;-38.356;-54.7206;8.60039;2664.67;5.17129;0;0;0.1;0.01;0;5.32433;0;0;-1
0;162;38.5239;-25.0988;-56.4563;9.04343;3098.05;5.43768;0;0;0.1;0.01;0;5.60529;0;0;-1
0;163;37.2044;-5.69507;-54.8289;8.57831;2644.2;5.15801;0;0;0.1;0.01;0;5.96625;0;0;-1
0;164;38.462;8.33221;-55.415;9.23354;3297.56;5.55199;0;0;0.1;0.01;0;6.96551;0;0;-1
0;165;38.8673;25.4353;-54.6085;9.85015;4003.29;5.92275;0;0;0.1;0.01;0;6.32716;0;0;-1
0;166;36.7831;46.1489;-56.6495;9.17439;3234.6;5.51643;0;0;0.1;0.01;0;5.8564;0;0;-1
0;167;36.3676;60.7331;-54.1208;8.5;2572.44;5.11093;0;0;0.1;0.01;0;4.54058;1;0;-1
0;168;52.8869;-50.9597;-56.0598;8.97539;3028.65;5.39677;0;0;0.1;0.01;0;3.28757;0;0;-1
0;169;52.0682;-31.0862;-54.1384;9.95776;4135.93;5.98746;0;0;0.1;0.01;0;5.73183;0;0;-1
0;170;52.9091;-15.0654;-54.3775;8.5;2572.44;5.11093;0;0;0.1;0.01;0;5.22937;1;0;-1
0;171;52.2499;0.0396007;-54.3877;9.99184;4178.54;6.00795;0;0;0.1;0.01;0;7.515;0;0;-1
0;172;51.1915;18.0857;-56.0408;9.0008;3054.44;5.41205;0;0;0.1;0.01;0;6.79131;0;0;-1
0;173;52.9431;34.0756;-55.7627;9.24176;3306.38;5.55694;0;0;0.1;0.01;0;5.31206;0;0;-1
0;174;52.6973;55.2614;-56.5055;10.1122;4331.37;6.08032;0;0;0.1;0.01;0;4.26935;0;0;-1
0;175;64.6181;-40.8695;-56.6746;9.03274;3087.07;5.43126;0;0;0.1;0.01;0;2.99428;0;0;-1
0;176;67.2833;-25.0855;-56.1055;9.38578;3463.38;5.64353;0;0;0.1;0.01;0;4.42169;0;0;-1
0;177;67.7728;-4.49919;-55.1282;8.5;2572.44;5.11093;0;0;0.1;0.01;0;5.14029;1;0;-1
0;178;65.8315;11.9947;-53.8093;9.54477;3642.38;5.73913;0;0;0.1;0.01;0;5.87358;0;0;-1
0;179;66.0097;26.6417;-55.2804;8.5;2572.44;5.11093;0;0;0.1;0.01;0;3.88901;1;0;-1
0;180;64.7688;46.0618;-54.3187;9.81335;3958.59;5.90062;0;0;0.1;0.01;0;3.39716;0;0;-1
0;181;79.7183;-16.8521;-56.7573;10.1836;4423.77;6.12325;0;0;0.1;0.01;0;2.82714;0;0;-1
0;182;82.224;1.11908;-54.4681;8.92226;2975.18;5.36483;0;0;0.1;0.01;0;2.82676;0;0;-1
0;183;-87.512;-21.6635;-40.6284;9.37018;3446.14;5.63415;0;0;0.1;0.01;0;3.14588;0;0;-1
0;184;-84.1172;-8.1738;-40.1226;10.0307;4227.49;6.03131;0;0;0.1;0.01;0;5.21922;0;0;-1
0;185;-86.3083;12.3483;-39.6293;9.63572;3747.5;5.79382;0;0;0.1;0.01;0;4.44013;0;0;-1
0;186;-86.6576;29.3364;-39.2267;9.84885;4001.71;5.92197;0;0;0.1;0.01;0;3.0047;0;0;-1
0;187;-70.1788;-48.0395;-39.6454;8.5;2572.44;5.11093;0;0;0.1;0.01;0;4.05739;1;0;-1
0;188;-72.1199;-33.9449;-41.5619;10.2288;4482.94;6.15043;0;0;0.1;0.01;0;5.02665;0;0;-1
0;189;-71.5924;-14.5683;-41.6374;8.5;2572.44;5.11093;0;0;0.1;0.01;0;5.38697;1;0;-1
0;190;-72.68;3.61507;-40.9316;10.2704;4537.86;6.17544;0;0;0.1;0.01;0;7.38544;0;0;-1
0;191;-70.5086;19.0729;-42.0647;9.73679;3866.66;5.85459;0;0;0.1;0.01;0;6.24174;0;0;-1
0;192;-69.9849;37.0785;-42.9185;9.92192;4091.44;5.96591;0;0;0.1;0.01;0;5.68397;0;0;-1
0;193;-72.6575;51.3915;-41.1004;9.59208;3696.81;5.76758;0;0;0.1;0.01;0;3.09479;0;0;-1
0;194;-56.9517;-59.2017;-39.932;10.3288;4615.71;6.21056;0;0;0.1;0.01;0;5.24976;0;0;-1
0;195;-56.7273;-39.4569;-41.8778;9.50868;3601.22;5.71743;0;0;0.1;0.01;0;6.64115;0;0;-1
0;196;-54.1673;-24.6414;-40.9081;9.31218;3382.54;5.59928;0;0;0.1;0.01;0;5.42147;0;0;-1
0;197;-57.4645;-7.32829;-42.0186;10.0834;4294.47;6.063;0;0;0.1;0.01;0;6.99201;0;0;-1
0;198;-55.0635;9.54011;-39.8515;10.2811;4552.05;6.18188;0;0;0.1;0.01;0;6.71584;0;0;-1
0;199;-55.5417;25.8725;-41.5461;9.89022;4052.35;5.94685;0;0;0.1;0.01;0;6.11521;0;0;-1
0;200;-56.973;42.649;-40.1036;9.6706;3788.34;5.81479;0;0;0.1;0.01;0;6.52704;0;0;-1
0;201;-54.2528;60.447;-39.5888;9.62047;3729.73;5.78465;0;0;0.1;0.01;0;5.24097;0;0;-1
0;202;-40.5158;-80.6254;-40.9858;8.5;2572.44;5.11093;0;0;0.1;0.01;0;2.97067;1;0;-1
0;203;-41.678;-65.8973;-39.2263;9.46189;3548.32;5.6893;0;0;0.1;0.01;0;6.38173;0;0;-1
0;204;-43.051;-47.5187;-41.7228;8.5;2572.44;5.11093;0;0;0.1;0.01;0;4.90157;1;0;-1
0;205;-42.5713;-31.6891;-42.2054;8.64528;2706.61;5.19828;0;0;0.1;0.01;0;5.09575;0;0;-1
0;206;-40.2522;-13.4548;-40.6556;9.60474;3711.47;5.77519;0;0;0.1;0.01;0;6.10503;0;0;-1
0;207;-42.0138;1.94963;-39.9934;9.25091;3316.21;5.56244;0;0;0.1;0.01;0;6.47578;0;0;-1
0;208;-41.7846;19.6604;-42.4162;8.59492;2659.59;5.168;0;0;0.1;0.01;0;5.91476;0;0;-1
0;209;-41.4528;34.4573;-41.41;8.78789;2842.77;5.28403;0;0;0.1;0.01;0;5.64239;0;0;-1
0;210;-40.2714;53.6147;-41.2176;9.53739;3633.94;5.73469;0;0;0.1;0.01;0;7.07242;0;0;-1
0;211;-40.8058;68.4803;-42.1324;10.3601;4657.8;6.22938;0;0;0.1;0.01;0;6.081;0;0;-1
0;212;-27.6593;-72.9668;-42.8754;9.39388;3472.35;5.6484;0;0;0.1;0.01;0;6.10794;0;0;-1
0;213;-28.1443;-57.7306;-40.463;10.4418;4768.86;6.2785;0;0;0.1;0.01;0;7.0945;0;0;-1
0;214;-25.3011;-38.5091;-42.3709;9.23225;3296.18;5.55122;0;0;0.1;0.01;0;5.32932;0;0;-1
0;215;-25.0097;-22.3762;-39.8172;9.9908;4177.24;6.00732;0;0;0.1;0.01;0;6.38964;0;0;-1
0;216;-24.7454;-5.17961;-40.652;8.87426;2927.42;5.33596;0;0;0.1;0.01;0;5.61336;0;0;-1
0;217;-25.4554;9.75698;-41.0445;8.5;2572.44;5.11093;0;0;0.1;0.01;0;4.04153;1;0;-1
0;218;-28.1759;27.0151;-42.0142;9.3773;3454;5.63843;0;0;0.1;0.01;0;5.49024;0;0;-1
0;219;-27.2158;44.1205;-42.1006;9.59228;3697.04;5.7677;0;0;0.1;0.01;0;6.10556;0;0;-1
0;220;-27.5543;60.5357;-40.7626;9.41372;3494.4;5.66033;0;0;0.1;0.01;0;7.06632;0;0;-1
0;221;-25.0134;77.1753;-42.0754;9.57316;3674.98;5.7562;0;0;0.1;0.01;0;5.2438;0;0;-1
0;222;-12.9876;-83.1437;-42.1714;8.61093;2674.48;5.17763;0;0;0.1;0.01;0;4.03709;0;0;-1
0;223;-12.9513;-67.6051;-39.7397;10.0617;4266.8;6.04995;0;0;0.1;0.01;0;6.69574;0;0;-1
0;224;-12.3909;-49.3782;-41.8313;9.18212;3242.78;5.52108;0;0;0.1;0.01;0;5.31811;0;0;-1
0;225;-9.78449;-33.3265;-39.8341;9.50911;3601.71;5.71769;0;0;0.1;0.01;0;6.11679;0;0;-1
0;226;-13.0705;-15.5137;-40.7584;8.69144;2750.2;5.22604;0;0;0.1;0.01;0;6.37408;0;0;-1
0;227;-11.0601;0.258207;-41.4549;8.66025;2720.7;5.20728;0;0;0.1;0.01;0;5.45158;0;0;-1
0;228;-12.5353;20.0322;-39.3414;9.95302;4130.03;5.98461;0;0;0.1;0.01;0;6.15982;0;0;-1
0;229;-9.96339;34.316;-39.765;8.5;2572.44;5.11093;0;0;0.1;0.01;0;6.08876;1;0;-1
0;230;-11.5616;52.9642;-39.3557;10.1789;4417.65;6.12042;0;0;0.1;0.01;0;6.47278;0;0;-1
0;231;-11.0985;70.7604;-40.0395;9.43087;3513.53;5.67065;0;0;0.1;0.01;0;5.57606;0;0;-1
0;232;-9.78801;87.1017;-39.9618;8.5;2572.44;5.11093;0;0;0.1;0.01;0;2.38882;1;0;-1
0;233;2.82103;-89.5408;-42.0498;9.11671;3173.97;5.48175;0;0;0.1;0.01;0;2.8826;0;0;-1
0;234;4.67945;-74.9283;-41.1628;8.55271;2620.59;5.14262;0;0;0.1;0.01;0;5.17593;0;0;-1
0;235;2.01237;-59.7589;-39.3811;9.47364;3561.55;5.69636;0;0;0.1;0.01;0;5.41866;0;0;-1
0;236;3.62912;-40.764;-39.8001;8.5;2572.44;5.11093;0;0;0.1;0.01;0;4.85095;1;0;-1
0;237;4.67369;-25.2804;-39.5162;9.5216;3615.92;5.7252;0;0;0.1;0.01;0;6.13902;0;0;-1
0;238;1.23652;-8.08271;-42.4303;10.2613;4525.8;6.16997;0;0;0.1;0.01;0;6.26695;0;0;-1
0;239;3.21836;10.4526;-41.014;8.61838;2681.42;5.18211;0;0;0.1;0.01;0;4.36992;0;0;-1
0;240;4.07301;27.1897;-39.4751;8.90471;2957.66;5.35427;0;0;0.1;0.01;0;6.72805;0;0;-1
0;241;1.22545;43.0319;-40.2731;10.0973;4312.25;6.07136;0;0;0.1;0.01;0;7.97728;0;0;-1
0;242;1.51884;60.6188;-40.9751;8.5;2572.44;5.11093;0;0;0.1;0.01;0;5.3622;1;0;-1
0;243;3.95742;76.3842;-41.0741;9.14274;3201.24;5.4974;0;0;0.1;0.01;0;5.2645;0;0;-1
0;244;17.6751;-82.3287;-42.0965;8.5;2572.44;5.11093;0;0;0.1;0.01;0;3.29141;1;0;-1
0;245;18.2143;-65.451;-39.2905;10.2625;4527.39;6.17069;0;0;0.1;0.01;0;5.88367;0;0;-1
0;246;17.9174;-46.4602;-40.8039;8.89095;2943.97;5.346;0;0;0.1;0.01;0;5.26599;0;0;-1
0;247;17.8358;-31.7616;-41.1602;8.5;2572.44;5.11093;0;0;0.1;0.01;0;5.83787;1;0;-1
0;248;19.1001;-15.4964;-41.7706;9.48375;3572.97;5.70244;0;0;0.1;0.01;0;5.92391;0;0;-1
0;249;19.7531;1.94142;-42.1559;9.10927;3166.21;5.47727;0;0;0.1;0.01;0;4.69219;0;0;-1
0;250;17.6624;17.7322;-40.5163;9.27102;3337.88;5.57453;0;0;0.1;0.01;0;5.59831;0;0;-1
0;251;19.0284;36.716;-42.8423;9.9124;4079.67;5.96018;0;0;0.1;0.01;0;7.63414;0;0;-1
0;252;16.7963;52.0138;-39.689;10.0976;4312.64;6.07154;0;0;0.1;0.01;0;7.44183;0;0;-1
0;253;18.7604;68.4673;-41.1985;10.3155;4597.9;6.20256;0;0;0.1;0.01;0;5.94167;0;0;-1
0;254;16.4128;87.4191;-41.127;10.0767;4285.92;6.05897;0;0;0.1;0.01;0;3.14618;0;0;-1
0;255;32.9508;-75.6315;-42.5043;8.64912;2710.22;5.20059;0;0;0.1;0.01;0;2.25235;0;0;-1
0;256;30.5632;-56.4956;-40.5194;9.0958;3152.18;5.46917;0;0;0.1;0.01;0;6.27878;0;0;-1
0;257;33.716;-41.1816;-40.4646;10.005;4195.08;6.01586;0;0;0.1;0.01;0;7.65253;0;0;-1
0;258;32.7741;-25.2891;-41.5691;10.1242;4346.81;6.08753;0;0;0.1;0.01;0;7.40433;0;0;-1
0;259;33.7396;-8.04891;-42.028;8.5;2572.44;5.11093;0;0;0.1;0.01;0;4.72542;1;0;-1
0;260;33.8434;10.0355;-42.2938;8.5;2572.44;5.11093;0;0;0.1;0.01;0;5.10032;1;0;-1
0;261;33.8502;29.519;-39.8787;8.93213;2985.06;5.37076;0;0;0.1;0.01;0;6.03342;0;0;-1
0;262;32.946;46.1533;-39.4208;10.038;4236.72;6.0357;0;0;0.1;0.01;0;7.76817;0;0;-1
0;263;33.9196;60.0873;-39.704;9.38769;3465.49;5.64468;0;0;0.1;0.01;0;6.20771;0;0;-1
0;264;33.5518;79.8387;-40.4285;8.95437;3007.42;5.38413;0;0;0.1;0.01;0;2.74536;0;0;-1
0;265;47.827;-65.275;-41.6095;8.94443;2997.41;5.37816;0;0;0.1;0.01;0;2.46523;0;0;-1
0;266;47.1417;-47.7036;-39.9517;9.52788;3623.08;5.72898;0;0;0.1;0.01;0;5.80342;0;0;-1
0;267;47.7655;-30.2379;-39.2217;10.3176;4600.71;6.20382;0;0;0.1;0.01;0;7.65967;0;0;-1
0;268;46.7916;-14.9398;-42.5882;10.067;4273.55;6.05314;0;0;0.1;0.01;0;7.77896;0;0;-1
0;269;46.0814;2.87537;-42.1843;8.5;2572.44;5.11093;0;0;0.1;0.01;0;6.19975;1;0;-1
0;270;47.7602;16.8727;-43.0412;10.1627;4396.59;6.11068;0;0;0.1;0.01;0;7.43767;0;0;-1
0;271;46.8449;37.9662;-41.0991;9.52653;3621.54;5.72816;0;0;0.1;0.01;0;6.19236;0;0;-1
0;272;46.7008;52.14;-42.8757;9.67637;3795.12;5.81826;0;0;0.1;0.01;0;6.60617;0;0;-1
0;273;46.8338;69.2603;-39.8949;9.92643;4097.02;5.96862;0;0;0.1;0.01;0;4.49826;0;0;-1
0;274;60.374;-55.3642;-39.3258;9.8308;3979.74;5.91112;0;0;0.1;0.01;0;4.74562;0;0;-1
0;275;63.993;-41.6871;-39.8255;8.94562;2998.61;5.37887;0;0;0.1;0.01;0;4.28144;0;0;-1
0;276;61.2093;-23.3555;-39.8307;8.55006;2618.16;5.14103;0;0;0.1;0.01;0;5.54333;0;0;-1
0;277;63.4174;-7.79541;-42.3313;9.67674;3795.56;5.81848;0;0;0.1;0.01;0;6.80348;0;0;-1
0;278;63.6;8.22699;-39.467;10.0114;4203.13;6.01971;0;0;0.1;0.01;0;6.56098;0;0;-1
0;279;63.0225;26.1928;-42.2753;10.0357;4233.81;6.03432;0;0;0.1;0.01;0;6.07478;0;0;-1
0;280;61.5513;42.1371;-41.1985;8.88075;2933.85;5.33987;0;0;0.1;0.01;0;5.08296;0;0;-1
0;281;61.998;60.4246;-42.4597;9.23144;3295.32;5.55073;0;0;0.1;0.01;0;3.67795;0;0;-1
0;282;74.9463;-32.4972;-43.17;9.0112;3065.04;5.4183;0;0;0.1;0.01;0;3.21787;0;0;-1
0;283;77.7442;-14.9983;-41.1222;8.62851;2690.89;5.1882;0;0;0.1;0.01;0;4.46581;0;0;-1
0;284;76.327;-0.0842649;-41.4667;10.2851;4557.37;6.18428;0;0;0.1;0.01;0;6.87797;0;0;-1
0;285;78.7407;19.7231;-42.8182;8.99017;3043.63;5.40566;0;0;0.1;0.01;0;3.33026;0;0;-1
0;286;76.5378;34.3389;-41.947;9.23964;3304.1;5.55566;0;0;0.1;0.01;0;3.53953;0;0;-1
0;287;90.5154;-4.55623;-40.5322;8.7003;2758.62;5.23136;0;0;0.1;0.01;0;2.23257;0;0;-1
0;288;-95.1309;-13.5092;-24.7005;8.77145;2826.85;5.27415;0;0;0.1;0.01;0;3.17485;0;0;-1
0;289;-95.6322;1.2505;-26.098;9.92316;4092.97;5.96665;0;0;0.1;0.01;0;3.87558;0;0;-1
0;290;-80.8673;-41.5048;-24.6577;9.90428;4069.65;5.9553;0;0;0.1;0.01;0;2.88624;0;0;-1
0;291;-81.7962;-23.4396;-27.343;9.5595;3659.27;5.74799;0;0;0.1;0.01;0;3.86481;0;0;-1
0;292;-78.9078;-4.65666;-26.4846;10.0423;4242.17;6.03829;0;0;0.1;0.01;0;5.59013;0;0;-1
0;293;-82.574;10.968;-26.4524;10.1274;4350.93;6.08946;0;0;0.1;0.01;0;6.28621;0;0;-1
0;294;-82.417;27.6812;-25.1466;10.0349;4232.8;6.03384;0;0;0.1;0.01;0;5.02593;0;0;-1
0;295;-80.4021;44.5629;-28.113;9.88358;4044.19;5.94285;0;0;0.1;0.01;0;3.28393;0;0;-1
0;296;-64.0839;-67.8806;-25.9953;8.5;2572.44;5.11093;0;0;0.1;0.01;0;2.51746;1;0;-1
0;297;-64.3814;-48.9947;-26.1285;8.77835;2833.53;5.27829;0;0;0.1;0.01;0;4.35775;0;0;-1
0;298;-64.5301;-31.2645;-25.4623;9.74862;3880.77;5.8617;0;0;0.1;0.01;0;5.4673;0;0;-1
0;299;-64.485;-12.8927;-26.99;9.28066;3348.31;5.58033;0;0;0.1;0.01;0;5.55717;0;0;-1
0;300;-66.0791;4.44576;-26.0294;8.5;2572.44;5.11093;0;0;0.1;0.01;0;5.9408;1;0;-1
0;301;-65.4715;20.2174;-26.932;8.59094;2655.89;5.16561;0;0;0.1;0.01;0;5.71419;0;0;-1
0;302;-64.6879;35.2175;-27.1723;10.0497;4251.56;6.04274;0;0;0.1;0.01;0;6.31033;0;0;-1
0;303;-64.549;50.916;-26.2294;9.27992;3347.51;5.57988;0;0;0.1;0.01;0;5.75071;0;0;-1
0;304;-66.6807;68.6679;-26.7141;9.4554;3541.02;5.68539;0;0;0.1;0.01;0;2.14986;0;0;-1
0;305;-49.7088;-72.4992;-27.7935;8.99661;3050.18;5.40953;0;0;0.1;0.01;0;5.22869;0;0;-1
0;306;-49.6179;-58.1781;-26.2872;9.25063;3315.91;5.56227;0;0;0.1;0.01;0;6.29296;0;0;-1
0;307;-51.5425;-39.7117;-26.3425;9.3425;3415.69;5.61751;0;0;0.1;0.01;0;6.0064;0;0;-1
0;308;-52.4123;-23.1147;-27.5516;9.77632;3913.95;5.87836;0;0;0.1;0.01;0;6.55479;0;0;-1
0;309;-50.4846;-7.03166;-27.8126;9.73264;3861.72;5.8521;0;0;0.1;0.01;0;6.61033;0;0;-1
0;310;-53.0175;8.65224;-26.326;8.9409;2993.87;5.37603;0;0;0.1;0.01;0;5.48929;0;0;-1
0;311;-51.1147;26.7847;-24.4677;9.14375;3202.3;5.498;0;0;0.1;0.01;0;5.57759;0;0;-1
0;312;-49.9876;45.5117;-24.8739;9.78011;3918.5;5.88064;0;0;0.1;0.01;0;7.33799;0;0;-1
0;313;-50.667;62.4897;-25.5797;8.75947;2815.28;5.26694;0;0;0.1;0.01;0;6.08625;0;0;-1
0;314;-51.7945;78.485;-28.2529;8.72318;2780.44;5.24512;0;0;0.1;0.01;0;2.65254;0;0;-1
0;315;-36.4313;-82.1756;-26.5188;10.3133;4594.96;6.20124;0;0;0.1;0.01;0;6.19568;0;0;-1
0;316;-34.9831;-67.306;-26.8047;8.88636;2939.41;5.34324;0;0;0.1;0.01;0;6.98954;0;0;-1
0;317;-38.3696;-47.1057;-27.1506;10.1598;4392.83;6.10894;0;0;0.1;0.01;0;5.71109;0;0;-1
0;318;-36.0573;-30.0812;-26.0756;9.32899;3400.89;5.60939;0;0;0.1;0.01;0;6.11545;0;0;-1
0;319;-34.6343;-13.7545;-26.8046;8.77558;2830.85;5.27663;0;0;0.1;0.01;0;5.01464;0;0;-1
0;320;-36.5888;4.31814;-27.4492;8.5;2572.44;5.11093;0;0;0.1;0.01;0;4.19438;1;0;-1
0;321;-38.3579;18.5446;-27.4822;9.50184;3593.45;5.71332;0;0;0.1;0.01;0;5.45551;0;0;-1
0;322;-38.2445;34.5872;-25.1761;8.5;2572.44;5.11093;0;0;0.1;0.01;0;5.50001;1;0;-1
0;323;-37.646;52.2763;-27.8677;9.223;3286.29;5.54566;0;0;0.1;0.01;0;6.07344;0;0;-1
0;324;-38.2153;67.7247;-25.7629;8.5;2572.44;5.11093;0;0;0.1;0.01;0;4.4861;1;0;-1
0;325;-35.5388;85.8431;-24.9508;10.2803;4550.99;6.1814;0;0;0.1;0.01;0;3.74776;0;0;-1
0;326;-21.7864;-90.7776;-25.2877;10.3383;4628.45;6.21627;0;0;0.1;0.01;0;3.98805;0;0;-1
0;327;-20.582;-73.0907;-27.0243;10.1729;4409.84;6.11682;0;0;0.1;0.01;0;8.27741;0;0;-1
0;328;-20.3468;-59.1597;-26.3053;9.74517;3876.65;5.85963;0;0;0.1;0.01;0;7.26682;0;0;-1
0;329;-22.0207;-40.5874;-26.6588;8.61701;2680.15;5.18128;0;0;0.1;0.01;0;4.98652;0;0;-1
0;330;-21.3648;-21.1047;-24.9727;10.094;4308.03;6.06938;0;0;0.1;0.01;0;6.84224;0;0;-1
0;331;-19.7208;-5.48417;-28.0827;8.5;2572.44;5.11093;0;0;0.1;0.01;0;4.64917;1;0;-1
0;332;-21.3091;11.8078;-25.7665;8.5;2572.44;5.11093;0;0;0.1;0.01;0;4.00154;1;0;-1
0;333;-22.774;28.7618;-27.7866;8.64731;2708.52;5.1995;0;0;0.1;0.01;0;5.102;0;0;-1
0;334;-21.267;44.7709;-27.8792;9.74786;3879.86;5.86125;0;0;0.1;0.01;0;5.84237;0;0;-1
0;335;-21.6895;62.172;-26.6136;9.66986;3787.47;5.81435;0;0;0.1;0.01;0;6.33885;0;0;-1
0;336;-22.8406;78.7588;-27.9099;9.43208;3514.88;5.67137;0;0;0.1;0.01;0;5.63066;0;0;-1
0;337;-5.94251;-81.2693;-28.6485;9.37792;3454.68;5.63881;0;0;0.1;0.01;0;6.09295;0;0;-1
0;338;-7.90945;-66.6068;-26.3343;9.47884;3567.42;5.69949;0;0;0.1;0.01;0;6.68876;0;0;-1
0;339;-8.56503;-48.5922;-24.3808;9.13807;3196.33;5.49459;0;0;0.1;0.01;0;5.18527;0;0;-1
0;340;-8.2055;-29.6895;-25.5406;8.77274;2828.1;5.27492;0;0;0.1;0.01;0;5.56593;0;0;-1
0;341;-6.01146;-13.3256;-27.8169;9.41095;3491.31;5.65867;0;0;0.1;0.01;0;6.59702;0;0;-1
0;342;-5.49414;1.92972;-27.6461;8.53399;2603.42;5.13136;0;0;0.1;0.01;0;5.70843;0;0;-1
0;343;-6.6067;21.1282;-25.6317;9.60397;3710.57;5.77473;0;0;0.1;0.01;0;6.69909;0;0;-1
0;344;-7.0928;35.4085;-27.0975;9.34522;3418.67;5.61915;0;0;0.1;0.01;0;7.48404;0;0;-1
0;345;-7.93068;51.5176;-26.0275;8.65073;2711.73;5.20156;0;0;0.1;0.01;0;5.61296;0;0;-1
0;346;-9.34305;72.1637;-24.4874;8.6207;2683.59;5.1835;0;0;0.1;0.01;0;5.03808;0;0;-1
0;347;-9.09947;88.2402;-25.6729;8.64271;2704.2;5.19674;0;0;0.1;0.01;0;3.97093;0;0;-1
0;348;9.34672;-90.4767;-25.4117;10.3115;4592.55;6.20016;0;0;0.1;0.01;0;4.27731;0;0;-1
0;349;6.59718;-75.7963;-25.3177;9.7822;3921.01;5.88189;0;0;0.1;0.01;0;6.67369;0;0;-1
0;350;9.44502;-58.6614;-25.7687;9.33001;3402;5.61;0;0;0.1;0.01;0;5.80808;0;0;-1
0;351;5.72425;-40.0281;-25.3966;9.62018;3729.39;5.78447;0;0;0.1;0.01;0;6.09829;0;0;-1
0;352;8.26742;-25.5191;-26.5996;8.72878;2785.8;5.24849;0;0;0.1;0.01;0;5.86095;0;0;-1
0;353;9.02315;-8.76295;-27.6924;10.2426;4501.11;6.15873;0;0;0.1;0.01;0;6.79859;0;0;-1
0;354;5.51466;9.93434;-25.5101;9.14542;3204.05;5.49901;0;0;0.1;0.01;0;4.5844;0;0;-1
0;355;9.43681;29.3316;-27.6649;10.081;4291.4;6.06156;0;0;0.1;0.01;0;6.8621;0;0;-1
0;356;6.25262;44.0454;-25.2412;10.3766;4680.09;6.2393;0;0;0.1;0.01;0;7.20147;0;0;-1
0;357;6.86805;63.4097;-24.6242;10.1832;4423.25;6.12301;0;0;0.1;0.01;0;6.80769;0;0;-1
0;358;5.89716;78.2835;-28.0054;9.05381;3108.73;5.44392;0;0;0.1;0.01;0;5.55668;0;0;-1
0;359;8.24139;95.6184;-26.8461;10.0208;4214.98;6.02536;0;0;0.1;0.01;0;2.99576;0;0;-1
0;360;22.5766;-82.3676;-25.2131;9.14669;3205.39;5.49977;0;0;0.1;0.01;0;4.65843;0;0;-1
0;361;23.7028;-65.8984;-25.4766;9.51617;3609.73;5.72193;0;0;0.1;0.01;0;5.43869;0;0;-1
0;362;23.2778;-47.2903;-27.4327;10.114;4333.69;6.0814;0;0;0.1;0.01;0;6.25954;0;0;-1
0;363;22.7914;-31.7596;-26.044;9.7203;3847.05;5.84468;0;0;0.1;0.01;0;6.89775;0;0;-1
0;364;22.1276;-16.0904;-25.5877;10.0142;4206.66;6.02139;0;0;0.1;0.01;0;6.7301;0;0;-1
0;365;22.3168;1.01647;-26.8021;9.03568;3090.09;5.43302;0;0;0.1;0.01;0;5.17251;0;0;-1
0;366;23.3877;18.1884;-28.0141;9.62583;3735.97;5.78787;0;0;0.1;0.01;0;6.25403;0;0;-1
0;367;23.2523;34.936;-27.5246;9.48752;3577.23;5.70471;0;0;0.1;0.01;0;7.42063;0;0;-1
0;368;20.5945;51.1115;-24.5197;9.78732;3927.17;5.88497;0;0;0.1;0.01;0;6.26221;0;0;-1
0;369;20.2879;69.1551;-26.9545;9.41126;3491.66;5.65885;0;0;0.1;0.01;0;5.36189;0;0;-1
0;370;23.3594;84.5718;-24.804;9.48309;3572.22;5.70204;0;0;0.1;0.01;0;4.89956;0;0;-1
0;371;38.0626;-75.9931;-27.1022;9.08221;3138.07;5.461;0;0;0.1;0.01;0;3.94056;0;0;-1
0;372;35.2285;-56.9149;-27.0373;8.68961;2748.46;5.22494;0;0;0.1;0.01;0;5.60704;0;0;-1
0;373;37.5321;-39.9438;-26.8247;9.92192;4091.44;5.96591;0;0;0.1;0.01;0;7.96749;0;0;-1
0;374;37.6917;-23.168;-27.6898;9.98008;4163.81;6.00088;0;0;0.1;0.01;0;7.58996;0;0;-1
0;375;37.4562;-7.20853;-24.8388;9.68117;3800.77;5.82115;0;0;0.1;0.01;0;6.56935;0;0;-1
0;376;35.1296;8.91521;-26.7871;8.8148;2868.97;5.30021;0;0;0.1;0.01;0;5.3073;0;0;-1
0;377;37.2289;25.3881;-24.7132;9.96675;4147.15;5.99286;0;0;0.1;0.01;0;6.87977;0;0;-1
0;378;37.0148;42.1391;-27.101;9.84583;3998.03;5.92015;0;0;0.1;0.01;0;6.5799;0;0;-1
0;379;38.4506;63.6769;-24.9053;8.5;2572.44;5.11093;0;0;0.1;0.01;0;4.58566;1;0;-1
0;380;36.7475;78.812;-24.8816;8.5;2572.44;5.11093;0;0;0.1;0.01;0;4.35163;1;0;-1
0;381;50.4381;-66.6529;-24.7846;10.2137;4463.11;6.14135;0;0;0.1;0.01;0;5.56933;0;0;-1
0;382;49.9636;-50.7739;-25.2898;10.1728;4409.71;6.11676;0;0;0.1;0.01;0;6.85162;0;0;-1
0;383;50.076;-33.4194;-25.0324;8.55599;2623.61;5.14459;0;0;0.1;0.01;0;5.20297;0;0;-1
0;384;52.7134;-15.5653;-26.8596;9.21838;3281.35;5.54288;0;0;0.1;0.01;0;6.25817;0;0;-1
0;385;51.8215;1.73577;-28.335;10.0155;4208.3;6.02217;0;0;0.1;0.01;0;7.16795;0;0;-1
0;386;50.1069;17.7989;-28.5134;9.04577;3100.45;5.43909;0;0;0.1;0.01;0;6.16683;0;0;-1
0;387;50.3101;34.8927;-25.0675;9.38364;3461.01;5.64225;0;0;0.1;0.01;0;5.57794;0;0;-1
0;388;52.9778;54.7683;-24.7003;8.65695;2717.59;5.2053;0;0;0.1;0.01;0;4.39727;0;0;-1
0;389;52.2015;72.6233;-26.9394;9.78828;3928.33;5.88555;0;0;0.1;0.01;0;4.37844;0;0;-1
0;390;66.3607;-59.2017;-27.6299;8.99162;3045.11;5.40653;0;0;0.1;0.01;0;4.13286;0;0;-1
0;391;66.6351;-42.2236;-25.0444;8.84857;2902.07;5.32052;0;0;0.1;0.01;0;5.48463;0;0;-1
0;392;67.4846;-23.2464;-24.8684;10.3678;4668.19;6.23401;0;0;0.1;0.01;0;6.53803;0;0;-1
0;393;65.5579;-5.6022;-26.9287;8.9529;3005.94;5.38325;0;0;0.1;0.01;0;6.84021;0;0;-1
0;394;66.5817;9.4559;-25.0933;9.2484;3313.51;5.56093;0;0;0.1;0.01;0;5.82256;0;0;-1
0;395;64.8747;25.408;-25.6035;9.8348;3984.6;5.91352;0;0;0.1;0.01;0;4.80966;0;0;-1
0;396;66.3817;46.5056;-25.9042;10.0347;4232.55;6.03372;0;0;0.1;0.01;0;5.81735;0;0;-1
0;397;65.0719;62.2785;-27.5179;10.0508;4252.95;6.0434;0;0;0.1;0.01;0;4.96917;0;0;-1
0;398;79.4166;-51.2681;-25.8171;10.1042;4321.1;6.07551;0;0;0.1;0.01;0;2.17951;0;0;-1
0;399;81.8801;-34.2043;-24.8346;10.2512;4512.45;6.1639;0;0;0.1;0.01;0;3.41468;0;0;-1
0;400;80.7463;-16.8116;-25.3492;8.88357;2936.64;5.34156;0;0;0.1;0.01;0;4.47024;0;0;-1
0;401;79.7997;-0.228407;-26.2371;9.30496;3374.68;5.59494;0;0;0.1;0.01;0;4.87198;0;0;-1
0;402;83.2182;17.7956;-25.2702;9.79833;3940.44;5.89159;0;0;0.1;0.01;0;4.14591;0;0;-1
0;403;79.0945;33.7657;-27.9888;8.5;2572.44;5.11093;0;0;0.1;0.01;0;3.36618;1;0;-1
0;404;79.372;54.6242;-26.5398;10.3516;4646.34;6.22427;0;0;0.1;0.01;0;2.70909;0;0;-1
0;405;-98.4435;0.961806;-11.8075;10.2755;4544.62;6.17851;0;0;0.1;0.01;0;3.70475;0;0;-1
0;406;-84.2822;-42.083;-11.2471;9.08598;3141.98;5.46327;0;0;0.1;0.01;0;3.46886;0;0;-1
0;407;-84.3758;-23.5382;-10.3067;10.4098;4725.15;6.25926;0;0;0.1;0.01;0;5.70404;0;0;-1
0;408;-85.2181;-7.13359;-12.4826;8.91246;2965.39;5.35893;0;0;0.1;0.01;0;5.26875;0;0;-1
0;409;-83.346;11.6472;-11.9319;10.149;4378.83;6.10245;0;0;0.1;0.01;0;5.92234;0;0;-1
0;410;-84.8149;29.1392;-12.4305;8.5;2572.44;5.11093;0;0;0.1;0.01;0;4.12834;1;0;-1
0;411;-84.0297;42.497;-11.3142;9.39125;3469.44;5.64682;0;0;0.1;0.01;0;4.12588;0;0;-1
0;412;-70.8106;-68.442;-10.0637;8.78734;2842.24;5.2837;0;0;0.1;0.01;0;2.13609;0;0;-1
0;413;-69.2315;-49.2666;-11.9939;9.51949;3613.51;5.72393;0;0;0.1;0.01;0;4.7684;0;0;-1
0;414;-69.8917;-32.5569;-10.1388;9.37135;3447.43;5.63486;0;0;0.1;0.01;0;6.79712;0;0;-1
0;415;-72.1636;-15.7392;-11.6954;9.40543;3485.17;5.65535;0;0;0.1;0.01;0;6.58583;0;0;-1
0;416;-70.7965;3.17406;-10.3102;8.76929;2824.76;5.27285;0;0;0.1;0.01;0;6.07213;0;0;-1
0;417;-68.3496;17.3705;-12.956;8.58719;2652.42;5.16335;0;0;0.1;0.01;0;4.93205;0;0;-1
0;418;-69.4934;36.472;-11.987;9.59908;3704.91;5.77179;0;0;0.1;0.01;0;6.33959;0;0;-1
0;419;-71.9182;53.7856;-13.0217;8.9755;3028.76;5.39684;0;0;0.1;0.01;0;4.41717;0;0;-1
0;420;-54.2887;-75.1336;-9.72374;8.85847;2911.82;5.32647;0;0;0.1;0.01;0;3.81503;0;0;-1
0;421;-56.6188;-58.2398;-12.3502;9.39962;3478.72;5.65186;0;0;0.1;0.01;0;5.38558;0;0;-1
0;422;-57.3288;-39.2031;-10.3206;8.57706;2643.04;5.15726;0;0;0.1;0.01;0;5.56553;0;0;-1
0;423;-57.3121;-23.9568;-11.8628;8.5;2572.44;5.11093;0;0;0.1;0.01;0;5.49216;1;0;-1
0;424;-55.2372;-7.22049;-11.8072;9.00601;3059.75;5.41518;0;0;0.1;0.01;0;5.50092;0;0;-1
0;425;-54.307;8.60345;-12.5461;10.0595;4264.01;6.04863;0;0;0.1;0.01;0;5.9895;0;0;-1
0;426;-57.3416;29.7704;-12.8209;8.5;2572.44;5.11093;0;0;0.1;0.01;0;5.63886;1;0;-1
0;427;-55.1166;44.7206;-11.8293;9.28257;3350.37;5.58147;0;0;0.1;0.01;0;6.85842;0;0;-1
0;428;-57.9511;60.0315;-10.6879;9.74725;3879.14;5.86088;0;0;0.1;0.01;0;5.4494;0;0;-1
0;429;-42.7879;-83.6427;-13.2534;10.0889;4301.5;6.06631;0;0;0.1;0.01;0;4.25725;0;0;-1
0;430;-39.3565;-64.6255;-11.5694;9.79525;3936.73;5.88974;0;0;0.1;0.01;0;5.61027;0;0;-1
0;431;-41.0518;-49.3532;-10.6911;8.52157;2592.07;5.1239;0;0;0.1;0.01;0;5.07776;0;0;-1
0;432;-41.2243;-32.6008;-12.362;9.80366;3946.87;5.8948;0;0;0.1;0.01;0;6.13904;0;0;-1
0;433;-42.0808;-14.3463;-13.5176;10.014;4206.41;6.02127;0;0;0.1;0.01;0;6.08409;0;0;-1
0;434;-40.9229;3.06967;-10.7866;9.48602;3575.53;5.70381;0;0;0.1;0.01;0;5.76965;0;0;-1
0;435;-39.4028;20.0875;-11.2109;10.0097;4200.99;6.01869;0;0;0.1;0.01;0;6.27561;0;0;-1
0;436;-42.1313;36.9059;-13.169;9.33057;3402.62;5.61034;0;0;0.1;0.01;0;7.19952;0;0;-1
0;437;-42.6566;52.2139;-12.6275;8.5;2572.44;5.11093;0;0;0.1;0.01;0;5.05254;1;0;-1
0;438;-43.0041;70.6884;-12.5546;8.74544;2801.78;5.25851;0;0;0.1;0.01;0;4.72283;0;0;-1
0;439;-43.2534;85.1328;-13.3365;8.5;2572.44;5.11093;0;0;0.1;0.01;0;3.42566;1;0;-1
0;440;-27.9026;-93.1782;-13.0867;9.62079;3730.1;5.78484;0;0;0.1;0.01;0;4.31938;0;0;-1
0;441;-28.1449;-76.8683;-13.005;10.1441;4372.49;6.0995;0;0;0.1;0.01;0;7.05614;0;0;-1
0;442;-24.6948;-56.5726;-12.2826;10.3899;4698.1;6.2473;0;0;0.1;0.01;0;7.30706;0;0;-1
0;443;-27.3665;-41.7526;-10.1919;10.4383;4764.07;6.2764;0;0;0.1;0.01;0;7.632;0;0;-1
0;444;-26.6318;-22.2858;-11.8645;10.2193;4470.46;6.14472;0;0;0.1;0.01;0;6.64882;0;0;-1
0;445;-24.9547;-7.30774;-10.3233;8.54228;2611.02;5.13635;0;0;0.1;0.01;0;4.69931;0;0;-1
0;446;-25.141;9.14645;-10.255;9.43114;3513.83;5.67081;0;0;0.1;0.01;0;5.17518;0;0;-1
0;447;-27.4311;28.4644;-10.5811;10.2555;4518.13;6.16648;0;0;0.1;0.01;0;6.14947;0;0;-1
0;448;-28.3076;42.962;-10.7747;9.06343;3118.65;5.44971;0;0;0.1;0.01;0;5.6264;0;0;-1
0;449;-24.4428;59.0714;-12.846;8.80537;2859.77;5.29454;0;0;0.1;0.01;0;4.53423;0;0;-1
0;450;-24.7746;77.7002;-12.2449;9.85517;4009.41;5.92577;0;0;0.1;0.01;0;6.45181;0;0;-1
0;451;-24.8571;94.6706;-14.0127;10.1999;4445.05;6.13305;0;0;0.1;0.01;0;3.5445;0;0;-1
0;452;-13.5501;-83.3041;-11.086;8.5;2572.44;5.11093;0;0;0.1;0.01;0;4.45468;1;0;-1
0;453;-12.769;-65.4516;-13.2545;8.5;2572.44;5.11093;0;0;0.1;0.01;0;5.52526;1;0;-1
0;454;-12.6958;-48.4382;-9.70845;9.49539;3586.14;5.70944;0;0;0.1;0.01;0;6.60692;0;0;-1
0;455;-11.4482;-32.3656;-11.7597;10.4018;4714.27;6.25445;0;0;0.1;0.01;0;7.25827;0;0;-1
0;456;-10.3948;-14.2742;-10.7262;8.5;2572.44;5.11093;0;0;0.1;0.01;0;6.05925;1;0;-1
0;457;-10.7199;0.96311;-11.6053;10.2021;4447.92;6.13437;0;0;0.1;0.01;0;7.16056;0;0;-1
0;458;-10.7329;16.97;-11.6278;9.08701;3143.05;5.46389;0;0;0.1;0.01;0;5.76888;0;0;-1
0;459;-11.5959;34.243;-12.5388;8.56015;2627.44;5.14709;0;0;0.1;0.01;0;4.61924;0;0;-1
0;460;-10.3548;50.9662;-10.6118;8.54843;2616.66;5.14005;0;0;0.1;0.01;0;5.22027;0;0;-1
0;461;-10.5225;67.4152;-11.6317;9.0735;3129.05;5.45576;0;0;0.1;0.01;0;5.91005;0;0;-1
0;462;-11.6983;87.2557;-12.438;8.5;2572.44;5.11093;0;0;0.1;0.01;0;4.79375;1;0;-1
0;463;4.39407;-91.5503;-10.5917;8.69412;2752.74;5.22765;0;0;0.1;0.01;0;3.76498;0;0;-1
0;464;1.54595;-75.9948;-12.1275;8.5;2572.44;5.11093;0;0;0.1;0.01;0;5.4905;1;0;-1
0;465;1.34606;-59.4756;-12.8575;8.86284;2916.13;5.3291;0;0;0.1;0.01;0;6.06248;0;0;-1
0;466;1.68043;-41.2603;-12.6249;9.63019;3741.05;5.79049;0;0;0.1;0.01;0;6.53562;0;0;-1
0;467;1.26743;-21.571;-10.4683;9.21799;3280.93;5.54264;0;0;0.1;0.01;0;6.60789;0;0;-1
0;468;1.59656;-7.4447;-12.1225;8.63646;2698.34;5.19298;0;0;0.1;0.01;0;6.12566;0;0;-1
0;469;3.2799;8.17272;-12.2774;10.1133;4332.79;6.08098;0;0;0.1;0.01;0;6.21209;0;0;-1
0;470;3.19196;25.1307;-13.5536;9.05314;3108.04;5.44352;0;0;0.1;0.01;0;4.72238;0;0;-1
0;471;1.98892;43.7652;-10.4964;9.3009;3370.26;5.5925;0;0;0.1;0.01;0;5.57707;0;0;-1
0;472;2.33526;59.523;-10.7523;9.45512;3540.71;5.68523;0;0;0.1;0.01;0;6.58726;0;0;-1
0;473;2.70509;76.7475;-10.3956;8.91847;2971.39;5.36255;0;0;0.1;0.01;0;6.03163;0;0;-1
0;474;3.096;94.0411;-11.4623;10.2647;4530.3;6.17202;0;0;0.1;0.01;0;4.45843;0;0;-1
0;475;18.8191;-85.1764;-10.5386;9.35595;3430.46;5.6256;0;0;0.1;0.01;0;5.80116;0;0;-1
0;476;16.0669;-68.191;-10.5162;9.47166;3559.32;5.69517;0;0;0.1;0.01;0;6.35465;0;0;-1
0;477;15.9638;-51.4695;-9.87634;9.86583;4022.44;5.93218;0;0;0.1;0.01;0;5.77771;0;0;-1
0;478;15.5238;-33.391;-10.5244;9.65096;3765.3;5.80298;0;0;0.1;0.01;0;5.74245;0;0;-1
0;479;16.0341;-16.2985;-11.4633;8.57311;2639.39;5.15489;0;0;0.1;0.01;0;5.90858;0;0;-1
0;480;16.4168;1.12301;-11.4625;9.38448;3461.94;5.64275;0;0;0.1;0.01;0;5.57917;0;0;-1
0;481;19.4913;20.9029;-10.8781;9.88972;4051.73;5.94655;0;0;0.1;0.01;0;6.04932;0;0;-1
0;482;19.6234;38.1907;-13.1726;8.5;2572.44;5.11093;0;0;0.1;0.01;0;5.08547;1;0;-1
0;483;18.1862;54.5309;-11.4747;8.5;2572.44;5.11093;0;0;0.1;0.01;0;4.93101;1;0;-1
0;484;17.3062;71.4344;-10.3202;10.3965;4707.06;6.25126;0;0;0.1;0.01;0;7.10995;0;0;-1
0;485;15.6994;84.9749;-12.5697;8.5;2572.44;5.11093;0;0;0.1;0.01;0;5.4493;1;0;-1
0;486;31.9448;-93.7265;-12.0402;8.83098;2884.8;5.30994;0;0;0.1;0.01;0;1.85724;0;0;-1
0;487;33.36;-76.6529;-12.322;9.41174;3492.19;5.65914;0;0;0.1;0.01;0;5.65315;0;0;-1
0;488;32.8893;-55.3952;-10.35;9.45135;3536.47;5.68296;0;0;0.1;0.01;0;4.99138;0;0;-1
0;489;34.1691;-38.8906;-10.1241;9.62386;3733.67;5.78669;0;0;0.1;0.01;0;6.14381;0;0;-1
0;490;31.2293;-21.3559;-12.279;9.89423;4057.28;5.94926;0;0;0.1;0.01;0;7.10847;0;0;-1
0;491;33.1374;-6.33904;-10.7785;8.88235;2935.43;5.34083;0;0;0.1;0.01;0;5.56225;0;0;-1
0;492;33.5008;11.796;-12.9114;10.3784;4682.52;6.24038;0;0;0.1;0.01;0;7.0191;0;0;-1
0;493;31.473;29.0514;-10.8351;9.24443;3309.25;5.55854;0;0;0.1;0.01;0;6.82077;0;0;-1
0;494;33.5336;46.2632;-13.2504;9.56238;3662.58;5.74972;0;0;0.1;0.01;0;5.98887;0;0;-1
0;495;32.79;63.4879;-10.3687;8.6173;2680.42;5.18146;0;0;0.1;0.01;0;5.98484;0;0;-1
0;496;32.264;79.3787;-10.1262;10.0567;4260.45;6.04695;0;0;0.1;0.01;0;6.38662;0;0;-1
0;497;45.9691;-82.9388;-10.789;8.5;2572.44;5.11093;0;0;0.1;0.01;0;4.15491;1;0;-1
0;498;48.1313;-67.8906;-11.4502;9.53328;3629.24;5.73222;0;0;0.1;0.01;0;6.01265;0;0;-1
0;499;47.6988;-47.732;-11.9635;9.34097;3414.01;5.61659;0;0;0.1;0.01;0;6.11567;0;0;-1
0;500;48.6146;-31.7094;-12.5238;9.05733;3112.36;5.44604;0;0;0.1;0.01;0;5.54064;0;0;-1
0;501;45.5558;-14.7385;-10.9497;9.15165;3210.6;5.50275;0;0;0.1;0.01;0;6.26668;0;0;-1
0;502;46.5931;0.437333;-11.0225;10.1585;4391.14;6.10816;0;0;0.1;0.01;0;7.44487;0;0;-1
0;503;47.7357;18.1175;-13.4353;10.1742;4411.53;6.1176;0;0;0.1;0.01;0;7.7468;0;0;-1
0;504;47.9016;34.6506;-10.5453;9.51622;3609.79;5.72196;0;0;0.1;0.01;0;6.42805;0;0;-1
0;505;45.9413;55.1923;-12.5;8.5;2572.44;5.11093;0;0;0.1;0.01;0;5.01798;1;0;-1
0;506;46.2886;68.4934;-10.0126;9.24156;3306.16;5.55682;0;0;0.1;0.01;0;6.16865;0;0;-1
0;507;47.695;85.6462;-13.0978;8.6403;2701.94;5.19529;0;0;0.1;0.01;0;2.33743;0;0;-1
0;508;61.095;-74.2482;-11.2915;10.3036;4582.01;6.19541;0;0;0.1;0.01;0;3.19909;0;0;-1
0;509;60.3094;-56.0655;-13.3024;9.61516;3723.56;5.78146;0;0;0.1;0.01;0;6.39459;0;0;-1
0;510;61.4412;-42.1491;-11.615;9.39919;3478.24;5.6516;0;0;0.1;0.01;0;6.41317;0;0;-1
0;511;62.5771;-25.7834;-11.8609;9.28468;3352.66;5.58274;0;0;0.1;0.01;0;5.84275;0;0;-1
0;512;62.744;-7.65021;-11.5042;9.83406;3983.7;5.91308;0;0;0.1;0.01;0;6.46685;0;0;-1
0;513;60.734;9.37212;-12.8123;10.2245;4477.29;6.14784;0;0;0.1;0.01;0;6.65788;0;0;-1
0;514;61.9696;28.7556;-10.2239;9.92591;4096.37;5.96831;0;0;0.1;0.01;0;6.30846;0;0;-1
0;515;62.674;45.9896;-11.1271;9.50542;3597.51;5.71547;0;0;0.1;0.01;0;5.70397;0;0;-1
0;516;63.2341;63.5883;-10.8014;10.0981;4313.28;6.07184;0;0;0.1;0.01;0;5.33348;0;0;-1
0;517;61.0466;77.9241;-13.7887;8.90529;2958.24;5.35462;0;0;0.1;0.01;0;2.77163;0;0;-1
0;518;77.6037;-47.5272;-10.8088;8.5;2572.44;5.11093;0;0;0.1;0.01;0;3.89156;1;0;-1
0;519;77.3341;-30.0352;-11.2428;8.60685;2670.68;5.17517;0;0;0.1;0.01;0;5.62873;0;0;-1
0;520;75.2995;-14.4411;-10.8508;10.4528;4783.95;6.28512;0;0;0.1;0.01;0;7.80248;0;0;-1
0;521;74.9379;1.11823;-10.9922;8.5;2572.44;5.11093;0;0;0.1;0.01;0;6.16701;1;0;-1
0;522;76.6082;18.0131;-13.3398;8.69993;2758.26;5.23114;0;0;0.1;0.01;0;5.74774;0;0;-1
0;523;75.068;34.8537;-12.7121;8.5;2572.44;5.11093;0;0;0.1;0.01;0;5.25462;1;0;-1
0;524;75.3418;51.4831;-10.2335;9.24246;3307.13;5.55736;0;0;0.1;0.01;0;5.72166;0;0;-1
0;525;89.5844;-22.1734;-11.9534;8.5;2572.44;5.11093;0;0;0.1;0.01;0;3.79072;1;0;-1
0;526;90.065;-4.25198;-10.1474;9.67018;3787.85;5.81454;0;0;0.1;0.01;0;4.12224;0;0;-1
0;527;89.5564;12.0091;-11.0226;8.94815;3001.15;5.38039;0;0;0.1;0.01;0;4.80306;0;0;-1
0;528;89.4298;27.0283;-11.2021;8.57982;2645.59;5.15892;0;0;0.1;0.01;0;4.51334;0;0;-1
0;529;89.2375;43.5656;-9.84392;10.0381;4236.85;6.03576;0;0;0.1;0.01;0;3.294;0;0;-1
0;530;-93.9344;-16.5786;2.39542;9.45997;3546.16;5.68814;0;0;0.1;0.01;0;3.17169;0;0;-1
0;531;-95.6859;2.72735;3.43157;9.65336;3768.11;5.80443;0;0;0.1;0.01;0;3.78351;0;0;-1
0;532;-95.9067;18.6884;2.16154;10.2032;4449.36;6.13504;0;0;0.1;0.01;0;3.23959;0;0;-1
0;533;-79.678;-55.9204;3.03157;8.5;2572.44;5.11093;0;0;0.1;0.01;0;2.64024;1;0;-1
0;534;-82.6266;-41.5217;4.6854;9.80047;3943.02;5.89288;0;0;0.1;0.01;0;4.17563;0;0;-1
0;535;-80.5997;-23.2259;2.97041;9.80139;3944.13;5.89343;0;0;0.1;0.01;0;6.45369;0;0;-1
0;536;-79.8678;-6.13666;3.72748;9.46528;3552.13;5.69134;0;0;0.1;0.01;0;5.9233;0;0;-1
0;537;-81.7947;10.3559;2.71354;8.90491;2957.86;5.35439;0;0;0.1;0.01;0;4.7085;0;0;-1
0;538;-80.6013;25.4903;1.20877;8.5;2572.44;5.11093;0;0;0.1;0.01;0;3.69405;1;0;-1
0;539;-82.6816;44.074;2.77257;10.2457;4505.19;6.16059;0;0;0.1;0.01;0;4.42197;0;0;-1
0;540;-78.9051;61.1282;3.37478;9.4202;3501.62;5.66423;0;0;0.1;0.01;0;2.55887;0;0;-1
0;541;-63.8849;-65.5057;1.67631;8.86781;2921.04;5.33209;0;0;0.1;0.01;0;4.00768;0;0;-1
0;542;-64.28;-47.2861;4.40176;10.2617;4526.33;6.17021;0;0;0.1;0.01;0;6.23446;0;0;-1
0;543;-68.3945;-33.0492;3.5533;8.92266;2975.58;5.36507;0;0;0.1;0.01;0;5.75864;0;0;-1
0;544;-67.7955;-14.8234;1.72125;10.4365;4761.6;6.27532;0;0;0.1;0.01;0;6.92619;0;0;-1
0;545;-67.1923;0.399361;3.73676;10.3306;4618.12;6.21164;0;0;0.1;0.01;0;6.93411;0;0;-1
0;546;-64.7295;17.1256;3.36474;10.4477;4776.95;6.28205;0;0;0.1;0.01;0;6.01944;0;0;-1
0;547;-65.1805;36.5229;3.09569;10.4249;4745.74;6.26834;0;0;0.1;0.01;0;6.60219;0;0;-1
0;548;-65.5661;52.0283;3.22438;9.47993;3568.65;5.70014;0;0;0.1;0.01;0;5.47939;0;0;-1
0;549;-64.9457;70.4123;3.16442;8.5;2572.44;5.11093;0;0;0.1;0.01;0;2.34849;1;0;-1
0;550;-49.9077;-75.3342;3.24252;8.5823;2647.89;5.16041;0;0;0.1;0.01;0;5.00662;0;0;-1
0;551;-50.3434;-59.3867;4.21134;8.71413;2771.79;5.23968;0;0;0.1;0.01;0;5.50702;0;0;-1
0;552;-50.9552;-42.329;3.33954;8.72965;2786.63;5.24901;0;0;0.1;0.01;0;5.46235;0;0;-1
0;553;-52.1144;-24.4752;3.65376;8.58632;2651.61;5.16283;0;0;0.1;0.01;0;4.18569;0;0;-1
0;554;-49.638;-5.37628;2.14932;8.5;2572.44;5.11093;0;0;0.1;0.01;0;4.3542;1;0;-1
0;555;-52.3031;10.0528;3.75151;8.5;2572.44;5.11093;0;0;0.1;0.01;0;4.98591;1;0;-1
0;556;-52.7562;25.8381;2.70003;8.5;2572.44;5.11093;0;0;0.1;0.01;0;5.48348;1;0;-1
0;557;-50.2687;42.9883;5.11256;9.8444;3996.28;5.91929;0;0;0.1;0.01;0;5.9739;0;0;-1
0;558;-50.7519;63.4576;1.83549;9.04923;3104.01;5.44117;0;0;0.1;0.01;0;5.2139;0;0;-1
0;559;-51.4549;78.1189;1.28192;9.76208;3896.87;5.8698;0;0;0.1;0.01;0;4.43564;0;0;-1
0;560;-34.9763;-84.0132;3.44026;9.36644;3442.01;5.6319;0;0;0.1;0.01;0;5.15621;0;0;-1
0;561;-38.5006;-67.3836;3.24394;9.15764;3216.91;5.50636;0;0;0.1;0.01;0;5.356;0;0;-1
0;562;-36.7033;-50.3932;4.11799;8.5;2572.44;5.11093;0;0;0.1;0.01;0;5.17468;1;0;-1
0;563;-35.8324;-32.6233;2.67594;9.95707;4135.07;5.98704;0;0;0.1;0.01;0;6.05311;0;0;-1
0;564;-38.0798;-14.0899;3.15123;8.97516;3028.41;5.39663;0;0;0.1;0.01;0;4.98323;0;0;-1
0;565;-36.6361;3.18106;4.03839;8.90095;2953.91;5.35201;0;0;0.1;0.01;0;5.85654;0;0;-1
0;566;-38.1402;19.9747;2.9198;10.1518;4382.46;6.10413;0;0;0.1;0.01;0;6.86636;0;0;-1
0;567;-38.1943;36.3089;1.02897;8.89588;2948.87;5.34896;0;0;0.1;0.01;0;5.93168;0;0;-1
0;568;-35.4173;50.8416;2.86193;9.82839;3976.82;5.90967;0;0;0.1;0.01;0;5.01561;0;0;-1
0;569;-35.7465;71.7416;1.34283;10.4423;4769.55;6.2788;0;0;0.1;0.01;0;6.2874;0;0;-1
0;570;-35.329;87.8907;3.29157;9.58234;3685.56;5.76172;0;0;0.1;0.01;0;5.14391;0;0;-1
0;571;-20.7824;-93.6585;1.60086;9.51832;3612.18;5.72323;0;0;0.1;0.01;0;4.31237;0;0;-1
0;572;-20.5658;-76.6083;4.59088;8.53528;2604.61;5.13214;0;0;0.1;0.01;0;5.26518;0;0;-1
0;573;-23.6224;-57.6395;1.54127;9.2155;3278.27;5.54115;0;0;0.1;0.01;0;6.00498;0;0;-1
0;574;-23.2201;-40.3624;2.14452;9.25268;3318.11;5.5635;0;0;0.1;0.01;0;6.41837;0;0;-1
0;575;-21.1658;-23.0797;3.57168;8.5;2572.44;5.11093;0;0;0.1;0.01;0;5.39883;1;0;-1
0;576;-20.5794;-5.19164;3.33664;8.55675;2624.31;5.14505;0;0;0.1;0.01;0;6.16043;0;0;-1
0;577;-20.1914;9.99333;4.07042;10.1133;4332.79;6.08098;0;0;0.1;0.01;0;6.89939;0;0;-1
0;578;-23.9389;27.5217;1.89039;8.5874;2652.61;5.16348;0;0;0.1;0.01;0;3.99276;0;0;-1
0;579;-19.9352;46.9953;1.83249;9.19996;3261.72;5.5318;0;0;0.1;0.01;0;4.54678;0;0;-1
0;580;-22.0298;63.3238;2.16836;9.89483;4058.01;5.94962;0;0;0.1;0.01;0;6.65937;0;0;-1
0;581;-22.1867;77.5553;1.90929;9.60554;3712.39;5.77567;0;0;0.1;0.01;0;6.19969;0;0;-1
0;582;-23.3663;96.2369;1.35902;9.90756;4073.7;5.95727;0;0;0.1;0.01;0;3.41955;0;0;-1
0;583;-7.07277;-98.955;0.92924;10.0776;4287.06;6.05951;0;0;0.1;0.01;0;2.97331;0;0;-1
0;584;-5.64675;-81.056;3.71359;8.73414;2790.93;5.25171;0;0;0.1;0.01;0;5.62599;0;0;-1
0;585;-9.08173;-66.6475;2.76989;10.3839;4689.97;6.24369;0;0;0.1;0.01;0;5.75163;0;0;-1
0;586;-7.63305;-49.2515;2.31045;8.64791;2709.08;5.19986;0;0;0.1;0.01;0;5.09672;0;0;-1
0;587;-7.46952;-29.9753;2.51741;9.4445;3528.79;5.67884;0;0;0.1;0.01;0;6.35246;0;0;-1
0;588;-8.78124;-14.1931;3.11565;9.71029;3835.18;5.83866;0;0;0.1;0.01;0;6.88098;0;0;-1
0;589;-7.8877;1.80516;3.77135;8.5;2572.44;5.11093;0;0;0.1;0.01;0;5.8998;1;0;-1
0;590;-6.29943;17.3565;1.34176;8.51996;2590.61;5.12293;0;0;0.1;0.01;0;5.92995;0;0;-1
0;591;-6.16649;34.657;3.7029;9.22465;3288.05;5.54665;0;0;0.1;0.01;0;5.50735;0;0;-1
0;592;-5.76367;51.8029;3.54767;8.5;2572.44;5.11093;0;0;0.1;0.01;0;5.86914;1;0;-1
0;593;-7.56795;71.7846;2.3315;10.3283;4615.04;6.21026;0;0;0.1;0.01;0;6.85567;0;0;-1
0;594;-9.2053;88.3788;3.6824;9.77079;3907.31;5.87503;0;0;0.1;0.01;0;4.97593;0;0;-1
0;595;8.04014;-92.1725;3.09986;8.71605;2773.63;5.24083;0;0;0.1;0.01;0;4.70671;0;0;-1
0;596;8.63804;-76.0919;1.82433;9.61678;3725.44;5.78243;0;0;0.1;0.01;0;7.0394;0;0;-1
0;597;5.95206;-58.9233;1.6865;10.096;4310.59;6.07058;0;0;0.1;0.01;0;6.91978;0;0;-1
0;598;7.03529;-42.7382;3.58954;9.83689;3987.15;5.91478;0;0;0.1;0.01;0;6.72655;0;0;-1
0;599;7.54598;-24.9348;1.8512;9.5353;3631.55;5.73344;0;0;0.1;0.01;0;6.50622;0;0;-1
0;600;9.35497;-8.46274;4.44345;10.1237;4346.17;6.08723;0;0;0.1;0.01;0;5.93031;0;0;-1
0;601;5.73427;10.4495;2.77813;8.89902;2951.99;5.35085;0;0;0.1;0.01;0;4.95891;0;0;-1
0;602;7.62818;25.4183;2.11514;9.91149;4078.55;5.95964;0;0;0.1;0.01;0;6.08726;0;0;-1
0;603;8.38141;44.0632;2.34736;8.5;2572.44;5.11093;0;0;0.1;0.01;0;5.0438;1;0;-1
0;604;6.90873;60.3871;1.62831;8.5;2572.44;5.11093;0;0;0.1;0.01;0;5.65684;1;0;-1
0;605;8.80124;76.5007;2.68359;8.62821;2690.61;5.18802;0;0;0.1;0.01;0;5.79876;0;0;-1
0;606;5.61156;97.9043;1.52449;9.70502;3828.93;5.83549;0;0;0.1;0.01;0;2.82597;0;0;-1
0;607;20.4555;-85.2908;2.17739;8.5;2572.44;5.11093;0;0;0.1;0.01;0;4.1529;1;0;-1
0;608;23.7071;-66.3254;2.73979;10.1485;4378.19;6.10215;0;0;0.1;0.01;0;5.92395;0;0;-1
0;609;22.3824;-47.3549;4.3844;8.61569;2678.91;5.18049;0;0;0.1;0.01;0;4.58334;0;0;-1
0;610;21.7427;-31.0881;1.47936;8.5;2572.44;5.11093;0;0;0.1;0.01;0;5.79;1;0;-1
0;611;21.4318;-14.7087;1.49641;8.5;2572.44;5.11093;0;0;0.1;0.01;0;5.46802;1;0;-1
0;612;23.2044;4.33715;1.1971;9.49255;3582.92;5.70773;0;0;0.1;0.01;0;5.44671;0;0;-1
0;613;23.3874;20.8319;4.67807;9.56391;3664.33;5.75064;0;0;0.1;0.01;0;6.83826;0;0;-1
0;614;21.9808;37.2979;4.96105;8.5;2572.44;5.11093;0;0;0.1;0.01;0;5.65855;1;0;-1
0;615;22.7742;51.4215;3.72132;9.88732;4048.78;5.9451;0;0;0.1;0.01;0;6.64311;0;0;-1
0;616;21.1354;67.7557;1.65406;9.16445;3224.09;5.51045;0;0;0.1;0.01;0;5.95727;0;0;-1
0;617;21.4057;89.4947;1.13752;10.1186;4339.6;6.08417;0;0;0.1;0.01;0;4.04383;0;0;-1
0;618;38.0401;-75.9267;1.65849;9.44408;3528.32;5.67859;0;0;0.1;0.01;0;6.03221;0;0;-1
0;619;38.5533;-59.6008;4.03123;8.64248;2703.98;5.1966;0;0;0.1;0.01;0;5.22733;0;0;-1
0;620;34.9006;-40.146;3.4113;8.9796;3032.91;5.3993;0;0;0.1;0.01;0;5.4488;0;0;-1
0;621;35.0448;-25.7227;1.19842;9.54414;3641.66;5.73875;0;0;0.1;0.01;0;6.10649;0;0;-1
0;622;38.0193;-8.85372;4.48404;9.35846;3433.22;5.62711;0;0;0.1;0.01;0;6.01298;0;0;-1
0;623;37.2342;9.08741;1.45424;9.51894;3612.89;5.7236;0;0;0.1;0.01;0;5.74661;0;0;-1
0;624;36.6647;27.2513;2.87135;9.98295;4167.4;6.0026;0;0;0.1;0.01;0;6.51309;0;0;-1
0;625;35.9279;44.5379;1.2135;10.3932;4702.58;6.24928;0;0;0.1;0.01;0;6.87861;0;0;-1
0;626;36.1026;62.7054;3.83329;10.293;4567.88;6.18903;0;0;0.1;0.01;0;7.82379;0;0;-1
0;627;37.6638;80.0036;2.52416;10.395;4705.03;6.25036;0;0;0.1;0.01;0;5.13905;0;0;-1
0;628;50.8454;-83.5288;2.89606;8.5;2572.44;5.11093;0;0;0.1;0.01;0;2.98984;1;0;-1
0;629;52.1823;-64.61;4.04811;9.83279;3982.16;5.91231;0;0;0.1;0.01;0;5.58533;0;0;-1
0;630;50.3205;-48.4696;3.25719;10.1367;4362.93;6.09505;0;0;0.1;0.01;0;6.36304;0;0;-1
0;631;53.4016;-33.6523;4.7941;8.5;2572.44;5.11093;0;0;0.1;0.01;0;5.81286;1;0;-1
0;632;51.3825;-15.8297;2.99518;8.60239;2666.53;5.17249;0;0;0.1;0.01;0;5.11713;0;0;-1
0;633;52.1612;1.13941;2.47096;8.51441;2585.55;5.11959;0;0;0.1;0.01;0;5.43418;0;0;-1
0;634;52.3757;17.0479;1.66503;9.47502;3563.11;5.69719;0;0;0.1;0.01;0;7.3117;0;0;-1
0;635;50.1834;34.3892;2.73767;9.80689;3950.78;5.89674;0;0;0.1;0.01;0;6.23193;0;0;-1
0;636;51.3772;54.6299;4.69721;8.5;2572.44;5.11093;0;0;0.1;0.01;0;5.01709;1;0;-1
0;637;50.009;67.7078;3.26042;9.09874;3155.24;5.47094;0;0;0.1;0.01;0;4.69993;0;0;-1
0;638;68.0564;-56.062;4.68345;9.91865;4087.39;5.96394;0;0;0.1;0.01;0;4.38786;0;0;-1
0;639;67.5901;-39.0418;2.40332;9.67029;3787.97;5.81461;0;0;0.1;0.01;0;7.09002;0;0;-1
0;640;64.7296;-24.1616;3.89558;8.59961;2663.94;5.17082;0;0;0.1;0.01;0;5.67683;0;0;-1
0;641;67.8264;-6.65414;4.42578;8.5;2572.44;5.11093;0;0;0.1;0.01;0;4.86771;1;0;-1
0;642;65.6288;12.2008;3.83499;10.2544;4516.68;6.16582;0;0;0.1;0.01;0;6.72029;0;0;-1
0;643;65.4884;25.9317;3.94158;8.5;2572.44;5.11093;0;0;0.1;0.01;0;6.09801;1;0;-1
0;644;66.9162;44.3141;4.35839;9.40417;3483.77;5.65459;0;0;0.1;0.01;0;5.69754;0;0;-1
0;645;67.4235;60.1782;4.3233;9.78995;3930.34;5.88655;0;0;0.1;0.01;0;4.46667;0;0;-1
0;646;82.3295;-47.3954;5.10969;9.16647;3226.23;5.51167;0;0;0.1;0.01;0;3.6745;0;0;-1
0;647;82.1705;-33.1083;3.18415;10.4059;4719.84;6.25692;0;0;0.1;0.01;0;5.82296;0;0;-1
0;648;81.3977;-15.7968;3.84177;9.58771;3691.76;5.76495;0;0;0.1;0.01;0;6.49014;0;0;-1
0;649;79.7763;0.0569771;1.87406;9.17655;3236.88;5.51773;0;0;0.1;0.01;0;5.73059;0;0;-1
0;650;80.9742;18.2548;2.4491;9.17519;3235.44;5.51691;0;0;0.1;0.01;0;6.6429;0;0;-1
0;651;82.5371;36.1059;4.08948;10.3563;4652.67;6.22709;0;0;0.1;0.01;0;5.55222;0;0;-1
0;652;82.7989;55.2988;4.89699;9.98006;4163.78;6.00087;0;0;0.1;0.01;0;2.8498;0;0;-1
0;653;95.8356;-23.3879;2.1005;10.372;4673.86;6.23653;0;0;0.1;0.01;0;3.62968;0;0;-1
0;654;96.3555;-7.56527;4.2212;9.30892;3378.99;5.59732;0;0;0.1;0.01;0;3.40694;0;0;-1
0;655;94.5266;12.1154;1.93188;9.59168;3696.35;5.76734;0;0;0.1;0.01;0;4.21212;0;0;-1
0;656;94.3121;26.6314;4.48001;10.0281;4224.2;6.02975;0;0;0.1;0.01;0;4.46479;0;0;-1
0;657;-86.8343;-40.7546;19.2031;10.0139;4206.28;6.02121;0;0;0.1;0.01;0;3.22263;0;0;-1
0;658;-85.0776;-21.1768;18.5572;9.39531;3473.94;5.64926;0;0;0.1;0.01;0;3.28322;0;0;-1
0;659;-84.8791;-4.9874;19.2739;9.9256;4095.99;5.96812;0;0;0.1;0.01;0;4.60331;0;0;-1
0;660;-86.65;10.481;17.1896;9.41782;3498.97;5.6628;0;0;0.1;0.01;0;4.71462;0;0;-1
0;661;-85.7221;27.1111;18.3069;8.5;2572.44;5.11093;0;0;0.1;0.01;0;3.21799;1;0;-1
0;662;-84.2599;45.3276;18.9238;8.68184;2741.09;5.22026;0;0;0.1;0.01;0;2.72921;0;0;-1
0;663;-72.11;-63.6393;19.8413;9.46219;3548.65;5.68948;0;0;0.1;0.01;0;3.3555;0;0;-1
0;664;-70.8129;-48.5637;16.6701;9.04696;3101.68;5.43981;0;0;0.1;0.01;0;6.11204;0;0;-1
0;665;-68.9809;-33.8689;19.184;8.5;2572.44;5.11093;0;0;0.1;0.01;0;5.46758;1;0;-1
0;666;-71.9603;-13.1857;19.0194;9.90376;4069.01;5.95499;0;0;0.1;0.01;0;7.23408;0;0;-1
0;667;-69.3862;2.17433;19.7088;9.7357;3865.36;5.85394;0;0;0.1;0.01;0;6.93045;0;0;-1
0;668;-70.2499;18.6415;19.3008;9.64972;3763.85;5.80224;0;0;0.1;0.01;0;5.80086;0;0;-1
0;669;-70.2911;34.255;16.7449;8.77909;2834.24;5.27874;0;0;0.1;0.01;0;4.32308;0;0;-1
0;670;-70.2569;52.8872;16.2707;8.5;2572.44;5.11093;0;0;0.1;0.01;0;3.91419;1;0;-1
0;671;-58.0238;-74.9483;17.1206;10.065;4271;6.05194;0;0;0.1;0.01;0;4.51432;0;0;-1
0;672;-57.4979;-58.6518;18.7028;9.47117;3558.77;5.69488;0;0;0.1;0.01;0;6.43779;0;0;-1
0;673;-56.1997;-39.5353;17.4562;10.2399;4497.55;6.1571;0;0;0.1;0.01;0;7.40314;0;0;-1
0;674;-57.0808;-23.2697;16.9154;8.9323;2985.23;5.37086;0;0;0.1;0.01;0;5.73346;0;0;-1
0;675;-55.1858;-6.46404;16.0504;9.97374;4155.88;5.99707;0;0;0.1;0.01;0;6.2434;0;0;-1
0;676;-57.125;8.61727;17.4058;8.70387;2762.01;5.23351;0;0;0.1;0.01;0;5.38424;0;0;-1
0;677;-55.3805;26.7719;16.7927;9.65507;3770.12;5.80545;0;0;0.1;0.01;0;5.70872;0;0;-1
0;678;-54.9736;46.8982;18.9446;8.5;2572.44;5.11093;0;0;0.1;0.01;0;4.35131;1;0;-1
0;679;-53.9896;61.9332;18.2821;8.67427;2733.93;5.21571;0;0;0.1;0.01;0;3.80694;0;0;-1
0;680;-53.7948;78.0501;19.6578;9.60026;3706.27;5.7725;0;0;0.1;0.01;0;2.63786;0;0;-1
0;681;-41.6978;-84.6156;16.8473;9.64536;3758.75;5.79962;0;0;0.1;0.01;0;4.32912;0;0;-1
0;682;-40.6314;-67.4705;17.7332;8.98447;3037.85;5.40223;0;0;0.1;0.01;0;5.51473;0;0;-1
0;683;-40.4649;-47.7823;16.7396;9.09298;3149.25;5.46748;0;0;0.1;0.01;0;5.25971;0;0;-1
0;684;-42.5316;-33.0267;18.1952;9.56256;3662.78;5.74983;0;0;0.1;0.01;0;6.35566;0;0;-1
0;685;-42.1568;-13.7559;16.4927;8.5;2572.44;5.11093;0;0;0.1;0.01;0;4.91561;1;0;-1
0;686;-39.9908;2.28318;17.7246;8.8338;2887.56;5.31164;0;0;0.1;0.01;0;5.08371;0;0;-1
0;687;-42.2104;18.6874;18.4639;8.81873;2872.81;5.30257;0;0;0.1;0.01;0;5.43416;0;0;-1
0;688;-41.1667;33.7346;18.2749;8.97255;3025.77;5.39506;0;0;0.1;0.01;0;5.19173;0;0;-1
0;689;-39.7064;53.2133;18.5434;8.97931;3032.62;5.39913;0;0;0.1;0.01;0;4.73794;0;0;-1
0;690;-39.5855;71.4833;16.3988;10.2106;4459.05;6.13949;0;0;0.1;0.01;0;5.90307;0;0;-1
0;691;-41.5955;87.7473;18.5428;8.98874;3042.18;5.4048;0;0;0.1;0.01;0;2.92976;0;0;-1
0;692;-27.7627;-93.4537;16.8251;10.4523;4783.26;6.28482;0;0;0.1;0.01;0;3.97952;0;0;-1
0;693;-27.5096;-72.8543;18.4992;9.83112;3980.13;5.91131;0;0;0.1;0.01;0;6.16644;0;0;-1
0;694;-25.3712;-56.7115;16.2767;8.5;2572.44;5.11093;0;0;0.1;0.01;0;4.45015;1;0;-1
0;695;-24.5022;-40.3778;17.8369;8.88227;2935.35;5.34078;0;0;0.1;0.01;0;5.48546;0;0;-1
0;696;-28.3621;-24.7205;16.3175;9.59361;3698.58;5.7685;0;0;0.1;0.01;0;6.04795;0;0;-1
0;697;-28.3793;-7.18814;16.0144;9.33032;3402.34;5.61019;0;0;0.1;0.01;0;5.29258;0;0;-1
0;698;-26.9629;10.6789;16.4873;9.60486;3711.6;5.77526;0;0;0.1;0.01;0;6.09214;0;0;-1
0;699;-27.4508;28.0503;17.3653;9.05772;3112.76;5.44628;0;0;0.1;0.01;0;5.12894;0;0;-1
0;700;-25.4609;45.9308;17.636;9.58543;3689.13;5.76358;0;0;0.1;0.01;0;5.76724;0;0;-1
0;701;-28.1534;62.0578;16.4031;9.01678;3070.74;5.42166;0;0;0.1;0.01;0;5.90574;0;0;-1
0;702;-27.4129;80.4112;16.3108;10.1887;4430.42;6.12632;0;0;0.1;0.01;0;5.892;0;0;-1
0;703;-13.2916;-83.6097;17.6383;9.77088;3907.42;5.87509;0;0;0.1;0.01;0;5.4565;0;0;-1
0;704;-13.7354;-65.6428;17.0244;8.5;2572.44;5.11093;0;0;0.1;0.01;0;4.20879;1;0;-1
0;705;-11.1824;-47.532;16.2708;9.7905;3931;5.88689;0;0;0.1;0.01;0;5.44986;0;0;-1
0;706;-12.3562;-30.785;19.3423;8.63701;2698.85;5.19331;0;0;0.1;0.01;0;5.76173;0;0;-1
0;707;-11.5478;-16.19;17.4732;9.71429;3839.92;5.84106;0;0;0.1;0.01;0;6.3413;0;0;-1
0;708;-13.6696;1.66176;17.1296;10.0878;4300.09;6.06565;0;0;0.1;0.01;0;7.02259;0;0;-1
0;709;-13.177;20.7892;16.6146;10.0841;4295.36;6.06342;0;0;0.1;0.01;0;6.26847;0;0;-1
0;710;-10.9545;37.3215;17.2926;8.97727;3030.55;5.3979;0;0;0.1;0.01;0;5.49488;0;0;-1
0;711;-10.0192;52.3608;18.3002;10.1287;4352.61;6.09024;0;0;0.1;0.01;0;6.64334;0;0;-1
0;712;-11.6716;68.4246;18.3664;8.59754;2662.02;5.16958;0;0;0.1;0.01;0;5.20972;0;0;-1
0;713;-11.0545;85.2616;18.6685;8.5;2572.44;5.11093;0;0;0.1;0.01;0;3.73807;1;0;-1
0;714;1.68172;-91.9842;17.432;10.248;4508.23;6.16197;0;0;0.1;0.01;0;3.90847;0;0;-1
0;715;4.58324;-72.2698;15.9818;8.68782;2746.76;5.22386;0;0;0.1;0.01;0;5.15253;0;0;-1
0;716;2.81931;-56.97;17.3285;8.5;2572.44;5.11093;0;0;0.1;0.01;0;5.54502;1;0;-1
0;717;2.96086;-39.8558;16.6733;9.887;4048.39;5.94491;0;0;0.1;0.01;0;6.5855;0;0;-1
0;718;2.38444;-24.4662;16.4643;8.82136;2875.38;5.30416;0;0;0.1;0.01;0;5.63544;0;0;-1
0;719;4.97433;-8.3718;17.1092;8.57217;2638.52;5.15432;0;0;0.1;0.01;0;4.74441;0;0;-1
0;720;4.17367;9.65026;16.3893;9.89258;4055.25;5.94826;0;0;0.1;0.01;0;4.89179;0;0;-1
0;721;2.1598;28.5081;16.6441;9.95865;4137.04;5.98799;0;0;0.1;0.01;0;6.24681;0;0;-1
0;722;2.53276;46.1874;15.6172;8.5982;2662.63;5.16997;0;0;0.1;0.01;0;5.8031;0;0;-1
0;723;2.66256;63.4025;15.8898;10.4039;4717.12;6.25571;0;0;0.1;0.01;0;6.71444;0;0;-1
0;724;0.992681;77.9617;15.9357;8.66392;2724.16;5.20949;0;0;0.1;0.01;0;5.68535;0;0;-1
0;725;4.6979;93.0885;17.7747;8.70908;2766.98;5.23664;0;0;0.1;0.01;0;2.89419;0;0;-1
0;726;17.777;-82.38;17.1033;10.0453;4245.97;6.04009;0;0;0.1;0.01;0;5.13111;0;0;-1
0;727;15.8015;-64.4113;16.376;8.5;2572.44;5.11093;0;0;0.1;0.01;0;4.94276;1;0;-1
0;728;16.0262;-50.0881;18.3094;9.61978;3728.93;5.78423;0;0;0.1;0.01;0;5.554;0;0;-1
0;729;18.9312;-33.9822;18.1024;8.5;2572.44;5.11093;0;0;0.1;0.01;0;4.31548;1;0;-1
0;730;18.3526;-17.0122;17.3424;9.30503;3374.75;5.59498;0;0;0.1;0.01;0;5.7755;0;0;-1
0;731;17.4611;2.71727;18.4916;8.54447;2613.03;5.13767;0;0;0.1;0.01;0;4.73988;0;0;-1
0;732;16.5786;21.1386;16.2199;9.14026;3198.63;5.49591;0;0;0.1;0.01;0;6.27695;0;0;-1
0;733;16.5168;37.0679;17.4473;8.88866;2941.69;5.34462;0;0;0.1;0.01;0;5.88817;0;0;-1
0;734;19.6639;52.9289;17.695;8.85858;2911.93;5.32654;0;0;0.1;0.01;0;5.16755;0;0;-1
0;735;16.415;69.7743;17.3841;8.51644;2587.4;5.12081;0;0;0.1;0.01;0;5.15545;0;0;-1
0;736;17.9151;85.6738;16.4545;9.17315;3233.29;5.51568;0;0;0.1;0.01;0;3.56709;0;0;-1
0;737;33.1772;-92.4852;15.9334;9.05955;3114.64;5.44738;0;0;0.1;0.01;0;1.68993;0;0;-1
0;738;33.7876;-73.7664;16.0996;9.51316;3606.31;5.72013;0;0;0.1;0.01;0;5.47921;0;0;-1
0;739;33.1782;-55.2456;18.0166;9.15668;3215.9;5.50578;0;0;0.1;0.01;0;4.54366;0;0;-1
0;740;33.6475;-39.0258;18.0743;8.5;2572.44;5.11093;0;0;0.1;0.01;0;5.33053;1;0;-1
0;741;31.4374;-24.4848;16.3379;9.37929;3456.2;5.63963;0;0;0.1;0.01;0;6.4827;0;0;-1
0;742;30.7138;-8.06212;18.5931;9.30862;3378.66;5.59714;0;0;0.1;0.01;0;5.4981;0;0;-1
0;743;30.5325;11.5658;17.0181;8.87722;2930.35;5.33774;0;0;0.1;0.01;0;5.1337;0;0;-1
0;744;32.0991;26.875;16.7649;8.78131;2836.39;5.28007;0;0;0.1;0.01;0;5.40287;0;0;-1
0;745;33.2158;45.7682;16.5248;8.5;2572.44;5.11093;0;0;0.1;0.01;0;5.2895;1;0;-1
0;746;30.4909;63.4364;19.4766;9.08213;3137.99;5.46095;0;0;0.1;0.01;0;6.81459;0;0;-1
0;747;30.6514;77.8162;17.8468;9.25776;3323.58;5.56656;0;0;0.1;0.01;0;5.18315;0;0;-1
0;748;45.3111;-81.2467;16.0875;9.99665;4184.58;6.01084;0;0;0.1;0.01;0;4.70919;0;0;-1
0;749;48.9017;-67.6398;17.008;8.61752;2680.62;5.18159;0;0;0.1;0.01;0;5.08421;0;0;-1
0;750;47.51;-48.1664;18.5925;8.5;2572.44;5.11093;0;0;0.1;0.01;0;4.60299;1;0;-1
0;751;46.7613;-31.8988;16.6117;9.52674;3621.78;5.72829;0;0;0.1;0.01;0;6.82819;0;0;-1
0;752;46.3589;-15.3163;17.5084;9.96599;4146.2;5.99241;0;0;0.1;0.01;0;6.40252;0;0;-1
0;753;46.2067;4.39335;19.4821;9.61473;3723.06;5.7812;0;0;0.1;0.01;0;5.43099;0;0;-1
0;754;48.7901;20.4684;17.3391;9.77667;3914.37;5.87857;0;0;0.1;0.01;0;6.22914;0;0;-1
0;755;46.8624;34.8791;18.9848;8.5;2572.44;5.11093;0;0;0.1;0.01;0;5.23547;1;0;-1
0;756;45.0834;54.089;16.5898;10.1386;4365.39;6.09619;0;0;0.1;0.01;0;6.5739;0;0;-1
0;757;46.9821;68.9802;17.7777;8.7934;2848.13;5.28734;0;0;0.1;0.01;0;5.04252;0;0;-1
0;758;45.9431;86.0478;19.6665;8.5;2572.44;5.11093;0;0;0.1;0.01;0;1.28233;1;0;-1
0;759;61.2223;-75.4441;17.4847;9.74749;3879.42;5.86102;0;0;0.1;0.01;0;2.82251;0;0;-1
0;760;62.3058;-57.9524;18.1588;8.5;2572.44;5.11093;0;0;0.1;0.01;0;4.94849;1;0;-1
0;761;62.5629;-38.7121;16.7016;10.097;4311.87;6.07118;0;0;0.1;0.01;0;7.49605;0;0;-1
0;762;60.4226;-24.2788;16.5123;9.90118;4065.83;5.95344;0;0;0.1;0.01;0;7.54568;0;0;-1
0;763;60.3759;-7.40194;16.7523;8.93108;2984.01;5.37013;0;0;0.1;0.01;0;4.81155;0;0;-1
0;764;62.4606;10.6058;16.9682;9.45392;3539.36;5.6845;0;0;0.1;0.01;0;5.78043;0;0;-1
0;765;61.6874;28.531;16.4755;10.2254;4478.47;6.14838;0;0;0.1;0.01;0;7.22231;0;0;-1
0;766;61.8714;45.2082;19.0386;8.67367;2733.36;5.21535;0;0;0.1;0.01;0;6.08058;0;0;-1
0;767;62.2921;63.6373;19.0453;10.0225;4217.13;6.02638;0;0;0.1;0.01;0;4.83435;0;0;-1
0;768;75.906;-50.207;19.5113;8.70096;2759.24;5.23176;0;0;0.1;0.01;0;3.01427;0;0;-1
0;769;76.0475;-33.4766;18.3428;10.0886;4301.12;6.06613;0;0;0.1;0.01;0;6.13458;0;0;-1
0;770;77.6187;-16.9542;16.7513;8.5;2572.44;5.11093;0;0;0.1;0.01;0;4.96226;1;0;-1
0;771;74.8841;0.849498;19.406;8.71841;2775.88;5.24225;0;0;0.1;0.01;0;4.44584;0;0;-1
0;772;76.4925;20.1075;16.1853;9.82373;3971.16;5.90687;0;0;0.1;0.01;0;6.53804;0;0;-1
0;773;74.8205;37.9226;19.0702;10.3722;4674.14;6.23665;0;0;0.1;0.01;0;6.73511;0;0;-1
0;774;76.5217;52.4278;18.7599;8.77615;2831.4;5.27697;0;0;0.1;0.01;0;4.58174;0;0;-1
0;775;91.5324;-22.0678;18.6409;9.7875;3927.39;5.88508;0;0;0.1;0.01;0;4.34461;0;0;-1
0;776;92.7457;-7.3566;19.9324;8.5;2572.44;5.11093;0;0;0.1;0.01;0;2.62087;1;0;-1
0;777;91.7009;9.32418;16.2198;9.05672;3111.73;5.44567;0;0;0.1;0.01;0;2.5269;0;0;-1
0;778;89.4656;26.845;17.3923;9.35384;3428.14;5.62433;0;0;0.1;0.01;0;4.07944;0;0;-1
0;779;-93.5826;2.41169;34.5615;8.55786;2625.33;5.14572;0;0;0.1;0.01;0;2.84653;0;0;-1
0;780;-82.0383;-39.7095;31.632;9.85962;4014.85;5.92845;0;0;0.1;0.01;0;3.1551;0;0;-1
0;781;-79.6839;-25.0895;32.4553;9.32437;3395.84;5.60661;0;0;0.1;0.01;0;4.25306;0;0;-1
0;782;-79.0021;-6.09114;34.0275;9.22038;3283.49;5.54408;0;0;0.1;0.01;0;5.97734;0;0;-1
0;783;-80.1782;10.0446;31.8149;8.73128;2788.19;5.24999;0;0;0.1;0.01;0;4.89514;0;0;-1
0;784;-82.7034;25.8724;30.9225;9.40262;3482.05;5.65366;0;0;0.1;0.01;0;2.74865;0;0;-1
0;785;-79.9029;46.0357;31.3437;8.54151;2610.31;5.13589;0;0;0.1;0.01;0;2.20527;0;0;-1
0;786;-65.9594;-66.8882;33.954;9.46889;3556.2;5.69351;0;0;0.1;0.01;0;3.41749;0;0;-1
0;787;-66.6271;-47.6764;32.2353;9.70994;3834.76;5.83845;0;0;0.1;0.01;0;4.79009;0;0;-1
0;788;-64.3038;-30.7687;34.2024;9.95636;4134.19;5.98661;0;0;0.1;0.01;0;6.55773;0;0;-1
0;789;-66.7757;-15.5654;31.0205;8.5;2572.44;5.11093;0;0;0.1;0.01;0;5.95109;1;0;-1
0;790;-65.6076;0.0148626;34.1259;8.9441;2997.08;5.37796;0;0;0.1;0.01;0;5.9849;0;0;-1
0;791;-66.558;18.1316;33.8919;8.5;2572.44;5.11093;0;0;0.1;0.01;0;4.42923;1;0;-1
0;792;-64.4113;35.1691;31.6576;8.58667;2651.94;5.16304;0;0;0.1;0.01;0;4.16566;0;0;-1
0;793;-66.84;53.0622;33.2027;9.91933;4088.23;5.96435;0;0;0.1;0.01;0;3.57267;0;0;-1
0;794;-53.1854;-73.3244;30.6151;10.1149;4334.84;6.08194;0;0;0.1;0.01;0;4.85145;0;0;-1
0;795;-50.1848;-58.7161;30.9874;9.48167;3570.62;5.70119;0;0;0.1;0.01;0;6.0253;0;0;-1
0;796;-49.8377;-38.4006;31.6493;9.72083;3847.68;5.84499;0;0;0.1;0.01;0;6.12876;0;0;-1
0;797;-52.8068;-21.2988;31.1175;8.5;2572.44;5.11093;0;0;0.1;0.01;0;4.91688;1;0;-1
0;798;-52.707;-7.28998;34.1965;9.66627;3783.25;5.81219;0;0;0.1;0.01;0;4.47807;0;0;-1
0;799;-51.6697;11.871;31.7814;8.5;2572.44;5.11093;0;0;0.1;0.01;0;4.15995;1;0;-1
0;800;-50.7141;29.4054;32.607;8.5;2572.44;5.11093;0;0;0.1;0.01;0;5.2374;1;0;-1
0;801;-52.7768;43.3403;33.13;8.5;2572.44;5.11093;0;0;0.1;0.01;0;5.24092;1;0;-1
0;802;-51.6422;60.0682;33.972;8.5;2572.44;5.11093;0;0;0.1;0.01;0;4.23778;1;0;-1
0;803;-35.6423;-85.3963;34.284;10.1766;4414.65;6.11904;0;0;0.1;0.01;0;3.63623;0;0;-1
0;804;-37.9958;-66.3752;31.2818;8.5;2572.44;5.11093;0;0;0.1;0.01;0;4.55993;1;0;-1
0;805;-37.9492;-47.2912;33.1283;9.74583;3877.44;5.86003;0;0;0.1;0.01;0;5.96493;0;0;-1
0;806;-34.4738;-33.0309;33.0283;10.2533;4515.23;6.16516;0;0;0.1;0.01;0;6.52068;0;0;-1
0;807;-35.1737;-16.2778;32.7146;8.8572;2910.57;5.32571;0;0;0.1;0.01;0;4.13024;0;0;-1
0;808;-35.338;2.9834;32.295;8.80953;2863.83;5.29704;0;0;0.1;0.01;0;4.53509;0;0;-1
0;809;-38.306;17.6726;32.759;8.96634;3019.49;5.39133;0;0;0.1;0.01;0;4.90144;0;0;-1
0;810;-36.9805;37.944;31.6578;9.65063;3764.92;5.80278;0;0;0.1;0.01;0;6.08317;0;0;-1
0;811;-36.8395;52.4707;32.4153;8.9865;3039.91;5.40345;0;0;0.1;0.01;0;5.22533;0;0;-1
0;812;-37.9049;69.1958;32.124;8.5;2572.44;5.11093;0;0;0.1;0.01;0;3.35703;1;0;-1
0;813;-20.9671;-91.0259;34.0202;9.86408;4020.3;5.93113;0;0;0.1;0.01;0;3.76493;0;0;-1
0;814;-22.927;-74.3018;32.2265;8.5;2572.44;5.11093;0;0;0.1;0.01;0;5.12034;1;0;-1
0;815;-22.8377;-57.0538;34.4204;8.61747;2680.57;5.18156;0;0;0.1;0.01;0;4.58542;0;0;-1
0;816;-21.8608;-42.7406;31.8876;8.61331;2676.69;5.17906;0;0;0.1;0.01;0;5.67868;0;0;-1
0;817;-20.4326;-21.6625;31.381;8.5;2572.44;5.11093;0;0;0.1;0.01;0;3.95884;1;0;-1
0;818;-20.9583;-4.75392;34.0471;9.37895;3455.82;5.63943;0;0;0.1;0.01;0;5.90147;0;0;-1
0;819;-21.7913;11.1915;31.6476;8.93559;2988.53;5.37284;0;0;0.1;0.01;0;5.87775;0;0;-1
0;820;-22.9999;29.367;33.7803;9.49202;3582.32;5.70741;0;0;0.1;0.01;0;5.55395;0;0;-1
0;821;-20.7383;44.3011;33.8131;9.19925;3260.96;5.53138;0;0;0.1;0.01;0;6.2947;0;0;-1
0;822;-20.4329;59.6993;30.982;8.65751;2718.11;5.20564;0;0;0.1;0.01;0;5.12222;0;0;-1
0;823;-21.7707;76.7164;32.6726;10.0526;4255.24;6.04448;0;0;0.1;0.01;0;4.73809;0;0;-1
0;824;-6.81792;-81.4845;33.0068;10.2345;4490.44;6.15386;0;0;0.1;0.01;0;5.73583;0;0;-1
0;825;-7.58362;-65.8514;32.0378;9.11861;3175.96;5.48289;0;0;0.1;0.01;0;4.85181;0;0;-1
0;826;-8.80925;-46.9424;30.7964;9.1191;3176.47;5.48318;0;0;0.1;0.01;0;5.15039;0;0;-1
0;827;-5.46091;-32.6283;31.1738;8.5;2572.44;5.11093;0;0;0.1;0.01;0;4.74251;1;0;-1
0;828;-8.84167;-13.1742;31.5907;10.4144;4731.42;6.26203;0;0;0.1;0.01;0;6.59221;0;0;-1
0;829;-7.46578;3.47444;31.9523;9.30981;3379.96;5.59785;0;0;0.1;0.01;0;6.08641;0;0;-1
0;830;-6.85438;21.0004;33.6357;10.0649;4270.88;6.05188;0;0;0.1;0.01;0;5.67615;0;0;-1
0;831;-7.47802;37.7967;34.0855;9.13604;3194.2;5.49337;0;0;0.1;0.01;0;6.14273;0;0;-1
0;832;-5.85136;51.7271;33.6926;8.5;2572.44;5.11093;0;0;0.1;0.01;0;5.49271;1;0;-1
0;833;-7.20408;69.7844;32.397;8.73803;2794.66;5.25405;0;0;0.1;0.01;0;4.3504;0;0;-1
0;834;-6.7825;88.6484;31.1319;8.56897;2635.57;5.1524;0;0;0.1;0.01;0;2.16821;0;0;-1
0;835;8.24901;-89.437;34.6596;8.757;2812.9;5.26546;0;0;0.1;0.01;0;3.18251;0;0;-1
0;836;7.70649;-74.4744;32.4958;10.4534;4784.77;6.28548;0;0;0.1;0.01;0;7.03283;0;0;-1
0;837;6.34116;-58.9466;31.8194;8.79873;2853.31;5.29055;0;0;0.1;0.01;0;5.10171;0;0;-1
0;838;8.48578;-42.9163;33.1999;10.0561;4259.68;6.04659;0;0;0.1;0.01;0;6.75104;0;0;-1
0;839;6.86295;-23.8835;32.7514;8.90408;2957.03;5.35389;0;0;0.1;0.01;0;4.87951;0;0;-1
0;840;7.21128;-6.04817;33.7232;9.87605;4034.95;5.93833;0;0;0.1;0.01;0;6.05223;0;0;-1
0;841;5.64665;8.7909;34.3845;9.10205;3158.68;5.47293;0;0;0.1;0.01;0;4.7422;0;0;-1
0;842;8.34074;27.8189;31.0456;9.25309;3318.55;5.56375;0;0;0.1;0.01;0;5.16071;0;0;-1
0;843;6.79138;42.8903;30.592;10.1876;4428.99;6.12566;0;0;0.1;0.01;0;6.42148;0;0;-1
0;844;8.63547;61.5765;30.8992;8.68436;2743.48;5.22178;0;0;0.1;0.01;0;4.75572;0;0;-1
0;845;9.12161;78.9349;31.9029;9.46328;3549.88;5.69013;0;0;0.1;0.01;0;4.70501;0;0;-1
0;846;23.1444;-82.6629;33.8563;9.93443;4106.93;5.97343;0;0;0.1;0.01;0;4.76706;0;0;-1
0;847;22.6489;-67.9634;33.007;9.85623;4010.71;5.92641;0;0;0.1;0.01;0;5.4027;0;0;-1
0;848;23.8697;-47.7362;33.3873;8.90151;2954.47;5.35235;0;0;0.1;0.01;0;5.89554;0;0;-1
0;849;21.133;-32.2894;32.4682;10.1635;4397.63;6.11117;0;0;0.1;0.01;0;7.03831;0;0;-1
0;850;22.1159;-14.0027;32.2162;10.1553;4386.99;6.10623;0;0;0.1;0.01;0;6.79622;0;0;-1
0;851;22.3371;0.479435;30.9367;8.92445;2977.37;5.36614;0;0;0.1;0.01;0;5.1272;0;0;-1
0;852;23.0064;19.3407;30.4825;9.06881;3124.2;5.45294;0;0;0.1;0.01;0;4.82341;0;0;-1
0;853;22.1081;37.5562;33.9876;9.3486;3422.38;5.62118;0;0;0.1;0.01;0;5.73821;0;0;-1
0;854;23.7936;51.3882;32.5714;9.90615;4071.96;5.95642;0;0;0.1;0.01;0;6.81227;0;0;-1
0;855;22.3289;68.7584;31.0013;8.75237;2808.44;5.26267;0;0;0.1;0.01;0;5.90305;0;0;-1
0;856;20.8548;89.3905;34.226;9.34689;3420.5;5.62015;0;0;0.1;0.01;0;1.60207;0;0;-1
0;857;35.7849;-74.7234;32.7943;8.5;2572.44;5.11093;0;0;0.1;0.01;0;3.426;1;0;-1
0;858;37.1884;-55.0806;32.8413;9.55435;3653.36;5.74489;0;0;0.1;0.01;0;5.7619;0;0;-1
0;859;35.5728;-38.4154;30.8934;8.5;2572.44;5.11093;0;0;0.1;0.01;0;5.30903;1;0;-1
0;860;37.4952;-21.9813;32.1807;8.5;2572.44;5.11093;0;0;0.1;0.01;0;4.75552;1;0;-1
0;861;35.8978;-4.81307;33.2041;9.17157;3231.62;5.51473;0;0;0.1;0.01;0;5.72565;0;0;-1
0;862;38.7389;9.35387;32.4838;8.59517;2659.82;5.16815;0;0;0.1;0.01;0;4.91403;0;0;-1
0;863;38.1026;25.5612;32.9988;9.81869;3965.06;5.90384;0;0;0.1;0.01;0;5.593;0;0;-1
0;864;38.3514;43.1682;33.0918;9.76301;3897.98;5.87036;0;0;0.1;0.01;0;6.01999;0;0;-1
0;865;35.3799;61.8599;33.704;9.76121;3895.83;5.86927;0;0;0.1;0.01;0;6.62476;0;0;-1
0;866;36.8549;77.2502;32.1622;10.0224;4217;6.02632;0;0;0.1;0.01;0;5.23571;0;0;-1
0;867;52.8335;-64.667;31.9353;9.06145;3116.6;5.44852;0;0;0.1;0.01;0;3.97338;0;0;-1
0;868;53.1678;-49.3403;32.122;9.43641;3519.73;5.67398;0;0;0.1;0.01;0;5.65586;0;0;-1
0;869;52.0702;-33.3885;32.4046;9.52844;3623.71;5.72931;0;0;0.1;0.01;0;6.1403;0;0;-1
0;870;51.5473;-17.3177;31.5985;9.93219;4104.15;5.97208;0;0;0.1;0.01;0;6.32128;0;0;-1
0;871;53.2143;0.915586;33.8715;10.0205;4214.6;6.02518;0;0;0.1;0.01;0;6.8671;0;0;-1
0;872;52.4621;17.8204;33.3885;8.9672;3020.36;5.39185;0;0;0.1;0.01;0;6.01542;0;0;-1
0;873;53.4756;38.1479;32.2374;8.9671;3020.26;5.39179;0;0;0.1;0.01;0;6.03632;0;0;-1
0;874;53.2673;53.1808;33.3259;9.60563;3712.5;5.77573;0;0;0.1;0.01;0;6.96936;0;0;-1
0;875;51.4251;68.3328;32.4164;9.14929;3208.12;5.50134;0;0;0.1;0.01;0;4.86637;0;0;-1
0;876;67.2581;-58.0717;32.4253;8.83388;2887.64;5.31168;0;0;0.1;0.01;0;3.29264;0;0;-1
0;877;67.6963;-38.6042;31.5526;9.31078;3381.01;5.59844;0;0;0.1;0.01;0;5.34646;0;0;-1
0;878;66.3872;-21.818;31.9673;9.12977;3187.63;5.4896;0;0;0.1;0.01;0;5.27353;0;0;-1
0;879;66.9418;-4.77073;32.6263;9.85842;4013.38;5.92772;0;0;0.1;0.01;0;5.72509;0;0;-1
0;880;67.2126;10.3565;32.9752;8.94914;3002.15;5.38099;0;0;0.1;0.01;0;6.5503;0;0;-1
0;881;66.2124;28.0119;33.7871;8.61621;2679.4;5.1808;0;0;0.1;0.01;0;5.82062;0;0;-1
0;882;67.3174;45.645;31.0856;9.11558;3172.79;5.48107;0;0;0.1;0.01;0;6.46742;0;0;-1
0;883;67.014;59.4999;32.0796;9.87652;4035.53;5.93861;0;0;0.1;0.01;0;4.75566;0;0;-1
0;884;79.9416;-30.2565;33.8275;9.91075;4077.63;5.95919;0;0;0.1;0.01;0;4.39967;0;0;-1
0;885;80.1768;-15.969;30.7216;8.8039;2858.34;5.29366;0;0;0.1;0.01;0;4.50686;0;0;-1
0;886;79.6596;3.68714;33.5503;10.0827;4293.58;6.06258;0;0;0.1;0.01;0;4.94748;0;0;-1
0;887;80.7166;19.7007;34.1943;8.73611;2792.82;5.2529;0;0;0.1;0.01;0;3.84879;0;0;-1
0;888;80.5416;33.637;31.9224;8.98096;3034.29;5.40012;0;0;0.1;0.01;0;4.25781;0;0;-1
0;889;-86.3526;-6.44157;47.2349;9.7781;3916.08;5.87943;0;0;0.1;0.01;0;3.245;0;0;-1
0;890;-85.6607;9.85717;47.799;10.4049;4718.48;6.25632;0;0;0.1;0.01;0;3.02292;0;0;-1
0;891;-69.019;-49.9837;48.7971;10.4318;4755.17;6.27249;0;0;0.1;0.01;0;2.87994;0;0;-1
0;892;-69.3899;-33.7461;47.9832;8.5;2572.44;5.11093;0;0;0.1;0.01;0;4.09439;1;0;-1
0;893;-69.3629;-13.3667;47.6991;9.91875;4087.52;5.964;0;0;0.1;0.01;0;5.72633;0;0;-1
0;894;-71.5155;0.836806;46.7819;8.91111;2964.04;5.35812;0;0;0.1;0.01;0;5.623;0;0;-1
0;895;-68.5682;18.0371;47.0504;8.75571;2811.66;5.26468;0;0;0.1;0.01;0;3.93478;0;0;-1
0;896;-70.5806;36.4597;49.3675;9.25688;3322.63;5.56603;0;0;0.1;0.01;0;1.72357;0;0;-1
0;897;-56.6343;-59.6054;46.1466;8.92538;2978.3;5.3667;0;0;0.1;0.01;0;4.10196;0;0;-1
0;898;-57.0589;-39.1314;47.6032;9.30218;3371.65;5.59327;0;0;0.1;0.01;0;5.77742;0;0;-1
0;899;-57.0481;-23.2645;47.2548;8.5;2572.44;5.11093;0;0;0.1;0.01;0;5.45119;1;0;-1
0;900;-56.8231;-6.91291;48.8062;9.56046;3660.37;5.74857;0;0;0.1;0.01;0;5.9053;0;0;-1
0;901;-54.597;12.7538;45.9869;8.6949;2753.48;5.22812;0;0;0.1;0.01;0;4.41887;0;0;-1
0;902;-57.7044;29.7425;45.9859;8.5;2572.44;5.11093;0;0;0.1;0.01;0;4.65701;1;0;-1
0;903;-56.306;45.9424;47.03;8.5;2572.44;5.11093;0;0;0.1;0.01;0;4.45865;1;0;-1
0;904;-54.4391;61.3011;46.4156;8.73256;2789.42;5.25076;0;0;0.1;0.01;0;3.50007;0;0;-1
0;905;-40.6499;-64.389;45.8759;8.77308;2828.43;5.27513;0;0;0.1;0.01;0;3.66386;0;0;-1
0;906;-40.4073;-50.5779;48.2081;9.14813;3206.9;5.50064;0;0;0.1;0.01;0;5.15922;0;0;-1
0;907;-43.1981;-30.0701;46.0957;10.1709;4407.24;6.11561;0;0;0.1;0.01;0;6.05313;0;0;-1
0;908;-41.5075;-14.2955;49.0738;8.5;2572.44;5.11093;0;0;0.1;0.01;0;4.98852;1;0;-1
0;909;-41.6385;0.773054;49.2633;8.65928;2719.78;5.2067;0;0;0.1;0.01;0;4.59983;0;0;-1
0;910;-42.0979;16.7753;48.2719;10.2808;4551.66;6.1817;0;0;0.1;0.01;0;5.92268;0;0;-1
0;911;-42.3262;35.8748;45.2298;8.59133;2656.26;5.16584;0;0;0.1;0.01;0;4.94937;0;0;-1
0;912;-41.2194;53.24;48.903;10.1348;4360.48;6.09391;0;0;0.1;0.01;0;6.53565;0;0;-1
0;913;-42.4842;69.7189;48.0958;9.85071;4003.97;5.92309;0;0;0.1;0.01;0;4.23895;0;0;-1
0;914;-27.8321;-76.7409;46.7363;9.0812;3137.03;5.46039;0;0;0.1;0.01;0;2.9622;0;0;-1
0;915;-26.1684;-55.504;48.3148;8.59395;2658.69;5.16742;0;0;0.1;0.01;0;5.99573;0;0;-1
0;916;-27.6873;-41.4897;46.5291;9.63897;3751.29;5.79577;0;0;0.1;0.01;0;7.57621;0;0;-1
0;917;-28.0304;-24.2546;49.4389;8.5;2572.44;5.11093;0;0;0.1;0.01;0;4.80498;1;0;-1
0;918;-25.7062;-8.79591;47.3252;8.5;2572.44;5.11093;0;0;0.1;0.01;0;4.63784;1;0;-1
0;919;-26.6725;12.0282;46.5402;9.92574;4096.16;5.9682;0;0;0.1;0.01;0;5.7799;0;0;-1
0;920;-26.9572;29.5835;48.5556;10.2075;4454.99;6.13762;0;0;0.1;0.01;0;7.06342;0;0;-1
0;921;-26.3538;45.1517;48.8383;9.22863;3292.31;5.54904;0;0;0.1;0.01;0;6.11784;0;0;-1
0;922;-25.8908;60.8813;46.5199;10.3198;4603.65;6.20515;0;0;0.1;0.01;0;6.87366;0;0;-1
0;923;-25.5696;79.3366;48.4999;9.1597;3219.08;5.50759;0;0;0.1;0.01;0;3.17612;0;0;-1
0;924;-12.361;-80.79;46.0157;8.874;2927.16;5.33581;0;0;0.1;0.01;0;3.06977;0;0;-1
0;925;-11.8839;-64.6846;47.9632;8.62741;2689.86;5.18754;0;0;0.1;0.01;0;4.45744;0;0;-1
0;926;-13.4933;-47.9734;46.573;10.3686;4669.27;6.23449;0;0;0.1;0.01;0;7.52064;0;0;-1
0;927;-12.6944;-33.5677;49.1104;10.005;4195.08;6.01586;0;0;0.1;0.01;0;5.8821;0;0;-1
0;928;-11.4138;-13.88;48.6921;9.93402;4106.42;5.97318;0;0;0.1;0.01;0;6.77257;0;0;-1
0;929;-11.037;0.270392;46.108;9.49154;3581.78;5.70713;0;0;0.1;0.01;0;6.6518;0;0;-1
0;930;-13.1735;19.5124;47.8628;10.0132;4205.4;6.02079;0;0;0.1;0.01;0;6.25905;0;0;-1
0;931;-11.2545;37.0951;49.0533;8.84922;2902.71;5.32091;0;0;0.1;0.01;0;6.45115;0;0;-1
0;932;-12.1998;52.5468;48.7876;9.02879;3083.03;5.42888;0;0;0.1;0.01;0;7.20928;0;0;-1
0;933;-11.7506;69.793;48.0776;10.1432;4371.33;6.09896;0;0;0.1;0.01;0;5.86738;0;0;-1
0;934;-12.8178;86.616;47.9922;8.5;2572.44;5.11093;0;0;0.1;0.01;0;1.66601;1;0;-1
0;935;2.05793;-73.1394;45.8859;8.5;2572.44;5.11093;0;0;0.1;0.01;0;4.91041;1;0;-1
0;936;1.60988;-59.4369;46.6204;8.99434;3047.87;5.40817;0;0;0.1;0.01;0;5.60821;0;0;-1
0;937;2.35282;-42.2814;46.9554;9.40872;3488.83;5.65733;0;0;0.1;0.01;0;5.65172;0;0;-1
0;938;1.44399;-22.4054;48.5103;9.3869;3464.62;5.64421;0;0;0.1;0.01;0;5.82081;0;0;-1
0;939;4.30984;-5.38804;49.046;9.50215;3593.8;5.7135;0;0;0.1;0.01;0;6.8128;0;0;-1
0;940;3.22443;8.86586;49.2416;9.40384;3483.41;5.65439;0;0;0.1;0.01;0;5.80795;0;0;-1
0;941;1.82458;29.6354;47.3208;8.5;2572.44;5.11093;0;0;0.1;0.01;0;5.05196;1;0;-1
0;942;1.08341;45.5412;47.5972;8.53776;2606.88;5.13363;0;0;0.1;0.01;0;6.17317;0;0;-1
0;943;1.4867;60.6214;45.667;9.03964;3094.15;5.4354;0;0;0.1;0.01;0;5.4362;0;0;-1
0;944;4.93489;79.7288;48.6605;10.1102;4328.8;6.07912;0;0;0.1;0.01;0;3.00398;0;0;-1
0;945;18.9287;-84.4729;48.8916;8.82496;2878.9;5.30632;0;0;0.1;0.01;0;1.955;0;0;-1
0;946;18.2824;-65.9326;46.7105;9.13393;3191.99;5.4921;0;0;0.1;0.01;0;4.69439;0;0;-1
0;947;16.9296;-49.414;46.2859;8.5;2572.44;5.11093;0;0;0.1;0.01;0;4.61217;1;0;-1
0;948;19.3949;-34.4009;45.9312;10.2763;4545.68;6.17899;0;0;0.1;0.01;0;6.56667;0;0;-1
0;949;16.1476;-14.8582;48.4569;9.22523;3288.67;5.547;0;0;0.1;0.01;0;6.3415;0;0;-1
0;950;18.7779;1.80474;48.5208;8.50641;2578.26;5.11478;0;0;0.1;0.01;0;5.65786;0;0;-1
0;951;17.3884;17.4877;46.773;9.55479;3653.86;5.74516;0;0;0.1;0.01;0;5.23483;0;0;-1
0;952;16.0193;36.3948;49.0135;8.5;2572.44;5.11093;0;0;0.1;0.01;0;4.95336;1;0;-1
0;953;19.2379;50.8441;45.5678;9.03341;3087.76;5.43166;0;0;0.1;0.01;0;5.11139;0;0;-1
0;954;17.415;71.0947;46.7936;9.52319;3617.73;5.72616;0;0;0.1;0.01;0;4.5431;0;0;-1
0;955;33.2066;-74.2753;48.7926;8.9766;3029.87;5.3975;0;0;0.1;0.01;0;3.24554;0;0;-1
0;956;33.1106;-57.1362;47.8313;9.60965;3717.16;5.77814;0;0;0.1;0.01;0;6.04809;0;0;-1
0;957;33.4745;-39.214;45.8207;9.85133;4004.73;5.92346;0;0;0.1;0.01;0;6.54261;0;0;-1
0;958;30.797;-22.5142;46.1752;9.98303;4167.5;6.00265;0;0;0.1;0.01;0;6.38833;0;0;-1
0;959;31.9833;-5.04063;47.7726;9.48791;3577.67;5.70494;0;0;0.1;0.01;0;5.8344;0;0;-1
0;960;33.2542;12.0655;47.6416;9.44032;3524.1;5.67633;0;0;0.1;0.01;0;5.47959;0;0;-1
0;961;30.6843;25.7871;46.9797;9.75134;3884.02;5.86334;0;0;0.1;0.01;0;6.52843;0;0;-1
0;962;32.7078;43.2073;48.5137;8.95476;3007.81;5.38437;0;0;0.1;0.01;0;6.11628;0;0;-1
0;963;31.8858;59.3324;48.6144;9.99243;4179.28;6.0083;0;0;0.1;0.01;0;6.93084;0;0;-1
0;964;30.9344;76.2514;47.7016;9.44588;3530.33;5.67967;0;0;0.1;0.01;0;4.12591;0;0;-1
0;965;45.9678;-63.7041;46.57;8.50235;2574.57;5.11234;0;0;0.1;0.01;0;3.3085;0;0;-1
0;966;46.1742;-47.4752;47.5703;10.2055;4452.37;6.13642;0;0;0.1;0.01;0;6.42905;0;0;-1
0;967;47.6508;-31.4632;46.2901;8.5;2572.44;5.11093;0;0;0.1;0.01;0;5.04342;1;0;-1
0;968;45.2315;-13.9402;49.0282;9.26855;3335.22;5.57304;0;0;0.1;0.01;0;5.88881;0;0;-1
0;969;45.8983;-0.220433;45.3771;8.5;2572.44;5.11093;0;0;0.1;0.01;0;5.3461;1;0;-1
0;970;47.7175;20.785;46.8828;10.0206;4214.73;6.02524;0;0;0.1;0.01;0;7.16656;0;0;-1
0;971;45.3036;36.6223;48.5851;9.44979;3534.72;5.68202;0;0;0.1;0.01;0;6.80006;0;0;-1
0;972;46.4725;54.7688;49.1022;9.69619;3818.49;5.83018;0;0;0.1;0.01;0;5.88163;0;0;-1
0;973;45.6625;72.0089;48.4242;9.86394;4020.13;5.93104;0;0;0.1;0.01;0;3.34132;0;0;-1
0;974;63.7023;-58.7696;46.4787;8.74716;2803.43;5.25954;0;0;0.1;0.01;0;2.38314;0;0;-1
0;975;62.0149;-42.3761;47.648;9.36522;3440.67;5.63117;0;0;0.1;0.01;0;5.04779;0;0;-1
0;976;59.8911;-24.0718;48.5183;8.5;2572.44;5.11093;0;0;0.1;0.01;0;4.86041;1;0;-1
0;977;63.6064;-8.70167;46.8149;10.1425;4370.42;6.09854;0;0;0.1;0.01;0;6.67285;0;0;-1
0;978;60.6652;8.13215;47.152;9.86993;4027.46;5.93465;0;0;0.1;0.01;0;6.38228;0;0;-1
0;979;61.5232;26.8097;46.1089;9.90075;4065.3;5.95318;0;0;0.1;0.01;0;6.42555;0;0;-1
0;980;60.1746;43.6483;46.042;10.1384;4365.13;6.09607;0;0;0.1;0.01;0;6.24452;0;0;-1
0;981;61.1684;61.0007;46.9988;9.12844;3186.24;5.4888;0;0;0.1;0.01;0;3.75963;0;0;-1
0;982;77.2968;-30.3702;48.6459;8.61289;2676.3;5.17881;0;0;0.1;0.01;0;2.62251;0;0;-1
0;983;77.129;-17.097;47.7302;8.5;2572.44;5.11093;0;0;0.1;0.01;0;3.16084;1;0;-1
0;984;75.5664;1.83104;46.5492;9.84126;3992.46;5.91741;0;0;0.1;0.01;0;5.04743;0;0;-1
0;985;78.6913;17.3386;48.8011;10.0526;4255.24;6.04448;0;0;0.1;0.01;0;4.18453;0;0;-1
0;986;75.2843;34.6932;45.9214;10.2898;4563.62;6.18711;0;0;0.1;0.01;0;4.40735;0;0;-1
0;987;-65.6136;-30.2871;62.2626;8.57744;2643.39;5.15749;0;0;0.1;0.01;0;3.43635;0;0;-1
0;988;-66.5765;-15.4242;63.5484;8.87947;2932.58;5.3391;0;0;0.1;0.01;0;3.54018;0;0;-1
0;989;-66.6896;0.553432;61.3354;8.52153;2592.04;5.12387;0;0;0.1;0.01;0;3.47926;0;0;-1
0;990;-66.1488;19.5129;63.932;9.60852;3715.85;5.77746;0;0;0.1;0.01;0;3.35633;0;0;-1
0;991;-51.8195;-58.483;60.4488;9.06277;3117.97;5.44931;0;0;0.1;0.01;0;2.1369;0;0;-1
0;992;-51.4182;-38.7578;63.6245;10.4312;4754.35;6.27213;0;0;0.1;0.01;0;5.19839;0;0;-1
0;993;-50.7467;-24.5011;63.3055;8.99047;3043.94;5.40584;0;0;0.1;0.01;0;6.41231;0;0;-1
0;994;-52.705;-8.79147;61.3398;8.75928;2815.1;5.26683;0;0;0.1;0.01;0;4.57155;0;0;-1
0;995;-53.4875;10.3292;61.648;10.3467;4639.75;6.22132;0;0;0.1;0.01;0;5.60394;0;0;-1
0;996;-53.0239;27.1258;62.1098;8.5119;2583.26;5.11808;0;0;0.1;0.01;0;4.04297;0;0;-1
0;997;-51.7531;46.5243;61.7996;9.49673;3587.66;5.71025;0;0;0.1;0.01;0;3.02839;0;0;-1
0;998;-36.3721;-47.5581;60.5164;9.31429;3384.84;5.60055;0;0;0.1;0.01;0;6.18398;0;0;-1
0;999;-36.9143;-33.1658;64.1662;8.56914;2635.73;5.1525;0;0;0.1;0.01;0;5.89218;0;0;-1
0;1000;-35.4764;-15.6546;62.6704;9.77893;3917.08;5.87993;0;0;0.1;0.01;0;6.62036;0;0;-1
0;1001;-36.1634;1.46003;63.9675;8.73934;2795.92;5.25484;0;0;0.1;0.01;0;4.87596;0;0;-1
0;1002;-35.0664;19.5904;62.2187;8.80965;2863.94;5.29711;0;0;0.1;0.01;0;5.88853;0;0;-1
0;1003;-35.2263;37.0927;60.6611;9.96828;4149.06;5.99378;0;0;0.1;0.01;0;6.29391;0;0;-1
0;1004;-38.3051;52.2608;63.8404;9.47991;3568.63;5.70013;0;0;0.1;0.01;0;3.94497;0;0;-1
0;1005;-38.3137;67.956;60.6979;9.61487;3723.22;5.78128;0;0;0.1;0.01;0;3.18446;0;0;-1
0;1006;-21.3192;-73.2353;63.7598;8.5;2572.44;5.11093;0;0;0.1;0.01;0;1.71352;1;0;-1
0;1007;-23.2912;-57.0297;62.2446;10.4;4711.82;6.25337;0;0;0.1;0.01;0;6.1861;0;0;-1
0;1008;-22.2418;-40.863;61.3929;10.2717;4539.58;6.17622;0;0;0.1;0.01;0;8.0294;0;0;-1
0;1009;-21.3046;-22.7326;63.6555;8.53442;2603.82;5.13162;0;0;0.1;0.01;0;6.24271;0;0;-1
0;1010;-21.9738;-5.56718;62.1275;10.3597;4657.26;6.22914;0;0;0.1;0.01;0;6.43791;0;0;-1
0;1011;-22.1207;10.5198;60.8498;8.5;2572.44;5.11093;0;0;0.1;0.01;0;3.63246;1;0;-1
0;1012;-23.7859;26.8094;63.5225;9.01866;3072.66;5.42279;0;0;0.1;0.01;0;4.69403;0;0;-1
0;1013;-22.4096;44.4753;62.8088;9.87176;4029.7;5.93575;0;0;0.1;0.01;0;6.77182;0;0;-1
0;1014;-21.8295;59.702;60.1766;8.81698;2871.1;5.30152;0;0;0.1;0.01;0;5.43841;0;0;-1
0;1015;-7.87573;-67.6901;60.3479;8.52518;2595.37;5.12607;0;0;0.1;0.01;0;3.89088;0;0;-1
0;1016;-7.86979;-47.7035;63.1295;10.2311;4485.96;6.15181;0;0;0.1;0.01;0;6.71436;0;0;-1
0;1017;-5.56272;-29.8866;63.3939;9.05885;3113.92;5.44696;0;0;0.1;0.01;0;6.57553;0;0;-1
0;1018;-6.85017;-15.3359;60.968;8.54701;2615.36;5.13919;0;0;0.1;0.01;0;6.6262;0;0;-1
0;1019;-8.78351;0.618058;60.7701;8.5;2572.44;5.11093;0;0;0.1;0.01;0;4.71344;1;0;-1
0;1020;-6.95739;20.8339;60.39;8.92528;2978.2;5.36664;0;0;0.1;0.01;0;4.61639;0;0;-1
0;1021;-8.83318;36.0085;63.5749;9.68264;3802.51;5.82203;0;0;0.1;0.01;0;7.04847;0;0;-1
0;1022;-6.47342;52.1412;61.0316;9.64341;3756.48;5.79844;0;0;0.1;0.01;0;7.58121;0;0;-1
0;1023;-7.43329;67.6699;60.8791;10.3052;4584.14;6.19637;0;0;0.1;0.01;0;4.93594;0;0;-1
0;1024;5.31744;-73.7698;61.9511;8.5;2572.44;5.11093;0;0;0.1;0.01;0;2.23771;1;0;-1
0;1025;6.87431;-57.405;62.3027;10.176;4413.87;6.11868;0;0;0.1;0.01;0;5.81579;0;0;-1
0;1026;7.74045;-39.3508;61.0341;8.5;2572.44;5.11093;0;0;0.1;0.01;0;4.55299;1;0;-1
0;1027;6.38197;-22.6896;62.3453;9.92312;4092.92;5.96663;0;0;0.1;0.01;0;6.7117;0;0;-1
0;1028;9.17235;-6.37462;62.4731;10.2402;4497.94;6.15728;0;0;0.1;0.01;0;6.85791;0;0;-1
0;1029;8.7801;12.1966;62.2478;8.66534;2725.5;5.21034;0;0;0.1;0.01;0;4.78737;0;0;-1
0;1030;7.91694;26.3215;63.4113;8.5;2572.44;5.11093;0;0;0.1;0.01;0;5.49348;1;0;-1
0;1031;7.42377;42.0733;60.0845;10.2988;4575.6;6.19252;0;0;0.1;0.01;0;6.63451;0;0;-1
0;1032;6.63846;63.0859;63.2928;9.3194;3390.41;5.60362;0;0;0.1;0.01;0;4.62197;0;0;-1
0;1033;21.3046;-63.8644;60.9536;8.5;2572.44;5.11093;0;0;0.1;0.01;0;3.70215;1;0;-1
0;1034;23.2595;-50.2969;61.9539;8.5;2572.44;5.11093;0;0;0.1;0.01;0;4.43406;1;0;-1
0;1035;20.94;-32.3647;61.0327;8.5;2572.44;5.11093;0;0;0.1;0.01;0;3.83238;1;0;-1
0;1036;24.2154;-12.6671;60.3703;8.5;2572.44;5.11093;0;0;0.1;0.01;0;5.40623;1;0;-1
0;1037;20.6109;2.95386;61.7785;8.5;2572.44;5.11093;0;0;0.1;0.01;0;5.06384;1;0;-1
0;1038;23.0831;19.7977;63.7344;10.3275;4613.96;6.20978;0;0;0.1;0.01;0;7.34184;0;0;-1
0;1039;21.9277;37.8423;63.152;8.70203;2760.26;5.2324;0;0;0.1;0.01;0;5.68795;0;0;-1
0;1040;21.5789;53.1577;60.4255;8.5;2572.44;5.11093;0;0;0.1;0.01;0;5.29667;1;0;-1
0;1041;22.1335;69.1077;61.393;9.0674;3122.75;5.4521;0;0;0.1;0.01;0;3.39082;0;0;-1
0;1042;34.6722;-59.7322;63.5376;8.5;2572.44;5.11093;0;0;0.1;0.01;0;2.17379;1;0;-1
0;1043;36.1564;-39.3409;62.5748;9.23923;3303.66;5.55541;0;0;0.1;0.01;0;4.5122;0;0;-1
0;1044;38.1822;-22.8134;61.8923;8.81792;2872.02;5.30209;0;0;0.1;0.01;0;4.89383;0;0;-1
0;1045;35.7969;-5.06053;62.6069;8.95321;3006.25;5.38344;0;0;0.1;0.01;0;4.8042;0;0;-1
0;1046;38.2687;12.2904;61.3784;9.45337;3538.74;5.68417;0;0;0.1;0.01;0;5.64877;0;0;-1
0;1047;37.9522;26.2083;60.2485;8.5;2572.44;5.11093;0;0;0.1;0.01;0;6.73351;1;0;-1
0;1048;35.5225;43.3612;63.5156;9.23679;3301.05;5.55395;0;0;0.1;0.01;0;5.62947;0;0;-1
0;1049;38.6617;60.4744;63.3827;9.72555;3853.28;5.84783;0;0;0.1;0.01;0;3.94774;0;0;-1
0;1050;53.4596;-48.7342;61.7426;9.52246;3616.9;5.72572;0;0;0.1;0.01;0;3.22384;0;0;-1
0;1051;50.3666;-33.3919;60.8824;8.5;2572.44;5.11093;0;0;0.1;0.01;0;4.87526;1;0;-1
0;1052;51.024;-15.2823;62.1417;9.58171;3684.83;5.76134;0;0;0.1;0.01;0;5.69719;0;0;-1
0;1053;50.0338;0.795093;62.6974;8.5;2572.44;5.11093;0;0;0.1;0.01;0;4.12971;1;0;-1
0;1054;50.553;20.6976;60.9298;8.5;2572.44;5.11093;0;0;0.1;0.01;0;5.72327;1;0;-1
0;1055;50.8714;34.8034;61.819;9.8158;3961.56;5.9021;0;0;0.1;0.01;0;6.01848;0;0;-1
0;1056;53.6955;53.0074;62.7341;10.1404;4367.71;6.09728;0;0;0.1;0.01;0;3.14325;0;0;-1
0;1057;67.0775;-40.8562;60.8968;10.4293;4751.76;6.27099;0;0;0.1;0.01;0;2.85288;0;0;-1
0;1058;64.4524;-21.5197;62.1474;8.5;2572.44;5.11093;0;0;0.1;0.01;0;2.95611;1;0;-1
0;1059;64.439;-5.43761;61.8698;8.5;2572.44;5.11093;0;0;0.1;0.01;0;4.08049;1;0;-1
0;1060;66.7721;9.19709;60.6577;9.7064;3830.57;5.83632;0;0;0.1;0.01;0;3.28622;0;0;-1
0;1061;65.1732;25.0292;60.1652;8.80062;2855.15;5.29169;0;0;0.1;0.01;0;2.81911;0;0;-1
0;1062;-54.4227;-23.7661;75.9864;9.34551;3418.99;5.61932;0;0;0.1;0.01;0;3.60325;0;0;-1
0;1063;-56.5099;-4.70076;78.713;8.5;2572.44;5.11093;0;0;0.1;0.01;0;1.66129;1;0;-1
0;1064;-54.9435;10.6828;76.2447;9.32397;3395.4;5.60637;0;0;0.1;0.01;0;3.90527;0;0;-1
0;1065;-56.4416;29.7267;75.0156;10.447;4775.99;6.28163;0;0;0.1;0.01;0;3.23505;0;0;-1
0;1066;-40.03;-48.9609;77.0298;8.5;2572.44;5.11093;0;0;0.1;0.01;0;2.24465;1;0;-1
0;1067;-42.2527;-30.797;77.7909;8.79456;2849.25;5.28804;0;0;0.1;0.01;0;4.75102;0;0;-1
0;1068;-40.3995;-15.9273;75.099;9.98709;4172.59;6.00509;0;0;0.1;0.01;0;6.54673;0;0;-1
0;1069;-40.4544;2.86895;77.9505;9.51488;3608.27;5.72116;0;0;0.1;0.01;0;5.73074;0;0;-1
0;1070;-41.6338;17.7794;74.6449;8.54694;2615.29;5.13915;0;0;0.1;0.01;0;5.55082;0;0;-1
0;1071;-39.3204;33.6829;76.4728;9.87209;4030.1;5.93594;0;0;0.1;0.01;0;4.14385;0;0;-1
0;1072;-24.3929;-55.165;76.9432;9.73996;3870.44;5.8565;0;0;0.1;0.01;0;3.46615;0;0;-1
0;1073;-26.2713;-40.8463;74.9496;9.02504;3079.19;5.42663;0;0;0.1;0.01;0;5.50505;0;0;-1
0;1074;-27.4678;-23.1548;76.5328;10.0637;4269.35;6.05116;0;0;0.1;0.01;0;7.01277;0;0;-1
0;1075;-27.2487;-4.52054;77.8982;9.34698;3420.6;5.6202;0;0;0.1;0.01;0;6.54913;0;0;-1
0;1076;-24.9843;12.2905;77.0423;9.04555;3100.23;5.43896;0;0;0.1;0.01;0;5.77433;0;0;-1
0;1077;-25.7912;26.5308;77.3031;9.31413;3384.66;5.60045;0;0;0.1;0.01;0;5.89695;0;0;-1
0;1078;-25.3413;43.7263;77.7636;9.28589;3353.97;5.58347;0;0;0.1;0.01;0;3.80779;0;0;-1
0;1079;-10.0686;-47.812;76.3992;8.80812;2862.45;5.29619;0;0;0.1;0.01;0;4.9241;0;0;-1
0;1080;-12.4528;-31.1449;76.4175;10.2266;4480.05;6.14911;0;0;0.1;0.01;0;7.47817;0;0;-1
0;1081;-12.8058;-16.1696;74.6133;9.40462;3484.27;5.65486;0;0;0.1;0.01;0;7.35041;0;0;-1
0;1082;-13.5658;0.327519;78.5025;10.2202;4471.64;6.14526;0;0;0.1;0.01;0;6.59418;0;0;-1
0;1083;-11.4822;20.5758;78.3252;8.95194;3004.97;5.38267;0;0;0.1;0.01;0;5.80981;0;0;-1
0;1084;-10.8863;36.5083;76.7783;10.0821;4292.81;6.06222;0;0;0.1;0.01;0;7.27515;0;0;-1
0;1085;-11.9897;51.597;76.3122;9.93362;4105.93;5.97294;0;0;0.1;0.01;0;4.78289;0;0;-1
0;1086;3.54197;-58.8481;76.6049;10.3992;4710.73;6.25289;0;0;0.1;0.01;0;3.37129;0;0;-1
0;1087;1.37935;-42.2278;78.48;8.5;2572.44;5.11093;0;0;0.1;0.01;0;4.97724;1;0;-1
0;1088;4.76908;-23.2457;76.3322;10.0445;4244.96;6.03961;0;0;0.1;0.01;0;6.80677;0;0;-1
0;1089;1.29845;-7.59555;78.2483;9.92445;4094.57;5.96743;0;0;0.1;0.01;0;6.26876;0;0;-1
0;1090;3.27451;11.4185;77.6377;8.90179;2954.75;5.35252;0;0;0.1;0.01;0;4.54113;0;0;-1
0;1091;1.50439;27.3642;77.7777;9.65841;3774.03;5.80746;0;0;0.1;0.01;0;7.23794;0;0;-1
0;1092;2.54227;42.4969;76.4668;10.3015;4579.2;6.19414;0;0;0.1;0.01;0;6.33609;0;0;-1
0;1093;4.04435;61.373;76.5718;9.70352;3827.16;5.83459;0;0;0.1;0.01;0;3.29072;0;0;-1
0;1094;16.4727;-49.5995;74.9935;8.82222;2876.22;5.30467;0;0;0.1;0.01;0;3.51506;0;0;-1
0;1095;17.4672;-30.7387;77.844;9.94785;4123.6;5.9815;0;0;0.1;0.01;0;6.04414;0;0;-1
0;1096;18.4968;-13.1225;74.6081;9.11763;3174.93;5.4823;0;0;0.1;0.01;0;6.14151;0;0;-1
0;1097;16.7218;3.33756;76.3065;8.78297;2838;5.28107;0;0;0.1;0.01;0;5.25153;0;0;-1
0;1098;18.4096;20.1252;76.7587;8.5;2572.44;5.11093;0;0;0.1;0.01;0;5.81058;1;0;-1
0;1099;18.6049;33.9799;76.0112;10.0972;4312.13;6.0713;0;0;0.1;0.01;0;7.30632;0;0;-1
0;1100;18.5664;54.4262;76.1435;9.59276;3697.6;5.76799;0;0;0.1;0.01;0;3.60239;0;0;-1
0;1101;32.5512;-40.2;76.4256;10.1849;4425.47;6.12403;0;0;0.1;0.01;0;3.81391;0;0;-1
0;1102;31.2486;-22.9448;78.5559;10.1291;4353.13;6.09048;0;0;0.1;0.01;0;5.58338;0;0;-1
0;1103;31.1785;-5.98524;77.3443;8.5572;2624.72;5.14532;0;0;0.1;0.01;0;5.1999;0;0;-1
0;1104;32.3739;11.7432;76.1693;9.07028;3125.72;5.45383;0;0;0.1;0.01;0;4.46223;0;0;-1
0;1105;34.5159;28.4079;76.6471;10.3011;4578.67;6.1939;0;0;0.1;0.01;0;5.87552;0;0;-1
0;1106;30.9541;46.4967;78.1602;10.3268;4613.03;6.20935;0;0;0.1;0.01;0;4.16873;0;0;-1
0;1107;49.086;-30.3966;78.6666;9.26179;3327.92;5.56898;0;0;0.1;0.01;0;1.69051;0;0;-1
0;1108;45.4479;-13.8848;75.3067;8.5304;2600.14;5.12921;0;0;0.1;0.01;0;4.7612;0;0;-1
0;1109;47.4467;0.401263;77.975;8.55106;2619.08;5.14163;0;0;0.1;0.01;0;3.45203;0;0;-1
0;1110;48.3214;20.0387;74.9159;9.58572;3689.46;5.76375;0;0;0.1;0.01;0;3.87142;0;0;-1
0;1111;49.0106;36.2386;77.4611;8.5;2572.44;5.11093;0;0;0.1;0.01;0;2.34177;1;0;-1
0;1112;60.4392;-6.10494;78.448;8.5;2572.44;5.11093;0;0;0.1;0.01;0;1.59393;1;0;-1
0;1113;-36.271;-15.7285;89.6395;9.8315;3980.59;5.91154;0;0;0.1;0.01;0;4.24649;0;0;-1
0;1114;-36.4162;1.56523;91.2427;8.5;2572.44;5.11093;0;0;0.1;0.01;0;3.92156;1;0;-1
0;1115;-38.4467;16.9515;89.8877;10.0141;4206.53;6.02133;0;0;0.1;0.01;0;3.76947;0;0;-1
0;1116;-21.1012;-24.4706;90.0465;10.4526;4783.67;6.285;0;0;0.1;0.01;0;4.94946;0;0;-1
0;1117;-23.4151;-6.36016;93.0776;10.0382;4236.98;6.03582;0;0;0.1;0.01;0;4.54022;0;0;-1
0;1118;-22.7378;11.6903;89.7665;8.5;2572.44;5.11093;0;0;0.1;0.01;0;4.56377;1;0;-1
0;1119;-21.6272;27.6339;93.375;10.1704;4406.59;6.11531;0;0;0.1;0.01;0;3.6391;0;0;-1
0;1120;-7.47751;-31.4714;90.7921;9.99572;4183.41;6.01028;0;0;0.1;0.01;0;4.746;0;0;-1
0;1121;-8.53826;-14.0105;89.4464;9.49792;3589.01;5.71096;0;0;0.1;0.01;0;6.4321;0;0;-1
0;1122;-6.51426;1.18196;92.6588;9.92513;4095.41;5.96784;0;0;0.1;0.01;0;5.31392;0;0;-1
0;1123;-5.80951;19.1302;93.3204;10.3778;4681.71;6.24002;0;0;0.1;0.01;0;5.37813;0;0;-1
0;1124;-7.6124;35.0419;92.3607;8.5;2572.44;5.11093;0;0;0.1;0.01;0;3.7086;1;0;-1
0;1125;5.41834;-38.5708;92.1443;8.64182;2703.36;5.1962;0;0;0.1;0.01;0;2.77276;0;0;-1
0;1126;6.63527;-23.3695;92.122;9.97299;4154.94;5.99661;0;0;0.1;0.01;0;4.85858;0;0;-1
0;1127;7.32547;-5.04282;91.6069;9.76217;3896.98;5.86985;0;0;0.1;0.01;0;4.37025;0;0;-1
0;1128;6.66398;10.8061;91.2148;9.29955;3368.79;5.59168;0;0;0.1;0.01;0;4.12219;0;0;-1
0;1129;6.09571;28.7486;90.058;9.47028;3557.76;5.69434;0;0;0.1;0.01;0;5.33221;0;0;-1
0;1130;23.7563;-31.9734;89.859;8.5;2572.44;5.11093;0;0;0.1;0.01;0;2.94951;1;0;-1
0;1131;20.7072;-13.4768;89.3584;8.96289;3016.01;5.38926;0;0;0.1;0.01;0;4.82166;0;0;-1
0;1132;22.7955;0.115719;90.1666;8.56343;2630.46;5.14907;0;0;0.1;0.01;0;3.46834;0;0;-1
0;1133;20.0109;20.8198;90.9619;8.88242;2935.5;5.34087;0;0;0.1;0.01;0;3.25229;0;0;-1
0;1134;20.8914;36.7156;90.3479;8.61361;2676.97;5.17924;0;0;0.1;0.01;0;2.71768;0;0;-1
0;1135;37.3233;-7.80647;89.7327;9.767;3902.76;5.87276;0;0;0.1;0.01;0;3.63552;0;0;-1
0;1136;35.4244;9.72828;91.1694;8.5238;2594.11;5.12524;0;0;0.1;0.01;0;1.96274;0;0;-1
