Time;ID;x;y;z;radius;volume_total;radius_nuclear;contact_ECM;freezer;polarized_fraction;motility;cell_line;Cell_cell;phase;Cycle;NFkB
0;0;-51.3206;-4.6091;-83.4209;8.5;2572.44;5.11093;0;0;0.1;0.01;0;2.64496;1;0;-1
0;1;-37.4339;-33.346;-84.6856;9.8791;4038.69;5.94016;0;0;0.1;0.01;0;2.67481;0;0;-1
0;2;-37.6585;-13.8267;-86.4883;8.5;2572.44;5.11093;0;0;0.1;0.01;0;2.64987;1;0;-1
0;3;-38.5108;0.470798;-85.595;8.93259;2985.53;5.37104;0;0;0.1;0.01;0;2.49514;0;0;-1
0;4;-35.4892;20.6082;-84.3386;10.0373;4235.84;6.03528;0;0;0.1;0.01;0;3.0537;0;0;-1
0;5;-21.801;-40.6292;-87.2599;9.31441;3384.97;5.60062;0;0;0.1;0.01;0;2.80734;0;0;-1
0;6;-20.5452;-22.3985;-85.9334;8.72424;2781.45;5.24576;0;0;0.1;0.01;0;4.23984;0;0;-1
0;7;-21.0335;-8.41761;-84.509;8.68751;2746.47;5.22367;0;0;0.1;0.01;0;4.10757;0;0;-1
0;8;-20.307;10.7183;-85.9731;8.9461;2999.09;5.37916;0;0;0.1;0.01;0;3.39434;0;0;-1
0;9;-22.2964;28.7616;-84.0014;9.1147;3171.87;5.48054;0;0;0.1;0.01;0;3.81375;0;0;-1
0;10;-8.84345;-49.3356;-83.4164;10.3831;4688.89;6.24321;0;0;0.1;0.01;0;3.60992;0;0;-1
0;11;-7.09478;-30.7543;-87.1634;9.25676;3322.5;5.56596;0;0;0.1;0.01;0;4.7526;0;0;-1
0;12;-6.80636;-16.6178;-86.2498;8.92614;2979.06;5.36716;0;0;0.1;0.01;0;5.07756;0;0;-1
0;13;-6.59473;0.140642;-85.5162;10.1914;4433.94;6.12794;0;0;0.1;0.01;0;5.01921;0;0;-1
0;14;-7.5661;20.0329;-83.7607;10.1998;4444.92;6.13299;0;0;0.1;0.01;0;5.0058;0;0;-1
0;15;-7.67584;38.293;-83.9357;9.71243;3837.71;5.83994;0;0;0.1;0.01;0;3.32074;0;0;-1
0;16;7.44381;-40.8695;-85.9504;10.0896;4302.4;6.06673;0;0;0.1;0.01;0;4.84842;0;0;-1
0;17;6.40259;-24.2338;-83.4876;10.0954;4309.82;6.07022;0;0;0.1;0.01;0;6.03723;0;0;-1
0;18;8.72752;-6.02014;-85.8392;8.76963;2825.09;5.27305;0;0;0.1;0.01;0;3.89371;0;0;-1
0;19;6.47781;10.9344;-86.7584;8.73724;2793.9;5.25358;0;0;0.1;0.01;0;2.66755;0;0;-1
0;20;7.75539;27.7521;-87.3894;8.84193;2895.54;5.31652;0;0;0.1;0.01;0;3.18456;0;0;-1
0;21;8.87691;45.3848;-83.5798;10.2972;4573.47;6.19156;0;0;0.1;0.01;0;3.80129;0;0;-1
0;22;20.245;-49.1545;-84.499;9.44966;3534.57;5.68194;0;0;0.1;0.01;0;3.23468;0;0;-1
0;23;23.3353;-34.0344;-86.6609;10.0918;4305.21;6.06805;0;0;0.1;0.01;0;5.12504;0;0;-1
0;24;20.6095;-15.729;-84.9722;8.5;2572.44;5.11093;0;0;0.1;0.01;0;3.28132;1;0;-1
0;25;22.4749;3.45197;-86.8685;8.58914;2654.22;5.16453;0;0;0.1;0.01;0;3.59056;0;0;-1
0;26;23.6317;20.3914;-84.4858;8.88816;2941.2;5.34432;0;0;0.1;0.01;0;4.47675;0;0;-1
0;27;23.5499;37.7437;-84.8628;9.8457;3997.87;5.92008;0;0;0.1;0.01;0;3.6931;0;0;-1
0;28;36.3515;-40.1954;-83.648;9.99562;4183.29;6.01022;0;0;0.1;0.01;0;3.7694;0;0;-1
0;29;35.4671;-25.5452;-86.1279;8.5;2572.44;5.11093;0;0;0.1;0.01;0;3.016;1;0;-1
0;30;37.2108;-5.59651;-85.3025;10.2046;4451.19;6.13588;0;0;0.1;0.01;0;2.52873;0;0;-1
0;31;36.5596;10.8575;-83.9723;10.2277;4481.49;6.14977;0;0;0.1;0.01;0;3.93787;0;0;-1
0;32;37.5884;26.9813;-83.9287;10.0868;4298.82;6.06505;0;0;0.1;0.01;0;4.35748;0;0;-1
0;33;-70.5273;-14.7663;-69.3772;9.3986;3477.59;5.65124;0;0;0.1;0.01;0;2.2808;0;0;-1
0;34;-57.8111;-39.4443;-71.3414;9.97762;4160.73;5.9994;0;0;0.1;0.01;0;3.10608;0;0;-1
0;35;-56.6675;-25.19;-72.4953;9.30194;3371.39;5.59312;0;0;0.1;0.01;0;3.99654;0;0;-1
0;36;-54.7655;-8.90026;-70.8568;8.5;2572.44;5.11093;0;0;0.1;0.01;0;4.50349;1;0;-1
0;37;-56.294;9.85784;-69.7944;10.3383;4628.45;6.21627;0;0;0.1;0.01;0;3.50645;0;0;-1
0;38;-57.7886;28.4761;-71.506;8.5;2572.44;5.11093;0;0;0.1;0.01;0;2.15729;1;0;-1
0;39;-54.6562;46.9029;-68.5786;9.52835;3623.61;5.72926;0;0;0.1;0.01;0;3.23999;0;0;-1
0;40;-41.5487;-51.3134;-72.6779;9.08313;3139.03;5.46155;0;0;0.1;0.01;0;2.11119;0;0;-1
0;41;-41.395;-30.4541;-70.9861;9.44447;3528.75;5.67882;0;0;0.1;0.01;0;5.73686;0;0;-1
0;42;-42.2337;-16.6248;-69.6669;10.4347;4759.14;6.27423;0;0;0.1;0.01;0;6.85549;0;0;-1
0;43;-39.4119;1.73284;-69.0909;8.5;2572.44;5.11093;0;0;0.1;0.01;0;4.22094;1;0;-1
0;44;-42.3773;16.7533;-69.0676;8.5;2572.44;5.11093;0;0;0.1;0.01;0;4.68228;1;0;-1
0;45;-42.4255;34.2497;-69.861;9.48534;3574.76;5.7034;0;0;0.1;0.01;0;5.21205;0;0;-1
0;46;-41.2116;53.4648;-69.4158;8.5;2572.44;5.11093;0;0;0.1;0.01;0;3.80334;1;0;-1
0;47;-26.5814;-57.192;-70.359;8.69547;2754.02;5.22846;0;0;0.1;0.01;0;4.02498;0;0;-1
0;48;-28.56;-42.5918;-68.4917;10.4235;4743.83;6.2675;0;0;0.1;0.01;0;6.38788;0;0;-1
0;49;-26.2482;-24.7413;-70.6792;8.78999;2844.81;5.28529;0;0;0.1;0.01;0;5.81322;0;0;-1
0;50;-24.7258;-8.81337;-71.8645;8.5;2572.44;5.11093;0;0;0.1;0.01;0;4.47473;1;0;-1
0;51;-26.8793;11.1079;-69.6506;9.33999;3412.93;5.616;0;0;0.1;0.01;0;5.35119;0;0;-1
0;52;-26.0039;26.9276;-69.2388;10.0291;4225.46;6.03035;0;0;0.1;0.01;0;6.56965;0;0;-1
0;53;-27.6134;43.7359;-70.6709;9.33376;3406.11;5.61225;0;0;0.1;0.01;0;4.60045;0;0;-1
0;54;-27.1656;62.1962;-69.8034;9.79464;3935.99;5.88937;0;0;0.1;0.01;0;3.74059;0;0;-1
0;55;-13.569;-63.8497;-69.0169;9.87774;4037.02;5.93934;0;0;0.1;0.01;0;4.04095;0;0;-1
0;56;-13.8211;-48.1336;-68.3385;8.5;2572.44;5.11093;0;0;0.1;0.01;0;5.72205;1;0;-1
0;57;-11.3464;-31.1866;-72.6128;8.91585;2968.77;5.36097;0;0;0.1;0.01;0;5.09909;0;0;-1
0;58;-12.699;-15.0499;-70.9703;9.29638;3365.35;5.58978;0;0;0.1;0.01;0;6.58968;0;0;-1
0;59;-9.95171;1.96501;-71.7784;9.45092;3535.99;5.6827;0;0;0.1;0.01;0;5.80886;0;0;-1
0;60;-11.6471;16.5874;-70.1465;8.82064;2874.68;5.30372;0;0;0.1;0.01;0;5.34624;0;0;-1
0;61;-11.8826;36.6297;-70.9321;9.09843;3154.92;5.47075;0;0;0.1;0.01;0;4.65165;0;0;-1
0;62;-10.7509;55.0819;-70.3608;9.75011;3882.55;5.8626;0;0;0.1;0.01;0;3.31265;0;0;-1
0;63;2.17516;-56.2458;-69.0663;9.01971;3073.73;5.42342;0;0;0.1;0.01;0;4.73784;0;0;-1
0;64;3.94231;-40.1502;-72.0471;8.76763;2823.16;5.27185;0;0;0.1;0.01;0;5.19975;0;0;-1
0;65;2.71631;-22.898;-68.501;10.2393;4496.76;6.15674;0;0;0.1;0.01;0;7.07037;0;0;-1
0;66;4.34028;-7.97618;-72.0184;9.90275;4067.77;5.95438;0;0;0.1;0.01;0;6.59474;0;0;-1
0;67;2.353;10.1691;-69.2149;8.5;2572.44;5.11093;0;0;0.1;0.01;0;4.96628;1;0;-1
0;68;4.40161;26.7923;-69.6904;8.5;2572.44;5.11093;0;0;0.1;0.01;0;4.49274;1;0;-1
0;69;4.43645;45.7961;-70.5442;9.40266;3482.1;5.65368;0;0;0.1;0.01;0;6.07229;0;0;-1
0;70;3.50734;63.7162;-70.1519;9.87208;4030.09;5.93594;0;0;0.1;0.01;0;3.45282;0;0;-1
0;71;16.3299;-66.2657;-69.8969;9.33398;3406.35;5.61239;0;0;0.1;0.01;0;2.89256;0;0;-1
0;72;15.9671;-47.1702;-70.9281;8.71329;2770.99;5.23917;0;0;0.1;0.01;0;4.7518;0;0;-1
0;73;19.2574;-30.2049;-70.8765;10.2304;4485.04;6.15139;0;0;0.1;0.01;0;6.89048;0;0;-1
0;74;16.4053;-14.0884;-69.2236;8.5;2572.44;5.11093;0;0;0.1;0.01;0;6.69846;1;0;-1
0;75;16.996;1.22046;-71.3299;9.24351;3308.26;5.55799;0;0;0.1;0.01;0;5.44172;0;0;-1
0;76;16.0019;18.2077;-69.2057;8.72477;2781.96;5.24608;0;0;0.1;0.01;0;4.98869;0;0;-1
0;77;17.3061;35.443;-70.6373;9.03495;3089.34;5.43258;0;0;0.1;0.01;0;5.48903;0;0;-1
0;78;19.4538;55.0736;-70.2816;10.194;4437.34;6.1295;0;0;0.1;0.01;0;4.06528;0;0;-1
0;79;31.0799;-57.7944;-69.4699;8.5;2572.44;5.11093;0;0;0.1;0.01;0;3.36075;1;0;-1
0;80;31.7637;-38.5271;-68.43;9.87873;4038.24;5.93994;0;0;0.1;0.01;0;6.27517;0;0;-1
0;81;32.017;-21.8289;-69.6486;8.5;2572.44;5.11093;0;0;0.1;0.01;0;4.93323;1;0;-1
0;82;33.336;-6.34125;-68.8089;9.53103;3626.67;5.73087;0;0;0.1;0.01;0;5.56986;0;0;-1
0;83;30.571;12.4414;-71.3017;9.73152;3860.39;5.85142;0;0;0.1;0.01;0;6.45151;0;0;-1
0;84;33.622;28.6008;-68.5206;10.0382;4236.98;6.03582;0;0;0.1;0.01;0;6.88696;0;0;-1
0;85;34.0103;43.7432;-71.9746;8.5;2572.44;5.11093;0;0;0.1;0.01;0;4.2346;1;0;-1
0;86;46.3643;-51.2873;-68.9106;9.61922;3728.28;5.7839;0;0;0.1;0.01;0;2.75934;0;0;-1
0;87;45.9798;-30.484;-71.9467;9.01313;3067.01;5.41946;0;0;0.1;0.01;0;4.33344;0;0;-1
0;88;47.554;-13.4199;-71.9998;9.9526;4129.51;5.98435;0;0;0.1;0.01;0;4.86592;0;0;-1
0;89;45.3312;1.65181;-69.0608;8.5;2572.44;5.11093;0;0;0.1;0.01;0;5.76266;1;0;-1
0;90;47.3084;17.1276;-68.954;10.3912;4699.87;6.24808;0;0;0.1;0.01;0;6.3832;0;0;-1
0;91;48.969;36.8814;-71.952;10.2103;4458.66;6.13931;0;0;0.1;0.01;0;3.53495;0;0;-1
0;92;46.7035;54.1094;-69.003;8.5;2572.44;5.11093;0;0;0.1;0.01;0;2.53699;1;0;-1
0;93;60.0249;-25.6662;-72.0496;10.0688;4275.84;6.05422;0;0;0.1;0.01;0;2.75101;0;0;-1
0;94;62.567;-5.60551;-71.9192;8.73835;2794.97;5.25424;0;0;0.1;0.01;0;2.3355;0;0;-1
0;95;61.3299;9.87345;-68.8412;9.81409;3959.49;5.90107;0;0;0.1;0.01;0;3.63469;0;0;-1
0;96;-80.3932;-8.31403;-55.4082;9.69228;3813.88;5.82783;0;0;0.1;0.01;0;2.96247;0;0;-1
0;97;-80.128;12.4624;-54.3366;8.7296;2786.58;5.24898;0;0;0.1;0.01;0;2.61226;0;0;-1
0;98;-65.7603;-48.422;-54.2716;10.1245;4347.2;6.08771;0;0;0.1;0.01;0;4.68074;0;0;-1
0;99;-67.704;-33.8771;-55.408;8.95215;3005.18;5.3828;0;0;0.1;0.01;0;3.30516;0;0;-1
0;100;-65.5552;-12.6497;-56.3799;8.50736;2579.13;5.11535;0;0;0.1;0.01;0;4.00003;0;0;-1
0;101;-64.5996;1.73679;-53.9661;9.72048;3847.26;5.84478;0;0;0.1;0.01;0;5.33453;0;0;-1
0;102;-68.0133;19.6454;-57.7793;8.68328;2742.46;5.22113;0;0;0.1;0.01;0;3.53597;0;0;-1
0;103;-66.4419;35.4366;-55.5484;8.5;2572.44;5.11093;0;0;0.1;0.01;0;3.49303;1;0;-1
0;104;-52.2496;-59.3445;-54.8703;9.7421;3872.99;5.85778;0;0;0.1;0.01;0;4.06045;0;0;-1
0;105;-52.9146;-42.37;-57.5539;8.54632;2614.73;5.13878;0;0;0.1;0.01;0;4.59305;0;0;-1
0;106;-51.3188;-24.6969;-57.8061;8.5;2572.44;5.11093;0;0;0.1;0.01;0;4.56918;1;0;-1
0;107;-49.8607;-4.79501;-57.1183;9.83619;3986.29;5.91436;0;0;0.1;0.01;0;6.42151;0;0;-1
0;108;-51.7472;12.0411;-54.3865;9.7551;3888.52;5.8656;0;0;0.1;0.01;0;7.06069;0;0;-1
0;109;-51.0342;27.8543;-57.8086;10.3779;4681.85;6.24008;0;0;0.1;0.01;0;6.9277;0;0;-1
0;110;-52.1438;44.8066;-54.0094;9.75705;3890.85;5.86677;0;0;0.1;0.01;0;6.19754;0;0;-1
0;111;-50.5768;59.7305;-54.4344;10.0947;4308.92;6.0698;0;0;0.1;0.01;0;5.15127;0;0;-1
0;112;-38.6619;-66.5831;-56.3481;9.78686;3926.62;5.8847;0;0;0.1;0.01;0;4.10023;0;0;-1
0;113;-38.3706;-51.0435;-54.5694;9.22818;3291.83;5.54877;0;0;0.1;0.01;0;5.19206;0;0;-1
0;114;-36.5536;-31.2283;-56.2487;9.62245;3732.03;5.78584;0;0;0.1;0.01;0;6.18169;0;0;-1
0;115;-36.5243;-14.8556;-55.7961;10.2702;4537.59;6.17532;0;0;0.1;0.01;0;6.81735;0;0;-1
0;116;-37.7516;2.43875;-54.3703;8.98033;3033.65;5.39974;0;0;0.1;0.01;0;5.52365;0;0;-1
0;117;-36.0777;20.996;-57.0222;10.2728;4541.04;6.17689;0;0;0.1;0.01;0;7.54004;0;0;-1
0;118;-35.2054;36.6503;-55.0656;8.75833;2814.18;5.26626;0;0;0.1;0.01;0;6.6537;0;0;-1
0;119;-36.9979;51.2814;-56.5098;10.0445;4244.96;6.03961;0;0;0.1;0.01;0;6.94497;0;0;-1
0;120;-35.9313;70.3139;-57.9327;10.4064;4720.52;6.25722;0;0;0.1;0.01;0;4.27172;0;0;-1
0;121;-23.929;-76.0232;-57.3259;9.56038;3660.28;5.74852;0;0;0.1;0.01;0;3.14504;0;0;-1
0;122;-21.831;-56.2144;-56.4086;9.42137;3502.92;5.66493;0;0;0.1;0.01;0;6.51091;0;0;-1
0;123;-21.0911;-40.4634;-54.8473;10.0066;4197.09;6.01682;0;0;0.1;0.01;0;6.98246;0;0;-1
0;124;-23.621;-22.538;-56.7419;9.91108;4078.04;5.95939;0;0;0.1;0.01;0;6.87651;0;0;-1
0;125;-21.5826;-7.15035;-56.3372;8.98657;3039.98;5.40349;0;0;0.1;0.01;0;5.63173;0;0;-1
0;126;-22.4086;8.99996;-55.9842;9.44496;3529.3;5.67912;0;0;0.1;0.01;0;4.80209;0;0;-1
0;127;-21.4003;25.5976;-55.5889;8.61865;2681.68;5.18227;0;0;0.1;0.01;0;5.26663;0;0;-1
0;128;-21.783;42.3075;-56.7003;8.5;2572.44;5.11093;0;0;0.1;0.01;0;5.1218;1;0;-1
0;129;-22.114;63.2071;-54.4655;10.3642;4663.33;6.23184;0;0;0.1;0.01;0;7.13518;0;0;-1
0;130;-22.0232;77.9769;-57.0137;9.14647;3205.16;5.49964;0;0;0.1;0.01;0;3.52588;0;0;-1
0;131;-9.2857;-80.7846;-56.0033;8.5;2572.44;5.11093;0;0;0.1;0.01;0;2.47243;1;0;-1
0;132;-5.76828;-65.6685;-55.7501;9.0412;3095.76;5.43634;0;0;0.1;0.01;0;4.7467;0;0;-1
0;133;-6.23435;-47.1135;-55.1209;9.62786;3738.33;5.78909;0;0;0.1;0.01;0;5.88226;0;0;-1
0;134;-8.77166;-29.9187;-54.6171;9.80216;3945.06;5.8939;0;0;0.1;0.01;0;5.57587;0;0;-1
0;135;-8.95039;-14.1401;-55.424;8.61231;2675.76;5.17846;0;0;0.1;0.01;0;5.84101;0;0;-1
0;136;-7.06508;0.369432;-56.72;8.5;2572.44;5.11093;0;0;0.1;0.01;0;5.3392;1;0;-1
0;137;-5.92287;20.9934;-55.1498;10.3787;4682.93;6.24056;0;0;0.1;0.01;0;6.3332;0;0;-1
0;138;-8.23799;36.9536;-55.4953;10.3709;4672.38;6.23587;0;0;0.1;0.01;0;6.41099;0;0;-1
0;139;-5.8326;54.9391;-55.1073;10.4463;4775.03;6.28121;0;0;0.1;0.01;0;6.18353;0;0;-1
0;140;-8.71684;70.3272;-55.1294;8.9171;2970.02;5.36172;0;0;0.1;0.01;0;3.30376;0;0;-1
0;141;8.98378;-74.3211;-56.8999;8.95921;3012.3;5.38704;0;0;0.1;0.01;0;3.46824;0;0;-1
0;142;6.86345;-58.0813;-56.2083;9.9375;4110.74;5.97527;0;0;0.1;0.01;0;6.12587;0;0;-1
0;143;7.34366;-41.7025;-54.9266;8.5;2572.44;5.11093;0;0;0.1;0.01;0;4.38021;1;0;-1
0;144;9.39953;-22.7157;-56.6012;9.348;3421.72;5.62082;0;0;0.1;0.01;0;6.4957;0;0;-1
0;145;6.03281;-8.0193;-56.86;9.37777;3454.52;5.63872;0;0;0.1;0.01;0;6.47375;0;0;-1
0;146;5.61218;9.72145;-55.2425;8.95394;3006.98;5.38387;0;0;0.1;0.01;0;4.28007;0;0;-1
0;147;8.44423;27.7501;-53.9524;10.1128;4332.14;6.08068;0;0;0.1;0.01;0;6.67608;0;0;-1
0;148;8.53535;44.976;-55.9783;10.2821;4553.38;6.18248;0;0;0.1;0.01;0;7.63898;0;0;-1
0;149;8.84109;59.8449;-57.7108;8.76315;2818.83;5.26915;0;0;0.1;0.01;0;5.80999;0;0;-1
0;150;8.56749;79.842;-54.3408;9.33081;3402.88;5.61048;0;0;0.1;0.01;0;2.80813;0;0;-1
0;151;22.2791;-64.2597;-56.6599;9.79249;3933.4;5.88808;0;0;0.1;0.01;0;4.96818;0;0;-1
0;152;24.1803;-49.9875;-53.7154;8.97699;3030.27;5.39773;0;0;0.1;0.01;0;5.40101;0;0;-1
0;153;20.2903;-32.6148;-55.2879;9.10775;3164.62;5.47636;0;0;0.1;0.01;0;5.15353;0;0;-1
0;154;20.5215;-12.7122;-57.3695;9.31056;3380.77;5.5983;0;0;0.1;0.01;0;6.01007;0;0;-1
0;155;23.6264;1.42042;-56.4431;9.29185;3360.43;5.58705;0;0;0.1;0.01;0;5.67962;0;0;-1
0;156;23.7517;20.6597;-55.7403;10.1452;4373.92;6.10016;0;0;0.1;0.01;0;6.4268;0;0;-1
0;157;22.6866;38.2428;-56.2104;10.0929;4306.62;6.06871;0;0;0.1;0.01;0;7.04014;0;0;-1
0;158;22.9284;54.3764;-53.9781;10.4336;4757.64;6.27357;0;0;0.1;0.01;0;7.09892;0;0;-1
0;159;22.0536;70.5669;-57.6881;9.08793;3144.01;5.46444;0;0;0.1;0.01;0;2.47005;0;0;-1
0;160;38.5691;-56.0246;-56.4244;9.06067;3115.8;5.44805;0;0;0.1;0.01;0;4.5551;0;0;-1
0;161;34.938;-38.3559;-54.7246;8.60039;2664.67;5.17129;0;0;0.1;0.01;0;5.32429;0;0;-1
0;162;38.5236;-25.0998;-56.4526;9.04343;3098.05;5.43768;0;0;0.1;0.01;0;5.60456;0;0;-1
0;163;37.2068;-5.69508;-54.8369;8.57831;2644.2;5.15801;0;0;0.1;0.01;0;5.96599;0;0;-1
0;164;38.4601;8.33308;-55.4088;9.23354;3297.56;5.55199;0;0;0.1;0.01;0;6.96376;0;0;-1
0;165;38.8663;25.4347;-54.6044;9.85015;4003.29;5.92275;0;0;0.1;0.01;0;6.32638;0;0;-1
0;166;36.7798;46.1474;-56.6467;9.17439;3234.6;5.51643;0;0;0.1;0.01;0;5.8557;0;0;-1
0;167;36.3669;60.7293;-54.1164;8.5;2572.44;5.11093;0;0;0.1;0.01;0;4.54165;1;0;-1
0;168;52.8854;-50.9574;-56.0596;8.97539;3028.65;5.39677;0;0;0.1;0.01;0;3.28711;0;0;-1
0;169;52.0671;-31.0922;-54.1354;9.95776;4135.93;5.98746;0;0;0.1;0.01;0;5.73048;0;0;-1
0;170;52.9071;-15.0632;-54.384;8.5;2572.44;5.11093;0;0;0.1;0.01;0;5.22867;1;0;-1
0;171;52.2487;0.0376351;-54.3905;9.99184;4178.54;6.00795;0;0;0.1;0.01;0;7.51503;0;0;-1
0;172;51.191;18.0863;-56.0426;9.0008;3054.44;5.41205;0;0;0.1;0.01;0;6.79049;0;0;-1
0;173;52.9429;34.0769;-55.7645;9.24176;3306.38;5.55694;0;0;0.1;0.01;0;5.3105;0;0;-1
0;174;52.6962;55.2587;-56.5078;10.1122;4331.37;6.08032;0;0;0.1;0.01;0;4.26889;0;0;-1
0;175;64.6164;-40.8724;-56.6752;9.03274;3087.07;5.43126;0;0;0.1;0.01;0;2.99457;0;0;-1
0;176;67.2825;-25.0825;-56.1064;9.38578;3463.38;5.64353;0;0;0.1;0.01;0;4.42039;0;0;-1
0;177;67.7712;-4.4983;-55.1322;8.5;2572.44;5.11093;0;0;0.1;0.01;0;5.13869;1;0;-1
0;178;65.8325;11.9966;-53.8076;9.54477;3642.38;5.73913;0;0;0.1;0.01;0;5.87402;0;0;-1
0;179;66.0079;26.642;-55.2772;8.5;2572.44;5.11093;0;0;0.1;0.01;0;3.89028;1;0;-1
0;180;64.7681;46.0645;-54.3196;9.81335;3958.59;5.90062;0;0;0.1;0.01;0;3.39658;0;0;-1
0;181;79.7182;-16.8495;-56.7578;10.1836;4423.77;6.12325;0;0;0.1;0.01;0;2.82647;0;0;-1
0;182;82.2222;1.12439;-54.4696;8.92226;2975.18;5.36483;0;0;0.1;0.01;0;2.82669;0;0;-1
0;183;-87.5126;-21.6638;-40.6323;9.37018;3446.14;5.63415;0;0;0.1;0.01;0;3.14558;0;0;-1
0;184;-84.1177;-8.17267;-40.1201;10.0307;4227.49;6.03131;0;0;0.1;0.01;0;5.22013;0;0;-1
0;185;-86.3106;12.3542;-39.6278;9.63572;3747.5;5.79382;0;0;0.1;0.01;0;4.44;0;0;-1
0;186;-86.657;29.3393;-39.2272;9.84885;4001.71;5.92197;0;0;0.1;0.01;0;3.00511;0;0;-1
0;187;-70.178;-48.0363;-39.6414;8.5;2572.44;5.11093;0;0;0.1;0.01;0;4.05894;1;0;-1
0;188;-72.1241;-33.945;-41.5646;10.2288;4482.94;6.15043;0;0;0.1;0.01;0;5.02716;0;0;-1
0;189;-71.5927;-14.5678;-41.6271;8.5;2572.44;5.11093;0;0;0.1;0.01;0;5.38734;1;0;-1
0;190;-72.6826;3.61394;-40.9312;10.2704;4537.86;6.17544;0;0;0.1;0.01;0;7.38622;0;0;-1
0;191;-70.5104;19.0695;-42.0673;9.73679;3866.66;5.85459;0;0;0.1;0.01;0;6.24164;0;0;-1
0;192;-69.9842;37.0785;-42.9184;9.92192;4091.44;5.96591;0;0;0.1;0.01;0;5.68406;0;0;-1
0;193;-72.6582;51.3898;-41.0998;9.59208;3696.81;5.76758;0;0;0.1;0.01;0;3.09522;0;0;-1
0;194;-56.955;-59.2036;-39.9337;10.3288;4615.71;6.21056;0;0;0.1;0.01;0;5.25013;0;0;-1
0;195;-56.7265;-39.4548;-41.8732;9.50868;3601.22;5.71743;0;0;0.1;0.01;0;6.6429;0;0;-1
0;196;-54.1673;-24.6419;-40.9074;9.31218;3382.54;5.59928;0;0;0.1;0.01;0;5.42244;0;0;-1
0;197;-57.4643;-7.3312;-42.016;10.0834;4294.47;6.063;0;0;0.1;0.01;0;6.99167;0;0;-1
0;198;-55.0641;9.53878;-39.8526;10.2811;4552.05;6.18188;0;0;0.1;0.01;0;6.71464;0;0;-1
0;199;-55.5422;25.8714;-41.5487;9.89022;4052.35;5.94685;0;0;0.1;0.01;0;6.11462;0;0;-1
0;200;-56.9715;42.6504;-40.108;9.6706;3788.34;5.81479;0;0;0.1;0.01;0;6.5271;0;0;-1
0;201;-54.2543;60.4477;-39.5923;9.62047;3729.73;5.78465;0;0;0.1;0.01;0;5.24174;0;0;-1
0;202;-40.517;-80.6287;-40.9845;8.5;2572.44;5.11093;0;0;0.1;0.01;0;2.97049;1;0;-1
0;203;-41.6811;-65.8995;-39.2294;9.46189;3548.32;5.6893;0;0;0.1;0.01;0;6.38215;0;0;-1
0;204;-43.0568;-47.5181;-41.72;8.5;2572.44;5.11093;0;0;0.1;0.01;0;4.90212;1;0;-1
0;205;-42.5711;-31.6915;-42.2066;8.64528;2706.61;5.19828;0;0;0.1;0.01;0;5.09492;0;0;-1
0;206;-40.2486;-13.4571;-40.653;9.60474;3711.47;5.77519;0;0;0.1;0.01;0;6.10406;0;0;-1
0;207;-42.0125;1.94923;-39.9929;9.25091;3316.21;5.56244;0;0;0.1;0.01;0;6.47474;0;0;-1
0;208;-41.7827;19.6615;-42.4138;8.59492;2659.59;5.168;0;0;0.1;0.01;0;5.91253;0;0;-1
0;209;-41.449;34.4596;-41.4057;8.78789;2842.77;5.28403;0;0;0.1;0.01;0;5.64181;0;0;-1
0;210;-40.2691;53.6155;-41.2227;9.53739;3633.94;5.73469;0;0;0.1;0.01;0;7.07208;0;0;-1
0;211;-40.8066;68.4783;-42.1344;10.3601;4657.8;6.22938;0;0;0.1;0.01;0;6.08075;0;0;-1
0;212;-27.6616;-72.9668;-42.8742;9.39388;3472.35;5.6484;0;0;0.1;0.01;0;6.10826;0;0;-1
0;213;-28.1455;-57.7304;-40.4603;10.4418;4768.86;6.2785;0;0;0.1;0.01;0;7.09362;0;0;-1
0;214;-25.2996;-38.5087;-42.369;9.23225;3296.18;5.55122;0;0;0.1;0.01;0;5.32787;0;0;-1
0;215;-25.0093;-22.3782;-39.8163;9.9908;4177.24;6.00732;0;0;0.1;0.01;0;6.38882;0;0;-1
0;216;-24.7486;-5.17827;-40.6548;8.87426;2927.42;5.33596;0;0;0.1;0.01;0;5.61382;0;0;-1
0;217;-25.4488;9.75825;-41.0462;8.5;2572.44;5.11093;0;0;0.1;0.01;0;4.04067;1;0;-1
0;218;-28.1745;27.0142;-42.0162;9.3773;3454;5.63843;0;0;0.1;0.01;0;5.48956;0;0;-1
0;219;-27.2167;44.1207;-42.0989;9.59228;3697.04;5.7677;0;0;0.1;0.01;0;6.10573;0;0;-1
0;220;-27.5567;60.5365;-40.7626;9.41372;3494.4;5.66033;0;0;0.1;0.01;0;7.06615;0;0;-1
0;221;-25.0125;77.1743;-42.0767;9.57316;3674.98;5.7562;0;0;0.1;0.01;0;5.245;0;0;-1
0;222;-12.9876;-83.1432;-42.1683;8.61093;2674.48;5.17763;0;0;0.1;0.01;0;4.03731;0;0;-1
0;223;-12.9527;-67.6064;-39.7412;10.0617;4266.8;6.04995;0;0;0.1;0.01;0;6.69628;0;0;-1
0;224;-12.3965;-49.3791;-41.8351;9.18212;3242.78;5.52108;0;0;0.1;0.01;0;5.31925;0;0;-1
0;225;-9.78798;-33.3292;-39.8342;9.50911;3601.71;5.71769;0;0;0.1;0.01;0;6.11744;0;0;-1
0;226;-13.0692;-15.5146;-40.761;8.69144;2750.2;5.22604;0;0;0.1;0.01;0;6.37344;0;0;-1
0;227;-11.0629;0.255675;-41.4535;8.66025;2720.7;5.20728;0;0;0.1;0.01;0;5.45453;0;0;-1
0;228;-12.5378;20.0322;-39.3416;9.95302;4130.03;5.98461;0;0;0.1;0.01;0;6.1595;0;0;-1
0;229;-9.95969;34.3129;-39.7627;8.5;2572.44;5.11093;0;0;0.1;0.01;0;6.08699;1;0;-1
0;230;-11.5622;52.964;-39.3577;10.1789;4417.65;6.12042;0;0;0.1;0.01;0;6.47164;0;0;-1
0;231;-11.0965;70.7602;-40.0395;9.43087;3513.53;5.67065;0;0;0.1;0.01;0;5.57685;0;0;-1
0;232;-9.79005;87.1037;-39.9583;8.5;2572.44;5.11093;0;0;0.1;0.01;0;2.38889;1;0;-1
0;233;2.81921;-89.5396;-42.053;9.11671;3173.97;5.48175;0;0;0.1;0.01;0;2.88302;0;0;-1
0;234;4.68152;-74.9288;-41.164;8.55271;2620.59;5.14262;0;0;0.1;0.01;0;5.17739;0;0;-1
0;235;2.01078;-59.7583;-39.3798;9.47364;3561.55;5.69636;0;0;0.1;0.01;0;5.41909;0;0;-1
0;236;3.62743;-40.7679;-39.8039;8.5;2572.44;5.11093;0;0;0.1;0.01;0;4.84996;1;0;-1
0;237;4.67443;-25.2817;-39.5169;9.5216;3615.92;5.7252;0;0;0.1;0.01;0;6.13729;0;0;-1
0;238;1.23481;-8.07988;-42.428;10.2613;4525.8;6.16997;0;0;0.1;0.01;0;6.26759;0;0;-1
0;239;3.21518;10.4478;-41.0081;8.61838;2681.42;5.18211;0;0;0.1;0.01;0;4.3698;0;0;-1
0;240;4.07643;27.1876;-39.4768;8.90471;2957.66;5.35427;0;0;0.1;0.01;0;6.72663;0;0;-1
0;241;1.22559;43.0315;-40.2735;10.0973;4312.25;6.07136;0;0;0.1;0.01;0;7.97704;0;0;-1
0;242;1.52064;60.6226;-40.9702;8.5;2572.44;5.11093;0;0;0.1;0.01;0;5.36438;1;0;-1
0;243;3.9571;76.3826;-41.0706;9.14274;3201.24;5.4974;0;0;0.1;0.01;0;5.26641;0;0;-1
0;244;17.6717;-82.3259;-42.0961;8.5;2572.44;5.11093;0;0;0.1;0.01;0;3.29317;1;0;-1
0;245;18.2157;-65.4517;-39.2858;10.2625;4527.39;6.17069;0;0;0.1;0.01;0;5.88476;0;0;-1
0;246;17.9208;-46.4611;-40.8065;8.89095;2943.97;5.346;0;0;0.1;0.01;0;5.26761;0;0;-1
0;247;17.8368;-31.7625;-41.1596;8.5;2572.44;5.11093;0;0;0.1;0.01;0;5.83769;1;0;-1
0;248;19.0975;-15.4955;-41.7712;9.48375;3572.97;5.70244;0;0;0.1;0.01;0;5.92361;0;0;-1
0;249;19.7494;1.93872;-42.1577;9.10927;3166.21;5.47727;0;0;0.1;0.01;0;4.69234;0;0;-1
0;250;17.6628;17.7307;-40.5162;9.27102;3337.88;5.57453;0;0;0.1;0.01;0;5.59855;0;0;-1
0;251;19.0283;36.7158;-42.843;9.9124;4079.67;5.96018;0;0;0.1;0.01;0;7.6333;0;0;-1
0;252;16.7937;52.0135;-39.6934;10.0976;4312.64;6.07154;0;0;0.1;0.01;0;7.44176;0;0;-1
0;253;18.7608;68.4685;-41.1971;10.3155;4597.9;6.20256;0;0;0.1;0.01;0;5.94214;0;0;-1
0;254;16.4114;87.4209;-41.1278;10.0767;4285.92;6.05897;0;0;0.1;0.01;0;3.14569;0;0;-1
0;255;32.9533;-75.6277;-42.5057;8.64912;2710.22;5.20059;0;0;0.1;0.01;0;2.25185;0;0;-1
0;256;30.5626;-56.4921;-40.522;9.0958;3152.18;5.46917;0;0;0.1;0.01;0;6.28;0;0;-1
0;257;33.7146;-41.1789;-40.4689;10.005;4195.08;6.01586;0;0;0.1;0.01;0;7.65322;0;0;-1
0;258;32.7752;-25.2894;-41.5693;10.1242;4346.81;6.08753;0;0;0.1;0.01;0;7.40515;0;0;-1
0;259;33.7366;-8.05161;-42.0295;8.5;2572.44;5.11093;0;0;0.1;0.01;0;4.72466;1;0;-1
0;260;33.8451;10.0416;-42.2922;8.5;2572.44;5.11093;0;0;0.1;0.01;0;5.10428;1;0;-1
0;261;33.8476;29.5181;-39.8778;8.93213;2985.06;5.37076;0;0;0.1;0.01;0;6.03417;0;0;-1
0;262;32.9441;46.1537;-39.4209;10.038;4236.72;6.0357;0;0;0.1;0.01;0;7.7677;0;0;-1
0;263;33.9202;60.085;-39.7035;9.38769;3465.49;5.64468;0;0;0.1;0.01;0;6.20744;0;0;-1
0;264;33.5508;79.8393;-40.4323;8.95437;3007.42;5.38413;0;0;0.1;0.01;0;2.74424;0;0;-1
0;265;47.8273;-65.2749;-41.6099;8.94443;2997.41;5.37816;0;0;0.1;0.01;0;2.46576;0;0;-1
0;266;47.1415;-47.7051;-39.9503;9.52788;3623.08;5.72898;0;0;0.1;0.01;0;5.80352;0;0;-1
0;267;47.7656;-30.2388;-39.22;10.3176;4600.71;6.20382;0;0;0.1;0.01;0;7.65929;0;0;-1
0;268;46.7918;-14.9387;-42.5841;10.067;4273.55;6.05314;0;0;0.1;0.01;0;7.77859;0;0;-1
0;269;46.0824;2.88002;-42.1845;8.5;2572.44;5.11093;0;0;0.1;0.01;0;6.19936;1;0;-1
0;270;47.7574;16.8704;-43.0419;10.1627;4396.59;6.11068;0;0;0.1;0.01;0;7.43801;0;0;-1
0;271;46.8485;37.9682;-41.0999;9.52653;3621.54;5.72816;0;0;0.1;0.01;0;6.19109;0;0;-1
0;272;46.7025;52.141;-42.8767;9.67637;3795.12;5.81826;0;0;0.1;0.01;0;6.6062;0;0;-1
0;273;46.835;69.2611;-39.8934;9.92643;4097.02;5.96862;0;0;0.1;0.01;0;4.49659;0;0;-1
0;274;60.3735;-55.3618;-39.3255;9.8308;3979.74;5.91112;0;0;0.1;0.01;0;4.7465;0;0;-1
0;275;63.9926;-41.6903;-39.8282;8.94562;2998.61;5.37887;0;0;0.1;0.01;0;4.28114;0;0;-1
0;276;61.2084;-23.3513;-39.8311;8.55006;2618.16;5.14103;0;0;0.1;0.01;0;5.54298;0;0;-1
0;277;63.4163;-7.7949;-42.3274;9.67674;3795.56;5.81848;0;0;0.1;0.01;0;6.80322;0;0;-1
0;278;63.6002;8.22669;-39.4673;10.0114;4203.13;6.01971;0;0;0.1;0.01;0;6.55995;0;0;-1
0;279;63.0219;26.1902;-42.2731;10.0357;4233.81;6.03432;0;0;0.1;0.01;0;6.07527;0;0;-1
0;280;61.5501;42.1351;-41.1967;8.88075;2933.85;5.33987;0;0;0.1;0.01;0;5.08326;0;0;-1
0;281;61.997;60.4253;-42.459;9.23144;3295.32;5.55073;0;0;0.1;0.01;0;3.67708;0;0;-1
0;282;74.9446;-32.4986;-43.1697;9.0112;3065.04;5.4183;0;0;0.1;0.01;0;3.21713;0;0;-1
0;283;77.7444;-14.9984;-41.1186;8.62851;2690.89;5.1882;0;0;0.1;0.01;0;4.46607;0;0;-1
0;284;76.3305;-0.0849722;-41.4711;10.2851;4557.37;6.18428;0;0;0.1;0.01;0;6.87666;0;0;-1
0;285;78.7385;19.7265;-42.8263;8.99017;3043.63;5.40566;0;0;0.1;0.01;0;3.33193;0;0;-1
0;286;76.5351;34.3372;-41.941;9.23964;3304.1;5.55566;0;0;0.1;0.01;0;3.54194;0;0;-1
0;287;90.5165;-4.56068;-40.5336;8.7003;2758.62;5.23136;0;0;0.1;0.01;0;2.23217;0;0;-1
0;288;-95.1288;-13.5108;-24.6995;8.77145;2826.85;5.27415;0;0;0.1;0.01;0;3.17514;0;0;-1
0;289;-95.6324;1.25056;-26.0993;9.92316;4092.97;5.96665;0;0;0.1;0.01;0;3.87598;0;0;-1
0;290;-80.8676;-41.5007;-24.662;9.90428;4069.65;5.9553;0;0;0.1;0.01;0;2.88677;0;0;-1
0;291;-81.7975;-23.4392;-27.3427;9.5595;3659.27;5.74799;0;0;0.1;0.01;0;3.86501;0;0;-1
0;292;-78.9058;-4.65342;-26.485;10.0423;4242.17;6.03829;0;0;0.1;0.01;0;5.59261;0;0;-1
0;293;-82.5741;10.97;-26.4533;10.1274;4350.93;6.08946;0;0;0.1;0.01;0;6.28701;0;0;-1
0;294;-82.416;27.6805;-25.1455;10.0349;4232.8;6.03384;0;0;0.1;0.01;0;5.0278;0;0;-1
0;295;-80.4024;44.5625;-28.11;9.88358;4044.19;5.94285;0;0;0.1;0.01;0;3.28457;0;0;-1
0;296;-64.0797;-67.8738;-25.9983;8.5;2572.44;5.11093;0;0;0.1;0.01;0;2.51801;1;0;-1
0;297;-64.378;-48.9933;-26.1313;8.77835;2833.53;5.27829;0;0;0.1;0.01;0;4.35969;0;0;-1
0;298;-64.5291;-31.2659;-25.4602;9.74862;3880.77;5.8617;0;0;0.1;0.01;0;5.46956;0;0;-1
0;299;-64.4853;-12.8919;-26.988;9.28066;3348.31;5.58033;0;0;0.1;0.01;0;5.55977;0;0;-1
0;300;-66.0799;4.44643;-26.0317;8.5;2572.44;5.11093;0;0;0.1;0.01;0;5.94125;1;0;-1
0;301;-65.4699;20.2192;-26.9356;8.59094;2655.89;5.16561;0;0;0.1;0.01;0;5.71494;0;0;-1
0;302;-64.6875;35.2205;-27.1713;10.0497;4251.56;6.04274;0;0;0.1;0.01;0;6.30958;0;0;-1
0;303;-64.5498;50.918;-26.2319;9.27992;3347.51;5.57988;0;0;0.1;0.01;0;5.74962;0;0;-1
0;304;-66.6794;68.6672;-26.712;9.4554;3541.02;5.68539;0;0;0.1;0.01;0;2.15052;0;0;-1
0;305;-49.7078;-72.4975;-27.7908;8.99661;3050.18;5.40953;0;0;0.1;0.01;0;5.22977;0;0;-1
0;306;-49.6169;-58.1747;-26.2913;9.25063;3315.91;5.56227;0;0;0.1;0.01;0;6.29395;0;0;-1
0;307;-51.5419;-39.7116;-26.3465;9.3425;3415.69;5.61751;0;0;0.1;0.01;0;6.00959;0;0;-1
0;308;-52.4098;-23.1173;-27.5529;9.77632;3913.95;5.87836;0;0;0.1;0.01;0;6.55689;0;0;-1
0;309;-50.4831;-7.03461;-27.8108;9.73264;3861.72;5.8521;0;0;0.1;0.01;0;6.61091;0;0;-1
0;310;-53.0234;8.65134;-26.3278;8.9409;2993.87;5.37603;0;0;0.1;0.01;0;5.48769;0;0;-1
0;311;-51.1162;26.7852;-24.4706;9.14375;3202.3;5.498;0;0;0.1;0.01;0;5.57789;0;0;-1
0;312;-49.9873;45.5131;-24.8767;9.78011;3918.5;5.88064;0;0;0.1;0.01;0;7.33646;0;0;-1
0;313;-50.667;62.4905;-25.5797;8.75947;2815.28;5.26694;0;0;0.1;0.01;0;6.08454;0;0;-1
0;314;-51.7924;78.4849;-28.2609;8.72318;2780.44;5.24512;0;0;0.1;0.01;0;2.65267;0;0;-1
0;315;-36.4335;-82.176;-26.5208;10.3133;4594.96;6.20124;0;0;0.1;0.01;0;6.19581;0;0;-1
0;316;-34.9824;-67.3072;-26.8052;8.88636;2939.41;5.34324;0;0;0.1;0.01;0;6.99102;0;0;-1
0;317;-38.3663;-47.1089;-27.146;10.1598;4392.83;6.10894;0;0;0.1;0.01;0;5.71236;0;0;-1
0;318;-36.0595;-30.0863;-26.0713;9.32899;3400.89;5.60939;0;0;0.1;0.01;0;6.11595;0;0;-1
0;319;-34.6357;-13.7591;-26.8004;8.77558;2830.85;5.27663;0;0;0.1;0.01;0;5.01563;0;0;-1
0;320;-36.5887;4.31349;-27.4454;8.5;2572.44;5.11093;0;0;0.1;0.01;0;4.19234;1;0;-1
0;321;-38.3569;18.5455;-27.4781;9.50184;3593.45;5.71332;0;0;0.1;0.01;0;5.45365;0;0;-1
0;322;-38.2429;34.5861;-25.1726;8.5;2572.44;5.11093;0;0;0.1;0.01;0;5.50192;1;0;-1
0;323;-37.6455;52.2754;-27.8704;9.223;3286.29;5.54566;0;0;0.1;0.01;0;6.07447;0;0;-1
0;324;-38.2082;67.7265;-25.7558;8.5;2572.44;5.11093;0;0;0.1;0.01;0;4.48673;1;0;-1
0;325;-35.5423;85.8465;-24.955;10.2803;4550.99;6.1814;0;0;0.1;0.01;0;3.74726;0;0;-1
0;326;-21.7858;-90.7777;-25.2848;10.3383;4628.45;6.21627;0;0;0.1;0.01;0;3.9866;0;0;-1
0;327;-20.5825;-73.0897;-27.0214;10.1729;4409.84;6.11682;0;0;0.1;0.01;0;8.27757;0;0;-1
0;328;-20.3457;-59.1624;-26.3076;9.74517;3876.65;5.85963;0;0;0.1;0.01;0;7.26783;0;0;-1
0;329;-22.0197;-40.5829;-26.6558;8.61701;2680.15;5.18128;0;0;0.1;0.01;0;4.98741;0;0;-1
0;330;-21.3643;-21.1047;-24.975;10.094;4308.03;6.06938;0;0;0.1;0.01;0;6.84226;0;0;-1
0;331;-19.7213;-5.48374;-28.0777;8.5;2572.44;5.11093;0;0;0.1;0.01;0;4.64794;1;0;-1
0;332;-21.3082;11.8067;-25.7708;8.5;2572.44;5.11093;0;0;0.1;0.01;0;4.00163;1;0;-1
0;333;-22.7767;28.7605;-27.7794;8.64731;2708.52;5.1995;0;0;0.1;0.01;0;5.10116;0;0;-1
0;334;-21.271;44.7718;-27.8802;9.74786;3879.86;5.86125;0;0;0.1;0.01;0;5.84236;0;0;-1
0;335;-21.6932;62.1716;-26.6163;9.66986;3787.47;5.81435;0;0;0.1;0.01;0;6.34033;0;0;-1
0;336;-22.8419;78.7596;-27.9091;9.43208;3514.88;5.67137;0;0;0.1;0.01;0;5.63185;0;0;-1
0;337;-5.93973;-81.2664;-28.6503;9.37792;3454.68;5.63881;0;0;0.1;0.01;0;6.09331;0;0;-1
0;338;-7.9085;-66.6036;-26.3304;9.47884;3567.42;5.69949;0;0;0.1;0.01;0;6.68981;0;0;-1
0;339;-8.56701;-48.5911;-24.3809;9.13807;3196.33;5.49459;0;0;0.1;0.01;0;5.18552;0;0;-1
0;340;-8.20489;-29.6932;-25.5425;8.77274;2828.1;5.27492;0;0;0.1;0.01;0;5.56588;0;0;-1
0;341;-6.01309;-13.3253;-27.8167;9.41095;3491.31;5.65867;0;0;0.1;0.01;0;6.59684;0;0;-1
0;342;-5.49683;1.9289;-27.6501;8.53399;2603.42;5.13136;0;0;0.1;0.01;0;5.70949;0;0;-1
0;343;-6.60955;21.1267;-25.6294;9.60397;3710.57;5.77473;0;0;0.1;0.01;0;6.69986;0;0;-1
0;344;-7.09245;35.4096;-27.0954;9.34522;3418.67;5.61915;0;0;0.1;0.01;0;7.48422;0;0;-1
0;345;-7.9306;51.5154;-26.031;8.65073;2711.73;5.20156;0;0;0.1;0.01;0;5.61201;0;0;-1
0;346;-9.34744;72.1617;-24.4882;8.6207;2683.59;5.1835;0;0;0.1;0.01;0;5.03759;0;0;-1
0;347;-9.10009;88.2417;-25.6717;8.64271;2704.2;5.19674;0;0;0.1;0.01;0;3.97063;0;0;-1
0;348;9.34383;-90.4746;-25.4119;10.3115;4592.55;6.20016;0;0;0.1;0.01;0;4.27754;0;0;-1
0;349;6.59291;-75.7946;-25.3174;9.7822;3921.01;5.88189;0;0;0.1;0.01;0;6.67446;0;0;-1
0;350;9.44097;-58.6638;-25.7705;9.33001;3402;5.61;0;0;0.1;0.01;0;5.80884;0;0;-1
0;351;5.72968;-40.0295;-25.3964;9.62018;3729.39;5.78447;0;0;0.1;0.01;0;6.09857;0;0;-1
0;352;8.26354;-25.5213;-26.591;8.72878;2785.8;5.24849;0;0;0.1;0.01;0;5.85984;0;0;-1
0;353;9.02404;-8.76665;-27.6923;10.2426;4501.11;6.15873;0;0;0.1;0.01;0;6.79768;0;0;-1
0;354;5.51613;9.93437;-25.5141;9.14542;3204.05;5.49901;0;0;0.1;0.01;0;4.58406;0;0;-1
0;355;9.43529;29.3296;-27.6591;10.081;4291.4;6.06156;0;0;0.1;0.01;0;6.86114;0;0;-1
0;356;6.25304;44.0449;-25.2432;10.3766;4680.09;6.2393;0;0;0.1;0.01;0;7.20107;0;0;-1
0;357;6.86872;63.4093;-24.6234;10.1832;4423.25;6.12301;0;0;0.1;0.01;0;6.80652;0;0;-1
0;358;5.89627;78.2877;-28.0028;9.05381;3108.73;5.44392;0;0;0.1;0.01;0;5.5577;0;0;-1
0;359;8.24252;95.6187;-26.8434;10.0208;4214.98;6.02536;0;0;0.1;0.01;0;2.99645;0;0;-1
0;360;22.5752;-82.3701;-25.2139;9.14669;3205.39;5.49977;0;0;0.1;0.01;0;4.65826;0;0;-1
0;361;23.6992;-65.8965;-25.4704;9.51617;3609.73;5.72193;0;0;0.1;0.01;0;5.43873;0;0;-1
0;362;23.2744;-47.2922;-27.4328;10.114;4333.69;6.0814;0;0;0.1;0.01;0;6.2597;0;0;-1
0;363;22.7899;-31.7617;-26.0451;9.7203;3847.05;5.84468;0;0;0.1;0.01;0;6.89783;0;0;-1
0;364;22.1304;-16.091;-25.5864;10.0142;4206.66;6.02139;0;0;0.1;0.01;0;6.73104;0;0;-1
0;365;22.3163;1.01632;-26.7979;9.03568;3090.09;5.43302;0;0;0.1;0.01;0;5.17305;0;0;-1
0;366;23.3892;18.1902;-28.0159;9.62583;3735.97;5.78787;0;0;0.1;0.01;0;6.25451;0;0;-1
0;367;23.2479;34.9374;-27.5208;9.48752;3577.23;5.70471;0;0;0.1;0.01;0;7.41992;0;0;-1
0;368;20.5942;51.1111;-24.5179;9.78732;3927.17;5.88497;0;0;0.1;0.01;0;6.26122;0;0;-1
0;369;20.2919;69.1515;-26.9506;9.41126;3491.66;5.65885;0;0;0.1;0.01;0;5.36193;0;0;-1
0;370;23.3571;84.5736;-24.8049;9.48309;3572.22;5.70204;0;0;0.1;0.01;0;4.89947;0;0;-1
0;371;38.0647;-75.9915;-27.1044;9.08221;3138.07;5.461;0;0;0.1;0.01;0;3.9403;0;0;-1
0;372;35.2245;-56.9191;-27.0387;8.68961;2748.46;5.22494;0;0;0.1;0.01;0;5.60681;0;0;-1
0;373;37.5323;-39.9451;-26.8235;9.92192;4091.44;5.96591;0;0;0.1;0.01;0;7.96712;0;0;-1
0;374;37.6906;-23.17;-27.6914;9.98008;4163.81;6.00088;0;0;0.1;0.01;0;7.59019;0;0;-1
0;375;37.4567;-7.20879;-24.8416;9.68117;3800.77;5.82115;0;0;0.1;0.01;0;6.5708;0;0;-1
0;376;35.1297;8.91305;-26.7884;8.8148;2868.97;5.30021;0;0;0.1;0.01;0;5.30953;0;0;-1
0;377;37.2253;25.3892;-24.7097;9.96675;4147.15;5.99286;0;0;0.1;0.01;0;6.87901;0;0;-1
0;378;37.0149;42.1382;-27.1009;9.84583;3998.03;5.92015;0;0;0.1;0.01;0;6.57896;0;0;-1
0;379;38.4475;63.6788;-24.9024;8.5;2572.44;5.11093;0;0;0.1;0.01;0;4.58577;1;0;-1
0;380;36.75;78.8112;-24.8837;8.5;2572.44;5.11093;0;0;0.1;0.01;0;4.35199;1;0;-1
0;381;50.4403;-66.6495;-24.7882;10.2137;4463.11;6.14135;0;0;0.1;0.01;0;5.56925;0;0;-1
0;382;49.9645;-50.7699;-25.2904;10.1728;4409.71;6.11676;0;0;0.1;0.01;0;6.8518;0;0;-1
0;383;50.0733;-33.4149;-25.0331;8.55599;2623.61;5.14459;0;0;0.1;0.01;0;5.20375;0;0;-1
0;384;52.7147;-15.5621;-26.859;9.21838;3281.35;5.54288;0;0;0.1;0.01;0;6.2603;0;0;-1
0;385;51.8206;1.73309;-28.3362;10.0155;4208.3;6.02217;0;0;0.1;0.01;0;7.16964;0;0;-1
0;386;50.1093;17.7971;-28.5141;9.04577;3100.45;5.43909;0;0;0.1;0.01;0;6.16742;0;0;-1
0;387;50.3059;34.8932;-25.0714;9.38364;3461.01;5.64225;0;0;0.1;0.01;0;5.57762;0;0;-1
0;388;52.9809;54.764;-24.6912;8.65695;2717.59;5.2053;0;0;0.1;0.01;0;4.39771;0;0;-1
0;389;52.2039;72.6245;-26.9413;9.78828;3928.33;5.88555;0;0;0.1;0.01;0;4.37871;0;0;-1
0;390;66.358;-59.2065;-27.6324;8.99162;3045.11;5.40653;0;0;0.1;0.01;0;4.13288;0;0;-1
0;391;66.6345;-42.224;-25.0407;8.84857;2902.07;5.32052;0;0;0.1;0.01;0;5.48456;0;0;-1
0;392;67.4841;-23.2451;-24.8705;10.3678;4668.19;6.23401;0;0;0.1;0.01;0;6.5387;0;0;-1
0;393;65.5577;-5.60455;-26.9237;8.9529;3005.94;5.38325;0;0;0.1;0.01;0;6.84082;0;0;-1
0;394;66.5815;9.45581;-25.0961;9.2484;3313.51;5.56093;0;0;0.1;0.01;0;5.82214;0;0;-1
0;395;64.8742;25.4085;-25.6026;9.8348;3984.6;5.91352;0;0;0.1;0.01;0;4.81015;0;0;-1
0;396;66.3822;46.5046;-25.902;10.0347;4232.55;6.03372;0;0;0.1;0.01;0;5.81658;0;0;-1
0;397;65.071;62.2783;-27.5195;10.0508;4252.95;6.0434;0;0;0.1;0.01;0;4.96892;0;0;-1
0;398;79.4147;-51.2656;-25.8209;10.1042;4321.1;6.07551;0;0;0.1;0.01;0;2.17915;0;0;-1
0;399;81.8787;-34.2043;-24.8288;10.2512;4512.45;6.1639;0;0;0.1;0.01;0;3.41487;0;0;-1
0;400;80.7481;-16.8096;-25.3533;8.88357;2936.64;5.34156;0;0;0.1;0.01;0;4.4691;0;0;-1
0;401;79.7974;-0.230779;-26.2401;9.30496;3374.68;5.59494;0;0;0.1;0.01;0;4.87225;0;0;-1
0;402;83.2159;17.7954;-25.2668;9.79833;3940.44;5.89159;0;0;0.1;0.01;0;4.14609;0;0;-1
0;403;79.0979;33.7611;-27.9899;8.5;2572.44;5.11093;0;0;0.1;0.01;0;3.36568;1;0;-1
0;404;79.372;54.624;-26.5421;10.3516;4646.34;6.22427;0;0;0.1;0.01;0;2.70743;0;0;-1
0;405;-98.4403;0.962512;-11.809;10.2755;4544.62;6.17851;0;0;0.1;0.01;0;3.70438;0;0;-1
0;406;-84.2852;-42.0848;-11.2541;9.08598;3141.98;5.46327;0;0;0.1;0.01;0;3.46737;0;0;-1
0;407;-84.3746;-23.5386;-10.3046;10.4098;4725.15;6.25926;0;0;0.1;0.01;0;5.70375;0;0;-1
0;408;-85.2147;-7.13401;-12.4875;8.91246;2965.39;5.35893;0;0;0.1;0.01;0;5.26783;0;0;-1
0;409;-83.3456;11.6483;-11.9344;10.149;4378.83;6.10245;0;0;0.1;0.01;0;5.92215;0;0;-1
0;410;-84.8116;29.1418;-12.432;8.5;2572.44;5.11093;0;0;0.1;0.01;0;4.12926;1;0;-1
0;411;-84.0301;42.4951;-11.3127;9.39125;3469.44;5.64682;0;0;0.1;0.01;0;4.12773;0;0;-1
0;412;-70.8141;-68.4398;-10.064;8.78734;2842.24;5.2837;0;0;0.1;0.01;0;2.13472;0;0;-1
0;413;-69.2294;-49.2659;-11.9995;9.51949;3613.51;5.72393;0;0;0.1;0.01;0;4.76817;0;0;-1
0;414;-69.8904;-32.5589;-10.1391;9.37135;3447.43;5.63486;0;0;0.1;0.01;0;6.79598;0;0;-1
0;415;-72.1615;-15.739;-11.6974;9.40543;3485.17;5.65535;0;0;0.1;0.01;0;6.58602;0;0;-1
0;416;-70.7963;3.17425;-10.3117;8.76929;2824.76;5.27285;0;0;0.1;0.01;0;6.07149;0;0;-1
0;417;-68.3491;17.375;-12.9594;8.58719;2652.42;5.16335;0;0;0.1;0.01;0;4.93199;0;0;-1
0;418;-69.4892;36.4696;-11.9825;9.59908;3704.91;5.77179;0;0;0.1;0.01;0;6.33917;0;0;-1
0;419;-71.9184;53.7864;-13.023;8.9755;3028.76;5.39684;0;0;0.1;0.01;0;4.41631;0;0;-1
0;420;-54.2859;-75.134;-9.72812;8.85847;2911.82;5.32647;0;0;0.1;0.01;0;3.8139;0;0;-1
0;421;-56.6188;-58.239;-12.3469;9.39962;3478.72;5.65186;0;0;0.1;0.01;0;5.38449;0;0;-1
0;422;-57.3283;-39.2007;-10.3211;8.57706;2643.04;5.15726;0;0;0.1;0.01;0;5.56562;0;0;-1
0;423;-57.3137;-23.9549;-11.8645;8.5;2572.44;5.11093;0;0;0.1;0.01;0;5.49359;1;0;-1
0;424;-55.2361;-7.22114;-11.8122;9.00601;3059.75;5.41518;0;0;0.1;0.01;0;5.50114;0;0;-1
0;425;-54.3076;8.60153;-12.5448;10.0595;4264.01;6.04863;0;0;0.1;0.01;0;5.98789;0;0;-1
0;426;-57.3399;29.7692;-12.8218;8.5;2572.44;5.11093;0;0;0.1;0.01;0;5.63859;1;0;-1
0;427;-55.1132;44.7243;-11.8303;9.28257;3350.37;5.58147;0;0;0.1;0.01;0;6.85549;0;0;-1
0;428;-57.9523;60.033;-10.6822;9.74725;3879.14;5.86088;0;0;0.1;0.01;0;5.44844;0;0;-1
0;429;-42.7886;-83.6431;-13.2554;10.0889;4301.5;6.06631;0;0;0.1;0.01;0;4.2584;0;0;-1
0;430;-39.3526;-64.6267;-11.5687;9.79525;3936.73;5.88974;0;0;0.1;0.01;0;5.61038;0;0;-1
0;431;-41.0523;-49.3582;-10.6936;8.52157;2592.07;5.1239;0;0;0.1;0.01;0;5.07818;0;0;-1
0;432;-41.2256;-32.606;-12.3637;9.80366;3946.87;5.8948;0;0;0.1;0.01;0;6.13988;0;0;-1
0;433;-42.0817;-14.346;-13.5188;10.014;4206.41;6.02127;0;0;0.1;0.01;0;6.08429;0;0;-1
0;434;-40.9232;3.07171;-10.7844;9.48602;3575.53;5.70381;0;0;0.1;0.01;0;5.76919;0;0;-1
0;435;-39.4033;20.091;-11.2069;10.0097;4200.99;6.01869;0;0;0.1;0.01;0;6.2783;0;0;-1
0;436;-42.1298;36.9062;-13.1718;9.33057;3402.62;5.61034;0;0;0.1;0.01;0;7.19908;0;0;-1
0;437;-42.654;52.2173;-12.6303;8.5;2572.44;5.11093;0;0;0.1;0.01;0;5.05086;1;0;-1
0;438;-43.0056;70.6862;-12.5564;8.74544;2801.78;5.25851;0;0;0.1;0.01;0;4.72224;0;0;-1
0;439;-43.2514;85.1317;-13.3358;8.5;2572.44;5.11093;0;0;0.1;0.01;0;3.42492;1;0;-1
0;440;-27.9039;-93.1815;-13.0812;9.62079;3730.1;5.78484;0;0;0.1;0.01;0;4.31845;0;0;-1
0;441;-28.1489;-76.8702;-13.0024;10.1441;4372.49;6.0995;0;0;0.1;0.01;0;7.0555;0;0;-1
0;442;-24.6942;-56.5743;-12.2845;10.3899;4698.1;6.2473;0;0;0.1;0.01;0;7.30865;0;0;-1
0;443;-27.3667;-41.7563;-10.1898;10.4383;4764.07;6.2764;0;0;0.1;0.01;0;7.63341;0;0;-1
0;444;-26.6313;-22.2854;-11.866;10.2193;4470.46;6.14472;0;0;0.1;0.01;0;6.64841;0;0;-1
0;445;-24.9549;-7.31062;-10.3178;8.54228;2611.02;5.13635;0;0;0.1;0.01;0;4.69858;0;0;-1
0;446;-25.14;9.14494;-10.2553;9.43114;3513.83;5.67081;0;0;0.1;0.01;0;5.17462;0;0;-1
0;447;-27.4302;28.4649;-10.5829;10.2555;4518.13;6.16648;0;0;0.1;0.01;0;6.15098;0;0;-1
0;448;-28.3079;42.9586;-10.7741;9.06343;3118.65;5.44971;0;0;0.1;0.01;0;5.62687;0;0;-1
0;449;-24.4441;59.0684;-12.8474;8.80537;2859.77;5.29454;0;0;0.1;0.01;0;4.53622;0;0;-1
0;450;-24.7746;77.7006;-12.2494;9.85517;4009.41;5.92577;0;0;0.1;0.01;0;6.45302;0;0;-1
0;451;-24.8574;94.6705;-14.016;10.1999;4445.05;6.13305;0;0;0.1;0.01;0;3.54557;0;0;-1
0;452;-13.5486;-83.3081;-11.0856;8.5;2572.44;5.11093;0;0;0.1;0.01;0;4.45329;1;0;-1
0;453;-12.771;-65.4545;-13.2561;8.5;2572.44;5.11093;0;0;0.1;0.01;0;5.52642;1;0;-1
0;454;-12.696;-48.4395;-9.7117;9.49539;3586.14;5.70944;0;0;0.1;0.01;0;6.6076;0;0;-1
0;455;-11.4447;-32.3689;-11.7583;10.4018;4714.27;6.25445;0;0;0.1;0.01;0;7.25765;0;0;-1
0;456;-10.3944;-14.2744;-10.7256;8.5;2572.44;5.11093;0;0;0.1;0.01;0;6.0589;1;0;-1
0;457;-10.7178;0.964939;-11.6042;10.2021;4447.92;6.13437;0;0;0.1;0.01;0;7.16015;0;0;-1
0;458;-10.7319;16.9725;-11.6234;9.08701;3143.05;5.46389;0;0;0.1;0.01;0;5.76955;0;0;-1
0;459;-11.591;34.2456;-12.5381;8.56015;2627.44;5.14709;0;0;0.1;0.01;0;4.62016;0;0;-1
0;460;-10.3557;50.9645;-10.6082;8.54843;2616.66;5.14005;0;0;0.1;0.01;0;5.2212;0;0;-1
0;461;-10.5272;67.4165;-11.6321;9.0735;3129.05;5.45576;0;0;0.1;0.01;0;5.90997;0;0;-1
0;462;-11.7001;87.2551;-12.4321;8.5;2572.44;5.11093;0;0;0.1;0.01;0;4.79457;1;0;-1
0;463;4.39589;-91.5518;-10.5865;8.69412;2752.74;5.22765;0;0;0.1;0.01;0;3.76647;0;0;-1
0;464;1.54273;-75.9984;-12.128;8.5;2572.44;5.11093;0;0;0.1;0.01;0;5.49148;1;0;-1
0;465;1.34649;-59.4797;-12.8567;8.86284;2916.13;5.3291;0;0;0.1;0.01;0;6.06231;0;0;-1
0;466;1.68137;-41.2642;-12.623;9.63019;3741.05;5.79049;0;0;0.1;0.01;0;6.53538;0;0;-1
0;467;1.26626;-21.5704;-10.4664;9.21799;3280.93;5.54264;0;0;0.1;0.01;0;6.60936;0;0;-1
0;468;1.59556;-7.44635;-12.1245;8.63646;2698.34;5.19298;0;0;0.1;0.01;0;6.12621;0;0;-1
0;469;3.27873;8.1721;-12.2785;10.1133;4332.79;6.08098;0;0;0.1;0.01;0;6.21132;0;0;-1
0;470;3.18706;25.1285;-13.5555;9.05314;3108.04;5.44352;0;0;0.1;0.01;0;4.72323;0;0;-1
0;471;1.98541;43.7655;-10.496;9.3009;3370.26;5.5925;0;0;0.1;0.01;0;5.57734;0;0;-1
0;472;2.33324;59.5245;-10.7526;9.45512;3540.71;5.68523;0;0;0.1;0.01;0;6.58587;0;0;-1
0;473;2.70618;76.7494;-10.3963;8.91847;2971.39;5.36255;0;0;0.1;0.01;0;6.03104;0;0;-1
0;474;3.0966;94.043;-11.4637;10.2647;4530.3;6.17202;0;0;0.1;0.01;0;4.4585;0;0;-1
0;475;18.8196;-85.1778;-10.5384;9.35595;3430.46;5.6256;0;0;0.1;0.01;0;5.80017;0;0;-1
0;476;16.0695;-68.1911;-10.5166;9.47166;3559.32;5.69517;0;0;0.1;0.01;0;6.35381;0;0;-1
0;477;15.9653;-51.4673;-9.87667;9.86583;4022.44;5.93218;0;0;0.1;0.01;0;5.7781;0;0;-1
0;478;15.5283;-33.3891;-10.5234;9.65096;3765.3;5.80298;0;0;0.1;0.01;0;5.74422;0;0;-1
0;479;16.0358;-16.3002;-11.4639;8.57311;2639.39;5.15489;0;0;0.1;0.01;0;5.91055;0;0;-1
0;480;16.4164;1.1141;-11.4617;9.38448;3461.94;5.64275;0;0;0.1;0.01;0;5.58091;0;0;-1
0;481;19.4879;20.9002;-10.8767;9.88972;4051.73;5.94655;0;0;0.1;0.01;0;6.0494;0;0;-1
0;482;19.6226;38.1907;-13.1717;8.5;2572.44;5.11093;0;0;0.1;0.01;0;5.08485;1;0;-1
0;483;18.1869;54.5301;-11.4721;8.5;2572.44;5.11093;0;0;0.1;0.01;0;4.93051;1;0;-1
0;484;17.3053;71.4369;-10.3205;10.3965;4707.06;6.25126;0;0;0.1;0.01;0;7.11011;0;0;-1
0;485;15.6978;84.9769;-12.5751;8.5;2572.44;5.11093;0;0;0.1;0.01;0;5.45016;1;0;-1
0;486;31.9441;-93.7241;-12.0446;8.83098;2884.8;5.30994;0;0;0.1;0.01;0;1.85763;0;0;-1
0;487;33.3588;-76.6478;-12.3281;9.41174;3492.19;5.65914;0;0;0.1;0.01;0;5.65325;0;0;-1
0;488;32.8905;-55.3932;-10.3498;9.45135;3536.47;5.68296;0;0;0.1;0.01;0;4.99152;0;0;-1
0;489;34.1675;-38.8903;-10.1247;9.62386;3733.67;5.78669;0;0;0.1;0.01;0;6.1448;0;0;-1
0;490;31.2285;-21.3565;-12.2795;9.89423;4057.28;5.94926;0;0;0.1;0.01;0;7.10856;0;0;-1
0;491;33.138;-6.34028;-10.7815;8.88235;2935.43;5.34083;0;0;0.1;0.01;0;5.56295;0;0;-1
0;492;33.5009;11.795;-12.9165;10.3784;4682.52;6.24038;0;0;0.1;0.01;0;7.01854;0;0;-1
0;493;31.4698;29.0545;-10.8342;9.24443;3309.25;5.55854;0;0;0.1;0.01;0;6.8213;0;0;-1
0;494;33.535;46.2625;-13.248;9.56238;3662.58;5.74972;0;0;0.1;0.01;0;5.98878;0;0;-1
0;495;32.7906;63.4875;-10.37;8.6173;2680.42;5.18146;0;0;0.1;0.01;0;5.98385;0;0;-1
0;496;32.2682;79.3799;-10.1278;10.0567;4260.45;6.04695;0;0;0.1;0.01;0;6.38571;0;0;-1
0;497;45.9684;-82.937;-10.7919;8.5;2572.44;5.11093;0;0;0.1;0.01;0;4.15464;1;0;-1
0;498;48.1308;-67.8888;-11.4504;9.53328;3629.24;5.73222;0;0;0.1;0.01;0;6.01317;0;0;-1
0;499;47.7009;-47.7299;-11.9669;9.34097;3414.01;5.61659;0;0;0.1;0.01;0;6.11526;0;0;-1
0;500;48.6194;-31.7109;-12.5256;9.05733;3112.36;5.44604;0;0;0.1;0.01;0;5.54028;0;0;-1
0;501;45.557;-14.7383;-10.9483;9.15165;3210.6;5.50275;0;0;0.1;0.01;0;6.26631;0;0;-1
0;502;46.5958;0.436244;-11.0261;10.1585;4391.14;6.10816;0;0;0.1;0.01;0;7.4455;0;0;-1
0;503;47.7353;18.1177;-13.436;10.1742;4411.53;6.1176;0;0;0.1;0.01;0;7.74589;0;0;-1
0;504;47.9006;34.6514;-10.5435;9.51622;3609.79;5.72196;0;0;0.1;0.01;0;6.42732;0;0;-1
0;505;45.9451;55.1958;-12.5033;8.5;2572.44;5.11093;0;0;0.1;0.01;0;5.0179;1;0;-1
0;506;46.2865;68.496;-10.016;9.24156;3306.16;5.55682;0;0;0.1;0.01;0;6.16991;0;0;-1
0;507;47.6928;85.644;-13.0988;8.6403;2701.94;5.19529;0;0;0.1;0.01;0;2.33809;0;0;-1
0;508;61.0941;-74.248;-11.2902;10.3036;4582.01;6.19541;0;0;0.1;0.01;0;3.19917;0;0;-1
0;509;60.3087;-56.0677;-13.3004;9.61516;3723.56;5.78146;0;0;0.1;0.01;0;6.3939;0;0;-1
0;510;61.4415;-42.1509;-11.6203;9.39919;3478.24;5.6516;0;0;0.1;0.01;0;6.41221;0;0;-1
0;511;62.58;-25.7826;-11.861;9.28468;3352.66;5.58274;0;0;0.1;0.01;0;5.84338;0;0;-1
0;512;62.744;-7.65432;-11.5009;9.83406;3983.7;5.91308;0;0;0.1;0.01;0;6.4674;0;0;-1
0;513;60.7354;9.37122;-12.8127;10.2245;4477.29;6.14784;0;0;0.1;0.01;0;6.65826;0;0;-1
0;514;61.9678;28.7536;-10.2192;9.92591;4096.37;5.96831;0;0;0.1;0.01;0;6.30854;0;0;-1
0;515;62.6717;45.9902;-11.1315;9.50542;3597.51;5.71547;0;0;0.1;0.01;0;5.70354;0;0;-1
0;516;63.2331;63.5907;-10.7983;10.0981;4313.28;6.07184;0;0;0.1;0.01;0;5.3332;0;0;-1
0;517;61.0478;77.9241;-13.7902;8.90529;2958.24;5.35462;0;0;0.1;0.01;0;2.77152;0;0;-1
0;518;77.605;-47.529;-10.8112;8.5;2572.44;5.11093;0;0;0.1;0.01;0;3.89132;1;0;-1
0;519;77.335;-30.0339;-11.2415;8.60685;2670.68;5.17517;0;0;0.1;0.01;0;5.6291;0;0;-1
0;520;75.2984;-14.4401;-10.8544;10.4528;4783.95;6.28512;0;0;0.1;0.01;0;7.8014;0;0;-1
0;521;74.9421;1.1223;-10.9966;8.5;2572.44;5.11093;0;0;0.1;0.01;0;6.16633;1;0;-1
0;522;76.6087;18.0089;-13.3397;8.69993;2758.26;5.23114;0;0;0.1;0.01;0;5.74969;0;0;-1
0;523;75.0659;34.8466;-12.7087;8.5;2572.44;5.11093;0;0;0.1;0.01;0;5.25332;1;0;-1
0;524;75.345;51.4816;-10.2282;9.24246;3307.13;5.55736;0;0;0.1;0.01;0;5.7199;0;0;-1
0;525;89.5846;-22.1735;-11.9569;8.5;2572.44;5.11093;0;0;0.1;0.01;0;3.78953;1;0;-1
0;526;90.0669;-4.2494;-10.1462;9.67018;3787.85;5.81454;0;0;0.1;0.01;0;4.12164;0;0;-1
0;527;89.5582;12.0102;-11.0223;8.94815;3001.15;5.38039;0;0;0.1;0.01;0;4.80305;0;0;-1
0;528;89.4278;27.0297;-11.2024;8.57982;2645.59;5.15892;0;0;0.1;0.01;0;4.51388;0;0;-1
0;529;89.2384;43.5641;-9.84432;10.0381;4236.85;6.03576;0;0;0.1;0.01;0;3.29421;0;0;-1
0;530;-93.9358;-16.5776;2.39612;9.45997;3546.16;5.68814;0;0;0.1;0.01;0;3.17079;0;0;-1
0;531;-95.6862;2.72825;3.4345;9.65336;3768.11;5.80443;0;0;0.1;0.01;0;3.78272;0;0;-1
0;532;-95.9065;18.6854;2.16;10.2032;4449.36;6.13504;0;0;0.1;0.01;0;3.23923;0;0;-1
0;533;-79.6753;-55.9236;3.04009;8.5;2572.44;5.11093;0;0;0.1;0.01;0;2.63958;1;0;-1
0;534;-82.6255;-41.5236;4.68424;9.80047;3943.02;5.89288;0;0;0.1;0.01;0;4.17452;0;0;-1
0;535;-80.5976;-23.2255;2.97488;9.80139;3944.13;5.89343;0;0;0.1;0.01;0;6.45344;0;0;-1
0;536;-79.8671;-6.13655;3.72403;9.46528;3552.13;5.69134;0;0;0.1;0.01;0;5.92375;0;0;-1
0;537;-81.7944;10.3556;2.71765;8.90491;2957.86;5.35439;0;0;0.1;0.01;0;4.70821;0;0;-1
0;538;-80.6009;25.4941;1.20526;8.5;2572.44;5.11093;0;0;0.1;0.01;0;3.69477;1;0;-1
0;539;-82.6814;44.076;2.76661;10.2457;4505.19;6.16059;0;0;0.1;0.01;0;4.42261;0;0;-1
0;540;-78.905;61.1279;3.37611;9.4202;3501.62;5.66423;0;0;0.1;0.01;0;2.55962;0;0;-1
0;541;-63.8863;-65.5066;1.67704;8.86781;2921.04;5.33209;0;0;0.1;0.01;0;4.00703;0;0;-1
0;542;-64.2797;-47.286;4.40061;10.2617;4526.33;6.17021;0;0;0.1;0.01;0;6.23346;0;0;-1
0;543;-68.3933;-33.0472;3.55891;8.92266;2975.58;5.36507;0;0;0.1;0.01;0;5.75912;0;0;-1
0;544;-67.7978;-14.8214;1.72278;10.4365;4761.6;6.27532;0;0;0.1;0.01;0;6.92586;0;0;-1
0;545;-67.1938;0.400879;3.73606;10.3306;4618.12;6.21164;0;0;0.1;0.01;0;6.93318;0;0;-1
0;546;-64.73;17.1279;3.36779;10.4477;4776.95;6.28205;0;0;0.1;0.01;0;6.01981;0;0;-1
0;547;-65.1785;36.5227;3.09456;10.4249;4745.74;6.26834;0;0;0.1;0.01;0;6.60213;0;0;-1
0;548;-65.5657;52.0289;3.22882;9.47993;3568.65;5.70014;0;0;0.1;0.01;0;5.47969;0;0;-1
0;549;-64.9443;70.4119;3.16593;8.5;2572.44;5.11093;0;0;0.1;0.01;0;2.3504;1;0;-1
0;550;-49.9057;-75.3344;3.23846;8.5823;2647.89;5.16041;0;0;0.1;0.01;0;5.00542;0;0;-1
0;551;-50.3402;-59.3861;4.21269;8.71413;2771.79;5.23968;0;0;0.1;0.01;0;5.50712;0;0;-1
0;552;-50.9558;-42.3324;3.33975;8.72965;2786.63;5.24901;0;0;0.1;0.01;0;5.46163;0;0;-1
0;553;-52.1159;-24.4753;3.6499;8.58632;2651.61;5.16283;0;0;0.1;0.01;0;4.18439;0;0;-1
0;554;-49.6395;-5.37782;2.14951;8.5;2572.44;5.11093;0;0;0.1;0.01;0;4.35453;1;0;-1
0;555;-52.3027;10.0576;3.74809;8.5;2572.44;5.11093;0;0;0.1;0.01;0;4.98707;1;0;-1
0;556;-52.7509;25.8392;2.70009;8.5;2572.44;5.11093;0;0;0.1;0.01;0;5.48564;1;0;-1
0;557;-50.2702;42.9865;5.11532;9.8444;3996.28;5.91929;0;0;0.1;0.01;0;5.97309;0;0;-1
0;558;-50.755;63.4597;1.83697;9.04923;3104.01;5.44117;0;0;0.1;0.01;0;5.21332;0;0;-1
0;559;-51.4557;78.1204;1.29156;9.76208;3896.87;5.8698;0;0;0.1;0.01;0;4.43689;0;0;-1
0;560;-34.974;-84.0151;3.44224;9.36644;3442.01;5.6319;0;0;0.1;0.01;0;5.15513;0;0;-1
0;561;-38.4992;-67.3807;3.24821;9.15764;3216.91;5.50636;0;0;0.1;0.01;0;5.35535;0;0;-1
0;562;-36.7026;-50.3904;4.11758;8.5;2572.44;5.11093;0;0;0.1;0.01;0;5.1753;1;0;-1
0;563;-35.8315;-32.6215;2.67743;9.95707;4135.07;5.98704;0;0;0.1;0.01;0;6.05207;0;0;-1
0;564;-38.0814;-14.0889;3.15115;8.97516;3028.41;5.39663;0;0;0.1;0.01;0;4.98295;0;0;-1
0;565;-36.6337;3.17852;4.03278;8.90095;2953.91;5.35201;0;0;0.1;0.01;0;5.85645;0;0;-1
0;566;-38.1404;19.9745;2.91632;10.1518;4382.46;6.10413;0;0;0.1;0.01;0;6.86688;0;0;-1
0;567;-38.2007;36.3063;1.02838;8.89588;2948.87;5.34896;0;0;0.1;0.01;0;5.93354;0;0;-1
0;568;-35.416;50.8405;2.86111;9.82839;3976.82;5.90967;0;0;0.1;0.01;0;5.01399;0;0;-1
0;569;-35.7482;71.7402;1.34051;10.4423;4769.55;6.2788;0;0;0.1;0.01;0;6.28585;0;0;-1
0;570;-35.3294;87.8902;3.2932;9.58234;3685.56;5.76172;0;0;0.1;0.01;0;5.14359;0;0;-1
0;571;-20.7818;-93.6561;1.60161;9.51832;3612.18;5.72323;0;0;0.1;0.01;0;4.31241;0;0;-1
0;572;-20.5635;-76.6033;4.59899;8.53528;2604.61;5.13214;0;0;0.1;0.01;0;5.26444;0;0;-1
0;573;-23.6223;-57.6393;1.5382;9.2155;3278.27;5.54115;0;0;0.1;0.01;0;6.00626;0;0;-1
0;574;-23.2232;-40.3621;2.14063;9.25268;3318.11;5.5635;0;0;0.1;0.01;0;6.41706;0;0;-1
0;575;-21.1639;-23.0804;3.57015;8.5;2572.44;5.11093;0;0;0.1;0.01;0;5.39731;1;0;-1
0;576;-20.5767;-5.19298;3.34319;8.55675;2624.31;5.14505;0;0;0.1;0.01;0;6.16064;0;0;-1
0;577;-20.1918;9.99108;4.07041;10.1133;4332.79;6.08098;0;0;0.1;0.01;0;6.90031;0;0;-1
0;578;-23.9407;27.5234;1.88916;8.5874;2652.61;5.16348;0;0;0.1;0.01;0;3.99367;0;0;-1
0;579;-19.9303;46.996;1.83001;9.19996;3261.72;5.5318;0;0;0.1;0.01;0;4.54634;0;0;-1
0;580;-22.029;63.3249;2.16319;9.89483;4058.01;5.94962;0;0;0.1;0.01;0;6.65692;0;0;-1
0;581;-22.1851;77.5586;1.90299;9.60554;3712.39;5.77567;0;0;0.1;0.01;0;6.19789;0;0;-1
0;582;-23.3674;96.2371;1.35581;9.90756;4073.7;5.95727;0;0;0.1;0.01;0;3.41936;0;0;-1
0;583;-7.06981;-98.9519;0.92783;10.0776;4287.06;6.05951;0;0;0.1;0.01;0;2.97481;0;0;-1
0;584;-5.64376;-81.0557;3.71249;8.73414;2790.93;5.25171;0;0;0.1;0.01;0;5.62651;0;0;-1
0;585;-9.08111;-66.6449;2.77067;10.3839;4689.97;6.24369;0;0;0.1;0.01;0;5.75121;0;0;-1
0;586;-7.63224;-49.2546;2.31108;8.64791;2709.08;5.19986;0;0;0.1;0.01;0;5.09517;0;0;-1
0;587;-7.46256;-29.974;2.51754;9.4445;3528.79;5.67884;0;0;0.1;0.01;0;6.35264;0;0;-1
0;588;-8.77971;-14.1933;3.11157;9.71029;3835.18;5.83866;0;0;0.1;0.01;0;6.88167;0;0;-1
0;589;-7.88787;1.80645;3.77363;8.5;2572.44;5.11093;0;0;0.1;0.01;0;5.89988;1;0;-1
0;590;-6.30032;17.3608;1.34278;8.51996;2590.61;5.12293;0;0;0.1;0.01;0;5.93104;0;0;-1
0;591;-6.1652;34.6533;3.7034;9.22465;3288.05;5.54665;0;0;0.1;0.01;0;5.50855;0;0;-1
0;592;-5.75953;51.8001;3.54152;8.5;2572.44;5.11093;0;0;0.1;0.01;0;5.86946;1;0;-1
0;593;-7.56653;71.7828;2.33089;10.3283;4615.04;6.21026;0;0;0.1;0.01;0;6.85499;0;0;-1
0;594;-9.20559;88.3787;3.67956;9.77079;3907.31;5.87503;0;0;0.1;0.01;0;4.97571;0;0;-1
0;595;8.03952;-92.1737;3.09855;8.71605;2773.63;5.24083;0;0;0.1;0.01;0;4.70645;0;0;-1
0;596;8.63582;-76.0897;1.8274;9.61678;3725.44;5.78243;0;0;0.1;0.01;0;7.03952;0;0;-1
0;597;5.95294;-58.9238;1.69088;10.096;4310.59;6.07058;0;0;0.1;0.01;0;6.91972;0;0;-1
0;598;7.03794;-42.7381;3.59447;9.83689;3987.15;5.91478;0;0;0.1;0.01;0;6.72653;0;0;-1
0;599;7.54678;-24.9352;1.84545;9.5353;3631.55;5.73344;0;0;0.1;0.01;0;6.50655;0;0;-1
0;600;9.3593;-8.46082;4.44209;10.1237;4346.17;6.08723;0;0;0.1;0.01;0;5.93112;0;0;-1
0;601;5.73789;10.4494;2.77619;8.89902;2951.99;5.35085;0;0;0.1;0.01;0;4.9601;0;0;-1
0;602;7.62606;25.4189;2.11943;9.91149;4078.55;5.95964;0;0;0.1;0.01;0;6.08732;0;0;-1
0;603;8.38002;44.0611;2.34945;8.5;2572.44;5.11093;0;0;0.1;0.01;0;5.04526;1;0;-1
0;604;6.91395;60.3875;1.62538;8.5;2572.44;5.11093;0;0;0.1;0.01;0;5.65744;1;0;-1
0;605;8.80037;76.5028;2.68092;8.62821;2690.61;5.18802;0;0;0.1;0.01;0;5.7981;0;0;-1
0;606;5.6112;97.9072;1.52291;9.70502;3828.93;5.83549;0;0;0.1;0.01;0;2.82588;0;0;-1
0;607;20.4558;-85.2878;2.17844;8.5;2572.44;5.11093;0;0;0.1;0.01;0;4.15184;1;0;-1
0;608;23.705;-66.3259;2.74129;10.1485;4378.19;6.10215;0;0;0.1;0.01;0;5.92382;0;0;-1
0;609;22.3855;-47.3579;4.38367;8.61569;2678.91;5.18049;0;0;0.1;0.01;0;4.58326;0;0;-1
0;610;21.7447;-31.0883;1.47629;8.5;2572.44;5.11093;0;0;0.1;0.01;0;5.7897;1;0;-1
0;611;21.434;-14.7097;1.49622;8.5;2572.44;5.11093;0;0;0.1;0.01;0;5.46855;1;0;-1
0;612;23.2026;4.33927;1.19512;9.49255;3582.92;5.70773;0;0;0.1;0.01;0;5.44709;0;0;-1
0;613;23.3893;20.8319;4.6702;9.56391;3664.33;5.75064;0;0;0.1;0.01;0;6.83815;0;0;-1
0;614;21.9821;37.2968;4.96787;8.5;2572.44;5.11093;0;0;0.1;0.01;0;5.65982;1;0;-1
0;615;22.7758;51.4208;3.72289;9.88732;4048.78;5.9451;0;0;0.1;0.01;0;6.64431;0;0;-1
0;616;21.1353;67.7534;1.65862;9.16445;3224.09;5.51045;0;0;0.1;0.01;0;5.95726;0;0;-1
0;617;21.4068;89.495;1.13691;10.1186;4339.6;6.08417;0;0;0.1;0.01;0;4.04356;0;0;-1
0;618;38.0417;-75.9238;1.65633;9.44408;3528.32;5.67859;0;0;0.1;0.01;0;6.03194;0;0;-1
0;619;38.5518;-59.603;4.02729;8.64248;2703.98;5.1966;0;0;0.1;0.01;0;5.22819;0;0;-1
0;620;34.9066;-40.1476;3.41236;8.9796;3032.91;5.3993;0;0;0.1;0.01;0;5.4499;0;0;-1
0;621;35.0478;-25.7262;1.19875;9.54414;3641.66;5.73875;0;0;0.1;0.01;0;6.10568;0;0;-1
0;622;38.0189;-8.85063;4.48276;9.35846;3433.22;5.62711;0;0;0.1;0.01;0;6.01216;0;0;-1
0;623;37.237;9.08444;1.45392;9.51894;3612.89;5.7236;0;0;0.1;0.01;0;5.74661;0;0;-1
0;624;36.6626;27.25;2.8733;9.98295;4167.4;6.0026;0;0;0.1;0.01;0;6.5135;0;0;-1
0;625;35.9266;44.5344;1.21334;10.3932;4702.58;6.24928;0;0;0.1;0.01;0;6.87873;0;0;-1
0;626;36.1015;62.7036;3.8296;10.293;4567.88;6.18903;0;0;0.1;0.01;0;7.8233;0;0;-1
0;627;37.6626;80.0034;2.52735;10.395;4705.03;6.25036;0;0;0.1;0.01;0;5.13892;0;0;-1
0;628;50.8457;-83.5282;2.89476;8.5;2572.44;5.11093;0;0;0.1;0.01;0;2.98903;1;0;-1
0;629;52.1829;-64.6117;4.04875;9.83279;3982.16;5.91231;0;0;0.1;0.01;0;5.58542;0;0;-1
0;630;50.3216;-48.4682;3.26286;10.1367;4362.93;6.09505;0;0;0.1;0.01;0;6.362;0;0;-1
0;631;53.4027;-33.6503;4.79235;8.5;2572.44;5.11093;0;0;0.1;0.01;0;5.81322;1;0;-1
0;632;51.3859;-15.8288;2.99236;8.60239;2666.53;5.17249;0;0;0.1;0.01;0;5.11852;0;0;-1
0;633;52.1589;1.13755;2.46641;8.51441;2585.55;5.11959;0;0;0.1;0.01;0;5.43427;0;0;-1
0;634;52.3755;17.0474;1.66336;9.47502;3563.11;5.69719;0;0;0.1;0.01;0;7.31191;0;0;-1
0;635;50.1818;34.3871;2.73646;9.80689;3950.78;5.89674;0;0;0.1;0.01;0;6.23196;0;0;-1
0;636;51.3807;54.6324;4.70538;8.5;2572.44;5.11093;0;0;0.1;0.01;0;5.01644;1;0;-1
0;637;50.0087;67.7087;3.25976;9.09874;3155.24;5.47094;0;0;0.1;0.01;0;4.69967;0;0;-1
0;638;68.055;-56.0633;4.68448;9.91865;4087.39;5.96394;0;0;0.1;0.01;0;4.38633;0;0;-1
0;639;67.5915;-39.0436;2.4044;9.67029;3787.97;5.81461;0;0;0.1;0.01;0;7.08978;0;0;-1
0;640;64.7301;-24.1607;3.89704;8.59961;2663.94;5.17082;0;0;0.1;0.01;0;5.67855;0;0;-1
0;641;67.8262;-6.65699;4.43167;8.5;2572.44;5.11093;0;0;0.1;0.01;0;4.86722;1;0;-1
0;642;65.6274;12.2015;3.83105;10.2544;4516.68;6.16582;0;0;0.1;0.01;0;6.72122;0;0;-1
0;643;65.4874;25.9306;3.94811;8.5;2572.44;5.11093;0;0;0.1;0.01;0;6.09943;1;0;-1
0;644;66.9189;44.313;4.35995;9.40417;3483.77;5.65459;0;0;0.1;0.01;0;5.69807;0;0;-1
0;645;67.4245;60.1774;4.3229;9.78995;3930.34;5.88655;0;0;0.1;0.01;0;4.46651;0;0;-1
0;646;82.3314;-47.3923;5.10316;9.16647;3226.23;5.51167;0;0;0.1;0.01;0;3.67439;0;0;-1
0;647;82.1708;-33.1089;3.18067;10.4059;4719.84;6.25692;0;0;0.1;0.01;0;5.82389;0;0;-1
0;648;81.3972;-15.7983;3.8401;9.58771;3691.76;5.76495;0;0;0.1;0.01;0;6.49003;0;0;-1
0;649;79.7736;0.0603197;1.8749;9.17655;3236.88;5.51773;0;0;0.1;0.01;0;5.72986;0;0;-1
0;650;80.9743;18.2564;2.44513;9.17519;3235.44;5.51691;0;0;0.1;0.01;0;6.64339;0;0;-1
0;651;82.5363;36.1054;4.09281;10.3563;4652.67;6.22709;0;0;0.1;0.01;0;5.55359;0;0;-1
0;652;82.802;55.2978;4.89634;9.98006;4163.78;6.00087;0;0;0.1;0.01;0;2.85005;0;0;-1
0;653;95.839;-23.3865;2.10628;10.372;4673.86;6.23653;0;0;0.1;0.01;0;3.62903;0;0;-1
0;654;96.357;-7.56493;4.22083;9.30892;3378.99;5.59732;0;0;0.1;0.01;0;3.40637;0;0;-1
0;655;94.5231;12.116;1.93507;9.59168;3696.35;5.76734;0;0;0.1;0.01;0;4.21314;0;0;-1
0;656;94.3116;26.6339;4.47849;10.0281;4224.2;6.02975;0;0;0.1;0.01;0;4.46455;0;0;-1
0;657;-86.8381;-40.7505;19.2038;10.0139;4206.28;6.02121;0;0;0.1;0.01;0;3.22124;0;0;-1
0;658;-85.0794;-21.1772;18.5569;9.39531;3473.94;5.64926;0;0;0.1;0.01;0;3.28249;0;0;-1
0;659;-84.8773;-4.98741;19.2713;9.9256;4095.99;5.96812;0;0;0.1;0.01;0;4.60464;0;0;-1
0;660;-86.6497;10.4793;17.1927;9.41782;3498.97;5.6628;0;0;0.1;0.01;0;4.71576;0;0;-1
0;661;-85.7236;27.108;18.3093;8.5;2572.44;5.11093;0;0;0.1;0.01;0;3.21726;1;0;-1
0;662;-84.2551;45.3226;18.9295;8.68184;2741.09;5.22026;0;0;0.1;0.01;0;2.72908;0;0;-1
0;663;-72.1105;-63.6418;19.847;9.46219;3548.65;5.68948;0;0;0.1;0.01;0;3.35586;0;0;-1
0;664;-70.8075;-48.5652;16.6705;9.04696;3101.68;5.43981;0;0;0.1;0.01;0;6.11182;0;0;-1
0;665;-68.984;-33.8716;19.1832;8.5;2572.44;5.11093;0;0;0.1;0.01;0;5.46748;1;0;-1
0;666;-71.959;-13.1853;19.0219;9.90376;4069.01;5.95499;0;0;0.1;0.01;0;7.23388;0;0;-1
0;667;-69.3881;2.17422;19.7098;9.7357;3865.36;5.85394;0;0;0.1;0.01;0;6.9323;0;0;-1
0;668;-70.2489;18.6419;19.2981;9.64972;3763.85;5.80224;0;0;0.1;0.01;0;5.80212;0;0;-1
0;669;-70.2926;34.2583;16.7472;8.77909;2834.24;5.27874;0;0;0.1;0.01;0;4.32272;0;0;-1
0;670;-70.2571;52.8862;16.2627;8.5;2572.44;5.11093;0;0;0.1;0.01;0;3.91491;1;0;-1
0;671;-58.0225;-74.949;17.1212;10.065;4271;6.05194;0;0;0.1;0.01;0;4.51455;0;0;-1
0;672;-57.4996;-58.6546;18.7044;9.47117;3558.77;5.69488;0;0;0.1;0.01;0;6.43842;0;0;-1
0;673;-56.2023;-39.5357;17.4595;10.2399;4497.55;6.1571;0;0;0.1;0.01;0;7.40269;0;0;-1
0;674;-57.0855;-23.2714;16.9128;8.9323;2985.23;5.37086;0;0;0.1;0.01;0;5.73276;0;0;-1
0;675;-55.1847;-6.46366;16.0526;9.97374;4155.88;5.99707;0;0;0.1;0.01;0;6.24348;0;0;-1
0;676;-57.128;8.61899;17.4059;8.70387;2762.01;5.23351;0;0;0.1;0.01;0;5.38418;0;0;-1
0;677;-55.3837;26.7717;16.7946;9.65507;3770.12;5.80545;0;0;0.1;0.01;0;5.70919;0;0;-1
0;678;-54.9714;46.9018;18.9429;8.5;2572.44;5.11093;0;0;0.1;0.01;0;4.35168;1;0;-1
0;679;-53.9861;61.9356;18.2871;8.67427;2733.93;5.21571;0;0;0.1;0.01;0;3.80741;0;0;-1
0;680;-53.7974;78.0464;19.6559;9.60026;3706.27;5.7725;0;0;0.1;0.01;0;2.64019;0;0;-1
0;681;-41.6999;-84.6189;16.8478;9.64536;3758.75;5.79962;0;0;0.1;0.01;0;4.32704;0;0;-1
0;682;-40.6327;-67.4697;17.7312;8.98447;3037.85;5.40223;0;0;0.1;0.01;0;5.51552;0;0;-1
0;683;-40.4667;-47.7811;16.7378;9.09298;3149.25;5.46748;0;0;0.1;0.01;0;5.26032;0;0;-1
0;684;-42.5293;-33.0314;18.1933;9.56256;3662.78;5.74983;0;0;0.1;0.01;0;6.35365;0;0;-1
0;685;-42.1543;-13.758;16.4888;8.5;2572.44;5.11093;0;0;0.1;0.01;0;4.91485;1;0;-1
0;686;-39.992;2.2803;17.7223;8.8338;2887.56;5.31164;0;0;0.1;0.01;0;5.08317;0;0;-1
0;687;-42.2098;18.6863;18.4655;8.81873;2872.81;5.30257;0;0;0.1;0.01;0;5.43336;0;0;-1
0;688;-41.1641;33.7369;18.2755;8.97255;3025.77;5.39506;0;0;0.1;0.01;0;5.19063;0;0;-1
0;689;-39.7095;53.2126;18.5423;8.97931;3032.62;5.39913;0;0;0.1;0.01;0;4.73874;0;0;-1
0;690;-39.5875;71.4851;16.4006;10.2106;4459.05;6.13949;0;0;0.1;0.01;0;5.90283;0;0;-1
0;691;-41.5988;87.7461;18.5451;8.98874;3042.18;5.4048;0;0;0.1;0.01;0;2.9306;0;0;-1
0;692;-27.7626;-93.4538;16.8288;10.4523;4783.26;6.28482;0;0;0.1;0.01;0;3.97969;0;0;-1
0;693;-27.5076;-72.855;18.5013;9.83112;3980.13;5.91131;0;0;0.1;0.01;0;6.16543;0;0;-1
0;694;-25.3731;-56.7112;16.2737;8.5;2572.44;5.11093;0;0;0.1;0.01;0;4.45004;1;0;-1
0;695;-24.5026;-40.3798;17.844;8.88227;2935.35;5.34078;0;0;0.1;0.01;0;5.48617;0;0;-1
0;696;-28.3589;-24.7212;16.3209;9.59361;3698.58;5.7685;0;0;0.1;0.01;0;6.04764;0;0;-1
0;697;-28.3788;-7.18562;16.0132;9.33032;3402.34;5.61019;0;0;0.1;0.01;0;5.29198;0;0;-1
0;698;-26.9614;10.6798;16.4861;9.60486;3711.6;5.77526;0;0;0.1;0.01;0;6.09161;0;0;-1
0;699;-27.4501;28.0477;17.3604;9.05772;3112.76;5.44628;0;0;0.1;0.01;0;5.12833;0;0;-1
0;700;-25.4594;45.9304;17.6334;9.58543;3689.13;5.76358;0;0;0.1;0.01;0;5.76693;0;0;-1
0;701;-28.1565;62.0574;16.4015;9.01678;3070.74;5.42166;0;0;0.1;0.01;0;5.90324;0;0;-1
0;702;-27.4123;80.4116;16.3109;10.1887;4430.42;6.12632;0;0;0.1;0.01;0;5.88948;0;0;-1
0;703;-13.2892;-83.61;17.6368;9.77088;3907.42;5.87509;0;0;0.1;0.01;0;5.45671;0;0;-1
0;704;-13.7333;-65.6477;17.0243;8.5;2572.44;5.11093;0;0;0.1;0.01;0;4.20912;1;0;-1
0;705;-11.1814;-47.5336;16.2665;9.7905;3931;5.88689;0;0;0.1;0.01;0;5.44825;0;0;-1
0;706;-12.356;-30.7859;19.3422;8.63701;2698.85;5.19331;0;0;0.1;0.01;0;5.76273;0;0;-1
0;707;-11.5498;-16.1894;17.4765;9.71429;3839.92;5.84106;0;0;0.1;0.01;0;6.34206;0;0;-1
0;708;-13.6703;1.66368;17.1258;10.0878;4300.09;6.06565;0;0;0.1;0.01;0;7.02339;0;0;-1
0;709;-13.1777;20.7901;16.6112;10.0841;4295.36;6.06342;0;0;0.1;0.01;0;6.26968;0;0;-1
0;710;-10.9567;37.3202;17.2942;8.97727;3030.55;5.3979;0;0;0.1;0.01;0;5.4955;0;0;-1
0;711;-10.0194;52.3608;18.3009;10.1287;4352.61;6.09024;0;0;0.1;0.01;0;6.64298;0;0;-1
0;712;-11.6719;68.4249;18.3665;8.59754;2662.02;5.16958;0;0;0.1;0.01;0;5.20904;0;0;-1
0;713;-11.0504;85.2607;18.6751;8.5;2572.44;5.11093;0;0;0.1;0.01;0;3.73563;1;0;-1
0;714;1.6823;-91.9858;17.4344;10.248;4508.23;6.16197;0;0;0.1;0.01;0;3.908;0;0;-1
0;715;4.58299;-72.2686;15.9818;8.68782;2746.76;5.22386;0;0;0.1;0.01;0;5.15489;0;0;-1
0;716;2.81777;-56.9708;17.3366;8.5;2572.44;5.11093;0;0;0.1;0.01;0;5.54642;1;0;-1
0;717;2.96263;-39.8558;16.6752;9.887;4048.39;5.94491;0;0;0.1;0.01;0;6.58518;0;0;-1
0;718;2.383;-24.4652;16.4644;8.82136;2875.38;5.30416;0;0;0.1;0.01;0;5.63538;0;0;-1
0;719;4.97465;-8.3719;17.1056;8.57217;2638.52;5.15432;0;0;0.1;0.01;0;4.74451;0;0;-1
0;720;4.17252;9.65291;16.3846;9.89258;4055.25;5.94826;0;0;0.1;0.01;0;4.89208;0;0;-1
0;721;2.16057;28.5083;16.6445;9.95865;4137.04;5.98799;0;0;0.1;0.01;0;6.24787;0;0;-1
0;722;2.53724;46.1858;15.6154;8.5982;2662.63;5.16997;0;0;0.1;0.01;0;5.80321;0;0;-1
0;723;2.66186;63.4031;15.8898;10.4039;4717.12;6.25571;0;0;0.1;0.01;0;6.71397;0;0;-1
0;724;0.994191;77.9621;15.9343;8.66392;2724.16;5.20949;0;0;0.1;0.01;0;5.68441;0;0;-1
0;725;4.6968;93.0884;17.7691;8.70908;2766.98;5.23664;0;0;0.1;0.01;0;2.89438;0;0;-1
0;726;17.7776;-82.3795;17.1027;10.0453;4245.97;6.04009;0;0;0.1;0.01;0;5.13115;0;0;-1
0;727;15.7978;-64.4117;16.3767;8.5;2572.44;5.11093;0;0;0.1;0.01;0;4.94423;1;0;-1
0;728;16.0241;-50.0869;18.3069;9.61978;3728.93;5.78423;0;0;0.1;0.01;0;5.5549;0;0;-1
0;729;18.9319;-33.9823;18.101;8.5;2572.44;5.11093;0;0;0.1;0.01;0;4.31532;1;0;-1
0;730;18.3529;-17.0127;17.3437;9.30503;3374.75;5.59498;0;0;0.1;0.01;0;5.77592;0;0;-1
0;731;17.4595;2.71612;18.4891;8.54447;2613.03;5.13767;0;0;0.1;0.01;0;4.73946;0;0;-1
0;732;16.578;21.1407;16.2221;9.14026;3198.63;5.49591;0;0;0.1;0.01;0;6.276;0;0;-1
0;733;16.5183;37.0717;17.4451;8.88866;2941.69;5.34462;0;0;0.1;0.01;0;5.88812;0;0;-1
0;734;19.666;52.9319;17.6948;8.85858;2911.93;5.32654;0;0;0.1;0.01;0;5.16832;0;0;-1
0;735;16.4111;69.7744;17.3872;8.51644;2587.4;5.12081;0;0;0.1;0.01;0;5.15672;0;0;-1
0;736;17.9183;85.6759;16.4561;9.17315;3233.29;5.51568;0;0;0.1;0.01;0;3.56652;0;0;-1
0;737;33.1753;-92.4895;15.9336;9.05955;3114.64;5.44738;0;0;0.1;0.01;0;1.68823;0;0;-1
0;738;33.7895;-73.7653;16.1032;9.51316;3606.31;5.72013;0;0;0.1;0.01;0;5.47784;0;0;-1
0;739;33.18;-55.2455;18.0119;9.15668;3215.9;5.50578;0;0;0.1;0.01;0;4.54352;0;0;-1
0;740;33.6525;-39.0276;18.0724;8.5;2572.44;5.11093;0;0;0.1;0.01;0;5.3304;1;0;-1
0;741;31.4386;-24.487;16.3398;9.37929;3456.2;5.63963;0;0;0.1;0.01;0;6.4821;0;0;-1
0;742;30.7114;-8.0608;18.5937;9.30862;3378.66;5.59714;0;0;0.1;0.01;0;5.49725;0;0;-1
0;743;30.5323;11.5687;17.0197;8.87722;2930.35;5.33774;0;0;0.1;0.01;0;5.13204;0;0;-1
0;744;32.0967;26.8732;16.767;8.78131;2836.39;5.28007;0;0;0.1;0.01;0;5.40301;0;0;-1
0;745;33.2159;45.7699;16.5236;8.5;2572.44;5.11093;0;0;0.1;0.01;0;5.28998;1;0;-1
0;746;30.4866;63.4353;19.4757;9.08213;3137.99;5.46095;0;0;0.1;0.01;0;6.81599;0;0;-1
0;747;30.6529;77.8142;17.8437;9.25776;3323.58;5.56656;0;0;0.1;0.01;0;5.18423;0;0;-1
0;748;45.3095;-81.2485;16.0916;9.99665;4184.58;6.01084;0;0;0.1;0.01;0;4.7078;0;0;-1
0;749;48.9021;-67.6418;17.0082;8.61752;2680.62;5.18159;0;0;0.1;0.01;0;5.0838;0;0;-1
0;750;47.5098;-48.1678;18.5939;8.5;2572.44;5.11093;0;0;0.1;0.01;0;4.60418;1;0;-1
0;751;46.762;-31.8969;16.6132;9.52674;3621.78;5.72829;0;0;0.1;0.01;0;6.82957;0;0;-1
0;752;46.3598;-15.3154;17.5059;9.96599;4146.2;5.99241;0;0;0.1;0.01;0;6.40211;0;0;-1
0;753;46.2069;4.39323;19.4799;9.61473;3723.06;5.7812;0;0;0.1;0.01;0;5.43104;0;0;-1
0;754;48.7878;20.4685;17.3368;9.77667;3914.37;5.87857;0;0;0.1;0.01;0;6.22992;0;0;-1
0;755;46.8583;34.8796;18.986;8.5;2572.44;5.11093;0;0;0.1;0.01;0;5.23537;1;0;-1
0;756;45.0825;54.0899;16.5891;10.1386;4365.39;6.09619;0;0;0.1;0.01;0;6.57459;0;0;-1
0;757;46.979;68.976;17.7765;8.7934;2848.13;5.28734;0;0;0.1;0.01;0;5.04325;0;0;-1
0;758;45.939;86.0496;19.6671;8.5;2572.44;5.11093;0;0;0.1;0.01;0;1.28308;1;0;-1
0;759;61.2213;-75.4438;17.4849;9.74749;3879.42;5.86102;0;0;0.1;0.01;0;2.8222;0;0;-1
0;760;62.3073;-57.9516;18.1679;8.5;2572.44;5.11093;0;0;0.1;0.01;0;4.94756;1;0;-1
0;761;62.5606;-38.7116;16.698;10.097;4311.87;6.07118;0;0;0.1;0.01;0;7.49646;0;0;-1
0;762;60.4208;-24.277;16.5126;9.90118;4065.83;5.95344;0;0;0.1;0.01;0;7.54556;0;0;-1
0;763;60.3762;-7.40174;16.7511;8.93108;2984.01;5.37013;0;0;0.1;0.01;0;4.81162;0;0;-1
0;764;62.4599;10.6044;16.9693;9.45392;3539.36;5.6845;0;0;0.1;0.01;0;5.77883;0;0;-1
0;765;61.6853;28.5331;16.4771;10.2254;4478.47;6.14838;0;0;0.1;0.01;0;7.22223;0;0;-1
0;766;61.8695;45.2117;19.037;8.67367;2733.36;5.21535;0;0;0.1;0.01;0;6.07836;0;0;-1
0;767;62.2912;63.6369;19.0441;10.0225;4217.13;6.02638;0;0;0.1;0.01;0;4.83277;0;0;-1
0;768;75.9076;-50.2059;19.5121;8.70096;2759.24;5.23176;0;0;0.1;0.01;0;3.01229;0;0;-1
0;769;76.0464;-33.4795;18.3421;10.0886;4301.12;6.06613;0;0;0.1;0.01;0;6.13286;0;0;-1
0;770;77.6203;-16.9528;16.7428;8.5;2572.44;5.11093;0;0;0.1;0.01;0;4.96093;1;0;-1
0;771;74.8877;0.853434;19.4044;8.71841;2775.88;5.24225;0;0;0.1;0.01;0;4.44646;0;0;-1
0;772;76.4902;20.1079;16.184;9.82373;3971.16;5.90687;0;0;0.1;0.01;0;6.53706;0;0;-1
0;773;74.8195;37.9222;19.069;10.3722;4674.14;6.23665;0;0;0.1;0.01;0;6.73454;0;0;-1
0;774;76.5289;52.4258;18.758;8.77615;2831.4;5.27697;0;0;0.1;0.01;0;4.57994;0;0;-1
0;775;91.5302;-22.0699;18.6401;9.7875;3927.39;5.88508;0;0;0.1;0.01;0;4.34487;0;0;-1
0;776;92.7462;-7.35745;19.9353;8.5;2572.44;5.11093;0;0;0.1;0.01;0;2.62094;1;0;-1
0;777;91.698;9.32489;16.2187;9.05672;3111.73;5.44567;0;0;0.1;0.01;0;2.52813;0;0;-1
0;778;89.4673;26.8418;17.3928;9.35384;3428.14;5.62433;0;0;0.1;0.01;0;4.07814;0;0;-1
0;779;-93.5891;2.41094;34.5657;8.55786;2625.33;5.14572;0;0;0.1;0.01;0;2.84479;0;0;-1
0;780;-82.0398;-39.7111;31.6326;9.85962;4014.85;5.92845;0;0;0.1;0.01;0;3.15528;0;0;-1
0;781;-79.6842;-25.0891;32.4566;9.32437;3395.84;5.60661;0;0;0.1;0.01;0;4.25214;0;0;-1
0;782;-79.0007;-6.09123;34.025;9.22038;3283.49;5.54408;0;0;0.1;0.01;0;5.97724;0;0;-1
0;783;-80.182;10.0415;31.8113;8.73128;2788.19;5.24999;0;0;0.1;0.01;0;4.89466;0;0;-1
0;784;-82.7018;25.874;30.9238;9.40262;3482.05;5.65366;0;0;0.1;0.01;0;2.74752;0;0;-1
0;785;-79.9062;46.0375;31.3522;8.54151;2610.31;5.13589;0;0;0.1;0.01;0;2.20291;0;0;-1
0;786;-65.9599;-66.8875;33.9555;9.46889;3556.2;5.69351;0;0;0.1;0.01;0;3.41857;0;0;-1
0;787;-66.6273;-47.6762;32.2376;9.70994;3834.76;5.83845;0;0;0.1;0.01;0;4.79152;0;0;-1
0;788;-64.3022;-30.7688;34.2068;9.95636;4134.19;5.98661;0;0;0.1;0.01;0;6.55742;0;0;-1
0;789;-66.7726;-15.5668;31.0162;8.5;2572.44;5.11093;0;0;0.1;0.01;0;5.95228;1;0;-1
0;790;-65.6085;0.0128578;34.1275;8.9441;2997.08;5.37796;0;0;0.1;0.01;0;5.98576;0;0;-1
0;791;-66.5552;18.1259;33.8895;8.5;2572.44;5.11093;0;0;0.1;0.01;0;4.42962;1;0;-1
0;792;-64.4047;35.1681;31.6578;8.58667;2651.94;5.16304;0;0;0.1;0.01;0;4.16586;0;0;-1
0;793;-66.84;53.0579;33.2027;9.91933;4088.23;5.96435;0;0;0.1;0.01;0;3.57348;0;0;-1
0;794;-53.1884;-73.325;30.6188;10.1149;4334.84;6.08194;0;0;0.1;0.01;0;4.85083;0;0;-1
0;795;-50.1834;-58.7154;30.9837;9.48167;3570.62;5.70119;0;0;0.1;0.01;0;6.02537;0;0;-1
0;796;-49.8364;-38.4032;31.6522;9.72083;3847.68;5.84499;0;0;0.1;0.01;0;6.12837;0;0;-1
0;797;-52.8034;-21.2974;31.1191;8.5;2572.44;5.11093;0;0;0.1;0.01;0;4.91615;1;0;-1
0;798;-52.7057;-7.29045;34.1914;9.66627;3783.25;5.81219;0;0;0.1;0.01;0;4.47748;0;0;-1
0;799;-51.668;11.8738;31.7826;8.5;2572.44;5.11093;0;0;0.1;0.01;0;4.16163;1;0;-1
0;800;-50.7142;29.4042;32.6082;8.5;2572.44;5.11093;0;0;0.1;0.01;0;5.23816;1;0;-1
0;801;-52.7789;43.3428;33.1277;8.5;2572.44;5.11093;0;0;0.1;0.01;0;5.24192;1;0;-1
0;802;-51.644;60.0655;33.9756;8.5;2572.44;5.11093;0;0;0.1;0.01;0;4.23952;1;0;-1
0;803;-35.6432;-85.397;34.2811;10.1766;4414.65;6.11904;0;0;0.1;0.01;0;3.63772;0;0;-1
0;804;-38.0014;-66.3749;31.2821;8.5;2572.44;5.11093;0;0;0.1;0.01;0;4.55859;1;0;-1
0;805;-37.9472;-47.2909;33.1271;9.74583;3877.44;5.86003;0;0;0.1;0.01;0;5.96607;0;0;-1
0;806;-34.474;-33.0308;33.0282;10.2533;4515.23;6.16516;0;0;0.1;0.01;0;6.52071;0;0;-1
0;807;-35.1756;-16.2794;32.7147;8.8572;2910.57;5.32571;0;0;0.1;0.01;0;4.12948;0;0;-1
0;808;-35.3363;2.98233;32.2983;8.80953;2863.83;5.29704;0;0;0.1;0.01;0;4.53389;0;0;-1
0;809;-38.3041;17.6752;32.7594;8.96634;3019.49;5.39133;0;0;0.1;0.01;0;4.90083;0;0;-1
0;810;-36.9784;37.9442;31.6595;9.65063;3764.92;5.80278;0;0;0.1;0.01;0;6.08262;0;0;-1
0;811;-36.8423;52.4698;32.4162;8.9865;3039.91;5.40345;0;0;0.1;0.01;0;5.22473;0;0;-1
0;812;-37.9053;69.1934;32.1249;8.5;2572.44;5.11093;0;0;0.1;0.01;0;3.35673;1;0;-1
0;813;-20.9693;-91.0271;34.0211;9.86408;4020.3;5.93113;0;0;0.1;0.01;0;3.7653;0;0;-1
0;814;-22.9248;-74.3036;32.2339;8.5;2572.44;5.11093;0;0;0.1;0.01;0;5.11894;1;0;-1
0;815;-22.8363;-57.0555;34.4168;8.61747;2680.57;5.18156;0;0;0.1;0.01;0;4.58359;0;0;-1
0;816;-21.86;-42.7424;31.8896;8.61331;2676.69;5.17906;0;0;0.1;0.01;0;5.68013;0;0;-1
0;817;-20.4307;-21.6667;31.3756;8.5;2572.44;5.11093;0;0;0.1;0.01;0;3.96017;1;0;-1
0;818;-20.9589;-4.7584;34.0524;9.37895;3455.82;5.63943;0;0;0.1;0.01;0;5.90085;0;0;-1
0;819;-21.7875;11.1914;31.6427;8.93559;2988.53;5.37284;0;0;0.1;0.01;0;5.8768;0;0;-1
0;820;-22.9957;29.3683;33.7829;9.49202;3582.32;5.70741;0;0;0.1;0.01;0;5.55461;0;0;-1
0;821;-20.7369;44.2962;33.8089;9.19925;3260.96;5.53138;0;0;0.1;0.01;0;6.29552;0;0;-1
0;822;-20.4312;59.6991;30.9785;8.65751;2718.11;5.20564;0;0;0.1;0.01;0;5.12197;0;0;-1
0;823;-21.7728;76.7131;32.6744;10.0526;4255.24;6.04448;0;0;0.1;0.01;0;4.73821;0;0;-1
0;824;-6.81752;-81.4842;33.0052;10.2345;4490.44;6.15386;0;0;0.1;0.01;0;5.73577;0;0;-1
0;825;-7.58197;-65.8474;32.0401;9.11861;3175.96;5.48289;0;0;0.1;0.01;0;4.85245;0;0;-1
0;826;-8.80845;-46.9412;30.7966;9.1191;3176.47;5.48318;0;0;0.1;0.01;0;5.15118;0;0;-1
0;827;-5.46233;-32.6252;31.176;8.5;2572.44;5.11093;0;0;0.1;0.01;0;4.74394;1;0;-1
0;828;-8.84123;-13.1765;31.5903;10.4144;4731.42;6.26203;0;0;0.1;0.01;0;6.59277;0;0;-1
0;829;-7.46594;3.47365;31.9498;9.30981;3379.96;5.59785;0;0;0.1;0.01;0;6.08576;0;0;-1
0;830;-6.85724;20.9973;33.6356;10.0649;4270.88;6.05188;0;0;0.1;0.01;0;5.67562;0;0;-1
0;831;-7.48029;37.7963;34.0804;9.13604;3194.2;5.49337;0;0;0.1;0.01;0;6.14408;0;0;-1
0;832;-5.84838;51.7213;33.6923;8.5;2572.44;5.11093;0;0;0.1;0.01;0;5.4935;1;0;-1
0;833;-7.20474;69.7828;32.4005;8.73803;2794.66;5.25405;0;0;0.1;0.01;0;4.34978;0;0;-1
0;834;-6.77989;88.6523;31.1338;8.56897;2635.57;5.1524;0;0;0.1;0.01;0;2.16674;0;0;-1
0;835;8.25066;-89.4378;34.6617;8.757;2812.9;5.26546;0;0;0.1;0.01;0;3.18312;0;0;-1
0;836;7.70328;-74.4738;32.4942;10.4534;4784.77;6.28548;0;0;0.1;0.01;0;7.03344;0;0;-1
0;837;6.34455;-58.9449;31.815;8.79873;2853.31;5.29055;0;0;0.1;0.01;0;5.10425;0;0;-1
0;838;8.48597;-42.9147;33.1995;10.0561;4259.68;6.04659;0;0;0.1;0.01;0;6.75224;0;0;-1
0;839;6.86247;-23.8826;32.7516;8.90408;2957.03;5.35389;0;0;0.1;0.01;0;4.87981;0;0;-1
0;840;7.21105;-6.04923;33.7212;9.87605;4034.95;5.93833;0;0;0.1;0.01;0;6.0516;0;0;-1
0;841;5.64987;8.79033;34.3809;9.10205;3158.68;5.47293;0;0;0.1;0.01;0;4.74255;0;0;-1
0;842;8.33762;27.8167;31.0466;9.25309;3318.55;5.56375;0;0;0.1;0.01;0;5.15909;0;0;-1
0;843;6.79217;42.8927;30.5942;10.1876;4428.99;6.12566;0;0;0.1;0.01;0;6.4219;0;0;-1
0;844;8.63437;61.5755;30.9031;8.68436;2743.48;5.22178;0;0;0.1;0.01;0;4.75612;0;0;-1
0;845;9.12233;78.9355;31.9;9.46328;3549.88;5.69013;0;0;0.1;0.01;0;4.70363;0;0;-1
0;846;23.1425;-82.6658;33.8555;9.93443;4106.93;5.97343;0;0;0.1;0.01;0;4.76643;0;0;-1
0;847;22.6489;-67.9664;33.0106;9.85623;4010.71;5.92641;0;0;0.1;0.01;0;5.40228;0;0;-1
0;848;23.8667;-47.7368;33.3827;8.90151;2954.47;5.35235;0;0;0.1;0.01;0;5.89499;0;0;-1
0;849;21.1365;-32.2876;32.465;10.1635;4397.63;6.11117;0;0;0.1;0.01;0;7.03933;0;0;-1
0;850;22.1183;-14.0051;32.2176;10.1553;4386.99;6.10623;0;0;0.1;0.01;0;6.79624;0;0;-1
0;851;22.3362;0.478496;30.9422;8.92445;2977.37;5.36614;0;0;0.1;0.01;0;5.12689;0;0;-1
0;852;23.0056;19.3347;30.4844;9.06881;3124.2;5.45294;0;0;0.1;0.01;0;4.82292;0;0;-1
0;853;22.1065;37.5563;33.9846;9.3486;3422.38;5.62118;0;0;0.1;0.01;0;5.73729;0;0;-1
0;854;23.7966;51.3895;32.5736;9.90615;4071.96;5.95642;0;0;0.1;0.01;0;6.81327;0;0;-1
0;855;22.3277;68.7586;30.9997;8.75237;2808.44;5.26267;0;0;0.1;0.01;0;5.90195;0;0;-1
0;856;20.8595;89.3902;34.2263;9.34689;3420.5;5.62015;0;0;0.1;0.01;0;1.60179;0;0;-1
0;857;35.7809;-74.7244;32.7932;8.5;2572.44;5.11093;0;0;0.1;0.01;0;3.42638;1;0;-1
0;858;37.1869;-55.0869;32.8357;9.55435;3653.36;5.74489;0;0;0.1;0.01;0;5.75967;0;0;-1
0;859;35.5705;-38.4167;30.8895;8.5;2572.44;5.11093;0;0;0.1;0.01;0;5.30888;1;0;-1
0;860;37.4992;-21.979;32.186;8.5;2572.44;5.11093;0;0;0.1;0.01;0;4.75548;1;0;-1
0;861;35.8992;-4.81433;33.2088;9.17157;3231.62;5.51473;0;0;0.1;0.01;0;5.72639;0;0;-1
0;862;38.7401;9.35488;32.4868;8.59517;2659.82;5.16815;0;0;0.1;0.01;0;4.91379;0;0;-1
0;863;38.1031;25.5599;32.9973;9.81869;3965.06;5.90384;0;0;0.1;0.01;0;5.59257;0;0;-1
0;864;38.3475;43.1683;33.0944;9.76301;3897.98;5.87036;0;0;0.1;0.01;0;6.02014;0;0;-1
0;865;35.3806;61.8624;33.7043;9.76121;3895.83;5.86927;0;0;0.1;0.01;0;6.62624;0;0;-1
0;866;36.8544;77.2524;32.1651;10.0224;4217;6.02632;0;0;0.1;0.01;0;5.23467;0;0;-1
0;867;52.832;-64.6688;31.9357;9.06145;3116.6;5.44852;0;0;0.1;0.01;0;3.9727;0;0;-1
0;868;53.167;-49.3397;32.1237;9.43641;3519.73;5.67398;0;0;0.1;0.01;0;5.6554;0;0;-1
0;869;52.0717;-33.3858;32.4031;9.52844;3623.71;5.72931;0;0;0.1;0.01;0;6.13968;0;0;-1
0;870;51.546;-17.3162;31.5952;9.93219;4104.15;5.97208;0;0;0.1;0.01;0;6.32136;0;0;-1
0;871;53.2129;0.913467;33.8727;10.0205;4214.6;6.02518;0;0;0.1;0.01;0;6.86805;0;0;-1
0;872;52.4624;17.8211;33.3879;8.9672;3020.36;5.39185;0;0;0.1;0.01;0;6.01554;0;0;-1
0;873;53.4733;38.1487;32.2396;8.9671;3020.26;5.39179;0;0;0.1;0.01;0;6.03603;0;0;-1
0;874;53.2654;53.1806;33.3312;9.60563;3712.5;5.77573;0;0;0.1;0.01;0;6.96943;0;0;-1
0;875;51.424;68.3302;32.4194;9.14929;3208.12;5.50134;0;0;0.1;0.01;0;4.86857;0;0;-1
0;876;67.2612;-58.0732;32.4305;8.83388;2887.64;5.31168;0;0;0.1;0.01;0;3.29147;0;0;-1
0;877;67.694;-38.6018;31.5561;9.31078;3381.01;5.59844;0;0;0.1;0.01;0;5.34605;0;0;-1
0;878;66.3885;-21.8176;31.9664;9.12977;3187.63;5.4896;0;0;0.1;0.01;0;5.27204;0;0;-1
0;879;66.9428;-4.77078;32.6255;9.85842;4013.38;5.92772;0;0;0.1;0.01;0;5.72603;0;0;-1
0;880;67.2133;10.3578;32.9778;8.94914;3002.15;5.38099;0;0;0.1;0.01;0;6.55126;0;0;-1
0;881;66.2082;28.0095;33.783;8.61621;2679.4;5.1808;0;0;0.1;0.01;0;5.81984;0;0;-1
0;882;67.3153;45.6458;31.0893;9.11558;3172.79;5.48107;0;0;0.1;0.01;0;6.46545;0;0;-1
0;883;67.0151;59.503;32.0775;9.87652;4035.53;5.93861;0;0;0.1;0.01;0;4.7543;0;0;-1
0;884;79.9439;-30.2586;33.8317;9.91075;4077.63;5.95919;0;0;0.1;0.01;0;4.39795;0;0;-1
0;885;80.1763;-15.9642;30.7258;8.8039;2858.34;5.29366;0;0;0.1;0.01;0;4.50565;0;0;-1
0;886;79.6575;3.68484;33.5487;10.0827;4293.58;6.06258;0;0;0.1;0.01;0;4.94921;0;0;-1
0;887;80.7163;19.6984;34.1946;8.73611;2792.82;5.2529;0;0;0.1;0.01;0;3.84806;0;0;-1
0;888;80.5434;33.6348;31.9261;8.98096;3034.29;5.40012;0;0;0.1;0.01;0;4.25563;0;0;-1
0;889;-86.3537;-6.44469;47.2358;9.7781;3916.08;5.87943;0;0;0.1;0.01;0;3.24477;0;0;-1
0;890;-85.6607;9.8546;47.7963;10.4049;4718.48;6.25632;0;0;0.1;0.01;0;3.02293;0;0;-1
0;891;-69.0208;-49.9836;48.7927;10.4318;4755.17;6.27249;0;0;0.1;0.01;0;2.88133;0;0;-1
0;892;-69.3916;-33.7491;47.982;8.5;2572.44;5.11093;0;0;0.1;0.01;0;4.09505;1;0;-1
0;893;-69.3647;-13.366;47.6977;9.91875;4087.52;5.964;0;0;0.1;0.01;0;5.7252;0;0;-1
0;894;-71.5134;0.840585;46.7766;8.91111;2964.04;5.35812;0;0;0.1;0.01;0;5.62378;0;0;-1
0;895;-68.5666;18.0376;47.0513;8.75571;2811.66;5.26468;0;0;0.1;0.01;0;3.93385;0;0;-1
0;896;-70.5809;36.459;49.3676;9.25688;3322.63;5.56603;0;0;0.1;0.01;0;1.72288;0;0;-1
0;897;-56.639;-59.6054;46.1509;8.92538;2978.3;5.3667;0;0;0.1;0.01;0;4.10132;0;0;-1
0;898;-57.0581;-39.1334;47.6051;9.30218;3371.65;5.59327;0;0;0.1;0.01;0;5.77805;0;0;-1
0;899;-57.0493;-23.2619;47.2535;8.5;2572.44;5.11093;0;0;0.1;0.01;0;5.45207;1;0;-1
0;900;-56.8211;-6.91143;48.8087;9.56046;3660.37;5.74857;0;0;0.1;0.01;0;5.90542;0;0;-1
0;901;-54.5996;12.7552;45.9839;8.6949;2753.48;5.22812;0;0;0.1;0.01;0;4.42109;0;0;-1
0;902;-57.7021;29.746;45.9875;8.5;2572.44;5.11093;0;0;0.1;0.01;0;4.65742;1;0;-1
0;903;-56.3042;45.9411;47.0265;8.5;2572.44;5.11093;0;0;0.1;0.01;0;4.46124;1;0;-1
0;904;-54.4411;61.3006;46.4156;8.73256;2789.42;5.25076;0;0;0.1;0.01;0;3.49943;0;0;-1
0;905;-40.6495;-64.3875;45.879;8.77308;2828.43;5.27513;0;0;0.1;0.01;0;3.66313;0;0;-1
0;906;-40.4054;-50.5774;48.2044;9.14813;3206.9;5.50064;0;0;0.1;0.01;0;5.15894;0;0;-1
0;907;-43.2028;-30.0708;46.0943;10.1709;4407.24;6.11561;0;0;0.1;0.01;0;6.05379;0;0;-1
0;908;-41.5093;-14.2956;49.0755;8.5;2572.44;5.11093;0;0;0.1;0.01;0;4.98898;1;0;-1
0;909;-41.6388;0.775567;49.2645;8.65928;2719.78;5.2067;0;0;0.1;0.01;0;4.59985;0;0;-1
0;910;-42.0978;16.7757;48.269;10.2808;4551.66;6.1817;0;0;0.1;0.01;0;5.92288;0;0;-1
0;911;-42.3267;35.8787;45.2294;8.59133;2656.26;5.16584;0;0;0.1;0.01;0;4.94996;0;0;-1
0;912;-41.2193;53.2373;48.9007;10.1348;4360.48;6.09391;0;0;0.1;0.01;0;6.53595;0;0;-1
0;913;-42.4854;69.7209;48.0947;9.85071;4003.97;5.92309;0;0;0.1;0.01;0;4.23808;0;0;-1
0;914;-27.8302;-76.7424;46.739;9.0812;3137.03;5.46039;0;0;0.1;0.01;0;2.96137;0;0;-1
0;915;-26.1711;-55.5078;48.3152;8.59395;2658.69;5.16742;0;0;0.1;0.01;0;5.99491;0;0;-1
0;916;-27.6871;-41.4897;46.5306;9.63897;3751.29;5.79577;0;0;0.1;0.01;0;7.57589;0;0;-1
0;917;-28.0312;-24.255;49.4419;8.5;2572.44;5.11093;0;0;0.1;0.01;0;4.80457;1;0;-1
0;918;-25.7037;-8.797;47.3277;8.5;2572.44;5.11093;0;0;0.1;0.01;0;4.63802;1;0;-1
0;919;-26.6737;12.0254;46.5394;9.92574;4096.16;5.9682;0;0;0.1;0.01;0;5.77824;0;0;-1
0;920;-26.9576;29.5836;48.5584;10.2075;4454.99;6.13762;0;0;0.1;0.01;0;7.0625;0;0;-1
0;921;-26.3509;45.1533;48.8377;9.22863;3292.31;5.54904;0;0;0.1;0.01;0;6.11789;0;0;-1
0;922;-25.8942;60.8787;46.5174;10.3198;4603.65;6.20515;0;0;0.1;0.01;0;6.87253;0;0;-1
0;923;-25.5685;79.3392;48.5017;9.1597;3219.08;5.50759;0;0;0.1;0.01;0;3.1758;0;0;-1
0;924;-12.3641;-80.7918;46.0141;8.874;2927.16;5.33581;0;0;0.1;0.01;0;3.07027;0;0;-1
0;925;-11.8812;-64.6838;47.9637;8.62741;2689.86;5.18754;0;0;0.1;0.01;0;4.45548;0;0;-1
0;926;-13.4936;-47.9747;46.5714;10.3686;4669.27;6.23449;0;0;0.1;0.01;0;7.51918;0;0;-1
0;927;-12.6905;-33.5674;49.1057;10.005;4195.08;6.01586;0;0;0.1;0.01;0;5.8815;0;0;-1
0;928;-11.4159;-13.8829;48.6881;9.93402;4106.42;5.97318;0;0;0.1;0.01;0;6.77222;0;0;-1
0;929;-11.0361;0.268086;46.1089;9.49154;3581.78;5.70713;0;0;0.1;0.01;0;6.65085;0;0;-1
0;930;-13.1743;19.509;47.8633;10.0132;4205.4;6.02079;0;0;0.1;0.01;0;6.25676;0;0;-1
0;931;-11.2581;37.0946;49.0517;8.84922;2902.71;5.32091;0;0;0.1;0.01;0;6.45002;0;0;-1
0;932;-12.1996;52.5442;48.7854;9.02879;3083.03;5.42888;0;0;0.1;0.01;0;7.2076;0;0;-1
0;933;-11.7539;69.7911;48.0757;10.1432;4371.33;6.09896;0;0;0.1;0.01;0;5.86821;0;0;-1
0;934;-12.8166;86.6159;47.9915;8.5;2572.44;5.11093;0;0;0.1;0.01;0;1.66614;1;0;-1
0;935;2.05767;-73.138;45.881;8.5;2572.44;5.11093;0;0;0.1;0.01;0;4.91253;1;0;-1
0;936;1.61528;-59.4375;46.6212;8.99434;3047.87;5.40817;0;0;0.1;0.01;0;5.60859;0;0;-1
0;937;2.35523;-42.2785;46.955;9.40872;3488.83;5.65733;0;0;0.1;0.01;0;5.65129;0;0;-1
0;938;1.44706;-22.4107;48.5057;9.3869;3464.62;5.64421;0;0;0.1;0.01;0;5.82163;0;0;-1
0;939;4.30769;-5.38798;49.0434;9.50215;3593.8;5.7135;0;0;0.1;0.01;0;6.81281;0;0;-1
0;940;3.22373;8.86532;49.2347;9.40384;3483.41;5.65439;0;0;0.1;0.01;0;5.80901;0;0;-1
0;941;1.82652;29.6377;47.3271;8.5;2572.44;5.11093;0;0;0.1;0.01;0;5.0503;1;0;-1
0;942;1.08758;45.5397;47.5963;8.53776;2606.88;5.13363;0;0;0.1;0.01;0;6.17212;0;0;-1
0;943;1.48646;60.6204;45.6665;9.03964;3094.15;5.4354;0;0;0.1;0.01;0;5.43653;0;0;-1
0;944;4.93229;79.7271;48.661;10.1102;4328.8;6.07912;0;0;0.1;0.01;0;3.00482;0;0;-1
0;945;18.9278;-84.4742;48.8954;8.82496;2878.9;5.30632;0;0;0.1;0.01;0;1.95387;0;0;-1
0;946;18.2834;-65.9338;46.7094;9.13393;3191.99;5.4921;0;0;0.1;0.01;0;4.69426;0;0;-1
0;947;16.9276;-49.4135;46.2828;8.5;2572.44;5.11093;0;0;0.1;0.01;0;4.61293;1;0;-1
0;948;19.3935;-34.3997;45.9323;10.2763;4545.68;6.17899;0;0;0.1;0.01;0;6.56761;0;0;-1
0;949;16.1491;-14.8591;48.4569;9.22523;3288.67;5.547;0;0;0.1;0.01;0;6.34166;0;0;-1
0;950;18.7801;1.80557;48.5204;8.50641;2578.26;5.11478;0;0;0.1;0.01;0;5.65843;0;0;-1
0;951;17.3888;17.4852;46.774;9.55479;3653.86;5.74516;0;0;0.1;0.01;0;5.23564;0;0;-1
0;952;16.0256;36.3971;49.0102;8.5;2572.44;5.11093;0;0;0.1;0.01;0;4.95364;1;0;-1
0;953;19.2415;50.846;45.5626;9.03341;3087.76;5.43166;0;0;0.1;0.01;0;5.1123;0;0;-1
0;954;17.4145;71.0963;46.7965;9.52319;3617.73;5.72616;0;0;0.1;0.01;0;4.5418;0;0;-1
0;955;33.2081;-74.2749;48.7942;8.9766;3029.87;5.3975;0;0;0.1;0.01;0;3.24495;0;0;-1
0;956;33.111;-57.1354;47.8345;9.60965;3717.16;5.77814;0;0;0.1;0.01;0;6.04672;0;0;-1
0;957;33.4763;-39.2131;45.8214;9.85133;4004.73;5.92346;0;0;0.1;0.01;0;6.54134;0;0;-1
0;958;30.7974;-22.514;46.1785;9.98303;4167.5;6.00265;0;0;0.1;0.01;0;6.39032;0;0;-1
0;959;31.9819;-5.0414;47.776;9.48791;3577.67;5.70494;0;0;0.1;0.01;0;5.83568;0;0;-1
0;960;33.2555;12.0657;47.6423;9.44032;3524.1;5.67633;0;0;0.1;0.01;0;5.47861;0;0;-1
0;961;30.6866;25.7839;46.9804;9.75134;3884.02;5.86334;0;0;0.1;0.01;0;6.52717;0;0;-1
0;962;32.708;43.2042;48.5166;8.95476;3007.81;5.38437;0;0;0.1;0.01;0;6.11628;0;0;-1
0;963;31.8867;59.3306;48.6166;9.99243;4179.28;6.0083;0;0;0.1;0.01;0;6.93182;0;0;-1
0;964;30.9343;76.252;47.7009;9.44588;3530.33;5.67967;0;0;0.1;0.01;0;4.12525;0;0;-1
0;965;45.9689;-63.703;46.5717;8.50235;2574.57;5.11234;0;0;0.1;0.01;0;3.30722;0;0;-1
0;966;46.1743;-47.473;47.5689;10.2055;4452.37;6.13642;0;0;0.1;0.01;0;6.42782;0;0;-1
0;967;47.6487;-31.4591;46.2935;8.5;2572.44;5.11093;0;0;0.1;0.01;0;5.04358;1;0;-1
0;968;45.2314;-13.9402;49.0283;9.26855;3335.22;5.57304;0;0;0.1;0.01;0;5.89042;0;0;-1
0;969;45.8966;-0.22477;45.3735;8.5;2572.44;5.11093;0;0;0.1;0.01;0;5.3471;1;0;-1
0;970;47.7174;20.786;46.886;10.0206;4214.73;6.02524;0;0;0.1;0.01;0;7.16654;0;0;-1
0;971;45.3007;36.621;48.5868;9.44979;3534.72;5.68202;0;0;0.1;0.01;0;6.80027;0;0;-1
0;972;46.4684;54.7696;49.1016;9.69619;3818.49;5.83018;0;0;0.1;0.01;0;5.88214;0;0;-1
0;973;45.6626;72.0069;48.4267;9.86394;4020.13;5.93104;0;0;0.1;0.01;0;3.34231;0;0;-1
0;974;63.7028;-58.7721;46.4828;8.74716;2803.43;5.25954;0;0;0.1;0.01;0;2.38162;0;0;-1
0;975;62.011;-42.3734;47.6446;9.36522;3440.67;5.63117;0;0;0.1;0.01;0;5.04868;0;0;-1
0;976;59.8945;-24.0689;48.5241;8.5;2572.44;5.11093;0;0;0.1;0.01;0;4.85976;1;0;-1
0;977;63.6067;-8.69659;46.8137;10.1425;4370.42;6.09854;0;0;0.1;0.01;0;6.67455;0;0;-1
0;978;60.6633;8.13154;47.1481;9.86993;4027.46;5.93465;0;0;0.1;0.01;0;6.38404;0;0;-1
0;979;61.523;26.8088;46.1127;9.90075;4065.3;5.95318;0;0;0.1;0.01;0;6.42641;0;0;-1
0;980;60.172;43.6488;46.0412;10.1384;4365.13;6.09607;0;0;0.1;0.01;0;6.24498;0;0;-1
0;981;61.1685;60.9988;46.9929;9.12844;3186.24;5.4888;0;0;0.1;0.01;0;3.76111;0;0;-1
0;982;77.2959;-30.3697;48.6463;8.61289;2676.3;5.17881;0;0;0.1;0.01;0;2.62318;0;0;-1
0;983;77.1295;-17.0999;47.727;8.5;2572.44;5.11093;0;0;0.1;0.01;0;3.16293;1;0;-1
0;984;75.5654;1.83136;46.5476;9.84126;3992.46;5.91741;0;0;0.1;0.01;0;5.0483;0;0;-1
0;985;78.6912;17.3399;48.8019;10.0526;4255.24;6.04448;0;0;0.1;0.01;0;4.18412;0;0;-1
0;986;75.2843;34.6948;45.9185;10.2898;4563.62;6.18711;0;0;0.1;0.01;0;4.40713;0;0;-1
0;987;-65.6143;-30.2911;62.26;8.57744;2643.39;5.15749;0;0;0.1;0.01;0;3.43654;0;0;-1
0;988;-66.5764;-15.4254;63.5471;8.87947;2932.58;5.3391;0;0;0.1;0.01;0;3.54048;0;0;-1
0;989;-66.6905;0.551491;61.3332;8.52153;2592.04;5.12387;0;0;0.1;0.01;0;3.47931;0;0;-1
0;990;-66.1503;19.5146;63.9388;9.60852;3715.85;5.77746;0;0;0.1;0.01;0;3.35522;0;0;-1
0;991;-51.8201;-58.4795;60.4479;9.06277;3117.97;5.44931;0;0;0.1;0.01;0;2.13699;0;0;-1
0;992;-51.4182;-38.7583;63.6231;10.4312;4754.35;6.27213;0;0;0.1;0.01;0;5.19792;0;0;-1
0;993;-50.746;-24.5032;63.3019;8.99047;3043.94;5.40584;0;0;0.1;0.01;0;6.41202;0;0;-1
0;994;-52.7046;-8.79244;61.3341;8.75928;2815.1;5.26683;0;0;0.1;0.01;0;4.57338;0;0;-1
0;995;-53.4882;10.3272;61.645;10.3467;4639.75;6.22132;0;0;0.1;0.01;0;5.60355;0;0;-1
0;996;-53.0228;27.125;62.1037;8.5119;2583.26;5.11808;0;0;0.1;0.01;0;4.04266;0;0;-1
0;997;-51.7503;46.5221;61.7981;9.49673;3587.66;5.71025;0;0;0.1;0.01;0;3.02912;0;0;-1
0;998;-36.37;-47.5576;60.5178;9.31429;3384.84;5.60055;0;0;0.1;0.01;0;6.18509;0;0;-1
0;999;-36.9147;-33.1669;64.1662;8.56914;2635.73;5.1525;0;0;0.1;0.01;0;5.89187;0;0;-1
0;1000;-35.474;-15.6532;62.6732;9.77893;3917.08;5.87993;0;0;0.1;0.01;0;6.6198;0;0;-1
0;1001;-36.1626;1.45616;63.9628;8.73934;2795.92;5.25484;0;0;0.1;0.01;0;4.8767;0;0;-1
0;1002;-35.0672;19.5877;62.221;8.80965;2863.94;5.29711;0;0;0.1;0.01;0;5.88815;0;0;-1
0;1003;-35.227;37.0928;60.6589;9.96828;4149.06;5.99378;0;0;0.1;0.01;0;6.29451;0;0;-1
0;1004;-38.303;52.259;63.8454;9.47991;3568.63;5.70013;0;0;0.1;0.01;0;3.94452;0;0;-1
0;1005;-38.3158;67.9564;60.6954;9.61487;3723.22;5.78128;0;0;0.1;0.01;0;3.18331;0;0;-1
0;1006;-21.3204;-73.2351;63.7673;8.5;2572.44;5.11093;0;0;0.1;0.01;0;1.71195;1;0;-1
0;1007;-23.293;-57.0294;62.2468;10.4;4711.82;6.25337;0;0;0.1;0.01;0;6.185;0;0;-1
0;1008;-22.2419;-40.8609;61.3903;10.2717;4539.58;6.17622;0;0;0.1;0.01;0;8.02864;0;0;-1
0;1009;-21.3022;-22.736;63.6573;8.53442;2603.82;5.13162;0;0;0.1;0.01;0;6.24228;0;0;-1
0;1010;-21.9745;-5.56619;62.1254;10.3597;4657.26;6.22914;0;0;0.1;0.01;0;6.43741;0;0;-1
0;1011;-22.1206;10.5203;60.8545;8.5;2572.44;5.11093;0;0;0.1;0.01;0;3.63252;1;0;-1
0;1012;-23.7874;26.8082;63.5229;9.01866;3072.66;5.42279;0;0;0.1;0.01;0;4.69464;0;0;-1
0;1013;-22.4076;44.4748;62.8116;9.87176;4029.7;5.93575;0;0;0.1;0.01;0;6.77175;0;0;-1
0;1014;-21.83;59.7025;60.1749;8.81698;2871.1;5.30152;0;0;0.1;0.01;0;5.43771;0;0;-1
0;1015;-7.87433;-67.6948;60.3405;8.52518;2595.37;5.12607;0;0;0.1;0.01;0;3.89104;0;0;-1
0;1016;-7.87094;-47.7056;63.1308;10.2311;4485.96;6.15181;0;0;0.1;0.01;0;6.712;0;0;-1
0;1017;-5.56242;-29.8849;63.3963;9.05885;3113.92;5.44696;0;0;0.1;0.01;0;6.57483;0;0;-1
0;1018;-6.85238;-15.3322;60.9674;8.54701;2615.36;5.13919;0;0;0.1;0.01;0;6.62567;0;0;-1
0;1019;-8.78259;0.617502;60.7708;8.5;2572.44;5.11093;0;0;0.1;0.01;0;4.71332;1;0;-1
0;1020;-6.95407;20.8333;60.3911;8.92528;2978.2;5.36664;0;0;0.1;0.01;0;4.61578;0;0;-1
0;1021;-8.83299;36.0087;63.5806;9.68264;3802.51;5.82203;0;0;0.1;0.01;0;7.04811;0;0;-1
0;1022;-6.47701;52.142;61.0338;9.64341;3756.48;5.79844;0;0;0.1;0.01;0;7.58042;0;0;-1
0;1023;-7.4318;67.6716;60.8734;10.3052;4584.14;6.19637;0;0;0.1;0.01;0;4.93626;0;0;-1
0;1024;5.32072;-73.7766;61.9498;8.5;2572.44;5.11093;0;0;0.1;0.01;0;2.2353;1;0;-1
0;1025;6.8725;-57.4065;62.3015;10.176;4413.87;6.11868;0;0;0.1;0.01;0;5.81541;0;0;-1
0;1026;7.7428;-39.3492;61.0357;8.5;2572.44;5.11093;0;0;0.1;0.01;0;4.55314;1;0;-1
0;1027;6.38215;-22.6908;62.344;9.92312;4092.92;5.96663;0;0;0.1;0.01;0;6.71215;0;0;-1
0;1028;9.17174;-6.37438;62.47;10.2402;4497.94;6.15728;0;0;0.1;0.01;0;6.85686;0;0;-1
0;1029;8.78092;12.1972;62.2403;8.66534;2725.5;5.21034;0;0;0.1;0.01;0;4.78744;0;0;-1
0;1030;7.91804;26.3237;63.4114;8.5;2572.44;5.11093;0;0;0.1;0.01;0;5.49525;1;0;-1
0;1031;7.4233;42.0734;60.0836;10.2988;4575.6;6.19252;0;0;0.1;0.01;0;6.63378;0;0;-1
0;1032;6.63867;63.0843;63.2884;9.3194;3390.41;5.60362;0;0;0.1;0.01;0;4.62327;0;0;-1
0;1033;21.3052;-63.8674;60.9577;8.5;2572.44;5.11093;0;0;0.1;0.01;0;3.70181;1;0;-1
0;1034;23.2546;-50.2968;61.9521;8.5;2572.44;5.11093;0;0;0.1;0.01;0;4.43454;1;0;-1
0;1035;20.9389;-32.3618;61.028;8.5;2572.44;5.11093;0;0;0.1;0.01;0;3.83416;1;0;-1
0;1036;24.2151;-12.6684;60.3646;8.5;2572.44;5.11093;0;0;0.1;0.01;0;5.40742;1;0;-1
0;1037;20.6128;2.95474;61.7801;8.5;2572.44;5.11093;0;0;0.1;0.01;0;5.06402;1;0;-1
0;1038;23.08;19.7941;63.7361;10.3275;4613.96;6.20978;0;0;0.1;0.01;0;7.34257;0;0;-1
0;1039;21.923;37.8386;63.151;8.70203;2760.26;5.2324;0;0;0.1;0.01;0;5.68758;0;0;-1
0;1040;21.5779;53.159;60.4269;8.5;2572.44;5.11093;0;0;0.1;0.01;0;5.29619;1;0;-1
0;1041;22.1382;69.1053;61.3929;9.0674;3122.75;5.4521;0;0;0.1;0.01;0;3.39227;0;0;-1
0;1042;34.6674;-59.7337;63.5371;8.5;2572.44;5.11093;0;0;0.1;0.01;0;2.17503;1;0;-1
0;1043;36.1554;-39.342;62.5745;9.23923;3303.66;5.55541;0;0;0.1;0.01;0;4.51109;0;0;-1
0;1044;38.1808;-22.8139;61.8927;8.81792;2872.02;5.30209;0;0;0.1;0.01;0;4.89467;0;0;-1
0;1045;35.7991;-5.06011;62.607;8.95321;3006.25;5.38344;0;0;0.1;0.01;0;4.80436;0;0;-1
0;1046;38.2698;12.2859;61.3823;9.45337;3538.74;5.68417;0;0;0.1;0.01;0;5.64864;0;0;-1
0;1047;37.9531;26.2091;60.2542;8.5;2572.44;5.11093;0;0;0.1;0.01;0;6.7328;1;0;-1
0;1048;35.5185;43.362;63.5224;9.23679;3301.05;5.55395;0;0;0.1;0.01;0;5.6283;0;0;-1
0;1049;38.6617;60.4729;63.3807;9.72555;3853.28;5.84783;0;0;0.1;0.01;0;3.94886;0;0;-1
0;1050;53.459;-48.734;61.7408;9.52246;3616.9;5.72572;0;0;0.1;0.01;0;3.22402;0;0;-1
0;1051;50.3667;-33.3919;60.8845;8.5;2572.44;5.11093;0;0;0.1;0.01;0;4.87469;1;0;-1
0;1052;51.0251;-15.2784;62.141;9.58171;3684.83;5.76134;0;0;0.1;0.01;0;5.69837;0;0;-1
0;1053;50.037;0.792554;62.6975;8.5;2572.44;5.11093;0;0;0.1;0.01;0;4.12977;1;0;-1
0;1054;50.5487;20.6985;60.9301;8.5;2572.44;5.11093;0;0;0.1;0.01;0;5.72342;1;0;-1
0;1055;50.8716;34.8081;61.8179;9.8158;3961.56;5.9021;0;0;0.1;0.01;0;6.0172;0;0;-1
0;1056;53.6987;53.0065;62.7379;10.1404;4367.71;6.09728;0;0;0.1;0.01;0;3.14164;0;0;-1
0;1057;67.078;-40.8595;60.894;10.4293;4751.76;6.27099;0;0;0.1;0.01;0;2.85232;0;0;-1
0;1058;64.4534;-21.5191;62.1452;8.5;2572.44;5.11093;0;0;0.1;0.01;0;2.95706;1;0;-1
0;1059;64.4427;-5.43705;61.8656;8.5;2572.44;5.11093;0;0;0.1;0.01;0;4.08182;1;0;-1
0;1060;66.7722;9.19573;60.6527;9.7064;3830.57;5.83632;0;0;0.1;0.01;0;3.28775;0;0;-1
0;1061;65.1712;25.0293;60.1669;8.80062;2855.15;5.29169;0;0;0.1;0.01;0;2.81952;0;0;-1
0;1062;-54.4236;-23.7658;75.9838;9.34551;3418.99;5.61932;0;0;0.1;0.01;0;3.60282;0;0;-1
0;1063;-56.5113;-4.70347;78.7048;8.5;2572.44;5.11093;0;0;0.1;0.01;0;1.66126;1;0;-1
0;1064;-54.9475;10.6817;76.2457;9.32397;3395.4;5.60637;0;0;0.1;0.01;0;3.90419;0;0;-1
0;1065;-56.4401;29.7263;75.0184;10.447;4775.99;6.28163;0;0;0.1;0.01;0;3.23432;0;0;-1
0;1066;-40.0293;-48.9615;77.0277;8.5;2572.44;5.11093;0;0;0.1;0.01;0;2.24518;1;0;-1
0;1067;-42.2514;-30.7961;77.7925;8.79456;2849.25;5.28804;0;0;0.1;0.01;0;4.74931;0;0;-1
0;1068;-40.3978;-15.9269;75.0972;9.98709;4172.59;6.00509;0;0;0.1;0.01;0;6.5462;0;0;-1
0;1069;-40.4503;2.871;77.9474;9.51488;3608.27;5.72116;0;0;0.1;0.01;0;5.73067;0;0;-1
0;1070;-41.6354;17.7768;74.6445;8.54694;2615.29;5.13915;0;0;0.1;0.01;0;5.54952;0;0;-1
0;1071;-39.3203;33.6812;76.4756;9.87209;4030.1;5.93594;0;0;0.1;0.01;0;4.14362;0;0;-1
0;1072;-24.391;-55.1616;76.9459;9.73996;3870.44;5.8565;0;0;0.1;0.01;0;3.46666;0;0;-1
0;1073;-26.2727;-40.8473;74.9522;9.02504;3079.19;5.42663;0;0;0.1;0.01;0;5.50504;0;0;-1
0;1074;-27.467;-23.1538;76.5371;10.0637;4269.35;6.05116;0;0;0.1;0.01;0;7.013;0;0;-1
0;1075;-27.2502;-4.51522;77.9021;9.34698;3420.6;5.6202;0;0;0.1;0.01;0;6.55001;0;0;-1
0;1076;-24.9814;12.2892;77.0432;9.04555;3100.23;5.43896;0;0;0.1;0.01;0;5.7752;0;0;-1
0;1077;-25.7853;26.5325;77.2987;9.31413;3384.66;5.60045;0;0;0.1;0.01;0;5.89602;0;0;-1
0;1078;-25.3435;43.7277;77.7671;9.28589;3353.97;5.58347;0;0;0.1;0.01;0;3.80743;0;0;-1
0;1079;-10.067;-47.8109;76.4021;8.80812;2862.45;5.29619;0;0;0.1;0.01;0;4.92359;0;0;-1
0;1080;-12.4537;-31.1425;76.415;10.2266;4480.05;6.14911;0;0;0.1;0.01;0;7.47869;0;0;-1
0;1081;-12.8026;-16.1714;74.6143;9.40462;3484.27;5.65486;0;0;0.1;0.01;0;7.35072;0;0;-1
0;1082;-13.5648;0.325961;78.4968;10.2202;4471.64;6.14526;0;0;0.1;0.01;0;6.59522;0;0;-1
0;1083;-11.4829;20.5766;78.3168;8.95194;3004.97;5.38267;0;0;0.1;0.01;0;5.81126;0;0;-1
0;1084;-10.8864;36.508;76.7777;10.0821;4292.81;6.06222;0;0;0.1;0.01;0;7.27643;0;0;-1
0;1085;-11.9908;51.5983;76.31;9.93362;4105.93;5.97294;0;0;0.1;0.01;0;4.78293;0;0;-1
0;1086;3.54424;-58.8476;76.6055;10.3992;4710.73;6.25289;0;0;0.1;0.01;0;3.37027;0;0;-1
0;1087;1.37766;-42.2294;78.4844;8.5;2572.44;5.11093;0;0;0.1;0.01;0;4.97675;1;0;-1
0;1088;4.76614;-23.2448;76.3312;10.0445;4244.96;6.03961;0;0;0.1;0.01;0;6.80815;0;0;-1
0;1089;1.29903;-7.59602;78.2465;9.92445;4094.57;5.96743;0;0;0.1;0.01;0;6.2694;0;0;-1
0;1090;3.27016;11.4163;77.6359;8.90179;2954.75;5.35252;0;0;0.1;0.01;0;4.53965;0;0;-1
0;1091;1.50406;27.3605;77.7748;9.65841;3774.03;5.80746;0;0;0.1;0.01;0;7.23943;0;0;-1
0;1092;2.53993;42.4937;76.468;10.3015;4579.2;6.19414;0;0;0.1;0.01;0;6.33672;0;0;-1
0;1093;4.047;61.3712;76.5646;9.70352;3827.16;5.83459;0;0;0.1;0.01;0;3.29175;0;0;-1
0;1094;16.4727;-49.5953;74.9929;8.82222;2876.22;5.30467;0;0;0.1;0.01;0;3.51524;0;0;-1
0;1095;17.4665;-30.7358;77.8414;9.94785;4123.6;5.9815;0;0;0.1;0.01;0;6.04376;0;0;-1
0;1096;18.4967;-13.1216;74.606;9.11763;3174.93;5.4823;0;0;0.1;0.01;0;6.14136;0;0;-1
0;1097;16.7189;3.33836;76.309;8.78297;2838;5.28107;0;0;0.1;0.01;0;5.25052;0;0;-1
0;1098;18.4107;20.1252;76.7559;8.5;2572.44;5.11093;0;0;0.1;0.01;0;5.8103;1;0;-1
0;1099;18.6034;33.979;76.0119;10.0972;4312.13;6.0713;0;0;0.1;0.01;0;7.30753;0;0;-1
0;1100;18.5665;54.4252;76.145;9.59276;3697.6;5.76799;0;0;0.1;0.01;0;3.60242;0;0;-1
0;1101;32.5512;-40.2002;76.4267;10.1849;4425.47;6.12403;0;0;0.1;0.01;0;3.8129;0;0;-1
0;1102;31.2488;-22.9449;78.5506;10.1291;4353.13;6.09048;0;0;0.1;0.01;0;5.58289;0;0;-1
0;1103;31.1776;-5.98829;77.3408;8.5572;2624.72;5.14532;0;0;0.1;0.01;0;5.19985;0;0;-1
0;1104;32.3736;11.7434;76.17;9.07028;3125.72;5.45383;0;0;0.1;0.01;0;4.46396;0;0;-1
0;1105;34.5148;28.4094;76.6467;10.3011;4578.67;6.1939;0;0;0.1;0.01;0;5.87673;0;0;-1
0;1106;30.9569;46.4967;78.1627;10.3268;4613.03;6.20935;0;0;0.1;0.01;0;4.16864;0;0;-1
0;1107;49.0816;-30.3957;78.6685;9.26179;3327.92;5.56898;0;0;0.1;0.01;0;1.69058;0;0;-1
0;1108;45.4502;-13.884;75.3055;8.5304;2600.14;5.12921;0;0;0.1;0.01;0;4.76228;0;0;-1
0;1109;47.4464;0.40238;77.9847;8.55106;2619.08;5.14163;0;0;0.1;0.01;0;3.45252;0;0;-1
0;1110;48.3235;20.0359;74.919;9.58572;3689.46;5.76375;0;0;0.1;0.01;0;3.87052;0;0;-1
0;1111;49.0119;36.2374;77.467;8.5;2572.44;5.11093;0;0;0.1;0.01;0;2.34087;1;0;-1
0;1112;60.4383;-6.10696;78.4438;8.5;2572.44;5.11093;0;0;0.1;0.01;0;1.59545;1;0;-1
0;1113;-36.2715;-15.7308;89.6386;9.8315;3980.59;5.91154;0;0;0.1;0.01;0;4.24719;0;0;-1
0;1114;-36.4168;1.56601;91.2407;8.5;2572.44;5.11093;0;0;0.1;0.01;0;3.92182;1;0;-1
0;1115;-38.447;16.9499;89.8885;10.0141;4206.53;6.02133;0;0;0.1;0.01;0;3.76913;0;0;-1
0;1116;-21.1039;-24.4723;90.0503;10.4526;4783.67;6.285;0;0;0.1;0.01;0;4.94865;0;0;-1
0;1117;-23.4147;-6.36103;93.0754;10.0382;4236.98;6.03582;0;0;0.1;0.01;0;4.54064;0;0;-1
0;1118;-22.7376;11.689;89.7666;8.5;2572.44;5.11093;0;0;0.1;0.01;0;4.56314;1;0;-1
0;1119;-21.6275;27.6348;93.3786;10.1704;4406.59;6.11531;0;0;0.1;0.01;0;3.63689;0;0;-1
0;1120;-7.47652;-31.4714;90.7921;9.99572;4183.41;6.01028;0;0;0.1;0.01;0;4.74673;0;0;-1
0;1121;-8.53326;-14.0092;89.4451;9.49792;3589.01;5.71096;0;0;0.1;0.01;0;6.43322;0;0;-1
0;1122;-6.5162;1.18228;92.6625;9.92513;4095.41;5.96784;0;0;0.1;0.01;0;5.31265;0;0;-1
0;1123;-5.8078;19.1307;93.3179;10.3778;4681.71;6.24002;0;0;0.1;0.01;0;5.37762;0;0;-1
0;1124;-7.61447;35.0384;92.3576;8.5;2572.44;5.11093;0;0;0.1;0.01;0;3.7092;1;0;-1
0;1125;5.42267;-38.5686;92.1444;8.64182;2703.36;5.1962;0;0;0.1;0.01;0;2.77337;0;0;-1
0;1126;6.63305;-23.3656;92.1231;9.97299;4154.94;5.99661;0;0;0.1;0.01;0;4.85896;0;0;-1
0;1127;7.32675;-5.04228;91.6054;9.76217;3896.98;5.86985;0;0;0.1;0.01;0;4.37115;0;0;-1
0;1128;6.66456;10.8045;91.2131;9.29955;3368.79;5.59168;0;0;0.1;0.01;0;4.12199;0;0;-1
0;1129;6.09836;28.7521;90.0543;9.47028;3557.76;5.69434;0;0;0.1;0.01;0;5.33431;0;0;-1
0;1130;23.7567;-31.9714;89.8618;8.5;2572.44;5.11093;0;0;0.1;0.01;0;2.94756;1;0;-1
0;1131;20.7091;-13.4739;89.3526;8.96289;3016.01;5.38926;0;0;0.1;0.01;0;4.82255;0;0;-1
0;1132;22.7961;0.12216;90.1687;8.56343;2630.46;5.14907;0;0;0.1;0.01;0;3.46849;0;0;-1
0;1133;20.0126;20.8167;90.9633;8.88242;2935.5;5.34087;0;0;0.1;0.01;0;3.25315;0;0;-1
0;1134;20.8926;36.714;90.3471;8.61361;2676.97;5.17924;0;0;0.1;0.01;0;2.7189;0;0;-1
0;1135;37.3231;-7.80583;89.7338;9.767;3902.76;5.87276;0;0;0.1;0.01;0;3.63618;0;0;-1
0;1136;35.4262;9.72349;91.169;8.5238;2594.11;5.12524;0;0;0.1;0.01;0;1.9643;0;0;-1
