Time;ID;x;y;z;radius;volume_total;radius_nuclear;contact_ECM;freezer;polarized_fraction;motility;cell_line;Cell_cell;phase;Cycle;NFkB
0;0;-51.3233;-4.6112;-83.4302;8.5;2572.44;5.11093;0;0;0.1;0.01;0;2.64224;1;0;-1
0;1;-37.4318;-33.3442;-84.6876;9.8791;4038.69;5.94016;0;0;0.1;0.01;0;2.67528;0;0;-1
0;2;-37.6562;-13.826;-86.4878;8.5;2572.44;5.11093;0;0;0.1;0.01;0;2.65141;1;0;-1
0;3;-38.5094;0.466958;-85.5944;8.93259;2985.53;5.37104;0;0;0.1;0.01;0;2.49554;0;0;-1
0;4;-35.4896;20.6076;-84.3339;10.0373;4235.84;6.03528;0;0;0.1;0.01;0;3.05511;0;0;-1
0;5;-21.8017;-40.6284;-87.2625;9.31441;3384.97;5.60062;0;0;0.1;0.01;0;2.80724;0;0;-1
0;6;-20.549;-22.3986;-85.9378;8.72424;2781.45;5.24576;0;0;0.1;0.01;0;4.23859;0;0;-1
0;7;-21.0293;-8.41782;-84.5116;8.68751;2746.47;5.22367;0;0;0.1;0.01;0;4.10722;0;0;-1
0;8;-20.3073;10.7164;-85.974;8.9461;2999.09;5.37916;0;0;0.1;0.01;0;3.39449;0;0;-1
0;9;-22.2943;28.7585;-84.0035;9.1147;3171.87;5.48054;0;0;0.1;0.01;0;3.8139;0;0;-1
0;10;-8.84482;-49.3341;-83.4183;10.3831;4688.89;6.24321;0;0;0.1;0.01;0;3.60948;0;0;-1
0;11;-7.09824;-30.7514;-87.1606;9.25676;3322.5;5.56596;0;0;0.1;0.01;0;4.7529;0;0;-1
0;12;-6.80724;-16.6174;-86.2507;8.92614;2979.06;5.36716;0;0;0.1;0.01;0;5.07722;0;0;-1
0;13;-6.59135;0.141787;-85.5149;10.1914;4433.94;6.12794;0;0;0.1;0.01;0;5.01985;0;0;-1
0;14;-7.56539;20.03;-83.761;10.1998;4444.92;6.13299;0;0;0.1;0.01;0;5.00603;0;0;-1
0;15;-7.67761;38.2923;-83.9323;9.71243;3837.71;5.83994;0;0;0.1;0.01;0;3.32167;0;0;-1
0;16;7.44572;-40.8708;-85.9505;10.0896;4302.4;6.06673;0;0;0.1;0.01;0;4.84801;0;0;-1
0;17;6.40265;-24.235;-83.4909;10.0954;4309.82;6.07022;0;0;0.1;0.01;0;6.03553;0;0;-1
0;18;8.7288;-6.01799;-85.8393;8.76963;2825.09;5.27305;0;0;0.1;0.01;0;3.89263;0;0;-1
0;19;6.48379;10.9358;-86.7594;8.73724;2793.9;5.25358;0;0;0.1;0.01;0;2.66807;0;0;-1
0;20;7.75177;27.7547;-87.3914;8.84193;2895.54;5.31652;0;0;0.1;0.01;0;3.18346;0;0;-1
0;21;8.87479;45.3854;-83.5795;10.2972;4573.47;6.19156;0;0;0.1;0.01;0;3.80096;0;0;-1
0;22;20.2418;-49.1562;-84.5015;9.44966;3534.57;5.68194;0;0;0.1;0.01;0;3.2326;0;0;-1
0;23;23.3369;-34.0357;-86.6681;10.0918;4305.21;6.06805;0;0;0.1;0.01;0;5.122;0;0;-1
0;24;20.6118;-15.7266;-84.9737;8.5;2572.44;5.11093;0;0;0.1;0.01;0;3.27998;1;0;-1
0;25;22.48;3.45323;-86.8665;8.58914;2654.22;5.16453;0;0;0.1;0.01;0;3.59214;0;0;-1
0;26;23.6308;20.3879;-84.4874;8.88816;2941.2;5.34432;0;0;0.1;0.01;0;4.47563;0;0;-1
0;27;23.5494;37.7402;-84.8653;9.8457;3997.87;5.92008;0;0;0.1;0.01;0;3.69149;0;0;-1
0;28;36.3535;-40.194;-83.6496;9.99562;4183.29;6.01022;0;0;0.1;0.01;0;3.76848;0;0;-1
0;29;35.4704;-25.5466;-86.1214;8.5;2572.44;5.11093;0;0;0.1;0.01;0;3.01651;1;0;-1
0;30;37.2062;-5.59854;-85.302;10.2046;4451.19;6.13588;0;0;0.1;0.01;0;2.52985;0;0;-1
0;31;36.5623;10.8601;-83.9735;10.2277;4481.49;6.14977;0;0;0.1;0.01;0;3.93831;0;0;-1
0;32;37.589;26.9798;-83.9291;10.0868;4298.82;6.06505;0;0;0.1;0.01;0;4.35794;0;0;-1
0;33;-70.5274;-14.7647;-69.3753;9.3986;3477.59;5.65124;0;0;0.1;0.01;0;2.27976;0;0;-1
0;34;-57.8129;-39.4505;-71.3456;9.97762;4160.73;5.9994;0;0;0.1;0.01;0;3.10491;0;0;-1
0;35;-56.6647;-25.1908;-72.4914;9.30194;3371.39;5.59312;0;0;0.1;0.01;0;3.99582;0;0;-1
0;36;-54.7655;-8.895;-70.8549;8.5;2572.44;5.11093;0;0;0.1;0.01;0;4.50298;1;0;-1
0;37;-56.2953;9.85593;-69.7949;10.3383;4628.45;6.21627;0;0;0.1;0.01;0;3.50629;0;0;-1
0;38;-57.7877;28.4738;-71.5086;8.5;2572.44;5.11093;0;0;0.1;0.01;0;2.15585;1;0;-1
0;39;-54.6528;46.9041;-68.5787;9.52835;3623.61;5.72926;0;0;0.1;0.01;0;3.24123;0;0;-1
0;40;-41.5496;-51.3154;-72.6746;9.08313;3139.03;5.46155;0;0;0.1;0.01;0;2.11334;0;0;-1
0;41;-41.3953;-30.4542;-70.9806;9.44447;3528.75;5.67882;0;0;0.1;0.01;0;5.73787;0;0;-1
0;42;-42.2325;-16.6257;-69.6689;10.4347;4759.14;6.27423;0;0;0.1;0.01;0;6.85566;0;0;-1
0;43;-39.4141;1.73034;-69.0957;8.5;2572.44;5.11093;0;0;0.1;0.01;0;4.22102;1;0;-1
0;44;-42.3607;16.7607;-69.0649;8.5;2572.44;5.11093;0;0;0.1;0.01;0;5.51187;1;0;-1
0;45;-42.4196;34.2515;-69.8624;9.48534;3574.76;5.7034;0;0;0.1;0.01;0;5.21285;0;0;-1
0;46;-41.2095;53.4623;-69.4127;8.5;2572.44;5.11093;0;0;0.1;0.01;0;3.80542;1;0;-1
0;47;-26.5804;-57.1952;-70.3606;8.69547;2754.02;5.22846;0;0;0.1;0.01;0;4.02421;0;0;-1
0;48;-28.5616;-42.5898;-68.4938;10.4235;4743.83;6.2675;0;0;0.1;0.01;0;6.38711;0;0;-1
0;49;-26.2516;-24.7391;-70.6808;8.78999;2844.81;5.28529;0;0;0.1;0.01;0;5.81305;0;0;-1
0;50;-24.7296;-8.81351;-71.866;8.5;2572.44;5.11093;0;0;0.1;0.01;0;4.47446;1;0;-1
0;51;-26.8805;11.1058;-69.6488;9.33999;3412.93;5.616;0;0;0.1;0.01;0;5.35126;0;0;-1
0;52;-26.0036;26.929;-69.2386;10.0291;4225.46;6.03035;0;0;0.1;0.01;0;6.57086;0;0;-1
0;53;-27.6139;43.7339;-70.6682;9.33376;3406.11;5.61225;0;0;0.1;0.01;0;4.60192;0;0;-1
0;54;-27.1627;62.1957;-69.8035;9.79464;3935.99;5.88937;0;0;0.1;0.01;0;3.73949;0;0;-1
0;55;-13.5681;-63.8512;-69.0189;9.87774;4037.02;5.93934;0;0;0.1;0.01;0;4.04079;0;0;-1
0;56;-13.8202;-48.135;-68.3407;8.5;2572.44;5.11093;0;0;0.1;0.01;0;5.72133;1;0;-1
0;57;-11.3432;-31.1882;-72.6072;8.91585;2968.77;5.36097;0;0;0.1;0.01;0;5.0974;0;0;-1
0;58;-12.6979;-15.0529;-70.9712;9.29638;3365.35;5.58978;0;0;0.1;0.01;0;6.5869;0;0;-1
0;59;-9.95166;1.96263;-71.778;9.45092;3535.99;5.6827;0;0;0.1;0.01;0;5.80841;0;0;-1
0;60;-11.652;16.5863;-70.1449;8.82064;2874.68;5.30372;0;0;0.1;0.01;0;5.34765;0;0;-1
0;61;-11.8834;36.6284;-70.9278;9.09843;3154.92;5.47075;0;0;0.1;0.01;0;4.65228;0;0;-1
0;62;-10.7487;55.0814;-70.3575;9.75011;3882.55;5.8626;0;0;0.1;0.01;0;3.31368;0;0;-1
0;63;2.17821;-56.2441;-69.0663;9.01971;3073.73;5.42342;0;0;0.1;0.01;0;4.73868;0;0;-1
0;64;3.94294;-40.1527;-72.0495;8.76763;2823.16;5.27185;0;0;0.1;0.01;0;5.20029;0;0;-1
0;65;2.71778;-22.8991;-68.5056;10.2393;4496.76;6.15674;0;0;0.1;0.01;0;7.06998;0;0;-1
0;66;4.34214;-7.97817;-72.0207;9.90275;4067.77;5.95438;0;0;0.1;0.01;0;6.59402;0;0;-1
0;67;2.3522;10.1683;-69.2142;8.5;2572.44;5.11093;0;0;0.1;0.01;0;4.96751;1;0;-1
0;68;4.4024;26.792;-69.691;8.5;2572.44;5.11093;0;0;0.1;0.01;0;4.49155;1;0;-1
0;69;4.4383;45.7954;-70.5486;9.40266;3482.1;5.65368;0;0;0.1;0.01;0;6.07199;0;0;-1
0;70;3.50466;63.7164;-70.1444;9.87208;4030.09;5.93594;0;0;0.1;0.01;0;3.45475;0;0;-1
0;71;16.3292;-66.268;-69.8956;9.33398;3406.35;5.61239;0;0;0.1;0.01;0;2.89206;0;0;-1
0;72;15.9664;-47.1671;-70.9248;8.71329;2770.99;5.23917;0;0;0.1;0.01;0;4.75289;0;0;-1
0;73;19.2575;-30.2059;-70.8785;10.2304;4485.04;6.15139;0;0;0.1;0.01;0;6.88831;0;0;-1
0;74;16.4052;-14.0934;-69.2258;8.5;2572.44;5.11093;0;0;0.1;0.01;0;6.69689;1;0;-1
0;75;16.9927;1.22584;-71.328;9.24351;3308.26;5.55799;0;0;0.1;0.01;0;5.44051;0;0;-1
0;76;16.0017;18.209;-69.2075;8.72477;2781.96;5.24608;0;0;0.1;0.01;0;4.98823;0;0;-1
0;77;17.306;35.4462;-70.6336;9.03495;3089.34;5.43258;0;0;0.1;0.01;0;5.48786;0;0;-1
0;78;19.4557;55.0769;-70.283;10.194;4437.34;6.1295;0;0;0.1;0.01;0;4.06582;0;0;-1
0;79;31.0836;-57.7957;-69.4738;8.5;2572.44;5.11093;0;0;0.1;0.01;0;3.35846;1;0;-1
0;80;31.7669;-38.529;-68.4301;9.87873;4038.24;5.93994;0;0;0.1;0.01;0;6.27337;0;0;-1
0;81;32.0181;-21.8247;-69.6493;8.5;2572.44;5.11093;0;0;0.1;0.01;0;4.93243;1;0;-1
0;82;33.3361;-6.34369;-68.8063;9.53103;3626.67;5.73087;0;0;0.1;0.01;0;5.56971;0;0;-1
0;83;30.5722;12.4426;-71.2981;9.73152;3860.39;5.85142;0;0;0.1;0.01;0;6.45213;0;0;-1
0;84;33.6226;28.6034;-68.5208;10.0382;4236.98;6.03582;0;0;0.1;0.01;0;6.88767;0;0;-1
0;85;34.008;43.7478;-71.9734;8.5;2572.44;5.11093;0;0;0.1;0.01;0;4.23426;1;0;-1
0;86;46.3656;-51.2914;-68.9083;9.61922;3728.28;5.7839;0;0;0.1;0.01;0;2.75973;0;0;-1
0;87;45.9805;-30.4843;-71.9456;9.01313;3067.01;5.41946;0;0;0.1;0.01;0;4.33379;0;0;-1
0;88;47.5586;-13.4205;-72.0012;9.9526;4129.51;5.98435;0;0;0.1;0.01;0;4.86507;0;0;-1
0;89;45.3318;1.65156;-69.0583;8.5;2572.44;5.11093;0;0;0.1;0.01;0;5.76178;1;0;-1
0;90;47.3076;17.1284;-68.9532;10.3912;4699.87;6.24808;0;0;0.1;0.01;0;6.38374;0;0;-1
0;91;48.9694;36.8802;-71.9529;10.2103;4458.66;6.13931;0;0;0.1;0.01;0;3.53619;0;0;-1
0;92;46.7043;54.1071;-69.0008;8.5;2572.44;5.11093;0;0;0.1;0.01;0;2.53796;1;0;-1
0;93;60.0252;-25.6696;-72.0486;10.0688;4275.84;6.05422;0;0;0.1;0.01;0;2.75234;0;0;-1
0;94;62.5655;-5.60573;-71.9216;8.73835;2794.97;5.25424;0;0;0.1;0.01;0;2.33595;0;0;-1
0;95;61.3311;9.87342;-68.8426;9.81409;3959.49;5.90107;0;0;0.1;0.01;0;3.63434;0;0;-1
0;96;-80.3914;-8.31292;-55.4085;9.69228;3813.88;5.82783;0;0;0.1;0.01;0;2.96323;0;0;-1
0;97;-80.1269;12.4611;-54.3336;8.7296;2786.58;5.24898;0;0;0.1;0.01;0;2.6128;0;0;-1
0;98;-65.7564;-48.4221;-54.2747;10.1245;4347.2;6.08771;0;0;0.1;0.01;0;4.67994;0;0;-1
0;99;-67.701;-33.8775;-55.4076;8.95215;3005.18;5.3828;0;0;0.1;0.01;0;3.30421;0;0;-1
0;100;-65.554;-12.6502;-56.3772;8.50736;2579.13;5.11535;0;0;0.1;0.01;0;4.00106;0;0;-1
0;101;-64.596;1.73375;-53.9642;9.72048;3847.26;5.84478;0;0;0.1;0.01;0;5.33498;0;0;-1
0;102;-68.0157;19.6468;-57.7793;8.68328;2742.46;5.22113;0;0;0.1;0.01;0;3.53397;0;0;-1
0;103;-66.44;35.4414;-55.5475;8.5;2572.44;5.11093;0;0;0.1;0.01;0;3.49364;1;0;-1
0;104;-52.2512;-59.3443;-54.8723;9.7421;3872.99;5.85778;0;0;0.1;0.01;0;4.0608;0;0;-1
0;105;-52.9149;-42.3703;-57.5558;8.54632;2614.73;5.13878;0;0;0.1;0.01;0;4.59311;0;0;-1
0;106;-51.3196;-24.6949;-57.8008;8.5;2572.44;5.11093;0;0;0.1;0.01;0;4.56881;1;0;-1
0;107;-49.8608;-4.79286;-57.1231;9.83619;3986.29;5.91436;0;0;0.1;0.01;0;6.42122;0;0;-1
0;108;-51.7482;12.0422;-54.3835;9.7551;3888.52;5.8656;0;0;0.1;0.01;0;7.05974;0;0;-1
0;109;-51.0332;27.8564;-57.8111;10.3779;4681.85;6.24008;0;0;0.1;0.01;0;6.92794;0;0;-1
0;110;-52.1434;44.807;-54.0117;9.75705;3890.85;5.86677;0;0;0.1;0.01;0;6.19872;0;0;-1
0;111;-50.575;59.7322;-54.4354;10.0947;4308.92;6.0698;0;0;0.1;0.01;0;5.1509;0;0;-1
0;112;-38.6615;-66.5827;-56.347;9.78686;3926.62;5.8847;0;0;0.1;0.01;0;4.10199;0;0;-1
0;113;-38.3719;-51.0409;-54.5701;9.22818;3291.83;5.54877;0;0;0.1;0.01;0;5.1914;0;0;-1
0;114;-36.5547;-31.2278;-56.2482;9.62245;3732.03;5.78584;0;0;0.1;0.01;0;6.18232;0;0;-1
0;115;-36.5258;-14.8521;-55.7935;10.2702;4537.59;6.17532;0;0;0.1;0.01;0;6.81772;0;0;-1
0;116;-37.7525;2.43617;-54.3707;8.98033;3033.65;5.39974;0;0;0.1;0.01;0;5.52291;0;0;-1
0;117;-36.0754;20.997;-57.0181;10.2728;4541.04;6.17689;0;0;0.1;0.01;0;7.54053;0;0;-1
0;118;-35.2016;36.6518;-55.0658;8.75833;2814.18;5.26626;0;0;0.1;0.01;0;6.65564;0;0;-1
0;119;-36.9984;51.2815;-56.5092;10.0445;4244.96;6.03961;0;0;0.1;0.01;0;6.94558;0;0;-1
0;120;-35.9273;70.3136;-57.9293;10.4064;4720.52;6.25722;0;0;0.1;0.01;0;4.27308;0;0;-1
0;121;-23.931;-76.0247;-57.3319;9.56038;3660.28;5.74852;0;0;0.1;0.01;0;3.14343;0;0;-1
0;122;-21.8281;-56.2187;-56.4054;9.42137;3502.92;5.66493;0;0;0.1;0.01;0;6.51162;0;0;-1
0;123;-21.0905;-40.4629;-54.8508;10.0066;4197.09;6.01682;0;0;0.1;0.01;0;6.98324;0;0;-1
0;124;-23.6253;-22.5392;-56.7417;9.91108;4078.04;5.95939;0;0;0.1;0.01;0;6.87591;0;0;-1
0;125;-21.5859;-7.15074;-56.3383;8.98657;3039.98;5.40349;0;0;0.1;0.01;0;5.62972;0;0;-1
0;126;-22.4055;9.00226;-55.9853;9.44496;3529.3;5.67912;0;0;0.1;0.01;0;4.80204;0;0;-1
0;127;-21.404;25.5978;-55.5915;8.61865;2681.68;5.18227;0;0;0.1;0.01;0;5.26803;0;0;-1
0;128;-21.7818;42.3052;-56.704;8.5;2572.44;5.11093;0;0;0.1;0.01;0;5.12405;1;0;-1
0;129;-22.1136;63.2051;-54.4627;10.3642;4663.33;6.23184;0;0;0.1;0.01;0;7.13652;0;0;-1
0;130;-22.0237;77.9789;-57.0154;9.14647;3205.16;5.49964;0;0;0.1;0.01;0;3.52622;0;0;-1
0;131;-9.28431;-80.7886;-56.0036;8.5;2572.44;5.11093;0;0;0.1;0.01;0;2.47011;1;0;-1
0;132;-5.77107;-65.669;-55.7493;9.0412;3095.76;5.43634;0;0;0.1;0.01;0;4.74556;0;0;-1
0;133;-6.23472;-47.1138;-55.1216;9.62786;3738.33;5.78909;0;0;0.1;0.01;0;5.88175;0;0;-1
0;134;-8.77246;-29.9222;-54.6143;9.80216;3945.06;5.8939;0;0;0.1;0.01;0;5.57513;0;0;-1
0;135;-8.94439;-14.1427;-55.4211;8.61231;2675.76;5.17846;0;0;0.1;0.01;0;5.83836;0;0;-1
0;136;-7.06595;0.368878;-56.7204;8.5;2572.44;5.11093;0;0;0.1;0.01;0;5.33875;1;0;-1
0;137;-5.9241;20.9913;-55.153;10.3787;4682.93;6.24056;0;0;0.1;0.01;0;6.3342;0;0;-1
0;138;-8.23718;36.9533;-55.4918;10.3709;4672.38;6.23587;0;0;0.1;0.01;0;6.41165;0;0;-1
0;139;-5.82966;54.9371;-55.1073;10.4463;4775.03;6.28121;0;0;0.1;0.01;0;6.18415;0;0;-1
0;140;-8.71839;70.33;-55.1345;8.9171;2970.02;5.36172;0;0;0.1;0.01;0;3.30208;0;0;-1
0;141;8.98654;-74.3244;-56.9026;8.95921;3012.3;5.38704;0;0;0.1;0.01;0;3.46754;0;0;-1
0;142;6.86419;-58.0803;-56.2127;9.9375;4110.74;5.97527;0;0;0.1;0.01;0;6.12561;0;0;-1
0;143;7.34738;-41.7045;-54.9319;8.5;2572.44;5.11093;0;0;0.1;0.01;0;4.38082;1;0;-1
0;144;9.40233;-22.7151;-56.6009;9.348;3421.72;5.62082;0;0;0.1;0.01;0;6.49594;0;0;-1
0;145;6.0341;-8.01809;-56.8591;9.37777;3454.52;5.63872;0;0;0.1;0.01;0;6.47365;0;0;-1
0;146;5.61198;9.72358;-55.2376;8.95394;3006.98;5.38387;0;0;0.1;0.01;0;4.28042;0;0;-1
0;147;8.44525;27.7516;-53.9567;10.1128;4332.14;6.08068;0;0;0.1;0.01;0;6.67685;0;0;-1
0;148;8.53588;44.9744;-55.9741;10.2821;4553.38;6.18248;0;0;0.1;0.01;0;7.6392;0;0;-1
0;149;8.84269;59.8406;-57.716;8.76315;2818.83;5.26915;0;0;0.1;0.01;0;5.80938;0;0;-1
0;150;8.57073;79.8423;-54.3446;9.33081;3402.88;5.61048;0;0;0.1;0.01;0;2.80669;0;0;-1
0;151;22.2798;-64.2628;-56.658;9.79249;3933.4;5.88808;0;0;0.1;0.01;0;4.96735;0;0;-1
0;152;24.1779;-49.986;-53.7224;8.97699;3030.27;5.39773;0;0;0.1;0.01;0;5.39947;0;0;-1
0;153;20.293;-32.6111;-55.2847;9.10775;3164.62;5.47636;0;0;0.1;0.01;0;5.15453;0;0;-1
0;154;20.5213;-12.713;-57.3675;9.31056;3380.77;5.5983;0;0;0.1;0.01;0;6.0095;0;0;-1
0;155;23.6281;1.41877;-56.4418;9.29185;3360.43;5.58705;0;0;0.1;0.01;0;5.67981;0;0;-1
0;156;23.7538;20.6599;-55.7377;10.1452;4373.92;6.10016;0;0;0.1;0.01;0;6.42665;0;0;-1
0;157;22.6886;38.2394;-56.2099;10.0929;4306.62;6.06871;0;0;0.1;0.01;0;7.04133;0;0;-1
0;158;22.9295;54.3756;-53.9791;10.4336;4757.64;6.27357;0;0;0.1;0.01;0;7.09728;0;0;-1
0;159;22.0531;70.564;-57.6907;9.08793;3144.01;5.46444;0;0;0.1;0.01;0;2.47043;0;0;-1
0;160;38.5694;-56.0271;-56.4279;9.06067;3115.8;5.44805;0;0;0.1;0.01;0;4.55317;0;0;-1
0;161;34.9384;-38.3583;-54.7234;8.60039;2664.67;5.17129;0;0;0.1;0.01;0;5.32406;0;0;-1
0;162;38.5274;-25.099;-56.4515;9.04343;3098.05;5.43768;0;0;0.1;0.01;0;5.60466;0;0;-1
0;163;37.2076;-5.69388;-54.8341;8.57831;2644.2;5.15801;0;0;0.1;0.01;0;5.96642;0;0;-1
0;164;38.4598;8.33421;-55.4088;9.23354;3297.56;5.55199;0;0;0.1;0.01;0;6.96359;0;0;-1
0;165;38.8661;25.4351;-54.6062;9.85015;4003.29;5.92275;0;0;0.1;0.01;0;6.32663;0;0;-1
0;166;36.7839;46.1461;-56.6497;9.17439;3234.6;5.51643;0;0;0.1;0.01;0;5.85619;0;0;-1
0;167;36.3694;60.7316;-54.1115;8.5;2572.44;5.11093;0;0;0.1;0.01;0;4.54211;1;0;-1
0;168;52.8871;-50.9585;-56.0602;8.97539;3028.65;5.39677;0;0;0.1;0.01;0;3.28673;0;0;-1
0;169;52.0664;-31.0914;-54.1345;9.95776;4135.93;5.98746;0;0;0.1;0.01;0;5.73139;0;0;-1
0;170;52.9105;-15.0592;-54.3845;8.5;2572.44;5.11093;0;0;0.1;0.01;0;5.22865;1;0;-1
0;171;52.2492;0.0401293;-54.3883;9.99184;4178.54;6.00795;0;0;0.1;0.01;0;7.51546;0;0;-1
0;172;51.1915;18.0881;-56.0413;9.0008;3054.44;5.41205;0;0;0.1;0.01;0;6.79127;0;0;-1
0;173;52.9403;34.0764;-55.7711;9.24176;3306.38;5.55694;0;0;0.1;0.01;0;5.31053;0;0;-1
0;174;52.6944;55.259;-56.5057;10.1122;4331.37;6.08032;0;0;0.1;0.01;0;4.26995;0;0;-1
0;175;64.6171;-40.8683;-56.6765;9.03274;3087.07;5.43126;0;0;0.1;0.01;0;2.99485;0;0;-1
0;176;67.2831;-25.0814;-56.107;9.38578;3463.38;5.64353;0;0;0.1;0.01;0;4.42281;0;0;-1
0;177;67.7684;-4.49901;-55.133;8.5;2572.44;5.11093;0;0;0.1;0.01;0;5.1395;1;0;-1
0;178;65.8324;11.9968;-53.8101;9.54477;3642.38;5.73913;0;0;0.1;0.01;0;5.87417;0;0;-1
0;179;66.0099;26.6479;-55.279;8.5;2572.44;5.11093;0;0;0.1;0.01;0;3.88963;1;0;-1
0;180;64.7695;46.0648;-54.3229;9.81335;3958.59;5.90062;0;0;0.1;0.01;0;3.39602;0;0;-1
0;181;79.7158;-16.8487;-56.7564;10.1836;4423.77;6.12325;0;0;0.1;0.01;0;2.82835;0;0;-1
0;182;82.2208;1.12128;-54.4645;8.92226;2975.18;5.36483;0;0;0.1;0.01;0;2.82739;0;0;-1
0;183;-87.5146;-21.6624;-40.6314;9.37018;3446.14;5.63415;0;0;0.1;0.01;0;3.14527;0;0;-1
0;184;-84.1191;-8.17468;-40.125;10.0307;4227.49;6.03131;0;0;0.1;0.01;0;5.21946;0;0;-1
0;185;-86.3097;12.3516;-39.6263;9.63572;3747.5;5.79382;0;0;0.1;0.01;0;4.44072;0;0;-1
0;186;-86.6584;29.3365;-39.2275;9.84885;4001.71;5.92197;0;0;0.1;0.01;0;3.00469;0;0;-1
0;187;-70.1841;-48.0414;-39.6407;8.5;2572.44;5.11093;0;0;0.1;0.01;0;4.05679;1;0;-1
0;188;-72.1189;-33.9461;-41.5609;10.2288;4482.94;6.15043;0;0;0.1;0.01;0;5.02679;0;0;-1
0;189;-71.5926;-14.5731;-41.6302;8.5;2572.44;5.11093;0;0;0.1;0.01;0;5.38706;1;0;-1
0;190;-72.6823;3.61602;-40.931;10.2704;4537.86;6.17544;0;0;0.1;0.01;0;7.38483;0;0;-1
0;191;-70.5104;19.0743;-42.0651;9.73679;3866.66;5.85459;0;0;0.1;0.01;0;6.24174;0;0;-1
0;192;-69.9868;37.0783;-42.9161;9.92192;4091.44;5.96591;0;0;0.1;0.01;0;5.68423;0;0;-1
0;193;-72.6562;51.3918;-41.101;9.59208;3696.81;5.76758;0;0;0.1;0.01;0;3.09444;0;0;-1
0;194;-56.9514;-59.2029;-39.9311;10.3288;4615.71;6.21056;0;0;0.1;0.01;0;5.25054;0;0;-1
0;195;-56.7232;-39.4586;-41.8707;9.50868;3601.22;5.71743;0;0;0.1;0.01;0;6.64071;0;0;-1
0;196;-54.1632;-24.6421;-40.9053;9.31218;3382.54;5.59928;0;0;0.1;0.01;0;5.42262;0;0;-1
0;197;-57.4646;-7.33082;-42.0201;10.0834;4294.47;6.063;0;0;0.1;0.01;0;6.98985;0;0;-1
0;198;-55.0648;9.53978;-39.8537;10.2811;4552.05;6.18188;0;0;0.1;0.01;0;6.71401;0;0;-1
0;199;-55.5438;25.874;-41.549;9.89022;4052.35;5.94685;0;0;0.1;0.01;0;6.11539;0;0;-1
0;200;-56.971;42.6486;-40.1085;9.6706;3788.34;5.81479;0;0;0.1;0.01;0;6.52736;0;0;-1
0;201;-54.2536;60.4452;-39.5925;9.62047;3729.73;5.78465;0;0;0.1;0.01;0;5.24148;0;0;-1
0;202;-40.5183;-80.6271;-40.9855;8.5;2572.44;5.11093;0;0;0.1;0.01;0;2.96982;1;0;-1
0;203;-41.6802;-65.8994;-39.2296;9.46189;3548.32;5.6893;0;0;0.1;0.01;0;6.38214;0;0;-1
0;204;-43.0512;-47.523;-41.7138;8.5;2572.44;5.11093;0;0;0.1;0.01;0;4.9014;1;0;-1
0;205;-42.5735;-31.6904;-42.2055;8.64528;2706.61;5.19828;0;0;0.1;0.01;0;5.09475;0;0;-1
0;206;-40.2469;-13.4532;-40.6536;9.60474;3711.47;5.77519;0;0;0.1;0.01;0;6.10419;0;0;-1
0;207;-42.0129;1.95164;-39.9912;9.25091;3316.21;5.56244;0;0;0.1;0.01;0;6.47484;0;0;-1
0;208;-41.7847;19.6571;-42.4155;8.59492;2659.59;5.168;0;0;0.1;0.01;0;5.91303;0;0;-1
0;209;-41.4524;34.4586;-41.4114;8.78789;2842.77;5.28403;0;0;0.1;0.01;0;5.64187;0;0;-1
0;210;-40.2727;53.615;-41.2197;9.53739;3633.94;5.73469;0;0;0.1;0.01;0;7.07328;0;0;-1
0;211;-40.8079;68.478;-42.1362;10.3601;4657.8;6.22938;0;0;0.1;0.01;0;6.08204;0;0;-1
0;212;-27.66;-72.9662;-42.8747;9.39388;3472.35;5.6484;0;0;0.1;0.01;0;6.10766;0;0;-1
0;213;-28.1462;-57.731;-40.4634;10.4418;4768.86;6.2785;0;0;0.1;0.01;0;7.09413;0;0;-1
0;214;-25.2971;-38.5045;-42.3693;9.23225;3296.18;5.55122;0;0;0.1;0.01;0;5.32784;0;0;-1
0;215;-25.0121;-22.3769;-39.8162;9.9908;4177.24;6.00732;0;0;0.1;0.01;0;6.38928;0;0;-1
0;216;-24.7424;-5.17995;-40.6551;8.87426;2927.42;5.33596;0;0;0.1;0.01;0;5.61335;0;0;-1
0;217;-25.4499;9.75698;-41.0406;8.5;2572.44;5.11093;0;0;0.1;0.01;0;4.04168;1;0;-1
0;218;-28.1724;27.0172;-42.0164;9.3773;3454;5.63843;0;0;0.1;0.01;0;5.48946;0;0;-1
0;219;-27.2183;44.1224;-42.1025;9.59228;3697.04;5.7677;0;0;0.1;0.01;0;6.10546;0;0;-1
0;220;-27.5548;60.5353;-40.7616;9.41372;3494.4;5.66033;0;0;0.1;0.01;0;7.06686;0;0;-1
0;221;-25.0129;77.1724;-42.0782;9.57316;3674.98;5.7562;0;0;0.1;0.01;0;5.24603;0;0;-1
0;222;-12.9881;-83.1442;-42.1698;8.61093;2674.48;5.17763;0;0;0.1;0.01;0;4.03621;0;0;-1
0;223;-12.954;-67.6078;-39.7407;10.0617;4266.8;6.04995;0;0;0.1;0.01;0;6.6959;0;0;-1
0;224;-12.3981;-49.3799;-41.8388;9.18212;3242.78;5.52108;0;0;0.1;0.01;0;5.31832;0;0;-1
0;225;-9.78354;-33.3279;-39.8375;9.50911;3601.71;5.71769;0;0;0.1;0.01;0;6.11646;0;0;-1
0;226;-13.0707;-15.5131;-40.7611;8.69144;2750.2;5.22604;0;0;0.1;0.01;0;6.37225;0;0;-1
0;227;-11.0643;0.258401;-41.4491;8.66025;2720.7;5.20728;0;0;0.1;0.01;0;5.45325;0;0;-1
0;228;-12.5374;20.0301;-39.343;9.95302;4130.03;5.98461;0;0;0.1;0.01;0;6.16023;0;0;-1
0;229;-9.96334;34.3118;-39.7669;8.5;2572.44;5.11093;0;0;0.1;0.01;0;6.08782;1;0;-1
0;230;-11.563;52.9658;-39.3554;10.1789;4417.65;6.12042;0;0;0.1;0.01;0;6.47131;0;0;-1
0;231;-11.098;70.7611;-40.0406;9.43087;3513.53;5.67065;0;0;0.1;0.01;0;5.57669;0;0;-1
0;232;-9.7899;87.0984;-39.9618;8.5;2572.44;5.11093;0;0;0.1;0.01;0;2.38969;1;0;-1
0;233;2.81886;-89.5454;-42.0559;9.11671;3173.97;5.48175;0;0;0.1;0.01;0;2.88027;0;0;-1
0;234;4.67815;-74.929;-41.1597;8.55271;2620.59;5.14262;0;0;0.1;0.01;0;5.17769;0;0;-1
0;235;2.01442;-59.759;-39.3779;9.47364;3561.55;5.69636;0;0;0.1;0.01;0;5.41759;0;0;-1
0;236;3.63047;-40.7639;-39.8027;8.5;2572.44;5.11093;0;0;0.1;0.01;0;4.84904;1;0;-1
0;237;4.67534;-25.2829;-39.5103;9.5216;3615.92;5.7252;0;0;0.1;0.01;0;6.13832;0;0;-1
0;238;1.23383;-8.0788;-42.4284;10.2613;4525.8;6.16997;0;0;0.1;0.01;0;6.26716;0;0;-1
0;239;3.21583;10.4495;-41.0091;8.61838;2681.42;5.18211;0;0;0.1;0.01;0;4.36953;0;0;-1
0;240;4.07482;27.1881;-39.4763;8.90471;2957.66;5.35427;0;0;0.1;0.01;0;6.7264;0;0;-1
0;241;1.2241;43.0297;-40.2766;10.0973;4312.25;6.07136;0;0;0.1;0.01;0;7.97688;0;0;-1
0;242;1.52088;60.6223;-40.9726;8.5;2572.44;5.11093;0;0;0.1;0.01;0;5.36178;1;0;-1
0;243;3.95265;76.3817;-41.0748;9.14274;3201.24;5.4974;0;0;0.1;0.01;0;5.26519;0;0;-1
0;244;17.6693;-82.3265;-42.0969;8.5;2572.44;5.11093;0;0;0.1;0.01;0;3.29385;1;0;-1
0;245;18.2147;-65.4539;-39.2867;10.2625;4527.39;6.17069;0;0;0.1;0.01;0;5.88505;0;0;-1
0;246;17.9196;-46.4604;-40.8021;8.89095;2943.97;5.346;0;0;0.1;0.01;0;5.26648;0;0;-1
0;247;17.8358;-31.7607;-41.1617;8.5;2572.44;5.11093;0;0;0.1;0.01;0;5.83765;1;0;-1
0;248;19.0987;-15.4946;-41.7728;9.48375;3572.97;5.70244;0;0;0.1;0.01;0;5.92483;0;0;-1
0;249;19.749;1.94164;-42.1545;9.10927;3166.21;5.47727;0;0;0.1;0.01;0;4.69404;0;0;-1
0;250;17.6651;17.7336;-40.5194;9.27102;3337.88;5.57453;0;0;0.1;0.01;0;5.59906;0;0;-1
0;251;19.0286;36.715;-42.8416;9.9124;4079.67;5.96018;0;0;0.1;0.01;0;7.63337;0;0;-1
0;252;16.7939;52.0147;-39.6899;10.0976;4312.64;6.07154;0;0;0.1;0.01;0;7.4408;0;0;-1
0;253;18.7601;68.4699;-41.196;10.3155;4597.9;6.20256;0;0;0.1;0.01;0;5.94159;0;0;-1
0;254;16.4142;87.42;-41.1269;10.0767;4285.92;6.05897;0;0;0.1;0.01;0;3.14619;0;0;-1
0;255;32.9523;-75.627;-42.5034;8.64912;2710.22;5.20059;0;0;0.1;0.01;0;2.25269;0;0;-1
0;256;30.5629;-56.4896;-40.5182;9.0958;3152.18;5.46917;0;0;0.1;0.01;0;6.27925;0;0;-1
0;257;33.7185;-41.1806;-40.4682;10.005;4195.08;6.01586;0;0;0.1;0.01;0;7.65206;0;0;-1
0;258;32.7746;-25.2895;-41.5695;10.1242;4346.81;6.08753;0;0;0.1;0.01;0;7.40574;0;0;-1
0;259;33.7358;-8.04682;-42.0312;8.5;2572.44;5.11093;0;0;0.1;0.01;0;4.72443;1;0;-1
0;260;33.8435;10.0335;-42.286;8.5;2572.44;5.11093;0;0;0.1;0.01;0;5.10108;1;0;-1
0;261;33.8492;29.5194;-39.8759;8.93213;2985.06;5.37076;0;0;0.1;0.01;0;6.03384;0;0;-1
0;262;32.9442;46.1553;-39.4176;10.038;4236.72;6.0357;0;0;0.1;0.01;0;7.76731;0;0;-1
0;263;33.9223;60.086;-39.7045;9.38769;3465.49;5.64468;0;0;0.1;0.01;0;6.20787;0;0;-1
0;264;33.5523;79.8396;-40.428;8.95437;3007.42;5.38413;0;0;0.1;0.01;0;2.74553;0;0;-1
0;265;47.8272;-65.272;-41.6078;8.94443;2997.41;5.37816;0;0;0.1;0.01;0;2.46569;0;0;-1
0;266;47.1433;-47.7062;-39.9496;9.52788;3623.08;5.72898;0;0;0.1;0.01;0;5.80277;0;0;-1
0;267;47.7659;-30.2395;-39.2207;10.3176;4600.71;6.20382;0;0;0.1;0.01;0;7.65939;0;0;-1
0;268;46.79;-14.9406;-42.5833;10.067;4273.55;6.05314;0;0;0.1;0.01;0;7.7776;0;0;-1
0;269;46.0822;2.87816;-42.1829;8.5;2572.44;5.11093;0;0;0.1;0.01;0;6.20002;1;0;-1
0;270;47.7578;16.871;-43.0415;10.1627;4396.59;6.11068;0;0;0.1;0.01;0;7.43802;0;0;-1
0;271;46.8474;37.9663;-41.0987;9.52653;3621.54;5.72816;0;0;0.1;0.01;0;6.19056;0;0;-1
0;272;46.7051;52.1397;-42.8719;9.67637;3795.12;5.81826;0;0;0.1;0.01;0;6.60618;0;0;-1
0;273;46.8327;69.2604;-39.8977;9.92643;4097.02;5.96862;0;0;0.1;0.01;0;4.49743;0;0;-1
0;274;60.3771;-55.3632;-39.3259;9.8308;3979.74;5.91112;0;0;0.1;0.01;0;4.7458;0;0;-1
0;275;63.9936;-41.6903;-39.8247;8.94562;2998.61;5.37887;0;0;0.1;0.01;0;4.28116;0;0;-1
0;276;61.2116;-23.3567;-39.8368;8.55006;2618.16;5.14103;0;0;0.1;0.01;0;5.54371;0;0;-1
0;277;63.4179;-7.79614;-42.3281;9.67674;3795.56;5.81848;0;0;0.1;0.01;0;6.80247;0;0;-1
0;278;63.5968;8.22734;-39.4706;10.0114;4203.13;6.01971;0;0;0.1;0.01;0;6.56002;0;0;-1
0;279;63.0242;26.1895;-42.2753;10.0357;4233.81;6.03432;0;0;0.1;0.01;0;6.07372;0;0;-1
0;280;61.5524;42.1388;-41.1986;8.88075;2933.85;5.33987;0;0;0.1;0.01;0;5.08134;0;0;-1
0;281;61.997;60.4254;-42.4646;9.23144;3295.32;5.55073;0;0;0.1;0.01;0;3.67628;0;0;-1
0;282;74.944;-32.4958;-43.1684;9.0112;3065.04;5.4183;0;0;0.1;0.01;0;3.21875;0;0;-1
0;283;77.7425;-15.0003;-41.126;8.62851;2690.89;5.1882;0;0;0.1;0.01;0;4.46605;0;0;-1
0;284;76.3288;-0.0855837;-41.4707;10.2851;4557.37;6.18428;0;0;0.1;0.01;0;6.87717;0;0;-1
0;285;78.7379;19.7237;-42.8239;8.99017;3043.63;5.40566;0;0;0.1;0.01;0;3.33153;0;0;-1
0;286;76.5372;34.3381;-41.9398;9.23964;3304.1;5.55566;0;0;0.1;0.01;0;3.54117;0;0;-1
0;287;90.5141;-4.56129;-40.5331;8.7003;2758.62;5.23136;0;0;0.1;0.01;0;2.23239;0;0;-1
0;288;-95.1287;-13.5103;-24.6992;8.77145;2826.85;5.27415;0;0;0.1;0.01;0;3.17537;0;0;-1
0;289;-95.6322;1.24931;-26.0991;9.92316;4092.97;5.96665;0;0;0.1;0.01;0;3.87557;0;0;-1
0;290;-80.8689;-41.5002;-24.6643;9.90428;4069.65;5.9553;0;0;0.1;0.01;0;2.88666;0;0;-1
0;291;-81.7989;-23.4419;-27.3434;9.5595;3659.27;5.74799;0;0;0.1;0.01;0;3.865;0;0;-1
0;292;-78.9096;-4.65817;-26.4863;10.0423;4242.17;6.03829;0;0;0.1;0.01;0;5.59003;0;0;-1
0;293;-82.5752;10.9701;-26.4481;10.1274;4350.93;6.08946;0;0;0.1;0.01;0;6.28568;0;0;-1
0;294;-82.4115;27.6807;-25.1444;10.0349;4232.8;6.03384;0;0;0.1;0.01;0;5.02858;0;0;-1
0;295;-80.4;44.563;-28.1111;9.88358;4044.19;5.94285;0;0;0.1;0.01;0;3.28503;0;0;-1
0;296;-64.083;-67.876;-26.0008;8.5;2572.44;5.11093;0;0;0.1;0.01;0;2.51695;1;0;-1
0;297;-64.3783;-48.9939;-26.1306;8.77835;2833.53;5.27829;0;0;0.1;0.01;0;4.35809;0;0;-1
0;298;-64.5288;-31.2677;-25.4614;9.74862;3880.77;5.8617;0;0;0.1;0.01;0;5.46947;0;0;-1
0;299;-64.4865;-12.8946;-26.9891;9.28066;3348.31;5.58033;0;0;0.1;0.01;0;5.55823;0;0;-1
0;300;-66.0771;4.44479;-26.0292;8.5;2572.44;5.11093;0;0;0.1;0.01;0;5.93881;1;0;-1
0;301;-65.4715;20.22;-26.9311;8.59094;2655.89;5.16561;0;0;0.1;0.01;0;5.71268;0;0;-1
0;302;-64.6878;35.2186;-27.1724;10.0497;4251.56;6.04274;0;0;0.1;0.01;0;6.30996;0;0;-1
0;303;-64.5492;50.9151;-26.2316;9.27992;3347.51;5.57988;0;0;0.1;0.01;0;5.75061;0;0;-1
0;304;-66.6785;68.6701;-26.715;9.4554;3541.02;5.68539;0;0;0.1;0.01;0;2.15004;0;0;-1
0;305;-49.7119;-72.5009;-27.79;8.99661;3050.18;5.40953;0;0;0.1;0.01;0;5.22881;0;0;-1
0;306;-49.614;-58.1753;-26.289;9.25063;3315.91;5.56227;0;0;0.1;0.01;0;6.29438;0;0;-1
0;307;-51.5403;-39.7127;-26.3405;9.3425;3415.69;5.61751;0;0;0.1;0.01;0;6.00854;0;0;-1
0;308;-52.4146;-23.119;-27.5516;9.77632;3913.95;5.87836;0;0;0.1;0.01;0;6.55616;0;0;-1
0;309;-50.4828;-7.03346;-27.8118;9.73264;3861.72;5.8521;0;0;0.1;0.01;0;6.60981;0;0;-1
0;310;-53.0193;8.64938;-26.3248;8.9409;2993.87;5.37603;0;0;0.1;0.01;0;5.4884;0;0;-1
0;311;-51.1153;26.7857;-24.4688;9.14375;3202.3;5.498;0;0;0.1;0.01;0;5.578;0;0;-1
0;312;-49.9883;45.5088;-24.8752;9.78011;3918.5;5.88064;0;0;0.1;0.01;0;7.33802;0;0;-1
0;313;-50.6657;62.4855;-25.5802;8.75947;2815.28;5.26694;0;0;0.1;0.01;0;6.08575;0;0;-1
0;314;-51.7952;78.4818;-28.2645;8.72318;2780.44;5.24512;0;0;0.1;0.01;0;2.65268;0;0;-1
0;315;-36.432;-82.1721;-26.5198;10.3133;4594.96;6.20124;0;0;0.1;0.01;0;6.19544;0;0;-1
0;316;-34.9851;-67.3045;-26.8041;8.88636;2939.41;5.34324;0;0;0.1;0.01;0;6.98972;0;0;-1
0;317;-38.3683;-47.109;-27.1478;10.1598;4392.83;6.10894;0;0;0.1;0.01;0;5.71209;0;0;-1
0;318;-36.0593;-30.0833;-26.0765;9.32899;3400.89;5.60939;0;0;0.1;0.01;0;6.1161;0;0;-1
0;319;-34.6394;-13.7588;-26.8031;8.77558;2830.85;5.27663;0;0;0.1;0.01;0;5.01379;0;0;-1
0;320;-36.5863;4.31207;-27.447;8.5;2572.44;5.11093;0;0;0.1;0.01;0;4.19447;1;0;-1
0;321;-38.3601;18.544;-27.4756;9.50184;3593.45;5.71332;0;0;0.1;0.01;0;5.45373;0;0;-1
0;322;-38.2424;34.5869;-25.1767;8.5;2572.44;5.11093;0;0;0.1;0.01;0;5.50137;1;0;-1
0;323;-37.6449;52.2769;-27.8687;9.223;3286.29;5.54566;0;0;0.1;0.01;0;6.07403;0;0;-1
0;324;-38.2098;67.7266;-25.7602;8.5;2572.44;5.11093;0;0;0.1;0.01;0;4.48654;1;0;-1
0;325;-35.5407;85.8438;-24.9521;10.2803;4550.99;6.1814;0;0;0.1;0.01;0;3.74705;0;0;-1
0;326;-21.7861;-90.7775;-25.2887;10.3383;4628.45;6.21627;0;0;0.1;0.01;0;3.98766;0;0;-1
0;327;-20.5804;-73.089;-27.0222;10.1729;4409.84;6.11682;0;0;0.1;0.01;0;8.27796;0;0;-1
0;328;-20.3475;-59.1622;-26.3076;9.74517;3876.65;5.85963;0;0;0.1;0.01;0;7.26659;0;0;-1
0;329;-22.0176;-40.5864;-26.6537;8.61701;2680.15;5.18128;0;0;0.1;0.01;0;4.98581;0;0;-1
0;330;-21.3627;-21.1061;-24.9733;10.094;4308.03;6.06938;0;0;0.1;0.01;0;6.84157;0;0;-1
0;331;-19.7201;-5.48457;-28.0809;8.5;2572.44;5.11093;0;0;0.1;0.01;0;4.64895;1;0;-1
0;332;-21.3095;11.8054;-25.7715;8.5;2572.44;5.11093;0;0;0.1;0.01;0;4.00291;1;0;-1
0;333;-22.7759;28.7636;-27.7808;8.64731;2708.52;5.1995;0;0;0.1;0.01;0;5.10181;0;0;-1
0;334;-21.2679;44.7723;-27.8804;9.74786;3879.86;5.86125;0;0;0.1;0.01;0;5.8421;0;0;-1
0;335;-21.6914;62.1753;-26.6131;9.66986;3787.47;5.81435;0;0;0.1;0.01;0;6.33964;0;0;-1
0;336;-22.8424;78.7595;-27.9121;9.43208;3514.88;5.67137;0;0;0.1;0.01;0;5.63013;0;0;-1
0;337;-5.94105;-81.2668;-28.6468;9.37792;3454.68;5.63881;0;0;0.1;0.01;0;6.09372;0;0;-1
0;338;-7.90914;-66.6065;-26.3287;9.47884;3567.42;5.69949;0;0;0.1;0.01;0;6.69005;0;0;-1
0;339;-8.5635;-48.5901;-24.3811;9.13807;3196.33;5.49459;0;0;0.1;0.01;0;5.18333;0;0;-1
0;340;-8.20326;-29.6891;-25.545;8.77274;2828.1;5.27492;0;0;0.1;0.01;0;5.56576;0;0;-1
0;341;-6.01172;-13.3255;-27.814;9.41095;3491.31;5.65867;0;0;0.1;0.01;0;6.59867;0;0;-1
0;342;-5.49528;1.92639;-27.6468;8.53399;2603.42;5.13136;0;0;0.1;0.01;0;5.71001;0;0;-1
0;343;-6.60975;21.1298;-25.6283;9.60397;3710.57;5.77473;0;0;0.1;0.01;0;6.69983;0;0;-1
0;344;-7.09549;35.408;-27.0965;9.34522;3418.67;5.61915;0;0;0.1;0.01;0;7.48382;0;0;-1
0;345;-7.93258;51.5122;-26.0257;8.65073;2711.73;5.20156;0;0;0.1;0.01;0;5.6113;0;0;-1
0;346;-9.342;72.1636;-24.4862;8.6207;2683.59;5.1835;0;0;0.1;0.01;0;5.03686;0;0;-1
0;347;-9.09887;88.2401;-25.6722;8.64271;2704.2;5.19674;0;0;0.1;0.01;0;3.96951;0;0;-1
0;348;9.3465;-90.4738;-25.4118;10.3115;4592.55;6.20016;0;0;0.1;0.01;0;4.27723;0;0;-1
0;349;6.59701;-75.7942;-25.3152;9.7822;3921.01;5.88189;0;0;0.1;0.01;0;6.67462;0;0;-1
0;350;9.44412;-58.6616;-25.7689;9.33001;3402;5.61;0;0;0.1;0.01;0;5.80821;0;0;-1
0;351;5.7263;-40.0299;-25.3952;9.62018;3729.39;5.78447;0;0;0.1;0.01;0;6.0976;0;0;-1
0;352;8.26312;-25.5192;-26.5915;8.72878;2785.8;5.24849;0;0;0.1;0.01;0;5.86101;0;0;-1
0;353;9.02522;-8.76521;-27.6933;10.2426;4501.11;6.15873;0;0;0.1;0.01;0;6.79856;0;0;-1
0;354;5.51382;9.93602;-25.5129;9.14542;3204.05;5.49901;0;0;0.1;0.01;0;4.58291;0;0;-1
0;355;9.43527;29.3293;-27.6646;10.081;4291.4;6.06156;0;0;0.1;0.01;0;6.86015;0;0;-1
0;356;6.25202;44.0475;-25.2401;10.3766;4680.09;6.2393;0;0;0.1;0.01;0;7.19923;0;0;-1
0;357;6.86735;63.4098;-24.6204;10.1832;4423.25;6.12301;0;0;0.1;0.01;0;6.80642;0;0;-1
0;358;5.9011;78.2871;-28.0077;9.05381;3108.73;5.44392;0;0;0.1;0.01;0;5.55815;0;0;-1
0;359;8.24549;95.6164;-26.8455;10.0208;4214.98;6.02536;0;0;0.1;0.01;0;2.9974;0;0;-1
0;360;22.5794;-82.366;-25.2158;9.14669;3205.39;5.49977;0;0;0.1;0.01;0;4.65942;0;0;-1
0;361;23.7016;-65.8979;-25.474;9.51617;3609.73;5.72193;0;0;0.1;0.01;0;5.4388;0;0;-1
0;362;23.2768;-47.2912;-27.4305;10.114;4333.69;6.0814;0;0;0.1;0.01;0;6.25959;0;0;-1
0;363;22.7908;-31.7609;-26.0498;9.7203;3847.05;5.84468;0;0;0.1;0.01;0;6.89728;0;0;-1
0;364;22.1293;-16.0921;-25.5845;10.0142;4206.66;6.02139;0;0;0.1;0.01;0;6.73048;0;0;-1
0;365;22.3205;1.01441;-26.8038;9.03568;3090.09;5.43302;0;0;0.1;0.01;0;5.17131;0;0;-1
0;366;23.3897;18.1896;-28.0161;9.62583;3735.97;5.78787;0;0;0.1;0.01;0;6.25407;0;0;-1
0;367;23.2492;34.9353;-27.5212;9.48752;3577.23;5.70471;0;0;0.1;0.01;0;7.41859;0;0;-1
0;368;20.5951;51.1115;-24.521;9.78732;3927.17;5.88497;0;0;0.1;0.01;0;6.26176;0;0;-1
0;369;20.2915;69.151;-26.9557;9.41126;3491.66;5.65885;0;0;0.1;0.01;0;5.36241;0;0;-1
0;370;23.3569;84.5733;-24.8055;9.48309;3572.22;5.70204;0;0;0.1;0.01;0;4.90082;0;0;-1
0;371;38.0641;-75.994;-27.103;9.08221;3138.07;5.461;0;0;0.1;0.01;0;3.94043;0;0;-1
0;372;35.2272;-56.916;-27.04;8.68961;2748.46;5.22494;0;0;0.1;0.01;0;5.6067;0;0;-1
0;373;37.531;-39.9433;-26.8254;9.92192;4091.44;5.96591;0;0;0.1;0.01;0;7.96721;0;0;-1
0;374;37.6913;-23.1664;-27.6906;9.98008;4163.81;6.00088;0;0;0.1;0.01;0;7.59064;0;0;-1
0;375;37.4531;-7.20978;-24.8392;9.68117;3800.77;5.82115;0;0;0.1;0.01;0;6.57119;0;0;-1
0;376;35.131;8.91456;-26.7853;8.8148;2868.97;5.30021;0;0;0.1;0.01;0;5.31027;0;0;-1
0;377;37.2298;25.3892;-24.7111;9.96675;4147.15;5.99286;0;0;0.1;0.01;0;6.88024;0;0;-1
0;378;37.0147;42.1406;-27.098;9.84583;3998.03;5.92015;0;0;0.1;0.01;0;6.5791;0;0;-1
0;379;38.4479;63.6745;-24.9017;8.5;2572.44;5.11093;0;0;0.1;0.01;0;4.58569;1;0;-1
0;380;36.7479;78.8092;-24.881;8.5;2572.44;5.11093;0;0;0.1;0.01;0;4.35099;1;0;-1
0;381;50.4401;-66.6506;-24.7875;10.2137;4463.11;6.14135;0;0;0.1;0.01;0;5.5692;0;0;-1
0;382;49.9661;-50.773;-25.2876;10.1728;4409.71;6.11676;0;0;0.1;0.01;0;6.85191;0;0;-1
0;383;50.073;-33.4156;-25.032;8.55599;2623.61;5.14459;0;0;0.1;0.01;0;5.20367;0;0;-1
0;384;52.7117;-15.5647;-26.8592;9.21838;3281.35;5.54288;0;0;0.1;0.01;0;6.25881;0;0;-1
0;385;51.8207;1.73593;-28.3313;10.0155;4208.3;6.02217;0;0;0.1;0.01;0;7.16862;0;0;-1
0;386;50.1065;17.7979;-28.5143;9.04577;3100.45;5.43909;0;0;0.1;0.01;0;6.1667;0;0;-1
0;387;50.308;34.8915;-25.0701;9.38364;3461.01;5.64225;0;0;0.1;0.01;0;5.57779;0;0;-1
0;388;52.9782;54.7682;-24.692;8.65695;2717.59;5.2053;0;0;0.1;0.01;0;4.39627;0;0;-1
0;389;52.2018;72.622;-26.9424;9.78828;3928.33;5.88555;0;0;0.1;0.01;0;4.37744;0;0;-1
0;390;66.3604;-59.206;-27.6294;8.99162;3045.11;5.40653;0;0;0.1;0.01;0;4.13278;0;0;-1
0;391;66.6356;-42.2229;-25.0374;8.84857;2902.07;5.32052;0;0;0.1;0.01;0;5.48445;0;0;-1
0;392;67.4854;-23.2444;-24.8706;10.3678;4668.19;6.23401;0;0;0.1;0.01;0;6.53822;0;0;-1
0;393;65.5564;-5.59995;-26.9258;8.9529;3005.94;5.38325;0;0;0.1;0.01;0;6.84002;0;0;-1
0;394;66.5846;9.45499;-25.0967;9.2484;3313.51;5.56093;0;0;0.1;0.01;0;5.82265;0;0;-1
0;395;64.8752;25.4076;-25.6043;9.8348;3984.6;5.91352;0;0;0.1;0.01;0;4.8098;0;0;-1
0;396;66.3798;46.5061;-25.9024;10.0347;4232.55;6.03372;0;0;0.1;0.01;0;5.81721;0;0;-1
0;397;65.0743;62.2787;-27.5161;10.0508;4252.95;6.0434;0;0;0.1;0.01;0;4.96831;0;0;-1
0;398;79.4165;-51.2662;-25.8208;10.1042;4321.1;6.07551;0;0;0.1;0.01;0;2.17807;0;0;-1
0;399;81.8801;-34.2049;-24.829;10.2512;4512.45;6.1639;0;0;0.1;0.01;0;3.41541;0;0;-1
0;400;80.7478;-16.8104;-25.3521;8.88357;2936.64;5.34156;0;0;0.1;0.01;0;4.46902;0;0;-1
0;401;79.7953;-0.232119;-26.2411;9.30496;3374.68;5.59494;0;0;0.1;0.01;0;4.87285;0;0;-1
0;402;83.2189;17.7936;-25.2688;9.79833;3940.44;5.89159;0;0;0.1;0.01;0;4.14529;0;0;-1
0;403;79.0917;33.7639;-27.9931;8.5;2572.44;5.11093;0;0;0.1;0.01;0;3.36721;1;0;-1
0;404;79.3736;54.6255;-26.5447;10.3516;4646.34;6.22427;0;0;0.1;0.01;0;2.70688;0;0;-1
0;405;-98.4435;0.960435;-11.8081;10.2755;4544.62;6.17851;0;0;0.1;0.01;0;3.70432;0;0;-1
0;406;-84.2854;-42.0858;-11.2514;9.08598;3141.98;5.46327;0;0;0.1;0.01;0;3.46722;0;0;-1
0;407;-84.3766;-23.5382;-10.3065;10.4098;4725.15;6.25926;0;0;0.1;0.01;0;5.70307;0;0;-1
0;408;-85.2181;-7.13566;-12.4836;8.91246;2965.39;5.35893;0;0;0.1;0.01;0;5.26821;0;0;-1
0;409;-83.3467;11.6477;-11.9315;10.149;4378.83;6.10245;0;0;0.1;0.01;0;5.9219;0;0;-1
0;410;-84.8176;29.1404;-12.4351;8.5;2572.44;5.11093;0;0;0.1;0.01;0;4.12727;1;0;-1
0;411;-84.0332;42.4997;-11.3179;9.39125;3469.44;5.64682;0;0;0.1;0.01;0;4.12532;0;0;-1
0;412;-70.8155;-68.439;-10.067;8.78734;2842.24;5.2837;0;0;0.1;0.01;0;2.13475;0;0;-1
0;413;-69.2278;-49.2657;-11.9964;9.51949;3613.51;5.72393;0;0;0.1;0.01;0;4.76694;0;0;-1
0;414;-69.8939;-32.5585;-10.1372;9.37135;3447.43;5.63486;0;0;0.1;0.01;0;6.79649;0;0;-1
0;415;-72.1586;-15.7399;-11.6955;9.40543;3485.17;5.65535;0;0;0.1;0.01;0;6.58637;0;0;-1
0;416;-70.7967;3.17476;-10.3142;8.76929;2824.76;5.27285;0;0;0.1;0.01;0;6.07094;0;0;-1
0;417;-68.3535;17.3749;-12.9513;8.58719;2652.42;5.16335;0;0;0.1;0.01;0;4.93178;0;0;-1
0;418;-69.4926;36.4724;-11.9849;9.59908;3704.91;5.77179;0;0;0.1;0.01;0;6.3394;0;0;-1
0;419;-71.9178;53.788;-13.0266;8.9755;3028.76;5.39684;0;0;0.1;0.01;0;4.41612;0;0;-1
0;420;-54.2898;-75.1276;-9.72724;8.85847;2911.82;5.32647;0;0;0.1;0.01;0;3.8163;0;0;-1
0;421;-56.6185;-58.2384;-12.3466;9.39962;3478.72;5.65186;0;0;0.1;0.01;0;5.38545;0;0;-1
0;422;-57.328;-39.1991;-10.3185;8.57706;2643.04;5.15726;0;0;0.1;0.01;0;5.56456;0;0;-1
0;423;-57.3161;-23.9554;-11.8649;8.5;2572.44;5.11093;0;0;0.1;0.01;0;5.49385;1;0;-1
0;424;-55.238;-7.21839;-11.8081;9.00601;3059.75;5.41518;0;0;0.1;0.01;0;5.50106;0;0;-1
0;425;-54.3065;8.60042;-12.5432;10.0595;4264.01;6.04863;0;0;0.1;0.01;0;5.98865;0;0;-1
0;426;-57.3379;29.7694;-12.8199;8.5;2572.44;5.11093;0;0;0.1;0.01;0;5.63778;1;0;-1
0;427;-55.1137;44.722;-11.8304;9.28257;3350.37;5.58147;0;0;0.1;0.01;0;6.85663;0;0;-1
0;428;-57.9495;60.0325;-10.6869;9.74725;3879.14;5.86088;0;0;0.1;0.01;0;5.44907;0;0;-1
0;429;-42.7885;-83.6439;-13.2542;10.0889;4301.5;6.06631;0;0;0.1;0.01;0;4.25749;0;0;-1
0;430;-39.3563;-64.6278;-11.5691;9.79525;3936.73;5.88974;0;0;0.1;0.01;0;5.60961;0;0;-1
0;431;-41.0496;-49.3546;-10.6934;8.52157;2592.07;5.1239;0;0;0.1;0.01;0;5.07767;0;0;-1
0;432;-41.2235;-32.6026;-12.3619;9.80366;3946.87;5.8948;0;0;0.1;0.01;0;6.13934;0;0;-1
0;433;-42.0822;-14.3495;-13.5195;10.014;4206.41;6.02127;0;0;0.1;0.01;0;6.08376;0;0;-1
0;434;-40.9207;3.07216;-10.7842;9.48602;3575.53;5.70381;0;0;0.1;0.01;0;5.76898;0;0;-1
0;435;-39.3997;20.0872;-11.2082;10.0097;4200.99;6.01869;0;0;0.1;0.01;0;6.27645;0;0;-1
0;436;-42.1302;36.9079;-13.1721;9.33057;3402.62;5.61034;0;0;0.1;0.01;0;7.20114;0;0;-1
0;437;-42.6517;52.2139;-12.6288;8.5;2572.44;5.11093;0;0;0.1;0.01;0;5.0528;1;0;-1
0;438;-43.0053;70.6874;-12.5561;8.74544;2801.78;5.25851;0;0;0.1;0.01;0;4.72238;0;0;-1
0;439;-43.2549;85.1313;-13.3393;8.5;2572.44;5.11093;0;0;0.1;0.01;0;3.42414;1;0;-1
0;440;-27.9016;-93.18;-13.0869;9.62079;3730.1;5.78484;0;0;0.1;0.01;0;4.31847;0;0;-1
0;441;-28.1452;-76.8734;-13.001;10.1441;4372.49;6.0995;0;0;0.1;0.01;0;7.05547;0;0;-1
0;442;-24.698;-56.5738;-12.2853;10.3899;4698.1;6.2473;0;0;0.1;0.01;0;7.30702;0;0;-1
0;443;-27.366;-41.7518;-10.1926;10.4383;4764.07;6.2764;0;0;0.1;0.01;0;7.63251;0;0;-1
0;444;-26.6306;-22.2855;-11.8678;10.2193;4470.46;6.14472;0;0;0.1;0.01;0;6.64872;0;0;-1
0;445;-24.9535;-7.30848;-10.3153;8.54228;2611.02;5.13635;0;0;0.1;0.01;0;4.69722;0;0;-1
0;446;-25.138;9.14596;-10.2595;9.43114;3513.83;5.67081;0;0;0.1;0.01;0;5.17419;0;0;-1
0;447;-27.4332;28.4678;-10.5839;10.2555;4518.13;6.16648;0;0;0.1;0.01;0;6.15249;0;0;-1
0;448;-28.3095;42.9587;-10.7748;9.06343;3118.65;5.44971;0;0;0.1;0.01;0;5.62822;0;0;-1
0;449;-24.4437;59.0689;-12.8415;8.80537;2859.77;5.29454;0;0;0.1;0.01;0;4.53633;0;0;-1
0;450;-24.775;77.7008;-12.2453;9.85517;4009.41;5.92577;0;0;0.1;0.01;0;6.45138;0;0;-1
0;451;-24.8576;94.6738;-14.0158;10.1999;4445.05;6.13305;0;0;0.1;0.01;0;3.54297;0;0;-1
0;452;-13.5488;-83.3055;-11.0858;8.5;2572.44;5.11093;0;0;0.1;0.01;0;4.4542;1;0;-1
0;453;-12.7724;-65.454;-13.2541;8.5;2572.44;5.11093;0;0;0.1;0.01;0;5.5263;1;0;-1
0;454;-12.6931;-48.4386;-9.70864;9.49539;3586.14;5.70944;0;0;0.1;0.01;0;6.6059;0;0;-1
0;455;-11.4472;-32.3649;-11.7578;10.4018;4714.27;6.25445;0;0;0.1;0.01;0;7.25777;0;0;-1
0;456;-10.3941;-14.271;-10.7227;8.5;2572.44;5.11093;0;0;0.1;0.01;0;6.05962;1;0;-1
0;457;-10.7167;0.964189;-11.6047;10.2021;4447.92;6.13437;0;0;0.1;0.01;0;7.16131;0;0;-1
0;458;-10.7311;16.9702;-11.6268;9.08701;3143.05;5.46389;0;0;0.1;0.01;0;5.76915;0;0;-1
0;459;-11.596;34.2403;-12.541;8.56015;2627.44;5.14709;0;0;0.1;0.01;0;4.62012;0;0;-1
0;460;-10.3552;50.9688;-10.6109;8.54843;2616.66;5.14005;0;0;0.1;0.01;0;5.22132;0;0;-1
0;461;-10.5245;67.4164;-11.6337;9.0735;3129.05;5.45576;0;0;0.1;0.01;0;5.91023;0;0;-1
0;462;-11.697;87.2598;-12.4323;8.5;2572.44;5.11093;0;0;0.1;0.01;0;4.79254;1;0;-1
0;463;4.39531;-91.5479;-10.5858;8.69412;2752.74;5.22765;0;0;0.1;0.01;0;3.76616;0;0;-1
0;464;1.54294;-75.996;-12.1302;8.5;2572.44;5.11093;0;0;0.1;0.01;0;5.49196;1;0;-1
0;465;1.34705;-59.4789;-12.851;8.86284;2916.13;5.3291;0;0;0.1;0.01;0;6.06298;0;0;-1
0;466;1.68187;-41.2637;-12.6208;9.63019;3741.05;5.79049;0;0;0.1;0.01;0;6.53624;0;0;-1
0;467;1.26737;-21.5689;-10.4653;9.21799;3280.93;5.54264;0;0;0.1;0.01;0;6.60866;0;0;-1
0;468;1.59698;-7.44332;-12.1237;8.63646;2698.34;5.19298;0;0;0.1;0.01;0;6.12703;0;0;-1
0;469;3.27798;8.17331;-12.2796;10.1133;4332.79;6.08098;0;0;0.1;0.01;0;6.21232;0;0;-1
0;470;3.19295;25.1299;-13.5547;9.05314;3108.04;5.44352;0;0;0.1;0.01;0;4.72344;0;0;-1
0;471;1.98936;43.7628;-10.4995;9.3009;3370.26;5.5925;0;0;0.1;0.01;0;5.578;0;0;-1
0;472;2.33416;59.5226;-10.7491;9.45512;3540.71;5.68523;0;0;0.1;0.01;0;6.58718;0;0;-1
0;473;2.70752;76.7499;-10.3936;8.91847;2971.39;5.36255;0;0;0.1;0.01;0;6.03191;0;0;-1
0;474;3.09457;94.0385;-11.4659;10.2647;4530.3;6.17202;0;0;0.1;0.01;0;4.45972;0;0;-1
0;475;18.8185;-85.1786;-10.5404;9.35595;3430.46;5.6256;0;0;0.1;0.01;0;5.79967;0;0;-1
0;476;16.0714;-68.1926;-10.5168;9.47166;3559.32;5.69517;0;0;0.1;0.01;0;6.35411;0;0;-1
0;477;15.9614;-51.4699;-9.87172;9.86583;4022.44;5.93218;0;0;0.1;0.01;0;5.7794;0;0;-1
0;478;15.5218;-33.3911;-10.5212;9.65096;3765.3;5.80298;0;0;0.1;0.01;0;5.74286;0;0;-1
0;479;16.0367;-16.2985;-11.4716;8.57311;2639.39;5.15489;0;0;0.1;0.01;0;5.90808;0;0;-1
0;480;16.4172;1.12;-11.4623;9.38448;3461.94;5.64275;0;0;0.1;0.01;0;5.57843;0;0;-1
0;481;19.4887;20.9032;-10.877;9.88972;4051.73;5.94655;0;0;0.1;0.01;0;6.05022;0;0;-1
0;482;19.6217;38.1894;-13.1653;8.5;2572.44;5.11093;0;0;0.1;0.01;0;5.08535;1;0;-1
0;483;18.1845;54.5312;-11.4699;8.5;2572.44;5.11093;0;0;0.1;0.01;0;4.92973;1;0;-1
0;484;17.3044;71.4355;-10.3201;10.3965;4707.06;6.25126;0;0;0.1;0.01;0;7.11077;0;0;-1
0;485;15.7008;84.9742;-12.5707;8.5;2572.44;5.11093;0;0;0.1;0.01;0;5.45135;1;0;-1
0;486;31.9479;-93.7229;-12.0444;8.83098;2884.8;5.30994;0;0;0.1;0.01;0;1.85787;0;0;-1
0;487;33.3607;-76.6506;-12.3254;9.41174;3492.19;5.65914;0;0;0.1;0.01;0;5.6528;0;0;-1
0;488;32.887;-55.3926;-10.3505;9.45135;3536.47;5.68296;0;0;0.1;0.01;0;4.99105;0;0;-1
0;489;34.1652;-38.8907;-10.1246;9.62386;3733.67;5.78669;0;0;0.1;0.01;0;6.14352;0;0;-1
0;490;31.2327;-21.3579;-12.2767;9.89423;4057.28;5.94926;0;0;0.1;0.01;0;7.10819;0;0;-1
0;491;33.1376;-6.33874;-10.7733;8.88235;2935.43;5.34083;0;0;0.1;0.01;0;5.56318;0;0;-1
0;492;33.5006;11.7981;-12.9107;10.3784;4682.52;6.24038;0;0;0.1;0.01;0;7.01954;0;0;-1
0;493;31.474;29.0485;-10.832;9.24443;3309.25;5.55854;0;0;0.1;0.01;0;6.82194;0;0;-1
0;494;33.5348;46.2606;-13.2468;9.56238;3662.58;5.74972;0;0;0.1;0.01;0;5.98833;0;0;-1
0;495;32.7903;63.4893;-10.3638;8.6173;2680.42;5.18146;0;0;0.1;0.01;0;5.98519;0;0;-1
0;496;32.2629;79.3788;-10.122;10.0567;4260.45;6.04695;0;0;0.1;0.01;0;6.38677;0;0;-1
0;497;45.9717;-82.9372;-10.7954;8.5;2572.44;5.11093;0;0;0.1;0.01;0;4.15518;1;0;-1
0;498;48.1296;-67.8902;-11.4535;9.53328;3629.24;5.73222;0;0;0.1;0.01;0;6.01203;0;0;-1
0;499;47.6998;-47.733;-11.9645;9.34097;3414.01;5.61659;0;0;0.1;0.01;0;6.11475;0;0;-1
0;500;48.6154;-31.7097;-12.5253;9.05733;3112.36;5.44604;0;0;0.1;0.01;0;5.54035;0;0;-1
0;501;45.5568;-14.7382;-10.9535;9.15165;3210.6;5.50275;0;0;0.1;0.01;0;6.26709;0;0;-1
0;502;46.5936;0.436171;-11.0259;10.1585;4391.14;6.10816;0;0;0.1;0.01;0;7.44594;0;0;-1
0;503;47.7331;18.1198;-13.4346;10.1742;4411.53;6.1176;0;0;0.1;0.01;0;7.74746;0;0;-1
0;504;47.8988;34.6522;-10.542;9.51622;3609.79;5.72196;0;0;0.1;0.01;0;6.42834;0;0;-1
0;505;45.9447;55.1952;-12.496;8.5;2572.44;5.11093;0;0;0.1;0.01;0;5.0201;1;0;-1
0;506;46.2868;68.4973;-10.0089;9.24156;3306.16;5.55682;0;0;0.1;0.01;0;6.16952;0;0;-1
0;507;47.696;85.6398;-13.0964;8.6403;2701.94;5.19529;0;0;0.1;0.01;0;2.33793;0;0;-1
0;508;61.0979;-74.2459;-11.2899;10.3036;4582.01;6.19541;0;0;0.1;0.01;0;3.19819;0;0;-1
0;509;60.3069;-56.0675;-13.2999;9.61516;3723.56;5.78146;0;0;0.1;0.01;0;6.39403;0;0;-1
0;510;61.4425;-42.149;-11.619;9.39919;3478.24;5.6516;0;0;0.1;0.01;0;6.41299;0;0;-1
0;511;62.5788;-25.7824;-11.8628;9.28468;3352.66;5.58274;0;0;0.1;0.01;0;5.84233;0;0;-1
0;512;62.7443;-7.65406;-11.5051;9.83406;3983.7;5.91308;0;0;0.1;0.01;0;6.46743;0;0;-1
0;513;60.733;9.37393;-12.8125;10.2245;4477.29;6.14784;0;0;0.1;0.01;0;6.65799;0;0;-1
0;514;61.9702;28.7543;-10.2225;9.92591;4096.37;5.96831;0;0;0.1;0.01;0;6.30813;0;0;-1
0;515;62.6741;45.9865;-11.1323;9.50542;3597.51;5.71547;0;0;0.1;0.01;0;5.70439;0;0;-1
0;516;63.2342;63.5896;-10.7997;10.0981;4313.28;6.07184;0;0;0.1;0.01;0;5.33306;0;0;-1
0;517;61.0461;77.923;-13.7898;8.90529;2958.24;5.35462;0;0;0.1;0.01;0;2.77248;0;0;-1
0;518;77.6012;-47.529;-10.8079;8.5;2572.44;5.11093;0;0;0.1;0.01;0;3.89237;1;0;-1
0;519;77.3353;-30.0368;-11.2453;8.60685;2670.68;5.17517;0;0;0.1;0.01;0;5.62766;0;0;-1
0;520;75.3003;-14.4422;-10.8542;10.4528;4783.95;6.28512;0;0;0.1;0.01;0;7.80072;0;0;-1
0;521;74.9418;1.12185;-10.9953;8.5;2572.44;5.11093;0;0;0.1;0.01;0;6.16674;1;0;-1
0;522;76.6094;18.0114;-13.3433;8.69993;2758.26;5.23114;0;0;0.1;0.01;0;5.74954;0;0;-1
0;523;75.0691;34.8533;-12.7153;8.5;2572.44;5.11093;0;0;0.1;0.01;0;5.25357;1;0;-1
0;524;75.3419;51.4812;-10.2294;9.24246;3307.13;5.55736;0;0;0.1;0.01;0;5.72067;0;0;-1
0;525;89.5841;-22.1772;-11.9549;8.5;2572.44;5.11093;0;0;0.1;0.01;0;3.78999;1;0;-1
0;526;90.067;-4.24932;-10.1462;9.67018;3787.85;5.81454;0;0;0.1;0.01;0;4.12143;0;0;-1
0;527;89.554;12.0087;-11.0217;8.94815;3001.15;5.38039;0;0;0.1;0.01;0;4.80397;0;0;-1
0;528;89.4278;27.0271;-11.1996;8.57982;2645.59;5.15892;0;0;0.1;0.01;0;4.51397;0;0;-1
0;529;89.2387;43.5644;-9.84451;10.0381;4236.85;6.03576;0;0;0.1;0.01;0;3.29326;0;0;-1
0;530;-93.9355;-16.5765;2.39483;9.45997;3546.16;5.68814;0;0;0.1;0.01;0;3.17033;0;0;-1
0;531;-95.6863;2.72978;3.43348;9.65336;3768.11;5.80443;0;0;0.1;0.01;0;3.78292;0;0;-1
0;532;-95.9071;18.6888;2.164;10.2032;4449.36;6.13504;0;0;0.1;0.01;0;3.23877;0;0;-1
0;533;-79.6812;-55.9202;3.03846;8.5;2572.44;5.11093;0;0;0.1;0.01;0;2.6387;1;0;-1
0;534;-82.6287;-41.5227;4.68372;9.80047;3943.02;5.89288;0;0;0.1;0.01;0;4.17496;0;0;-1
0;535;-80.5971;-23.2273;2.97298;9.80139;3944.13;5.89343;0;0;0.1;0.01;0;6.45331;0;0;-1
0;536;-79.8667;-6.13636;3.72479;9.46528;3552.13;5.69134;0;0;0.1;0.01;0;5.92372;0;0;-1
0;537;-81.7937;10.3562;2.71634;8.90491;2957.86;5.35439;0;0;0.1;0.01;0;4.70793;0;0;-1
0;538;-80.6002;25.491;1.21002;8.5;2572.44;5.11093;0;0;0.1;0.01;0;3.69377;1;0;-1
0;539;-82.6827;44.0741;2.76826;10.2457;4505.19;6.16059;0;0;0.1;0.01;0;4.42101;0;0;-1
0;540;-78.9047;61.1291;3.37722;9.4202;3501.62;5.66423;0;0;0.1;0.01;0;2.55834;0;0;-1
0;541;-63.8827;-65.5038;1.67705;8.86781;2921.04;5.33209;0;0;0.1;0.01;0;4.00784;0;0;-1
0;542;-64.2797;-47.2853;4.40178;10.2617;4526.33;6.17021;0;0;0.1;0.01;0;6.23421;0;0;-1
0;543;-68.3934;-33.0495;3.55806;8.92266;2975.58;5.36507;0;0;0.1;0.01;0;5.75964;0;0;-1
0;544;-67.7966;-14.824;1.72366;10.4365;4761.6;6.27532;0;0;0.1;0.01;0;6.9266;0;0;-1
0;545;-67.1942;0.398502;3.73732;10.3306;4618.12;6.21164;0;0;0.1;0.01;0;6.93427;0;0;-1
0;546;-64.7311;17.1263;3.36671;10.4477;4776.95;6.28205;0;0;0.1;0.01;0;6.0202;0;0;-1
0;547;-65.1809;36.5241;3.09531;10.4249;4745.74;6.26834;0;0;0.1;0.01;0;6.6028;0;0;-1
0;548;-65.5659;52.0305;3.22566;9.47993;3568.65;5.70014;0;0;0.1;0.01;0;5.47998;0;0;-1
0;549;-64.9429;70.4131;3.16437;8.5;2572.44;5.11093;0;0;0.1;0.01;0;2.3496;1;0;-1
0;550;-49.9097;-75.338;3.2388;8.5823;2647.89;5.16041;0;0;0.1;0.01;0;5.00458;0;0;-1
0;551;-50.3448;-59.3862;4.21005;8.71413;2771.79;5.23968;0;0;0.1;0.01;0;5.50629;0;0;-1
0;552;-50.9541;-42.331;3.3422;8.72965;2786.63;5.24901;0;0;0.1;0.01;0;5.46292;0;0;-1
0;553;-52.1151;-24.4759;3.65142;8.58632;2651.61;5.16283;0;0;0.1;0.01;0;4.18513;0;0;-1
0;554;-49.6412;-5.37821;2.14941;8.5;2572.44;5.11093;0;0;0.1;0.01;0;4.35393;1;0;-1
0;555;-52.304;10.0586;3.7528;8.5;2572.44;5.11093;0;0;0.1;0.01;0;4.98663;1;0;-1
0;556;-52.7558;25.8374;2.70237;8.5;2572.44;5.11093;0;0;0.1;0.01;0;5.48492;1;0;-1
0;557;-50.2674;42.9871;5.11424;9.8444;3996.28;5.91929;0;0;0.1;0.01;0;5.97311;0;0;-1
0;558;-50.7541;63.4607;1.83302;9.04923;3104.01;5.44117;0;0;0.1;0.01;0;5.21334;0;0;-1
0;559;-51.4559;78.1196;1.28858;9.76208;3896.87;5.8698;0;0;0.1;0.01;0;4.43663;0;0;-1
0;560;-34.9748;-84.014;3.44242;9.36644;3442.01;5.6319;0;0;0.1;0.01;0;5.15606;0;0;-1
0;561;-38.5001;-67.3832;3.24558;9.15764;3216.91;5.50636;0;0;0.1;0.01;0;5.35377;0;0;-1
0;562;-36.7039;-50.3895;4.12328;8.5;2572.44;5.11093;0;0;0.1;0.01;0;5.17151;1;0;-1
0;563;-35.8327;-32.6228;2.67738;9.95707;4135.07;5.98704;0;0;0.1;0.01;0;6.05345;0;0;-1
0;564;-38.0811;-14.0899;3.15378;8.97516;3028.41;5.39663;0;0;0.1;0.01;0;4.98303;0;0;-1
0;565;-36.6321;3.17927;4.03701;8.90095;2953.91;5.35201;0;0;0.1;0.01;0;5.85495;0;0;-1
0;566;-38.1391;19.9729;2.91756;10.1518;4382.46;6.10413;0;0;0.1;0.01;0;6.86526;0;0;-1
0;567;-38.1958;36.3082;1.0211;8.89588;2948.87;5.34896;0;0;0.1;0.01;0;5.93155;0;0;-1
0;568;-35.419;50.8423;2.86181;9.82839;3976.82;5.90967;0;0;0.1;0.01;0;5.01566;0;0;-1
0;569;-35.7462;71.7412;1.34216;10.4423;4769.55;6.2788;0;0;0.1;0.01;0;6.28693;0;0;-1
0;570;-35.3321;87.891;3.29123;9.58234;3685.56;5.76172;0;0;0.1;0.01;0;5.1435;0;0;-1
0;571;-20.7821;-93.6572;1.60203;9.51832;3612.18;5.72323;0;0;0.1;0.01;0;4.31292;0;0;-1
0;572;-20.5638;-76.606;4.59853;8.53528;2604.61;5.13214;0;0;0.1;0.01;0;5.26518;0;0;-1
0;573;-23.6233;-57.6368;1.5384;9.2155;3278.27;5.54115;0;0;0.1;0.01;0;6.00388;0;0;-1
0;574;-23.2227;-40.3585;2.14125;9.25268;3318.11;5.5635;0;0;0.1;0.01;0;6.4171;0;0;-1
0;575;-21.1658;-23.079;3.5697;8.5;2572.44;5.11093;0;0;0.1;0.01;0;5.39889;1;0;-1
0;576;-20.5781;-5.19628;3.34412;8.55675;2624.31;5.14505;0;0;0.1;0.01;0;6.16174;0;0;-1
0;577;-20.1914;9.99079;4.07215;10.1133;4332.79;6.08098;0;0;0.1;0.01;0;6.89851;0;0;-1
0;578;-23.9381;27.5236;1.8853;8.5874;2652.61;5.16348;0;0;0.1;0.01;0;3.993;0;0;-1
0;579;-19.9311;46.9983;1.83154;9.19996;3261.72;5.5318;0;0;0.1;0.01;0;4.54749;0;0;-1
0;580;-22.0321;63.3246;2.16546;9.89483;4058.01;5.94962;0;0;0.1;0.01;0;6.65925;0;0;-1
0;581;-22.1864;77.5559;1.91168;9.60554;3712.39;5.77567;0;0;0.1;0.01;0;6.19927;0;0;-1
0;582;-23.3664;96.2351;1.35652;9.90756;4073.7;5.95727;0;0;0.1;0.01;0;3.4205;0;0;-1
0;583;-7.07379;-98.9526;0.926329;10.0776;4287.06;6.05951;0;0;0.1;0.01;0;2.97346;0;0;-1
0;584;-5.6436;-81.054;3.70916;8.73414;2790.93;5.25171;0;0;0.1;0.01;0;5.62594;0;0;-1
0;585;-9.08398;-66.6461;2.7693;10.3839;4689.97;6.24369;0;0;0.1;0.01;0;5.75104;0;0;-1
0;586;-7.63241;-49.253;2.31289;8.64791;2709.08;5.19986;0;0;0.1;0.01;0;5.09614;0;0;-1
0;587;-7.46256;-29.9756;2.51709;9.4445;3528.79;5.67884;0;0;0.1;0.01;0;6.35281;0;0;-1
0;588;-8.78153;-14.1914;3.11264;9.71029;3835.18;5.83866;0;0;0.1;0.01;0;6.88158;0;0;-1
0;589;-7.88667;1.80541;3.77745;8.5;2572.44;5.11093;0;0;0.1;0.01;0;5.8988;1;0;-1
0;590;-6.29665;17.3596;1.34378;8.51996;2590.61;5.12293;0;0;0.1;0.01;0;5.93054;0;0;-1
0;591;-6.16614;34.6585;3.70138;9.22465;3288.05;5.54665;0;0;0.1;0.01;0;5.50888;0;0;-1
0;592;-5.76377;51.7997;3.53806;8.5;2572.44;5.11093;0;0;0.1;0.01;0;5.86969;1;0;-1
0;593;-7.5687;71.7827;2.33026;10.3283;4615.04;6.21026;0;0;0.1;0.01;0;6.85578;0;0;-1
0;594;-9.20644;88.3784;3.68181;9.77079;3907.31;5.87503;0;0;0.1;0.01;0;4.97603;0;0;-1
0;595;8.04374;-92.1768;3.10487;8.71605;2773.63;5.24083;0;0;0.1;0.01;0;4.70582;0;0;-1
0;596;8.63594;-76.092;1.83027;9.61678;3725.44;5.78243;0;0;0.1;0.01;0;7.03891;0;0;-1
0;597;5.9555;-58.9241;1.68766;10.096;4310.59;6.07058;0;0;0.1;0.01;0;6.91993;0;0;-1
0;598;7.03704;-42.7405;3.58835;9.83689;3987.15;5.91478;0;0;0.1;0.01;0;6.72733;0;0;-1
0;599;7.54644;-24.9346;1.84959;9.5353;3631.55;5.73344;0;0;0.1;0.01;0;6.50637;0;0;-1
0;600;9.35862;-8.46174;4.44323;10.1237;4346.17;6.08723;0;0;0.1;0.01;0;5.92919;0;0;-1
0;601;5.73547;10.4547;2.77383;8.89902;2951.99;5.35085;0;0;0.1;0.01;0;4.96037;0;0;-1
0;602;7.62844;25.4209;2.11839;9.91149;4078.55;5.95964;0;0;0.1;0.01;0;6.08963;0;0;-1
0;603;8.38163;44.0576;2.34534;8.5;2572.44;5.11093;0;0;0.1;0.01;0;5.04603;1;0;-1
0;604;6.9078;60.3892;1.6276;8.5;2572.44;5.11093;0;0;0.1;0.01;0;5.65586;1;0;-1
0;605;8.80162;76.5014;2.68138;8.62821;2690.61;5.18802;0;0;0.1;0.01;0;5.79844;0;0;-1
0;606;5.61416;97.909;1.52068;9.70502;3828.93;5.83549;0;0;0.1;0.01;0;2.82482;0;0;-1
0;607;20.4529;-85.289;2.17757;8.5;2572.44;5.11093;0;0;0.1;0.01;0;4.15291;1;0;-1
0;608;23.7065;-66.3255;2.74026;10.1485;4378.19;6.10215;0;0;0.1;0.01;0;5.92274;0;0;-1
0;609;22.381;-47.3537;4.38349;8.61569;2678.91;5.18049;0;0;0.1;0.01;0;4.584;0;0;-1
0;610;21.7419;-31.0831;1.47932;8.5;2572.44;5.11093;0;0;0.1;0.01;0;5.78872;1;0;-1
0;611;21.4333;-14.7092;1.49739;8.5;2572.44;5.11093;0;0;0.1;0.01;0;5.46801;1;0;-1
0;612;23.2024;4.33931;1.19909;9.49255;3582.92;5.70773;0;0;0.1;0.01;0;5.44688;0;0;-1
0;613;23.3884;20.8332;4.67245;9.56391;3664.33;5.75064;0;0;0.1;0.01;0;6.83987;0;0;-1
0;614;21.9822;37.2947;4.96408;8.5;2572.44;5.11093;0;0;0.1;0.01;0;5.6617;1;0;-1
0;615;22.7746;51.4197;3.72592;9.88732;4048.78;5.9451;0;0;0.1;0.01;0;6.64469;0;0;-1
0;616;21.1374;67.7548;1.65857;9.16445;3224.09;5.51045;0;0;0.1;0.01;0;5.95894;0;0;-1
0;617;21.4035;89.4962;1.13522;10.1186;4339.6;6.08417;0;0;0.1;0.01;0;4.04426;0;0;-1
0;618;38.0419;-75.9278;1.65994;9.44408;3528.32;5.67859;0;0;0.1;0.01;0;6.03097;0;0;-1
0;619;38.5552;-59.6013;4.03032;8.64248;2703.98;5.1966;0;0;0.1;0.01;0;5.22601;0;0;-1
0;620;34.9056;-40.1478;3.41367;8.9796;3032.91;5.3993;0;0;0.1;0.01;0;5.44898;0;0;-1
0;621;35.0456;-25.722;1.20178;9.54414;3641.66;5.73875;0;0;0.1;0.01;0;6.106;0;0;-1
0;622;38.0191;-8.85078;4.48305;9.35846;3433.22;5.62711;0;0;0.1;0.01;0;6.01335;0;0;-1
0;623;37.2377;9.08558;1.45486;9.51894;3612.89;5.7236;0;0;0.1;0.01;0;5.74728;0;0;-1
0;624;36.6636;27.2515;2.87406;9.98295;4167.4;6.0026;0;0;0.1;0.01;0;6.51486;0;0;-1
0;625;35.9286;44.5377;1.21312;10.3932;4702.58;6.24928;0;0;0.1;0.01;0;6.88067;0;0;-1
0;626;36.1014;62.7052;3.82853;10.293;4567.88;6.18903;0;0;0.1;0.01;0;7.82637;0;0;-1
0;627;37.664;80.0018;2.52913;10.395;4705.03;6.25036;0;0;0.1;0.01;0;5.13987;0;0;-1
0;628;50.8405;-83.5313;2.89677;8.5;2572.44;5.11093;0;0;0.1;0.01;0;2.98735;1;0;-1
0;629;52.1828;-64.6097;4.04952;9.83279;3982.16;5.91231;0;0;0.1;0.01;0;5.58563;0;0;-1
0;630;50.3209;-48.4695;3.25962;10.1367;4362.93;6.09505;0;0;0.1;0.01;0;6.36276;0;0;-1
0;631;53.3979;-33.6503;4.79332;8.5;2572.44;5.11093;0;0;0.1;0.01;0;5.81296;1;0;-1
0;632;51.3837;-15.8282;2.99416;8.60239;2666.53;5.17249;0;0;0.1;0.01;0;5.11845;0;0;-1
0;633;52.1573;1.13757;2.46479;8.51441;2585.55;5.11959;0;0;0.1;0.01;0;5.43378;0;0;-1
0;634;52.3743;17.0455;1.66839;9.47502;3563.11;5.69719;0;0;0.1;0.01;0;7.3103;0;0;-1
0;635;50.1836;34.3907;2.73498;9.80689;3950.78;5.89674;0;0;0.1;0.01;0;6.2324;0;0;-1
0;636;51.3754;54.6291;4.69926;8.5;2572.44;5.11093;0;0;0.1;0.01;0;5.01776;1;0;-1
0;637;50.0063;67.7093;3.25741;9.09874;3155.24;5.47094;0;0;0.1;0.01;0;4.70114;0;0;-1
0;638;68.0575;-56.0622;4.68713;9.91865;4087.39;5.96394;0;0;0.1;0.01;0;4.38757;0;0;-1
0;639;67.5917;-39.0441;2.40412;9.67029;3787.97;5.81461;0;0;0.1;0.01;0;7.08925;0;0;-1
0;640;64.7325;-24.1592;3.90499;8.59961;2663.94;5.17082;0;0;0.1;0.01;0;5.67693;0;0;-1
0;641;67.8264;-6.65368;4.42526;8.5;2572.44;5.11093;0;0;0.1;0.01;0;4.86686;1;0;-1
0;642;65.6302;12.2013;3.83452;10.2544;4516.68;6.16582;0;0;0.1;0.01;0;6.71919;0;0;-1
0;643;65.4876;25.9332;3.9379;8.5;2572.44;5.11093;0;0;0.1;0.01;0;6.09739;1;0;-1
0;644;66.9195;44.3117;4.36116;9.40417;3483.77;5.65459;0;0;0.1;0.01;0;5.69898;0;0;-1
0;645;67.4237;60.1753;4.32195;9.78995;3930.34;5.88655;0;0;0.1;0.01;0;4.4668;0;0;-1
0;646;82.3315;-47.3921;5.10518;9.16647;3226.23;5.51167;0;0;0.1;0.01;0;3.67433;0;0;-1
0;647;82.1684;-33.1109;3.18384;10.4059;4719.84;6.25692;0;0;0.1;0.01;0;5.8229;0;0;-1
0;648;81.3974;-15.7971;3.84553;9.58771;3691.76;5.76495;0;0;0.1;0.01;0;6.48924;0;0;-1
0;649;79.7767;0.0543371;1.87708;9.17655;3236.88;5.51773;0;0;0.1;0.01;0;5.72919;0;0;-1
0;650;80.9757;18.2562;2.44797;9.17519;3235.44;5.51691;0;0;0.1;0.01;0;6.64342;0;0;-1
0;651;82.5343;36.1045;4.09376;10.3563;4652.67;6.22709;0;0;0.1;0.01;0;5.55315;0;0;-1
0;652;82.801;55.3009;4.89359;9.98006;4163.78;6.00087;0;0;0.1;0.01;0;2.84939;0;0;-1
0;653;95.8381;-23.3887;2.1009;10.372;4673.86;6.23653;0;0;0.1;0.01;0;3.62892;0;0;-1
0;654;96.3564;-7.56602;4.22162;9.30892;3378.99;5.59732;0;0;0.1;0.01;0;3.40638;0;0;-1
0;655;94.5246;12.1134;1.93608;9.59168;3696.35;5.76734;0;0;0.1;0.01;0;4.21343;0;0;-1
0;656;94.3105;26.6329;4.47775;10.0281;4224.2;6.02975;0;0;0.1;0.01;0;4.46521;0;0;-1
0;657;-86.8362;-40.7507;19.1982;10.0139;4206.28;6.02121;0;0;0.1;0.01;0;3.22325;0;0;-1
0;658;-85.0794;-21.1783;18.5625;9.39531;3473.94;5.64926;0;0;0.1;0.01;0;3.28343;0;0;-1
0;659;-84.878;-4.98738;19.2732;9.9256;4095.99;5.96812;0;0;0.1;0.01;0;4.60235;0;0;-1
0;660;-86.649;10.484;17.1904;9.41782;3498.97;5.6628;0;0;0.1;0.01;0;4.71485;0;0;-1
0;661;-85.7269;27.1079;18.3054;8.5;2572.44;5.11093;0;0;0.1;0.01;0;3.21808;1;0;-1
0;662;-84.2591;45.3274;18.9253;8.68184;2741.09;5.22026;0;0;0.1;0.01;0;2.72786;0;0;-1
0;663;-72.1105;-63.6398;19.8414;9.46219;3548.65;5.68948;0;0;0.1;0.01;0;3.35499;0;0;-1
0;664;-70.8113;-48.5627;16.6694;9.04696;3101.68;5.43981;0;0;0.1;0.01;0;6.1131;0;0;-1
0;665;-68.9868;-33.8723;19.1872;8.5;2572.44;5.11093;0;0;0.1;0.01;0;5.46921;1;0;-1
0;666;-71.9592;-13.1868;19.021;9.90376;4069.01;5.95499;0;0;0.1;0.01;0;7.23472;0;0;-1
0;667;-69.3881;2.17201;19.7046;9.7357;3865.36;5.85394;0;0;0.1;0.01;0;6.93155;0;0;-1
0;668;-70.2514;18.6412;19.3001;9.64972;3763.85;5.80224;0;0;0.1;0.01;0;5.80203;0;0;-1
0;669;-70.2947;34.256;16.7462;8.77909;2834.24;5.27874;0;0;0.1;0.01;0;4.32344;0;0;-1
0;670;-70.2509;52.8841;16.2673;8.5;2572.44;5.11093;0;0;0.1;0.01;0;3.91542;1;0;-1
0;671;-58.0209;-74.9477;17.1214;10.065;4271;6.05194;0;0;0.1;0.01;0;4.51486;0;0;-1
0;672;-57.4998;-58.6543;18.7056;9.47117;3558.77;5.69488;0;0;0.1;0.01;0;6.43845;0;0;-1
0;673;-56.2003;-39.5368;17.458;10.2399;4497.55;6.1571;0;0;0.1;0.01;0;7.40214;0;0;-1
0;674;-57.0866;-23.2704;16.9163;8.9323;2985.23;5.37086;0;0;0.1;0.01;0;5.73284;0;0;-1
0;675;-55.1861;-6.46654;16.0515;9.97374;4155.88;5.99707;0;0;0.1;0.01;0;6.24494;0;0;-1
0;676;-57.1264;8.61371;17.4088;8.70387;2762.01;5.23351;0;0;0.1;0.01;0;5.3849;0;0;-1
0;677;-55.3823;26.7726;16.7902;9.65507;3770.12;5.80545;0;0;0.1;0.01;0;5.70997;0;0;-1
0;678;-54.9727;46.899;18.9422;8.5;2572.44;5.11093;0;0;0.1;0.01;0;4.35218;1;0;-1
0;679;-53.9876;61.9308;18.2839;8.67427;2733.93;5.21571;0;0;0.1;0.01;0;3.80812;0;0;-1
0;680;-53.7984;78.0475;19.6612;9.60026;3706.27;5.7725;0;0;0.1;0.01;0;2.63838;0;0;-1
0;681;-41.6968;-84.6161;16.8474;9.64536;3758.75;5.79962;0;0;0.1;0.01;0;4.32874;0;0;-1
0;682;-40.6328;-67.4655;17.7355;8.98447;3037.85;5.40223;0;0;0.1;0.01;0;5.5148;0;0;-1
0;683;-40.4641;-47.7832;16.7405;9.09298;3149.25;5.46748;0;0;0.1;0.01;0;5.26076;0;0;-1
0;684;-42.529;-33.0307;18.1916;9.56256;3662.78;5.74983;0;0;0.1;0.01;0;6.35418;0;0;-1
0;685;-42.1553;-13.754;16.4892;8.5;2572.44;5.11093;0;0;0.1;0.01;0;4.91438;1;0;-1
0;686;-39.9927;2.27982;17.724;8.8338;2887.56;5.31164;0;0;0.1;0.01;0;5.08309;0;0;-1
0;687;-42.2128;18.6862;18.4618;8.81873;2872.81;5.30257;0;0;0.1;0.01;0;5.43452;0;0;-1
0;688;-41.1635;33.7362;18.2751;8.97255;3025.77;5.39506;0;0;0.1;0.01;0;5.18972;0;0;-1
0;689;-39.7052;53.215;18.5429;8.97931;3032.62;5.39913;0;0;0.1;0.01;0;4.73791;0;0;-1
0;690;-39.5872;71.4816;16.4021;10.2106;4459.05;6.13949;0;0;0.1;0.01;0;5.90267;0;0;-1
0;691;-41.5985;87.7421;18.5433;8.98874;3042.18;5.4048;0;0;0.1;0.01;0;2.93151;0;0;-1
0;692;-27.7618;-93.4549;16.8245;10.4523;4783.26;6.28482;0;0;0.1;0.01;0;3.97955;0;0;-1
0;693;-27.509;-72.8547;18.5018;9.83112;3980.13;5.91131;0;0;0.1;0.01;0;6.16586;0;0;-1
0;694;-25.372;-56.7091;16.2819;8.5;2572.44;5.11093;0;0;0.1;0.01;0;4.4503;1;0;-1
0;695;-24.5038;-40.3774;17.8403;8.88227;2935.35;5.34078;0;0;0.1;0.01;0;5.48653;0;0;-1
0;696;-28.3614;-24.7226;16.3183;9.59361;3698.58;5.7685;0;0;0.1;0.01;0;6.04783;0;0;-1
0;697;-28.378;-7.18692;16.0133;9.33032;3402.34;5.61019;0;0;0.1;0.01;0;5.29278;0;0;-1
0;698;-26.959;10.6772;16.4887;9.60486;3711.6;5.77526;0;0;0.1;0.01;0;6.09122;0;0;-1
0;699;-27.4503;28.0492;17.3653;9.05772;3112.76;5.44628;0;0;0.1;0.01;0;5.12741;0;0;-1
0;700;-25.4588;45.9304;17.632;9.58543;3689.13;5.76358;0;0;0.1;0.01;0;5.76645;0;0;-1
0;701;-28.1574;62.0575;16.4014;9.01678;3070.74;5.42166;0;0;0.1;0.01;0;5.90427;0;0;-1
0;702;-27.4142;80.412;16.3126;10.1887;4430.42;6.12632;0;0;0.1;0.01;0;5.89105;0;0;-1
0;703;-13.2908;-83.6113;17.6384;9.77088;3907.42;5.87509;0;0;0.1;0.01;0;5.4564;0;0;-1
0;704;-13.7346;-65.6483;17.022;8.5;2572.44;5.11093;0;0;0.1;0.01;0;4.20991;1;0;-1
0;705;-11.1792;-47.5335;16.272;9.7905;3931;5.88689;0;0;0.1;0.01;0;5.44843;0;0;-1
0;706;-12.3579;-30.782;19.3437;8.63701;2698.85;5.19331;0;0;0.1;0.01;0;5.76192;0;0;-1
0;707;-11.5497;-16.1879;17.4715;9.71429;3839.92;5.84106;0;0;0.1;0.01;0;6.34279;0;0;-1
0;708;-13.6689;1.66386;17.1292;10.0878;4300.09;6.06565;0;0;0.1;0.01;0;7.02436;0;0;-1
0;709;-13.1773;20.7906;16.6118;10.0841;4295.36;6.06342;0;0;0.1;0.01;0;6.26937;0;0;-1
0;710;-10.9558;37.3218;17.2911;8.97727;3030.55;5.3979;0;0;0.1;0.01;0;5.49557;0;0;-1
0;711;-10.0197;52.3611;18.3016;10.1287;4352.61;6.09024;0;0;0.1;0.01;0;6.64289;0;0;-1
0;712;-11.6741;68.4251;18.3665;8.59754;2662.02;5.16958;0;0;0.1;0.01;0;5.20903;0;0;-1
0;713;-11.0502;85.2602;18.6699;8.5;2572.44;5.11093;0;0;0.1;0.01;0;3.73819;1;0;-1
0;714;1.68354;-91.9842;17.4348;10.248;4508.23;6.16197;0;0;0.1;0.01;0;3.90923;0;0;-1
0;715;4.58215;-72.2717;15.9846;8.68782;2746.76;5.22386;0;0;0.1;0.01;0;5.15419;0;0;-1
0;716;2.81681;-56.9707;17.3352;8.5;2572.44;5.11093;0;0;0.1;0.01;0;5.54529;1;0;-1
0;717;2.96206;-39.8534;16.6722;9.887;4048.39;5.94491;0;0;0.1;0.01;0;6.58566;0;0;-1
0;718;2.38444;-24.4659;16.4654;8.82136;2875.38;5.30416;0;0;0.1;0.01;0;5.63548;0;0;-1
0;719;4.97524;-8.37162;17.1123;8.57217;2638.52;5.15432;0;0;0.1;0.01;0;4.74327;0;0;-1
0;720;4.17362;9.65295;16.3866;9.89258;4055.25;5.94826;0;0;0.1;0.01;0;4.89238;0;0;-1
0;721;2.15912;28.5068;16.6413;9.95865;4137.04;5.98799;0;0;0.1;0.01;0;6.24832;0;0;-1
0;722;2.53306;46.1864;15.6208;8.5982;2662.63;5.16997;0;0;0.1;0.01;0;5.80191;0;0;-1
0;723;2.66102;63.4019;15.8923;10.4039;4717.12;6.25571;0;0;0.1;0.01;0;6.71256;0;0;-1
0;724;0.99309;77.9659;15.934;8.66392;2724.16;5.20949;0;0;0.1;0.01;0;5.68535;0;0;-1
0;725;4.69919;93.0907;17.7742;8.70908;2766.98;5.23664;0;0;0.1;0.01;0;2.89414;0;0;-1
0;726;17.7798;-82.3804;17.1056;10.0453;4245.97;6.04009;0;0;0.1;0.01;0;5.13249;0;0;-1
0;727;15.7986;-64.4104;16.3833;8.5;2572.44;5.11093;0;0;0.1;0.01;0;4.94378;1;0;-1
0;728;16.0274;-50.085;18.308;9.61978;3728.93;5.78423;0;0;0.1;0.01;0;5.55457;0;0;-1
0;729;18.9335;-33.9797;18.1027;8.5;2572.44;5.11093;0;0;0.1;0.01;0;4.31581;1;0;-1
0;730;18.3543;-17.012;17.3443;9.30503;3374.75;5.59498;0;0;0.1;0.01;0;5.77527;0;0;-1
0;731;17.4621;2.71836;18.4925;8.54447;2613.03;5.13767;0;0;0.1;0.01;0;4.7406;0;0;-1
0;732;16.5785;21.1399;16.2201;9.14026;3198.63;5.49591;0;0;0.1;0.01;0;6.27738;0;0;-1
0;733;16.5149;37.0726;17.4406;8.88866;2941.69;5.34462;0;0;0.1;0.01;0;5.8895;0;0;-1
0;734;19.6664;52.9311;17.6946;8.85858;2911.93;5.32654;0;0;0.1;0.01;0;5.16853;0;0;-1
0;735;16.4142;69.7754;17.3863;8.51644;2587.4;5.12081;0;0;0.1;0.01;0;5.15652;0;0;-1
0;736;17.9139;85.6735;16.4528;9.17315;3233.29;5.51568;0;0;0.1;0.01;0;3.56763;0;0;-1
0;737;33.1729;-92.4859;15.9323;9.05955;3114.64;5.44738;0;0;0.1;0.01;0;1.69042;0;0;-1
0;738;33.7875;-73.7667;16.1045;9.51316;3606.31;5.72013;0;0;0.1;0.01;0;5.4784;0;0;-1
0;739;33.1767;-55.2462;18.0163;9.15668;3215.9;5.50578;0;0;0.1;0.01;0;4.54225;0;0;-1
0;740;33.6515;-39.027;18.0759;8.5;2572.44;5.11093;0;0;0.1;0.01;0;5.33011;1;0;-1
0;741;31.4365;-24.483;16.3419;9.37929;3456.2;5.63963;0;0;0.1;0.01;0;6.48169;0;0;-1
0;742;30.7117;-8.05699;18.5965;9.30862;3378.66;5.59714;0;0;0.1;0.01;0;5.49665;0;0;-1
0;743;30.5281;11.5704;17.0203;8.87722;2930.35;5.33774;0;0;0.1;0.01;0;5.13316;0;0;-1
0;744;32.095;26.8743;16.7592;8.78131;2836.39;5.28007;0;0;0.1;0.01;0;5.40326;0;0;-1
0;745;33.2189;45.7684;16.5185;8.5;2572.44;5.11093;0;0;0.1;0.01;0;5.2902;1;0;-1
0;746;30.487;63.4327;19.4772;9.08213;3137.99;5.46095;0;0;0.1;0.01;0;6.81707;0;0;-1
0;747;30.6459;77.8119;17.8468;9.25776;3323.58;5.56656;0;0;0.1;0.01;0;5.18582;0;0;-1
0;748;45.3104;-81.2492;16.0888;9.99665;4184.58;6.01084;0;0;0.1;0.01;0;4.70851;0;0;-1
0;749;48.9077;-67.6389;17.0046;8.61752;2680.62;5.18159;0;0;0.1;0.01;0;5.084;0;0;-1
0;750;47.5127;-48.1659;18.5953;8.5;2572.44;5.11093;0;0;0.1;0.01;0;4.60332;1;0;-1
0;751;46.7637;-31.8968;16.6139;9.52674;3621.78;5.72829;0;0;0.1;0.01;0;6.82922;0;0;-1
0;752;46.3618;-15.3177;17.5068;9.96599;4146.2;5.99241;0;0;0.1;0.01;0;6.40162;0;0;-1
0;753;46.2054;4.39313;19.4813;9.61473;3723.06;5.7812;0;0;0.1;0.01;0;5.43016;0;0;-1
0;754;48.7887;20.4691;17.3377;9.77667;3914.37;5.87857;0;0;0.1;0.01;0;6.22861;0;0;-1
0;755;46.8624;34.8806;18.9797;8.5;2572.44;5.11093;0;0;0.1;0.01;0;5.23545;1;0;-1
0;756;45.0854;54.0919;16.586;10.1386;4365.39;6.09619;0;0;0.1;0.01;0;6.57573;0;0;-1
0;757;46.979;68.9776;17.7778;8.7934;2848.13;5.28734;0;0;0.1;0.01;0;5.04327;0;0;-1
0;758;45.9389;86.0474;19.6705;8.5;2572.44;5.11093;0;0;0.1;0.01;0;1.28378;1;0;-1
0;759;61.2218;-75.4442;17.4875;9.74749;3879.42;5.86102;0;0;0.1;0.01;0;2.82151;0;0;-1
0;760;62.304;-57.9518;18.1644;8.5;2572.44;5.11093;0;0;0.1;0.01;0;4.9497;1;0;-1
0;761;62.5606;-38.7147;16.7013;10.097;4311.87;6.07118;0;0;0.1;0.01;0;7.49668;0;0;-1
0;762;60.4205;-24.2804;16.5067;9.90118;4065.83;5.95344;0;0;0.1;0.01;0;7.54687;0;0;-1
0;763;60.3753;-7.40331;16.7488;8.93108;2984.01;5.37013;0;0;0.1;0.01;0;4.81067;0;0;-1
0;764;62.4603;10.6027;16.9694;9.45392;3539.36;5.6845;0;0;0.1;0.01;0;5.77877;0;0;-1
0;765;61.6877;28.5329;16.4788;10.2254;4478.47;6.14838;0;0;0.1;0.01;0;7.22182;0;0;-1
0;766;61.8674;45.209;19.0369;8.67367;2733.36;5.21535;0;0;0.1;0.01;0;6.08003;0;0;-1
0;767;62.2918;63.6367;19.0452;10.0225;4217.13;6.02638;0;0;0.1;0.01;0;4.83408;0;0;-1
0;768;75.908;-50.207;19.5119;8.70096;2759.24;5.23176;0;0;0.1;0.01;0;3.01316;0;0;-1
0;769;76.0461;-33.4785;18.3454;10.0886;4301.12;6.06613;0;0;0.1;0.01;0;6.13412;0;0;-1
0;770;77.6181;-16.9529;16.7484;8.5;2572.44;5.11093;0;0;0.1;0.01;0;4.96115;1;0;-1
0;771;74.8817;0.854727;19.4124;8.71841;2775.88;5.24225;0;0;0.1;0.01;0;4.44463;0;0;-1
0;772;76.4903;20.1062;16.1862;9.82373;3971.16;5.90687;0;0;0.1;0.01;0;6.53772;0;0;-1
0;773;74.8196;37.9213;19.0691;10.3722;4674.14;6.23665;0;0;0.1;0.01;0;6.73582;0;0;-1
0;774;76.5194;52.4261;18.7579;8.77615;2831.4;5.27697;0;0;0.1;0.01;0;4.58216;0;0;-1
0;775;91.5302;-22.0683;18.6392;9.7875;3927.39;5.88508;0;0;0.1;0.01;0;4.34475;0;0;-1
0;776;92.7481;-7.35673;19.9361;8.5;2572.44;5.11093;0;0;0.1;0.01;0;2.61905;1;0;-1
0;777;91.699;9.32798;16.2169;9.05672;3111.73;5.44567;0;0;0.1;0.01;0;2.52683;0;0;-1
0;778;89.4662;26.8408;17.3892;9.35384;3428.14;5.62433;0;0;0.1;0.01;0;4.07924;0;0;-1
0;779;-93.5874;2.40832;34.5665;8.55786;2625.33;5.14572;0;0;0.1;0.01;0;2.84401;0;0;-1
0;780;-82.0397;-39.7083;31.6334;9.85962;4014.85;5.92845;0;0;0.1;0.01;0;3.15559;0;0;-1
0;781;-79.6864;-25.0877;32.4531;9.32437;3395.84;5.60661;0;0;0.1;0.01;0;4.25297;0;0;-1
0;782;-79.0001;-6.09056;34.0277;9.22038;3283.49;5.54408;0;0;0.1;0.01;0;5.97824;0;0;-1
0;783;-80.1771;10.0454;31.8153;8.73128;2788.19;5.24999;0;0;0.1;0.01;0;4.89496;0;0;-1
0;784;-82.7009;25.8733;30.9217;9.40262;3482.05;5.65366;0;0;0.1;0.01;0;2.74981;0;0;-1
0;785;-79.9032;46.0309;31.3497;8.54151;2610.31;5.13589;0;0;0.1;0.01;0;2.20353;0;0;-1
0;786;-65.9592;-66.8893;33.9585;9.46889;3556.2;5.69351;0;0;0.1;0.01;0;3.41795;0;0;-1
0;787;-66.6294;-47.6767;32.2352;9.70994;3834.76;5.83845;0;0;0.1;0.01;0;4.79024;0;0;-1
0;788;-64.3049;-30.7694;34.2062;9.95636;4134.19;5.98661;0;0;0.1;0.01;0;6.55742;0;0;-1
0;789;-66.7739;-15.5657;31.0248;8.5;2572.44;5.11093;0;0;0.1;0.01;0;5.95271;1;0;-1
0;790;-65.6093;0.0145801;34.1263;8.9441;2997.08;5.37796;0;0;0.1;0.01;0;5.98598;0;0;-1
0;791;-66.556;18.1267;33.8875;8.5;2572.44;5.11093;0;0;0.1;0.01;0;4.42955;1;0;-1
0;792;-64.4109;35.1666;31.6571;8.58667;2651.94;5.16304;0;0;0.1;0.01;0;4.16469;0;0;-1
0;793;-66.8409;53.0611;33.2015;9.91933;4088.23;5.96435;0;0;0.1;0.01;0;3.5726;0;0;-1
0;794;-53.1888;-73.3257;30.6153;10.1149;4334.84;6.08194;0;0;0.1;0.01;0;4.85264;0;0;-1
0;795;-50.1854;-58.7152;30.9857;9.48167;3570.62;5.70119;0;0;0.1;0.01;0;6.0266;0;0;-1
0;796;-49.8377;-38.4004;31.6498;9.72083;3847.68;5.84499;0;0;0.1;0.01;0;6.128;0;0;-1
0;797;-52.8065;-21.2969;31.1189;8.5;2572.44;5.11093;0;0;0.1;0.01;0;4.91586;1;0;-1
0;798;-52.7079;-7.28993;34.1952;9.66627;3783.25;5.81219;0;0;0.1;0.01;0;4.47832;0;0;-1
0;799;-51.666;11.8701;31.7788;8.5;2572.44;5.11093;0;0;0.1;0.01;0;4.16134;1;0;-1
0;800;-50.7147;29.4017;32.6066;8.5;2572.44;5.11093;0;0;0.1;0.01;0;5.23751;1;0;-1
0;801;-52.7786;43.339;33.1254;8.5;2572.44;5.11093;0;0;0.1;0.01;0;5.23951;1;0;-1
0;802;-51.6461;60.0667;33.9708;8.5;2572.44;5.11093;0;0;0.1;0.01;0;4.23722;1;0;-1
0;803;-35.6433;-85.3944;34.2803;10.1766;4414.65;6.11904;0;0;0.1;0.01;0;3.63759;0;0;-1
0;804;-38.0048;-66.3798;31.2839;8.5;2572.44;5.11093;0;0;0.1;0.01;0;4.55987;1;0;-1
0;805;-37.9482;-47.2923;33.1259;9.74583;3877.44;5.86003;0;0;0.1;0.01;0;5.96537;0;0;-1
0;806;-34.4754;-33.0318;33.0315;10.2533;4515.23;6.16516;0;0;0.1;0.01;0;6.51992;0;0;-1
0;807;-35.1749;-16.2755;32.7182;8.8572;2910.57;5.32571;0;0;0.1;0.01;0;4.12882;0;0;-1
0;808;-35.3343;2.98243;32.2982;8.80953;2863.83;5.29704;0;0;0.1;0.01;0;4.53525;0;0;-1
0;809;-38.3046;17.6728;32.7554;8.96634;3019.49;5.39133;0;0;0.1;0.01;0;4.9023;0;0;-1
0;810;-36.9797;37.9407;31.6644;9.65063;3764.92;5.80278;0;0;0.1;0.01;0;6.0833;0;0;-1
0;811;-36.8449;52.469;32.4186;8.9865;3039.91;5.40345;0;0;0.1;0.01;0;5.22308;0;0;-1
0;812;-37.9057;69.1966;32.1267;8.5;2572.44;5.11093;0;0;0.1;0.01;0;3.35597;1;0;-1
0;813;-20.9659;-91.0253;34.0247;9.86408;4020.3;5.93113;0;0;0.1;0.01;0;3.76535;0;0;-1
0;814;-22.9236;-74.303;32.2343;8.5;2572.44;5.11093;0;0;0.1;0.01;0;5.1198;1;0;-1
0;815;-22.8371;-57.0516;34.4212;8.61747;2680.57;5.18156;0;0;0.1;0.01;0;4.58482;0;0;-1
0;816;-21.8584;-42.7416;31.8883;8.61331;2676.69;5.17906;0;0;0.1;0.01;0;5.67983;0;0;-1
0;817;-20.4307;-21.6621;31.3793;8.5;2572.44;5.11093;0;0;0.1;0.01;0;3.95862;1;0;-1
0;818;-20.9564;-4.75791;34.0469;9.37895;3455.82;5.63943;0;0;0.1;0.01;0;5.90158;0;0;-1
0;819;-21.7912;11.1914;31.6439;8.93559;2988.53;5.37284;0;0;0.1;0.01;0;5.87751;0;0;-1
0;820;-22.9951;29.3667;33.7795;9.49202;3582.32;5.70741;0;0;0.1;0.01;0;5.55575;0;0;-1
0;821;-20.7419;44.2948;33.8121;9.19925;3260.96;5.53138;0;0;0.1;0.01;0;6.29376;0;0;-1
0;822;-20.4327;59.6992;30.9784;8.65751;2718.11;5.20564;0;0;0.1;0.01;0;5.11951;0;0;-1
0;823;-21.7684;76.719;32.6775;10.0526;4255.24;6.04448;0;0;0.1;0.01;0;4.73654;0;0;-1
0;824;-6.81882;-81.4807;33.0062;10.2345;4490.44;6.15386;0;0;0.1;0.01;0;5.73766;0;0;-1
0;825;-7.58238;-65.8489;32.0384;9.11861;3175.96;5.48289;0;0;0.1;0.01;0;4.85241;0;0;-1
0;826;-8.81038;-46.941;30.7959;9.1191;3176.47;5.48318;0;0;0.1;0.01;0;5.15054;0;0;-1
0;827;-5.45603;-32.6266;31.1738;8.5;2572.44;5.11093;0;0;0.1;0.01;0;4.74344;1;0;-1
0;828;-8.84101;-13.1763;31.5915;10.4144;4731.42;6.26203;0;0;0.1;0.01;0;6.59226;0;0;-1
0;829;-7.46598;3.47657;31.9497;9.30981;3379.96;5.59785;0;0;0.1;0.01;0;6.08572;0;0;-1
0;830;-6.85444;21.0007;33.6349;10.0649;4270.88;6.05188;0;0;0.1;0.01;0;5.67569;0;0;-1
0;831;-7.47991;37.7978;34.0814;9.13604;3194.2;5.49337;0;0;0.1;0.01;0;6.14338;0;0;-1
0;832;-5.85352;51.7255;33.6906;8.5;2572.44;5.11093;0;0;0.1;0.01;0;5.49207;1;0;-1
0;833;-7.19887;69.7826;32.3949;8.73803;2794.66;5.25405;0;0;0.1;0.01;0;4.35022;0;0;-1
0;834;-6.78119;88.65;31.1297;8.56897;2635.57;5.1524;0;0;0.1;0.01;0;2.16846;0;0;-1
0;835;8.24628;-89.4365;34.6606;8.757;2812.9;5.26546;0;0;0.1;0.01;0;3.18265;0;0;-1
0;836;7.70335;-74.4743;32.4938;10.4534;4784.77;6.28548;0;0;0.1;0.01;0;7.03353;0;0;-1
0;837;6.34549;-58.9475;31.8181;8.79873;2853.31;5.29055;0;0;0.1;0.01;0;5.10453;0;0;-1
0;838;8.48914;-42.917;33.1987;10.0561;4259.68;6.04659;0;0;0.1;0.01;0;6.75234;0;0;-1
0;839;6.86367;-23.8837;32.7541;8.90408;2957.03;5.35389;0;0;0.1;0.01;0;4.8796;0;0;-1
0;840;7.21224;-6.04553;33.7223;9.87605;4034.95;5.93833;0;0;0.1;0.01;0;6.05196;0;0;-1
0;841;5.64948;8.79196;34.3796;9.10205;3158.68;5.47293;0;0;0.1;0.01;0;4.74284;0;0;-1
0;842;8.33919;27.819;31.0416;9.25309;3318.55;5.56375;0;0;0.1;0.01;0;5.15976;0;0;-1
0;843;6.79124;42.8933;30.5907;10.1876;4428.99;6.12566;0;0;0.1;0.01;0;6.42102;0;0;-1
0;844;8.64019;61.5744;30.9053;8.68436;2743.48;5.22178;0;0;0.1;0.01;0;4.75703;0;0;-1
0;845;9.12276;78.9319;31.9036;9.46328;3549.88;5.69013;0;0;0.1;0.01;0;4.70506;0;0;-1
0;846;23.1458;-82.6635;33.856;9.93443;4106.93;5.97343;0;0;0.1;0.01;0;4.76672;0;0;-1
0;847;22.6502;-67.9657;33.0051;9.85623;4010.71;5.92641;0;0;0.1;0.01;0;5.40405;0;0;-1
0;848;23.8644;-47.7344;33.3855;8.90151;2954.47;5.35235;0;0;0.1;0.01;0;5.89647;0;0;-1
0;849;21.1376;-32.2902;32.4685;10.1635;4397.63;6.11117;0;0;0.1;0.01;0;7.04016;0;0;-1
0;850;22.1174;-14.0024;32.2146;10.1553;4386.99;6.10623;0;0;0.1;0.01;0;6.79677;0;0;-1
0;851;22.3391;0.484441;30.939;8.92445;2977.37;5.36614;0;0;0.1;0.01;0;5.12842;0;0;-1
0;852;23.0053;19.3379;30.487;9.06881;3124.2;5.45294;0;0;0.1;0.01;0;4.82332;0;0;-1
0;853;22.1103;37.5568;33.9814;9.3486;3422.38;5.62118;0;0;0.1;0.01;0;5.73713;0;0;-1
0;854;23.7952;51.3875;32.5724;9.90615;4071.96;5.95642;0;0;0.1;0.01;0;6.81385;0;0;-1
0;855;22.3275;68.7611;31.0012;8.75237;2808.44;5.26267;0;0;0.1;0.01;0;5.90406;0;0;-1
0;856;20.854;89.3904;34.2261;9.34689;3420.5;5.62015;0;0;0.1;0.01;0;1.60171;0;0;-1
0;857;35.7859;-74.7226;32.7907;8.5;2572.44;5.11093;0;0;0.1;0.01;0;3.42812;1;0;-1
0;858;37.1866;-55.087;32.8409;9.55435;3653.36;5.74489;0;0;0.1;0.01;0;5.76134;0;0;-1
0;859;35.5731;-38.4155;30.8913;8.5;2572.44;5.11093;0;0;0.1;0.01;0;5.30982;1;0;-1
0;860;37.5;-21.9804;32.1857;8.5;2572.44;5.11093;0;0;0.1;0.01;0;4.75605;1;0;-1
0;861;35.8985;-4.81494;33.2099;9.17157;3231.62;5.51473;0;0;0.1;0.01;0;5.72703;0;0;-1
0;862;38.7397;9.35243;32.4849;8.59517;2659.82;5.16815;0;0;0.1;0.01;0;4.91495;0;0;-1
0;863;38.1043;25.5638;32.9973;9.81869;3965.06;5.90384;0;0;0.1;0.01;0;5.59298;0;0;-1
0;864;38.3502;43.166;33.0893;9.76301;3897.98;5.87036;0;0;0.1;0.01;0;6.01955;0;0;-1
0;865;35.3793;61.8615;33.7046;9.76121;3895.83;5.86927;0;0;0.1;0.01;0;6.62523;0;0;-1
0;866;36.8573;77.2502;32.16;10.0224;4217;6.02632;0;0;0.1;0.01;0;5.23545;0;0;-1
0;867;52.8272;-64.6641;31.9368;9.06145;3116.6;5.44852;0;0;0.1;0.01;0;3.97367;0;0;-1
0;868;53.1654;-49.3401;32.1265;9.43641;3519.73;5.67398;0;0;0.1;0.01;0;5.65673;0;0;-1
0;869;52.0703;-33.3896;32.4082;9.52844;3623.71;5.72931;0;0;0.1;0.01;0;6.14081;0;0;-1
0;870;51.5454;-17.3191;31.5946;9.93219;4104.15;5.97208;0;0;0.1;0.01;0;6.32089;0;0;-1
0;871;53.2107;0.914957;33.8697;10.0205;4214.6;6.02518;0;0;0.1;0.01;0;6.86809;0;0;-1
0;872;52.4593;17.822;33.3878;8.9672;3020.36;5.39185;0;0;0.1;0.01;0;6.01594;0;0;-1
0;873;53.4715;38.1461;32.2413;8.9671;3020.26;5.39179;0;0;0.1;0.01;0;6.03689;0;0;-1
0;874;53.2661;53.1794;33.3255;9.60563;3712.5;5.77573;0;0;0.1;0.01;0;6.96904;0;0;-1
0;875;51.4258;68.3284;32.4164;9.14929;3208.12;5.50134;0;0;0.1;0.01;0;4.86884;0;0;-1
0;876;67.2581;-58.0707;32.4268;8.83388;2887.64;5.31168;0;0;0.1;0.01;0;3.29262;0;0;-1
0;877;67.693;-38.6018;31.5506;9.31078;3381.01;5.59844;0;0;0.1;0.01;0;5.34648;0;0;-1
0;878;66.3887;-21.8186;31.9651;9.12977;3187.63;5.4896;0;0;0.1;0.01;0;5.27325;0;0;-1
0;879;66.9427;-4.77122;32.6257;9.85842;4013.38;5.92772;0;0;0.1;0.01;0;5.72683;0;0;-1
0;880;67.2095;10.3567;32.971;8.94914;3002.15;5.38099;0;0;0.1;0.01;0;6.55095;0;0;-1
0;881;66.2113;28.0151;33.7833;8.61621;2679.4;5.1808;0;0;0.1;0.01;0;5.82059;0;0;-1
0;882;67.3159;45.6451;31.0841;9.11558;3172.79;5.48107;0;0;0.1;0.01;0;6.46634;0;0;-1
0;883;67.0142;59.5007;32.0795;9.87652;4035.53;5.93861;0;0;0.1;0.01;0;4.75546;0;0;-1
0;884;79.9431;-30.2605;33.8286;9.91075;4077.63;5.95919;0;0;0.1;0.01;0;4.39794;0;0;-1
0;885;80.1744;-15.9642;30.7282;8.8039;2858.34;5.29366;0;0;0.1;0.01;0;4.50585;0;0;-1
0;886;79.657;3.68683;33.5474;10.0827;4293.58;6.06258;0;0;0.1;0.01;0;4.94924;0;0;-1
0;887;80.7167;19.7005;34.1952;8.73611;2792.82;5.2529;0;0;0.1;0.01;0;3.84815;0;0;-1
0;888;80.5439;33.6402;31.9225;8.98096;3034.29;5.40012;0;0;0.1;0.01;0;4.25673;0;0;-1
0;889;-86.3514;-6.4463;47.2377;9.7781;3916.08;5.87943;0;0;0.1;0.01;0;3.24539;0;0;-1
0;890;-85.6591;9.8554;47.7973;10.4049;4718.48;6.25632;0;0;0.1;0.01;0;3.02355;0;0;-1
0;891;-69.0202;-49.9849;48.7955;10.4318;4755.17;6.27249;0;0;0.1;0.01;0;2.87994;0;0;-1
0;892;-69.3931;-33.7473;47.9883;8.5;2572.44;5.11093;0;0;0.1;0.01;0;4.09314;1;0;-1
0;893;-69.3655;-13.365;47.6932;9.91875;4087.52;5.964;0;0;0.1;0.01;0;5.72806;0;0;-1
0;894;-71.5168;0.840697;46.7805;8.91111;2964.04;5.35812;0;0;0.1;0.01;0;5.62337;0;0;-1
0;895;-68.5687;18.0373;47.0544;8.75571;2811.66;5.26468;0;0;0.1;0.01;0;3.93391;0;0;-1
0;896;-70.5822;36.4581;49.3633;9.25688;3322.63;5.56603;0;0;0.1;0.01;0;1.72328;0;0;-1
0;897;-56.6355;-59.6064;46.1478;8.92538;2978.3;5.3667;0;0;0.1;0.01;0;4.10163;0;0;-1
0;898;-57.058;-39.1344;47.6045;9.30218;3371.65;5.59327;0;0;0.1;0.01;0;5.77715;0;0;-1
0;899;-57.0518;-23.2623;47.2547;8.5;2572.44;5.11093;0;0;0.1;0.01;0;5.45298;1;0;-1
0;900;-56.8253;-6.9131;48.8097;9.56046;3660.37;5.74857;0;0;0.1;0.01;0;5.90589;0;0;-1
0;901;-54.5959;12.7559;45.9824;8.6949;2753.48;5.22812;0;0;0.1;0.01;0;4.41892;0;0;-1
0;902;-57.6998;29.7425;45.9859;8.5;2572.44;5.11093;0;0;0.1;0.01;0;4.6569;1;0;-1
0;903;-56.3013;45.9418;47.0331;8.5;2572.44;5.11093;0;0;0.1;0.01;0;4.45856;1;0;-1
0;904;-54.4396;61.299;46.4119;8.73256;2789.42;5.25076;0;0;0.1;0.01;0;3.50045;0;0;-1
0;905;-40.6526;-64.3882;45.88;8.77308;2828.43;5.27513;0;0;0.1;0.01;0;3.66306;0;0;-1
0;906;-40.4045;-50.5761;48.2042;9.14813;3206.9;5.50064;0;0;0.1;0.01;0;5.15858;0;0;-1
0;907;-43.1997;-30.0714;46.0965;10.1709;4407.24;6.11561;0;0;0.1;0.01;0;6.05298;0;0;-1
0;908;-41.5107;-14.2958;49.0763;8.5;2572.44;5.11093;0;0;0.1;0.01;0;4.98872;1;0;-1
0;909;-41.641;0.769427;49.2634;8.65928;2719.78;5.2067;0;0;0.1;0.01;0;4.59968;0;0;-1
0;910;-42.0953;16.7768;48.27;10.2808;4551.66;6.1817;0;0;0.1;0.01;0;5.92272;0;0;-1
0;911;-42.3259;35.8778;45.2296;8.59133;2656.26;5.16584;0;0;0.1;0.01;0;4.95014;0;0;-1
0;912;-41.2168;53.2385;48.9015;10.1348;4360.48;6.09391;0;0;0.1;0.01;0;6.53574;0;0;-1
0;913;-42.4873;69.72;48.099;9.85071;4003.97;5.92309;0;0;0.1;0.01;0;4.23753;0;0;-1
0;914;-27.8285;-76.7437;46.741;9.0812;3137.03;5.46039;0;0;0.1;0.01;0;2.96222;0;0;-1
0;915;-26.1704;-55.5049;48.3156;8.59395;2658.69;5.16742;0;0;0.1;0.01;0;5.99518;0;0;-1
0;916;-27.6864;-41.4907;46.5291;9.63897;3751.29;5.79577;0;0;0.1;0.01;0;7.57715;0;0;-1
0;917;-28.0298;-24.2542;49.4365;8.5;2572.44;5.11093;0;0;0.1;0.01;0;4.80435;1;0;-1
0;918;-25.7005;-8.79265;47.3266;8.5;2572.44;5.11093;0;0;0.1;0.01;0;4.63694;1;0;-1
0;919;-26.6724;12.0283;46.5362;9.92574;4096.16;5.9682;0;0;0.1;0.01;0;5.77934;0;0;-1
0;920;-26.958;29.5823;48.5546;10.2075;4454.99;6.13762;0;0;0.1;0.01;0;7.06408;0;0;-1
0;921;-26.3512;45.1507;48.8384;9.22863;3292.31;5.54904;0;0;0.1;0.01;0;6.11782;0;0;-1
0;922;-25.8933;60.88;46.5202;10.3198;4603.65;6.20515;0;0;0.1;0.01;0;6.87219;0;0;-1
0;923;-25.5694;79.3392;48.5017;9.1597;3219.08;5.50759;0;0;0.1;0.01;0;3.17576;0;0;-1
0;924;-12.3625;-80.7868;46.0143;8.874;2927.16;5.33581;0;0;0.1;0.01;0;3.0715;0;0;-1
0;925;-11.8844;-64.6884;47.959;8.62741;2689.86;5.18754;0;0;0.1;0.01;0;4.45511;0;0;-1
0;926;-13.4938;-47.9723;46.5713;10.3686;4669.27;6.23449;0;0;0.1;0.01;0;7.52047;0;0;-1
0;927;-12.6928;-33.5686;49.1057;10.005;4195.08;6.01586;0;0;0.1;0.01;0;5.88185;0;0;-1
0;928;-11.415;-13.8825;48.6903;9.93402;4106.42;5.97318;0;0;0.1;0.01;0;6.77285;0;0;-1
0;929;-11.0372;0.268395;46.1093;9.49154;3581.78;5.70713;0;0;0.1;0.01;0;6.65021;0;0;-1
0;930;-13.1791;19.5092;47.865;10.0132;4205.4;6.02079;0;0;0.1;0.01;0;6.25845;0;0;-1
0;931;-11.2571;37.0943;49.0522;8.84922;2902.71;5.32091;0;0;0.1;0.01;0;6.4496;0;0;-1
0;932;-12.2;52.544;48.7876;9.02879;3083.03;5.42888;0;0;0.1;0.01;0;7.20751;0;0;-1
0;933;-11.7502;69.7936;48.081;10.1432;4371.33;6.09896;0;0;0.1;0.01;0;5.86724;0;0;-1
0;934;-12.8175;86.6142;47.9939;8.5;2572.44;5.11093;0;0;0.1;0.01;0;1.66629;1;0;-1
0;935;2.0597;-73.1378;45.8783;8.5;2572.44;5.11093;0;0;0.1;0.01;0;4.91143;1;0;-1
0;936;1.61195;-59.4354;46.6214;8.99434;3047.87;5.40817;0;0;0.1;0.01;0;5.60821;0;0;-1
0;937;2.35459;-42.2814;46.956;9.40872;3488.83;5.65733;0;0;0.1;0.01;0;5.65202;0;0;-1
0;938;1.44481;-22.4088;48.5087;9.3869;3464.62;5.64421;0;0;0.1;0.01;0;5.82167;0;0;-1
0;939;4.3101;-5.38837;49.0412;9.50215;3593.8;5.7135;0;0;0.1;0.01;0;6.81211;0;0;-1
0;940;3.22515;8.86639;49.2378;9.40384;3483.41;5.65439;0;0;0.1;0.01;0;5.80796;0;0;-1
0;941;1.82299;29.6368;47.3226;8.5;2572.44;5.11093;0;0;0.1;0.01;0;5.04878;1;0;-1
0;942;1.08399;45.5429;47.5967;8.53776;2606.88;5.13363;0;0;0.1;0.01;0;6.17129;0;0;-1
0;943;1.48698;60.621;45.6705;9.03964;3094.15;5.4354;0;0;0.1;0.01;0;5.43564;0;0;-1
0;944;4.9325;79.728;48.6605;10.1102;4328.8;6.07912;0;0;0.1;0.01;0;3.00554;0;0;-1
0;945;18.9322;-84.4731;48.8946;8.82496;2878.9;5.30632;0;0;0.1;0.01;0;1.95381;0;0;-1
0;946;18.2825;-65.9305;46.709;9.13393;3191.99;5.4921;0;0;0.1;0.01;0;4.69322;0;0;-1
0;947;16.9285;-49.4132;46.2887;8.5;2572.44;5.11093;0;0;0.1;0.01;0;4.61401;1;0;-1
0;948;19.3948;-34.3983;45.9297;10.2763;4545.68;6.17899;0;0;0.1;0.01;0;6.56831;0;0;-1
0;949;16.1474;-14.8605;48.4563;9.22523;3288.67;5.547;0;0;0.1;0.01;0;6.34166;0;0;-1
0;950;18.7779;1.80633;48.5178;8.50641;2578.26;5.11478;0;0;0.1;0.01;0;5.65864;0;0;-1
0;951;17.389;17.488;46.7741;9.55479;3653.86;5.74516;0;0;0.1;0.01;0;5.23486;0;0;-1
0;952;16.0248;36.3969;49.0125;8.5;2572.44;5.11093;0;0;0.1;0.01;0;4.95091;1;0;-1
0;953;19.2425;50.8462;45.5623;9.03341;3087.76;5.43166;0;0;0.1;0.01;0;5.11147;0;0;-1
0;954;17.4127;71.1004;46.7951;9.52319;3617.73;5.72616;0;0;0.1;0.01;0;4.54331;0;0;-1
0;955;33.2069;-74.2753;48.7884;8.9766;3029.87;5.3975;0;0;0.1;0.01;0;3.24524;0;0;-1
0;956;33.1123;-57.135;47.8306;9.60965;3717.16;5.77814;0;0;0.1;0.01;0;6.04712;0;0;-1
0;957;33.4747;-39.2138;45.8237;9.85133;4004.73;5.92346;0;0;0.1;0.01;0;6.54174;0;0;-1
0;958;30.7977;-22.5111;46.1731;9.98303;4167.5;6.00265;0;0;0.1;0.01;0;6.38934;0;0;-1
0;959;31.9814;-5.04361;47.7731;9.48791;3577.67;5.70494;0;0;0.1;0.01;0;5.83556;0;0;-1
0;960;33.2564;12.0633;47.642;9.44032;3524.1;5.67633;0;0;0.1;0.01;0;5.47771;0;0;-1
0;961;30.6869;25.7852;46.9837;9.75134;3884.02;5.86334;0;0;0.1;0.01;0;6.52718;0;0;-1
0;962;32.7074;43.2077;48.5148;8.95476;3007.81;5.38437;0;0;0.1;0.01;0;6.11676;0;0;-1
0;963;31.8867;59.3284;48.6102;9.99243;4179.28;6.0083;0;0;0.1;0.01;0;6.93103;0;0;-1
0;964;30.9312;76.2493;47.6993;9.44588;3530.33;5.67967;0;0;0.1;0.01;0;4.1253;0;0;-1
0;965;45.9651;-63.7037;46.5689;8.50235;2574.57;5.11234;0;0;0.1;0.01;0;3.30865;0;0;-1
0;966;46.1756;-47.4735;47.5699;10.2055;4452.37;6.13642;0;0;0.1;0.01;0;6.42939;0;0;-1
0;967;47.6517;-31.4616;46.2924;8.5;2572.44;5.11093;0;0;0.1;0.01;0;5.04387;1;0;-1
0;968;45.2281;-13.9403;49.0271;9.26855;3335.22;5.57304;0;0;0.1;0.01;0;5.89051;0;0;-1
0;969;45.9003;-0.227202;45.3753;8.5;2572.44;5.11093;0;0;0.1;0.01;0;5.34711;1;0;-1
0;970;47.7163;20.7841;46.8786;10.0206;4214.73;6.02524;0;0;0.1;0.01;0;7.16585;0;0;-1
0;971;45.3028;36.62;48.5874;9.44979;3534.72;5.68202;0;0;0.1;0.01;0;6.79956;0;0;-1
0;972;46.4691;54.7725;49.1062;9.69619;3818.49;5.83018;0;0;0.1;0.01;0;5.88029;0;0;-1
0;973;45.6628;72.0072;48.4241;9.86394;4020.13;5.93104;0;0;0.1;0.01;0;3.34075;0;0;-1
0;974;63.704;-58.7695;46.484;8.74716;2803.43;5.25954;0;0;0.1;0.01;0;2.38115;0;0;-1
0;975;62.0119;-42.3748;47.6508;9.36522;3440.67;5.63117;0;0;0.1;0.01;0;5.04858;0;0;-1
0;976;59.8918;-24.0712;48.5196;8.5;2572.44;5.11093;0;0;0.1;0.01;0;4.85993;1;0;-1
0;977;63.6054;-8.69856;46.8124;10.1425;4370.42;6.09854;0;0;0.1;0.01;0;6.67309;0;0;-1
0;978;60.6641;8.13331;47.1474;9.86993;4027.46;5.93465;0;0;0.1;0.01;0;6.38226;0;0;-1
0;979;61.5233;26.8101;46.1074;9.90075;4065.3;5.95318;0;0;0.1;0.01;0;6.42566;0;0;-1
0;980;60.1708;43.6492;46.043;10.1384;4365.13;6.09607;0;0;0.1;0.01;0;6.2438;0;0;-1
0;981;61.171;61.0009;46.9928;9.12844;3186.24;5.4888;0;0;0.1;0.01;0;3.76043;0;0;-1
0;982;77.2956;-30.371;48.6437;8.61289;2676.3;5.17881;0;0;0.1;0.01;0;2.62271;0;0;-1
0;983;77.1283;-17.0994;47.7282;8.5;2572.44;5.11093;0;0;0.1;0.01;0;3.16371;1;0;-1
0;984;75.5648;1.82829;46.5438;9.84126;3992.46;5.91741;0;0;0.1;0.01;0;5.04735;0;0;-1
0;985;78.6911;17.3386;48.8009;10.0526;4255.24;6.04448;0;0;0.1;0.01;0;4.18412;0;0;-1
0;986;75.2833;34.6947;45.9237;10.2898;4563.62;6.18711;0;0;0.1;0.01;0;4.40681;0;0;-1
0;987;-65.6116;-30.2889;62.2627;8.57744;2643.39;5.15749;0;0;0.1;0.01;0;3.43828;0;0;-1
0;988;-66.5775;-15.4232;63.5452;8.87947;2932.58;5.3391;0;0;0.1;0.01;0;3.54115;0;0;-1
0;989;-66.6904;0.550012;61.3383;8.52153;2592.04;5.12387;0;0;0.1;0.01;0;3.47857;0;0;-1
0;990;-66.1507;19.5133;63.9378;9.60852;3715.85;5.77746;0;0;0.1;0.01;0;3.35565;0;0;-1
0;991;-51.817;-58.4818;60.4523;9.06277;3117.97;5.44931;0;0;0.1;0.01;0;2.13636;0;0;-1
0;992;-51.4186;-38.7569;63.6254;10.4312;4754.35;6.27213;0;0;0.1;0.01;0;5.19812;0;0;-1
0;993;-50.7511;-24.5033;63.2996;8.99047;3043.94;5.40584;0;0;0.1;0.01;0;6.41203;0;0;-1
0;994;-52.7051;-8.79343;61.338;8.75928;2815.1;5.26683;0;0;0.1;0.01;0;4.57376;0;0;-1
0;995;-53.4852;10.3304;61.6463;10.3467;4639.75;6.22132;0;0;0.1;0.01;0;5.60382;0;0;-1
0;996;-53.0251;27.124;62.1082;8.5119;2583.26;5.11808;0;0;0.1;0.01;0;4.04211;0;0;-1
0;997;-51.7522;46.524;61.8002;9.49673;3587.66;5.71025;0;0;0.1;0.01;0;3.02814;0;0;-1
0;998;-36.3709;-47.554;60.5174;9.31429;3384.84;5.60055;0;0;0.1;0.01;0;6.18536;0;0;-1
0;999;-36.9142;-33.1658;64.167;8.56914;2635.73;5.1525;0;0;0.1;0.01;0;5.89257;0;0;-1
0;1000;-35.4741;-15.6548;62.6742;9.77893;3917.08;5.87993;0;0;0.1;0.01;0;6.61943;0;0;-1
0;1001;-36.1626;1.45635;63.9646;8.73934;2795.92;5.25484;0;0;0.1;0.01;0;4.87542;0;0;-1
0;1002;-35.0659;19.5894;62.2193;8.80965;2863.94;5.29711;0;0;0.1;0.01;0;5.88775;0;0;-1
0;1003;-35.2275;37.0916;60.6612;9.96828;4149.06;5.99378;0;0;0.1;0.01;0;6.29336;0;0;-1
0;1004;-38.3043;52.2586;63.84;9.47991;3568.63;5.70013;0;0;0.1;0.01;0;3.9451;0;0;-1
0;1005;-38.3145;67.9577;60.6978;9.61487;3723.22;5.78128;0;0;0.1;0.01;0;3.18429;0;0;-1
0;1006;-21.3201;-73.2328;63.7659;8.5;2572.44;5.11093;0;0;0.1;0.01;0;1.71303;1;0;-1
0;1007;-23.2946;-57.0282;62.2432;10.4;4711.82;6.25337;0;0;0.1;0.01;0;6.18654;0;0;-1
0;1008;-22.242;-40.8616;61.3905;10.2717;4539.58;6.17622;0;0;0.1;0.01;0;8.0298;0;0;-1
0;1009;-21.304;-22.7384;63.6599;8.53442;2603.82;5.13162;0;0;0.1;0.01;0;6.24266;0;0;-1
0;1010;-21.9761;-5.56695;62.1294;10.3597;4657.26;6.22914;0;0;0.1;0.01;0;6.43755;0;0;-1
0;1011;-22.122;10.5198;60.8553;8.5;2572.44;5.11093;0;0;0.1;0.01;0;3.63292;1;0;-1
0;1012;-23.7872;26.8091;63.527;9.01866;3072.66;5.42279;0;0;0.1;0.01;0;4.69367;0;0;-1
0;1013;-22.4108;44.4764;62.8103;9.87176;4029.7;5.93575;0;0;0.1;0.01;0;6.77044;0;0;-1
0;1014;-21.8335;59.7041;60.178;8.81698;2871.1;5.30152;0;0;0.1;0.01;0;5.43703;0;0;-1
0;1015;-7.87715;-67.6879;60.3445;8.52518;2595.37;5.12607;0;0;0.1;0.01;0;3.88994;0;0;-1
0;1016;-7.87016;-47.7042;63.1308;10.2311;4485.96;6.15181;0;0;0.1;0.01;0;6.71335;0;0;-1
0;1017;-5.56398;-29.8874;63.3919;9.05885;3113.92;5.44696;0;0;0.1;0.01;0;6.57583;0;0;-1
0;1018;-6.84844;-15.3342;60.9673;8.54701;2615.36;5.13919;0;0;0.1;0.01;0;6.62546;0;0;-1
0;1019;-8.78631;0.616481;60.7681;8.5;2572.44;5.11093;0;0;0.1;0.01;0;4.71352;1;0;-1
0;1020;-6.95692;20.8296;60.3867;8.92528;2978.2;5.36664;0;0;0.1;0.01;0;4.61491;0;0;-1
0;1021;-8.83218;36.0093;63.577;9.68264;3802.51;5.82203;0;0;0.1;0.01;0;7.04763;0;0;-1
0;1022;-6.47714;52.1442;61.0301;9.64341;3756.48;5.79844;0;0;0.1;0.01;0;7.58075;0;0;-1
0;1023;-7.43267;67.6715;60.88;10.3052;4584.14;6.19637;0;0;0.1;0.01;0;4.93565;0;0;-1
0;1024;5.32053;-73.7719;61.9493;8.5;2572.44;5.11093;0;0;0.1;0.01;0;2.23694;1;0;-1
0;1025;6.8733;-57.4067;62.3032;10.176;4413.87;6.11868;0;0;0.1;0.01;0;5.81721;0;0;-1
0;1026;7.74123;-39.3516;61.0303;8.5;2572.44;5.11093;0;0;0.1;0.01;0;4.55357;1;0;-1
0;1027;6.38292;-22.6928;62.3448;9.92312;4092.92;5.96663;0;0;0.1;0.01;0;6.7117;0;0;-1
0;1028;9.17358;-6.37547;62.4731;10.2402;4497.94;6.15728;0;0;0.1;0.01;0;6.85671;0;0;-1
0;1029;8.78189;12.1949;62.2411;8.66534;2725.5;5.21034;0;0;0.1;0.01;0;4.78773;0;0;-1
0;1030;7.91769;26.3247;63.4105;8.5;2572.44;5.11093;0;0;0.1;0.01;0;5.49318;1;0;-1
0;1031;7.42287;42.0764;60.0852;10.2988;4575.6;6.19252;0;0;0.1;0.01;0;6.63217;0;0;-1
0;1032;6.63986;63.0876;63.2917;9.3194;3390.41;5.60362;0;0;0.1;0.01;0;4.6229;0;0;-1
0;1033;21.3035;-63.8656;60.9616;8.5;2572.44;5.11093;0;0;0.1;0.01;0;3.70178;1;0;-1
0;1034;23.2544;-50.2981;61.9481;8.5;2572.44;5.11093;0;0;0.1;0.01;0;4.43539;1;0;-1
0;1035;20.9347;-32.3675;61.0309;8.5;2572.44;5.11093;0;0;0.1;0.01;0;3.83232;1;0;-1
0;1036;24.2156;-12.6688;60.3665;8.5;2572.44;5.11093;0;0;0.1;0.01;0;5.40698;1;0;-1
0;1037;20.611;2.95207;61.781;8.5;2572.44;5.11093;0;0;0.1;0.01;0;5.0648;1;0;-1
0;1038;23.0791;19.795;63.7361;10.3275;4613.96;6.20978;0;0;0.1;0.01;0;7.34118;0;0;-1
0;1039;21.9281;37.844;63.1499;8.70203;2760.26;5.2324;0;0;0.1;0.01;0;5.6883;0;0;-1
0;1040;21.577;53.1562;60.4247;8.5;2572.44;5.11093;0;0;0.1;0.01;0;5.29635;1;0;-1
0;1041;22.1353;69.1064;61.3923;9.0674;3122.75;5.4521;0;0;0.1;0.01;0;3.3915;0;0;-1
0;1042;34.6665;-59.7302;63.5374;8.5;2572.44;5.11093;0;0;0.1;0.01;0;2.17547;1;0;-1
0;1043;36.1561;-39.3422;62.575;9.23923;3303.66;5.55541;0;0;0.1;0.01;0;4.51129;0;0;-1
0;1044;38.1828;-22.8121;61.8976;8.81792;2872.02;5.30209;0;0;0.1;0.01;0;4.89261;0;0;-1
0;1045;35.7951;-5.05999;62.6064;8.95321;3006.25;5.38344;0;0;0.1;0.01;0;4.80432;0;0;-1
0;1046;38.2692;12.2872;61.38;9.45337;3538.74;5.68417;0;0;0.1;0.01;0;5.64816;0;0;-1
0;1047;37.9525;26.2093;60.252;8.5;2572.44;5.11093;0;0;0.1;0.01;0;6.73291;1;0;-1
0;1048;35.5221;43.3597;63.5167;9.23679;3301.05;5.55395;0;0;0.1;0.01;0;5.62974;0;0;-1
0;1049;38.6613;60.4747;63.386;9.72555;3853.28;5.84783;0;0;0.1;0.01;0;3.94682;0;0;-1
0;1050;53.459;-48.7337;61.7459;9.52246;3616.9;5.72572;0;0;0.1;0.01;0;3.22291;0;0;-1
0;1051;50.3649;-33.3932;60.8819;8.5;2572.44;5.11093;0;0;0.1;0.01;0;4.87471;1;0;-1
0;1052;51.0233;-15.283;62.142;9.58171;3684.83;5.76134;0;0;0.1;0.01;0;5.69633;0;0;-1
0;1053;50.0341;0.792622;62.701;8.5;2572.44;5.11093;0;0;0.1;0.01;0;4.12913;1;0;-1
0;1054;50.5537;20.6933;60.9274;8.5;2572.44;5.11093;0;0;0.1;0.01;0;5.7221;1;0;-1
0;1055;50.8704;34.8034;61.8227;9.8158;3961.56;5.9021;0;0;0.1;0.01;0;6.01714;0;0;-1
0;1056;53.697;53.0082;62.7381;10.1404;4367.71;6.09728;0;0;0.1;0.01;0;3.14167;0;0;-1
0;1057;67.0789;-40.86;60.8976;10.4293;4751.76;6.27099;0;0;0.1;0.01;0;2.85219;0;0;-1
0;1058;64.4526;-21.5173;62.1421;8.5;2572.44;5.11093;0;0;0.1;0.01;0;2.95764;1;0;-1
0;1059;64.4402;-5.43365;61.8729;8.5;2572.44;5.11093;0;0;0.1;0.01;0;4.07926;1;0;-1
0;1060;66.7722;9.19613;60.6576;9.7064;3830.57;5.83632;0;0;0.1;0.01;0;3.28631;0;0;-1
0;1061;65.1742;25.0308;60.1631;8.80062;2855.15;5.29169;0;0;0.1;0.01;0;2.81952;0;0;-1
0;1062;-54.4243;-23.7676;75.9841;9.34551;3418.99;5.61932;0;0;0.1;0.01;0;3.60298;0;0;-1
0;1063;-56.5068;-4.70105;78.7086;8.5;2572.44;5.11093;0;0;0.1;0.01;0;1.66295;1;0;-1
0;1064;-54.9427;10.6816;76.2429;9.32397;3395.4;5.60637;0;0;0.1;0.01;0;3.90568;0;0;-1
0;1065;-56.4421;29.7255;75.0174;10.447;4775.99;6.28163;0;0;0.1;0.01;0;3.23515;0;0;-1
0;1066;-40.0312;-48.9666;77.0242;8.5;2572.44;5.11093;0;0;0.1;0.01;0;2.24468;1;0;-1
0;1067;-42.2495;-30.7932;77.7953;8.79456;2849.25;5.28804;0;0;0.1;0.01;0;4.74957;0;0;-1
0;1068;-40.3982;-15.9253;75.0951;9.98709;4172.59;6.00509;0;0;0.1;0.01;0;6.54684;0;0;-1
0;1069;-40.4553;2.86785;77.9493;9.51488;3608.27;5.72116;0;0;0.1;0.01;0;5.73042;0;0;-1
0;1070;-41.6349;17.7791;74.6482;8.54694;2615.29;5.13915;0;0;0.1;0.01;0;5.5495;0;0;-1
0;1071;-39.3214;33.6797;76.476;9.87209;4030.1;5.93594;0;0;0.1;0.01;0;4.14387;0;0;-1
0;1072;-24.3938;-55.163;76.9428;9.73996;3870.44;5.8565;0;0;0.1;0.01;0;3.46667;0;0;-1
0;1073;-26.2732;-40.8485;74.9504;9.02504;3079.19;5.42663;0;0;0.1;0.01;0;5.50486;0;0;-1
0;1074;-27.4694;-23.157;76.5338;10.0637;4269.35;6.05116;0;0;0.1;0.01;0;7.01471;0;0;-1
0;1075;-27.2488;-4.51886;77.9038;9.34698;3420.6;5.6202;0;0;0.1;0.01;0;6.54892;0;0;-1
0;1076;-24.9796;12.292;77.0463;9.04555;3100.23;5.43896;0;0;0.1;0.01;0;5.77439;0;0;-1
0;1077;-25.7861;26.531;77.3005;9.31413;3384.66;5.60045;0;0;0.1;0.01;0;5.89708;0;0;-1
0;1078;-25.3443;43.725;77.7665;9.28589;3353.97;5.58347;0;0;0.1;0.01;0;3.80716;0;0;-1
0;1079;-10.0664;-47.8138;76.4002;8.80812;2862.45;5.29619;0;0;0.1;0.01;0;4.92245;0;0;-1
0;1080;-12.4517;-31.1422;76.4165;10.2266;4480.05;6.14911;0;0;0.1;0.01;0;7.47875;0;0;-1
0;1081;-12.7998;-16.1738;74.6172;9.40462;3484.27;5.65486;0;0;0.1;0.01;0;7.35085;0;0;-1
0;1082;-13.564;0.327658;78.497;10.2202;4471.64;6.14526;0;0;0.1;0.01;0;6.59522;0;0;-1
0;1083;-11.4822;20.5764;78.3216;8.95194;3004.97;5.38267;0;0;0.1;0.01;0;5.81106;0;0;-1
0;1084;-10.886;36.5103;76.7765;10.0821;4292.81;6.06222;0;0;0.1;0.01;0;7.27601;0;0;-1
0;1085;-11.9895;51.5962;76.314;9.93362;4105.93;5.97294;0;0;0.1;0.01;0;4.78236;0;0;-1
0;1086;3.54454;-58.8475;76.5991;10.3992;4710.73;6.25289;0;0;0.1;0.01;0;3.37206;0;0;-1
0;1087;1.37654;-42.2269;78.4836;8.5;2572.44;5.11093;0;0;0.1;0.01;0;4.97658;1;0;-1
0;1088;4.7684;-23.2432;76.3304;10.0445;4244.96;6.03961;0;0;0.1;0.01;0;6.8076;0;0;-1
0;1089;1.2977;-7.5952;78.2478;9.92445;4094.57;5.96743;0;0;0.1;0.01;0;6.2685;0;0;-1
0;1090;3.27229;11.4198;77.6372;8.90179;2954.75;5.35252;0;0;0.1;0.01;0;4.54071;0;0;-1
0;1091;1.50155;27.3575;77.7776;9.65841;3774.03;5.80746;0;0;0.1;0.01;0;7.23899;0;0;-1
0;1092;2.54167;42.4924;76.4693;10.3015;4579.2;6.19414;0;0;0.1;0.01;0;6.33685;0;0;-1
0;1093;4.04421;61.3715;76.5651;9.70352;3827.16;5.83459;0;0;0.1;0.01;0;3.29274;0;0;-1
0;1094;16.4706;-49.6016;74.9933;8.82222;2876.22;5.30467;0;0;0.1;0.01;0;3.5151;0;0;-1
0;1095;17.4647;-30.7367;77.8432;9.94785;4123.6;5.9815;0;0;0.1;0.01;0;6.04443;0;0;-1
0;1096;18.4964;-13.1211;74.6063;9.11763;3174.93;5.4823;0;0;0.1;0.01;0;6.14203;0;0;-1
0;1097;16.721;3.34038;76.3046;8.78297;2838;5.28107;0;0;0.1;0.01;0;5.25277;0;0;-1
0;1098;18.4098;20.1274;76.7612;8.5;2572.44;5.11093;0;0;0.1;0.01;0;5.81152;1;0;-1
0;1099;18.6015;33.9802;76.0123;10.0972;4312.13;6.0713;0;0;0.1;0.01;0;7.30731;0;0;-1
0;1100;18.5667;54.4276;76.1449;9.59276;3697.6;5.76799;0;0;0.1;0.01;0;3.6019;0;0;-1
0;1101;32.5479;-40.2005;76.4277;10.1849;4425.47;6.12403;0;0;0.1;0.01;0;3.81298;0;0;-1
0;1102;31.2463;-22.9453;78.5524;10.1291;4353.13;6.09048;0;0;0.1;0.01;0;5.58359;0;0;-1
0;1103;31.18;-5.98564;77.3379;8.5572;2624.72;5.14532;0;0;0.1;0.01;0;5.20072;0;0;-1
0;1104;32.3725;11.7409;76.1734;9.07028;3125.72;5.45383;0;0;0.1;0.01;0;4.46261;0;0;-1
0;1105;34.5133;28.4099;76.6483;10.3011;4578.67;6.1939;0;0;0.1;0.01;0;5.87725;0;0;-1
0;1106;30.9568;46.4959;78.1598;10.3268;4613.03;6.20935;0;0;0.1;0.01;0;4.16986;0;0;-1
0;1107;49.0862;-30.3956;78.67;9.26179;3327.92;5.56898;0;0;0.1;0.01;0;1.68863;0;0;-1
0;1108;45.4454;-13.881;75.3115;8.5304;2600.14;5.12921;0;0;0.1;0.01;0;4.76284;0;0;-1
0;1109;47.4452;0.399672;77.9771;8.55106;2619.08;5.14163;0;0;0.1;0.01;0;3.45463;0;0;-1
0;1110;48.3203;20.0358;74.9187;9.58572;3689.46;5.76375;0;0;0.1;0.01;0;3.8709;0;0;-1
0;1111;49.0087;36.2352;77.4627;8.5;2572.44;5.11093;0;0;0.1;0.01;0;2.34329;1;0;-1
0;1112;60.4373;-6.10664;78.4505;8.5;2572.44;5.11093;0;0;0.1;0.01;0;1.594;1;0;-1
0;1113;-36.2715;-15.7326;89.6384;9.8315;3980.59;5.91154;0;0;0.1;0.01;0;4.2478;0;0;-1
0;1114;-36.4185;1.56516;91.2442;8.5;2572.44;5.11093;0;0;0.1;0.01;0;3.92062;1;0;-1
0;1115;-38.4462;16.9512;89.8869;10.0141;4206.53;6.02133;0;0;0.1;0.01;0;3.76998;0;0;-1
0;1116;-21.1035;-24.473;90.0475;10.4526;4783.67;6.285;0;0;0.1;0.01;0;4.94885;0;0;-1
0;1117;-23.4143;-6.3639;93.0753;10.0382;4236.98;6.03582;0;0;0.1;0.01;0;4.54012;0;0;-1
0;1118;-22.7388;11.6908;89.7697;8.5;2572.44;5.11093;0;0;0.1;0.01;0;4.56326;1;0;-1
0;1119;-21.6287;27.6352;93.3759;10.1704;4406.59;6.11531;0;0;0.1;0.01;0;3.63859;0;0;-1
0;1120;-7.47666;-31.4717;90.7898;9.99572;4183.41;6.01028;0;0;0.1;0.01;0;4.74625;0;0;-1
0;1121;-8.53407;-14.0099;89.4456;9.49792;3589.01;5.71096;0;0;0.1;0.01;0;6.43272;0;0;-1
0;1122;-6.51239;1.18148;92.6592;9.92513;4095.41;5.96784;0;0;0.1;0.01;0;5.31335;0;0;-1
0;1123;-5.80846;19.1313;93.322;10.3778;4681.71;6.24002;0;0;0.1;0.01;0;5.3768;0;0;-1
0;1124;-7.61238;35.039;92.3613;8.5;2572.44;5.11093;0;0;0.1;0.01;0;3.70853;1;0;-1
0;1125;5.42494;-38.5735;92.1455;8.64182;2703.36;5.1962;0;0;0.1;0.01;0;2.77139;0;0;-1
0;1126;6.63455;-23.368;92.1233;9.97299;4154.94;5.99661;0;0;0.1;0.01;0;4.85792;0;0;-1
0;1127;7.32764;-5.04103;91.6082;9.76217;3896.98;5.86985;0;0;0.1;0.01;0;4.37038;0;0;-1
0;1128;6.66761;10.8057;91.2101;9.29955;3368.79;5.59168;0;0;0.1;0.01;0;4.1242;0;0;-1
0;1129;6.09631;28.7511;90.0573;9.47028;3557.76;5.69434;0;0;0.1;0.01;0;5.33481;0;0;-1
0;1130;23.7565;-31.9679;89.8581;8.5;2572.44;5.11093;0;0;0.1;0.01;0;2.95001;1;0;-1
0;1131;20.7084;-13.4757;89.3568;8.96289;3016.01;5.38926;0;0;0.1;0.01;0;4.82222;0;0;-1
0;1132;22.7936;0.118587;90.1664;8.56343;2630.46;5.14907;0;0;0.1;0.01;0;3.46906;0;0;-1
0;1133;20.0072;20.8204;90.9607;8.88242;2935.5;5.34087;0;0;0.1;0.01;0;3.25326;0;0;-1
0;1134;20.8952;36.7124;90.3474;8.61361;2676.97;5.17924;0;0;0.1;0.01;0;2.7191;0;0;-1
0;1135;37.3225;-7.80525;89.7323;9.767;3902.76;5.87276;0;0;0.1;0.01;0;3.6368;0;0;-1
0;1136;35.4301;9.72706;91.1688;8.5238;2594.11;5.12524;0;0;0.1;0.01;0;1.96244;0;0;-1
