Time;ID;x;y;z;radius;volume_total;radius_nuclear;contact_ECM;freezer;polarized_fraction;motility;cell_line;Cell_cell;phase;Cycle;NFkB
0;0;-51.3223;-4.61537;-83.4223;8.5;2572.44;5.11093;0;0;0.1;0.01;0;2.64433;1;0;-1
0;1;-37.4326;-33.3424;-84.6824;9.8791;4038.69;5.94016;0;0;0.1;0.01;0;2.67687;0;0;-1
0;2;-37.6574;-13.8291;-86.4861;8.5;2572.44;5.11093;0;0;0.1;0.01;0;2.65188;1;0;-1
0;3;-38.5114;0.468241;-85.5872;8.93259;2985.53;5.37104;0;0;0.1;0.01;0;2.49587;0;0;-1
0;4;-35.4893;20.6069;-84.3388;10.0373;4235.84;6.03528;0;0;0.1;0.01;0;3.05442;0;0;-1
0;5;-21.8009;-40.632;-87.2619;9.31441;3384.97;5.60062;0;0;0.1;0.01;0;2.80631;0;0;-1
0;6;-20.549;-22.3997;-85.9369;8.72424;2781.45;5.24576;0;0;0.1;0.01;0;4.2386;0;0;-1
0;7;-21.0335;-8.41622;-84.5104;8.68751;2746.47;5.22367;0;0;0.1;0.01;0;4.10744;0;0;-1
0;8;-20.3078;10.7199;-85.9719;8.9461;2999.09;5.37916;0;0;0.1;0.01;0;3.3953;0;0;-1
0;9;-22.2971;28.7591;-84.01;9.1147;3171.87;5.48054;0;0;0.1;0.01;0;3.81255;0;0;-1
0;10;-8.84445;-49.3355;-83.4165;10.3831;4688.89;6.24321;0;0;0.1;0.01;0;3.6092;0;0;-1
0;11;-7.09582;-30.7532;-87.1632;9.25676;3322.5;5.56596;0;0;0.1;0.01;0;4.75269;0;0;-1
0;12;-6.80752;-16.6179;-86.2484;8.92614;2979.06;5.36716;0;0;0.1;0.01;0;5.07813;0;0;-1
0;13;-6.59235;0.140449;-85.5153;10.1914;4433.94;6.12794;0;0;0.1;0.01;0;5.02013;0;0;-1
0;14;-7.56402;20.0331;-83.7611;10.1998;4444.92;6.13299;0;0;0.1;0.01;0;5.0071;0;0;-1
0;15;-7.67694;38.2922;-83.9344;9.71243;3837.71;5.83994;0;0;0.1;0.01;0;3.32178;0;0;-1
0;16;7.44409;-40.8707;-85.9518;10.0896;4302.4;6.06673;0;0;0.1;0.01;0;4.84756;0;0;-1
0;17;6.40174;-24.2336;-83.4874;10.0954;4309.82;6.07022;0;0;0.1;0.01;0;6.03797;0;0;-1
0;18;8.72366;-6.0189;-85.8369;8.76963;2825.09;5.27305;0;0;0.1;0.01;0;3.89405;0;0;-1
0;19;6.4774;10.9312;-86.7606;8.73724;2793.9;5.25358;0;0;0.1;0.01;0;2.66716;0;0;-1
0;20;7.75454;27.7591;-87.3915;8.84193;2895.54;5.31652;0;0;0.1;0.01;0;3.18311;0;0;-1
0;21;8.87572;45.3837;-83.5761;10.2972;4573.47;6.19156;0;0;0.1;0.01;0;3.80246;0;0;-1
0;22;20.2445;-49.1529;-84.499;9.44966;3534.57;5.68194;0;0;0.1;0.01;0;3.23392;0;0;-1
0;23;23.3356;-34.0336;-86.6626;10.0918;4305.21;6.06805;0;0;0.1;0.01;0;5.12343;0;0;-1
0;24;20.6078;-15.7245;-84.9702;8.5;2572.44;5.11093;0;0;0.1;0.01;0;3.28035;1;0;-1
0;25;22.4784;3.45208;-86.8641;8.58914;2654.22;5.16453;0;0;0.1;0.01;0;3.59241;0;0;-1
0;26;23.6325;20.3876;-84.4792;8.88816;2941.2;5.34432;0;0;0.1;0.01;0;4.47819;0;0;-1
0;27;23.5495;37.7405;-84.8665;9.8457;3997.87;5.92008;0;0;0.1;0.01;0;3.69284;0;0;-1
0;28;36.3506;-40.1948;-83.6458;9.99562;4183.29;6.01022;0;0;0.1;0.01;0;3.76988;0;0;-1
0;29;35.4706;-25.5442;-86.1272;8.5;2572.44;5.11093;0;0;0.1;0.01;0;3.01498;1;0;-1
0;30;37.2105;-5.59605;-85.2989;10.2046;4451.19;6.13588;0;0;0.1;0.01;0;2.52969;0;0;-1
0;31;36.5596;10.8588;-83.9716;10.2277;4481.49;6.14977;0;0;0.1;0.01;0;3.93907;0;0;-1
0;32;37.589;26.983;-83.9304;10.0868;4298.82;6.06505;0;0;0.1;0.01;0;4.35694;0;0;-1
0;33;-70.5264;-14.7628;-69.3759;9.3986;3477.59;5.65124;0;0;0.1;0.01;0;2.28079;0;0;-1
0;34;-57.8093;-39.4488;-71.3462;9.97762;4160.73;5.9994;0;0;0.1;0.01;0;3.10533;0;0;-1
0;35;-56.669;-25.1884;-72.4925;9.30194;3371.39;5.59312;0;0;0.1;0.01;0;3.99606;0;0;-1
0;36;-54.7629;-8.89803;-70.853;8.5;2572.44;5.11093;0;0;0.1;0.01;0;4.50437;1;0;-1
0;37;-56.2943;9.8569;-69.7964;10.3383;4628.45;6.21627;0;0;0.1;0.01;0;3.50592;0;0;-1
0;38;-57.7906;28.474;-71.5096;8.5;2572.44;5.11093;0;0;0.1;0.01;0;2.15648;1;0;-1
0;39;-54.6548;46.904;-68.5804;9.52835;3623.61;5.72926;0;0;0.1;0.01;0;3.24095;0;0;-1
0;40;-41.5503;-51.3134;-72.6748;9.08313;3139.03;5.46155;0;0;0.1;0.01;0;2.11317;0;0;-1
0;41;-41.3952;-30.4534;-70.9819;9.44447;3528.75;5.67882;0;0;0.1;0.01;0;5.73808;0;0;-1
0;42;-42.2332;-16.6232;-69.6704;10.4347;4759.14;6.27423;0;0;0.1;0.01;0;6.85591;0;0;-1
0;43;-39.4095;1.7352;-69.0975;8.5;2572.44;5.11093;0;0;0.1;0.01;0;4.22105;1;0;-1
0;44;-42.3608;16.7595;-69.0678;8.5;2572.44;5.11093;0;0;0.1;0.01;0;5.51214;1;0;-1
0;45;-42.4243;34.2484;-69.8606;9.48534;3574.76;5.7034;0;0;0.1;0.01;0;5.21336;0;0;-1
0;46;-41.214;53.4628;-69.4125;8.5;2572.44;5.11093;0;0;0.1;0.01;0;3.80525;1;0;-1
0;47;-26.5784;-57.1985;-70.3615;8.69547;2754.02;5.22846;0;0;0.1;0.01;0;4.02429;0;0;-1
0;48;-28.5578;-42.5906;-68.4912;10.4235;4743.83;6.2675;0;0;0.1;0.01;0;6.38698;0;0;-1
0;49;-26.25;-24.7378;-70.6842;8.78999;2844.81;5.28529;0;0;0.1;0.01;0;5.81295;0;0;-1
0;50;-24.7257;-8.81237;-71.8696;8.5;2572.44;5.11093;0;0;0.1;0.01;0;4.47342;1;0;-1
0;51;-26.8782;11.1036;-69.6514;9.33999;3412.93;5.616;0;0;0.1;0.01;0;5.34986;0;0;-1
0;52;-26.0051;26.9279;-69.2407;10.0291;4225.46;6.03035;0;0;0.1;0.01;0;6.56918;0;0;-1
0;53;-27.6176;43.7325;-70.6699;9.33376;3406.11;5.61225;0;0;0.1;0.01;0;4.60064;0;0;-1
0;54;-27.1658;62.1944;-69.8068;9.79464;3935.99;5.88937;0;0;0.1;0.01;0;3.7391;0;0;-1
0;55;-13.5684;-63.8513;-69.0184;9.87774;4037.02;5.93934;0;0;0.1;0.01;0;4.03998;0;0;-1
0;56;-13.8204;-48.1388;-68.3416;8.5;2572.44;5.11093;0;0;0.1;0.01;0;5.72107;1;0;-1
0;57;-11.3434;-31.1861;-72.6097;8.91585;2968.77;5.36097;0;0;0.1;0.01;0;5.09687;0;0;-1
0;58;-12.6981;-15.05;-70.9666;9.29638;3365.35;5.58978;0;0;0.1;0.01;0;6.5882;0;0;-1
0;59;-9.9491;1.96253;-71.7813;9.45092;3535.99;5.6827;0;0;0.1;0.01;0;5.80859;0;0;-1
0;60;-11.6495;16.5863;-70.1491;8.82064;2874.68;5.30372;0;0;0.1;0.01;0;5.34643;0;0;-1
0;61;-11.884;36.6242;-70.9362;9.09843;3154.92;5.47075;0;0;0.1;0.01;0;4.65195;0;0;-1
0;62;-10.7509;55.082;-70.3609;9.75011;3882.55;5.8626;0;0;0.1;0.01;0;3.31309;0;0;-1
0;63;2.1822;-56.2446;-69.0643;9.01971;3073.73;5.42342;0;0;0.1;0.01;0;4.73862;0;0;-1
0;64;3.94247;-40.154;-72.0476;8.76763;2823.16;5.27185;0;0;0.1;0.01;0;5.20023;0;0;-1
0;65;2.71834;-22.8981;-68.5013;10.2393;4496.76;6.15674;0;0;0.1;0.01;0;7.0713;0;0;-1
0;66;4.34194;-7.97666;-72.0211;9.90275;4067.77;5.95438;0;0;0.1;0.01;0;6.59534;0;0;-1
0;67;2.35111;10.1703;-69.2179;8.5;2572.44;5.11093;0;0;0.1;0.01;0;4.96738;1;0;-1
0;68;4.40345;26.7927;-69.6882;8.5;2572.44;5.11093;0;0;0.1;0.01;0;4.49179;1;0;-1
0;69;4.43423;45.7945;-70.5465;9.40266;3482.1;5.65368;0;0;0.1;0.01;0;6.07155;0;0;-1
0;70;3.50482;63.7163;-70.1512;9.87208;4030.09;5.93594;0;0;0.1;0.01;0;3.45318;0;0;-1
0;71;16.3294;-66.2692;-69.8994;9.33398;3406.35;5.61239;0;0;0.1;0.01;0;2.89189;0;0;-1
0;72;15.9694;-47.1662;-70.9221;8.71329;2770.99;5.23917;0;0;0.1;0.01;0;4.75363;0;0;-1
0;73;19.2583;-30.2044;-70.8776;10.2304;4485.04;6.15139;0;0;0.1;0.01;0;6.89021;0;0;-1
0;74;16.4064;-14.0909;-69.2244;8.5;2572.44;5.11093;0;0;0.1;0.01;0;6.69864;1;0;-1
0;75;16.9953;1.22165;-71.3293;9.24351;3308.26;5.55799;0;0;0.1;0.01;0;5.44163;0;0;-1
0;76;16.0014;18.2052;-69.204;8.72477;2781.96;5.24608;0;0;0.1;0.01;0;4.98934;0;0;-1
0;77;17.3079;35.4429;-70.6363;9.03495;3089.34;5.43258;0;0;0.1;0.01;0;5.48786;0;0;-1
0;78;19.456;55.0747;-70.2807;10.194;4437.34;6.1295;0;0;0.1;0.01;0;4.0654;0;0;-1
0;79;31.0828;-57.7979;-69.4716;8.5;2572.44;5.11093;0;0;0.1;0.01;0;3.3594;1;0;-1
0;80;31.7666;-38.5291;-68.4269;9.87873;4038.24;5.93994;0;0;0.1;0.01;0;6.27536;0;0;-1
0;81;32.0195;-21.8272;-69.6505;8.5;2572.44;5.11093;0;0;0.1;0.01;0;4.93272;1;0;-1
0;82;33.333;-6.34324;-68.8065;9.53103;3626.67;5.73087;0;0;0.1;0.01;0;5.57049;0;0;-1
0;83;30.5708;12.4397;-71.3011;9.73152;3860.39;5.85142;0;0;0.1;0.01;0;6.45328;0;0;-1
0;84;33.6237;28.5996;-68.5229;10.0382;4236.98;6.03582;0;0;0.1;0.01;0;6.8873;0;0;-1
0;85;34.0119;43.746;-71.9765;8.5;2572.44;5.11093;0;0;0.1;0.01;0;4.23401;1;0;-1
0;86;46.3643;-51.2921;-68.9079;9.61922;3728.28;5.7839;0;0;0.1;0.01;0;2.75976;0;0;-1
0;87;45.9796;-30.4841;-71.9483;9.01313;3067.01;5.41946;0;0;0.1;0.01;0;4.33375;0;0;-1
0;88;47.5539;-13.4217;-72.0039;9.9526;4129.51;5.98435;0;0;0.1;0.01;0;4.86592;0;0;-1
0;89;45.3322;1.64926;-69.0591;8.5;2572.44;5.11093;0;0;0.1;0.01;0;5.76251;1;0;-1
0;90;47.3064;17.128;-68.9514;10.3912;4699.87;6.24808;0;0;0.1;0.01;0;6.38403;0;0;-1
0;91;48.9705;36.8828;-71.951;10.2103;4458.66;6.13931;0;0;0.1;0.01;0;3.53473;0;0;-1
0;92;46.7018;54.1094;-68.9986;8.5;2572.44;5.11093;0;0;0.1;0.01;0;2.53903;1;0;-1
0;93;60.0239;-25.6657;-72.0474;10.0688;4275.84;6.05422;0;0;0.1;0.01;0;2.75331;0;0;-1
0;94;62.5642;-5.60722;-71.9235;8.73835;2794.97;5.25424;0;0;0.1;0.01;0;2.33458;0;0;-1
0;95;61.3318;9.87643;-68.8422;9.81409;3959.49;5.90107;0;0;0.1;0.01;0;3.63346;0;0;-1
0;96;-80.3917;-8.31739;-55.4075;9.69228;3813.88;5.82783;0;0;0.1;0.01;0;2.96349;0;0;-1
0;97;-80.128;12.465;-54.3379;8.7296;2786.58;5.24898;0;0;0.1;0.01;0;2.61122;0;0;-1
0;98;-65.7573;-48.4215;-54.2741;10.1245;4347.2;6.08771;0;0;0.1;0.01;0;4.68055;0;0;-1
0;99;-67.7012;-33.8771;-55.407;8.95215;3005.18;5.3828;0;0;0.1;0.01;0;3.30507;0;0;-1
0;100;-65.5521;-12.6486;-56.377;8.50736;2579.13;5.11535;0;0;0.1;0.01;0;4.00161;0;0;-1
0;101;-64.5992;1.73534;-53.9651;9.72048;3847.26;5.84478;0;0;0.1;0.01;0;5.33349;0;0;-1
0;102;-68.013;19.6494;-57.7836;8.68328;2742.46;5.22113;0;0;0.1;0.01;0;3.53356;0;0;-1
0;103;-66.441;35.4396;-55.5513;8.5;2572.44;5.11093;0;0;0.1;0.01;0;3.49296;1;0;-1
0;104;-52.2508;-59.3464;-54.873;9.7421;3872.99;5.85778;0;0;0.1;0.01;0;4.05914;0;0;-1
0;105;-52.9167;-42.3681;-57.559;8.54632;2614.73;5.13878;0;0;0.1;0.01;0;4.59253;0;0;-1
0;106;-51.3215;-24.6955;-57.8056;8.5;2572.44;5.11093;0;0;0.1;0.01;0;4.56975;1;0;-1
0;107;-49.8593;-4.79445;-57.1226;9.83619;3986.29;5.91436;0;0;0.1;0.01;0;6.42106;0;0;-1
0;108;-51.7492;12.043;-54.3879;9.7551;3888.52;5.8656;0;0;0.1;0.01;0;7.0598;0;0;-1
0;109;-51.0336;27.8573;-57.8085;10.3779;4681.85;6.24008;0;0;0.1;0.01;0;6.92866;0;0;-1
0;110;-52.145;44.8081;-54.0101;9.75705;3890.85;5.86677;0;0;0.1;0.01;0;6.19924;0;0;-1
0;111;-50.5741;59.7273;-54.4382;10.0947;4308.92;6.0698;0;0;0.1;0.01;0;5.1524;0;0;-1
0;112;-38.6603;-66.5862;-56.3479;9.78686;3926.62;5.8847;0;0;0.1;0.01;0;4.10133;0;0;-1
0;113;-38.3702;-51.0469;-54.5707;9.22818;3291.83;5.54877;0;0;0.1;0.01;0;5.19094;0;0;-1
0;114;-36.5529;-31.2278;-56.2494;9.62245;3732.03;5.78584;0;0;0.1;0.01;0;6.18192;0;0;-1
0;115;-36.5241;-14.8556;-55.7915;10.2702;4537.59;6.17532;0;0;0.1;0.01;0;6.81591;0;0;-1
0;116;-37.7486;2.43773;-54.3753;8.98033;3033.65;5.39974;0;0;0.1;0.01;0;5.52266;0;0;-1
0;117;-36.0781;20.9945;-57.0205;10.2728;4541.04;6.17689;0;0;0.1;0.01;0;7.54004;0;0;-1
0;118;-35.2064;36.648;-55.0643;8.75833;2814.18;5.26626;0;0;0.1;0.01;0;6.65483;0;0;-1
0;119;-36.9994;51.2784;-56.5111;10.0445;4244.96;6.03961;0;0;0.1;0.01;0;6.94577;0;0;-1
0;120;-35.9276;70.3115;-57.9335;10.4064;4720.52;6.25722;0;0;0.1;0.01;0;4.27219;0;0;-1
0;121;-23.9328;-76.0248;-57.3311;9.56038;3660.28;5.74852;0;0;0.1;0.01;0;3.14367;0;0;-1
0;122;-21.8316;-56.2162;-56.4067;9.42137;3502.92;5.66493;0;0;0.1;0.01;0;6.51055;0;0;-1
0;123;-21.0903;-40.4626;-54.8461;10.0066;4197.09;6.01682;0;0;0.1;0.01;0;6.98293;0;0;-1
0;124;-23.6218;-22.539;-56.7415;9.91108;4078.04;5.95939;0;0;0.1;0.01;0;6.87595;0;0;-1
0;125;-21.5821;-7.15481;-56.3403;8.98657;3039.98;5.40349;0;0;0.1;0.01;0;5.63037;0;0;-1
0;126;-22.4056;9.00001;-55.9806;9.44496;3529.3;5.67912;0;0;0.1;0.01;0;4.80187;0;0;-1
0;127;-21.4002;25.5978;-55.5869;8.61865;2681.68;5.18227;0;0;0.1;0.01;0;5.26524;0;0;-1
0;128;-21.7853;42.3034;-56.7072;8.5;2572.44;5.11093;0;0;0.1;0.01;0;5.12199;1;0;-1
0;129;-22.1155;63.2059;-54.4618;10.3642;4663.33;6.23184;0;0;0.1;0.01;0;7.13637;0;0;-1
0;130;-22.0228;77.9755;-57.0163;9.14647;3205.16;5.49964;0;0;0.1;0.01;0;3.52629;0;0;-1
0;131;-9.28411;-80.787;-56.0043;8.5;2572.44;5.11093;0;0;0.1;0.01;0;2.47072;1;0;-1
0;132;-5.76905;-65.6695;-55.7449;9.0412;3095.76;5.43634;0;0;0.1;0.01;0;4.74562;0;0;-1
0;133;-6.23277;-47.1106;-55.1254;9.62786;3738.33;5.78909;0;0;0.1;0.01;0;5.88162;0;0;-1
0;134;-8.77198;-29.9206;-54.6139;9.80216;3945.06;5.8939;0;0;0.1;0.01;0;5.57591;0;0;-1
0;135;-8.94361;-14.1393;-55.4206;8.61231;2675.76;5.17846;0;0;0.1;0.01;0;5.84086;0;0;-1
0;136;-7.06808;0.368591;-56.7211;8.5;2572.44;5.11093;0;0;0.1;0.01;0;5.33821;1;0;-1
0;137;-5.92556;20.9935;-55.1506;10.3787;4682.93;6.24056;0;0;0.1;0.01;0;6.33295;0;0;-1
0;138;-8.23865;36.9528;-55.4893;10.3709;4672.38;6.23587;0;0;0.1;0.01;0;6.41123;0;0;-1
0;139;-5.83206;54.9376;-55.1069;10.4463;4775.03;6.28121;0;0;0.1;0.01;0;6.18317;0;0;-1
0;140;-8.71763;70.326;-55.1327;8.9171;2970.02;5.36172;0;0;0.1;0.01;0;3.30238;0;0;-1
0;141;8.98659;-74.3219;-56.904;8.95921;3012.3;5.38704;0;0;0.1;0.01;0;3.46669;0;0;-1
0;142;6.86143;-58.0819;-56.2147;9.9375;4110.74;5.97527;0;0;0.1;0.01;0;6.12572;0;0;-1
0;143;7.34384;-41.7058;-54.9302;8.5;2572.44;5.11093;0;0;0.1;0.01;0;4.38131;1;0;-1
0;144;9.39977;-22.7176;-56.6061;9.348;3421.72;5.62082;0;0;0.1;0.01;0;6.49528;0;0;-1
0;145;6.02983;-8.01755;-56.8642;9.37777;3454.52;5.63872;0;0;0.1;0.01;0;6.47336;0;0;-1
0;146;5.61319;9.72162;-55.2415;8.95394;3006.98;5.38387;0;0;0.1;0.01;0;4.27991;0;0;-1
0;147;8.4445;27.7499;-53.9515;10.1128;4332.14;6.08068;0;0;0.1;0.01;0;6.67622;0;0;-1
0;148;8.535;44.9734;-55.9758;10.2821;4553.38;6.18248;0;0;0.1;0.01;0;7.63815;0;0;-1
0;149;8.84149;59.8429;-57.7147;8.76315;2818.83;5.26915;0;0;0.1;0.01;0;5.80918;0;0;-1
0;150;8.572;79.8437;-54.3412;9.33081;3402.88;5.61048;0;0;0.1;0.01;0;2.80757;0;0;-1
0;151;22.2786;-64.2623;-56.6581;9.79249;3933.4;5.88808;0;0;0.1;0.01;0;4.96765;0;0;-1
0;152;24.1807;-49.9866;-53.7244;8.97699;3030.27;5.39773;0;0;0.1;0.01;0;5.40137;0;0;-1
0;153;20.2914;-32.6166;-55.2881;9.10775;3164.62;5.47636;0;0;0.1;0.01;0;5.15372;0;0;-1
0;154;20.5198;-12.713;-57.3643;9.31056;3380.77;5.5983;0;0;0.1;0.01;0;6.00879;0;0;-1
0;155;23.629;1.4209;-56.4422;9.29185;3360.43;5.58705;0;0;0.1;0.01;0;5.67915;0;0;-1
0;156;23.7498;20.6611;-55.7397;10.1452;4373.92;6.10016;0;0;0.1;0.01;0;6.42734;0;0;-1
0;157;22.6879;38.2408;-56.2052;10.0929;4306.62;6.06871;0;0;0.1;0.01;0;7.04065;0;0;-1
0;158;22.9285;54.3755;-53.9794;10.4336;4757.64;6.27357;0;0;0.1;0.01;0;7.09845;0;0;-1
0;159;22.0539;70.5641;-57.6942;9.08793;3144.01;5.46444;0;0;0.1;0.01;0;2.47065;0;0;-1
0;160;38.5705;-56.0249;-56.4247;9.06067;3115.8;5.44805;0;0;0.1;0.01;0;4.55599;0;0;-1
0;161;34.9383;-38.3602;-54.7209;8.60039;2664.67;5.17129;0;0;0.1;0.01;0;5.32623;0;0;-1
0;162;38.5251;-25.1004;-56.4552;9.04343;3098.05;5.43768;0;0;0.1;0.01;0;5.60494;0;0;-1
0;163;37.2059;-5.69708;-54.833;8.57831;2644.2;5.15801;0;0;0.1;0.01;0;5.96606;0;0;-1
0;164;38.4633;8.33153;-55.4113;9.23354;3297.56;5.55199;0;0;0.1;0.01;0;6.96418;0;0;-1
0;165;38.8669;25.4348;-54.6056;9.85015;4003.29;5.92275;0;0;0.1;0.01;0;6.32723;0;0;-1
0;166;36.7828;46.1503;-56.6514;9.17439;3234.6;5.51643;0;0;0.1;0.01;0;5.85572;0;0;-1
0;167;36.3658;60.7304;-54.1131;8.5;2572.44;5.11093;0;0;0.1;0.01;0;4.54236;1;0;-1
0;168;52.8834;-50.9608;-56.0565;8.97539;3028.65;5.39677;0;0;0.1;0.01;0;3.28803;0;0;-1
0;169;52.0668;-31.0885;-54.1348;9.95776;4135.93;5.98746;0;0;0.1;0.01;0;5.73167;0;0;-1
0;170;52.9108;-15.0652;-54.3814;8.5;2572.44;5.11093;0;0;0.1;0.01;0;5.22948;1;0;-1
0;171;52.2492;0.0382774;-54.3879;9.99184;4178.54;6.00795;0;0;0.1;0.01;0;7.51408;0;0;-1
0;172;51.1901;18.0871;-56.0416;9.0008;3054.44;5.41205;0;0;0.1;0.01;0;6.79053;0;0;-1
0;173;52.9424;34.0763;-55.764;9.24176;3306.38;5.55694;0;0;0.1;0.01;0;5.31159;0;0;-1
0;174;52.696;55.2578;-56.5067;10.1122;4331.37;6.08032;0;0;0.1;0.01;0;4.26923;0;0;-1
0;175;64.6181;-40.8745;-56.6756;9.03274;3087.07;5.43126;0;0;0.1;0.01;0;2.99312;0;0;-1
0;176;67.2854;-25.0848;-56.1087;9.38578;3463.38;5.64353;0;0;0.1;0.01;0;4.42047;0;0;-1
0;177;67.7721;-4.49971;-55.134;8.5;2572.44;5.11093;0;0;0.1;0.01;0;5.13725;1;0;-1
0;178;65.8324;11.9971;-53.8101;9.54477;3642.38;5.73913;0;0;0.1;0.01;0;5.87221;0;0;-1
0;179;66.0115;26.6455;-55.276;8.5;2572.44;5.11093;0;0;0.1;0.01;0;3.88997;1;0;-1
0;180;64.7685;46.0639;-54.3197;9.81335;3958.59;5.90062;0;0;0.1;0.01;0;3.39684;0;0;-1
0;181;79.7188;-16.8478;-56.7561;10.1836;4423.77;6.12325;0;0;0.1;0.01;0;2.82809;0;0;-1
0;182;82.2231;1.12222;-54.4709;8.92226;2975.18;5.36483;0;0;0.1;0.01;0;2.82684;0;0;-1
0;183;-87.5118;-21.6606;-40.6303;9.37018;3446.14;5.63415;0;0;0.1;0.01;0;3.14665;0;0;-1
0;184;-84.1204;-8.17159;-40.1234;10.0307;4227.49;6.03131;0;0;0.1;0.01;0;5.21912;0;0;-1
0;185;-86.309;12.3531;-39.6262;9.63572;3747.5;5.79382;0;0;0.1;0.01;0;4.44092;0;0;-1
0;186;-86.6562;29.3374;-39.2292;9.84885;4001.71;5.92197;0;0;0.1;0.01;0;3.00527;0;0;-1
0;187;-70.1803;-48.0368;-39.6396;8.5;2572.44;5.11093;0;0;0.1;0.01;0;4.05793;1;0;-1
0;188;-72.1223;-33.9448;-41.5641;10.2288;4482.94;6.15043;0;0;0.1;0.01;0;5.02696;0;0;-1
0;189;-71.5899;-14.5684;-41.6327;8.5;2572.44;5.11093;0;0;0.1;0.01;0;5.38759;1;0;-1
0;190;-72.6826;3.61347;-40.9269;10.2704;4537.86;6.17544;0;0;0.1;0.01;0;7.38534;0;0;-1
0;191;-70.5101;19.0717;-42.0665;9.73679;3866.66;5.85459;0;0;0.1;0.01;0;6.24015;0;0;-1
0;192;-69.9855;37.0807;-42.9179;9.92192;4091.44;5.96591;0;0;0.1;0.01;0;5.68384;0;0;-1
0;193;-72.6605;51.3902;-41.1029;9.59208;3696.81;5.76758;0;0;0.1;0.01;0;3.09357;0;0;-1
0;194;-56.9536;-59.2047;-39.9315;10.3288;4615.71;6.21056;0;0;0.1;0.01;0;5.25007;0;0;-1
0;195;-56.7255;-39.4565;-41.8744;9.50868;3601.22;5.71743;0;0;0.1;0.01;0;6.64209;0;0;-1
0;196;-54.1645;-24.644;-40.9099;9.31218;3382.54;5.59928;0;0;0.1;0.01;0;5.42187;0;0;-1
0;197;-57.4647;-7.32991;-42.0182;10.0834;4294.47;6.063;0;0;0.1;0.01;0;6.99006;0;0;-1
0;198;-55.0616;9.5397;-39.8524;10.2811;4552.05;6.18188;0;0;0.1;0.01;0;6.71346;0;0;-1
0;199;-55.5424;25.8726;-41.5472;9.89022;4052.35;5.94685;0;0;0.1;0.01;0;6.11399;0;0;-1
0;200;-56.9741;42.6502;-40.1064;9.6706;3788.34;5.81479;0;0;0.1;0.01;0;6.5275;0;0;-1
0;201;-54.2541;60.4456;-39.5918;9.62047;3729.73;5.78465;0;0;0.1;0.01;0;5.24073;0;0;-1
0;202;-40.5167;-80.6253;-40.9851;8.5;2572.44;5.11093;0;0;0.1;0.01;0;2.97166;1;0;-1
0;203;-41.6796;-65.8983;-39.2294;9.46189;3548.32;5.6893;0;0;0.1;0.01;0;6.38129;0;0;-1
0;204;-43.056;-47.5246;-41.7152;8.5;2572.44;5.11093;0;0;0.1;0.01;0;4.90065;1;0;-1
0;205;-42.573;-31.6905;-42.2062;8.64528;2706.61;5.19828;0;0;0.1;0.01;0;5.09543;0;0;-1
0;206;-40.2504;-13.4539;-40.6519;9.60474;3711.47;5.77519;0;0;0.1;0.01;0;6.10446;0;0;-1
0;207;-42.0096;1.95342;-39.9926;9.25091;3316.21;5.56244;0;0;0.1;0.01;0;6.47405;0;0;-1
0;208;-41.7837;19.6612;-42.4158;8.59492;2659.59;5.168;0;0;0.1;0.01;0;5.91422;0;0;-1
0;209;-41.4535;34.4604;-41.4074;8.78789;2842.77;5.28403;0;0;0.1;0.01;0;5.64335;0;0;-1
0;210;-40.2704;53.6146;-41.2196;9.53739;3633.94;5.73469;0;0;0.1;0.01;0;7.07305;0;0;-1
0;211;-40.8045;68.4807;-42.1397;10.3601;4657.8;6.22938;0;0;0.1;0.01;0;6.08016;0;0;-1
0;212;-27.6591;-72.968;-42.8747;9.39388;3472.35;5.6484;0;0;0.1;0.01;0;6.10779;0;0;-1
0;213;-28.1442;-57.7288;-40.461;10.4418;4768.86;6.2785;0;0;0.1;0.01;0;7.09363;0;0;-1
0;214;-25.2965;-38.5053;-42.3695;9.23225;3296.18;5.55122;0;0;0.1;0.01;0;5.32817;0;0;-1
0;215;-25.0109;-22.3746;-39.8152;9.9908;4177.24;6.00732;0;0;0.1;0.01;0;6.39127;0;0;-1
0;216;-24.7456;-5.17718;-40.6466;8.87426;2927.42;5.33596;0;0;0.1;0.01;0;5.61471;0;0;-1
0;217;-25.4476;9.76136;-41.0466;8.5;2572.44;5.11093;0;0;0.1;0.01;0;4.04179;1;0;-1
0;218;-28.1771;27.0171;-42.0138;9.3773;3454;5.63843;0;0;0.1;0.01;0;5.49031;0;0;-1
0;219;-27.222;44.1213;-42.1004;9.59228;3697.04;5.7677;0;0;0.1;0.01;0;6.1064;0;0;-1
0;220;-27.5548;60.5327;-40.761;9.41372;3494.4;5.66033;0;0;0.1;0.01;0;7.06677;0;0;-1
0;221;-25.0141;77.1713;-42.0751;9.57316;3674.98;5.7562;0;0;0.1;0.01;0;5.24497;0;0;-1
0;222;-12.9881;-83.1442;-42.1689;8.61093;2674.48;5.17763;0;0;0.1;0.01;0;4.03671;0;0;-1
0;223;-12.9509;-67.6054;-39.7414;10.0617;4266.8;6.04995;0;0;0.1;0.01;0;6.69567;0;0;-1
0;224;-12.3952;-49.3786;-41.8382;9.18212;3242.78;5.52108;0;0;0.1;0.01;0;5.31803;0;0;-1
0;225;-9.78638;-33.3299;-39.8318;9.50911;3601.71;5.71769;0;0;0.1;0.01;0;6.11721;0;0;-1
0;226;-13.0692;-15.5108;-40.76;8.69144;2750.2;5.22604;0;0;0.1;0.01;0;6.37383;0;0;-1
0;227;-11.0657;0.258192;-41.4541;8.66025;2720.7;5.20728;0;0;0.1;0.01;0;5.45457;0;0;-1
0;228;-12.5375;20.03;-39.3425;9.95302;4130.03;5.98461;0;0;0.1;0.01;0;6.16125;0;0;-1
0;229;-9.96063;34.3124;-39.767;8.5;2572.44;5.11093;0;0;0.1;0.01;0;6.08847;1;0;-1
0;230;-11.5623;52.965;-39.357;10.1789;4417.65;6.12042;0;0;0.1;0.01;0;6.47162;0;0;-1
0;231;-11.1;70.7582;-40.0393;9.43087;3513.53;5.67065;0;0;0.1;0.01;0;5.57641;0;0;-1
0;232;-9.7873;87.1043;-39.9553;8.5;2572.44;5.11093;0;0;0.1;0.01;0;2.38837;1;0;-1
0;233;2.81635;-89.5413;-42.0519;9.11671;3173.97;5.48175;0;0;0.1;0.01;0;2.88199;0;0;-1
0;234;4.68221;-74.9289;-41.1592;8.55271;2620.59;5.14262;0;0;0.1;0.01;0;5.17718;0;0;-1
0;235;2.01314;-59.7589;-39.3773;9.47364;3561.55;5.69636;0;0;0.1;0.01;0;5.41889;0;0;-1
0;236;3.62783;-40.766;-39.8022;8.5;2572.44;5.11093;0;0;0.1;0.01;0;4.8498;1;0;-1
0;237;4.6758;-25.2817;-39.5148;9.5216;3615.92;5.7252;0;0;0.1;0.01;0;6.13801;0;0;-1
0;238;1.23353;-8.07939;-42.4284;10.2613;4525.8;6.16997;0;0;0.1;0.01;0;6.26664;0;0;-1
0;239;3.21663;10.4475;-41.0091;8.61838;2681.42;5.18211;0;0;0.1;0.01;0;4.36905;0;0;-1
0;240;4.07446;27.1882;-39.4736;8.90471;2957.66;5.35427;0;0;0.1;0.01;0;6.72714;0;0;-1
0;241;1.22548;43.0312;-40.2722;10.0973;4312.25;6.07136;0;0;0.1;0.01;0;7.97801;0;0;-1
0;242;1.5218;60.6231;-40.9754;8.5;2572.44;5.11093;0;0;0.1;0.01;0;5.36274;1;0;-1
0;243;3.95464;76.3869;-41.075;9.14274;3201.24;5.4974;0;0;0.1;0.01;0;5.26537;0;0;-1
0;244;17.6714;-82.3269;-42.0954;8.5;2572.44;5.11093;0;0;0.1;0.01;0;3.29403;1;0;-1
0;245;18.2161;-65.4518;-39.2909;10.2625;4527.39;6.17069;0;0;0.1;0.01;0;5.88493;0;0;-1
0;246;17.921;-46.4603;-40.8031;8.89095;2943.97;5.346;0;0;0.1;0.01;0;5.26688;0;0;-1
0;247;17.8345;-31.7602;-41.158;8.5;2572.44;5.11093;0;0;0.1;0.01;0;5.83792;1;0;-1
0;248;19.0975;-15.4955;-41.7714;9.48375;3572.97;5.70244;0;0;0.1;0.01;0;5.92386;0;0;-1
0;249;19.7521;1.94081;-42.1591;9.10927;3166.21;5.47727;0;0;0.1;0.01;0;4.69272;0;0;-1
0;250;17.6648;17.7336;-40.5223;9.27102;3337.88;5.57453;0;0;0.1;0.01;0;5.59881;0;0;-1
0;251;19.0258;36.7158;-42.8381;9.9124;4079.67;5.96018;0;0;0.1;0.01;0;7.63496;0;0;-1
0;252;16.7937;52.0126;-39.693;10.0976;4312.64;6.07154;0;0;0.1;0.01;0;7.44091;0;0;-1
0;253;18.7601;68.4686;-41.1979;10.3155;4597.9;6.20256;0;0;0.1;0.01;0;5.94074;0;0;-1
0;254;16.4106;87.4192;-41.1284;10.0767;4285.92;6.05897;0;0;0.1;0.01;0;3.14604;0;0;-1
0;255;32.9537;-75.6339;-42.5041;8.64912;2710.22;5.20059;0;0;0.1;0.01;0;2.25117;0;0;-1
0;256;30.5636;-56.4936;-40.524;9.0958;3152.18;5.46917;0;0;0.1;0.01;0;6.27913;0;0;-1
0;257;33.713;-41.182;-40.4682;10.005;4195.08;6.01586;0;0;0.1;0.01;0;7.65261;0;0;-1
0;258;32.7749;-25.2905;-41.5711;10.1242;4346.81;6.08753;0;0;0.1;0.01;0;7.40591;0;0;-1
0;259;33.7373;-8.05238;-42.0305;8.5;2572.44;5.11093;0;0;0.1;0.01;0;4.72558;1;0;-1
0;260;33.8442;10.0422;-42.291;8.5;2572.44;5.11093;0;0;0.1;0.01;0;5.10317;1;0;-1
0;261;33.8484;29.5208;-39.8801;8.93213;2985.06;5.37076;0;0;0.1;0.01;0;6.03409;0;0;-1
0;262;32.9464;46.1528;-39.4197;10.038;4236.72;6.0357;0;0;0.1;0.01;0;7.76711;0;0;-1
0;263;33.9185;60.0852;-39.7049;9.38769;3465.49;5.64468;0;0;0.1;0.01;0;6.20606;0;0;-1
0;264;33.5533;79.8412;-40.4294;8.95437;3007.42;5.38413;0;0;0.1;0.01;0;2.74429;0;0;-1
0;265;47.8268;-65.2744;-41.607;8.94443;2997.41;5.37816;0;0;0.1;0.01;0;2.46617;0;0;-1
0;266;47.1403;-47.7059;-39.9528;9.52788;3623.08;5.72898;0;0;0.1;0.01;0;5.80346;0;0;-1
0;267;47.7672;-30.2392;-39.2189;10.3176;4600.71;6.20382;0;0;0.1;0.01;0;7.65999;0;0;-1
0;268;46.793;-14.939;-42.5851;10.067;4273.55;6.05314;0;0;0.1;0.01;0;7.77899;0;0;-1
0;269;46.0808;2.87827;-42.1832;8.5;2572.44;5.11093;0;0;0.1;0.01;0;6.1991;1;0;-1
0;270;47.7607;16.872;-43.0418;10.1627;4396.59;6.11068;0;0;0.1;0.01;0;7.43826;0;0;-1
0;271;46.8468;37.9657;-41.104;9.52653;3621.54;5.72816;0;0;0.1;0.01;0;6.19111;0;0;-1
0;272;46.7009;52.1423;-42.8724;9.67637;3795.12;5.81826;0;0;0.1;0.01;0;6.60531;0;0;-1
0;273;46.8328;69.2642;-39.8972;9.92643;4097.02;5.96862;0;0;0.1;0.01;0;4.49582;0;0;-1
0;274;60.3733;-55.3633;-39.3292;9.8308;3979.74;5.91112;0;0;0.1;0.01;0;4.74473;0;0;-1
0;275;63.9934;-41.6891;-39.8267;8.94562;2998.61;5.37887;0;0;0.1;0.01;0;4.28013;0;0;-1
0;276;61.2106;-23.3591;-39.8335;8.55006;2618.16;5.14103;0;0;0.1;0.01;0;5.54487;0;0;-1
0;277;63.4173;-7.7945;-42.3289;9.67674;3795.56;5.81848;0;0;0.1;0.01;0;6.80302;0;0;-1
0;278;63.5982;8.22865;-39.4632;10.0114;4203.13;6.01971;0;0;0.1;0.01;0;6.55973;0;0;-1
0;279;63.0207;26.1926;-42.2757;10.0357;4233.81;6.03432;0;0;0.1;0.01;0;6.07513;0;0;-1
0;280;61.5506;42.1393;-41.1983;8.88075;2933.85;5.33987;0;0;0.1;0.01;0;5.08268;0;0;-1
0;281;61.9941;60.425;-42.4618;9.23144;3295.32;5.55073;0;0;0.1;0.01;0;3.67766;0;0;-1
0;282;74.9436;-32.4945;-43.1638;9.0112;3065.04;5.4183;0;0;0.1;0.01;0;3.21856;0;0;-1
0;283;77.7399;-15.0003;-41.1197;8.62851;2690.89;5.1882;0;0;0.1;0.01;0;4.4665;0;0;-1
0;284;76.3292;-0.0857872;-41.4713;10.2851;4557.37;6.18428;0;0;0.1;0.01;0;6.8764;0;0;-1
0;285;78.7437;19.7278;-42.8208;8.99017;3043.63;5.40566;0;0;0.1;0.01;0;3.33071;0;0;-1
0;286;76.5368;34.34;-41.9448;9.23964;3304.1;5.55566;0;0;0.1;0.01;0;3.54087;0;0;-1
0;287;90.517;-4.55668;-40.5347;8.7003;2758.62;5.23136;0;0;0.1;0.01;0;2.23176;0;0;-1
0;288;-95.1293;-13.5112;-24.7016;8.77145;2826.85;5.27415;0;0;0.1;0.01;0;3.17466;0;0;-1
0;289;-95.6347;1.25152;-26.097;9.92316;4092.97;5.96665;0;0;0.1;0.01;0;3.87451;0;0;-1
0;290;-80.87;-41.5035;-24.6607;9.90428;4069.65;5.9553;0;0;0.1;0.01;0;2.8862;0;0;-1
0;291;-81.7948;-23.4426;-27.3444;9.5595;3659.27;5.74799;0;0;0.1;0.01;0;3.8646;0;0;-1
0;292;-78.9082;-4.65775;-26.4853;10.0423;4242.17;6.03829;0;0;0.1;0.01;0;5.5913;0;0;-1
0;293;-82.5735;10.9695;-26.4515;10.1274;4350.93;6.08946;0;0;0.1;0.01;0;6.2871;0;0;-1
0;294;-82.4168;27.6778;-25.146;10.0349;4232.8;6.03384;0;0;0.1;0.01;0;5.02753;0;0;-1
0;295;-80.4038;44.5621;-28.1111;9.88358;4044.19;5.94285;0;0;0.1;0.01;0;3.28439;0;0;-1
0;296;-64.0821;-67.8769;-26.0005;8.5;2572.44;5.11093;0;0;0.1;0.01;0;2.51762;1;0;-1
0;297;-64.3789;-48.9966;-26.129;8.77835;2833.53;5.27829;0;0;0.1;0.01;0;4.35879;0;0;-1
0;298;-64.5269;-31.2639;-25.4612;9.74862;3880.77;5.8617;0;0;0.1;0.01;0;5.46837;0;0;-1
0;299;-64.4866;-12.8925;-26.991;9.28066;3348.31;5.58033;0;0;0.1;0.01;0;5.55762;0;0;-1
0;300;-66.0765;4.44697;-26.0334;8.5;2572.44;5.11093;0;0;0.1;0.01;0;5.93991;1;0;-1
0;301;-65.4692;20.219;-26.9329;8.59094;2655.89;5.16561;0;0;0.1;0.01;0;5.71328;0;0;-1
0;302;-64.6862;35.2187;-27.1722;10.0497;4251.56;6.04274;0;0;0.1;0.01;0;6.31086;0;0;-1
0;303;-64.5488;50.9137;-26.2281;9.27992;3347.51;5.57988;0;0;0.1;0.01;0;5.7518;0;0;-1
0;304;-66.6802;68.6663;-26.7158;9.4554;3541.02;5.68539;0;0;0.1;0.01;0;2.15029;0;0;-1
0;305;-49.7093;-72.4989;-27.7895;8.99661;3050.18;5.40953;0;0;0.1;0.01;0;5.22849;0;0;-1
0;306;-49.6171;-58.1771;-26.2849;9.25063;3315.91;5.56227;0;0;0.1;0.01;0;6.29461;0;0;-1
0;307;-51.5417;-39.7129;-26.3455;9.3425;3415.69;5.61751;0;0;0.1;0.01;0;6.00906;0;0;-1
0;308;-52.4098;-23.1174;-27.5524;9.77632;3913.95;5.87836;0;0;0.1;0.01;0;6.55609;0;0;-1
0;309;-50.4828;-7.03684;-27.8111;9.73264;3861.72;5.8521;0;0;0.1;0.01;0;6.60826;0;0;-1
0;310;-53.0194;8.65031;-26.3232;8.9409;2993.87;5.37603;0;0;0.1;0.01;0;5.48802;0;0;-1
0;311;-51.1165;26.79;-24.4701;9.14375;3202.3;5.498;0;0;0.1;0.01;0;5.57894;0;0;-1
0;312;-49.9896;45.5135;-24.8769;9.78011;3918.5;5.88064;0;0;0.1;0.01;0;7.33882;0;0;-1
0;313;-50.667;62.4855;-25.5801;8.75947;2815.28;5.26694;0;0;0.1;0.01;0;6.08572;0;0;-1
0;314;-51.794;78.4841;-28.254;8.72318;2780.44;5.24512;0;0;0.1;0.01;0;2.65307;0;0;-1
0;315;-36.4321;-82.1769;-26.5197;10.3133;4594.96;6.20124;0;0;0.1;0.01;0;6.19554;0;0;-1
0;316;-34.985;-67.309;-26.8043;8.88636;2939.41;5.34324;0;0;0.1;0.01;0;6.99057;0;0;-1
0;317;-38.369;-47.1082;-27.1477;10.1598;4392.83;6.10894;0;0;0.1;0.01;0;5.71217;0;0;-1
0;318;-36.0593;-30.0857;-26.079;9.32899;3400.89;5.60939;0;0;0.1;0.01;0;6.1162;0;0;-1
0;319;-34.6338;-13.76;-26.8038;8.77558;2830.85;5.27663;0;0;0.1;0.01;0;5.01554;0;0;-1
0;320;-36.5848;4.31549;-27.4447;8.5;2572.44;5.11093;0;0;0.1;0.01;0;4.19314;1;0;-1
0;321;-38.3592;18.5463;-27.4778;9.50184;3593.45;5.71332;0;0;0.1;0.01;0;5.45362;0;0;-1
0;322;-38.2481;34.5867;-25.1738;8.5;2572.44;5.11093;0;0;0.1;0.01;0;5.50115;1;0;-1
0;323;-37.6484;52.2775;-27.8662;9.223;3286.29;5.54566;0;0;0.1;0.01;0;6.07334;0;0;-1
0;324;-38.2136;67.7241;-25.7608;8.5;2572.44;5.11093;0;0;0.1;0.01;0;4.48599;1;0;-1
0;325;-35.54;85.8439;-24.952;10.2803;4550.99;6.1814;0;0;0.1;0.01;0;3.74793;0;0;-1
0;326;-21.7858;-90.7762;-25.288;10.3383;4628.45;6.21627;0;0;0.1;0.01;0;3.9878;0;0;-1
0;327;-20.5811;-73.09;-27.0223;10.1729;4409.84;6.11682;0;0;0.1;0.01;0;8.2776;0;0;-1
0;328;-20.3442;-59.1609;-26.3099;9.74517;3876.65;5.85963;0;0;0.1;0.01;0;7.26624;0;0;-1
0;329;-22.016;-40.5844;-26.6576;8.61701;2680.15;5.18128;0;0;0.1;0.01;0;4.98681;0;0;-1
0;330;-21.3638;-21.1041;-24.9754;10.094;4308.03;6.06938;0;0;0.1;0.01;0;6.84304;0;0;-1
0;331;-19.7217;-5.48597;-28.0829;8.5;2572.44;5.11093;0;0;0.1;0.01;0;4.65006;1;0;-1
0;332;-21.3117;11.805;-25.7681;8.5;2572.44;5.11093;0;0;0.1;0.01;0;4.00062;1;0;-1
0;333;-22.7732;28.7645;-27.7848;8.64731;2708.52;5.1995;0;0;0.1;0.01;0;5.10153;0;0;-1
0;334;-21.2683;44.7679;-27.8824;9.74786;3879.86;5.86125;0;0;0.1;0.01;0;5.84089;0;0;-1
0;335;-21.6915;62.1752;-26.6127;9.66986;3787.47;5.81435;0;0;0.1;0.01;0;6.33905;0;0;-1
0;336;-22.8414;78.7587;-27.9079;9.43208;3514.88;5.67137;0;0;0.1;0.01;0;5.63117;0;0;-1
0;337;-5.94239;-81.2681;-28.6481;9.37792;3454.68;5.63881;0;0;0.1;0.01;0;6.09323;0;0;-1
0;338;-7.90855;-66.6062;-26.3299;9.47884;3567.42;5.69949;0;0;0.1;0.01;0;6.68951;0;0;-1
0;339;-8.55922;-48.5901;-24.3778;9.13807;3196.33;5.49459;0;0;0.1;0.01;0;5.18482;0;0;-1
0;340;-8.20515;-29.6846;-25.5432;8.77274;2828.1;5.27492;0;0;0.1;0.01;0;5.56668;0;0;-1
0;341;-6.0114;-13.3246;-27.8146;9.41095;3491.31;5.65867;0;0;0.1;0.01;0;6.59797;0;0;-1
0;342;-5.49406;1.93187;-27.6484;8.53399;2603.42;5.13136;0;0;0.1;0.01;0;5.70822;0;0;-1
0;343;-6.60766;21.1284;-25.6289;9.60397;3710.57;5.77473;0;0;0.1;0.01;0;6.69885;0;0;-1
0;344;-7.09322;35.4093;-27.098;9.34522;3418.67;5.61915;0;0;0.1;0.01;0;7.48495;0;0;-1
0;345;-7.9275;51.5127;-26.0268;8.65073;2711.73;5.20156;0;0;0.1;0.01;0;5.61251;0;0;-1
0;346;-9.34298;72.1642;-24.486;8.6207;2683.59;5.1835;0;0;0.1;0.01;0;5.03934;0;0;-1
0;347;-9.09777;88.2403;-25.6703;8.64271;2704.2;5.19674;0;0;0.1;0.01;0;3.9717;0;0;-1
0;348;9.34834;-90.475;-25.4103;10.3115;4592.55;6.20016;0;0;0.1;0.01;0;4.2767;0;0;-1
0;349;6.59664;-75.7931;-25.3172;9.7822;3921.01;5.88189;0;0;0.1;0.01;0;6.67509;0;0;-1
0;350;9.44521;-58.6608;-25.7703;9.33001;3402;5.61;0;0;0.1;0.01;0;5.80863;0;0;-1
0;351;5.72859;-40.0263;-25.3964;9.62018;3729.39;5.78447;0;0;0.1;0.01;0;6.09917;0;0;-1
0;352;8.26376;-25.5162;-26.593;8.72878;2785.8;5.24849;0;0;0.1;0.01;0;5.86171;0;0;-1
0;353;9.02393;-8.7653;-27.6947;10.2426;4501.11;6.15873;0;0;0.1;0.01;0;6.79777;0;0;-1
0;354;5.51805;9.93569;-25.5111;9.14542;3204.05;5.49901;0;0;0.1;0.01;0;4.58366;0;0;-1
0;355;9.43751;29.3303;-27.6611;10.081;4291.4;6.06156;0;0;0.1;0.01;0;6.8619;0;0;-1
0;356;6.25183;44.0456;-25.2406;10.3766;4680.09;6.2393;0;0;0.1;0.01;0;7.20188;0;0;-1
0;357;6.86682;63.4104;-24.6221;10.1832;4423.25;6.12301;0;0;0.1;0.01;0;6.80599;0;0;-1
0;358;5.89432;78.2866;-28.0029;9.05381;3108.73;5.44392;0;0;0.1;0.01;0;5.55726;0;0;-1
0;359;8.24163;95.6197;-26.8413;10.0208;4214.98;6.02536;0;0;0.1;0.01;0;2.9962;0;0;-1
0;360;22.5743;-82.3657;-25.2168;9.14669;3205.39;5.49977;0;0;0.1;0.01;0;4.65873;0;0;-1
0;361;23.6995;-65.8969;-25.4765;9.51617;3609.73;5.72193;0;0;0.1;0.01;0;5.43874;0;0;-1
0;362;23.2764;-47.2934;-27.4327;10.114;4333.69;6.0814;0;0;0.1;0.01;0;6.2596;0;0;-1
0;363;22.7921;-31.7623;-26.0485;9.7203;3847.05;5.84468;0;0;0.1;0.01;0;6.89736;0;0;-1
0;364;22.1289;-16.0914;-25.5862;10.0142;4206.66;6.02139;0;0;0.1;0.01;0;6.73045;0;0;-1
0;365;22.317;1.01362;-26.8037;9.03568;3090.09;5.43302;0;0;0.1;0.01;0;5.17173;0;0;-1
0;366;23.3871;18.1903;-28.0124;9.62583;3735.97;5.78787;0;0;0.1;0.01;0;6.25434;0;0;-1
0;367;23.251;34.9377;-27.5197;9.48752;3577.23;5.70471;0;0;0.1;0.01;0;7.42012;0;0;-1
0;368;20.5927;51.1095;-24.5168;9.78732;3927.17;5.88497;0;0;0.1;0.01;0;6.26035;0;0;-1
0;369;20.2906;69.1556;-26.9522;9.41126;3491.66;5.65885;0;0;0.1;0.01;0;5.36134;0;0;-1
0;370;23.3593;84.5742;-24.8046;9.48309;3572.22;5.70204;0;0;0.1;0.01;0;4.89945;0;0;-1
0;371;38.0665;-75.9915;-27.1031;9.08221;3138.07;5.461;0;0;0.1;0.01;0;3.94115;0;0;-1
0;372;35.2256;-56.9181;-27.0353;8.68961;2748.46;5.22494;0;0;0.1;0.01;0;5.60594;0;0;-1
0;373;37.5315;-39.9423;-26.8275;9.92192;4091.44;5.96591;0;0;0.1;0.01;0;7.96717;0;0;-1
0;374;37.6915;-23.1693;-27.6886;9.98008;4163.81;6.00088;0;0;0.1;0.01;0;7.5903;0;0;-1
0;375;37.4571;-7.20741;-24.841;9.68117;3800.77;5.82115;0;0;0.1;0.01;0;6.56934;0;0;-1
0;376;35.1262;8.91641;-26.7882;8.8148;2868.97;5.30021;0;0;0.1;0.01;0;5.30843;0;0;-1
0;377;37.2267;25.3873;-24.7087;9.96675;4147.15;5.99286;0;0;0.1;0.01;0;6.87949;0;0;-1
0;378;37.0159;42.1379;-27.098;9.84583;3998.03;5.92015;0;0;0.1;0.01;0;6.57776;0;0;-1
0;379;38.45;63.6788;-24.8994;8.5;2572.44;5.11093;0;0;0.1;0.01;0;4.58574;1;0;-1
0;380;36.7482;78.8116;-24.878;8.5;2572.44;5.11093;0;0;0.1;0.01;0;4.35146;1;0;-1
0;381;50.4394;-66.6489;-24.7856;10.2137;4463.11;6.14135;0;0;0.1;0.01;0;5.57077;0;0;-1
0;382;49.9658;-50.7716;-25.2872;10.1728;4409.71;6.11676;0;0;0.1;0.01;0;6.85165;0;0;-1
0;383;50.0723;-33.4183;-25.0336;8.55599;2623.61;5.14459;0;0;0.1;0.01;0;5.20345;0;0;-1
0;384;52.7142;-15.5636;-26.8609;9.21838;3281.35;5.54288;0;0;0.1;0.01;0;6.25928;0;0;-1
0;385;51.8204;1.73509;-28.3344;10.0155;4208.3;6.02217;0;0;0.1;0.01;0;7.16905;0;0;-1
0;386;50.1052;17.7982;-28.513;9.04577;3100.45;5.43909;0;0;0.1;0.01;0;6.16737;0;0;-1
0;387;50.3109;34.8886;-25.0665;9.38364;3461.01;5.64225;0;0;0.1;0.01;0;5.57696;0;0;-1
0;388;52.9795;54.7698;-24.6936;8.65695;2717.59;5.2053;0;0;0.1;0.01;0;4.39645;0;0;-1
0;389;52.2043;72.6202;-26.9431;9.78828;3928.33;5.88555;0;0;0.1;0.01;0;4.3778;0;0;-1
0;390;66.3589;-59.2053;-27.6329;8.99162;3045.11;5.40653;0;0;0.1;0.01;0;4.13267;0;0;-1
0;391;66.6343;-42.224;-25.0339;8.84857;2902.07;5.32052;0;0;0.1;0.01;0;5.48387;0;0;-1
0;392;67.4841;-23.2453;-24.8716;10.3678;4668.19;6.23401;0;0;0.1;0.01;0;6.53869;0;0;-1
0;393;65.5564;-5.59995;-26.927;8.9529;3005.94;5.38325;0;0;0.1;0.01;0;6.84137;0;0;-1
0;394;66.5826;9.45595;-25.0949;9.2484;3313.51;5.56093;0;0;0.1;0.01;0;5.82363;0;0;-1
0;395;64.8746;25.4058;-25.6038;9.8348;3984.6;5.91352;0;0;0.1;0.01;0;4.81019;0;0;-1
0;396;66.3823;46.5067;-25.9029;10.0347;4232.55;6.03372;0;0;0.1;0.01;0;5.81695;0;0;-1
0;397;65.0753;62.2772;-27.5184;10.0508;4252.95;6.0434;0;0;0.1;0.01;0;4.96856;0;0;-1
0;398;79.4173;-51.2664;-25.8227;10.1042;4321.1;6.07551;0;0;0.1;0.01;0;2.17717;0;0;-1
0;399;81.8819;-34.2028;-24.8295;10.2512;4512.45;6.1639;0;0;0.1;0.01;0;3.41446;0;0;-1
0;400;80.7493;-16.8086;-25.3493;8.88357;2936.64;5.34156;0;0;0.1;0.01;0;4.46936;0;0;-1
0;401;79.7942;-0.229122;-26.2399;9.30496;3374.68;5.59494;0;0;0.1;0.01;0;4.87319;0;0;-1
0;402;83.2149;17.7924;-25.2709;9.79833;3940.44;5.89159;0;0;0.1;0.01;0;4.14702;0;0;-1
0;403;79.0941;33.7581;-27.9926;8.5;2572.44;5.11093;0;0;0.1;0.01;0;3.36684;1;0;-1
0;404;79.3723;54.6221;-26.5388;10.3516;4646.34;6.22427;0;0;0.1;0.01;0;2.7083;0;0;-1
0;405;-98.4424;0.958737;-11.8058;10.2755;4544.62;6.17851;0;0;0.1;0.01;0;3.70385;0;0;-1
0;406;-84.2828;-42.0857;-11.2492;9.08598;3141.98;5.46327;0;0;0.1;0.01;0;3.46854;0;0;-1
0;407;-84.3764;-23.5391;-10.306;10.4098;4725.15;6.25926;0;0;0.1;0.01;0;5.70364;0;0;-1
0;408;-85.2139;-7.13605;-12.4873;8.91246;2965.39;5.35893;0;0;0.1;0.01;0;5.26866;0;0;-1
0;409;-83.346;11.6464;-11.9327;10.149;4378.83;6.10245;0;0;0.1;0.01;0;5.9231;0;0;-1
0;410;-84.815;29.139;-12.4291;8.5;2572.44;5.11093;0;0;0.1;0.01;0;4.13018;1;0;-1
0;411;-84.0318;42.4966;-11.3125;9.39125;3469.44;5.64682;0;0;0.1;0.01;0;4.12628;0;0;-1
0;412;-70.8138;-68.438;-10.0664;8.78734;2842.24;5.2837;0;0;0.1;0.01;0;2.13478;0;0;-1
0;413;-69.2289;-49.2668;-11.9938;9.51949;3613.51;5.72393;0;0;0.1;0.01;0;4.7679;0;0;-1
0;414;-69.8911;-32.5559;-10.1389;9.37135;3447.43;5.63486;0;0;0.1;0.01;0;6.79631;0;0;-1
0;415;-72.1612;-15.7382;-11.6954;9.40543;3485.17;5.65535;0;0;0.1;0.01;0;6.58772;0;0;-1
0;416;-70.8;3.17318;-10.3137;8.76929;2824.76;5.27285;0;0;0.1;0.01;0;6.07171;0;0;-1
0;417;-68.3537;17.3741;-12.9566;8.58719;2652.42;5.16335;0;0;0.1;0.01;0;4.93393;0;0;-1
0;418;-69.4911;36.4675;-11.9877;9.59908;3704.91;5.77179;0;0;0.1;0.01;0;6.33999;0;0;-1
0;419;-71.922;53.7853;-13.025;8.9755;3028.76;5.39684;0;0;0.1;0.01;0;4.41641;0;0;-1
0;420;-54.289;-75.1358;-9.7239;8.85847;2911.82;5.32647;0;0;0.1;0.01;0;3.81254;0;0;-1
0;421;-56.6164;-58.237;-12.3494;9.39962;3478.72;5.65186;0;0;0.1;0.01;0;5.38506;0;0;-1
0;422;-57.3278;-39.2053;-10.3201;8.57706;2643.04;5.15726;0;0;0.1;0.01;0;5.56503;0;0;-1
0;423;-57.3156;-23.9512;-11.8606;8.5;2572.44;5.11093;0;0;0.1;0.01;0;5.49365;1;0;-1
0;424;-55.2363;-7.22106;-11.8092;9.00601;3059.75;5.41518;0;0;0.1;0.01;0;5.50094;0;0;-1
0;425;-54.3079;8.59952;-12.5445;10.0595;4264.01;6.04863;0;0;0.1;0.01;0;5.9882;0;0;-1
0;426;-57.3404;29.7695;-12.8176;8.5;2572.44;5.11093;0;0;0.1;0.01;0;5.63925;1;0;-1
0;427;-55.1162;44.7228;-11.8314;9.28257;3350.37;5.58147;0;0;0.1;0.01;0;6.85787;0;0;-1
0;428;-57.9513;60.0293;-10.6865;9.74725;3879.14;5.86088;0;0;0.1;0.01;0;5.44988;0;0;-1
0;429;-42.7882;-83.6468;-13.2568;10.0889;4301.5;6.06631;0;0;0.1;0.01;0;4.25656;0;0;-1
0;430;-39.3551;-64.624;-11.5698;9.79525;3936.73;5.88974;0;0;0.1;0.01;0;5.60924;0;0;-1
0;431;-41.0506;-49.3541;-10.6943;8.52157;2592.07;5.1239;0;0;0.1;0.01;0;5.07765;0;0;-1
0;432;-41.223;-32.6033;-12.362;9.80366;3946.87;5.8948;0;0;0.1;0.01;0;6.13809;0;0;-1
0;433;-42.0819;-14.3489;-13.5201;10.014;4206.41;6.02127;0;0;0.1;0.01;0;6.08347;0;0;-1
0;434;-40.9219;3.07283;-10.784;9.48602;3575.53;5.70381;0;0;0.1;0.01;0;5.76918;0;0;-1
0;435;-39.4008;20.0901;-11.2073;10.0097;4200.99;6.01869;0;0;0.1;0.01;0;6.27679;0;0;-1
0;436;-42.1325;36.9055;-13.1696;9.33057;3402.62;5.61034;0;0;0.1;0.01;0;7.20018;0;0;-1
0;437;-42.6521;52.2153;-12.6237;8.5;2572.44;5.11093;0;0;0.1;0.01;0;5.05189;1;0;-1
0;438;-43.0081;70.6889;-12.5561;8.74544;2801.78;5.25851;0;0;0.1;0.01;0;4.72346;0;0;-1
0;439;-43.2536;85.1344;-13.3377;8.5;2572.44;5.11093;0;0;0.1;0.01;0;3.42548;1;0;-1
0;440;-27.8998;-93.1825;-13.0823;9.62079;3730.1;5.78484;0;0;0.1;0.01;0;4.31843;0;0;-1
0;441;-28.1477;-76.8714;-13.0048;10.1441;4372.49;6.0995;0;0;0.1;0.01;0;7.05488;0;0;-1
0;442;-24.6955;-56.5746;-12.2831;10.3899;4698.1;6.2473;0;0;0.1;0.01;0;7.30584;0;0;-1
0;443;-27.3655;-41.7518;-10.1942;10.4383;4764.07;6.2764;0;0;0.1;0.01;0;7.63157;0;0;-1
0;444;-26.6301;-22.2854;-11.8645;10.2193;4470.46;6.14472;0;0;0.1;0.01;0;6.64862;0;0;-1
0;445;-24.955;-7.30783;-10.3193;8.54228;2611.02;5.13635;0;0;0.1;0.01;0;4.69786;0;0;-1
0;446;-25.1399;9.14713;-10.2551;9.43114;3513.83;5.67081;0;0;0.1;0.01;0;5.17581;0;0;-1
0;447;-27.4335;28.4674;-10.5822;10.2555;4518.13;6.16648;0;0;0.1;0.01;0;6.15083;0;0;-1
0;448;-28.3082;42.9601;-10.7743;9.06343;3118.65;5.44971;0;0;0.1;0.01;0;5.6261;0;0;-1
0;449;-24.4442;59.0705;-12.8487;8.80537;2859.77;5.29454;0;0;0.1;0.01;0;4.53461;0;0;-1
0;450;-24.7754;77.7016;-12.2469;9.85517;4009.41;5.92577;0;0;0.1;0.01;0;6.45177;0;0;-1
0;451;-24.8591;94.6722;-14.0133;10.1999;4445.05;6.13305;0;0;0.1;0.01;0;3.54368;0;0;-1
0;452;-13.5461;-83.3063;-11.0879;8.5;2572.44;5.11093;0;0;0.1;0.01;0;4.45409;1;0;-1
0;453;-12.7711;-65.4516;-13.2556;8.5;2572.44;5.11093;0;0;0.1;0.01;0;5.52425;1;0;-1
0;454;-12.6944;-48.4366;-9.71191;9.49539;3586.14;5.70944;0;0;0.1;0.01;0;6.60682;0;0;-1
0;455;-11.4429;-32.3657;-11.7629;10.4018;4714.27;6.25445;0;0;0.1;0.01;0;7.25838;0;0;-1
0;456;-10.3958;-14.2703;-10.7261;8.5;2572.44;5.11093;0;0;0.1;0.01;0;6.05874;1;0;-1
0;457;-10.7155;0.964359;-11.6014;10.2021;4447.92;6.13437;0;0;0.1;0.01;0;7.15949;0;0;-1
0;458;-10.7341;16.9725;-11.6256;9.08701;3143.05;5.46389;0;0;0.1;0.01;0;5.76882;0;0;-1
0;459;-11.5937;34.2412;-12.5368;8.56015;2627.44;5.14709;0;0;0.1;0.01;0;4.61908;0;0;-1
0;460;-10.3557;50.9696;-10.6112;8.54843;2616.66;5.14005;0;0;0.1;0.01;0;5.22109;0;0;-1
0;461;-10.5242;67.4136;-11.6312;9.0735;3129.05;5.45576;0;0;0.1;0.01;0;5.91096;0;0;-1
0;462;-11.6992;87.2567;-12.4358;8.5;2572.44;5.11093;0;0;0.1;0.01;0;4.79389;1;0;-1
0;463;4.39321;-91.5524;-10.5872;8.69412;2752.74;5.22765;0;0;0.1;0.01;0;3.76581;0;0;-1
0;464;1.54588;-75.9955;-12.129;8.5;2572.44;5.11093;0;0;0.1;0.01;0;5.49109;1;0;-1
0;465;1.34719;-59.4764;-12.8536;8.86284;2916.13;5.3291;0;0;0.1;0.01;0;6.06226;0;0;-1
0;466;1.68126;-41.2619;-12.6243;9.63019;3741.05;5.79049;0;0;0.1;0.01;0;6.53654;0;0;-1
0;467;1.26709;-21.5708;-10.467;9.21799;3280.93;5.54264;0;0;0.1;0.01;0;6.61019;0;0;-1
0;468;1.59674;-7.44745;-12.1197;8.63646;2698.34;5.19298;0;0;0.1;0.01;0;6.12548;0;0;-1
0;469;3.28156;8.17229;-12.2761;10.1133;4332.79;6.08098;0;0;0.1;0.01;0;6.2108;0;0;-1
0;470;3.19189;25.1295;-13.5553;9.05314;3108.04;5.44352;0;0;0.1;0.01;0;4.72303;0;0;-1
0;471;1.98716;43.7617;-10.4992;9.3009;3370.26;5.5925;0;0;0.1;0.01;0;5.5778;0;0;-1
0;472;2.33307;59.5217;-10.7525;9.45512;3540.71;5.68523;0;0;0.1;0.01;0;6.58677;0;0;-1
0;473;2.70837;76.7499;-10.3952;8.91847;2971.39;5.36255;0;0;0.1;0.01;0;6.03166;0;0;-1
0;474;3.09431;94.043;-11.464;10.2647;4530.3;6.17202;0;0;0.1;0.01;0;4.45869;0;0;-1
0;475;18.8174;-85.1762;-10.5383;9.35595;3430.46;5.6256;0;0;0.1;0.01;0;5.80019;0;0;-1
0;476;16.0686;-68.1916;-10.5186;9.47166;3559.32;5.69517;0;0;0.1;0.01;0;6.35439;0;0;-1
0;477;15.9654;-51.4692;-9.87388;9.86583;4022.44;5.93218;0;0;0.1;0.01;0;5.77844;0;0;-1
0;478;15.523;-33.3888;-10.5214;9.65096;3765.3;5.80298;0;0;0.1;0.01;0;5.74425;0;0;-1
0;479;16.0362;-16.2983;-11.4665;8.57311;2639.39;5.15489;0;0;0.1;0.01;0;5.91128;0;0;-1
0;480;16.42;1.11955;-11.4606;9.38448;3461.94;5.64275;0;0;0.1;0.01;0;5.57982;0;0;-1
0;481;19.4896;20.9026;-10.8753;9.88972;4051.73;5.94655;0;0;0.1;0.01;0;6.05041;0;0;-1
0;482;19.6253;38.1901;-13.1691;8.5;2572.44;5.11093;0;0;0.1;0.01;0;5.08654;1;0;-1
0;483;18.191;54.5314;-11.4706;8.5;2572.44;5.11093;0;0;0.1;0.01;0;4.92933;1;0;-1
0;484;17.306;71.436;-10.3219;10.3965;4707.06;6.25126;0;0;0.1;0.01;0;7.1102;0;0;-1
0;485;15.6978;84.9767;-12.5707;8.5;2572.44;5.11093;0;0;0.1;0.01;0;5.4507;1;0;-1
0;486;31.9469;-93.7259;-12.0413;8.83098;2884.8;5.30994;0;0;0.1;0.01;0;1.85711;0;0;-1
0;487;33.3617;-76.6517;-12.3247;9.41174;3492.19;5.65914;0;0;0.1;0.01;0;5.65225;0;0;-1
0;488;32.8897;-55.3925;-10.3546;9.45135;3536.47;5.68296;0;0;0.1;0.01;0;4.99213;0;0;-1
0;489;34.1666;-38.8923;-10.1255;9.62386;3733.67;5.78669;0;0;0.1;0.01;0;6.14441;0;0;-1
0;490;31.2313;-21.357;-12.2741;9.89423;4057.28;5.94926;0;0;0.1;0.01;0;7.10881;0;0;-1
0;491;33.1345;-6.34378;-10.7772;8.88235;2935.43;5.34083;0;0;0.1;0.01;0;5.56357;0;0;-1
0;492;33.5012;11.7999;-12.914;10.3784;4682.52;6.24038;0;0;0.1;0.01;0;7.01926;0;0;-1
0;493;31.4696;29.0521;-10.8378;9.24443;3309.25;5.55854;0;0;0.1;0.01;0;6.82308;0;0;-1
0;494;33.5349;46.2605;-13.2459;9.56238;3662.58;5.74972;0;0;0.1;0.01;0;5.9901;0;0;-1
0;495;32.7911;63.4888;-10.3714;8.6173;2680.42;5.18146;0;0;0.1;0.01;0;5.98472;0;0;-1
0;496;32.2626;79.3818;-10.1269;10.0567;4260.45;6.04695;0;0;0.1;0.01;0;6.38636;0;0;-1
0;497;45.9691;-82.9371;-10.7942;8.5;2572.44;5.11093;0;0;0.1;0.01;0;4.1566;1;0;-1
0;498;48.1293;-67.8885;-11.4499;9.53328;3629.24;5.73222;0;0;0.1;0.01;0;6.01413;0;0;-1
0;499;47.6996;-47.7292;-11.964;9.34097;3414.01;5.61659;0;0;0.1;0.01;0;6.11542;0;0;-1
0;500;48.6133;-31.7069;-12.5211;9.05733;3112.36;5.44604;0;0;0.1;0.01;0;5.54026;0;0;-1
0;501;45.5554;-14.7362;-10.9501;9.15165;3210.6;5.50275;0;0;0.1;0.01;0;6.26626;0;0;-1
0;502;46.5938;0.437847;-11.0266;10.1585;4391.14;6.10816;0;0;0.1;0.01;0;7.44418;0;0;-1
0;503;47.7354;18.1185;-13.435;10.1742;4411.53;6.1176;0;0;0.1;0.01;0;7.74703;0;0;-1
0;504;47.8994;34.6503;-10.5421;9.51622;3609.79;5.72196;0;0;0.1;0.01;0;6.42814;0;0;-1
0;505;45.9415;55.1942;-12.4999;8.5;2572.44;5.11093;0;0;0.1;0.01;0;5.01996;1;0;-1
0;506;46.2875;68.4932;-10.0134;9.24156;3306.16;5.55682;0;0;0.1;0.01;0;6.16959;0;0;-1
0;507;47.6949;85.6428;-13.0969;8.6403;2701.94;5.19529;0;0;0.1;0.01;0;2.33771;0;0;-1
0;508;61.0946;-74.2473;-11.2921;10.3036;4582.01;6.19541;0;0;0.1;0.01;0;3.19908;0;0;-1
0;509;60.3062;-56.067;-13.3032;9.61516;3723.56;5.78146;0;0;0.1;0.01;0;6.39455;0;0;-1
0;510;61.4419;-42.1484;-11.6205;9.39919;3478.24;5.6516;0;0;0.1;0.01;0;6.41271;0;0;-1
0;511;62.581;-25.7828;-11.8648;9.28468;3352.66;5.58274;0;0;0.1;0.01;0;5.84181;0;0;-1
0;512;62.7411;-7.65317;-11.5011;9.83406;3983.7;5.91308;0;0;0.1;0.01;0;6.46659;0;0;-1
0;513;60.7376;9.3732;-12.8095;10.2245;4477.29;6.14784;0;0;0.1;0.01;0;6.6577;0;0;-1
0;514;61.9701;28.7512;-10.2233;9.92591;4096.37;5.96831;0;0;0.1;0.01;0;6.30916;0;0;-1
0;515;62.6741;45.9896;-11.1316;9.50542;3597.51;5.71547;0;0;0.1;0.01;0;5.70403;0;0;-1
0;516;63.2343;63.5906;-10.7975;10.0981;4313.28;6.07184;0;0;0.1;0.01;0;5.3328;0;0;-1
0;517;61.0473;77.9248;-13.7935;8.90529;2958.24;5.35462;0;0;0.1;0.01;0;2.77211;0;0;-1
0;518;77.6061;-47.5319;-10.8037;8.5;2572.44;5.11093;0;0;0.1;0.01;0;3.89036;1;0;-1
0;519;77.3328;-30.0319;-11.2444;8.60685;2670.68;5.17517;0;0;0.1;0.01;0;5.62927;0;0;-1
0;520;75.2983;-14.4401;-10.8541;10.4528;4783.95;6.28512;0;0;0.1;0.01;0;7.80103;0;0;-1
0;521;74.9417;1.11989;-10.9964;8.5;2572.44;5.11093;0;0;0.1;0.01;0;6.16658;1;0;-1
0;522;76.6076;18.0128;-13.3411;8.69993;2758.26;5.23114;0;0;0.1;0.01;0;5.75088;0;0;-1
0;523;75.0628;34.8516;-12.7125;8.5;2572.44;5.11093;0;0;0.1;0.01;0;5.25363;1;0;-1
0;524;75.3396;51.4824;-10.2302;9.24246;3307.13;5.55736;0;0;0.1;0.01;0;5.72138;0;0;-1
0;525;89.5818;-22.1742;-11.9542;8.5;2572.44;5.11093;0;0;0.1;0.01;0;3.79202;1;0;-1
0;526;90.068;-4.25082;-10.1448;9.67018;3787.85;5.81454;0;0;0.1;0.01;0;4.12062;0;0;-1
0;527;89.5526;12.0124;-11.019;8.94815;3001.15;5.38039;0;0;0.1;0.01;0;4.80389;0;0;-1
0;528;89.4275;27.0329;-11.1985;8.57982;2645.59;5.15892;0;0;0.1;0.01;0;4.51329;0;0;-1
0;529;89.2398;43.5655;-9.8444;10.0381;4236.85;6.03576;0;0;0.1;0.01;0;3.29317;0;0;-1
0;530;-93.9364;-16.5784;2.39843;9.45997;3546.16;5.68814;0;0;0.1;0.01;0;3.17055;0;0;-1
0;531;-95.6866;2.72601;3.43234;9.65336;3768.11;5.80443;0;0;0.1;0.01;0;3.78366;0;0;-1
0;532;-95.9064;18.6886;2.16306;10.2032;4449.36;6.13504;0;0;0.1;0.01;0;3.2393;0;0;-1
0;533;-79.6803;-55.9211;3.03301;8.5;2572.44;5.11093;0;0;0.1;0.01;0;2.63847;1;0;-1
0;534;-82.6255;-41.5228;4.68442;9.80047;3943.02;5.89288;0;0;0.1;0.01;0;4.17572;0;0;-1
0;535;-80.5972;-23.2257;2.972;9.80139;3944.13;5.89343;0;0;0.1;0.01;0;6.4537;0;0;-1
0;536;-79.8659;-6.13673;3.72276;9.46528;3552.13;5.69134;0;0;0.1;0.01;0;5.9243;0;0;-1
0;537;-81.7952;10.3541;2.71268;8.90491;2957.86;5.35439;0;0;0.1;0.01;0;4.70821;0;0;-1
0;538;-80.5999;25.4904;1.20623;8.5;2572.44;5.11093;0;0;0.1;0.01;0;3.69574;1;0;-1
0;539;-82.6797;44.0744;2.76949;10.2457;4505.19;6.16059;0;0;0.1;0.01;0;4.42279;0;0;-1
0;540;-78.905;61.1283;3.37417;9.4202;3501.62;5.66423;0;0;0.1;0.01;0;2.55865;0;0;-1
0;541;-63.8885;-65.5093;1.68199;8.86781;2921.04;5.33209;0;0;0.1;0.01;0;4.00631;0;0;-1
0;542;-64.2803;-47.2884;4.39913;10.2617;4526.33;6.17021;0;0;0.1;0.01;0;6.23296;0;0;-1
0;543;-68.3949;-33.0501;3.55535;8.92266;2975.58;5.36507;0;0;0.1;0.01;0;5.75747;0;0;-1
0;544;-67.7946;-14.8238;1.72165;10.4365;4761.6;6.27532;0;0;0.1;0.01;0;6.92677;0;0;-1
0;545;-67.1937;0.399245;3.7356;10.3306;4618.12;6.21164;0;0;0.1;0.01;0;6.93316;0;0;-1
0;546;-64.732;17.1295;3.36353;10.4477;4776.95;6.28205;0;0;0.1;0.01;0;6.01858;0;0;-1
0;547;-65.1789;36.5212;3.09259;10.4249;4745.74;6.26834;0;0;0.1;0.01;0;6.60282;0;0;-1
0;548;-65.5649;52.0312;3.22387;9.47993;3568.65;5.70014;0;0;0.1;0.01;0;5.47921;0;0;-1
0;549;-64.9443;70.4145;3.16502;8.5;2572.44;5.11093;0;0;0.1;0.01;0;2.34903;1;0;-1
0;550;-49.909;-75.3354;3.24087;8.5823;2647.89;5.16041;0;0;0.1;0.01;0;5.00414;0;0;-1
0;551;-50.3449;-59.3878;4.21139;8.71413;2771.79;5.23968;0;0;0.1;0.01;0;5.50554;0;0;-1
0;552;-50.9529;-42.3301;3.33962;8.72965;2786.63;5.24901;0;0;0.1;0.01;0;5.46127;0;0;-1
0;553;-52.1158;-24.4766;3.65313;8.58632;2651.61;5.16283;0;0;0.1;0.01;0;4.18521;0;0;-1
0;554;-49.6375;-5.37669;2.14924;8.5;2572.44;5.11093;0;0;0.1;0.01;0;4.35421;1;0;-1
0;555;-52.2991;10.0583;3.75126;8.5;2572.44;5.11093;0;0;0.1;0.01;0;4.98636;1;0;-1
0;556;-52.753;25.8391;2.70241;8.5;2572.44;5.11093;0;0;0.1;0.01;0;5.48566;1;0;-1
0;557;-50.2701;42.9837;5.11277;9.8444;3996.28;5.91929;0;0;0.1;0.01;0;5.97334;0;0;-1
0;558;-50.7537;63.4605;1.8351;9.04923;3104.01;5.44117;0;0;0.1;0.01;0;5.21336;0;0;-1
0;559;-51.4547;78.1167;1.28568;9.76208;3896.87;5.8698;0;0;0.1;0.01;0;4.43743;0;0;-1
0;560;-34.9743;-84.0142;3.4419;9.36644;3442.01;5.6319;0;0;0.1;0.01;0;5.15477;0;0;-1
0;561;-38.4993;-67.3815;3.24564;9.15764;3216.91;5.50636;0;0;0.1;0.01;0;5.35435;0;0;-1
0;562;-36.7023;-50.3925;4.12405;8.5;2572.44;5.11093;0;0;0.1;0.01;0;5.17322;1;0;-1
0;563;-35.8307;-32.6204;2.68138;9.95707;4135.07;5.98704;0;0;0.1;0.01;0;6.05259;0;0;-1
0;564;-38.0786;-14.0864;3.1526;8.97516;3028.41;5.39663;0;0;0.1;0.01;0;4.98381;0;0;-1
0;565;-36.634;3.17771;4.03513;8.90095;2953.91;5.35201;0;0;0.1;0.01;0;5.85605;0;0;-1
0;566;-38.1387;19.9761;2.91857;10.1518;4382.46;6.10413;0;0;0.1;0.01;0;6.86606;0;0;-1
0;567;-38.1976;36.3071;1.02835;8.89588;2948.87;5.34896;0;0;0.1;0.01;0;5.93171;0;0;-1
0;568;-35.4147;50.8393;2.86083;9.82839;3976.82;5.90967;0;0;0.1;0.01;0;5.01468;0;0;-1
0;569;-35.7487;71.7392;1.34364;10.4423;4769.55;6.2788;0;0;0.1;0.01;0;6.28606;0;0;-1
0;570;-35.328;87.8883;3.29204;9.58234;3685.56;5.76172;0;0;0.1;0.01;0;5.14496;0;0;-1
0;571;-20.7796;-93.6589;1.5974;9.51832;3612.18;5.72323;0;0;0.1;0.01;0;4.31269;0;0;-1
0;572;-20.5662;-76.6049;4.59698;8.53528;2604.61;5.13214;0;0;0.1;0.01;0;5.26403;0;0;-1
0;573;-23.6226;-57.6382;1.54332;9.2155;3278.27;5.54115;0;0;0.1;0.01;0;6.00503;0;0;-1
0;574;-23.2209;-40.3585;2.14066;9.25268;3318.11;5.5635;0;0;0.1;0.01;0;6.41703;0;0;-1
0;575;-21.1663;-23.0793;3.56877;8.5;2572.44;5.11093;0;0;0.1;0.01;0;5.39751;1;0;-1
0;576;-20.5816;-5.19515;3.34174;8.55675;2624.31;5.14505;0;0;0.1;0.01;0;6.16022;0;0;-1
0;577;-20.1907;9.99414;4.06774;10.1133;4332.79;6.08098;0;0;0.1;0.01;0;6.89941;0;0;-1
0;578;-23.936;27.5241;1.8883;8.5874;2652.61;5.16348;0;0;0.1;0.01;0;3.99273;0;0;-1
0;579;-19.9288;46.9956;1.83226;9.19996;3261.72;5.5318;0;0;0.1;0.01;0;4.54707;0;0;-1
0;580;-22.0304;63.3252;2.16455;9.89483;4058.01;5.94962;0;0;0.1;0.01;0;6.65871;0;0;-1
0;581;-22.1879;77.5563;1.90524;9.60554;3712.39;5.77567;0;0;0.1;0.01;0;6.1981;0;0;-1
0;582;-23.366;96.236;1.35879;9.90756;4073.7;5.95727;0;0;0.1;0.01;0;3.41913;0;0;-1
0;583;-7.07385;-98.9482;0.924308;10.0776;4287.06;6.05951;0;0;0.1;0.01;0;2.97558;0;0;-1
0;584;-5.64479;-81.059;3.71285;8.73414;2790.93;5.25171;0;0;0.1;0.01;0;5.62649;0;0;-1
0;585;-9.08158;-66.6473;2.7708;10.3839;4689.97;6.24369;0;0;0.1;0.01;0;5.75148;0;0;-1
0;586;-7.63547;-49.2523;2.31213;8.64791;2709.08;5.19986;0;0;0.1;0.01;0;5.09541;0;0;-1
0;587;-7.4654;-29.9746;2.51748;9.4445;3528.79;5.67884;0;0;0.1;0.01;0;6.35147;0;0;-1
0;588;-8.77908;-14.1939;3.11686;9.71029;3835.18;5.83866;0;0;0.1;0.01;0;6.88061;0;0;-1
0;589;-7.88471;1.80793;3.7761;8.5;2572.44;5.11093;0;0;0.1;0.01;0;5.90019;1;0;-1
0;590;-6.29846;17.3571;1.34451;8.51996;2590.61;5.12293;0;0;0.1;0.01;0;5.93133;0;0;-1
0;591;-6.16327;34.6536;3.70272;9.22465;3288.05;5.54665;0;0;0.1;0.01;0;5.50933;0;0;-1
0;592;-5.76283;51.8036;3.53959;8.5;2572.44;5.11093;0;0;0.1;0.01;0;5.86943;1;0;-1
0;593;-7.56947;71.7848;2.32986;10.3283;4615.04;6.21026;0;0;0.1;0.01;0;6.8543;0;0;-1
0;594;-9.20747;88.3796;3.67794;9.77079;3907.31;5.87503;0;0;0.1;0.01;0;4.97545;0;0;-1
0;595;8.04283;-92.1734;3.10458;8.71605;2773.63;5.24083;0;0;0.1;0.01;0;4.70663;0;0;-1
0;596;8.63521;-76.0907;1.82361;9.61678;3725.44;5.78243;0;0;0.1;0.01;0;7.03883;0;0;-1
0;597;5.95411;-58.924;1.68451;10.096;4310.59;6.07058;0;0;0.1;0.01;0;6.9189;0;0;-1
0;598;7.03793;-42.739;3.59064;9.83689;3987.15;5.91478;0;0;0.1;0.01;0;6.72739;0;0;-1
0;599;7.54698;-24.935;1.84613;9.5353;3631.55;5.73344;0;0;0.1;0.01;0;6.50696;0;0;-1
0;600;9.3581;-8.46223;4.44171;10.1237;4346.17;6.08723;0;0;0.1;0.01;0;5.93155;0;0;-1
0;601;5.73657;10.4509;2.77552;8.89902;2951.99;5.35085;0;0;0.1;0.01;0;4.96023;0;0;-1
0;602;7.62763;25.421;2.11851;9.91149;4078.55;5.95964;0;0;0.1;0.01;0;6.0887;0;0;-1
0;603;8.38441;44.0585;2.34733;8.5;2572.44;5.11093;0;0;0.1;0.01;0;5.04438;1;0;-1
0;604;6.90938;60.3873;1.62574;8.5;2572.44;5.11093;0;0;0.1;0.01;0;5.65558;1;0;-1
0;605;8.80342;76.5064;2.68275;8.62821;2690.61;5.18802;0;0;0.1;0.01;0;5.79861;0;0;-1
0;606;5.61329;97.9087;1.5249;9.70502;3828.93;5.83549;0;0;0.1;0.01;0;2.82573;0;0;-1
0;607;20.4538;-85.2887;2.17984;8.5;2572.44;5.11093;0;0;0.1;0.01;0;4.15209;1;0;-1
0;608;23.7074;-66.3217;2.74142;10.1485;4378.19;6.10215;0;0;0.1;0.01;0;5.92164;0;0;-1
0;609;22.3824;-47.3529;4.38112;8.61569;2678.91;5.18049;0;0;0.1;0.01;0;4.5844;0;0;-1
0;610;21.7395;-31.0897;1.47613;8.5;2572.44;5.11093;0;0;0.1;0.01;0;5.79115;1;0;-1
0;611;21.4301;-14.71;1.49247;8.5;2572.44;5.11093;0;0;0.1;0.01;0;5.46894;1;0;-1
0;612;23.2008;4.33714;1.19845;9.49255;3582.92;5.70773;0;0;0.1;0.01;0;5.44725;0;0;-1
0;613;23.3876;20.8333;4.67695;9.56391;3664.33;5.75064;0;0;0.1;0.01;0;6.83819;0;0;-1
0;614;21.9844;37.2949;4.96611;8.5;2572.44;5.11093;0;0;0.1;0.01;0;5.66007;1;0;-1
0;615;22.775;51.4238;3.72654;9.88732;4048.78;5.9451;0;0;0.1;0.01;0;6.6429;0;0;-1
0;616;21.1354;67.7572;1.65332;9.16445;3224.09;5.51045;0;0;0.1;0.01;0;5.95717;0;0;-1
0;617;21.4065;89.4946;1.14038;10.1186;4339.6;6.08417;0;0;0.1;0.01;0;4.04412;0;0;-1
0;618;38.0377;-75.9257;1.65794;9.44408;3528.32;5.67859;0;0;0.1;0.01;0;6.03191;0;0;-1
0;619;38.5564;-59.6017;4.03048;8.64248;2703.98;5.1966;0;0;0.1;0.01;0;5.22748;0;0;-1
0;620;34.9009;-40.1467;3.41518;8.9796;3032.91;5.3993;0;0;0.1;0.01;0;5.44871;0;0;-1
0;621;35.0458;-25.725;1.20229;9.54414;3641.66;5.73875;0;0;0.1;0.01;0;6.10636;0;0;-1
0;622;38.0179;-8.84988;4.48353;9.35846;3433.22;5.62711;0;0;0.1;0.01;0;6.01321;0;0;-1
0;623;37.236;9.08648;1.45584;9.51894;3612.89;5.7236;0;0;0.1;0.01;0;5.74611;0;0;-1
0;624;36.6625;27.251;2.87181;9.98295;4167.4;6.0026;0;0;0.1;0.01;0;6.514;0;0;-1
0;625;35.9266;44.534;1.21278;10.3932;4702.58;6.24928;0;0;0.1;0.01;0;6.87914;0;0;-1
0;626;36.1019;62.7063;3.83079;10.293;4567.88;6.18903;0;0;0.1;0.01;0;7.82432;0;0;-1
0;627;37.6626;80.0042;2.5269;10.395;4705.03;6.25036;0;0;0.1;0.01;0;5.13871;0;0;-1
0;628;50.8415;-83.5297;2.89487;8.5;2572.44;5.11093;0;0;0.1;0.01;0;2.98812;1;0;-1
0;629;52.1826;-64.6122;4.0475;9.83279;3982.16;5.91231;0;0;0.1;0.01;0;5.58563;0;0;-1
0;630;50.3197;-48.4682;3.25452;10.1367;4362.93;6.09505;0;0;0.1;0.01;0;6.36197;0;0;-1
0;631;53.4021;-33.6505;4.79145;8.5;2572.44;5.11093;0;0;0.1;0.01;0;5.81151;1;0;-1
0;632;51.3828;-15.8283;2.99594;8.60239;2666.53;5.17249;0;0;0.1;0.01;0;5.11645;0;0;-1
0;633;52.1587;1.13674;2.46587;8.51441;2585.55;5.11959;0;0;0.1;0.01;0;5.43387;0;0;-1
0;634;52.3754;17.0475;1.6669;9.47502;3563.11;5.69719;0;0;0.1;0.01;0;7.31186;0;0;-1
0;635;50.1817;34.3901;2.73796;9.80689;3950.78;5.89674;0;0;0.1;0.01;0;6.23194;0;0;-1
0;636;51.3754;54.6312;4.69885;8.5;2572.44;5.11093;0;0;0.1;0.01;0;5.01867;1;0;-1
0;637;50.0071;67.7083;3.25891;9.09874;3155.24;5.47094;0;0;0.1;0.01;0;4.70063;0;0;-1
0;638;68.0556;-56.0637;4.68715;9.91865;4087.39;5.96394;0;0;0.1;0.01;0;4.38709;0;0;-1
0;639;67.592;-39.0435;2.40531;9.67029;3787.97;5.81461;0;0;0.1;0.01;0;7.08956;0;0;-1
0;640;64.7312;-24.1639;3.90377;8.59961;2663.94;5.17082;0;0;0.1;0.01;0;5.67686;0;0;-1
0;641;67.83;-6.65634;4.42738;8.5;2572.44;5.11093;0;0;0.1;0.01;0;4.86665;1;0;-1
0;642;65.6303;12.2006;3.83328;10.2544;4516.68;6.16582;0;0;0.1;0.01;0;6.72087;0;0;-1
0;643;65.4851;25.9347;3.93986;8.5;2572.44;5.11093;0;0;0.1;0.01;0;6.09687;1;0;-1
0;644;66.9154;44.3121;4.36125;9.40417;3483.77;5.65459;0;0;0.1;0.01;0;5.69825;0;0;-1
0;645;67.4224;60.1767;4.32252;9.78995;3930.34;5.88655;0;0;0.1;0.01;0;4.46703;0;0;-1
0;646;82.3302;-47.3942;5.10323;9.16647;3226.23;5.51167;0;0;0.1;0.01;0;3.67538;0;0;-1
0;647;82.17;-33.1093;3.18071;10.4059;4719.84;6.25692;0;0;0.1;0.01;0;5.82337;0;0;-1
0;648;81.3983;-15.7968;3.84267;9.58771;3691.76;5.76495;0;0;0.1;0.01;0;6.48981;0;0;-1
0;649;79.774;0.0585927;1.87788;9.17655;3236.88;5.51773;0;0;0.1;0.01;0;5.73051;0;0;-1
0;650;80.9742;18.2557;2.44569;9.17519;3235.44;5.51691;0;0;0.1;0.01;0;6.64364;0;0;-1
0;651;82.5354;36.1038;4.0952;10.3563;4652.67;6.22709;0;0;0.1;0.01;0;5.55259;0;0;-1
0;652;82.8034;55.2974;4.89215;9.98006;4163.78;6.00087;0;0;0.1;0.01;0;2.84921;0;0;-1
0;653;95.8371;-23.3856;2.09843;10.372;4673.86;6.23653;0;0;0.1;0.01;0;3.62905;0;0;-1
0;654;96.3572;-7.56127;4.22268;9.30892;3378.99;5.59732;0;0;0.1;0.01;0;3.40689;0;0;-1
0;655;94.5245;12.1157;1.93795;9.59168;3696.35;5.76734;0;0;0.1;0.01;0;4.21338;0;0;-1
0;656;94.3124;26.6326;4.47873;10.0281;4224.2;6.02975;0;0;0.1;0.01;0;4.46459;0;0;-1
0;657;-86.8341;-40.7532;19.1998;10.0139;4206.28;6.02121;0;0;0.1;0.01;0;3.22214;0;0;-1
0;658;-85.0789;-21.1744;18.5586;9.39531;3473.94;5.64926;0;0;0.1;0.01;0;3.28316;0;0;-1
0;659;-84.88;-4.98795;19.2728;9.9256;4095.99;5.96812;0;0;0.1;0.01;0;4.60276;0;0;-1
0;660;-86.6509;10.4797;17.188;9.41782;3498.97;5.6628;0;0;0.1;0.01;0;4.71465;0;0;-1
0;661;-85.7248;27.11;18.3106;8.5;2572.44;5.11093;0;0;0.1;0.01;0;3.21726;1;0;-1
0;662;-84.2567;45.3277;18.9211;8.68184;2741.09;5.22026;0;0;0.1;0.01;0;2.7292;0;0;-1
0;663;-72.1086;-63.6411;19.8453;9.46219;3548.65;5.68948;0;0;0.1;0.01;0;3.35523;0;0;-1
0;664;-70.8095;-48.563;16.6714;9.04696;3101.68;5.43981;0;0;0.1;0.01;0;6.11121;0;0;-1
0;665;-68.985;-33.8701;19.1884;8.5;2572.44;5.11093;0;0;0.1;0.01;0;5.46759;1;0;-1
0;666;-71.9581;-13.1876;19.0201;9.90376;4069.01;5.95499;0;0;0.1;0.01;0;7.23445;0;0;-1
0;667;-69.3875;2.1734;19.7058;9.7357;3865.36;5.85394;0;0;0.1;0.01;0;6.93132;0;0;-1
0;668;-70.2505;18.6418;19.3012;9.64972;3763.85;5.80224;0;0;0.1;0.01;0;5.80121;0;0;-1
0;669;-70.2958;34.2572;16.7464;8.77909;2834.24;5.27874;0;0;0.1;0.01;0;4.32239;0;0;-1
0;670;-70.2545;52.8844;16.2649;8.5;2572.44;5.11093;0;0;0.1;0.01;0;3.9147;1;0;-1
0;671;-58.021;-74.9488;17.1215;10.065;4271;6.05194;0;0;0.1;0.01;0;4.51498;0;0;-1
0;672;-57.4982;-58.6508;18.7042;9.47117;3558.77;5.69488;0;0;0.1;0.01;0;6.43857;0;0;-1
0;673;-56.1994;-39.5369;17.4581;10.2399;4497.55;6.1571;0;0;0.1;0.01;0;7.40221;0;0;-1
0;674;-57.086;-23.2722;16.9171;8.9323;2985.23;5.37086;0;0;0.1;0.01;0;5.73403;0;0;-1
0;675;-55.1838;-6.46417;16.05;9.97374;4155.88;5.99707;0;0;0.1;0.01;0;6.24441;0;0;-1
0;676;-57.1297;8.61518;17.4071;8.70387;2762.01;5.23351;0;0;0.1;0.01;0;5.38382;0;0;-1
0;677;-55.3802;26.7731;16.7934;9.65507;3770.12;5.80545;0;0;0.1;0.01;0;5.70834;0;0;-1
0;678;-54.9709;46.9033;18.9417;8.5;2572.44;5.11093;0;0;0.1;0.01;0;4.35063;1;0;-1
0;679;-53.9914;61.9327;18.2827;8.67427;2733.93;5.21571;0;0;0.1;0.01;0;3.8079;0;0;-1
0;680;-53.7978;78.0474;19.6581;9.60026;3706.27;5.7725;0;0;0.1;0.01;0;2.63864;0;0;-1
0;681;-41.6988;-84.6149;16.851;9.64536;3758.75;5.79962;0;0;0.1;0.01;0;4.32877;0;0;-1
0;682;-40.6328;-67.468;17.7327;8.98447;3037.85;5.40223;0;0;0.1;0.01;0;5.51558;0;0;-1
0;683;-40.4634;-47.7797;16.7428;9.09298;3149.25;5.46748;0;0;0.1;0.01;0;5.26234;0;0;-1
0;684;-42.5286;-33.0274;18.1952;9.56256;3662.78;5.74983;0;0;0.1;0.01;0;6.35596;0;0;-1
0;685;-42.1558;-13.7599;16.4888;8.5;2572.44;5.11093;0;0;0.1;0.01;0;4.91644;1;0;-1
0;686;-39.9901;2.28048;17.7257;8.8338;2887.56;5.31164;0;0;0.1;0.01;0;5.08201;0;0;-1
0;687;-42.2091;18.6841;18.4641;8.81873;2872.81;5.30257;0;0;0.1;0.01;0;5.43271;0;0;-1
0;688;-41.1642;33.7379;18.2819;8.97255;3025.77;5.39506;0;0;0.1;0.01;0;5.19112;0;0;-1
0;689;-39.7053;53.2158;18.5428;8.97931;3032.62;5.39913;0;0;0.1;0.01;0;4.73802;0;0;-1
0;690;-39.5876;71.4842;16.3985;10.2106;4459.05;6.13949;0;0;0.1;0.01;0;5.90331;0;0;-1
0;691;-41.5958;87.745;18.542;8.98874;3042.18;5.4048;0;0;0.1;0.01;0;2.93102;0;0;-1
0;692;-27.761;-93.4543;16.8256;10.4523;4783.26;6.28482;0;0;0.1;0.01;0;3.9791;0;0;-1
0;693;-27.511;-72.8521;18.5022;9.83112;3980.13;5.91131;0;0;0.1;0.01;0;6.16542;0;0;-1
0;694;-25.3756;-56.7088;16.2784;8.5;2572.44;5.11093;0;0;0.1;0.01;0;4.45172;1;0;-1
0;695;-24.5045;-40.38;17.8438;8.88227;2935.35;5.34078;0;0;0.1;0.01;0;5.48713;0;0;-1
0;696;-28.3631;-24.7207;16.3215;9.59361;3698.58;5.7685;0;0;0.1;0.01;0;6.04799;0;0;-1
0;697;-28.3814;-7.18655;16.0158;9.33032;3402.34;5.61019;0;0;0.1;0.01;0;5.29193;0;0;-1
0;698;-26.9602;10.6791;16.487;9.60486;3711.6;5.77526;0;0;0.1;0.01;0;6.09124;0;0;-1
0;699;-27.448;28.0504;17.3682;9.05772;3112.76;5.44628;0;0;0.1;0.01;0;5.12916;0;0;-1
0;700;-25.4625;45.9292;17.6362;9.58543;3689.13;5.76358;0;0;0.1;0.01;0;5.76721;0;0;-1
0;701;-28.1539;62.0601;16.4024;9.01678;3070.74;5.42166;0;0;0.1;0.01;0;5.90485;0;0;-1
0;702;-27.4114;80.4117;16.3148;10.1887;4430.42;6.12632;0;0;0.1;0.01;0;5.8909;0;0;-1
0;703;-13.2896;-83.6071;17.6359;9.77088;3907.42;5.87509;0;0;0.1;0.01;0;5.45593;0;0;-1
0;704;-13.7319;-65.6436;17.023;8.5;2572.44;5.11093;0;0;0.1;0.01;0;4.20802;1;0;-1
0;705;-11.1807;-47.5326;16.269;9.7905;3931;5.88689;0;0;0.1;0.01;0;5.44874;0;0;-1
0;706;-12.3547;-30.7872;19.3479;8.63701;2698.85;5.19331;0;0;0.1;0.01;0;5.76196;0;0;-1
0;707;-11.5494;-16.1881;17.4741;9.71429;3839.92;5.84106;0;0;0.1;0.01;0;6.34098;0;0;-1
0;708;-13.6693;1.66345;17.1275;10.0878;4300.09;6.06565;0;0;0.1;0.01;0;7.02372;0;0;-1
0;709;-13.178;20.79;16.6122;10.0841;4295.36;6.06342;0;0;0.1;0.01;0;6.27068;0;0;-1
0;710;-10.955;37.3197;17.2907;8.97727;3030.55;5.3979;0;0;0.1;0.01;0;5.4959;0;0;-1
0;711;-10.0208;52.3609;18.3002;10.1287;4352.61;6.09024;0;0;0.1;0.01;0;6.64325;0;0;-1
0;712;-11.6704;68.4209;18.3695;8.59754;2662.02;5.16958;0;0;0.1;0.01;0;5.20861;0;0;-1
0;713;-11.0519;85.2571;18.6711;8.5;2572.44;5.11093;0;0;0.1;0.01;0;3.73835;1;0;-1
0;714;1.68574;-91.9844;17.437;10.248;4508.23;6.16197;0;0;0.1;0.01;0;3.90875;0;0;-1
0;715;4.5849;-72.2705;15.9849;8.68782;2746.76;5.22386;0;0;0.1;0.01;0;5.15356;0;0;-1
0;716;2.82013;-56.9721;17.3314;8.5;2572.44;5.11093;0;0;0.1;0.01;0;5.54474;1;0;-1
0;717;2.96082;-39.8537;16.6764;9.887;4048.39;5.94491;0;0;0.1;0.01;0;6.58604;0;0;-1
0;718;2.3866;-24.4677;16.4651;8.82136;2875.38;5.30416;0;0;0.1;0.01;0;5.6349;0;0;-1
0;719;4.97381;-8.37035;17.1114;8.57217;2638.52;5.15432;0;0;0.1;0.01;0;4.74449;0;0;-1
0;720;4.17438;9.65014;16.3864;9.89258;4055.25;5.94826;0;0;0.1;0.01;0;4.89352;0;0;-1
0;721;2.15976;28.5083;16.6449;9.95865;4137.04;5.98799;0;0;0.1;0.01;0;6.24909;0;0;-1
0;722;2.53352;46.1896;15.6198;8.5982;2662.63;5.16997;0;0;0.1;0.01;0;5.80223;0;0;-1
0;723;2.66133;63.4035;15.8906;10.4039;4717.12;6.25571;0;0;0.1;0.01;0;6.71269;0;0;-1
0;724;0.994374;77.9659;15.9372;8.66392;2724.16;5.20949;0;0;0.1;0.01;0;5.68562;0;0;-1
0;725;4.69746;93.0871;17.7692;8.70908;2766.98;5.23664;0;0;0.1;0.01;0;2.89501;0;0;-1
0;726;17.7758;-82.3818;17.1043;10.0453;4245.97;6.04009;0;0;0.1;0.01;0;5.13231;0;0;-1
0;727;15.7987;-64.4137;16.3816;8.5;2572.44;5.11093;0;0;0.1;0.01;0;4.94329;1;0;-1
0;728;16.0237;-50.086;18.3069;9.61978;3728.93;5.78423;0;0;0.1;0.01;0;5.55371;0;0;-1
0;729;18.9293;-33.9784;18.099;8.5;2572.44;5.11093;0;0;0.1;0.01;0;4.31596;1;0;-1
0;730;18.3511;-17.0109;17.3445;9.30503;3374.75;5.59498;0;0;0.1;0.01;0;5.77513;0;0;-1
0;731;17.4622;2.71649;18.4882;8.54447;2613.03;5.13767;0;0;0.1;0.01;0;4.73987;0;0;-1
0;732;16.5774;21.1394;16.2193;9.14026;3198.63;5.49591;0;0;0.1;0.01;0;6.27655;0;0;-1
0;733;16.514;37.0702;17.4451;8.88866;2941.69;5.34462;0;0;0.1;0.01;0;5.88783;0;0;-1
0;734;19.6646;52.9319;17.693;8.85858;2911.93;5.32654;0;0;0.1;0.01;0;5.16798;0;0;-1
0;735;16.4125;69.7722;17.3857;8.51644;2587.4;5.12081;0;0;0.1;0.01;0;5.15629;0;0;-1
0;736;17.9138;85.6722;16.4559;9.17315;3233.29;5.51568;0;0;0.1;0.01;0;3.56871;0;0;-1
0;737;33.1724;-92.49;15.9346;9.05955;3114.64;5.44738;0;0;0.1;0.01;0;1.68959;0;0;-1
0;738;33.7894;-73.7696;16.1016;9.51316;3606.31;5.72013;0;0;0.1;0.01;0;5.47773;0;0;-1
0;739;33.1799;-55.2452;18.0139;9.15668;3215.9;5.50578;0;0;0.1;0.01;0;4.54268;0;0;-1
0;740;33.6512;-39.0272;18.0764;8.5;2572.44;5.11093;0;0;0.1;0.01;0;5.3296;1;0;-1
0;741;31.4372;-24.4854;16.3384;9.37929;3456.2;5.63963;0;0;0.1;0.01;0;6.48178;0;0;-1
0;742;30.7113;-8.06159;18.5951;9.30862;3378.66;5.59714;0;0;0.1;0.01;0;5.49752;0;0;-1
0;743;30.5323;11.5669;17.0195;8.87722;2930.35;5.33774;0;0;0.1;0.01;0;5.13175;0;0;-1
0;744;32.0942;26.8754;16.7632;8.78131;2836.39;5.28007;0;0;0.1;0.01;0;5.40257;0;0;-1
0;745;33.2188;45.7684;16.5289;8.5;2572.44;5.11093;0;0;0.1;0.01;0;5.28904;1;0;-1
0;746;30.4885;63.4352;19.4785;9.08213;3137.99;5.46095;0;0;0.1;0.01;0;6.81685;0;0;-1
0;747;30.6498;77.8134;17.8488;9.25776;3323.58;5.56656;0;0;0.1;0.01;0;5.1846;0;0;-1
0;748;45.3102;-81.2472;16.0914;9.99665;4184.58;6.01084;0;0;0.1;0.01;0;4.70825;0;0;-1
0;749;48.9053;-67.6394;17.0035;8.61752;2680.62;5.18159;0;0;0.1;0.01;0;5.08422;0;0;-1
0;750;47.51;-48.169;18.5947;8.5;2572.44;5.11093;0;0;0.1;0.01;0;4.60344;1;0;-1
0;751;46.7636;-31.8968;16.6155;9.52674;3621.78;5.72829;0;0;0.1;0.01;0;6.82907;0;0;-1
0;752;46.3592;-15.3155;17.5031;9.96599;4146.2;5.99241;0;0;0.1;0.01;0;6.40286;0;0;-1
0;753;46.2061;4.39448;19.4807;9.61473;3723.06;5.7812;0;0;0.1;0.01;0;5.43189;0;0;-1
0;754;48.7892;20.4701;17.3373;9.77667;3914.37;5.87857;0;0;0.1;0.01;0;6.22873;0;0;-1
0;755;46.8608;34.8828;18.984;8.5;2572.44;5.11093;0;0;0.1;0.01;0;5.23513;1;0;-1
0;756;45.0837;54.0915;16.5876;10.1386;4365.39;6.09619;0;0;0.1;0.01;0;6.57507;0;0;-1
0;757;46.9787;68.9762;17.7743;8.7934;2848.13;5.28734;0;0;0.1;0.01;0;5.04394;0;0;-1
0;758;45.9385;86.0467;19.6668;8.5;2572.44;5.11093;0;0;0.1;0.01;0;1.28317;1;0;-1
0;759;61.2221;-75.4457;17.4895;9.74749;3879.42;5.86102;0;0;0.1;0.01;0;2.82023;0;0;-1
0;760;62.308;-57.9494;18.1618;8.5;2572.44;5.11093;0;0;0.1;0.01;0;4.9482;1;0;-1
0;761;62.5618;-38.7134;16.7037;10.097;4311.87;6.07118;0;0;0.1;0.01;0;7.49661;0;0;-1
0;762;60.4201;-24.2768;16.5121;9.90118;4065.83;5.95344;0;0;0.1;0.01;0;7.54636;0;0;-1
0;763;60.3759;-7.40083;16.7545;8.93108;2984.01;5.37013;0;0;0.1;0.01;0;4.81172;0;0;-1
0;764;62.461;10.6025;16.9693;9.45392;3539.36;5.6845;0;0;0.1;0.01;0;5.77913;0;0;-1
0;765;61.6872;28.5322;16.4791;10.2254;4478.47;6.14838;0;0;0.1;0.01;0;7.22247;0;0;-1
0;766;61.8711;45.211;19.0346;8.67367;2733.36;5.21535;0;0;0.1;0.01;0;6.07973;0;0;-1
0;767;62.2902;63.6374;19.0441;10.0225;4217.13;6.02638;0;0;0.1;0.01;0;4.83265;0;0;-1
0;768;75.9058;-50.2082;19.5125;8.70096;2759.24;5.23176;0;0;0.1;0.01;0;3.01404;0;0;-1
0;769;76.0477;-33.4776;18.3438;10.0886;4301.12;6.06613;0;0;0.1;0.01;0;6.13387;0;0;-1
0;770;77.6196;-16.9521;16.7495;8.5;2572.44;5.11093;0;0;0.1;0.01;0;4.96182;1;0;-1
0;771;74.8841;0.852842;19.4031;8.71841;2775.88;5.24225;0;0;0.1;0.01;0;4.44601;0;0;-1
0;772;76.4912;20.1075;16.1853;9.82373;3971.16;5.90687;0;0;0.1;0.01;0;6.53715;0;0;-1
0;773;74.8207;37.9199;19.0745;10.3722;4674.14;6.23665;0;0;0.1;0.01;0;6.73558;0;0;-1
0;774;76.5256;52.4222;18.7575;8.77615;2831.4;5.27697;0;0;0.1;0.01;0;4.5804;0;0;-1
0;775;91.5316;-22.0685;18.6399;9.7875;3927.39;5.88508;0;0;0.1;0.01;0;4.3443;0;0;-1
0;776;92.7474;-7.35803;19.9312;8.5;2572.44;5.11093;0;0;0.1;0.01;0;2.62011;1;0;-1
0;777;91.6995;9.3281;16.2186;9.05672;3111.73;5.44567;0;0;0.1;0.01;0;2.52766;0;0;-1
0;778;89.4688;26.8434;17.3908;9.35384;3428.14;5.62433;0;0;0.1;0.01;0;4.07863;0;0;-1
0;779;-93.5865;2.40691;34.5665;8.55786;2625.33;5.14572;0;0;0.1;0.01;0;2.84444;0;0;-1
0;780;-82.042;-39.7093;31.632;9.85962;4014.85;5.92845;0;0;0.1;0.01;0;3.1548;0;0;-1
0;781;-79.6859;-25.0863;32.4557;9.32437;3395.84;5.60661;0;0;0.1;0.01;0;4.25248;0;0;-1
0;782;-78.9988;-6.09168;34.0289;9.22038;3283.49;5.54408;0;0;0.1;0.01;0;5.97744;0;0;-1
0;783;-80.1814;10.0473;31.8176;8.73128;2788.19;5.24999;0;0;0.1;0.01;0;4.89429;0;0;-1
0;784;-82.7036;25.8678;30.922;9.40262;3482.05;5.65366;0;0;0.1;0.01;0;2.74985;0;0;-1
0;785;-79.9019;46.0348;31.3442;8.54151;2610.31;5.13589;0;0;0.1;0.01;0;2.20353;0;0;-1
0;786;-65.958;-66.8899;33.9555;9.46889;3556.2;5.69351;0;0;0.1;0.01;0;3.41722;0;0;-1
0;787;-66.6281;-47.6757;32.2364;9.70994;3834.76;5.83845;0;0;0.1;0.01;0;4.79074;0;0;-1
0;788;-64.3056;-30.7697;34.207;9.95636;4134.19;5.98661;0;0;0.1;0.01;0;6.55714;0;0;-1
0;789;-66.7719;-15.5653;31.0188;8.5;2572.44;5.11093;0;0;0.1;0.01;0;5.95325;1;0;-1
0;790;-65.6109;0.0116114;34.1201;8.9441;2997.08;5.37796;0;0;0.1;0.01;0;5.98636;0;0;-1
0;791;-66.5562;18.1306;33.8883;8.5;2572.44;5.11093;0;0;0.1;0.01;0;4.43022;1;0;-1
0;792;-64.4076;35.1695;31.659;8.58667;2651.94;5.16304;0;0;0.1;0.01;0;4.16596;0;0;-1
0;793;-66.8421;53.0591;33.2049;9.91933;4088.23;5.96435;0;0;0.1;0.01;0;3.57223;0;0;-1
0;794;-53.1857;-73.3252;30.6175;10.1149;4334.84;6.08194;0;0;0.1;0.01;0;4.85145;0;0;-1
0;795;-50.1829;-58.7147;30.9839;9.48167;3570.62;5.70119;0;0;0.1;0.01;0;6.02619;0;0;-1
0;796;-49.8371;-38.4023;31.6509;9.72083;3847.68;5.84499;0;0;0.1;0.01;0;6.12871;0;0;-1
0;797;-52.8056;-21.295;31.1187;8.5;2572.44;5.11093;0;0;0.1;0.01;0;4.91681;1;0;-1
0;798;-52.7043;-7.29122;34.1911;9.66627;3783.25;5.81219;0;0;0.1;0.01;0;4.47818;0;0;-1
0;799;-51.6694;11.8682;31.7796;8.5;2572.44;5.11093;0;0;0.1;0.01;0;4.16004;1;0;-1
0;800;-50.712;29.4024;32.6042;8.5;2572.44;5.11093;0;0;0.1;0.01;0;5.23851;1;0;-1
0;801;-52.7806;43.3392;33.1274;8.5;2572.44;5.11093;0;0;0.1;0.01;0;5.24115;1;0;-1
0;802;-51.6425;60.0653;33.9709;8.5;2572.44;5.11093;0;0;0.1;0.01;0;4.23747;1;0;-1
0;803;-35.6433;-85.3954;34.2789;10.1766;4414.65;6.11904;0;0;0.1;0.01;0;3.63857;0;0;-1
0;804;-38.0014;-66.3779;31.2811;8.5;2572.44;5.11093;0;0;0.1;0.01;0;4.55977;1;0;-1
0;805;-37.9485;-47.2932;33.1278;9.74583;3877.44;5.86003;0;0;0.1;0.01;0;5.96743;0;0;-1
0;806;-34.472;-33.032;33.027;10.2533;4515.23;6.16516;0;0;0.1;0.01;0;6.5223;0;0;-1
0;807;-35.1749;-16.2806;32.7139;8.8572;2910.57;5.32571;0;0;0.1;0.01;0;4.13096;0;0;-1
0;808;-35.3368;2.98103;32.299;8.80953;2863.83;5.29704;0;0;0.1;0.01;0;4.53585;0;0;-1
0;809;-38.3018;17.6727;32.7567;8.96634;3019.49;5.39133;0;0;0.1;0.01;0;4.90261;0;0;-1
0;810;-36.9779;37.9407;31.6573;9.65063;3764.92;5.80278;0;0;0.1;0.01;0;6.08386;0;0;-1
0;811;-36.8431;52.4703;32.4182;8.9865;3039.91;5.40345;0;0;0.1;0.01;0;5.22369;0;0;-1
0;812;-37.9058;69.1951;32.1268;8.5;2572.44;5.11093;0;0;0.1;0.01;0;3.35667;1;0;-1
0;813;-20.9664;-91.0249;34.0233;9.86408;4020.3;5.93113;0;0;0.1;0.01;0;3.76652;0;0;-1
0;814;-22.9266;-74.3018;32.2335;8.5;2572.44;5.11093;0;0;0.1;0.01;0;5.11941;1;0;-1
0;815;-22.8338;-57.0518;34.4186;8.61747;2680.57;5.18156;0;0;0.1;0.01;0;4.58528;0;0;-1
0;816;-21.8608;-42.7401;31.8937;8.61331;2676.69;5.17906;0;0;0.1;0.01;0;5.68107;0;0;-1
0;817;-20.4314;-21.6647;31.3798;8.5;2572.44;5.11093;0;0;0.1;0.01;0;3.95969;1;0;-1
0;818;-20.9566;-4.75534;34.0506;9.37895;3455.82;5.63943;0;0;0.1;0.01;0;5.90114;0;0;-1
0;819;-21.7923;11.1936;31.6445;8.93559;2988.53;5.37284;0;0;0.1;0.01;0;5.87746;0;0;-1
0;820;-22.9958;29.3663;33.7806;9.49202;3582.32;5.70741;0;0;0.1;0.01;0;5.55609;0;0;-1
0;821;-20.7371;44.298;33.8118;9.19925;3260.96;5.53138;0;0;0.1;0.01;0;6.29422;0;0;-1
0;822;-20.4331;59.7005;30.9809;8.65751;2718.11;5.20564;0;0;0.1;0.01;0;5.1211;0;0;-1
0;823;-21.7702;76.7167;32.6768;10.0526;4255.24;6.04448;0;0;0.1;0.01;0;4.73886;0;0;-1
0;824;-6.81949;-81.4826;33.0052;10.2345;4490.44;6.15386;0;0;0.1;0.01;0;5.737;0;0;-1
0;825;-7.57941;-65.8481;32.0386;9.11861;3175.96;5.48289;0;0;0.1;0.01;0;4.8523;0;0;-1
0;826;-8.80974;-46.9422;30.7988;9.1191;3176.47;5.48318;0;0;0.1;0.01;0;5.15127;0;0;-1
0;827;-5.46149;-32.6264;31.172;8.5;2572.44;5.11093;0;0;0.1;0.01;0;4.74435;1;0;-1
0;828;-8.84467;-13.1763;31.5897;10.4144;4731.42;6.26203;0;0;0.1;0.01;0;6.59189;0;0;-1
0;829;-7.4673;3.4764;31.949;9.30981;3379.96;5.59785;0;0;0.1;0.01;0;6.08524;0;0;-1
0;830;-6.85447;20.9983;33.6313;10.0649;4270.88;6.05188;0;0;0.1;0.01;0;5.67624;0;0;-1
0;831;-7.48179;37.7956;34.0795;9.13604;3194.2;5.49337;0;0;0.1;0.01;0;6.14315;0;0;-1
0;832;-5.84908;51.724;33.6862;8.5;2572.44;5.11093;0;0;0.1;0.01;0;5.49162;1;0;-1
0;833;-7.20384;69.7837;32.3975;8.73803;2794.66;5.25405;0;0;0.1;0.01;0;4.34957;0;0;-1
0;834;-6.78417;88.6502;31.1273;8.56897;2635.57;5.1524;0;0;0.1;0.01;0;2.16803;0;0;-1
0;835;8.24672;-89.436;34.6611;8.757;2812.9;5.26546;0;0;0.1;0.01;0;3.18361;0;0;-1
0;836;7.7065;-74.4731;32.4979;10.4534;4784.77;6.28548;0;0;0.1;0.01;0;7.03465;0;0;-1
0;837;6.34256;-58.9466;31.8197;8.79873;2853.31;5.29055;0;0;0.1;0.01;0;5.10404;0;0;-1
0;838;8.48664;-42.9156;33.1968;10.0561;4259.68;6.04659;0;0;0.1;0.01;0;6.7508;0;0;-1
0;839;6.86532;-23.884;32.7543;8.90408;2957.03;5.35389;0;0;0.1;0.01;0;4.88049;0;0;-1
0;840;7.21391;-6.04523;33.7223;9.87605;4034.95;5.93833;0;0;0.1;0.01;0;6.05271;0;0;-1
0;841;5.64815;8.79135;34.3831;9.10205;3158.68;5.47293;0;0;0.1;0.01;0;4.74231;0;0;-1
0;842;8.33803;27.8199;31.0492;9.25309;3318.55;5.56375;0;0;0.1;0.01;0;5.16011;0;0;-1
0;843;6.79135;42.8946;30.5916;10.1876;4428.99;6.12566;0;0;0.1;0.01;0;6.42113;0;0;-1
0;844;8.63679;61.575;30.9065;8.68436;2743.48;5.22178;0;0;0.1;0.01;0;4.75714;0;0;-1
0;845;9.12049;78.9353;31.904;9.46328;3549.88;5.69013;0;0;0.1;0.01;0;4.7042;0;0;-1
0;846;23.1454;-82.6652;33.8546;9.93443;4106.93;5.97343;0;0;0.1;0.01;0;4.76638;0;0;-1
0;847;22.6487;-67.9649;33.0094;9.85623;4010.71;5.92641;0;0;0.1;0.01;0;5.4029;0;0;-1
0;848;23.8672;-47.7368;33.3852;8.90151;2954.47;5.35235;0;0;0.1;0.01;0;5.8946;0;0;-1
0;849;21.1368;-32.2881;32.4669;10.1635;4397.63;6.11117;0;0;0.1;0.01;0;7.03862;0;0;-1
0;850;22.1173;-14.0039;32.2154;10.1553;4386.99;6.10623;0;0;0.1;0.01;0;6.79688;0;0;-1
0;851;22.335;0.477172;30.9431;8.92445;2977.37;5.36614;0;0;0.1;0.01;0;5.12624;0;0;-1
0;852;23.0076;19.3385;30.4867;9.06881;3124.2;5.45294;0;0;0.1;0.01;0;4.82205;0;0;-1
0;853;22.1085;37.5565;33.9864;9.3486;3422.38;5.62118;0;0;0.1;0.01;0;5.73762;0;0;-1
0;854;23.7972;51.3893;32.5726;9.90615;4071.96;5.95642;0;0;0.1;0.01;0;6.81379;0;0;-1
0;855;22.327;68.7563;30.9993;8.75237;2808.44;5.26267;0;0;0.1;0.01;0;5.9031;0;0;-1
0;856;20.8535;89.3923;34.2246;9.34689;3420.5;5.62015;0;0;0.1;0.01;0;1.60099;0;0;-1
0;857;35.7832;-74.7224;32.7912;8.5;2572.44;5.11093;0;0;0.1;0.01;0;3.42768;1;0;-1
0;858;37.1862;-55.0854;32.8403;9.55435;3653.36;5.74489;0;0;0.1;0.01;0;5.76278;0;0;-1
0;859;35.5745;-38.417;30.8925;8.5;2572.44;5.11093;0;0;0.1;0.01;0;5.30985;1;0;-1
0;860;37.4993;-21.9826;32.1836;8.5;2572.44;5.11093;0;0;0.1;0.01;0;4.75648;1;0;-1
0;861;35.9002;-4.81285;33.2043;9.17157;3231.62;5.51473;0;0;0.1;0.01;0;5.7267;0;0;-1
0;862;38.7444;9.35315;32.4851;8.59517;2659.82;5.16815;0;0;0.1;0.01;0;4.91397;0;0;-1
0;863;38.1066;25.5624;33.0011;9.81869;3965.06;5.90384;0;0;0.1;0.01;0;5.59289;0;0;-1
0;864;38.3506;43.1656;33.091;9.76301;3897.98;5.87036;0;0;0.1;0.01;0;6.02056;0;0;-1
0;865;35.3793;61.8608;33.7039;9.76121;3895.83;5.86927;0;0;0.1;0.01;0;6.62579;0;0;-1
0;866;36.8565;77.2532;32.1619;10.0224;4217;6.02632;0;0;0.1;0.01;0;5.23542;0;0;-1
0;867;52.8288;-64.6646;31.9352;9.06145;3116.6;5.44852;0;0;0.1;0.01;0;3.97227;0;0;-1
0;868;53.164;-49.3353;32.1269;9.43641;3519.73;5.67398;0;0;0.1;0.01;0;5.65613;0;0;-1
0;869;52.0725;-33.3861;32.4004;9.52844;3623.71;5.72931;0;0;0.1;0.01;0;6.14152;0;0;-1
0;870;51.548;-17.3185;31.5989;9.93219;4104.15;5.97208;0;0;0.1;0.01;0;6.32182;0;0;-1
0;871;53.2126;0.914795;33.8662;10.0205;4214.6;6.02518;0;0;0.1;0.01;0;6.86863;0;0;-1
0;872;52.4646;17.821;33.3861;8.9672;3020.36;5.39185;0;0;0.1;0.01;0;6.01632;0;0;-1
0;873;53.4714;38.1476;32.2386;8.9671;3020.26;5.39179;0;0;0.1;0.01;0;6.03607;0;0;-1
0;874;53.2654;53.1817;33.3281;9.60563;3712.5;5.77573;0;0;0.1;0.01;0;6.96873;0;0;-1
0;875;51.424;68.3333;32.4206;9.14929;3208.12;5.50134;0;0;0.1;0.01;0;4.86687;0;0;-1
0;876;67.2595;-58.0696;32.4281;8.83388;2887.64;5.31168;0;0;0.1;0.01;0;3.292;0;0;-1
0;877;67.6954;-38.6049;31.5547;9.31078;3381.01;5.59844;0;0;0.1;0.01;0;5.34562;0;0;-1
0;878;66.387;-21.8185;31.9622;9.12977;3187.63;5.4896;0;0;0.1;0.01;0;5.27329;0;0;-1
0;879;66.9433;-4.76981;32.6287;9.85842;4013.38;5.92772;0;0;0.1;0.01;0;5.72577;0;0;-1
0;880;67.2124;10.3575;32.9776;8.94914;3002.15;5.38099;0;0;0.1;0.01;0;6.55145;0;0;-1
0;881;66.215;28.0091;33.7867;8.61621;2679.4;5.1808;0;0;0.1;0.01;0;5.82211;0;0;-1
0;882;67.3119;45.6462;31.0862;9.11558;3172.79;5.48107;0;0;0.1;0.01;0;6.46612;0;0;-1
0;883;67.0139;59.4993;32.0784;9.87652;4035.53;5.93861;0;0;0.1;0.01;0;4.75447;0;0;-1
0;884;79.9438;-30.2564;33.8275;9.91075;4077.63;5.95919;0;0;0.1;0.01;0;4.39875;0;0;-1
0;885;80.1794;-15.9659;30.7272;8.8039;2858.34;5.29366;0;0;0.1;0.01;0;4.50517;0;0;-1
0;886;79.6569;3.68554;33.5514;10.0827;4293.58;6.06258;0;0;0.1;0.01;0;4.94808;0;0;-1
0;887;80.713;19.7004;34.1996;8.73611;2792.82;5.2529;0;0;0.1;0.01;0;3.84906;0;0;-1
0;888;80.5436;33.6374;31.9231;8.98096;3034.29;5.40012;0;0;0.1;0.01;0;4.25686;0;0;-1
0;889;-86.3508;-6.44591;47.2394;9.7781;3916.08;5.87943;0;0;0.1;0.01;0;3.24401;0;0;-1
0;890;-85.6615;9.85453;47.797;10.4049;4718.48;6.25632;0;0;0.1;0.01;0;3.02265;0;0;-1
0;891;-69.0183;-49.9839;48.7952;10.4318;4755.17;6.27249;0;0;0.1;0.01;0;2.88038;0;0;-1
0;892;-69.3949;-33.7461;47.9839;8.5;2572.44;5.11093;0;0;0.1;0.01;0;4.09385;1;0;-1
0;893;-69.361;-13.3634;47.6959;9.91875;4087.52;5.964;0;0;0.1;0.01;0;5.728;0;0;-1
0;894;-71.5148;0.838144;46.7818;8.91111;2964.04;5.35812;0;0;0.1;0.01;0;5.62295;0;0;-1
0;895;-68.5664;18.038;47.0467;8.75571;2811.66;5.26468;0;0;0.1;0.01;0;3.93477;0;0;-1
0;896;-70.5829;36.4556;49.363;9.25688;3322.63;5.56603;0;0;0.1;0.01;0;1.72396;0;0;-1
0;897;-56.6376;-59.6017;46.1509;8.92538;2978.3;5.3667;0;0;0.1;0.01;0;4.10133;0;0;-1
0;898;-57.0582;-39.1311;47.6073;9.30218;3371.65;5.59327;0;0;0.1;0.01;0;5.77783;0;0;-1
0;899;-57.0497;-23.263;47.2607;8.5;2572.44;5.11093;0;0;0.1;0.01;0;5.45249;1;0;-1
0;900;-56.8242;-6.90888;48.8095;9.56046;3660.37;5.74857;0;0;0.1;0.01;0;5.90543;0;0;-1
0;901;-54.5968;12.752;45.9852;8.6949;2753.48;5.22812;0;0;0.1;0.01;0;4.42023;0;0;-1
0;902;-57.7028;29.7404;45.9805;8.5;2572.44;5.11093;0;0;0.1;0.01;0;4.65815;1;0;-1
0;903;-56.3;45.9408;47.0352;8.5;2572.44;5.11093;0;0;0.1;0.01;0;4.45924;1;0;-1
0;904;-54.4405;61.2994;46.4154;8.73256;2789.42;5.25076;0;0;0.1;0.01;0;3.49947;0;0;-1
0;905;-40.6501;-64.3871;45.8822;8.77308;2828.43;5.27513;0;0;0.1;0.01;0;3.6624;0;0;-1
0;906;-40.4053;-50.5778;48.2026;9.14813;3206.9;5.50064;0;0;0.1;0.01;0;5.15948;0;0;-1
0;907;-43.1989;-30.0713;46.0931;10.1709;4407.24;6.11561;0;0;0.1;0.01;0;6.05344;0;0;-1
0;908;-41.509;-14.2989;49.0738;8.5;2572.44;5.11093;0;0;0.1;0.01;0;4.98856;1;0;-1
0;909;-41.6408;0.772954;49.2574;8.65928;2719.78;5.2067;0;0;0.1;0.01;0;4.59986;0;0;-1
0;910;-42.0978;16.7757;48.2712;10.2808;4551.66;6.1817;0;0;0.1;0.01;0;5.92382;0;0;-1
0;911;-42.3306;35.8782;45.2212;8.59133;2656.26;5.16584;0;0;0.1;0.01;0;4.94988;0;0;-1
0;912;-41.2211;53.2404;48.9035;10.1348;4360.48;6.09391;0;0;0.1;0.01;0;6.53519;0;0;-1
0;913;-42.4843;69.7202;48.0977;9.85071;4003.97;5.92309;0;0;0.1;0.01;0;4.23763;0;0;-1
0;914;-27.8291;-76.7475;46.7345;9.0812;3137.03;5.46039;0;0;0.1;0.01;0;2.96316;0;0;-1
0;915;-26.1707;-55.5029;48.3111;8.59395;2658.69;5.16742;0;0;0.1;0.01;0;5.99624;0;0;-1
0;916;-27.6858;-41.4903;46.5322;9.63897;3751.29;5.79577;0;0;0.1;0.01;0;7.57735;0;0;-1
0;917;-28.0343;-24.2523;49.4421;8.5;2572.44;5.11093;0;0;0.1;0.01;0;4.80463;1;0;-1
0;918;-25.7038;-8.79372;47.3268;8.5;2572.44;5.11093;0;0;0.1;0.01;0;4.63805;1;0;-1
0;919;-26.676;12.0289;46.5377;9.92574;4096.16;5.9682;0;0;0.1;0.01;0;5.77996;0;0;-1
0;920;-26.9572;29.5841;48.5553;10.2075;4454.99;6.13762;0;0;0.1;0.01;0;7.06294;0;0;-1
0;921;-26.353;45.1523;48.8393;9.22863;3292.31;5.54904;0;0;0.1;0.01;0;6.11694;0;0;-1
0;922;-25.8927;60.8812;46.5178;10.3198;4603.65;6.20515;0;0;0.1;0.01;0;6.87254;0;0;-1
0;923;-25.5712;79.3396;48.5006;9.1597;3219.08;5.50759;0;0;0.1;0.01;0;3.17586;0;0;-1
0;924;-12.3624;-80.7897;46.0148;8.874;2927.16;5.33581;0;0;0.1;0.01;0;3.07174;0;0;-1
0;925;-11.8867;-64.689;47.962;8.62741;2689.86;5.18754;0;0;0.1;0.01;0;4.45556;0;0;-1
0;926;-13.4923;-47.9739;46.5675;10.3686;4669.27;6.23449;0;0;0.1;0.01;0;7.52005;0;0;-1
0;927;-12.6902;-33.5684;49.1059;10.005;4195.08;6.01586;0;0;0.1;0.01;0;5.88125;0;0;-1
0;928;-11.4167;-13.8845;48.689;9.93402;4106.42;5.97318;0;0;0.1;0.01;0;6.77271;0;0;-1
0;929;-11.0345;0.268525;46.1078;9.49154;3581.78;5.70713;0;0;0.1;0.01;0;6.6501;0;0;-1
0;930;-13.1764;19.5117;47.8632;10.0132;4205.4;6.02079;0;0;0.1;0.01;0;6.25797;0;0;-1
0;931;-11.2547;37.0942;49.0567;8.84922;2902.71;5.32091;0;0;0.1;0.01;0;6.45032;0;0;-1
0;932;-12.2032;52.5439;48.7838;9.02879;3083.03;5.42888;0;0;0.1;0.01;0;7.20776;0;0;-1
0;933;-11.7519;69.7906;48.0779;10.1432;4371.33;6.09896;0;0;0.1;0.01;0;5.86783;0;0;-1
0;934;-12.8187;86.6142;47.9977;8.5;2572.44;5.11093;0;0;0.1;0.01;0;1.66505;1;0;-1
0;935;2.05938;-73.1404;45.8777;8.5;2572.44;5.11093;0;0;0.1;0.01;0;4.91195;1;0;-1
0;936;1.61047;-59.4378;46.6226;8.99434;3047.87;5.40817;0;0;0.1;0.01;0;5.60781;0;0;-1
0;937;2.3552;-42.2775;46.9594;9.40872;3488.83;5.65733;0;0;0.1;0.01;0;5.65083;0;0;-1
0;938;1.44624;-22.4076;48.5076;9.3869;3464.62;5.64421;0;0;0.1;0.01;0;5.82179;0;0;-1
0;939;4.3071;-5.38607;49.0416;9.50215;3593.8;5.7135;0;0;0.1;0.01;0;6.81334;0;0;-1
0;940;3.22493;8.86682;49.2387;9.40384;3483.41;5.65439;0;0;0.1;0.01;0;5.80806;0;0;-1
0;941;1.82426;29.6397;47.3241;8.5;2572.44;5.11093;0;0;0.1;0.01;0;5.0503;1;0;-1
0;942;1.08744;45.5405;47.602;8.53776;2606.88;5.13363;0;0;0.1;0.01;0;6.17195;0;0;-1
0;943;1.48672;60.6184;45.6667;9.03964;3094.15;5.4354;0;0;0.1;0.01;0;5.4363;0;0;-1
0;944;4.9332;79.7296;48.6578;10.1102;4328.8;6.07912;0;0;0.1;0.01;0;3.00462;0;0;-1
0;945;18.9273;-84.4746;48.8908;8.82496;2878.9;5.30632;0;0;0.1;0.01;0;1.95392;0;0;-1
0;946;18.2799;-65.931;46.7135;9.13393;3191.99;5.4921;0;0;0.1;0.01;0;4.69392;0;0;-1
0;947;16.928;-49.4121;46.2902;8.5;2572.44;5.11093;0;0;0.1;0.01;0;4.61299;1;0;-1
0;948;19.3915;-34.3988;45.9311;10.2763;4545.68;6.17899;0;0;0.1;0.01;0;6.56764;0;0;-1
0;949;16.1474;-14.8612;48.4593;9.22523;3288.67;5.547;0;0;0.1;0.01;0;6.34232;0;0;-1
0;950;18.7775;1.80743;48.5198;8.50641;2578.26;5.11478;0;0;0.1;0.01;0;5.65869;0;0;-1
0;951;17.3944;17.4908;46.7747;9.55479;3653.86;5.74516;0;0;0.1;0.01;0;5.23474;0;0;-1
0;952;16.0263;36.3968;49.0145;8.5;2572.44;5.11093;0;0;0.1;0.01;0;4.95331;1;0;-1
0;953;19.2392;50.8456;45.563;9.03341;3087.76;5.43166;0;0;0.1;0.01;0;5.1131;0;0;-1
0;954;17.4138;71.0941;46.7975;9.52319;3617.73;5.72616;0;0;0.1;0.01;0;4.5424;0;0;-1
0;955;33.2101;-74.276;48.7929;8.9766;3029.87;5.3975;0;0;0.1;0.01;0;3.24383;0;0;-1
0;956;33.1113;-57.1338;47.8296;9.60965;3717.16;5.77814;0;0;0.1;0.01;0;6.04845;0;0;-1
0;957;33.4748;-39.2131;45.8207;9.85133;4004.73;5.92346;0;0;0.1;0.01;0;6.54225;0;0;-1
0;958;30.7986;-22.5143;46.1694;9.98303;4167.5;6.00265;0;0;0.1;0.01;0;6.38902;0;0;-1
0;959;31.9849;-5.04252;47.77;9.48791;3577.67;5.70494;0;0;0.1;0.01;0;5.8327;0;0;-1
0;960;33.2555;12.0646;47.6415;9.44032;3524.1;5.67633;0;0;0.1;0.01;0;5.47799;0;0;-1
0;961;30.688;25.7859;46.98;9.75134;3884.02;5.86334;0;0;0.1;0.01;0;6.52896;0;0;-1
0;962;32.7068;43.2101;48.5178;8.95476;3007.81;5.38437;0;0;0.1;0.01;0;6.11767;0;0;-1
0;963;31.8858;59.3266;48.6134;9.99243;4179.28;6.0083;0;0;0.1;0.01;0;6.93196;0;0;-1
0;964;30.9332;76.25;47.6972;9.44588;3530.33;5.67967;0;0;0.1;0.01;0;4.12583;0;0;-1
0;965;45.9641;-63.7023;46.5693;8.50235;2574.57;5.11234;0;0;0.1;0.01;0;3.30919;0;0;-1
0;966;46.1738;-47.4751;47.5701;10.2055;4452.37;6.13642;0;0;0.1;0.01;0;6.42881;0;0;-1
0;967;47.6492;-31.4608;46.2914;8.5;2572.44;5.11093;0;0;0.1;0.01;0;5.04388;1;0;-1
0;968;45.2309;-13.9427;49.0329;9.26855;3335.22;5.57304;0;0;0.1;0.01;0;5.88862;0;0;-1
0;969;45.9023;-0.223108;45.3719;8.5;2572.44;5.11093;0;0;0.1;0.01;0;5.34642;1;0;-1
0;970;47.7158;20.7838;46.8828;10.0206;4214.73;6.02524;0;0;0.1;0.01;0;7.16678;0;0;-1
0;971;45.3028;36.6198;48.5857;9.44979;3534.72;5.68202;0;0;0.1;0.01;0;6.80006;0;0;-1
0;972;46.471;54.7687;49.1043;9.69619;3818.49;5.83018;0;0;0.1;0.01;0;5.88135;0;0;-1
0;973;45.6606;72.0098;48.4236;9.86394;4020.13;5.93104;0;0;0.1;0.01;0;3.34175;0;0;-1
0;974;63.7048;-58.7687;46.484;8.74716;2803.43;5.25954;0;0;0.1;0.01;0;2.37989;0;0;-1
0;975;62.0114;-42.3737;47.6477;9.36522;3440.67;5.63117;0;0;0.1;0.01;0;5.0477;0;0;-1
0;976;59.893;-24.0709;48.5206;8.5;2572.44;5.11093;0;0;0.1;0.01;0;4.85931;1;0;-1
0;977;63.6067;-8.69927;46.8133;10.1425;4370.42;6.09854;0;0;0.1;0.01;0;6.67324;0;0;-1
0;978;60.6613;8.13178;47.1502;9.86993;4027.46;5.93465;0;0;0.1;0.01;0;6.3831;0;0;-1
0;979;61.5242;26.8095;46.1145;9.90075;4065.3;5.95318;0;0;0.1;0.01;0;6.42611;0;0;-1
0;980;60.1722;43.6463;46.0419;10.1384;4365.13;6.09607;0;0;0.1;0.01;0;6.24452;0;0;-1
0;981;61.1671;61.0007;46.997;9.12844;3186.24;5.4888;0;0;0.1;0.01;0;3.76008;0;0;-1
0;982;77.2989;-30.3674;48.646;8.61289;2676.3;5.17881;0;0;0.1;0.01;0;2.62147;0;0;-1
0;983;77.1303;-17.0984;47.7302;8.5;2572.44;5.11093;0;0;0.1;0.01;0;3.16321;1;0;-1
0;984;75.5697;1.83029;46.5471;9.84126;3992.46;5.91741;0;0;0.1;0.01;0;5.04678;0;0;-1
0;985;78.6885;17.3385;48.8031;10.0526;4255.24;6.04448;0;0;0.1;0.01;0;4.18573;0;0;-1
0;986;75.2813;34.6956;45.9202;10.2898;4563.62;6.18711;0;0;0.1;0.01;0;4.40803;0;0;-1
0;987;-65.6103;-30.2892;62.2669;8.57744;2643.39;5.15749;0;0;0.1;0.01;0;3.43792;0;0;-1
0;988;-66.5751;-15.4229;63.5466;8.87947;2932.58;5.3391;0;0;0.1;0.01;0;3.54108;0;0;-1
0;989;-66.6902;0.553507;61.331;8.52153;2592.04;5.12387;0;0;0.1;0.01;0;3.48094;0;0;-1
0;990;-66.1516;19.5165;63.9346;9.60852;3715.85;5.77746;0;0;0.1;0.01;0;3.35451;0;0;-1
0;991;-51.8178;-58.4781;60.448;9.06277;3117.97;5.44931;0;0;0.1;0.01;0;2.13817;0;0;-1
0;992;-51.4204;-38.7566;63.6233;10.4312;4754.35;6.27213;0;0;0.1;0.01;0;5.19814;0;0;-1
0;993;-50.7444;-24.4995;63.2968;8.99047;3043.94;5.40584;0;0;0.1;0.01;0;6.41274;0;0;-1
0;994;-52.7063;-8.79695;61.338;8.75928;2815.1;5.26683;0;0;0.1;0.01;0;4.57364;0;0;-1
0;995;-53.4858;10.3277;61.6444;10.3467;4639.75;6.22132;0;0;0.1;0.01;0;5.6028;0;0;-1
0;996;-53.0211;27.1229;62.1085;8.5119;2583.26;5.11808;0;0;0.1;0.01;0;4.04262;0;0;-1
0;997;-51.7505;46.521;61.8001;9.49673;3587.66;5.71025;0;0;0.1;0.01;0;3.02917;0;0;-1
0;998;-36.3719;-47.5573;60.5147;9.31429;3384.84;5.60055;0;0;0.1;0.01;0;6.18501;0;0;-1
0;999;-36.9161;-33.1674;64.1642;8.56914;2635.73;5.1525;0;0;0.1;0.01;0;5.8919;0;0;-1
0;1000;-35.4705;-15.6545;62.6729;9.77893;3917.08;5.87993;0;0;0.1;0.01;0;6.61998;0;0;-1
0;1001;-36.1664;1.45554;63.9625;8.73934;2795.92;5.25484;0;0;0.1;0.01;0;4.87418;0;0;-1
0;1002;-35.0659;19.5871;62.217;8.80965;2863.94;5.29711;0;0;0.1;0.01;0;5.88783;0;0;-1
0;1003;-35.2294;37.0885;60.6592;9.96828;4149.06;5.99378;0;0;0.1;0.01;0;6.29217;0;0;-1
0;1004;-38.3079;52.2607;63.841;9.47991;3568.63;5.70013;0;0;0.1;0.01;0;3.94354;0;0;-1
0;1005;-38.3136;67.9583;60.701;9.61487;3723.22;5.78128;0;0;0.1;0.01;0;3.18348;0;0;-1
0;1006;-21.3172;-73.2349;63.7656;8.5;2572.44;5.11093;0;0;0.1;0.01;0;1.7129;1;0;-1
0;1007;-23.2916;-57.027;62.2453;10.4;4711.82;6.25337;0;0;0.1;0.01;0;6.1862;0;0;-1
0;1008;-22.2416;-40.863;61.3917;10.2717;4539.58;6.17622;0;0;0.1;0.01;0;8.02905;0;0;-1
0;1009;-21.303;-22.7363;63.6612;8.53442;2603.82;5.13162;0;0;0.1;0.01;0;6.24359;0;0;-1
0;1010;-21.9745;-5.56804;62.1259;10.3597;4657.26;6.22914;0;0;0.1;0.01;0;6.43861;0;0;-1
0;1011;-22.1185;10.5224;60.8548;8.5;2572.44;5.11093;0;0;0.1;0.01;0;3.63303;1;0;-1
0;1012;-23.7878;26.8101;63.5239;9.01866;3072.66;5.42279;0;0;0.1;0.01;0;4.69379;0;0;-1
0;1013;-22.4094;44.4764;62.8109;9.87176;4029.7;5.93575;0;0;0.1;0.01;0;6.77064;0;0;-1
0;1014;-21.8314;59.699;60.175;8.81698;2871.1;5.30152;0;0;0.1;0.01;0;5.43788;0;0;-1
0;1015;-7.8775;-67.6888;60.3449;8.52518;2595.37;5.12607;0;0;0.1;0.01;0;3.8903;0;0;-1
0;1016;-7.87046;-47.7032;63.1309;10.2311;4485.96;6.15181;0;0;0.1;0.01;0;6.71306;0;0;-1
0;1017;-5.56615;-29.8815;63.3974;9.05885;3113.92;5.44696;0;0;0.1;0.01;0;6.57455;0;0;-1
0;1018;-6.85275;-15.3342;60.9684;8.54701;2615.36;5.13919;0;0;0.1;0.01;0;6.62513;0;0;-1
0;1019;-8.78349;0.620081;60.7678;8.5;2572.44;5.11093;0;0;0.1;0.01;0;4.71357;1;0;-1
0;1020;-6.95838;20.8299;60.3898;8.92528;2978.2;5.36664;0;0;0.1;0.01;0;4.61657;0;0;-1
0;1021;-8.83471;36.0093;63.5787;9.68264;3802.51;5.82203;0;0;0.1;0.01;0;7.04791;0;0;-1
0;1022;-6.47378;52.1399;61.0302;9.64341;3756.48;5.79844;0;0;0.1;0.01;0;7.58073;0;0;-1
0;1023;-7.4327;67.6686;60.8747;10.3052;4584.14;6.19637;0;0;0.1;0.01;0;4.93622;0;0;-1
0;1024;5.31853;-73.7728;61.9519;8.5;2572.44;5.11093;0;0;0.1;0.01;0;2.23622;1;0;-1
0;1025;6.87423;-57.4089;62.3015;10.176;4413.87;6.11868;0;0;0.1;0.01;0;5.81651;0;0;-1
0;1026;7.74173;-39.3544;61.0374;8.5;2572.44;5.11093;0;0;0.1;0.01;0;4.55203;1;0;-1
0;1027;6.38281;-22.6886;62.3464;9.92312;4092.92;5.96663;0;0;0.1;0.01;0;6.71217;0;0;-1
0;1028;9.17487;-6.37451;62.4689;10.2402;4497.94;6.15728;0;0;0.1;0.01;0;6.85791;0;0;-1
0;1029;8.78284;12.1958;62.2486;8.66534;2725.5;5.21034;0;0;0.1;0.01;0;4.78931;0;0;-1
0;1030;7.91895;26.3233;63.4093;8.5;2572.44;5.11093;0;0;0.1;0.01;0;5.49393;1;0;-1
0;1031;7.42103;42.0739;60.0833;10.2988;4575.6;6.19252;0;0;0.1;0.01;0;6.63362;0;0;-1
0;1032;6.64109;63.0891;63.2911;9.3194;3390.41;5.60362;0;0;0.1;0.01;0;4.6225;0;0;-1
0;1033;21.305;-63.8702;60.9581;8.5;2572.44;5.11093;0;0;0.1;0.01;0;3.70078;1;0;-1
0;1034;23.2562;-50.2988;61.9508;8.5;2572.44;5.11093;0;0;0.1;0.01;0;4.4344;1;0;-1
0;1035;20.936;-32.3629;61.0322;8.5;2572.44;5.11093;0;0;0.1;0.01;0;3.83254;1;0;-1
0;1036;24.2144;-12.671;60.3652;8.5;2572.44;5.11093;0;0;0.1;0.01;0;5.40574;1;0;-1
0;1037;20.6106;2.95316;61.7862;8.5;2572.44;5.11093;0;0;0.1;0.01;0;5.06503;1;0;-1
0;1038;23.0801;19.7976;63.7357;10.3275;4613.96;6.20978;0;0;0.1;0.01;0;7.34282;0;0;-1
0;1039;21.9267;37.843;63.149;8.70203;2760.26;5.2324;0;0;0.1;0.01;0;5.68844;0;0;-1
0;1040;21.5771;53.158;60.4249;8.5;2572.44;5.11093;0;0;0.1;0.01;0;5.29681;1;0;-1
0;1041;22.1362;69.1082;61.3942;9.0674;3122.75;5.4521;0;0;0.1;0.01;0;3.39186;0;0;-1
0;1042;34.67;-59.7324;63.5369;8.5;2572.44;5.11093;0;0;0.1;0.01;0;2.17464;1;0;-1
0;1043;36.1552;-39.3439;62.5749;9.23923;3303.66;5.55541;0;0;0.1;0.01;0;4.51205;0;0;-1
0;1044;38.1823;-22.8172;61.8902;8.81792;2872.02;5.30209;0;0;0.1;0.01;0;4.89327;0;0;-1
0;1045;35.7947;-5.05614;62.6104;8.95321;3006.25;5.38344;0;0;0.1;0.01;0;4.80209;0;0;-1
0;1046;38.2683;12.2884;61.3818;9.45337;3538.74;5.68417;0;0;0.1;0.01;0;5.64935;0;0;-1
0;1047;37.9516;26.2056;60.2513;8.5;2572.44;5.11093;0;0;0.1;0.01;0;6.73305;1;0;-1
0;1048;35.5175;43.3619;63.5192;9.23679;3301.05;5.55395;0;0;0.1;0.01;0;5.62868;0;0;-1
0;1049;38.6614;60.4753;63.3819;9.72555;3853.28;5.84783;0;0;0.1;0.01;0;3.94774;0;0;-1
0;1050;53.4577;-48.7331;61.7406;9.52246;3616.9;5.72572;0;0;0.1;0.01;0;3.2249;0;0;-1
0;1051;50.3634;-33.3911;60.8855;8.5;2572.44;5.11093;0;0;0.1;0.01;0;4.87442;1;0;-1
0;1052;51.0258;-15.2832;62.1432;9.58171;3684.83;5.76134;0;0;0.1;0.01;0;5.69743;0;0;-1
0;1053;50.0355;0.796167;62.6966;8.5;2572.44;5.11093;0;0;0.1;0.01;0;4.12906;1;0;-1
0;1054;50.5522;20.6942;60.9276;8.5;2572.44;5.11093;0;0;0.1;0.01;0;5.7239;1;0;-1
0;1055;50.872;34.8059;61.8188;9.8158;3961.56;5.9021;0;0;0.1;0.01;0;6.01633;0;0;-1
0;1056;53.6959;53.0095;62.7352;10.1404;4367.71;6.09728;0;0;0.1;0.01;0;3.1418;0;0;-1
0;1057;67.0759;-40.8601;60.896;10.4293;4751.76;6.27099;0;0;0.1;0.01;0;2.85202;0;0;-1
0;1058;64.4544;-21.5154;62.1449;8.5;2572.44;5.11093;0;0;0.1;0.01;0;2.95714;1;0;-1
0;1059;64.442;-5.43981;61.8758;8.5;2572.44;5.11093;0;0;0.1;0.01;0;4.07913;1;0;-1
0;1060;66.769;9.19662;60.6581;9.7064;3830.57;5.83632;0;0;0.1;0.01;0;3.28683;0;0;-1
0;1061;65.1734;25.0329;60.1652;8.80062;2855.15;5.29169;0;0;0.1;0.01;0;2.81923;0;0;-1
0;1062;-54.4235;-23.7677;75.9876;9.34551;3418.99;5.61932;0;0;0.1;0.01;0;3.60208;0;0;-1
0;1063;-56.5102;-4.70566;78.7062;8.5;2572.44;5.11093;0;0;0.1;0.01;0;1.66215;1;0;-1
0;1064;-54.9466;10.6823;76.2451;9.32397;3395.4;5.60637;0;0;0.1;0.01;0;3.90351;0;0;-1
0;1065;-56.4411;29.7244;75.0198;10.447;4775.99;6.28163;0;0;0.1;0.01;0;3.23419;0;0;-1
0;1066;-40.0296;-48.9599;77.0262;8.5;2572.44;5.11093;0;0;0.1;0.01;0;2.24542;1;0;-1
0;1067;-42.2506;-30.7969;77.7901;8.79456;2849.25;5.28804;0;0;0.1;0.01;0;4.74916;0;0;-1
0;1068;-40.3992;-15.9257;75.0979;9.98709;4172.59;6.00509;0;0;0.1;0.01;0;6.54662;0;0;-1
0;1069;-40.4528;2.8667;77.9495;9.51488;3608.27;5.72116;0;0;0.1;0.01;0;5.73013;0;0;-1
0;1070;-41.634;17.7767;74.6469;8.54694;2615.29;5.13915;0;0;0.1;0.01;0;5.54865;0;0;-1
0;1071;-39.3197;33.6819;76.4811;9.87209;4030.1;5.93594;0;0;0.1;0.01;0;4.14181;0;0;-1
0;1072;-24.3938;-55.1619;76.9386;9.73996;3870.44;5.8565;0;0;0.1;0.01;0;3.46801;0;0;-1
0;1073;-26.2739;-40.8474;74.9486;9.02504;3079.19;5.42663;0;0;0.1;0.01;0;5.50528;0;0;-1
0;1074;-27.4684;-23.1536;76.5322;10.0637;4269.35;6.05116;0;0;0.1;0.01;0;7.01366;0;0;-1
0;1075;-27.2493;-4.51947;77.8988;9.34698;3420.6;5.6202;0;0;0.1;0.01;0;6.55013;0;0;-1
0;1076;-24.9811;12.2909;77.0424;9.04555;3100.23;5.43896;0;0;0.1;0.01;0;5.7745;0;0;-1
0;1077;-25.7867;26.5302;77.3006;9.31413;3384.66;5.60045;0;0;0.1;0.01;0;5.89716;0;0;-1
0;1078;-25.3429;43.7275;77.7624;9.28589;3353.97;5.58347;0;0;0.1;0.01;0;3.80697;0;0;-1
0;1079;-10.0677;-47.81;76.402;8.80812;2862.45;5.29619;0;0;0.1;0.01;0;4.92308;0;0;-1
0;1080;-12.4507;-31.1428;76.419;10.2266;4480.05;6.14911;0;0;0.1;0.01;0;7.4787;0;0;-1
0;1081;-12.8015;-16.1693;74.6141;9.40462;3484.27;5.65486;0;0;0.1;0.01;0;7.35159;0;0;-1
0;1082;-13.5666;0.325318;78.4999;10.2202;4471.64;6.14526;0;0;0.1;0.01;0;6.59492;0;0;-1
0;1083;-11.4812;20.5751;78.3118;8.95194;3004.97;5.38267;0;0;0.1;0.01;0;5.81062;0;0;-1
0;1084;-10.8854;36.5091;76.7809;10.0821;4292.81;6.06222;0;0;0.1;0.01;0;7.27596;0;0;-1
0;1085;-11.9898;51.5979;76.312;9.93362;4105.93;5.97294;0;0;0.1;0.01;0;4.78225;0;0;-1
0;1086;3.54291;-58.8459;76.601;10.3992;4710.73;6.25289;0;0;0.1;0.01;0;3.37185;0;0;-1
0;1087;1.37516;-42.2283;78.486;8.5;2572.44;5.11093;0;0;0.1;0.01;0;4.97592;1;0;-1
0;1088;4.76941;-23.2446;76.3324;10.0445;4244.96;6.03961;0;0;0.1;0.01;0;6.80754;0;0;-1
0;1089;1.29874;-7.59251;78.2473;9.92445;4094.57;5.96743;0;0;0.1;0.01;0;6.26837;0;0;-1
0;1090;3.27366;11.4184;77.6318;8.90179;2954.75;5.35252;0;0;0.1;0.01;0;4.54002;0;0;-1
0;1091;1.50464;27.3577;77.7771;9.65841;3774.03;5.80746;0;0;0.1;0.01;0;7.23927;0;0;-1
0;1092;2.5413;42.4944;76.4676;10.3015;4579.2;6.19414;0;0;0.1;0.01;0;6.33625;0;0;-1
0;1093;4.04304;61.3737;76.5673;9.70352;3827.16;5.83459;0;0;0.1;0.01;0;3.29075;0;0;-1
0;1094;16.4726;-49.6008;74.9916;8.82222;2876.22;5.30467;0;0;0.1;0.01;0;3.51452;0;0;-1
0;1095;17.468;-30.738;77.8439;9.94785;4123.6;5.9815;0;0;0.1;0.01;0;6.04473;0;0;-1
0;1096;18.4974;-13.1227;74.6084;9.11763;3174.93;5.4823;0;0;0.1;0.01;0;6.14243;0;0;-1
0;1097;16.726;3.33462;76.3047;8.78297;2838;5.28107;0;0;0.1;0.01;0;5.25334;0;0;-1
0;1098;18.4089;20.1214;76.7571;8.5;2572.44;5.11093;0;0;0.1;0.01;0;5.81229;1;0;-1
0;1099;18.6036;33.9779;76.0126;10.0972;4312.13;6.0713;0;0;0.1;0.01;0;7.30718;0;0;-1
0;1100;18.5674;54.4259;76.1428;9.59276;3697.6;5.76799;0;0;0.1;0.01;0;3.60117;0;0;-1
0;1101;32.5513;-40.1988;76.4291;10.1849;4425.47;6.12403;0;0;0.1;0.01;0;3.81307;0;0;-1
0;1102;31.2471;-22.9456;78.5554;10.1291;4353.13;6.09048;0;0;0.1;0.01;0;5.58367;0;0;-1
0;1103;31.185;-5.98713;77.3419;8.5572;2624.72;5.14532;0;0;0.1;0.01;0;5.20116;0;0;-1
0;1104;32.374;11.7446;76.1702;9.07028;3125.72;5.45383;0;0;0.1;0.01;0;4.4639;0;0;-1
0;1105;34.518;28.4105;76.6473;10.3011;4578.67;6.1939;0;0;0.1;0.01;0;5.87625;0;0;-1
0;1106;30.9533;46.4955;78.1599;10.3268;4613.03;6.20935;0;0;0.1;0.01;0;4.16944;0;0;-1
0;1107;49.0819;-30.3937;78.6686;9.26179;3327.92;5.56898;0;0;0.1;0.01;0;1.6911;0;0;-1
0;1108;45.4477;-13.8843;75.3095;8.5304;2600.14;5.12921;0;0;0.1;0.01;0;4.76195;0;0;-1
0;1109;47.4432;0.397382;77.9757;8.55106;2619.08;5.14163;0;0;0.1;0.01;0;3.45468;0;0;-1
0;1110;48.32;20.0373;74.922;9.58572;3689.46;5.76375;0;0;0.1;0.01;0;3.87045;0;0;-1
0;1111;49.0096;36.2391;77.4659;8.5;2572.44;5.11093;0;0;0.1;0.01;0;2.34185;1;0;-1
0;1112;60.4378;-6.10548;78.4453;8.5;2572.44;5.11093;0;0;0.1;0.01;0;1.59441;1;0;-1
0;1113;-36.272;-15.7287;89.6385;9.8315;3980.59;5.91154;0;0;0.1;0.01;0;4.24812;0;0;-1
0;1114;-36.4158;1.56483;91.2439;8.5;2572.44;5.11093;0;0;0.1;0.01;0;3.92122;1;0;-1
0;1115;-38.4437;16.9527;89.8882;10.0141;4206.53;6.02133;0;0;0.1;0.01;0;3.77021;0;0;-1
0;1116;-21.1054;-24.4721;90.0502;10.4526;4783.67;6.285;0;0;0.1;0.01;0;4.94828;0;0;-1
0;1117;-23.4151;-6.36173;93.0747;10.0382;4236.98;6.03582;0;0;0.1;0.01;0;4.54077;0;0;-1
0;1118;-22.7379;11.6891;89.7667;8.5;2572.44;5.11093;0;0;0.1;0.01;0;4.56408;1;0;-1
0;1119;-21.6261;27.6357;93.3749;10.1704;4406.59;6.11531;0;0;0.1;0.01;0;3.63851;0;0;-1
0;1120;-7.47757;-31.4704;90.7933;9.99572;4183.41;6.01028;0;0;0.1;0.01;0;4.7463;0;0;-1
0;1121;-8.5348;-14.0128;89.4458;9.49792;3589.01;5.71096;0;0;0.1;0.01;0;6.43402;0;0;-1
0;1122;-6.51652;1.18071;92.6608;9.92513;4095.41;5.96784;0;0;0.1;0.01;0;5.31242;0;0;-1
0;1123;-5.81102;19.1309;93.3174;10.3778;4681.71;6.24002;0;0;0.1;0.01;0;5.37693;0;0;-1
0;1124;-7.6129;35.0407;92.3552;8.5;2572.44;5.11093;0;0;0.1;0.01;0;3.71069;1;0;-1
0;1125;5.42174;-38.5688;92.145;8.64182;2703.36;5.1962;0;0;0.1;0.01;0;2.77254;0;0;-1
0;1126;6.63507;-23.3658;92.1233;9.97299;4154.94;5.99661;0;0;0.1;0.01;0;4.85973;0;0;-1
0;1127;7.32652;-5.04305;91.6081;9.76217;3896.98;5.86985;0;0;0.1;0.01;0;4.37075;0;0;-1
0;1128;6.66732;10.8062;91.2114;9.29955;3368.79;5.59168;0;0;0.1;0.01;0;4.12339;0;0;-1
0;1129;6.09738;28.7504;90.0568;9.47028;3557.76;5.69434;0;0;0.1;0.01;0;5.33421;0;0;-1
0;1130;23.7583;-31.968;89.8597;8.5;2572.44;5.11093;0;0;0.1;0.01;0;2.95052;1;0;-1
0;1131;20.705;-13.4754;89.3551;8.96289;3016.01;5.38926;0;0;0.1;0.01;0;4.8231;0;0;-1
0;1132;22.7949;0.120457;90.1649;8.56343;2630.46;5.14907;0;0;0.1;0.01;0;3.46867;0;0;-1
0;1133;20.0084;20.8187;90.9633;8.88242;2935.5;5.34087;0;0;0.1;0.01;0;3.25189;0;0;-1
0;1134;20.8897;36.7146;90.3457;8.61361;2676.97;5.17924;0;0;0.1;0.01;0;2.71926;0;0;-1
0;1135;37.3224;-7.80635;89.7346;9.767;3902.76;5.87276;0;0;0.1;0.01;0;3.63603;0;0;-1
0;1136;35.4302;9.72684;91.1695;8.5238;2594.11;5.12524;0;0;0.1;0.01;0;1.96229;0;0;-1
