Time;ID;x;y;z;radius;volume_total;radius_nuclear;contact_ECM;freezer;polarized_fraction;motility;cell_line;Cell_cell;phase;Cycle;NFkB
0;0;-51.3159;-4.6113;-83.4206;8.5;2572.44;5.11093;0;0;0.1;0.01;0;2.64671;1;0;-1
0;1;-37.4344;-33.3457;-84.6848;9.8791;4038.69;5.94016;0;0;0.1;0.01;0;2.6753;0;0;-1
0;2;-37.6562;-13.8254;-86.4847;8.5;2572.44;5.11093;0;0;0.1;0.01;0;2.6522;1;0;-1
0;3;-38.5097;0.471103;-85.5935;8.93259;2985.53;5.37104;0;0;0.1;0.01;0;2.49605;0;0;-1
0;4;-35.4887;20.6081;-84.3373;10.0373;4235.84;6.03528;0;0;0.1;0.01;0;3.0547;0;0;-1
0;5;-21.8021;-40.6291;-87.2608;9.31441;3384.97;5.60062;0;0;0.1;0.01;0;2.80798;0;0;-1
0;6;-20.5462;-22.3997;-85.9365;8.72424;2781.45;5.24576;0;0;0.1;0.01;0;4.23707;0;0;-1
0;7;-21.0298;-8.41732;-84.5087;8.68751;2746.47;5.22367;0;0;0.1;0.01;0;4.10709;0;0;-1
0;8;-20.3045;10.7151;-85.9739;8.9461;2999.09;5.37916;0;0;0.1;0.01;0;3.39442;0;0;-1
0;9;-22.2982;28.7619;-84.0077;9.1147;3171.87;5.48054;0;0;0.1;0.01;0;3.81285;0;0;-1
0;10;-8.84611;-49.3351;-83.4147;10.3831;4688.89;6.24321;0;0;0.1;0.01;0;3.60952;0;0;-1
0;11;-7.09456;-30.7526;-87.1623;9.25676;3322.5;5.56596;0;0;0.1;0.01;0;4.75297;0;0;-1
0;12;-6.80767;-16.6189;-86.2475;8.92614;2979.06;5.36716;0;0;0.1;0.01;0;5.07789;0;0;-1
0;13;-6.59077;0.143023;-85.5151;10.1914;4433.94;6.12794;0;0;0.1;0.01;0;5.0203;0;0;-1
0;14;-7.5675;20.0327;-83.7601;10.1998;4444.92;6.13299;0;0;0.1;0.01;0;5.0059;0;0;-1
0;15;-7.67586;38.2927;-83.9322;9.71243;3837.71;5.83994;0;0;0.1;0.01;0;3.32118;0;0;-1
0;16;7.44503;-40.8694;-85.9547;10.0896;4302.4;6.06673;0;0;0.1;0.01;0;4.84687;0;0;-1
0;17;6.40321;-24.235;-83.4889;10.0954;4309.82;6.07022;0;0;0.1;0.01;0;6.03736;0;0;-1
0;18;8.7269;-6.01811;-85.8316;8.76963;2825.09;5.27305;0;0;0.1;0.01;0;3.8941;0;0;-1
0;19;6.47424;10.9358;-86.7625;8.73724;2793.9;5.25358;0;0;0.1;0.01;0;2.66685;0;0;-1
0;20;7.75801;27.753;-87.3879;8.84193;2895.54;5.31652;0;0;0.1;0.01;0;3.18386;0;0;-1
0;21;8.87863;45.3823;-83.5807;10.2972;4573.47;6.19156;0;0;0.1;0.01;0;3.80107;0;0;-1
0;22;20.2433;-49.1547;-84.4963;9.44966;3534.57;5.68194;0;0;0.1;0.01;0;3.23354;0;0;-1
0;23;23.3372;-34.0359;-86.6676;10.0918;4305.21;6.06805;0;0;0.1;0.01;0;5.12247;0;0;-1
0;24;20.6101;-15.728;-84.9675;8.5;2572.44;5.11093;0;0;0.1;0.01;0;3.28161;1;0;-1
0;25;22.481;3.45233;-86.8681;8.58914;2654.22;5.16453;0;0;0.1;0.01;0;3.59014;0;0;-1
0;26;23.6334;20.3915;-84.4883;8.88816;2941.2;5.34432;0;0;0.1;0.01;0;4.4761;0;0;-1
0;27;23.5495;37.7413;-84.8664;9.8457;3997.87;5.92008;0;0;0.1;0.01;0;3.69261;0;0;-1
0;28;36.3534;-40.1915;-83.6457;9.99562;4183.29;6.01022;0;0;0.1;0.01;0;3.76967;0;0;-1
0;29;35.4704;-25.5442;-86.1262;8.5;2572.44;5.11093;0;0;0.1;0.01;0;3.01545;1;0;-1
0;30;37.2072;-5.59852;-85.2998;10.2046;4451.19;6.13588;0;0;0.1;0.01;0;2.52957;0;0;-1
0;31;36.5595;10.8606;-83.9726;10.2277;4481.49;6.14977;0;0;0.1;0.01;0;3.93902;0;0;-1
0;32;37.59;26.9776;-83.9293;10.0868;4298.82;6.06505;0;0;0.1;0.01;0;4.35705;0;0;-1
0;33;-70.5258;-14.7664;-69.376;9.3986;3477.59;5.65124;0;0;0.1;0.01;0;2.28081;0;0;-1
0;34;-57.8098;-39.4472;-71.3449;9.97762;4160.73;5.9994;0;0;0.1;0.01;0;3.10493;0;0;-1
0;35;-56.6648;-25.1868;-72.4933;9.30194;3371.39;5.59312;0;0;0.1;0.01;0;3.99705;0;0;-1
0;36;-54.7627;-8.89535;-70.8548;8.5;2572.44;5.11093;0;0;0.1;0.01;0;4.50463;1;0;-1
0;37;-56.2928;9.85653;-69.792;10.3383;4628.45;6.21627;0;0;0.1;0.01;0;3.50764;0;0;-1
0;38;-57.7855;28.4743;-71.5052;8.5;2572.44;5.11093;0;0;0.1;0.01;0;2.15694;1;0;-1
0;39;-54.6541;46.9042;-68.5812;9.52835;3623.61;5.72926;0;0;0.1;0.01;0;3.23922;0;0;-1
0;40;-41.5501;-51.3141;-72.6743;9.08313;3139.03;5.46155;0;0;0.1;0.01;0;2.11307;0;0;-1
0;41;-41.3936;-30.4512;-70.9878;9.44447;3528.75;5.67882;0;0;0.1;0.01;0;5.73765;0;0;-1
0;42;-42.2319;-16.6209;-69.6693;10.4347;4759.14;6.27423;0;0;0.1;0.01;0;6.857;0;0;-1
0;43;-39.4157;1.73577;-69.099;8.5;2572.44;5.11093;0;0;0.1;0.01;0;4.2219;1;0;-1
0;44;-42.3648;16.7638;-69.0661;8.5;2572.44;5.11093;0;0;0.1;0.01;0;5.51319;1;0;-1
0;45;-42.4217;34.2485;-69.8631;9.48534;3574.76;5.7034;0;0;0.1;0.01;0;5.21309;0;0;-1
0;46;-41.2111;53.4609;-69.4111;8.5;2572.44;5.11093;0;0;0.1;0.01;0;3.80582;1;0;-1
0;47;-26.5832;-57.1923;-70.3586;8.69547;2754.02;5.22846;0;0;0.1;0.01;0;4.02646;0;0;-1
0;48;-28.5616;-42.5881;-68.4951;10.4235;4743.83;6.2675;0;0;0.1;0.01;0;6.38784;0;0;-1
0;49;-26.2517;-24.7395;-70.6778;8.78999;2844.81;5.28529;0;0;0.1;0.01;0;5.813;0;0;-1
0;50;-24.7286;-8.81196;-71.8653;8.5;2572.44;5.11093;0;0;0.1;0.01;0;4.47409;1;0;-1
0;51;-26.88;11.1061;-69.6487;9.33999;3412.93;5.616;0;0;0.1;0.01;0;5.35088;0;0;-1
0;52;-26.0037;26.925;-69.2391;10.0291;4225.46;6.03035;0;0;0.1;0.01;0;6.56846;0;0;-1
0;53;-27.613;43.7358;-70.6727;9.33376;3406.11;5.61225;0;0;0.1;0.01;0;4.60015;0;0;-1
0;54;-27.1651;62.1946;-69.8086;9.79464;3935.99;5.88937;0;0;0.1;0.01;0;3.73924;0;0;-1
0;55;-13.5682;-63.8519;-69.0191;9.87774;4037.02;5.93934;0;0;0.1;0.01;0;4.03946;0;0;-1
0;56;-13.8217;-48.1373;-68.3434;8.5;2572.44;5.11093;0;0;0.1;0.01;0;5.72052;1;0;-1
0;57;-11.3444;-31.1876;-72.6091;8.91585;2968.77;5.36097;0;0;0.1;0.01;0;5.09761;0;0;-1
0;58;-12.6975;-15.0532;-70.9697;9.29638;3365.35;5.58978;0;0;0.1;0.01;0;6.58778;0;0;-1
0;59;-9.9523;1.96485;-71.7781;9.45092;3535.99;5.6827;0;0;0.1;0.01;0;5.80911;0;0;-1
0;60;-11.6466;16.587;-70.1464;8.82064;2874.68;5.30372;0;0;0.1;0.01;0;5.34538;0;0;-1
0;61;-11.8859;36.6302;-70.9326;9.09843;3154.92;5.47075;0;0;0.1;0.01;0;4.65018;0;0;-1
0;62;-10.7507;55.0844;-70.3573;9.75011;3882.55;5.8626;0;0;0.1;0.01;0;3.31447;0;0;-1
0;63;2.18151;-56.2454;-69.0626;9.01971;3073.73;5.42342;0;0;0.1;0.01;0;4.73841;0;0;-1
0;64;3.94118;-40.1501;-72.0474;8.76763;2823.16;5.27185;0;0;0.1;0.01;0;5.19977;0;0;-1
0;65;2.71925;-22.8967;-68.501;10.2393;4496.76;6.15674;0;0;0.1;0.01;0;7.07161;0;0;-1
0;66;4.3431;-7.97707;-72.0157;9.90275;4067.77;5.95438;0;0;0.1;0.01;0;6.59616;0;0;-1
0;67;2.35266;10.1681;-69.218;8.5;2572.44;5.11093;0;0;0.1;0.01;0;4.96671;1;0;-1
0;68;4.4048;26.7892;-69.6902;8.5;2572.44;5.11093;0;0;0.1;0.01;0;4.49076;1;0;-1
0;69;4.43359;45.7972;-70.5466;9.40266;3482.1;5.65368;0;0;0.1;0.01;0;6.07073;0;0;-1
0;70;3.50621;63.7177;-70.1486;9.87208;4030.09;5.93594;0;0;0.1;0.01;0;3.45348;0;0;-1
0;71;16.3323;-66.2676;-69.9015;9.33398;3406.35;5.61239;0;0;0.1;0.01;0;2.89217;0;0;-1
0;72;15.9667;-47.1663;-70.9202;8.71329;2770.99;5.23917;0;0;0.1;0.01;0;4.75288;0;0;-1
0;73;19.2572;-30.203;-70.8765;10.2304;4485.04;6.15139;0;0;0.1;0.01;0;6.89026;0;0;-1
0;74;16.4061;-14.0944;-69.2253;8.5;2572.44;5.11093;0;0;0.1;0.01;0;6.69972;1;0;-1
0;75;16.9955;1.22342;-71.328;9.24351;3308.26;5.55799;0;0;0.1;0.01;0;5.44078;0;0;-1
0;76;16.0016;18.2099;-69.2048;8.72477;2781.96;5.24608;0;0;0.1;0.01;0;4.98873;0;0;-1
0;77;17.309;35.4439;-70.6337;9.03495;3089.34;5.43258;0;0;0.1;0.01;0;5.48863;0;0;-1
0;78;19.4551;55.0739;-70.2787;10.194;4437.34;6.1295;0;0;0.1;0.01;0;4.06666;0;0;-1
0;79;31.0821;-57.7932;-69.4701;8.5;2572.44;5.11093;0;0;0.1;0.01;0;3.36029;1;0;-1
0;80;31.7663;-38.5289;-68.431;9.87873;4038.24;5.93994;0;0;0.1;0.01;0;6.27446;0;0;-1
0;81;32.0177;-21.826;-69.6476;8.5;2572.44;5.11093;0;0;0.1;0.01;0;4.93403;1;0;-1
0;82;33.3336;-6.34297;-68.8072;9.53103;3626.67;5.73087;0;0;0.1;0.01;0;5.57028;0;0;-1
0;83;30.5719;12.441;-71.3005;9.73152;3860.39;5.85142;0;0;0.1;0.01;0;6.45157;0;0;-1
0;84;33.6218;28.6047;-68.5205;10.0382;4236.98;6.03582;0;0;0.1;0.01;0;6.8871;0;0;-1
0;85;34.0072;43.7485;-71.9699;8.5;2572.44;5.11093;0;0;0.1;0.01;0;4.23506;1;0;-1
0;86;46.3647;-51.2905;-68.9092;9.61922;3728.28;5.7839;0;0;0.1;0.01;0;2.76003;0;0;-1
0;87;45.9803;-30.4852;-71.9469;9.01313;3067.01;5.41946;0;0;0.1;0.01;0;4.3339;0;0;-1
0;88;47.5533;-13.4228;-71.998;9.9526;4129.51;5.98435;0;0;0.1;0.01;0;4.86581;0;0;-1
0;89;45.3331;1.65148;-69.0605;8.5;2572.44;5.11093;0;0;0.1;0.01;0;5.76117;1;0;-1
0;90;47.307;17.1278;-68.9491;10.3912;4699.87;6.24808;0;0;0.1;0.01;0;6.38356;0;0;-1
0;91;48.9696;36.8802;-71.9485;10.2103;4458.66;6.13931;0;0;0.1;0.01;0;3.53476;0;0;-1
0;92;46.6994;54.113;-69.0043;8.5;2572.44;5.11093;0;0;0.1;0.01;0;2.53707;1;0;-1
0;93;60.023;-25.6678;-72.0479;10.0688;4275.84;6.05422;0;0;0.1;0.01;0;2.75181;0;0;-1
0;94;62.5671;-5.60523;-71.9198;8.73835;2794.97;5.25424;0;0;0.1;0.01;0;2.33515;0;0;-1
0;95;61.3308;9.87649;-68.8407;9.81409;3959.49;5.90107;0;0;0.1;0.01;0;3.63425;0;0;-1
0;96;-80.3934;-8.31425;-55.4083;9.69228;3813.88;5.82783;0;0;0.1;0.01;0;2.96254;0;0;-1
0;97;-80.1238;12.4614;-54.337;8.7296;2786.58;5.24898;0;0;0.1;0.01;0;2.6123;0;0;-1
0;98;-65.7599;-48.422;-54.2734;10.1245;4347.2;6.08771;0;0;0.1;0.01;0;4.67942;0;0;-1
0;99;-67.7025;-33.8796;-55.4064;8.95215;3005.18;5.3828;0;0;0.1;0.01;0;3.30513;0;0;-1
0;100;-65.5545;-12.6506;-56.3788;8.50736;2579.13;5.11535;0;0;0.1;0.01;0;4.00049;0;0;-1
0;101;-64.5995;1.73439;-53.9671;9.72048;3847.26;5.84478;0;0;0.1;0.01;0;5.33287;0;0;-1
0;102;-68.0126;19.6483;-57.78;8.68328;2742.46;5.22113;0;0;0.1;0.01;0;3.53496;0;0;-1
0;103;-66.4443;35.4403;-55.5494;8.5;2572.44;5.11093;0;0;0.1;0.01;0;3.49234;1;0;-1
0;104;-52.2504;-59.3461;-54.8743;9.7421;3872.99;5.85778;0;0;0.1;0.01;0;4.05998;0;0;-1
0;105;-52.9205;-42.3668;-57.557;8.54632;2614.73;5.13878;0;0;0.1;0.01;0;4.59091;0;0;-1
0;106;-51.3203;-24.695;-57.8066;8.5;2572.44;5.11093;0;0;0.1;0.01;0;4.56893;1;0;-1
0;107;-49.8615;-4.79338;-57.1202;9.83619;3986.29;5.91436;0;0;0.1;0.01;0;6.42156;0;0;-1
0;108;-51.7474;12.0415;-54.386;9.7551;3888.52;5.8656;0;0;0.1;0.01;0;7.0612;0;0;-1
0;109;-51.0339;27.8545;-57.8108;10.3779;4681.85;6.24008;0;0;0.1;0.01;0;6.92876;0;0;-1
0;110;-52.1445;44.8044;-54.0128;9.75705;3890.85;5.86677;0;0;0.1;0.01;0;6.19883;0;0;-1
0;111;-50.5784;59.73;-54.4372;10.0947;4308.92;6.0698;0;0;0.1;0.01;0;5.1513;0;0;-1
0;112;-38.6616;-66.5827;-56.349;9.78686;3926.62;5.8847;0;0;0.1;0.01;0;4.10217;0;0;-1
0;113;-38.3705;-51.0472;-54.5683;9.22818;3291.83;5.54877;0;0;0.1;0.01;0;5.19211;0;0;-1
0;114;-36.5499;-31.2288;-56.2457;9.62245;3732.03;5.78584;0;0;0.1;0.01;0;6.18156;0;0;-1
0;115;-36.5259;-14.8552;-55.7974;10.2702;4537.59;6.17532;0;0;0.1;0.01;0;6.81686;0;0;-1
0;116;-37.7519;2.43951;-54.3747;8.98033;3033.65;5.39974;0;0;0.1;0.01;0;5.52334;0;0;-1
0;117;-36.0792;20.9944;-57.0198;10.2728;4541.04;6.17689;0;0;0.1;0.01;0;7.54127;0;0;-1
0;118;-35.2054;36.6532;-55.0665;8.75833;2814.18;5.26626;0;0;0.1;0.01;0;6.65355;0;0;-1
0;119;-36.9987;51.2808;-56.5067;10.0445;4244.96;6.03961;0;0;0.1;0.01;0;6.94481;0;0;-1
0;120;-35.9279;70.3141;-57.9306;10.4064;4720.52;6.25722;0;0;0.1;0.01;0;4.2723;0;0;-1
0;121;-23.9304;-76.025;-57.3269;9.56038;3660.28;5.74852;0;0;0.1;0.01;0;3.1453;0;0;-1
0;122;-21.8311;-56.2152;-56.407;9.42137;3502.92;5.66493;0;0;0.1;0.01;0;6.51093;0;0;-1
0;123;-21.0922;-40.4636;-54.8467;10.0066;4197.09;6.01682;0;0;0.1;0.01;0;6.98193;0;0;-1
0;124;-23.6231;-22.5392;-56.7391;9.91108;4078.04;5.95939;0;0;0.1;0.01;0;6.87593;0;0;-1
0;125;-21.5826;-7.15188;-56.3424;8.98657;3039.98;5.40349;0;0;0.1;0.01;0;5.62975;0;0;-1
0;126;-22.41;9.00046;-55.985;9.44496;3529.3;5.67912;0;0;0.1;0.01;0;4.80087;0;0;-1
0;127;-21.4001;25.5976;-55.584;8.61865;2681.68;5.18227;0;0;0.1;0.01;0;5.26535;0;0;-1
0;128;-21.781;42.3077;-56.6985;8.5;2572.44;5.11093;0;0;0.1;0.01;0;5.12109;1;0;-1
0;129;-22.1128;63.2073;-54.4631;10.3642;4663.33;6.23184;0;0;0.1;0.01;0;7.13631;0;0;-1
0;130;-22.0233;77.9762;-57.0144;9.14647;3205.16;5.49964;0;0;0.1;0.01;0;3.52656;0;0;-1
0;131;-9.28632;-80.7858;-56.0071;8.5;2572.44;5.11093;0;0;0.1;0.01;0;2.47019;1;0;-1
0;132;-5.76795;-65.669;-55.7481;9.0412;3095.76;5.43634;0;0;0.1;0.01;0;4.74588;0;0;-1
0;133;-6.23387;-47.1114;-55.1205;9.62786;3738.33;5.78909;0;0;0.1;0.01;0;5.88054;0;0;-1
0;134;-8.77297;-29.9204;-54.6112;9.80216;3945.06;5.8939;0;0;0.1;0.01;0;5.57549;0;0;-1
0;135;-8.94506;-14.1414;-55.4228;8.61231;2675.76;5.17846;0;0;0.1;0.01;0;5.84008;0;0;-1
0;136;-7.06418;0.365328;-56.7188;8.5;2572.44;5.11093;0;0;0.1;0.01;0;5.33836;1;0;-1
0;137;-5.92338;20.9934;-55.1494;10.3787;4682.93;6.24056;0;0;0.1;0.01;0;6.33205;0;0;-1
0;138;-8.23954;36.9529;-55.4922;10.3709;4672.38;6.23587;0;0;0.1;0.01;0;6.41131;0;0;-1
0;139;-5.83033;54.9382;-55.1087;10.4463;4775.03;6.28121;0;0;0.1;0.01;0;6.18453;0;0;-1
0;140;-8.72159;70.3297;-55.1332;8.9171;2970.02;5.36172;0;0;0.1;0.01;0;3.30239;0;0;-1
0;141;8.98718;-74.3242;-56.9061;8.95921;3012.3;5.38704;0;0;0.1;0.01;0;3.46617;0;0;-1
0;142;6.86212;-58.0811;-56.214;9.9375;4110.74;5.97527;0;0;0.1;0.01;0;6.12612;0;0;-1
0;143;7.34353;-41.7037;-54.9311;8.5;2572.44;5.11093;0;0;0.1;0.01;0;4.38079;1;0;-1
0;144;9.4009;-22.7159;-56.6022;9.348;3421.72;5.62082;0;0;0.1;0.01;0;6.49614;0;0;-1
0;145;6.03386;-8.01741;-56.861;9.37777;3454.52;5.63872;0;0;0.1;0.01;0;6.47448;0;0;-1
0;146;5.61209;9.71985;-55.2375;8.95394;3006.98;5.38387;0;0;0.1;0.01;0;4.28089;0;0;-1
0;147;8.44574;27.7527;-53.9529;10.1128;4332.14;6.08068;0;0;0.1;0.01;0;6.67711;0;0;-1
0;148;8.53516;44.9755;-55.9738;10.2821;4553.38;6.18248;0;0;0.1;0.01;0;7.63855;0;0;-1
0;149;8.84447;59.8463;-57.7116;8.76315;2818.83;5.26915;0;0;0.1;0.01;0;5.8107;0;0;-1
0;150;8.56988;79.8431;-54.341;9.33081;3402.88;5.61048;0;0;0.1;0.01;0;2.80863;0;0;-1
0;151;22.2776;-64.2626;-56.6611;9.79249;3933.4;5.88808;0;0;0.1;0.01;0;4.96692;0;0;-1
0;152;24.1782;-49.9852;-53.7219;8.97699;3030.27;5.39773;0;0;0.1;0.01;0;5.3999;0;0;-1
0;153;20.2904;-32.6133;-55.2888;9.10775;3164.62;5.47636;0;0;0.1;0.01;0;5.15356;0;0;-1
0;154;20.5198;-12.7117;-57.3704;9.31056;3380.77;5.5983;0;0;0.1;0.01;0;6.01121;0;0;-1
0;155;23.6282;1.42058;-56.4422;9.29185;3360.43;5.58705;0;0;0.1;0.01;0;5.68023;0;0;-1
0;156;23.752;20.6573;-55.7378;10.1452;4373.92;6.10016;0;0;0.1;0.01;0;6.42772;0;0;-1
0;157;22.6869;38.2411;-56.2065;10.0929;4306.62;6.06871;0;0;0.1;0.01;0;7.04193;0;0;-1
0;158;22.9269;54.3766;-53.9775;10.4336;4757.64;6.27357;0;0;0.1;0.01;0;7.09891;0;0;-1
0;159;22.0551;70.5647;-57.6892;9.08793;3144.01;5.46444;0;0;0.1;0.01;0;2.47147;0;0;-1
0;160;38.5712;-56.0251;-56.4236;9.06067;3115.8;5.44805;0;0;0.1;0.01;0;4.5534;0;0;-1
0;161;34.9373;-38.3598;-54.7219;8.60039;2664.67;5.17129;0;0;0.1;0.01;0;5.32515;0;0;-1
0;162;38.5231;-25.1005;-56.4579;9.04343;3098.05;5.43768;0;0;0.1;0.01;0;5.60472;0;0;-1
0;163;37.2058;-5.69322;-54.8335;8.57831;2644.2;5.15801;0;0;0.1;0.01;0;5.96632;0;0;-1
0;164;38.4562;8.3349;-55.4096;9.23354;3297.56;5.55199;0;0;0.1;0.01;0;6.964;0;0;-1
0;165;38.8643;25.4333;-54.6034;9.85015;4003.29;5.92275;0;0;0.1;0.01;0;6.32685;0;0;-1
0;166;36.7817;46.151;-56.6507;9.17439;3234.6;5.51643;0;0;0.1;0.01;0;5.85573;0;0;-1
0;167;36.3678;60.7325;-54.1183;8.5;2572.44;5.11093;0;0;0.1;0.01;0;4.54154;1;0;-1
0;168;52.8846;-50.9604;-56.0571;8.97539;3028.65;5.39677;0;0;0.1;0.01;0;3.28717;0;0;-1
0;169;52.0646;-31.0871;-54.1356;9.95776;4135.93;5.98746;0;0;0.1;0.01;0;5.73155;0;0;-1
0;170;52.9074;-15.0611;-54.3823;8.5;2572.44;5.11093;0;0;0.1;0.01;0;5.2295;1;0;-1
0;171;52.2501;0.0369859;-54.3907;9.99184;4178.54;6.00795;0;0;0.1;0.01;0;7.51504;0;0;-1
0;172;51.1924;18.0877;-56.0409;9.0008;3054.44;5.41205;0;0;0.1;0.01;0;6.79104;0;0;-1
0;173;52.943;34.0754;-55.766;9.24176;3306.38;5.55694;0;0;0.1;0.01;0;5.31077;0;0;-1
0;174;52.6965;55.26;-56.503;10.1122;4331.37;6.08032;0;0;0.1;0.01;0;4.26959;0;0;-1
0;175;64.6189;-40.8726;-56.6716;9.03274;3087.07;5.43126;0;0;0.1;0.01;0;2.9941;0;0;-1
0;176;67.2809;-25.0842;-56.1087;9.38578;3463.38;5.64353;0;0;0.1;0.01;0;4.42075;0;0;-1
0;177;67.7701;-4.50212;-55.1355;8.5;2572.44;5.11093;0;0;0.1;0.01;0;5.1385;1;0;-1
0;178;65.8314;11.9959;-53.8071;9.54477;3642.38;5.73913;0;0;0.1;0.01;0;5.87433;0;0;-1
0;179;66.0097;26.6428;-55.2781;8.5;2572.44;5.11093;0;0;0.1;0.01;0;3.89009;1;0;-1
0;180;64.7694;46.065;-54.3202;9.81335;3958.59;5.90062;0;0;0.1;0.01;0;3.39707;0;0;-1
0;181;79.7177;-16.8498;-56.7559;10.1836;4423.77;6.12325;0;0;0.1;0.01;0;2.82752;0;0;-1
0;182;82.2216;1.12084;-54.4664;8.92226;2975.18;5.36483;0;0;0.1;0.01;0;2.8264;0;0;-1
0;183;-87.5127;-21.6615;-40.6307;9.37018;3446.14;5.63415;0;0;0.1;0.01;0;3.14673;0;0;-1
0;184;-84.1194;-8.17141;-40.1205;10.0307;4227.49;6.03131;0;0;0.1;0.01;0;5.2213;0;0;-1
0;185;-86.31;12.3527;-39.6288;9.63572;3747.5;5.79382;0;0;0.1;0.01;0;4.4401;0;0;-1
0;186;-86.6556;29.3389;-39.2285;9.84885;4001.71;5.92197;0;0;0.1;0.01;0;3.00496;0;0;-1
0;187;-70.1827;-48.0391;-39.639;8.5;2572.44;5.11093;0;0;0.1;0.01;0;4.05701;1;0;-1
0;188;-72.1208;-33.9442;-41.5618;10.2288;4482.94;6.15043;0;0;0.1;0.01;0;5.02692;0;0;-1
0;189;-71.5967;-14.568;-41.632;8.5;2572.44;5.11093;0;0;0.1;0.01;0;5.38809;1;0;-1
0;190;-72.6822;3.61522;-40.9277;10.2704;4537.86;6.17544;0;0;0.1;0.01;0;7.38614;0;0;-1
0;191;-70.5087;19.0743;-42.0698;9.73679;3866.66;5.85459;0;0;0.1;0.01;0;6.24101;0;0;-1
0;192;-69.9867;37.0785;-42.9184;9.92192;4091.44;5.96591;0;0;0.1;0.01;0;5.68432;0;0;-1
0;193;-72.6605;51.3926;-41.1043;9.59208;3696.81;5.76758;0;0;0.1;0.01;0;3.09285;0;0;-1
0;194;-56.9536;-59.2058;-39.9317;10.3288;4615.71;6.21056;0;0;0.1;0.01;0;5.2494;0;0;-1
0;195;-56.7222;-39.4551;-41.8724;9.50868;3601.22;5.71743;0;0;0.1;0.01;0;6.64127;0;0;-1
0;196;-54.1674;-24.6449;-40.9031;9.31218;3382.54;5.59928;0;0;0.1;0.01;0;5.42102;0;0;-1
0;197;-57.4652;-7.32997;-42.0161;10.0834;4294.47;6.063;0;0;0.1;0.01;0;6.98963;0;0;-1
0;198;-55.064;9.53795;-39.8506;10.2811;4552.05;6.18188;0;0;0.1;0.01;0;6.71327;0;0;-1
0;199;-55.5411;25.8728;-41.5506;9.89022;4052.35;5.94685;0;0;0.1;0.01;0;6.11472;0;0;-1
0;200;-56.9713;42.6522;-40.1093;9.6706;3788.34;5.81479;0;0;0.1;0.01;0;6.52656;0;0;-1
0;201;-54.2548;60.4456;-39.5938;9.62047;3729.73;5.78465;0;0;0.1;0.01;0;5.24025;0;0;-1
0;202;-40.519;-80.6228;-40.9819;8.5;2572.44;5.11093;0;0;0.1;0.01;0;2.97121;1;0;-1
0;203;-41.6806;-65.8979;-39.2271;9.46189;3548.32;5.6893;0;0;0.1;0.01;0;6.38237;0;0;-1
0;204;-43.0541;-47.5194;-41.7158;8.5;2572.44;5.11093;0;0;0.1;0.01;0;4.9008;1;0;-1
0;205;-42.5707;-31.6896;-42.2087;8.64528;2706.61;5.19828;0;0;0.1;0.01;0;5.09432;0;0;-1
0;206;-40.2505;-13.4526;-40.6537;9.60474;3711.47;5.77519;0;0;0.1;0.01;0;6.10282;0;0;-1
0;207;-42.0099;1.94997;-39.9952;9.25091;3316.21;5.56244;0;0;0.1;0.01;0;6.47408;0;0;-1
0;208;-41.7767;19.6618;-42.4207;8.59492;2659.59;5.168;0;0;0.1;0.01;0;5.91378;0;0;-1
0;209;-41.4539;34.4579;-41.4125;8.78789;2842.77;5.28403;0;0;0.1;0.01;0;5.6422;0;0;-1
0;210;-40.2702;53.6179;-41.2204;9.53739;3633.94;5.73469;0;0;0.1;0.01;0;7.07319;0;0;-1
0;211;-40.8083;68.4789;-42.1379;10.3601;4657.8;6.22938;0;0;0.1;0.01;0;6.08175;0;0;-1
0;212;-27.6632;-72.9645;-42.8762;9.39388;3472.35;5.6484;0;0;0.1;0.01;0;6.10739;0;0;-1
0;213;-28.1445;-57.7309;-40.4599;10.4418;4768.86;6.2785;0;0;0.1;0.01;0;7.0939;0;0;-1
0;214;-25.2976;-38.5034;-42.3703;9.23225;3296.18;5.55122;0;0;0.1;0.01;0;5.32893;0;0;-1
0;215;-25.009;-22.376;-39.8149;9.9908;4177.24;6.00732;0;0;0.1;0.01;0;6.38928;0;0;-1
0;216;-24.7432;-5.17928;-40.6547;8.87426;2927.42;5.33596;0;0;0.1;0.01;0;5.6124;0;0;-1
0;217;-25.4509;9.75745;-41.0451;8.5;2572.44;5.11093;0;0;0.1;0.01;0;4.04213;1;0;-1
0;218;-28.1737;27.0171;-42.0135;9.3773;3454;5.63843;0;0;0.1;0.01;0;5.49082;0;0;-1
0;219;-27.2178;44.1208;-42.0934;9.59228;3697.04;5.7677;0;0;0.1;0.01;0;6.10641;0;0;-1
0;220;-27.5579;60.5372;-40.7604;9.41372;3494.4;5.66033;0;0;0.1;0.01;0;7.06796;0;0;-1
0;221;-25.0144;77.1733;-42.0763;9.57316;3674.98;5.7562;0;0;0.1;0.01;0;5.24528;0;0;-1
0;222;-12.9892;-83.1436;-42.1707;8.61093;2674.48;5.17763;0;0;0.1;0.01;0;4.03468;0;0;-1
0;223;-12.95;-67.6066;-39.7415;10.0617;4266.8;6.04995;0;0;0.1;0.01;0;6.69554;0;0;-1
0;224;-12.3947;-49.3816;-41.8341;9.18212;3242.78;5.52108;0;0;0.1;0.01;0;5.31801;0;0;-1
0;225;-9.78864;-33.3316;-39.8303;9.50911;3601.71;5.71769;0;0;0.1;0.01;0;6.11788;0;0;-1
0;226;-13.0715;-15.5143;-40.7576;8.69144;2750.2;5.22604;0;0;0.1;0.01;0;6.3724;0;0;-1
0;227;-11.0656;0.256366;-41.4462;8.66025;2720.7;5.20728;0;0;0.1;0.01;0;5.45337;0;0;-1
0;228;-12.5401;20.03;-39.3421;9.95302;4130.03;5.98461;0;0;0.1;0.01;0;6.16038;0;0;-1
0;229;-9.96353;34.3132;-39.77;8.5;2572.44;5.11093;0;0;0.1;0.01;0;6.08772;1;0;-1
0;230;-11.5639;52.9633;-39.3596;10.1789;4417.65;6.12042;0;0;0.1;0.01;0;6.47153;0;0;-1
0;231;-11.1001;70.7601;-40.0371;9.43087;3513.53;5.67065;0;0;0.1;0.01;0;5.57666;0;0;-1
0;232;-9.78659;87.1019;-39.9641;8.5;2572.44;5.11093;0;0;0.1;0.01;0;2.38743;1;0;-1
0;233;2.82293;-89.5421;-42.0505;9.11671;3173.97;5.48175;0;0;0.1;0.01;0;2.88097;0;0;-1
0;234;4.67928;-74.9287;-41.1602;8.55271;2620.59;5.14262;0;0;0.1;0.01;0;5.17688;0;0;-1
0;235;2.01565;-59.7567;-39.378;9.47364;3561.55;5.69636;0;0;0.1;0.01;0;5.4186;0;0;-1
0;236;3.62806;-40.7655;-39.8012;8.5;2572.44;5.11093;0;0;0.1;0.01;0;4.84937;1;0;-1
0;237;4.67709;-25.2796;-39.5146;9.5216;3615.92;5.7252;0;0;0.1;0.01;0;6.13695;0;0;-1
0;238;1.23373;-8.07871;-42.4289;10.2613;4525.8;6.16997;0;0;0.1;0.01;0;6.26803;0;0;-1
0;239;3.21698;10.4451;-41.0088;8.61838;2681.42;5.18211;0;0;0.1;0.01;0;4.36856;0;0;-1
0;240;4.07688;27.1887;-39.4743;8.90471;2957.66;5.35427;0;0;0.1;0.01;0;6.72627;0;0;-1
0;241;1.22649;43.0303;-40.2733;10.0973;4312.25;6.07136;0;0;0.1;0.01;0;7.97775;0;0;-1
0;242;1.52187;60.6187;-40.9753;8.5;2572.44;5.11093;0;0;0.1;0.01;0;5.36223;1;0;-1
0;243;3.9541;76.381;-41.074;9.14274;3201.24;5.4974;0;0;0.1;0.01;0;5.26537;0;0;-1
0;244;17.6757;-82.3267;-42.0928;8.5;2572.44;5.11093;0;0;0.1;0.01;0;3.29366;1;0;-1
0;245;18.2145;-65.4529;-39.2901;10.2625;4527.39;6.17069;0;0;0.1;0.01;0;5.88489;0;0;-1
0;246;17.923;-46.4587;-40.8036;8.89095;2943.97;5.346;0;0;0.1;0.01;0;5.2677;0;0;-1
0;247;17.8391;-31.764;-41.1595;8.5;2572.44;5.11093;0;0;0.1;0.01;0;5.83756;1;0;-1
0;248;19.0983;-15.4975;-41.7704;9.48375;3572.97;5.70244;0;0;0.1;0.01;0;5.92401;0;0;-1
0;249;19.7465;1.93969;-42.1563;9.10927;3166.21;5.47727;0;0;0.1;0.01;0;4.69289;0;0;-1
0;250;17.6662;17.7373;-40.5189;9.27102;3337.88;5.57453;0;0;0.1;0.01;0;5.59882;0;0;-1
0;251;19.0291;36.714;-42.8404;9.9124;4079.67;5.96018;0;0;0.1;0.01;0;7.634;0;0;-1
0;252;16.795;52.0146;-39.6889;10.0976;4312.64;6.07154;0;0;0.1;0.01;0;7.44153;0;0;-1
0;253;18.7613;68.4683;-41.1994;10.3155;4597.9;6.20256;0;0;0.1;0.01;0;5.94233;0;0;-1
0;254;16.4098;87.4196;-41.1275;10.0767;4285.92;6.05897;0;0;0.1;0.01;0;3.14605;0;0;-1
0;255;32.9518;-75.6273;-42.5037;8.64912;2710.22;5.20059;0;0;0.1;0.01;0;2.25268;0;0;-1
0;256;30.5639;-56.4937;-40.519;9.0958;3152.18;5.46917;0;0;0.1;0.01;0;6.27817;0;0;-1
0;257;33.7146;-41.1802;-40.4666;10.005;4195.08;6.01586;0;0;0.1;0.01;0;7.65393;0;0;-1
0;258;32.7767;-25.2904;-41.5691;10.1242;4346.81;6.08753;0;0;0.1;0.01;0;7.40626;0;0;-1
0;259;33.7378;-8.04986;-42.0292;8.5;2572.44;5.11093;0;0;0.1;0.01;0;4.72433;1;0;-1
0;260;33.8455;10.0434;-42.2965;8.5;2572.44;5.11093;0;0;0.1;0.01;0;5.10336;1;0;-1
0;261;33.8498;29.5199;-39.8791;8.93213;2985.06;5.37076;0;0;0.1;0.01;0;6.03464;0;0;-1
0;262;32.9464;46.1527;-39.4219;10.038;4236.72;6.0357;0;0;0.1;0.01;0;7.76748;0;0;-1
0;263;33.9182;60.084;-39.7085;9.38769;3465.49;5.64468;0;0;0.1;0.01;0;6.20678;0;0;-1
0;264;33.551;79.8432;-40.4298;8.95437;3007.42;5.38413;0;0;0.1;0.01;0;2.74361;0;0;-1
0;265;47.8282;-65.2759;-41.6035;8.94443;2997.41;5.37816;0;0;0.1;0.01;0;2.46705;0;0;-1
0;266;47.1405;-47.7037;-39.949;9.52788;3623.08;5.72898;0;0;0.1;0.01;0;5.80433;0;0;-1
0;267;47.7632;-30.2382;-39.2195;10.3176;4600.71;6.20382;0;0;0.1;0.01;0;7.6603;0;0;-1
0;268;46.7908;-14.9407;-42.5852;10.067;4273.55;6.05314;0;0;0.1;0.01;0;7.7791;0;0;-1
0;269;46.0819;2.87741;-42.1867;8.5;2572.44;5.11093;0;0;0.1;0.01;0;6.19954;1;0;-1
0;270;47.7575;16.8733;-43.0423;10.1627;4396.59;6.11068;0;0;0.1;0.01;0;7.43891;0;0;-1
0;271;46.8467;37.968;-41.1003;9.52653;3621.54;5.72816;0;0;0.1;0.01;0;6.19116;0;0;-1
0;272;46.7054;52.1422;-42.8767;9.67637;3795.12;5.81826;0;0;0.1;0.01;0;6.606;0;0;-1
0;273;46.8363;69.2615;-39.8973;9.92643;4097.02;5.96862;0;0;0.1;0.01;0;4.4958;0;0;-1
0;274;60.3724;-55.3633;-39.3276;9.8308;3979.74;5.91112;0;0;0.1;0.01;0;4.74663;0;0;-1
0;275;63.991;-41.6904;-39.8262;8.94562;2998.61;5.37887;0;0;0.1;0.01;0;4.28165;0;0;-1
0;276;61.2086;-23.3574;-39.8294;8.55006;2618.16;5.14103;0;0;0.1;0.01;0;5.54249;0;0;-1
0;277;63.4175;-7.79347;-42.3312;9.67674;3795.56;5.81848;0;0;0.1;0.01;0;6.80244;0;0;-1
0;278;63.6014;8.22928;-39.4681;10.0114;4203.13;6.01971;0;0;0.1;0.01;0;6.55959;0;0;-1
0;279;63.0203;26.1899;-42.2757;10.0357;4233.81;6.03432;0;0;0.1;0.01;0;6.07484;0;0;-1
0;280;61.5521;42.1369;-41.1988;8.88075;2933.85;5.33987;0;0;0.1;0.01;0;5.08307;0;0;-1
0;281;61.9969;60.4243;-42.4619;9.23144;3295.32;5.55073;0;0;0.1;0.01;0;3.67838;0;0;-1
0;282;74.9476;-32.4972;-43.1668;9.0112;3065.04;5.4183;0;0;0.1;0.01;0;3.21688;0;0;-1
0;283;77.7422;-15.0024;-41.1239;8.62851;2690.89;5.1882;0;0;0.1;0.01;0;4.46494;0;0;-1
0;284;76.328;-0.0867658;-41.4678;10.2851;4557.37;6.18428;0;0;0.1;0.01;0;6.87711;0;0;-1
0;285;78.7412;19.7253;-42.8219;8.99017;3043.63;5.40566;0;0;0.1;0.01;0;3.33153;0;0;-1
0;286;76.5342;34.3357;-41.9464;9.23964;3304.1;5.55566;0;0;0.1;0.01;0;3.5413;0;0;-1
0;287;90.5167;-4.56138;-40.5298;8.7003;2758.62;5.23136;0;0;0.1;0.01;0;2.23163;0;0;-1
0;288;-95.1291;-13.5097;-24.7032;8.77145;2826.85;5.27415;0;0;0.1;0.01;0;3.17419;0;0;-1
0;289;-95.6343;1.24988;-26.097;9.92316;4092.97;5.96665;0;0;0.1;0.01;0;3.87528;0;0;-1
0;290;-80.8678;-41.498;-24.6603;9.90428;4069.65;5.9553;0;0;0.1;0.01;0;2.88725;0;0;-1
0;291;-81.7943;-23.4391;-27.3467;9.5595;3659.27;5.74799;0;0;0.1;0.01;0;3.86564;0;0;-1
0;292;-78.9085;-4.65545;-26.4895;10.0423;4242.17;6.03829;0;0;0.1;0.01;0;5.59244;0;0;-1
0;293;-82.5762;10.9694;-26.452;10.1274;4350.93;6.08946;0;0;0.1;0.01;0;6.28601;0;0;-1
0;294;-82.4152;27.677;-25.1449;10.0349;4232.8;6.03384;0;0;0.1;0.01;0;5.0275;0;0;-1
0;295;-80.4017;44.5615;-28.1143;9.88358;4044.19;5.94285;0;0;0.1;0.01;0;3.28443;0;0;-1
0;296;-64.0798;-67.8794;-26.0002;8.5;2572.44;5.11093;0;0;0.1;0.01;0;2.51814;1;0;-1
0;297;-64.3813;-48.9948;-26.1292;8.77835;2833.53;5.27829;0;0;0.1;0.01;0;4.35832;0;0;-1
0;298;-64.5267;-31.265;-25.4579;9.74862;3880.77;5.8617;0;0;0.1;0.01;0;5.46924;0;0;-1
0;299;-64.4864;-12.8903;-26.9925;9.28066;3348.31;5.58033;0;0;0.1;0.01;0;5.55796;0;0;-1
0;300;-66.0789;4.44654;-26.0281;8.5;2572.44;5.11093;0;0;0.1;0.01;0;5.94073;1;0;-1
0;301;-65.4696;20.2201;-26.9318;8.59094;2655.89;5.16561;0;0;0.1;0.01;0;5.71335;0;0;-1
0;302;-64.6858;35.2187;-27.1751;10.0497;4251.56;6.04274;0;0;0.1;0.01;0;6.31042;0;0;-1
0;303;-64.5478;50.9152;-26.2296;9.27992;3347.51;5.57988;0;0;0.1;0.01;0;5.7504;0;0;-1
0;304;-66.6814;68.6693;-26.707;9.4554;3541.02;5.68539;0;0;0.1;0.01;0;2.15016;0;0;-1
0;305;-49.709;-72.4992;-27.7923;8.99661;3050.18;5.40953;0;0;0.1;0.01;0;5.22954;0;0;-1
0;306;-49.6162;-58.1777;-26.2874;9.25063;3315.91;5.56227;0;0;0.1;0.01;0;6.29489;0;0;-1
0;307;-51.541;-39.7156;-26.3454;9.3425;3415.69;5.61751;0;0;0.1;0.01;0;6.00936;0;0;-1
0;308;-52.4134;-23.1174;-27.5505;9.77632;3913.95;5.87836;0;0;0.1;0.01;0;6.55467;0;0;-1
0;309;-50.4834;-7.03409;-27.8096;9.73264;3861.72;5.8521;0;0;0.1;0.01;0;6.60948;0;0;-1
0;310;-53.0209;8.65062;-26.3244;8.9409;2993.87;5.37603;0;0;0.1;0.01;0;5.48759;0;0;-1
0;311;-51.1156;26.7875;-24.4694;9.14375;3202.3;5.498;0;0;0.1;0.01;0;5.57807;0;0;-1
0;312;-49.9871;45.513;-24.8724;9.78011;3918.5;5.88064;0;0;0.1;0.01;0;7.3376;0;0;-1
0;313;-50.6677;62.4876;-25.5824;8.75947;2815.28;5.26694;0;0;0.1;0.01;0;6.08563;0;0;-1
0;314;-51.7945;78.4812;-28.2567;8.72318;2780.44;5.24512;0;0;0.1;0.01;0;2.65306;0;0;-1
0;315;-36.4303;-82.1738;-26.5165;10.3133;4594.96;6.20124;0;0;0.1;0.01;0;6.19672;0;0;-1
0;316;-34.9875;-67.3044;-26.8024;8.88636;2939.41;5.34324;0;0;0.1;0.01;0;6.99093;0;0;-1
0;317;-38.3688;-47.1092;-27.1484;10.1598;4392.83;6.10894;0;0;0.1;0.01;0;5.71238;0;0;-1
0;318;-36.0585;-30.0831;-26.0754;9.32899;3400.89;5.60939;0;0;0.1;0.01;0;6.11472;0;0;-1
0;319;-34.6365;-13.758;-26.7986;8.77558;2830.85;5.27663;0;0;0.1;0.01;0;5.01334;0;0;-1
0;320;-36.5874;4.31647;-27.4468;8.5;2572.44;5.11093;0;0;0.1;0.01;0;4.19247;1;0;-1
0;321;-38.3591;18.5457;-27.4793;9.50184;3593.45;5.71332;0;0;0.1;0.01;0;5.45357;0;0;-1
0;322;-38.2438;34.5867;-25.1785;8.5;2572.44;5.11093;0;0;0.1;0.01;0;5.50141;1;0;-1
0;323;-37.6475;52.2768;-27.8709;9.223;3286.29;5.54566;0;0;0.1;0.01;0;6.07374;0;0;-1
0;324;-38.2091;67.7263;-25.7637;8.5;2572.44;5.11093;0;0;0.1;0.01;0;4.4866;1;0;-1
0;325;-35.5392;85.8456;-24.9522;10.2803;4550.99;6.1814;0;0;0.1;0.01;0;3.74662;0;0;-1
0;326;-21.7861;-90.7752;-25.2835;10.3383;4628.45;6.21627;0;0;0.1;0.01;0;3.9888;0;0;-1
0;327;-20.5837;-73.0898;-27.024;10.1729;4409.84;6.11682;0;0;0.1;0.01;0;8.27787;0;0;-1
0;328;-20.3454;-59.1618;-26.3108;9.74517;3876.65;5.85963;0;0;0.1;0.01;0;7.26667;0;0;-1
0;329;-22.0184;-40.5832;-26.6571;8.61701;2680.15;5.18128;0;0;0.1;0.01;0;4.98717;0;0;-1
0;330;-21.3615;-21.1076;-24.9741;10.094;4308.03;6.06938;0;0;0.1;0.01;0;6.84218;0;0;-1
0;331;-19.7202;-5.48234;-28.079;8.5;2572.44;5.11093;0;0;0.1;0.01;0;4.64927;1;0;-1
0;332;-21.3113;11.8095;-25.7688;8.5;2572.44;5.11093;0;0;0.1;0.01;0;4.00233;1;0;-1
0;333;-22.7762;28.7633;-27.7864;8.64731;2708.52;5.1995;0;0;0.1;0.01;0;5.10271;0;0;-1
0;334;-21.2677;44.7695;-27.8798;9.74786;3879.86;5.86125;0;0;0.1;0.01;0;5.84127;0;0;-1
0;335;-21.692;62.1717;-26.6131;9.66986;3787.47;5.81435;0;0;0.1;0.01;0;6.33875;0;0;-1
0;336;-22.841;78.7572;-27.9098;9.43208;3514.88;5.67137;0;0;0.1;0.01;0;5.63104;0;0;-1
0;337;-5.93985;-81.2648;-28.6484;9.37792;3454.68;5.63881;0;0;0.1;0.01;0;6.09307;0;0;-1
0;338;-7.90966;-66.6063;-26.3297;9.47884;3567.42;5.69949;0;0;0.1;0.01;0;6.68921;0;0;-1
0;339;-8.56224;-48.5911;-24.3759;9.13807;3196.33;5.49459;0;0;0.1;0.01;0;5.1861;0;0;-1
0;340;-8.20188;-29.6883;-25.5455;8.77274;2828.1;5.27492;0;0;0.1;0.01;0;5.56594;0;0;-1
0;341;-6.01054;-13.3216;-27.8135;9.41095;3491.31;5.65867;0;0;0.1;0.01;0;6.59899;0;0;-1
0;342;-5.49504;1.92677;-27.6499;8.53399;2603.42;5.13136;0;0;0.1;0.01;0;5.71084;0;0;-1
0;343;-6.61066;21.126;-25.631;9.60397;3710.57;5.77473;0;0;0.1;0.01;0;6.6988;0;0;-1
0;344;-7.09391;35.4063;-27.0959;9.34522;3418.67;5.61915;0;0;0.1;0.01;0;7.48337;0;0;-1
0;345;-7.92985;51.5129;-26.0278;8.65073;2711.73;5.20156;0;0;0.1;0.01;0;5.61085;0;0;-1
0;346;-9.34301;72.1635;-24.4862;8.6207;2683.59;5.1835;0;0;0.1;0.01;0;5.03804;0;0;-1
0;347;-9.09914;88.2414;-25.6684;8.64271;2704.2;5.19674;0;0;0.1;0.01;0;3.97018;0;0;-1
0;348;9.34607;-90.4751;-25.4134;10.3115;4592.55;6.20016;0;0;0.1;0.01;0;4.2765;0;0;-1
0;349;6.59551;-75.7921;-25.3209;9.7822;3921.01;5.88189;0;0;0.1;0.01;0;6.67359;0;0;-1
0;350;9.44514;-58.6593;-25.7705;9.33001;3402;5.61;0;0;0.1;0.01;0;5.80921;0;0;-1
0;351;5.72721;-40.033;-25.3975;9.62018;3729.39;5.78447;0;0;0.1;0.01;0;6.09786;0;0;-1
0;352;8.26535;-25.5189;-26.5935;8.72878;2785.8;5.24849;0;0;0.1;0.01;0;5.86015;0;0;-1
0;353;9.02292;-8.76492;-27.6939;10.2426;4501.11;6.15873;0;0;0.1;0.01;0;6.79895;0;0;-1
0;354;5.51557;9.93502;-25.5093;9.14542;3204.05;5.49901;0;0;0.1;0.01;0;4.58251;0;0;-1
0;355;9.434;29.3312;-27.6632;10.081;4291.4;6.06156;0;0;0.1;0.01;0;6.86151;0;0;-1
0;356;6.25122;44.0487;-25.2399;10.3766;4680.09;6.2393;0;0;0.1;0.01;0;7.20036;0;0;-1
0;357;6.86927;63.4104;-24.6217;10.1832;4423.25;6.12301;0;0;0.1;0.01;0;6.80708;0;0;-1
0;358;5.89753;78.2845;-28.0003;9.05381;3108.73;5.44392;0;0;0.1;0.01;0;5.55836;0;0;-1
0;359;8.24304;95.619;-26.8408;10.0208;4214.98;6.02536;0;0;0.1;0.01;0;2.99644;0;0;-1
0;360;22.577;-82.3694;-25.2138;9.14669;3205.39;5.49977;0;0;0.1;0.01;0;4.65734;0;0;-1
0;361;23.7021;-65.8977;-25.4736;9.51617;3609.73;5.72193;0;0;0.1;0.01;0;5.43908;0;0;-1
0;362;23.2756;-47.293;-27.4322;10.114;4333.69;6.0814;0;0;0.1;0.01;0;6.26009;0;0;-1
0;363;22.7946;-31.7614;-26.0509;9.7203;3847.05;5.84468;0;0;0.1;0.01;0;6.89824;0;0;-1
0;364;22.1283;-16.0909;-25.5859;10.0142;4206.66;6.02139;0;0;0.1;0.01;0;6.73004;0;0;-1
0;365;22.3197;1.01184;-26.8064;9.03568;3090.09;5.43302;0;0;0.1;0.01;0;5.17099;0;0;-1
0;366;23.3901;18.1882;-28.0121;9.62583;3735.97;5.78787;0;0;0.1;0.01;0;6.25302;0;0;-1
0;367;23.2487;34.9351;-27.5216;9.48752;3577.23;5.70471;0;0;0.1;0.01;0;7.41912;0;0;-1
0;368;20.595;51.1125;-24.5182;9.78732;3927.17;5.88497;0;0;0.1;0.01;0;6.26065;0;0;-1
0;369;20.2907;69.1545;-26.9538;9.41126;3491.66;5.65885;0;0;0.1;0.01;0;5.362;0;0;-1
0;370;23.3581;84.5742;-24.8035;9.48309;3572.22;5.70204;0;0;0.1;0.01;0;4.89986;0;0;-1
0;371;38.0652;-75.9928;-27.1064;9.08221;3138.07;5.461;0;0;0.1;0.01;0;3.94101;0;0;-1
0;372;35.2273;-56.9189;-27.0381;8.68961;2748.46;5.22494;0;0;0.1;0.01;0;5.60691;0;0;-1
0;373;37.5316;-39.9428;-26.8257;9.92192;4091.44;5.96591;0;0;0.1;0.01;0;7.96823;0;0;-1
0;374;37.6921;-23.1677;-27.6906;9.98008;4163.81;6.00088;0;0;0.1;0.01;0;7.59084;0;0;-1
0;375;37.4557;-7.2078;-24.8419;9.68117;3800.77;5.82115;0;0;0.1;0.01;0;6.57009;0;0;-1
0;376;35.1313;8.91259;-26.7889;8.8148;2868.97;5.30021;0;0;0.1;0.01;0;5.30944;0;0;-1
0;377;37.2277;25.3882;-24.7124;9.96675;4147.15;5.99286;0;0;0.1;0.01;0;6.87863;0;0;-1
0;378;37.0136;42.1407;-27.0982;9.84583;3998.03;5.92015;0;0;0.1;0.01;0;6.57771;0;0;-1
0;379;38.4481;63.6791;-24.9029;8.5;2572.44;5.11093;0;0;0.1;0.01;0;4.58439;1;0;-1
0;380;36.7483;78.8105;-24.8756;8.5;2572.44;5.11093;0;0;0.1;0.01;0;4.35121;1;0;-1
0;381;50.4384;-66.6504;-24.7853;10.2137;4463.11;6.14135;0;0;0.1;0.01;0;5.57037;0;0;-1
0;382;49.9621;-50.7722;-25.291;10.1728;4409.71;6.11676;0;0;0.1;0.01;0;6.85331;0;0;-1
0;383;50.0719;-33.4143;-25.032;8.55599;2623.61;5.14459;0;0;0.1;0.01;0;5.20435;0;0;-1
0;384;52.7129;-15.5635;-26.861;9.21838;3281.35;5.54288;0;0;0.1;0.01;0;6.25981;0;0;-1
0;385;51.82;1.73546;-28.333;10.0155;4208.3;6.02217;0;0;0.1;0.01;0;7.16902;0;0;-1
0;386;50.1057;17.7977;-28.5148;9.04577;3100.45;5.43909;0;0;0.1;0.01;0;6.16664;0;0;-1
0;387;50.305;34.8913;-25.0697;9.38364;3461.01;5.64225;0;0;0.1;0.01;0;5.576;0;0;-1
0;388;52.9818;54.7689;-24.6905;8.65695;2717.59;5.2053;0;0;0.1;0.01;0;4.39631;0;0;-1
0;389;52.2019;72.6239;-26.9398;9.78828;3928.33;5.88555;0;0;0.1;0.01;0;4.37816;0;0;-1
0;390;66.3601;-59.2067;-27.6359;8.99162;3045.11;5.40653;0;0;0.1;0.01;0;4.13146;0;0;-1
0;391;66.6307;-42.2264;-25.0396;8.84857;2902.07;5.32052;0;0;0.1;0.01;0;5.48398;0;0;-1
0;392;67.4832;-23.2439;-24.8689;10.3678;4668.19;6.23401;0;0;0.1;0.01;0;6.53711;0;0;-1
0;393;65.5571;-5.60058;-26.9244;8.9529;3005.94;5.38325;0;0;0.1;0.01;0;6.83954;0;0;-1
0;394;66.5829;9.45403;-25.0919;9.2484;3313.51;5.56093;0;0;0.1;0.01;0;5.82307;0;0;-1
0;395;64.8758;25.4069;-25.5997;9.8348;3984.6;5.91352;0;0;0.1;0.01;0;4.80894;0;0;-1
0;396;66.3823;46.5055;-25.9053;10.0347;4232.55;6.03372;0;0;0.1;0.01;0;5.81671;0;0;-1
0;397;65.0725;62.278;-27.5163;10.0508;4252.95;6.0434;0;0;0.1;0.01;0;4.96985;0;0;-1
0;398;79.4166;-51.2645;-25.82;10.1042;4321.1;6.07551;0;0;0.1;0.01;0;2.17793;0;0;-1
0;399;81.8805;-34.2055;-24.8303;10.2512;4512.45;6.1639;0;0;0.1;0.01;0;3.41537;0;0;-1
0;400;80.7525;-16.8111;-25.3488;8.88357;2936.64;5.34156;0;0;0.1;0.01;0;4.4691;0;0;-1
0;401;79.7978;-0.230736;-26.2408;9.30496;3374.68;5.59494;0;0;0.1;0.01;0;4.87172;0;0;-1
0;402;83.2175;17.7943;-25.2689;9.79833;3940.44;5.89159;0;0;0.1;0.01;0;4.14641;0;0;-1
0;403;79.098;33.7652;-27.992;8.5;2572.44;5.11093;0;0;0.1;0.01;0;3.36546;1;0;-1
0;404;79.3715;54.6235;-26.5413;10.3516;4646.34;6.22427;0;0;0.1;0.01;0;2.70854;0;0;-1
0;405;-98.4412;0.962329;-11.8067;10.2755;4544.62;6.17851;0;0;0.1;0.01;0;3.70479;0;0;-1
0;406;-84.2846;-42.0855;-11.2501;9.08598;3141.98;5.46327;0;0;0.1;0.01;0;3.46725;0;0;-1
0;407;-84.3739;-23.5399;-10.3046;10.4098;4725.15;6.25926;0;0;0.1;0.01;0;5.70373;0;0;-1
0;408;-85.2139;-7.13284;-12.4847;8.91246;2965.39;5.35893;0;0;0.1;0.01;0;5.26747;0;0;-1
0;409;-83.3467;11.6475;-11.9311;10.149;4378.83;6.10245;0;0;0.1;0.01;0;5.92234;0;0;-1
0;410;-84.8151;29.1406;-12.4335;8.5;2572.44;5.11093;0;0;0.1;0.01;0;4.12927;1;0;-1
0;411;-84.0321;42.4966;-11.3157;9.39125;3469.44;5.64682;0;0;0.1;0.01;0;4.12704;0;0;-1
0;412;-70.8122;-68.4356;-10.0657;8.78734;2842.24;5.2837;0;0;0.1;0.01;0;2.136;0;0;-1
0;413;-69.2282;-49.2662;-11.9932;9.51949;3613.51;5.72393;0;0;0.1;0.01;0;4.76792;0;0;-1
0;414;-69.8954;-32.5573;-10.1373;9.37135;3447.43;5.63486;0;0;0.1;0.01;0;6.79776;0;0;-1
0;415;-72.1611;-15.7393;-11.6952;9.40543;3485.17;5.65535;0;0;0.1;0.01;0;6.58616;0;0;-1
0;416;-70.7969;3.17218;-10.3145;8.76929;2824.76;5.27285;0;0;0.1;0.01;0;6.07239;0;0;-1
0;417;-68.3536;17.3743;-12.952;8.58719;2652.42;5.16335;0;0;0.1;0.01;0;4.93314;0;0;-1
0;418;-69.493;36.4715;-11.9863;9.59908;3704.91;5.77179;0;0;0.1;0.01;0;6.34106;0;0;-1
0;419;-71.9186;53.7846;-13.0236;8.9755;3028.76;5.39684;0;0;0.1;0.01;0;4.4175;0;0;-1
0;420;-54.2872;-75.1335;-9.72224;8.85847;2911.82;5.32647;0;0;0.1;0.01;0;3.814;0;0;-1
0;421;-56.6191;-58.2384;-12.3498;9.39962;3478.72;5.65186;0;0;0.1;0.01;0;5.3848;0;0;-1
0;422;-57.3305;-39.2018;-10.3221;8.57706;2643.04;5.15726;0;0;0.1;0.01;0;5.56588;0;0;-1
0;423;-57.3152;-23.9575;-11.8597;8.5;2572.44;5.11093;0;0;0.1;0.01;0;5.49179;1;0;-1
0;424;-55.2382;-7.21815;-11.8118;9.00601;3059.75;5.41518;0;0;0.1;0.01;0;5.50098;0;0;-1
0;425;-54.308;8.60321;-12.5432;10.0595;4264.01;6.04863;0;0;0.1;0.01;0;5.98951;0;0;-1
0;426;-57.3437;29.7714;-12.8204;8.5;2572.44;5.11093;0;0;0.1;0.01;0;5.63846;1;0;-1
0;427;-55.1158;44.7188;-11.8318;9.28257;3350.37;5.58147;0;0;0.1;0.01;0;6.85741;0;0;-1
0;428;-57.9516;60.032;-10.6859;9.74725;3879.14;5.86088;0;0;0.1;0.01;0;5.45019;0;0;-1
0;429;-42.7889;-83.6443;-13.2573;10.0889;4301.5;6.06631;0;0;0.1;0.01;0;4.25742;0;0;-1
0;430;-39.3552;-64.6247;-11.5676;9.79525;3936.73;5.88974;0;0;0.1;0.01;0;5.60896;0;0;-1
0;431;-41.0527;-49.3542;-10.6949;8.52157;2592.07;5.1239;0;0;0.1;0.01;0;5.07715;0;0;-1
0;432;-41.2213;-32.6037;-12.3608;9.80366;3946.87;5.8948;0;0;0.1;0.01;0;6.13863;0;0;-1
0;433;-42.0836;-14.344;-13.5191;10.014;4206.41;6.02127;0;0;0.1;0.01;0;6.08348;0;0;-1
0;434;-40.9221;3.07539;-10.7852;9.48602;3575.53;5.70381;0;0;0.1;0.01;0;5.76965;0;0;-1
0;435;-39.4025;20.0895;-11.2068;10.0097;4200.99;6.01869;0;0;0.1;0.01;0;6.27748;0;0;-1
0;436;-42.1272;36.9051;-13.1727;9.33057;3402.62;5.61034;0;0;0.1;0.01;0;7.19884;0;0;-1
0;437;-42.6545;52.2178;-12.6286;8.5;2572.44;5.11093;0;0;0.1;0.01;0;5.05065;1;0;-1
0;438;-43.0052;70.6868;-12.5567;8.74544;2801.78;5.25851;0;0;0.1;0.01;0;4.72139;0;0;-1
0;439;-43.2518;85.1327;-13.3388;8.5;2572.44;5.11093;0;0;0.1;0.01;0;3.42497;1;0;-1
0;440;-27.9004;-93.1794;-13.0817;9.62079;3730.1;5.78484;0;0;0.1;0.01;0;4.31932;0;0;-1
0;441;-28.1468;-76.8721;-13.0051;10.1441;4372.49;6.0995;0;0;0.1;0.01;0;7.0554;0;0;-1
0;442;-24.6956;-56.5739;-12.2888;10.3899;4698.1;6.2473;0;0;0.1;0.01;0;7.30681;0;0;-1
0;443;-27.3655;-41.7524;-10.1919;10.4383;4764.07;6.2764;0;0;0.1;0.01;0;7.63253;0;0;-1
0;444;-26.6316;-22.2858;-11.8595;10.2193;4470.46;6.14472;0;0;0.1;0.01;0;6.6493;0;0;-1
0;445;-24.9548;-7.30932;-10.3196;8.54228;2611.02;5.13635;0;0;0.1;0.01;0;4.69868;0;0;-1
0;446;-25.139;9.14689;-10.2558;9.43114;3513.83;5.67081;0;0;0.1;0.01;0;5.17523;0;0;-1
0;447;-27.4334;28.4656;-10.582;10.2555;4518.13;6.16648;0;0;0.1;0.01;0;6.15127;0;0;-1
0;448;-28.3065;42.9582;-10.7763;9.06343;3118.65;5.44971;0;0;0.1;0.01;0;5.62615;0;0;-1
0;449;-24.4426;59.0676;-12.8413;8.80537;2859.77;5.29454;0;0;0.1;0.01;0;4.53431;0;0;-1
0;450;-24.774;77.6991;-12.2469;9.85517;4009.41;5.92577;0;0;0.1;0.01;0;6.45146;0;0;-1
0;451;-24.8582;94.6746;-14.0116;10.1999;4445.05;6.13305;0;0;0.1;0.01;0;3.54286;0;0;-1
0;452;-13.5498;-83.3075;-11.0901;8.5;2572.44;5.11093;0;0;0.1;0.01;0;4.45427;1;0;-1
0;453;-12.7702;-65.4527;-13.2529;8.5;2572.44;5.11093;0;0;0.1;0.01;0;5.52588;1;0;-1
0;454;-12.6937;-48.4386;-9.70732;9.49539;3586.14;5.70944;0;0;0.1;0.01;0;6.60637;0;0;-1
0;455;-11.4452;-32.3665;-11.7598;10.4018;4714.27;6.25445;0;0;0.1;0.01;0;7.25741;0;0;-1
0;456;-10.3976;-14.2708;-10.7252;8.5;2572.44;5.11093;0;0;0.1;0.01;0;6.05965;1;0;-1
0;457;-10.7178;0.963242;-11.6011;10.2021;4447.92;6.13437;0;0;0.1;0.01;0;7.1613;0;0;-1
0;458;-10.7309;16.9695;-11.6233;9.08701;3143.05;5.46389;0;0;0.1;0.01;0;5.76941;0;0;-1
0;459;-11.5934;34.2435;-12.5383;8.56015;2627.44;5.14709;0;0;0.1;0.01;0;4.61784;0;0;-1
0;460;-10.3534;50.965;-10.6073;8.54843;2616.66;5.14005;0;0;0.1;0.01;0;5.22025;0;0;-1
0;461;-10.5255;67.4167;-11.6297;9.0735;3129.05;5.45576;0;0;0.1;0.01;0;5.90931;0;0;-1
0;462;-11.6971;87.2561;-12.4355;8.5;2572.44;5.11093;0;0;0.1;0.01;0;4.79321;1;0;-1
0;463;4.39314;-91.5518;-10.5874;8.69412;2752.74;5.22765;0;0;0.1;0.01;0;3.76578;0;0;-1
0;464;1.53983;-75.9926;-12.1271;8.5;2572.44;5.11093;0;0;0.1;0.01;0;5.4899;1;0;-1
0;465;1.34373;-59.4746;-12.8575;8.86284;2916.13;5.3291;0;0;0.1;0.01;0;6.06213;0;0;-1
0;466;1.68191;-41.2597;-12.623;9.63019;3741.05;5.79049;0;0;0.1;0.01;0;6.53646;0;0;-1
0;467;1.26762;-21.5681;-10.4675;9.21799;3280.93;5.54264;0;0;0.1;0.01;0;6.60775;0;0;-1
0;468;1.59583;-7.44683;-12.1304;8.63646;2698.34;5.19298;0;0;0.1;0.01;0;6.12597;0;0;-1
0;469;3.27985;8.17342;-12.2785;10.1133;4332.79;6.08098;0;0;0.1;0.01;0;6.21196;0;0;-1
0;470;3.19002;25.1292;-13.5535;9.05314;3108.04;5.44352;0;0;0.1;0.01;0;4.72233;0;0;-1
0;471;1.98895;43.7643;-10.4963;9.3009;3370.26;5.5925;0;0;0.1;0.01;0;5.57762;0;0;-1
0;472;2.33529;59.5224;-10.7511;9.45512;3540.71;5.68523;0;0;0.1;0.01;0;6.58752;0;0;-1
0;473;2.7071;76.7532;-10.3979;8.91847;2971.39;5.36255;0;0;0.1;0.01;0;6.03274;0;0;-1
0;474;3.09501;94.0417;-11.4643;10.2647;4530.3;6.17202;0;0;0.1;0.01;0;4.46033;0;0;-1
0;475;18.8189;-85.1791;-10.5335;9.35595;3430.46;5.6256;0;0;0.1;0.01;0;5.79926;0;0;-1
0;476;16.071;-68.1922;-10.5137;9.47166;3559.32;5.69517;0;0;0.1;0.01;0;6.35289;0;0;-1
0;477;15.9651;-51.4719;-9.87419;9.86583;4022.44;5.93218;0;0;0.1;0.01;0;5.77925;0;0;-1
0;478;15.524;-33.3896;-10.5234;9.65096;3765.3;5.80298;0;0;0.1;0.01;0;5.74403;0;0;-1
0;479;16.0377;-16.2982;-11.4692;8.57311;2639.39;5.15489;0;0;0.1;0.01;0;5.90873;0;0;-1
0;480;16.4166;1.11702;-11.4585;9.38448;3461.94;5.64275;0;0;0.1;0.01;0;5.57892;0;0;-1
0;481;19.4879;20.9033;-10.8753;9.88972;4051.73;5.94655;0;0;0.1;0.01;0;6.05004;0;0;-1
0;482;19.6231;38.1871;-13.1693;8.5;2572.44;5.11093;0;0;0.1;0.01;0;5.08509;1;0;-1
0;483;18.1853;54.5344;-11.4702;8.5;2572.44;5.11093;0;0;0.1;0.01;0;4.93119;1;0;-1
0;484;17.3063;71.4352;-10.3206;10.3965;4707.06;6.25126;0;0;0.1;0.01;0;7.11151;0;0;-1
0;485;15.6977;84.974;-12.5697;8.5;2572.44;5.11093;0;0;0.1;0.01;0;5.45237;1;0;-1
0;486;31.9457;-93.7257;-12.0389;8.83098;2884.8;5.30994;0;0;0.1;0.01;0;1.85738;0;0;-1
0;487;33.3611;-76.6509;-12.3234;9.41174;3492.19;5.65914;0;0;0.1;0.01;0;5.65264;0;0;-1
0;488;32.8895;-55.3921;-10.3538;9.45135;3536.47;5.68296;0;0;0.1;0.01;0;4.99291;0;0;-1
0;489;34.168;-38.8928;-10.1263;9.62386;3733.67;5.78669;0;0;0.1;0.01;0;6.14461;0;0;-1
0;490;31.2303;-21.3569;-12.2757;9.89423;4057.28;5.94926;0;0;0.1;0.01;0;7.10787;0;0;-1
0;491;33.1392;-6.33918;-10.7754;8.88235;2935.43;5.34083;0;0;0.1;0.01;0;5.56072;0;0;-1
0;492;33.5009;11.7942;-12.9142;10.3784;4682.52;6.24038;0;0;0.1;0.01;0;7.01811;0;0;-1
0;493;31.4716;29.05;-10.8336;9.24443;3309.25;5.55854;0;0;0.1;0.01;0;6.82168;0;0;-1
0;494;33.5347;46.2591;-13.251;9.56238;3662.58;5.74972;0;0;0.1;0.01;0;5.98789;0;0;-1
0;495;32.7954;63.4873;-10.3676;8.6173;2680.42;5.18146;0;0;0.1;0.01;0;5.98431;0;0;-1
0;496;32.2634;79.3809;-10.1226;10.0567;4260.45;6.04695;0;0;0.1;0.01;0;6.38654;0;0;-1
0;497;45.9689;-82.9371;-10.7931;8.5;2572.44;5.11093;0;0;0.1;0.01;0;4.15564;1;0;-1
0;498;48.1309;-67.8922;-11.4529;9.53328;3629.24;5.73222;0;0;0.1;0.01;0;6.01261;0;0;-1
0;499;47.699;-47.7307;-11.9656;9.34097;3414.01;5.61659;0;0;0.1;0.01;0;6.11585;0;0;-1
0;500;48.6159;-31.7064;-12.5228;9.05733;3112.36;5.44604;0;0;0.1;0.01;0;5.54125;0;0;-1
0;501;45.5598;-14.7403;-10.9519;9.15165;3210.6;5.50275;0;0;0.1;0.01;0;6.26692;0;0;-1
0;502;46.5969;0.436918;-11.0282;10.1585;4391.14;6.10816;0;0;0.1;0.01;0;7.44482;0;0;-1
0;503;47.7361;18.1177;-13.431;10.1742;4411.53;6.1176;0;0;0.1;0.01;0;7.74631;0;0;-1
0;504;47.9005;34.6529;-10.5437;9.51622;3609.79;5.72196;0;0;0.1;0.01;0;6.4281;0;0;-1
0;505;45.946;55.1915;-12.4948;8.5;2572.44;5.11093;0;0;0.1;0.01;0;5.01953;1;0;-1
0;506;46.2867;68.4954;-10.008;9.24156;3306.16;5.55682;0;0;0.1;0.01;0;6.17036;0;0;-1
0;507;47.697;85.6444;-13.0941;8.6403;2701.94;5.19529;0;0;0.1;0.01;0;2.33779;0;0;-1
0;508;61.0944;-74.2489;-11.2893;10.3036;4582.01;6.19541;0;0;0.1;0.01;0;3.19883;0;0;-1
0;509;60.3056;-56.0646;-13.3028;9.61516;3723.56;5.78146;0;0;0.1;0.01;0;6.39318;0;0;-1
0;510;61.4377;-42.1481;-11.6161;9.39919;3478.24;5.6516;0;0;0.1;0.01;0;6.412;0;0;-1
0;511;62.5771;-25.7798;-11.863;9.28468;3352.66;5.58274;0;0;0.1;0.01;0;5.84274;0;0;-1
0;512;62.7407;-7.65071;-11.5011;9.83406;3983.7;5.91308;0;0;0.1;0.01;0;6.46857;0;0;-1
0;513;60.7344;9.37167;-12.811;10.2245;4477.29;6.14784;0;0;0.1;0.01;0;6.65863;0;0;-1
0;514;61.9682;28.7562;-10.2225;9.92591;4096.37;5.96831;0;0;0.1;0.01;0;6.30853;0;0;-1
0;515;62.6717;45.9869;-11.1307;9.50542;3597.51;5.71547;0;0;0.1;0.01;0;5.70438;0;0;-1
0;516;63.2356;63.5922;-10.8024;10.0981;4313.28;6.07184;0;0;0.1;0.01;0;5.3337;0;0;-1
0;517;61.0468;77.9239;-13.7936;8.90529;2958.24;5.35462;0;0;0.1;0.01;0;2.77296;0;0;-1
0;518;77.6039;-47.5306;-10.8117;8.5;2572.44;5.11093;0;0;0.1;0.01;0;3.89058;1;0;-1
0;519;77.3342;-30.0361;-11.2447;8.60685;2670.68;5.17517;0;0;0.1;0.01;0;5.62842;0;0;-1
0;520;75.3008;-14.4409;-10.8538;10.4528;4783.95;6.28512;0;0;0.1;0.01;0;7.80092;0;0;-1
0;521;74.9426;1.12034;-10.9952;8.5;2572.44;5.11093;0;0;0.1;0.01;0;6.16564;1;0;-1
0;522;76.6068;18.0114;-13.3365;8.69993;2758.26;5.23114;0;0;0.1;0.01;0;5.75006;0;0;-1
0;523;75.0665;34.8528;-12.7104;8.5;2572.44;5.11093;0;0;0.1;0.01;0;5.25354;1;0;-1
0;524;75.3413;51.4844;-10.2309;9.24246;3307.13;5.55736;0;0;0.1;0.01;0;5.72049;0;0;-1
0;525;89.5835;-22.1739;-11.9586;8.5;2572.44;5.11093;0;0;0.1;0.01;0;3.79162;1;0;-1
0;526;90.0708;-4.25158;-10.1438;9.67018;3787.85;5.81454;0;0;0.1;0.01;0;4.11979;0;0;-1
0;527;89.5576;12.0098;-11.0225;8.94815;3001.15;5.38039;0;0;0.1;0.01;0;4.80297;0;0;-1
0;528;89.4262;27.0268;-11.199;8.57982;2645.59;5.15892;0;0;0.1;0.01;0;4.5148;0;0;-1
0;529;89.2382;43.5652;-9.84633;10.0381;4236.85;6.03576;0;0;0.1;0.01;0;3.2936;0;0;-1
0;530;-93.9388;-16.5782;2.39296;9.45997;3546.16;5.68814;0;0;0.1;0.01;0;3.16949;0;0;-1
0;531;-95.6876;2.72966;3.43346;9.65336;3768.11;5.80443;0;0;0.1;0.01;0;3.78381;0;0;-1
0;532;-95.9075;18.6872;2.15781;10.2032;4449.36;6.13504;0;0;0.1;0.01;0;3.23987;0;0;-1
0;533;-79.674;-55.9214;3.04065;8.5;2572.44;5.11093;0;0;0.1;0.01;0;2.64053;1;0;-1
0;534;-82.6287;-41.5232;4.68601;9.80047;3943.02;5.89288;0;0;0.1;0.01;0;4.17408;0;0;-1
0;535;-80.5969;-23.2253;2.9728;9.80139;3944.13;5.89343;0;0;0.1;0.01;0;6.45395;0;0;-1
0;536;-79.8674;-6.13377;3.72419;9.46528;3552.13;5.69134;0;0;0.1;0.01;0;5.92353;0;0;-1
0;537;-81.795;10.3547;2.71565;8.90491;2957.86;5.35439;0;0;0.1;0.01;0;4.70745;0;0;-1
0;538;-80.5988;25.4952;1.20646;8.5;2572.44;5.11093;0;0;0.1;0.01;0;3.69663;1;0;-1
0;539;-82.6824;44.0742;2.76878;10.2457;4505.19;6.16059;0;0;0.1;0.01;0;4.42275;0;0;-1
0;540;-78.9041;61.1261;3.37762;9.4202;3501.62;5.66423;0;0;0.1;0.01;0;2.55927;0;0;-1
0;541;-63.8845;-65.5093;1.67754;8.86781;2921.04;5.33209;0;0;0.1;0.01;0;4.00733;0;0;-1
0;542;-64.2789;-47.2864;4.39989;10.2617;4526.33;6.17021;0;0;0.1;0.01;0;6.23403;0;0;-1
0;543;-68.3926;-33.0476;3.55631;8.92266;2975.58;5.36507;0;0;0.1;0.01;0;5.75849;0;0;-1
0;544;-67.7957;-14.8232;1.72314;10.4365;4761.6;6.27532;0;0;0.1;0.01;0;6.92683;0;0;-1
0;545;-67.1931;0.401491;3.73666;10.3306;4618.12;6.21164;0;0;0.1;0.01;0;6.93357;0;0;-1
0;546;-64.7299;17.1267;3.36655;10.4477;4776.95;6.28205;0;0;0.1;0.01;0;6.01885;0;0;-1
0;547;-65.1793;36.5239;3.09409;10.4249;4745.74;6.26834;0;0;0.1;0.01;0;6.60277;0;0;-1
0;548;-65.5657;52.03;3.22204;9.47993;3568.65;5.70014;0;0;0.1;0.01;0;5.48037;0;0;-1
0;549;-64.9454;70.4108;3.16404;8.5;2572.44;5.11093;0;0;0.1;0.01;0;2.3497;1;0;-1
0;550;-49.9113;-75.3348;3.24011;8.5823;2647.89;5.16041;0;0;0.1;0.01;0;5.00505;0;0;-1
0;551;-50.3432;-59.3901;4.21539;8.71413;2771.79;5.23968;0;0;0.1;0.01;0;5.50531;0;0;-1
0;552;-50.9537;-42.3276;3.34081;8.72965;2786.63;5.24901;0;0;0.1;0.01;0;5.46157;0;0;-1
0;553;-52.1121;-24.4734;3.65691;8.58632;2651.61;5.16283;0;0;0.1;0.01;0;4.18662;0;0;-1
0;554;-49.6389;-5.37711;2.14775;8.5;2572.44;5.11093;0;0;0.1;0.01;0;4.35422;1;0;-1
0;555;-52.301;10.0586;3.75043;8.5;2572.44;5.11093;0;0;0.1;0.01;0;4.98801;1;0;-1
0;556;-52.7545;25.838;2.69983;8.5;2572.44;5.11093;0;0;0.1;0.01;0;5.48426;1;0;-1
0;557;-50.2684;42.9865;5.11474;9.8444;3996.28;5.91929;0;0;0.1;0.01;0;5.97227;0;0;-1
0;558;-50.755;63.4578;1.83505;9.04923;3104.01;5.44117;0;0;0.1;0.01;0;5.2136;0;0;-1
0;559;-51.4584;78.118;1.28585;9.76208;3896.87;5.8698;0;0;0.1;0.01;0;4.43674;0;0;-1
0;560;-34.9751;-84.0154;3.44305;9.36644;3442.01;5.6319;0;0;0.1;0.01;0;5.15459;0;0;-1
0;561;-38.501;-67.3863;3.24976;9.15764;3216.91;5.50636;0;0;0.1;0.01;0;5.3543;0;0;-1
0;562;-36.703;-50.3914;4.12461;8.5;2572.44;5.11093;0;0;0.1;0.01;0;5.17215;1;0;-1
0;563;-35.8312;-32.624;2.67985;9.95707;4135.07;5.98704;0;0;0.1;0.01;0;6.05488;0;0;-1
0;564;-38.0797;-14.0886;3.15187;8.97516;3028.41;5.39663;0;0;0.1;0.01;0;4.98452;0;0;-1
0;565;-36.6328;3.18063;4.03809;8.90095;2953.91;5.35201;0;0;0.1;0.01;0;5.85675;0;0;-1
0;566;-38.14;19.9751;2.9186;10.1518;4382.46;6.10413;0;0;0.1;0.01;0;6.86771;0;0;-1
0;567;-38.1957;36.3086;1.02602;8.89588;2948.87;5.34896;0;0;0.1;0.01;0;5.93265;0;0;-1
0;568;-35.4159;50.8418;2.86182;9.82839;3976.82;5.90967;0;0;0.1;0.01;0;5.01426;0;0;-1
0;569;-35.7455;71.7424;1.34231;10.4423;4769.55;6.2788;0;0;0.1;0.01;0;6.28653;0;0;-1
0;570;-35.3263;87.8909;3.29116;9.58234;3685.56;5.76172;0;0;0.1;0.01;0;5.14507;0;0;-1
0;571;-20.7794;-93.6581;1.60099;9.51832;3612.18;5.72323;0;0;0.1;0.01;0;4.31265;0;0;-1
0;572;-20.5643;-76.606;4.60207;8.53528;2604.61;5.13214;0;0;0.1;0.01;0;5.26429;0;0;-1
0;573;-23.6246;-57.6389;1.53866;9.2155;3278.27;5.54115;0;0;0.1;0.01;0;6.0043;0;0;-1
0;574;-23.2234;-40.3594;2.14304;9.25268;3318.11;5.5635;0;0;0.1;0.01;0;6.41776;0;0;-1
0;575;-21.1659;-23.0807;3.57472;8.5;2572.44;5.11093;0;0;0.1;0.01;0;5.39918;1;0;-1
0;576;-20.5811;-5.19115;3.33846;8.55675;2624.31;5.14505;0;0;0.1;0.01;0;6.16222;0;0;-1
0;577;-20.1908;9.99366;4.07141;10.1133;4332.79;6.08098;0;0;0.1;0.01;0;6.9009;0;0;-1
0;578;-23.9441;27.5189;1.88861;8.5874;2652.61;5.16348;0;0;0.1;0.01;0;3.9922;0;0;-1
0;579;-19.933;46.9969;1.82978;9.19996;3261.72;5.5318;0;0;0.1;0.01;0;4.54628;0;0;-1
0;580;-22.0299;63.3243;2.16734;9.89483;4058.01;5.94962;0;0;0.1;0.01;0;6.65985;0;0;-1
0;581;-22.1885;77.5562;1.90677;9.60554;3712.39;5.77567;0;0;0.1;0.01;0;6.19837;0;0;-1
0;582;-23.3671;96.234;1.35829;9.90756;4073.7;5.95727;0;0;0.1;0.01;0;3.41978;0;0;-1
0;583;-7.07091;-98.9498;0.926339;10.0776;4287.06;6.05951;0;0;0.1;0.01;0;2.97523;0;0;-1
0;584;-5.6483;-81.0572;3.71236;8.73414;2790.93;5.25171;0;0;0.1;0.01;0;5.6264;0;0;-1
0;585;-9.08091;-66.6472;2.77427;10.3839;4689.97;6.24369;0;0;0.1;0.01;0;5.75147;0;0;-1
0;586;-7.6335;-49.2526;2.31423;8.64791;2709.08;5.19986;0;0;0.1;0.01;0;5.09554;0;0;-1
0;587;-7.4645;-29.9723;2.51874;9.4445;3528.79;5.67884;0;0;0.1;0.01;0;6.35225;0;0;-1
0;588;-8.78001;-14.1916;3.11767;9.71029;3835.18;5.83866;0;0;0.1;0.01;0;6.88051;0;0;-1
0;589;-7.88621;1.80527;3.77667;8.5;2572.44;5.11093;0;0;0.1;0.01;0;5.90062;1;0;-1
0;590;-6.29782;17.3557;1.34219;8.51996;2590.61;5.12293;0;0;0.1;0.01;0;5.93093;0;0;-1
0;591;-6.1628;34.6541;3.70351;9.22465;3288.05;5.54665;0;0;0.1;0.01;0;5.5074;0;0;-1
0;592;-5.76312;51.804;3.54288;8.5;2572.44;5.11093;0;0;0.1;0.01;0;5.86945;1;0;-1
0;593;-7.56734;71.7845;2.33357;10.3283;4615.04;6.21026;0;0;0.1;0.01;0;6.8545;0;0;-1
0;594;-9.20499;88.3802;3.68108;9.77079;3907.31;5.87503;0;0;0.1;0.01;0;4.9749;0;0;-1
0;595;8.04357;-92.1744;3.09784;8.71605;2773.63;5.24083;0;0;0.1;0.01;0;4.70678;0;0;-1
0;596;8.63559;-76.0903;1.82662;9.61678;3725.44;5.78243;0;0;0.1;0.01;0;7.03913;0;0;-1
0;597;5.95336;-58.9239;1.68916;10.096;4310.59;6.07058;0;0;0.1;0.01;0;6.91923;0;0;-1
0;598;7.03291;-42.7356;3.59003;9.83689;3987.15;5.91478;0;0;0.1;0.01;0;6.72656;0;0;-1
0;599;7.54766;-24.9359;1.8479;9.5353;3631.55;5.73344;0;0;0.1;0.01;0;6.50648;0;0;-1
0;600;9.35722;-8.46197;4.44502;10.1237;4346.17;6.08723;0;0;0.1;0.01;0;5.9307;0;0;-1
0;601;5.73551;10.4495;2.77424;8.89902;2951.99;5.35085;0;0;0.1;0.01;0;4.96034;0;0;-1
0;602;7.6283;25.4201;2.11797;9.91149;4078.55;5.95964;0;0;0.1;0.01;0;6.08871;0;0;-1
0;603;8.38287;44.0584;2.34513;8.5;2572.44;5.11093;0;0;0.1;0.01;0;5.04566;1;0;-1
0;604;6.90966;60.3898;1.62227;8.5;2572.44;5.11093;0;0;0.1;0.01;0;5.65827;1;0;-1
0;605;8.80263;76.5032;2.67865;8.62821;2690.61;5.18802;0;0;0.1;0.01;0;5.79802;0;0;-1
0;606;5.61026;97.9078;1.52042;9.70502;3828.93;5.83549;0;0;0.1;0.01;0;2.82645;0;0;-1
0;607;20.4538;-85.2877;2.17737;8.5;2572.44;5.11093;0;0;0.1;0.01;0;4.15366;1;0;-1
0;608;23.7061;-66.3246;2.73907;10.1485;4378.19;6.10215;0;0;0.1;0.01;0;5.92286;0;0;-1
0;609;22.3824;-47.3541;4.38056;8.61569;2678.91;5.18049;0;0;0.1;0.01;0;4.58293;0;0;-1
0;610;21.7417;-31.0871;1.47664;8.5;2572.44;5.11093;0;0;0.1;0.01;0;5.78977;1;0;-1
0;611;21.4285;-14.7062;1.49951;8.5;2572.44;5.11093;0;0;0.1;0.01;0;5.46872;1;0;-1
0;612;23.2017;4.33548;1.19767;9.49255;3582.92;5.70773;0;0;0.1;0.01;0;5.44789;0;0;-1
0;613;23.3899;20.8318;4.67296;9.56391;3664.33;5.75064;0;0;0.1;0.01;0;6.8384;0;0;-1
0;614;21.9798;37.298;4.96583;8.5;2572.44;5.11093;0;0;0.1;0.01;0;5.65923;1;0;-1
0;615;22.7738;51.4208;3.72385;9.88732;4048.78;5.9451;0;0;0.1;0.01;0;6.64237;0;0;-1
0;616;21.1332;67.7508;1.65422;9.16445;3224.09;5.51045;0;0;0.1;0.01;0;5.95751;0;0;-1
0;617;21.405;89.4958;1.13864;10.1186;4339.6;6.08417;0;0;0.1;0.01;0;4.04407;0;0;-1
0;618;38.042;-75.9253;1.65651;9.44408;3528.32;5.67859;0;0;0.1;0.01;0;6.03163;0;0;-1
0;619;38.553;-59.5992;4.02985;8.64248;2703.98;5.1966;0;0;0.1;0.01;0;5.2265;0;0;-1
0;620;34.9019;-40.1471;3.41239;8.9796;3032.91;5.3993;0;0;0.1;0.01;0;5.4488;0;0;-1
0;621;35.0434;-25.7237;1.19882;9.54414;3641.66;5.73875;0;0;0.1;0.01;0;6.10508;0;0;-1
0;622;38.0171;-8.85279;4.48526;9.35846;3433.22;5.62711;0;0;0.1;0.01;0;6.01191;0;0;-1
0;623;37.2347;9.08981;1.4584;9.51894;3612.89;5.7236;0;0;0.1;0.01;0;5.74561;0;0;-1
0;624;36.6641;27.25;2.87164;9.98295;4167.4;6.0026;0;0;0.1;0.01;0;6.51339;0;0;-1
0;625;35.9271;44.5353;1.21267;10.3932;4702.58;6.24928;0;0;0.1;0.01;0;6.87871;0;0;-1
0;626;36.1011;62.7072;3.83076;10.293;4567.88;6.18903;0;0;0.1;0.01;0;7.82465;0;0;-1
0;627;37.6618;80.001;2.52697;10.395;4705.03;6.25036;0;0;0.1;0.01;0;5.13983;0;0;-1
0;628;50.8391;-83.5311;2.8996;8.5;2572.44;5.11093;0;0;0.1;0.01;0;2.98886;1;0;-1
0;629;52.1805;-64.6109;4.04601;9.83279;3982.16;5.91231;0;0;0.1;0.01;0;5.58537;0;0;-1
0;630;50.3212;-48.4685;3.26201;10.1367;4362.93;6.09505;0;0;0.1;0.01;0;6.36261;0;0;-1
0;631;53.3988;-33.6512;4.79267;8.5;2572.44;5.11093;0;0;0.1;0.01;0;5.81292;1;0;-1
0;632;51.386;-15.8305;2.99372;8.60239;2666.53;5.17249;0;0;0.1;0.01;0;5.11881;0;0;-1
0;633;52.1604;1.13481;2.46705;8.51441;2585.55;5.11959;0;0;0.1;0.01;0;5.43443;0;0;-1
0;634;52.3738;17.0465;1.66795;9.47502;3563.11;5.69719;0;0;0.1;0.01;0;7.31083;0;0;-1
0;635;50.1835;34.3895;2.7364;9.80689;3950.78;5.89674;0;0;0.1;0.01;0;6.23264;0;0;-1
0;636;51.3751;54.6312;4.70129;8.5;2572.44;5.11093;0;0;0.1;0.01;0;5.01671;1;0;-1
0;637;50.0078;67.7128;3.25821;9.09874;3155.24;5.47094;0;0;0.1;0.01;0;4.6997;0;0;-1
0;638;68.058;-56.0619;4.68858;9.91865;4087.39;5.96394;0;0;0.1;0.01;0;4.38741;0;0;-1
0;639;67.596;-39.0432;2.40306;9.67029;3787.97;5.81461;0;0;0.1;0.01;0;7.08864;0;0;-1
0;640;64.7279;-24.1606;3.90138;8.59961;2663.94;5.17082;0;0;0.1;0.01;0;5.67659;0;0;-1
0;641;67.828;-6.65668;4.42871;8.5;2572.44;5.11093;0;0;0.1;0.01;0;4.86749;1;0;-1
0;642;65.6289;12.1999;3.83461;10.2544;4516.68;6.16582;0;0;0.1;0.01;0;6.7201;0;0;-1
0;643;65.4888;25.9316;3.94259;8.5;2572.44;5.11093;0;0;0.1;0.01;0;6.09753;1;0;-1
0;644;66.9159;44.3116;4.36242;9.40417;3483.77;5.65459;0;0;0.1;0.01;0;5.69767;0;0;-1
0;645;67.4196;60.18;4.32334;9.78995;3930.34;5.88655;0;0;0.1;0.01;0;4.46517;0;0;-1
0;646;82.3339;-47.3947;5.10456;9.16647;3226.23;5.51167;0;0;0.1;0.01;0;3.67374;0;0;-1
0;647;82.1673;-33.1081;3.18242;10.4059;4719.84;6.25692;0;0;0.1;0.01;0;5.82416;0;0;-1
0;648;81.3937;-15.7982;3.84219;9.58771;3691.76;5.76495;0;0;0.1;0.01;0;6.48983;0;0;-1
0;649;79.7743;0.0585673;1.87819;9.17655;3236.88;5.51773;0;0;0.1;0.01;0;5.72922;0;0;-1
0;650;80.9731;18.2539;2.44696;9.17519;3235.44;5.51691;0;0;0.1;0.01;0;6.64342;0;0;-1
0;651;82.535;36.1046;4.09372;10.3563;4652.67;6.22709;0;0;0.1;0.01;0;5.55283;0;0;-1
0;652;82.8011;55.2986;4.89247;9.98006;4163.78;6.00087;0;0;0.1;0.01;0;2.84939;0;0;-1
0;653;95.8364;-23.3874;2.10093;10.372;4673.86;6.23653;0;0;0.1;0.01;0;3.629;0;0;-1
0;654;96.3573;-7.56408;4.22294;9.30892;3378.99;5.59732;0;0;0.1;0.01;0;3.40718;0;0;-1
0;655;94.5245;12.1169;1.93813;9.59168;3696.35;5.76734;0;0;0.1;0.01;0;4.21326;0;0;-1
0;656;94.3106;26.6338;4.48215;10.0281;4224.2;6.02975;0;0;0.1;0.01;0;4.46457;0;0;-1
0;657;-86.8358;-40.7512;19.2046;10.0139;4206.28;6.02121;0;0;0.1;0.01;0;3.22321;0;0;-1
0;658;-85.0796;-21.1771;18.5607;9.39531;3473.94;5.64926;0;0;0.1;0.01;0;3.28204;0;0;-1
0;659;-84.8782;-4.98783;19.2689;9.9256;4095.99;5.96812;0;0;0.1;0.01;0;4.60261;0;0;-1
0;660;-86.6509;10.4819;17.1896;9.41782;3498.97;5.6628;0;0;0.1;0.01;0;4.71549;0;0;-1
0;661;-85.7256;27.1057;18.3047;8.5;2572.44;5.11093;0;0;0.1;0.01;0;3.21775;1;0;-1
0;662;-84.2585;45.3293;18.9225;8.68184;2741.09;5.22026;0;0;0.1;0.01;0;2.7279;0;0;-1
0;663;-72.1094;-63.639;19.8439;9.46219;3548.65;5.68948;0;0;0.1;0.01;0;3.35582;0;0;-1
0;664;-70.8106;-48.5619;16.6689;9.04696;3101.68;5.43981;0;0;0.1;0.01;0;6.11313;0;0;-1
0;665;-68.9829;-33.8706;19.1864;8.5;2572.44;5.11093;0;0;0.1;0.01;0;5.46784;1;0;-1
0;666;-71.961;-13.1863;19.0164;9.90376;4069.01;5.95499;0;0;0.1;0.01;0;7.23462;0;0;-1
0;667;-69.391;2.174;19.7077;9.7357;3865.36;5.85394;0;0;0.1;0.01;0;6.93193;0;0;-1
0;668;-70.2509;18.6422;19.301;9.64972;3763.85;5.80224;0;0;0.1;0.01;0;5.8014;0;0;-1
0;669;-70.2952;34.255;16.7422;8.77909;2834.24;5.27874;0;0;0.1;0.01;0;4.32288;0;0;-1
0;670;-70.2538;52.8847;16.2654;8.5;2572.44;5.11093;0;0;0.1;0.01;0;3.91571;1;0;-1
0;671;-58.0211;-74.9492;17.1229;10.065;4271;6.05194;0;0;0.1;0.01;0;4.5154;0;0;-1
0;672;-57.4994;-58.6514;18.7022;9.47117;3558.77;5.69488;0;0;0.1;0.01;0;6.43803;0;0;-1
0;673;-56.2019;-39.5381;17.4587;10.2399;4497.55;6.1571;0;0;0.1;0.01;0;7.40253;0;0;-1
0;674;-57.0874;-23.2691;16.9149;8.9323;2985.23;5.37086;0;0;0.1;0.01;0;5.73457;0;0;-1
0;675;-55.1862;-6.46404;16.0514;9.97374;4155.88;5.99707;0;0;0.1;0.01;0;6.24449;0;0;-1
0;676;-57.1288;8.61371;17.4077;8.70387;2762.01;5.23351;0;0;0.1;0.01;0;5.38445;0;0;-1
0;677;-55.3786;26.7735;16.7975;9.65507;3770.12;5.80545;0;0;0.1;0.01;0;5.70788;0;0;-1
0;678;-54.9735;46.9034;18.9433;8.5;2572.44;5.11093;0;0;0.1;0.01;0;4.35114;1;0;-1
0;679;-53.9858;61.9325;18.2824;8.67427;2733.93;5.21571;0;0;0.1;0.01;0;3.80739;0;0;-1
0;680;-53.7965;78.0479;19.6545;9.60026;3706.27;5.7725;0;0;0.1;0.01;0;2.63947;0;0;-1
0;681;-41.6991;-84.6172;16.8491;9.64536;3758.75;5.79962;0;0;0.1;0.01;0;4.32853;0;0;-1
0;682;-40.6319;-67.4677;17.7369;8.98447;3037.85;5.40223;0;0;0.1;0.01;0;5.51503;0;0;-1
0;683;-40.4673;-47.7796;16.7411;9.09298;3149.25;5.46748;0;0;0.1;0.01;0;5.26167;0;0;-1
0;684;-42.5287;-33.0272;18.1926;9.56256;3662.78;5.74983;0;0;0.1;0.01;0;6.35507;0;0;-1
0;685;-42.1584;-13.7603;16.4909;8.5;2572.44;5.11093;0;0;0.1;0.01;0;4.91548;1;0;-1
0;686;-39.9897;2.28188;17.7261;8.8338;2887.56;5.31164;0;0;0.1;0.01;0;5.08205;0;0;-1
0;687;-42.2098;18.6838;18.4658;8.81873;2872.81;5.30257;0;0;0.1;0.01;0;5.43418;0;0;-1
0;688;-41.1602;33.7386;18.2754;8.97255;3025.77;5.39506;0;0;0.1;0.01;0;5.19056;0;0;-1
0;689;-39.7046;53.2115;18.5434;8.97931;3032.62;5.39913;0;0;0.1;0.01;0;4.73959;0;0;-1
0;690;-39.5877;71.4842;16.3976;10.2106;4459.05;6.13949;0;0;0.1;0.01;0;5.90425;0;0;-1
0;691;-41.596;87.7446;18.538;8.98874;3042.18;5.4048;0;0;0.1;0.01;0;2.93163;0;0;-1
0;692;-27.7631;-93.4548;16.827;10.4523;4783.26;6.28482;0;0;0.1;0.01;0;3.97967;0;0;-1
0;693;-27.5066;-72.856;18.5044;9.83112;3980.13;5.91131;0;0;0.1;0.01;0;6.16538;0;0;-1
0;694;-25.3712;-56.7089;16.277;8.5;2572.44;5.11093;0;0;0.1;0.01;0;4.45016;1;0;-1
0;695;-24.504;-40.379;17.8432;8.88227;2935.35;5.34078;0;0;0.1;0.01;0;5.48746;0;0;-1
0;696;-28.3589;-24.723;16.3147;9.59361;3698.58;5.7685;0;0;0.1;0.01;0;6.04874;0;0;-1
0;697;-28.3783;-7.1875;16.0104;9.33032;3402.34;5.61019;0;0;0.1;0.01;0;5.29227;0;0;-1
0;698;-26.96;10.6775;16.4861;9.60486;3711.6;5.77526;0;0;0.1;0.01;0;6.09246;0;0;-1
0;699;-27.4497;28.0459;17.3583;9.05772;3112.76;5.44628;0;0;0.1;0.01;0;5.12884;0;0;-1
0;700;-25.4601;45.9303;17.6361;9.58543;3689.13;5.76358;0;0;0.1;0.01;0;5.76673;0;0;-1
0;701;-28.1585;62.0574;16.406;9.01678;3070.74;5.42166;0;0;0.1;0.01;0;5.90343;0;0;-1
0;702;-27.412;80.4109;16.3132;10.1887;4430.42;6.12632;0;0;0.1;0.01;0;5.89108;0;0;-1
0;703;-13.2897;-83.6108;17.6352;9.77088;3907.42;5.87509;0;0;0.1;0.01;0;5.45748;0;0;-1
0;704;-13.7346;-65.6443;17.0257;8.5;2572.44;5.11093;0;0;0.1;0.01;0;4.20884;1;0;-1
0;705;-11.1809;-47.5325;16.2684;9.7905;3931;5.88689;0;0;0.1;0.01;0;5.44891;0;0;-1
0;706;-12.3537;-30.7827;19.3458;8.63701;2698.85;5.19331;0;0;0.1;0.01;0;5.76372;0;0;-1
0;707;-11.5499;-16.188;17.4733;9.71429;3839.92;5.84106;0;0;0.1;0.01;0;6.34231;0;0;-1
0;708;-13.6713;1.66367;17.1246;10.0878;4300.09;6.06565;0;0;0.1;0.01;0;7.02328;0;0;-1
0;709;-13.1775;20.7908;16.6125;10.0841;4295.36;6.06342;0;0;0.1;0.01;0;6.26938;0;0;-1
0;710;-10.9539;37.32;17.2933;8.97727;3030.55;5.3979;0;0;0.1;0.01;0;5.49574;0;0;-1
0;711;-10.0203;52.3591;18.2988;10.1287;4352.61;6.09024;0;0;0.1;0.01;0;6.64347;0;0;-1
0;712;-11.6684;68.4216;18.3661;8.59754;2662.02;5.16958;0;0;0.1;0.01;0;5.20819;0;0;-1
0;713;-11.0525;85.2592;18.6713;8.5;2572.44;5.11093;0;0;0.1;0.01;0;3.7369;1;0;-1
0;714;1.68278;-91.9841;17.4325;10.248;4508.23;6.16197;0;0;0.1;0.01;0;3.90799;0;0;-1
0;715;4.5827;-72.2706;15.9846;8.68782;2746.76;5.22386;0;0;0.1;0.01;0;5.15407;0;0;-1
0;716;2.81763;-56.9716;17.3311;8.5;2572.44;5.11093;0;0;0.1;0.01;0;5.54535;1;0;-1
0;717;2.96234;-39.8549;16.6747;9.887;4048.39;5.94491;0;0;0.1;0.01;0;6.58512;0;0;-1
0;718;2.38323;-24.4679;16.4661;8.82136;2875.38;5.30416;0;0;0.1;0.01;0;5.63662;0;0;-1
0;719;4.97469;-8.37528;17.1085;8.57217;2638.52;5.15432;0;0;0.1;0.01;0;4.74424;0;0;-1
0;720;4.17468;9.64907;16.3851;9.89258;4055.25;5.94826;0;0;0.1;0.01;0;4.89219;0;0;-1
0;721;2.15957;28.5099;16.6408;9.95865;4137.04;5.98799;0;0;0.1;0.01;0;6.24823;0;0;-1
0;722;2.53341;46.19;15.6146;8.5982;2662.63;5.16997;0;0;0.1;0.01;0;5.80271;0;0;-1
0;723;2.66123;63.4031;15.8932;10.4039;4717.12;6.25571;0;0;0.1;0.01;0;6.7137;0;0;-1
0;724;0.996171;77.9644;15.937;8.66392;2724.16;5.20949;0;0;0.1;0.01;0;5.68536;0;0;-1
0;725;4.70002;93.0874;17.7718;8.70908;2766.98;5.23664;0;0;0.1;0.01;0;2.8942;0;0;-1
0;726;17.7806;-82.3811;17.1085;10.0453;4245.97;6.04009;0;0;0.1;0.01;0;5.13063;0;0;-1
0;727;15.7994;-64.4114;16.3809;8.5;2572.44;5.11093;0;0;0.1;0.01;0;4.94381;1;0;-1
0;728;16.0253;-50.0871;18.3088;9.61978;3728.93;5.78423;0;0;0.1;0.01;0;5.55315;0;0;-1
0;729;18.9323;-33.9824;18.1036;8.5;2572.44;5.11093;0;0;0.1;0.01;0;4.31443;1;0;-1
0;730;18.3555;-17.0115;17.3432;9.30503;3374.75;5.59498;0;0;0.1;0.01;0;5.7759;0;0;-1
0;731;17.4606;2.71534;18.4871;8.54447;2613.03;5.13767;0;0;0.1;0.01;0;4.7404;0;0;-1
0;732;16.5787;21.1404;16.2196;9.14026;3198.63;5.49591;0;0;0.1;0.01;0;6.27606;0;0;-1
0;733;16.514;37.0673;17.4447;8.88866;2941.69;5.34462;0;0;0.1;0.01;0;5.88753;0;0;-1
0;734;19.6634;52.93;17.6979;8.85858;2911.93;5.32654;0;0;0.1;0.01;0;5.16836;0;0;-1
0;735;16.4136;69.7773;17.3889;8.51644;2587.4;5.12081;0;0;0.1;0.01;0;5.1568;0;0;-1
0;736;17.9152;85.6746;16.4538;9.17315;3233.29;5.51568;0;0;0.1;0.01;0;3.56742;0;0;-1
0;737;33.1728;-92.4872;15.9332;9.05955;3114.64;5.44738;0;0;0.1;0.01;0;1.68996;0;0;-1
0;738;33.7866;-73.7653;16.101;9.51316;3606.31;5.72013;0;0;0.1;0.01;0;5.47794;0;0;-1
0;739;33.1779;-55.2462;18.0166;9.15668;3215.9;5.50578;0;0;0.1;0.01;0;4.54204;0;0;-1
0;740;33.6494;-39.0244;18.0757;8.5;2572.44;5.11093;0;0;0.1;0.01;0;5.32992;1;0;-1
0;741;31.4383;-24.4834;16.3392;9.37929;3456.2;5.63963;0;0;0.1;0.01;0;6.48187;0;0;-1
0;742;30.7111;-8.05849;18.5951;9.30862;3378.66;5.59714;0;0;0.1;0.01;0;5.49774;0;0;-1
0;743;30.5298;11.5658;17.0208;8.87722;2930.35;5.33774;0;0;0.1;0.01;0;5.13214;0;0;-1
0;744;32.0965;26.8735;16.7653;8.78131;2836.39;5.28007;0;0;0.1;0.01;0;5.40132;0;0;-1
0;745;33.2156;45.7707;16.5247;8.5;2572.44;5.11093;0;0;0.1;0.01;0;5.28875;1;0;-1
0;746;30.4883;63.4398;19.4811;9.08213;3137.99;5.46095;0;0;0.1;0.01;0;6.8159;0;0;-1
0;747;30.6471;77.8148;17.8462;9.25776;3323.58;5.56656;0;0;0.1;0.01;0;5.18456;0;0;-1
0;748;45.3085;-81.2467;16.0894;9.99665;4184.58;6.01084;0;0;0.1;0.01;0;4.70901;0;0;-1
0;749;48.9061;-67.642;17.007;8.61752;2680.62;5.18159;0;0;0.1;0.01;0;5.08227;0;0;-1
0;750;47.5124;-48.169;18.5964;8.5;2572.44;5.11093;0;0;0.1;0.01;0;4.60356;1;0;-1
0;751;46.761;-31.898;16.6134;9.52674;3621.78;5.72829;0;0;0.1;0.01;0;6.8291;0;0;-1
0;752;46.3613;-15.3174;17.5031;9.96599;4146.2;5.99241;0;0;0.1;0.01;0;6.40174;0;0;-1
0;753;46.2069;4.3936;19.4834;9.61473;3723.06;5.7812;0;0;0.1;0.01;0;5.43154;0;0;-1
0;754;48.792;20.4702;17.34;9.77667;3914.37;5.87857;0;0;0.1;0.01;0;6.22938;0;0;-1
0;755;46.8635;34.8806;18.982;8.5;2572.44;5.11093;0;0;0.1;0.01;0;5.23529;1;0;-1
0;756;45.0846;54.0906;16.5894;10.1386;4365.39;6.09619;0;0;0.1;0.01;0;6.57451;0;0;-1
0;757;46.9777;68.9785;17.7805;8.7934;2848.13;5.28734;0;0;0.1;0.01;0;5.04456;0;0;-1
0;758;45.9418;86.0512;19.6696;8.5;2572.44;5.11093;0;0;0.1;0.01;0;1.28239;1;0;-1
0;759;61.2227;-75.4435;17.4857;9.74749;3879.42;5.86102;0;0;0.1;0.01;0;2.8214;0;0;-1
0;760;62.3101;-57.9511;18.16;8.5;2572.44;5.11093;0;0;0.1;0.01;0;4.94719;1;0;-1
0;761;62.5607;-38.7148;16.7015;10.097;4311.87;6.07118;0;0;0.1;0.01;0;7.49709;0;0;-1
0;762;60.4207;-24.2802;16.5075;9.90118;4065.83;5.95344;0;0;0.1;0.01;0;7.54648;0;0;-1
0;763;60.376;-7.40147;16.7477;8.93108;2984.01;5.37013;0;0;0.1;0.01;0;4.8118;0;0;-1
0;764;62.458;10.6017;16.9662;9.45392;3539.36;5.6845;0;0;0.1;0.01;0;5.78094;0;0;-1
0;765;61.6881;28.5324;16.4773;10.2254;4478.47;6.14838;0;0;0.1;0.01;0;7.22246;0;0;-1
0;766;61.8669;45.2106;19.039;8.67367;2733.36;5.21535;0;0;0.1;0.01;0;6.08054;0;0;-1
0;767;62.2904;63.6373;19.0462;10.0225;4217.13;6.02638;0;0;0.1;0.01;0;4.83379;0;0;-1
0;768;75.9058;-50.2067;19.5096;8.70096;2759.24;5.23176;0;0;0.1;0.01;0;3.014;0;0;-1
0;769;76.0469;-33.4797;18.3455;10.0886;4301.12;6.06613;0;0;0.1;0.01;0;6.13312;0;0;-1
0;770;77.621;-16.9519;16.7462;8.5;2572.44;5.11093;0;0;0.1;0.01;0;4.9612;1;0;-1
0;771;74.8848;0.853937;19.4128;8.71841;2775.88;5.24225;0;0;0.1;0.01;0;4.44547;0;0;-1
0;772;76.4925;20.1069;16.1879;9.82373;3971.16;5.90687;0;0;0.1;0.01;0;6.53822;0;0;-1
0;773;74.8196;37.9195;19.0721;10.3722;4674.14;6.23665;0;0;0.1;0.01;0;6.73543;0;0;-1
0;774;76.5234;52.4275;18.7569;8.77615;2831.4;5.27697;0;0;0.1;0.01;0;4.58031;0;0;-1
0;775;91.5303;-22.0697;18.6359;9.7875;3927.39;5.88508;0;0;0.1;0.01;0;4.34585;0;0;-1
0;776;92.7493;-7.35945;19.9377;8.5;2572.44;5.11093;0;0;0.1;0.01;0;2.61858;1;0;-1
0;777;91.6987;9.3252;16.2202;9.05672;3111.73;5.44567;0;0;0.1;0.01;0;2.52689;0;0;-1
0;778;89.463;26.8452;17.3936;9.35384;3428.14;5.62433;0;0;0.1;0.01;0;4.0797;0;0;-1
0;779;-93.5851;2.41206;34.5663;8.55786;2625.33;5.14572;0;0;0.1;0.01;0;2.84436;0;0;-1
0;780;-82.0394;-39.7091;31.6312;9.85962;4014.85;5.92845;0;0;0.1;0.01;0;3.15617;0;0;-1
0;781;-79.6856;-25.0897;32.4559;9.32437;3395.84;5.60661;0;0;0.1;0.01;0;4.25265;0;0;-1
0;782;-78.9997;-6.09303;34.0295;9.22038;3283.49;5.54408;0;0;0.1;0.01;0;5.97646;0;0;-1
0;783;-80.1786;10.0454;31.8137;8.73128;2788.19;5.24999;0;0;0.1;0.01;0;4.89408;0;0;-1
0;784;-82.7007;25.8692;30.9213;9.40262;3482.05;5.65366;0;0;0.1;0.01;0;2.74903;0;0;-1
0;785;-79.9041;46.0327;31.3456;8.54151;2610.31;5.13589;0;0;0.1;0.01;0;2.20426;0;0;-1
0;786;-65.9577;-66.8892;33.9556;9.46889;3556.2;5.69351;0;0;0.1;0.01;0;3.41816;0;0;-1
0;787;-66.628;-47.678;32.2397;9.70994;3834.76;5.83845;0;0;0.1;0.01;0;4.79052;0;0;-1
0;788;-64.3046;-30.7697;34.2051;9.95636;4134.19;5.98661;0;0;0.1;0.01;0;6.55719;0;0;-1
0;789;-66.7732;-15.5656;31.0201;8.5;2572.44;5.11093;0;0;0.1;0.01;0;5.95266;1;0;-1
0;790;-65.6069;0.0147389;34.1239;8.9441;2997.08;5.37796;0;0;0.1;0.01;0;5.9856;0;0;-1
0;791;-66.553;18.1276;33.8957;8.5;2572.44;5.11093;0;0;0.1;0.01;0;4.43194;1;0;-1
0;792;-64.4075;35.171;31.6587;8.58667;2651.94;5.16304;0;0;0.1;0.01;0;4.16548;0;0;-1
0;793;-66.8416;53.0594;33.2024;9.91933;4088.23;5.96435;0;0;0.1;0.01;0;3.57364;0;0;-1
0;794;-53.1853;-73.3261;30.6177;10.1149;4334.84;6.08194;0;0;0.1;0.01;0;4.85131;0;0;-1
0;795;-50.185;-58.7179;30.9866;9.48167;3570.62;5.70119;0;0;0.1;0.01;0;6.02697;0;0;-1
0;796;-49.8376;-38.4031;31.652;9.72083;3847.68;5.84499;0;0;0.1;0.01;0;6.12761;0;0;-1
0;797;-52.8069;-21.294;31.118;8.5;2572.44;5.11093;0;0;0.1;0.01;0;4.91638;1;0;-1
0;798;-52.7057;-7.29104;34.1932;9.66627;3783.25;5.81219;0;0;0.1;0.01;0;4.4784;0;0;-1
0;799;-51.669;11.8719;31.7784;8.5;2572.44;5.11093;0;0;0.1;0.01;0;4.16251;1;0;-1
0;800;-50.7149;29.4029;32.6089;8.5;2572.44;5.11093;0;0;0.1;0.01;0;5.23798;1;0;-1
0;801;-52.7789;43.3393;33.1324;8.5;2572.44;5.11093;0;0;0.1;0.01;0;5.24146;1;0;-1
0;802;-51.6433;60.0624;33.9754;8.5;2572.44;5.11093;0;0;0.1;0.01;0;4.24092;1;0;-1
0;803;-35.643;-85.3964;34.2817;10.1766;4414.65;6.11904;0;0;0.1;0.01;0;3.63675;0;0;-1
0;804;-37.9995;-66.3729;31.2835;8.5;2572.44;5.11093;0;0;0.1;0.01;0;4.55928;1;0;-1
0;805;-37.9488;-47.2926;33.1268;9.74583;3877.44;5.86003;0;0;0.1;0.01;0;5.96591;0;0;-1
0;806;-34.4729;-33.0303;33.0273;10.2533;4515.23;6.16516;0;0;0.1;0.01;0;6.52063;0;0;-1
0;807;-35.1758;-16.2771;32.716;8.8572;2910.57;5.32571;0;0;0.1;0.01;0;4.12946;0;0;-1
0;808;-35.3361;2.97942;32.2967;8.80953;2863.83;5.29704;0;0;0.1;0.01;0;4.53329;0;0;-1
0;809;-38.3034;17.6699;32.758;8.96634;3019.49;5.39133;0;0;0.1;0.01;0;4.89999;0;0;-1
0;810;-36.9786;37.9434;31.6593;9.65063;3764.92;5.80278;0;0;0.1;0.01;0;6.0819;0;0;-1
0;811;-36.8426;52.4703;32.4184;8.9865;3039.91;5.40345;0;0;0.1;0.01;0;5.22448;0;0;-1
0;812;-37.9089;69.1964;32.1273;8.5;2572.44;5.11093;0;0;0.1;0.01;0;3.3554;1;0;-1
0;813;-20.9668;-91.0254;34.0216;9.86408;4020.3;5.93113;0;0;0.1;0.01;0;3.76501;0;0;-1
0;814;-22.9225;-74.3015;32.2318;8.5;2572.44;5.11093;0;0;0.1;0.01;0;5.11969;1;0;-1
0;815;-22.8377;-57.0511;34.4189;8.61747;2680.57;5.18156;0;0;0.1;0.01;0;4.58548;0;0;-1
0;816;-21.8588;-42.7437;31.8886;8.61331;2676.69;5.17906;0;0;0.1;0.01;0;5.6805;0;0;-1
0;817;-20.4324;-21.6651;31.3772;8.5;2572.44;5.11093;0;0;0.1;0.01;0;3.95952;1;0;-1
0;818;-20.9584;-4.75824;34.0477;9.37895;3455.82;5.63943;0;0;0.1;0.01;0;5.9003;0;0;-1
0;819;-21.791;11.192;31.6477;8.93559;2988.53;5.37284;0;0;0.1;0.01;0;5.87725;0;0;-1
0;820;-22.9964;29.3682;33.7815;9.49202;3582.32;5.70741;0;0;0.1;0.01;0;5.55428;0;0;-1
0;821;-20.7338;44.2977;33.811;9.19925;3260.96;5.53138;0;0;0.1;0.01;0;6.2955;0;0;-1
0;822;-20.4316;59.6996;30.9827;8.65751;2718.11;5.20564;0;0;0.1;0.01;0;5.12067;0;0;-1
0;823;-21.7701;76.7177;32.6744;10.0526;4255.24;6.04448;0;0;0.1;0.01;0;4.73767;0;0;-1
0;824;-6.81817;-81.4824;33.0066;10.2345;4490.44;6.15386;0;0;0.1;0.01;0;5.73633;0;0;-1
0;825;-7.58032;-65.8465;32.0419;9.11861;3175.96;5.48289;0;0;0.1;0.01;0;4.85255;0;0;-1
0;826;-8.81155;-46.938;30.7946;9.1191;3176.47;5.48318;0;0;0.1;0.01;0;5.15078;0;0;-1
0;827;-5.4616;-32.6265;31.1724;8.5;2572.44;5.11093;0;0;0.1;0.01;0;4.74489;1;0;-1
0;828;-8.84146;-13.1756;31.5913;10.4144;4731.42;6.26203;0;0;0.1;0.01;0;6.59219;0;0;-1
0;829;-7.46923;3.47606;31.9521;9.30981;3379.96;5.59785;0;0;0.1;0.01;0;6.08513;0;0;-1
0;830;-6.85511;20.9994;33.6337;10.0649;4270.88;6.05188;0;0;0.1;0.01;0;5.67584;0;0;-1
0;831;-7.47838;37.7982;34.0867;9.13604;3194.2;5.49337;0;0;0.1;0.01;0;6.14468;0;0;-1
0;832;-5.84804;51.7258;33.6862;8.5;2572.44;5.11093;0;0;0.1;0.01;0;5.49336;1;0;-1
0;833;-7.20319;69.7826;32.3959;8.73803;2794.66;5.25405;0;0;0.1;0.01;0;4.35016;0;0;-1
0;834;-6.78137;88.6457;31.1339;8.56897;2635.57;5.1524;0;0;0.1;0.01;0;2.16865;0;0;-1
0;835;8.24631;-89.4386;34.6666;8.757;2812.9;5.26546;0;0;0.1;0.01;0;3.18116;0;0;-1
0;836;7.70544;-74.4736;32.499;10.4534;4784.77;6.28548;0;0;0.1;0.01;0;7.03317;0;0;-1
0;837;6.34566;-58.9476;31.8193;8.79873;2853.31;5.29055;0;0;0.1;0.01;0;5.10363;0;0;-1
0;838;8.48769;-42.9166;33.2;10.0561;4259.68;6.04659;0;0;0.1;0.01;0;6.75024;0;0;-1
0;839;6.86406;-23.8849;32.7499;8.90408;2957.03;5.35389;0;0;0.1;0.01;0;4.87928;0;0;-1
0;840;7.21312;-6.04416;33.723;9.87605;4034.95;5.93833;0;0;0.1;0.01;0;6.05107;0;0;-1
0;841;5.64882;8.79343;34.3833;9.10205;3158.68;5.47293;0;0;0.1;0.01;0;4.74233;0;0;-1
0;842;8.33765;27.8165;31.0449;9.25309;3318.55;5.56375;0;0;0.1;0.01;0;5.1596;0;0;-1
0;843;6.79107;42.8913;30.5916;10.1876;4428.99;6.12566;0;0;0.1;0.01;0;6.42074;0;0;-1
0;844;8.636;61.5728;30.9015;8.68436;2743.48;5.22178;0;0;0.1;0.01;0;4.75718;0;0;-1
0;845;9.12142;78.9358;31.8999;9.46328;3549.88;5.69013;0;0;0.1;0.01;0;4.70668;0;0;-1
0;846;23.1442;-82.6643;33.8573;9.93443;4106.93;5.97343;0;0;0.1;0.01;0;4.76579;0;0;-1
0;847;22.6484;-67.9631;33.0076;9.85623;4010.71;5.92641;0;0;0.1;0.01;0;5.40369;0;0;-1
0;848;23.8705;-47.7362;33.3857;8.90151;2954.47;5.35235;0;0;0.1;0.01;0;5.89593;0;0;-1
0;849;21.1376;-32.289;32.4688;10.1635;4397.63;6.11117;0;0;0.1;0.01;0;7.03946;0;0;-1
0;850;22.1158;-14.0047;32.2176;10.1553;4386.99;6.10623;0;0;0.1;0.01;0;6.79655;0;0;-1
0;851;22.3332;0.480412;30.9428;8.92445;2977.37;5.36614;0;0;0.1;0.01;0;5.12768;0;0;-1
0;852;23.005;19.3353;30.4852;9.06881;3124.2;5.45294;0;0;0.1;0.01;0;4.82419;0;0;-1
0;853;22.1136;37.5581;33.9868;9.3486;3422.38;5.62118;0;0;0.1;0.01;0;5.73767;0;0;-1
0;854;23.7973;51.3871;32.5714;9.90615;4071.96;5.95642;0;0;0.1;0.01;0;6.81359;0;0;-1
0;855;22.3262;68.7584;31.0017;8.75237;2808.44;5.26267;0;0;0.1;0.01;0;5.9032;0;0;-1
0;856;20.8568;89.3928;34.2312;9.34689;3420.5;5.62015;0;0;0.1;0.01;0;1.60085;0;0;-1
0;857;35.7827;-74.7223;32.789;8.5;2572.44;5.11093;0;0;0.1;0.01;0;3.42659;1;0;-1
0;858;37.1871;-55.0849;32.8425;9.55435;3653.36;5.74489;0;0;0.1;0.01;0;5.76274;0;0;-1
0;859;35.5736;-38.4183;30.8908;8.5;2572.44;5.11093;0;0;0.1;0.01;0;5.3092;1;0;-1
0;860;37.4994;-21.9783;32.1871;8.5;2572.44;5.11093;0;0;0.1;0.01;0;4.75486;1;0;-1
0;861;35.8981;-4.81472;33.2094;9.17157;3231.62;5.51473;0;0;0.1;0.01;0;5.72561;0;0;-1
0;862;38.7385;9.35192;32.482;8.59517;2659.82;5.16815;0;0;0.1;0.01;0;4.9148;0;0;-1
0;863;38.1022;25.565;32.9978;9.81869;3965.06;5.90384;0;0;0.1;0.01;0;5.59359;0;0;-1
0;864;38.3515;43.1668;33.0904;9.76301;3897.98;5.87036;0;0;0.1;0.01;0;6.02077;0;0;-1
0;865;35.382;61.8622;33.706;9.76121;3895.83;5.86927;0;0;0.1;0.01;0;6.62721;0;0;-1
0;866;36.8573;77.25;32.1608;10.0224;4217;6.02632;0;0;0.1;0.01;0;5.23711;0;0;-1
0;867;52.833;-64.6646;31.939;9.06145;3116.6;5.44852;0;0;0.1;0.01;0;3.97236;0;0;-1
0;868;53.1676;-49.3363;32.1269;9.43641;3519.73;5.67398;0;0;0.1;0.01;0;5.65638;0;0;-1
0;869;52.0723;-33.3856;32.4034;9.52844;3623.71;5.72931;0;0;0.1;0.01;0;6.14023;0;0;-1
0;870;51.5474;-17.3195;31.5961;9.93219;4104.15;5.97208;0;0;0.1;0.01;0;6.32074;0;0;-1
0;871;53.212;0.91648;33.8724;10.0205;4214.6;6.02518;0;0;0.1;0.01;0;6.86793;0;0;-1
0;872;52.4621;17.8207;33.3843;8.9672;3020.36;5.39185;0;0;0.1;0.01;0;6.01793;0;0;-1
0;873;53.4733;38.1448;32.2395;8.9671;3020.26;5.39179;0;0;0.1;0.01;0;6.03669;0;0;-1
0;874;53.2634;53.1819;33.3248;9.60563;3712.5;5.77573;0;0;0.1;0.01;0;6.97009;0;0;-1
0;875;51.4249;68.3312;32.4172;9.14929;3208.12;5.50134;0;0;0.1;0.01;0;4.86879;0;0;-1
0;876;67.2575;-58.0685;32.4337;8.83388;2887.64;5.31168;0;0;0.1;0.01;0;3.29197;0;0;-1
0;877;67.6946;-38.6035;31.5543;9.31078;3381.01;5.59844;0;0;0.1;0.01;0;5.3466;0;0;-1
0;878;66.3893;-21.8161;31.9654;9.12977;3187.63;5.4896;0;0;0.1;0.01;0;5.27235;0;0;-1
0;879;66.9399;-4.76817;32.6241;9.85842;4013.38;5.92772;0;0;0.1;0.01;0;5.72567;0;0;-1
0;880;67.2068;10.3599;32.976;8.94914;3002.15;5.38099;0;0;0.1;0.01;0;6.55267;0;0;-1
0;881;66.2101;28.0107;33.7861;8.61621;2679.4;5.1808;0;0;0.1;0.01;0;5.82195;0;0;-1
0;882;67.3131;45.6507;31.0851;9.11558;3172.79;5.48107;0;0;0.1;0.01;0;6.4666;0;0;-1
0;883;67.0153;59.5004;32.0783;9.87652;4035.53;5.93861;0;0;0.1;0.01;0;4.75581;0;0;-1
0;884;79.9439;-30.2596;33.831;9.91075;4077.63;5.95919;0;0;0.1;0.01;0;4.39786;0;0;-1
0;885;80.1733;-15.9667;30.7234;8.8039;2858.34;5.29366;0;0;0.1;0.01;0;4.50582;0;0;-1
0;886;79.6566;3.6864;33.5492;10.0827;4293.58;6.06258;0;0;0.1;0.01;0;4.94785;0;0;-1
0;887;80.7125;19.7014;34.1948;8.73611;2792.82;5.2529;0;0;0.1;0.01;0;3.85026;0;0;-1
0;888;80.538;33.6352;31.9216;8.98096;3034.29;5.40012;0;0;0.1;0.01;0;4.25874;0;0;-1
0;889;-86.3525;-6.44387;47.2348;9.7781;3916.08;5.87943;0;0;0.1;0.01;0;3.245;0;0;-1
0;890;-85.6623;9.85866;47.7972;10.4049;4718.48;6.25632;0;0;0.1;0.01;0;3.02204;0;0;-1
0;891;-69.0199;-49.9824;48.7944;10.4318;4755.17;6.27249;0;0;0.1;0.01;0;2.88072;0;0;-1
0;892;-69.3933;-33.745;47.9895;8.5;2572.44;5.11093;0;0;0.1;0.01;0;4.09282;1;0;-1
0;893;-69.3646;-13.365;47.6958;9.91875;4087.52;5.964;0;0;0.1;0.01;0;5.72609;0;0;-1
0;894;-71.5137;0.838633;46.7824;8.91111;2964.04;5.35812;0;0;0.1;0.01;0;5.62186;0;0;-1
0;895;-68.5659;18.0385;47.0536;8.75571;2811.66;5.26468;0;0;0.1;0.01;0;3.93533;0;0;-1
0;896;-70.5821;36.4577;49.3625;9.25688;3322.63;5.56603;0;0;0.1;0.01;0;1.72399;0;0;-1
0;897;-56.6384;-59.604;46.1506;8.92538;2978.3;5.3667;0;0;0.1;0.01;0;4.10226;0;0;-1
0;898;-57.0566;-39.1332;47.605;9.30218;3371.65;5.59327;0;0;0.1;0.01;0;5.77812;0;0;-1
0;899;-57.0489;-23.262;47.2543;8.5;2572.44;5.11093;0;0;0.1;0.01;0;5.45221;1;0;-1
0;900;-56.8242;-6.91216;48.8075;9.56046;3660.37;5.74857;0;0;0.1;0.01;0;5.90573;0;0;-1
0;901;-54.5993;12.7603;45.9828;8.6949;2753.48;5.22812;0;0;0.1;0.01;0;4.42148;0;0;-1
0;902;-57.7046;29.7396;45.9863;8.5;2572.44;5.11093;0;0;0.1;0.01;0;4.65905;1;0;-1
0;903;-56.3029;45.9441;47.0351;8.5;2572.44;5.11093;0;0;0.1;0.01;0;4.45929;1;0;-1
0;904;-54.4403;61.299;46.4108;8.73256;2789.42;5.25076;0;0;0.1;0.01;0;3.49985;0;0;-1
0;905;-40.6483;-64.3859;45.8786;8.77308;2828.43;5.27513;0;0;0.1;0.01;0;3.66375;0;0;-1
0;906;-40.4082;-50.5787;48.2021;9.14813;3206.9;5.50064;0;0;0.1;0.01;0;5.16003;0;0;-1
0;907;-43.2005;-30.0716;46.0959;10.1709;4407.24;6.11561;0;0;0.1;0.01;0;6.05338;0;0;-1
0;908;-41.5092;-14.2959;49.0711;8.5;2572.44;5.11093;0;0;0.1;0.01;0;4.98842;1;0;-1
0;909;-41.6414;0.77219;49.2646;8.65928;2719.78;5.2067;0;0;0.1;0.01;0;4.59929;0;0;-1
0;910;-42.0988;16.7759;48.2724;10.2808;4551.66;6.1817;0;0;0.1;0.01;0;5.92248;0;0;-1
0;911;-42.3303;35.8741;45.2256;8.59133;2656.26;5.16584;0;0;0.1;0.01;0;4.94887;0;0;-1
0;912;-41.22;53.2401;48.9034;10.1348;4360.48;6.09391;0;0;0.1;0.01;0;6.5354;0;0;-1
0;913;-42.4852;69.7208;48.0925;9.85071;4003.97;5.92309;0;0;0.1;0.01;0;4.23868;0;0;-1
0;914;-27.8297;-76.7427;46.7362;9.0812;3137.03;5.46039;0;0;0.1;0.01;0;2.96238;0;0;-1
0;915;-26.1716;-55.5055;48.316;8.59395;2658.69;5.16742;0;0;0.1;0.01;0;5.99584;0;0;-1
0;916;-27.6882;-41.4912;46.5305;9.63897;3751.29;5.79577;0;0;0.1;0.01;0;7.57647;0;0;-1
0;917;-28.0322;-24.2538;49.4373;8.5;2572.44;5.11093;0;0;0.1;0.01;0;4.80483;1;0;-1
0;918;-25.7017;-8.79418;47.3262;8.5;2572.44;5.11093;0;0;0.1;0.01;0;4.63754;1;0;-1
0;919;-26.6734;12.0269;46.5409;9.92574;4096.16;5.9682;0;0;0.1;0.01;0;5.77867;0;0;-1
0;920;-26.9565;29.5836;48.5558;10.2075;4454.99;6.13762;0;0;0.1;0.01;0;7.06261;0;0;-1
0;921;-26.3512;45.1545;48.8372;9.22863;3292.31;5.54904;0;0;0.1;0.01;0;6.11712;0;0;-1
0;922;-25.8924;60.8818;46.5198;10.3198;4603.65;6.20515;0;0;0.1;0.01;0;6.8729;0;0;-1
0;923;-25.5698;79.3377;48.5009;9.1597;3219.08;5.50759;0;0;0.1;0.01;0;3.17506;0;0;-1
0;924;-12.3627;-80.7886;46.0163;8.874;2927.16;5.33581;0;0;0.1;0.01;0;3.07042;0;0;-1
0;925;-11.8858;-64.6864;47.9618;8.62741;2689.86;5.18754;0;0;0.1;0.01;0;4.45596;0;0;-1
0;926;-13.4922;-47.9745;46.57;10.3686;4669.27;6.23449;0;0;0.1;0.01;0;7.51957;0;0;-1
0;927;-12.692;-33.567;49.1062;10.005;4195.08;6.01586;0;0;0.1;0.01;0;5.88114;0;0;-1
0;928;-11.4151;-13.8848;48.6913;9.93402;4106.42;5.97318;0;0;0.1;0.01;0;6.77313;0;0;-1
0;929;-11.0335;0.266442;46.107;9.49154;3581.78;5.70713;0;0;0.1;0.01;0;6.65147;0;0;-1
0;930;-13.1779;19.5115;47.8627;10.0132;4205.4;6.02079;0;0;0.1;0.01;0;6.25865;0;0;-1
0;931;-11.2559;37.0943;49.0532;8.84922;2902.71;5.32091;0;0;0.1;0.01;0;6.45073;0;0;-1
0;932;-12.1992;52.5439;48.7845;9.02879;3083.03;5.42888;0;0;0.1;0.01;0;7.20844;0;0;-1
0;933;-11.7499;69.7888;48.079;10.1432;4371.33;6.09896;0;0;0.1;0.01;0;5.86796;0;0;-1
0;934;-12.8161;86.616;47.9931;8.5;2572.44;5.11093;0;0;0.1;0.01;0;1.66582;1;0;-1
0;935;2.05945;-73.137;45.8803;8.5;2572.44;5.11093;0;0;0.1;0.01;0;4.91259;1;0;-1
0;936;1.61131;-59.4328;46.6229;8.99434;3047.87;5.40817;0;0;0.1;0.01;0;5.60936;0;0;-1
0;937;2.35285;-42.2757;46.9548;9.40872;3488.83;5.65733;0;0;0.1;0.01;0;5.65204;0;0;-1
0;938;1.44507;-22.4092;48.5052;9.3869;3464.62;5.64421;0;0;0.1;0.01;0;5.82191;0;0;-1
0;939;4.30818;-5.39;49.0484;9.50215;3593.8;5.7135;0;0;0.1;0.01;0;6.81349;0;0;-1
0;940;3.2244;8.86708;49.2383;9.40384;3483.41;5.65439;0;0;0.1;0.01;0;5.80823;0;0;-1
0;941;1.82333;29.6352;47.3248;8.5;2572.44;5.11093;0;0;0.1;0.01;0;5.05098;1;0;-1
0;942;1.08338;45.5436;47.5977;8.53776;2606.88;5.13363;0;0;0.1;0.01;0;6.17099;0;0;-1
0;943;1.48424;60.6209;45.6709;9.03964;3094.15;5.4354;0;0;0.1;0.01;0;5.43674;0;0;-1
0;944;4.93617;79.7318;48.6564;10.1102;4328.8;6.07912;0;0;0.1;0.01;0;3.00387;0;0;-1
0;945;18.928;-84.4755;48.8985;8.82496;2878.9;5.30632;0;0;0.1;0.01;0;1.95229;0;0;-1
0;946;18.2808;-65.9276;46.7094;9.13393;3191.99;5.4921;0;0;0.1;0.01;0;4.69388;0;0;-1
0;947;16.9281;-49.4149;46.2889;8.5;2572.44;5.11093;0;0;0.1;0.01;0;4.61253;1;0;-1
0;948;19.3927;-34.3996;45.9309;10.2763;4545.68;6.17899;0;0;0.1;0.01;0;6.56704;0;0;-1
0;949;16.1467;-14.8604;48.4604;9.22523;3288.67;5.547;0;0;0.1;0.01;0;6.34079;0;0;-1
0;950;18.7761;1.80473;48.5207;8.50641;2578.26;5.11478;0;0;0.1;0.01;0;5.65798;0;0;-1
0;951;17.3903;17.4861;46.7706;9.55479;3653.86;5.74516;0;0;0.1;0.01;0;5.23511;0;0;-1
0;952;16.0238;36.3957;49.0139;8.5;2572.44;5.11093;0;0;0.1;0.01;0;4.9515;1;0;-1
0;953;19.2431;50.8498;45.563;9.03341;3087.76;5.43166;0;0;0.1;0.01;0;5.11097;0;0;-1
0;954;17.4142;71.0965;46.7981;9.52319;3617.73;5.72616;0;0;0.1;0.01;0;4.54237;0;0;-1
0;955;33.2084;-74.2733;48.7924;8.9766;3029.87;5.3975;0;0;0.1;0.01;0;3.24409;0;0;-1
0;956;33.1127;-57.1368;47.8292;9.60965;3717.16;5.77814;0;0;0.1;0.01;0;6.04846;0;0;-1
0;957;33.4747;-39.2155;45.8163;9.85133;4004.73;5.92346;0;0;0.1;0.01;0;6.54243;0;0;-1
0;958;30.7988;-22.5144;46.174;9.98303;4167.5;6.00265;0;0;0.1;0.01;0;6.38965;0;0;-1
0;959;31.9831;-5.0443;47.7716;9.48791;3577.67;5.70494;0;0;0.1;0.01;0;5.83402;0;0;-1
0;960;33.2564;12.0639;47.6382;9.44032;3524.1;5.67633;0;0;0.1;0.01;0;5.47833;0;0;-1
0;961;30.6857;25.785;46.979;9.75134;3884.02;5.86334;0;0;0.1;0.01;0;6.52888;0;0;-1
0;962;32.7057;43.2075;48.5127;8.95476;3007.81;5.38437;0;0;0.1;0.01;0;6.11683;0;0;-1
0;963;31.8888;59.3285;48.6146;9.99243;4179.28;6.0083;0;0;0.1;0.01;0;6.93078;0;0;-1
0;964;30.9331;76.2503;47.7001;9.44588;3530.33;5.67967;0;0;0.1;0.01;0;4.12501;0;0;-1
0;965;45.9669;-63.7034;46.5714;8.50235;2574.57;5.11234;0;0;0.1;0.01;0;3.30946;0;0;-1
0;966;46.1757;-47.4754;47.5711;10.2055;4452.37;6.13642;0;0;0.1;0.01;0;6.42849;0;0;-1
0;967;47.6468;-31.4587;46.2913;8.5;2572.44;5.11093;0;0;0.1;0.01;0;5.04434;1;0;-1
0;968;45.2312;-13.9426;49.0297;9.26855;3335.22;5.57304;0;0;0.1;0.01;0;5.88979;0;0;-1
0;969;45.8976;-0.225255;45.374;8.5;2572.44;5.11093;0;0;0.1;0.01;0;5.34634;1;0;-1
0;970;47.7165;20.7851;46.8821;10.0206;4214.73;6.02524;0;0;0.1;0.01;0;7.16617;0;0;-1
0;971;45.3026;36.6204;48.5845;9.44979;3534.72;5.68202;0;0;0.1;0.01;0;6.80038;0;0;-1
0;972;46.474;54.77;49.1033;9.69619;3818.49;5.83018;0;0;0.1;0.01;0;5.88144;0;0;-1
0;973;45.6628;72.0086;48.4194;9.86394;4020.13;5.93104;0;0;0.1;0.01;0;3.34196;0;0;-1
0;974;63.7001;-58.77;46.4822;8.74716;2803.43;5.25954;0;0;0.1;0.01;0;2.38372;0;0;-1
0;975;62.0114;-42.3755;47.6454;9.36522;3440.67;5.63117;0;0;0.1;0.01;0;5.049;0;0;-1
0;976;59.893;-24.0716;48.5213;8.5;2572.44;5.11093;0;0;0.1;0.01;0;4.86091;1;0;-1
0;977;63.6078;-8.69811;46.8152;10.1425;4370.42;6.09854;0;0;0.1;0.01;0;6.67249;0;0;-1
0;978;60.6629;8.1334;47.1471;9.86993;4027.46;5.93465;0;0;0.1;0.01;0;6.38282;0;0;-1
0;979;61.523;26.8111;46.11;9.90075;4065.3;5.95318;0;0;0.1;0.01;0;6.42681;0;0;-1
0;980;60.1704;43.6485;46.0405;10.1384;4365.13;6.09607;0;0;0.1;0.01;0;6.2447;0;0;-1
0;981;61.1703;60.9996;46.9963;9.12844;3186.24;5.4888;0;0;0.1;0.01;0;3.75958;0;0;-1
0;982;77.2935;-30.3713;48.6442;8.61289;2676.3;5.17881;0;0;0.1;0.01;0;2.62368;0;0;-1
0;983;77.1305;-17.0991;47.7286;8.5;2572.44;5.11093;0;0;0.1;0.01;0;3.16078;1;0;-1
0;984;75.5664;1.83159;46.5469;9.84126;3992.46;5.91741;0;0;0.1;0.01;0;5.04736;0;0;-1
0;985;78.6889;17.3401;48.7999;10.0526;4255.24;6.04448;0;0;0.1;0.01;0;4.18607;0;0;-1
0;986;75.2857;34.6945;45.9224;10.2898;4563.62;6.18711;0;0;0.1;0.01;0;4.40678;0;0;-1
0;987;-65.6081;-30.2882;62.2605;8.57744;2643.39;5.15749;0;0;0.1;0.01;0;3.43919;0;0;-1
0;988;-66.5768;-15.4273;63.5505;8.87947;2932.58;5.3391;0;0;0.1;0.01;0;3.54005;0;0;-1
0;989;-66.6896;0.551096;61.334;8.52153;2592.04;5.12387;0;0;0.1;0.01;0;3.48113;0;0;-1
0;990;-66.15;19.5126;63.9365;9.60852;3715.85;5.77746;0;0;0.1;0.01;0;3.35598;0;0;-1
0;991;-51.8201;-58.4801;60.451;9.06277;3117.97;5.44931;0;0;0.1;0.01;0;2.13614;0;0;-1
0;992;-51.4171;-38.7577;63.6244;10.4312;4754.35;6.27213;0;0;0.1;0.01;0;5.19828;0;0;-1
0;993;-50.7474;-24.502;63.2989;8.99047;3043.94;5.40584;0;0;0.1;0.01;0;6.41224;0;0;-1
0;994;-52.7034;-8.79371;61.339;8.75928;2815.1;5.26683;0;0;0.1;0.01;0;4.57442;0;0;-1
0;995;-53.4879;10.327;61.6438;10.3467;4639.75;6.22132;0;0;0.1;0.01;0;5.60373;0;0;-1
0;996;-53.022;27.1216;62.1115;8.5119;2583.26;5.11808;0;0;0.1;0.01;0;4.04294;0;0;-1
0;997;-51.7517;46.5231;61.8035;9.49673;3587.66;5.71025;0;0;0.1;0.01;0;3.02743;0;0;-1
0;998;-36.3713;-47.5561;60.516;9.31429;3384.84;5.60055;0;0;0.1;0.01;0;6.18497;0;0;-1
0;999;-36.9154;-33.1657;64.1601;8.56914;2635.73;5.1525;0;0;0.1;0.01;0;5.89208;0;0;-1
0;1000;-35.4741;-15.6524;62.6733;9.77893;3917.08;5.87993;0;0;0.1;0.01;0;6.62038;0;0;-1
0;1001;-36.1656;1.45655;63.9699;8.73934;2795.92;5.25484;0;0;0.1;0.01;0;4.87738;0;0;-1
0;1002;-35.066;19.5907;62.2154;8.80965;2863.94;5.29711;0;0;0.1;0.01;0;5.88806;0;0;-1
0;1003;-35.2301;37.0914;60.6584;9.96828;4149.06;5.99378;0;0;0.1;0.01;0;6.29211;0;0;-1
0;1004;-38.303;52.2622;63.8419;9.47991;3568.63;5.70013;0;0;0.1;0.01;0;3.94463;0;0;-1
0;1005;-38.3165;67.9558;60.6984;9.61487;3723.22;5.78128;0;0;0.1;0.01;0;3.18413;0;0;-1
0;1006;-21.3195;-73.2328;63.7723;8.5;2572.44;5.11093;0;0;0.1;0.01;0;1.71172;1;0;-1
0;1007;-23.2939;-57.0298;62.2452;10.4;4711.82;6.25337;0;0;0.1;0.01;0;6.18518;0;0;-1
0;1008;-22.242;-40.861;61.3943;10.2717;4539.58;6.17622;0;0;0.1;0.01;0;8.02898;0;0;-1
0;1009;-21.3037;-22.7341;63.6599;8.53442;2603.82;5.13162;0;0;0.1;0.01;0;6.24264;0;0;-1
0;1010;-21.9769;-5.56738;62.1275;10.3597;4657.26;6.22914;0;0;0.1;0.01;0;6.4375;0;0;-1
0;1011;-22.1227;10.5175;60.8525;8.5;2572.44;5.11093;0;0;0.1;0.01;0;3.63205;1;0;-1
0;1012;-23.787;26.8099;63.524;9.01866;3072.66;5.42279;0;0;0.1;0.01;0;4.69324;0;0;-1
0;1013;-22.4084;44.476;62.811;9.87176;4029.7;5.93575;0;0;0.1;0.01;0;6.77076;0;0;-1
0;1014;-21.8341;59.7026;60.1737;8.81698;2871.1;5.30152;0;0;0.1;0.01;0;5.43739;0;0;-1
0;1015;-7.87366;-67.6901;60.3419;8.52518;2595.37;5.12607;0;0;0.1;0.01;0;3.89202;0;0;-1
0;1016;-7.87085;-47.7061;63.1304;10.2311;4485.96;6.15181;0;0;0.1;0.01;0;6.71383;0;0;-1
0;1017;-5.56208;-29.8854;63.3938;9.05885;3113.92;5.44696;0;0;0.1;0.01;0;6.57611;0;0;-1
0;1018;-6.85097;-15.3329;60.9682;8.54701;2615.36;5.13919;0;0;0.1;0.01;0;6.62712;0;0;-1
0;1019;-8.78409;0.619933;60.7674;8.5;2572.44;5.11093;0;0;0.1;0.01;0;4.7138;1;0;-1
0;1020;-6.95617;20.83;60.3902;8.92528;2978.2;5.36664;0;0;0.1;0.01;0;4.61578;0;0;-1
0;1021;-8.8343;36.0073;63.5769;9.68264;3802.51;5.82203;0;0;0.1;0.01;0;7.04709;0;0;-1
0;1022;-6.47198;52.1441;61.0342;9.64341;3756.48;5.79844;0;0;0.1;0.01;0;7.57992;0;0;-1
0;1023;-7.43158;67.6718;60.8795;10.3052;4584.14;6.19637;0;0;0.1;0.01;0;4.93486;0;0;-1
0;1024;5.31866;-73.7707;61.9488;8.5;2572.44;5.11093;0;0;0.1;0.01;0;2.2373;1;0;-1
0;1025;6.87299;-57.404;62.3015;10.176;4413.87;6.11868;0;0;0.1;0.01;0;5.81697;0;0;-1
0;1026;7.73988;-39.3539;61.0369;8.5;2572.44;5.11093;0;0;0.1;0.01;0;4.55353;1;0;-1
0;1027;6.38026;-22.69;62.3447;9.92312;4092.92;5.96663;0;0;0.1;0.01;0;6.71248;0;0;-1
0;1028;9.1725;-6.37354;62.4726;10.2402;4497.94;6.15728;0;0;0.1;0.01;0;6.85808;0;0;-1
0;1029;8.78202;12.1979;62.2443;8.66534;2725.5;5.21034;0;0;0.1;0.01;0;4.78883;0;0;-1
0;1030;7.91687;26.3213;63.4073;8.5;2572.44;5.11093;0;0;0.1;0.01;0;5.49452;1;0;-1
0;1031;7.42171;42.0701;60.0831;10.2988;4575.6;6.19252;0;0;0.1;0.01;0;6.63314;0;0;-1
0;1032;6.64025;63.0883;63.289;9.3194;3390.41;5.60362;0;0;0.1;0.01;0;4.62265;0;0;-1
0;1033;21.3017;-63.8629;60.9573;8.5;2572.44;5.11093;0;0;0.1;0.01;0;3.70141;1;0;-1
0;1034;23.256;-50.2964;61.9476;8.5;2572.44;5.11093;0;0;0.1;0.01;0;4.43529;1;0;-1
0;1035;20.9403;-32.363;61.0284;8.5;2572.44;5.11093;0;0;0.1;0.01;0;3.83343;1;0;-1
0;1036;24.2151;-12.6701;60.3699;8.5;2572.44;5.11093;0;0;0.1;0.01;0;5.40645;1;0;-1
0;1037;20.6116;2.95517;61.7838;8.5;2572.44;5.11093;0;0;0.1;0.01;0;5.06388;1;0;-1
0;1038;23.0812;19.7952;63.7342;10.3275;4613.96;6.20978;0;0;0.1;0.01;0;7.3417;0;0;-1
0;1039;21.924;37.839;63.1508;8.70203;2760.26;5.2324;0;0;0.1;0.01;0;5.68755;0;0;-1
0;1040;21.5764;53.1591;60.4194;8.5;2572.44;5.11093;0;0;0.1;0.01;0;5.29467;1;0;-1
0;1041;22.1319;69.1078;61.3942;9.0674;3122.75;5.4521;0;0;0.1;0.01;0;3.39077;0;0;-1
0;1042;34.6706;-59.732;63.5374;8.5;2572.44;5.11093;0;0;0.1;0.01;0;2.17425;1;0;-1
0;1043;36.1514;-39.344;62.5745;9.23923;3303.66;5.55541;0;0;0.1;0.01;0;4.51142;0;0;-1
0;1044;38.181;-22.8121;61.8939;8.81792;2872.02;5.30209;0;0;0.1;0.01;0;4.89315;0;0;-1
0;1045;35.7971;-5.05829;62.6075;8.95321;3006.25;5.38344;0;0;0.1;0.01;0;4.80237;0;0;-1
0;1046;38.2692;12.2889;61.3784;9.45337;3538.74;5.68417;0;0;0.1;0.01;0;5.6488;0;0;-1
0;1047;37.9532;26.2101;60.2491;8.5;2572.44;5.11093;0;0;0.1;0.01;0;6.73339;1;0;-1
0;1048;35.5226;43.3608;63.5186;9.23679;3301.05;5.55395;0;0;0.1;0.01;0;5.62807;0;0;-1
0;1049;38.6619;60.4719;63.3814;9.72555;3853.28;5.84783;0;0;0.1;0.01;0;3.9474;0;0;-1
0;1050;53.4558;-48.7338;61.7442;9.52246;3616.9;5.72572;0;0;0.1;0.01;0;3.22432;0;0;-1
0;1051;50.3654;-33.3912;60.8822;8.5;2572.44;5.11093;0;0;0.1;0.01;0;4.87505;1;0;-1
0;1052;51.0279;-15.282;62.1396;9.58171;3684.83;5.76134;0;0;0.1;0.01;0;5.6984;0;0;-1
0;1053;50.0354;0.795156;62.6997;8.5;2572.44;5.11093;0;0;0.1;0.01;0;4.12938;1;0;-1
0;1054;50.5509;20.6941;60.9265;8.5;2572.44;5.11093;0;0;0.1;0.01;0;5.72328;1;0;-1
0;1055;50.8706;34.8038;61.8168;9.8158;3961.56;5.9021;0;0;0.1;0.01;0;6.01695;0;0;-1
0;1056;53.6945;53.0082;62.7364;10.1404;4367.71;6.09728;0;0;0.1;0.01;0;3.14259;0;0;-1
0;1057;67.075;-40.86;60.8946;10.4293;4751.76;6.27099;0;0;0.1;0.01;0;2.85327;0;0;-1
0;1058;64.4534;-21.5184;62.1461;8.5;2572.44;5.11093;0;0;0.1;0.01;0;2.95796;1;0;-1
0;1059;64.4433;-5.4376;61.8737;8.5;2572.44;5.11093;0;0;0.1;0.01;0;4.08086;1;0;-1
0;1060;66.7741;9.19593;60.6552;9.7064;3830.57;5.83632;0;0;0.1;0.01;0;3.2867;0;0;-1
0;1061;65.1706;25.0286;60.1618;8.80062;2855.15;5.29169;0;0;0.1;0.01;0;2.82037;0;0;-1
0;1062;-54.4209;-23.7643;75.9831;9.34551;3418.99;5.61932;0;0;0.1;0.01;0;3.60354;0;0;-1
0;1063;-56.5088;-4.70115;78.708;8.5;2572.44;5.11093;0;0;0.1;0.01;0;1.66232;1;0;-1
0;1064;-54.9465;10.6807;76.2482;9.32397;3395.4;5.60637;0;0;0.1;0.01;0;3.90452;0;0;-1
0;1065;-56.4411;29.725;75.0174;10.447;4775.99;6.28163;0;0;0.1;0.01;0;3.2351;0;0;-1
0;1066;-40.0304;-48.9633;77.0253;8.5;2572.44;5.11093;0;0;0.1;0.01;0;2.24542;1;0;-1
0;1067;-42.2526;-30.7993;77.7953;8.79456;2849.25;5.28804;0;0;0.1;0.01;0;4.74756;0;0;-1
0;1068;-40.3987;-15.9284;75.0953;9.98709;4172.59;6.00509;0;0;0.1;0.01;0;6.54649;0;0;-1
0;1069;-40.4535;2.87147;77.9495;9.51488;3608.27;5.72116;0;0;0.1;0.01;0;5.73152;0;0;-1
0;1070;-41.6316;17.7806;74.6483;8.54694;2615.29;5.13915;0;0;0.1;0.01;0;5.55012;0;0;-1
0;1071;-39.3197;33.6813;76.4801;9.87209;4030.1;5.93594;0;0;0.1;0.01;0;4.14187;0;0;-1
0;1072;-24.3908;-55.1611;76.9409;9.73996;3870.44;5.8565;0;0;0.1;0.01;0;3.46865;0;0;-1
0;1073;-26.2772;-40.848;74.952;9.02504;3079.19;5.42663;0;0;0.1;0.01;0;5.50382;0;0;-1
0;1074;-27.4675;-23.1554;76.5318;10.0637;4269.35;6.05116;0;0;0.1;0.01;0;7.01365;0;0;-1
0;1075;-27.252;-4.51855;77.8999;9.34698;3420.6;5.6202;0;0;0.1;0.01;0;6.5513;0;0;-1
0;1076;-24.9808;12.2898;77.0423;9.04555;3100.23;5.43896;0;0;0.1;0.01;0;5.77552;0;0;-1
0;1077;-25.7867;26.5284;77.3002;9.31413;3384.66;5.60045;0;0;0.1;0.01;0;5.8971;0;0;-1
0;1078;-25.3422;43.724;77.7639;9.28589;3353.97;5.58347;0;0;0.1;0.01;0;3.80771;0;0;-1
0;1079;-10.0675;-47.8143;76.4012;8.80812;2862.45;5.29619;0;0;0.1;0.01;0;4.92327;0;0;-1
0;1080;-12.4544;-31.143;76.4152;10.2266;4480.05;6.14911;0;0;0.1;0.01;0;7.47866;0;0;-1
0;1081;-12.8016;-16.171;74.6185;9.40462;3484.27;5.65486;0;0;0.1;0.01;0;7.35141;0;0;-1
0;1082;-13.5682;0.327729;78.5009;10.2202;4471.64;6.14526;0;0;0.1;0.01;0;6.59515;0;0;-1
0;1083;-11.4806;20.5715;78.3205;8.95194;3004.97;5.38267;0;0;0.1;0.01;0;5.8108;0;0;-1
0;1084;-10.8844;36.5081;76.7785;10.0821;4292.81;6.06222;0;0;0.1;0.01;0;7.27591;0;0;-1
0;1085;-11.9924;51.5987;76.3113;9.93362;4105.93;5.97294;0;0;0.1;0.01;0;4.78252;0;0;-1
0;1086;3.54187;-58.8477;76.6036;10.3992;4710.73;6.25289;0;0;0.1;0.01;0;3.37065;0;0;-1
0;1087;1.3772;-42.2287;78.4806;8.5;2572.44;5.11093;0;0;0.1;0.01;0;4.97745;1;0;-1
0;1088;4.76741;-23.2432;76.3312;10.0445;4244.96;6.03961;0;0;0.1;0.01;0;6.80928;0;0;-1
0;1089;1.29911;-7.59492;78.2434;9.92445;4094.57;5.96743;0;0;0.1;0.01;0;6.26959;0;0;-1
0;1090;3.27176;11.4205;77.6367;8.90179;2954.75;5.35252;0;0;0.1;0.01;0;4.54113;0;0;-1
0;1091;1.50832;27.3589;77.7765;9.65841;3774.03;5.80746;0;0;0.1;0.01;0;7.23994;0;0;-1
0;1092;2.54204;42.4942;76.4665;10.3015;4579.2;6.19414;0;0;0.1;0.01;0;6.33661;0;0;-1
0;1093;4.04351;61.3746;76.567;9.70352;3827.16;5.83459;0;0;0.1;0.01;0;3.292;0;0;-1
0;1094;16.4739;-49.5948;74.9948;8.82222;2876.22;5.30467;0;0;0.1;0.01;0;3.51394;0;0;-1
0;1095;17.4671;-30.7385;77.8435;9.94785;4123.6;5.9815;0;0;0.1;0.01;0;6.0444;0;0;-1
0;1096;18.4954;-13.1228;74.6061;9.11763;3174.93;5.4823;0;0;0.1;0.01;0;6.14251;0;0;-1
0;1097;16.7226;3.34191;76.3037;8.78297;2838;5.28107;0;0;0.1;0.01;0;5.25284;0;0;-1
0;1098;18.4091;20.1256;76.761;8.5;2572.44;5.11093;0;0;0.1;0.01;0;5.81208;1;0;-1
0;1099;18.6028;33.9812;76.0127;10.0972;4312.13;6.0713;0;0;0.1;0.01;0;7.30799;0;0;-1
0;1100;18.5666;54.4259;76.1441;9.59276;3697.6;5.76799;0;0;0.1;0.01;0;3.60183;0;0;-1
0;1101;32.5511;-40.2013;76.4257;10.1849;4425.47;6.12403;0;0;0.1;0.01;0;3.81251;0;0;-1
0;1102;31.2484;-22.9438;78.556;10.1291;4353.13;6.09048;0;0;0.1;0.01;0;5.58319;0;0;-1
0;1103;31.1787;-5.98624;77.3417;8.5572;2624.72;5.14532;0;0;0.1;0.01;0;5.20099;0;0;-1
0;1104;32.3745;11.7421;76.1755;9.07028;3125.72;5.45383;0;0;0.1;0.01;0;4.46415;0;0;-1
0;1105;34.5159;28.4071;76.648;10.3011;4578.67;6.1939;0;0;0.1;0.01;0;5.87557;0;0;-1
0;1106;30.953;46.4947;78.1592;10.3268;4613.03;6.20935;0;0;0.1;0.01;0;4.1693;0;0;-1
0;1107;49.0863;-30.3935;78.6663;9.26179;3327.92;5.56898;0;0;0.1;0.01;0;1.68974;0;0;-1
0;1108;45.4518;-13.8812;75.3118;8.5304;2600.14;5.12921;0;0;0.1;0.01;0;4.76194;0;0;-1
0;1109;47.4435;0.400258;77.9763;8.55106;2619.08;5.14163;0;0;0.1;0.01;0;3.45486;0;0;-1
0;1110;48.3208;20.036;74.9171;9.58572;3689.46;5.76375;0;0;0.1;0.01;0;3.871;0;0;-1
0;1111;49.014;36.2382;77.4681;8.5;2572.44;5.11093;0;0;0.1;0.01;0;2.34;1;0;-1
0;1112;60.4373;-6.10813;78.4366;8.5;2572.44;5.11093;0;0;0.1;0.01;0;1.59817;1;0;-1
0;1113;-36.2716;-15.7317;89.6371;9.8315;3980.59;5.91154;0;0;0.1;0.01;0;4.24665;0;0;-1
0;1114;-36.4142;1.56638;91.2413;8.5;2572.44;5.11093;0;0;0.1;0.01;0;3.92288;1;0;-1
0;1115;-38.4472;16.9509;89.887;10.0141;4206.53;6.02133;0;0;0.1;0.01;0;3.77073;0;0;-1
0;1116;-21.1011;-24.4695;90.0479;10.4526;4783.67;6.285;0;0;0.1;0.01;0;4.94941;0;0;-1
0;1117;-23.4155;-6.36277;93.072;10.0382;4236.98;6.03582;0;0;0.1;0.01;0;4.54156;0;0;-1
0;1118;-22.7372;11.6885;89.7668;8.5;2572.44;5.11093;0;0;0.1;0.01;0;4.56503;1;0;-1
0;1119;-21.6258;27.6365;93.3748;10.1704;4406.59;6.11531;0;0;0.1;0.01;0;3.63828;0;0;-1
0;1120;-7.478;-31.4702;90.7904;9.99572;4183.41;6.01028;0;0;0.1;0.01;0;4.74713;0;0;-1
0;1121;-8.53478;-14.0077;89.448;9.49792;3589.01;5.71096;0;0;0.1;0.01;0;6.43345;0;0;-1
0;1122;-6.51513;1.18233;92.661;9.92513;4095.41;5.96784;0;0;0.1;0.01;0;5.31319;0;0;-1
0;1123;-5.80852;19.1316;93.3202;10.3778;4681.71;6.24002;0;0;0.1;0.01;0;5.37786;0;0;-1
0;1124;-7.61312;35.0381;92.3592;8.5;2572.44;5.11093;0;0;0.1;0.01;0;3.70959;1;0;-1
0;1125;5.41944;-38.5642;92.1446;8.64182;2703.36;5.1962;0;0;0.1;0.01;0;2.77403;0;0;-1
0;1126;6.63492;-23.3647;92.1236;9.97299;4154.94;5.99661;0;0;0.1;0.01;0;4.85959;0;0;-1
0;1127;7.32455;-5.04183;91.6066;9.76217;3896.98;5.86985;0;0;0.1;0.01;0;4.37095;0;0;-1
0;1128;6.6677;10.8056;91.2163;9.29955;3368.79;5.59168;0;0;0.1;0.01;0;4.12332;0;0;-1
0;1129;6.09521;28.753;90.0539;9.47028;3557.76;5.69434;0;0;0.1;0.01;0;5.33513;0;0;-1
0;1130;23.7549;-31.9705;89.8583;8.5;2572.44;5.11093;0;0;0.1;0.01;0;2.94895;1;0;-1
0;1131;20.705;-13.4739;89.3519;8.96289;3016.01;5.38926;0;0;0.1;0.01;0;4.82418;0;0;-1
0;1132;22.7931;0.12114;90.166;8.56343;2630.46;5.14907;0;0;0.1;0.01;0;3.46961;0;0;-1
0;1133;20.0118;20.8162;90.9636;8.88242;2935.5;5.34087;0;0;0.1;0.01;0;3.2532;0;0;-1
0;1134;20.889;36.7146;90.3426;8.61361;2676.97;5.17924;0;0;0.1;0.01;0;2.71956;0;0;-1
0;1135;37.3262;-7.80598;89.7307;9.767;3902.76;5.87276;0;0;0.1;0.01;0;3.63671;0;0;-1
0;1136;35.429;9.72532;91.1674;8.5238;2594.11;5.12524;0;0;0.1;0.01;0;1.96431;0;0;-1
