Time;ID;x;y;z;radius;volume_total;radius_nuclear;contact_ECM;freezer;polarized_fraction;motility;cell_line;Cell_cell;phase;Cycle;NFkB
0;0;-51.3205;-4.61111;-83.4258;8.5;2572.44;5.11093;0;0;0.1;0.01;0;2.64397;1;0;-1
0;1;-37.4349;-33.3456;-84.6853;9.8791;4038.69;5.94016;0;0;0.1;0.01;0;2.6757;0;0;-1
0;2;-37.6543;-13.8302;-86.4844;8.5;2572.44;5.11093;0;0;0.1;0.01;0;2.65183;1;0;-1
0;3;-38.5098;0.472291;-85.5926;8.93259;2985.53;5.37104;0;0;0.1;0.01;0;2.49468;0;0;-1
0;4;-35.4895;20.6087;-84.3374;10.0373;4235.84;6.03528;0;0;0.1;0.01;0;3.0553;0;0;-1
0;5;-21.8004;-40.6268;-87.2604;9.31441;3384.97;5.60062;0;0;0.1;0.01;0;2.80834;0;0;-1
0;6;-20.5465;-22.4015;-85.9327;8.72424;2781.45;5.24576;0;0;0.1;0.01;0;4.23951;0;0;-1
0;7;-21.0307;-8.41953;-84.511;8.68751;2746.47;5.22367;0;0;0.1;0.01;0;4.10727;0;0;-1
0;8;-20.3037;10.7203;-85.9722;8.9461;2999.09;5.37916;0;0;0.1;0.01;0;3.39503;0;0;-1
0;9;-22.2969;28.7592;-84.0049;9.1147;3171.87;5.48054;0;0;0.1;0.01;0;3.81354;0;0;-1
0;10;-8.84509;-49.3327;-83.4152;10.3831;4688.89;6.24321;0;0;0.1;0.01;0;3.61018;0;0;-1
0;11;-7.09493;-30.7519;-87.1649;9.25676;3322.5;5.56596;0;0;0.1;0.01;0;4.7522;0;0;-1
0;12;-6.80868;-16.6176;-86.2464;8.92614;2979.06;5.36716;0;0;0.1;0.01;0;5.0785;0;0;-1
0;13;-6.59101;0.139564;-85.5162;10.1914;4433.94;6.12794;0;0;0.1;0.01;0;5.02022;0;0;-1
0;14;-7.564;20.0309;-83.7601;10.1998;4444.92;6.13299;0;0;0.1;0.01;0;5.00775;0;0;-1
0;15;-7.67838;38.2924;-83.9357;9.71243;3837.71;5.83994;0;0;0.1;0.01;0;3.32088;0;0;-1
0;16;7.4456;-40.8706;-85.9506;10.0896;4302.4;6.06673;0;0;0.1;0.01;0;4.84767;0;0;-1
0;17;6.40355;-24.2369;-83.4896;10.0954;4309.82;6.07022;0;0;0.1;0.01;0;6.03665;0;0;-1
0;18;8.72331;-6.01823;-85.8359;8.76963;2825.09;5.27305;0;0;0.1;0.01;0;3.89275;0;0;-1
0;19;6.47766;10.9357;-86.7526;8.73724;2793.9;5.25358;0;0;0.1;0.01;0;2.66814;0;0;-1
0;20;7.75446;27.753;-87.3876;8.84193;2895.54;5.31652;0;0;0.1;0.01;0;3.18515;0;0;-1
0;21;8.87704;45.3826;-83.5769;10.2972;4573.47;6.19156;0;0;0.1;0.01;0;3.80216;0;0;-1
0;22;20.2454;-49.1566;-84.4986;9.44966;3534.57;5.68194;0;0;0.1;0.01;0;3.23404;0;0;-1
0;23;23.3381;-34.0348;-86.667;10.0918;4305.21;6.06805;0;0;0.1;0.01;0;5.12277;0;0;-1
0;24;20.6095;-15.7303;-84.9667;8.5;2572.44;5.11093;0;0;0.1;0.01;0;3.28269;1;0;-1
0;25;22.4781;3.45075;-86.8722;8.58914;2654.22;5.16453;0;0;0.1;0.01;0;3.58794;0;0;-1
0;26;23.6327;20.3938;-84.486;8.88816;2941.2;5.34432;0;0;0.1;0.01;0;4.47695;0;0;-1
0;27;23.5471;37.7434;-84.8632;9.8457;3997.87;5.92008;0;0;0.1;0.01;0;3.69321;0;0;-1
0;28;36.3547;-40.1942;-83.6489;9.99562;4183.29;6.01022;0;0;0.1;0.01;0;3.76964;0;0;-1
0;29;35.4726;-25.5467;-86.1234;8.5;2572.44;5.11093;0;0;0.1;0.01;0;3.01636;1;0;-1
0;30;37.2087;-5.59734;-85.301;10.2046;4451.19;6.13588;0;0;0.1;0.01;0;2.52994;0;0;-1
0;31;36.5613;10.8576;-83.9733;10.2277;4481.49;6.14977;0;0;0.1;0.01;0;3.93729;0;0;-1
0;32;37.5885;26.9789;-83.9272;10.0868;4298.82;6.06505;0;0;0.1;0.01;0;4.35813;0;0;-1
0;33;-70.5239;-14.7633;-69.3771;9.3986;3477.59;5.65124;0;0;0.1;0.01;0;2.28122;0;0;-1
0;34;-57.8094;-39.4471;-71.3426;9.97762;4160.73;5.9994;0;0;0.1;0.01;0;3.10586;0;0;-1
0;35;-56.6659;-25.1906;-72.492;9.30194;3371.39;5.59312;0;0;0.1;0.01;0;3.99643;0;0;-1
0;36;-54.7636;-8.89758;-70.8541;8.5;2572.44;5.11093;0;0;0.1;0.01;0;4.50361;1;0;-1
0;37;-56.2924;9.85753;-69.7926;10.3383;4628.45;6.21627;0;0;0.1;0.01;0;3.50703;0;0;-1
0;38;-57.7869;28.472;-71.51;8.5;2572.44;5.11093;0;0;0.1;0.01;0;2.15548;1;0;-1
0;39;-54.6566;46.9033;-68.5766;9.52835;3623.61;5.72926;0;0;0.1;0.01;0;3.24105;0;0;-1
0;40;-41.5499;-51.3155;-72.6754;9.08313;3139.03;5.46155;0;0;0.1;0.01;0;2.11156;0;0;-1
0;41;-41.3962;-30.4531;-70.9868;9.44447;3528.75;5.67882;0;0;0.1;0.01;0;5.73793;0;0;-1
0;42;-42.2315;-16.6238;-69.6707;10.4347;4759.14;6.27423;0;0;0.1;0.01;0;6.85581;0;0;-1
0;43;-39.4112;1.73304;-69.0946;8.5;2572.44;5.11093;0;0;0.1;0.01;0;4.21985;1;0;-1
0;44;-42.3629;16.7621;-69.0671;8.5;2572.44;5.11093;0;0;0.1;0.01;0;5.51344;1;0;-1
0;45;-42.4224;34.2503;-69.8633;9.48534;3574.76;5.7034;0;0;0.1;0.01;0;5.21303;0;0;-1
0;46;-41.2109;53.4612;-69.4125;8.5;2572.44;5.11093;0;0;0.1;0.01;0;3.8055;1;0;-1
0;47;-26.5805;-57.1912;-70.3594;8.69547;2754.02;5.22846;0;0;0.1;0.01;0;4.02463;0;0;-1
0;48;-28.5615;-42.5891;-68.4941;10.4235;4743.83;6.2675;0;0;0.1;0.01;0;6.38705;0;0;-1
0;49;-26.2514;-24.7425;-70.6799;8.78999;2844.81;5.28529;0;0;0.1;0.01;0;5.81315;0;0;-1
0;50;-24.7243;-8.81387;-71.8652;8.5;2572.44;5.11093;0;0;0.1;0.01;0;4.47491;1;0;-1
0;51;-26.8801;11.1089;-69.6526;9.33999;3412.93;5.616;0;0;0.1;0.01;0;5.35084;0;0;-1
0;52;-26.0045;26.9283;-69.2381;10.0291;4225.46;6.03035;0;0;0.1;0.01;0;6.57021;0;0;-1
0;53;-27.6158;43.7338;-70.6726;9.33376;3406.11;5.61225;0;0;0.1;0.01;0;4.60023;0;0;-1
0;54;-27.1613;62.1974;-69.8057;9.79464;3935.99;5.88937;0;0;0.1;0.01;0;3.73935;0;0;-1
0;55;-13.5685;-63.8511;-69.0192;9.87774;4037.02;5.93934;0;0;0.1;0.01;0;4.0407;0;0;-1
0;56;-13.8246;-48.1411;-68.3403;8.5;2572.44;5.11093;0;0;0.1;0.01;0;5.72195;1;0;-1
0;57;-11.3457;-31.1869;-72.6076;8.91585;2968.77;5.36097;0;0;0.1;0.01;0;5.09754;0;0;-1
0;58;-12.6983;-15.0507;-70.9659;9.29638;3365.35;5.58978;0;0;0.1;0.01;0;6.58957;0;0;-1
0;59;-9.95035;1.96134;-71.7782;9.45092;3535.99;5.6827;0;0;0.1;0.01;0;5.80879;0;0;-1
0;60;-11.6455;16.5864;-70.1467;8.82064;2874.68;5.30372;0;0;0.1;0.01;0;5.34685;0;0;-1
0;61;-11.8824;36.6271;-70.9338;9.09843;3154.92;5.47075;0;0;0.1;0.01;0;4.65147;0;0;-1
0;62;-10.7478;55.0824;-70.3605;9.75011;3882.55;5.8626;0;0;0.1;0.01;0;3.31376;0;0;-1
0;63;2.17763;-56.2426;-69.0679;9.01971;3073.73;5.42342;0;0;0.1;0.01;0;4.73778;0;0;-1
0;64;3.94421;-40.1504;-72.0451;8.76763;2823.16;5.27185;0;0;0.1;0.01;0;5.19968;0;0;-1
0;65;2.71936;-22.8984;-68.5025;10.2393;4496.76;6.15674;0;0;0.1;0.01;0;7.07071;0;0;-1
0;66;4.34338;-7.98;-72.0181;9.90275;4067.77;5.95438;0;0;0.1;0.01;0;6.59488;0;0;-1
0;67;2.35085;10.1691;-69.21;8.5;2572.44;5.11093;0;0;0.1;0.01;0;4.96731;1;0;-1
0;68;4.40303;26.7896;-69.6913;8.5;2572.44;5.11093;0;0;0.1;0.01;0;4.49238;1;0;-1
0;69;4.43361;45.7943;-70.5454;9.40266;3482.1;5.65368;0;0;0.1;0.01;0;6.07154;0;0;-1
0;70;3.50724;63.7153;-70.1448;9.87208;4030.09;5.93594;0;0;0.1;0.01;0;3.4558;0;0;-1
0;71;16.3308;-66.2679;-69.901;9.33398;3406.35;5.61239;0;0;0.1;0.01;0;2.89156;0;0;-1
0;72;15.9697;-47.1666;-70.9238;8.71329;2770.99;5.23917;0;0;0.1;0.01;0;4.75271;0;0;-1
0;73;19.2599;-30.2052;-70.8786;10.2304;4485.04;6.15139;0;0;0.1;0.01;0;6.89106;0;0;-1
0;74;16.409;-14.0962;-69.2267;8.5;2572.44;5.11093;0;0;0.1;0.01;0;6.69801;1;0;-1
0;75;16.9965;1.22179;-71.326;9.24351;3308.26;5.55799;0;0;0.1;0.01;0;5.43994;0;0;-1
0;76;16.0023;18.2096;-69.2034;8.72477;2781.96;5.24608;0;0;0.1;0.01;0;4.9883;0;0;-1
0;77;17.3085;35.4412;-70.6388;9.03495;3089.34;5.43258;0;0;0.1;0.01;0;5.48935;0;0;-1
0;78;19.4575;55.0744;-70.2772;10.194;4437.34;6.1295;0;0;0.1;0.01;0;4.06664;0;0;-1
0;79;31.0828;-57.7969;-69.4696;8.5;2572.44;5.11093;0;0;0.1;0.01;0;3.35952;1;0;-1
0;80;31.7634;-38.5289;-68.432;9.87873;4038.24;5.93994;0;0;0.1;0.01;0;6.27452;0;0;-1
0;81;32.0174;-21.8274;-69.6496;8.5;2572.44;5.11093;0;0;0.1;0.01;0;4.93445;1;0;-1
0;82;33.3372;-6.34156;-68.8077;9.53103;3626.67;5.73087;0;0;0.1;0.01;0;5.56978;0;0;-1
0;83;30.5734;12.4408;-71.3005;9.73152;3860.39;5.85142;0;0;0.1;0.01;0;6.45171;0;0;-1
0;84;33.6223;28.603;-68.5216;10.0382;4236.98;6.03582;0;0;0.1;0.01;0;6.88787;0;0;-1
0;85;34.0097;43.7466;-71.9708;8.5;2572.44;5.11093;0;0;0.1;0.01;0;4.2345;1;0;-1
0;86;46.3671;-51.2891;-68.9113;9.61922;3728.28;5.7839;0;0;0.1;0.01;0;2.75889;0;0;-1
0;87;45.9815;-30.4832;-71.9478;9.01313;3067.01;5.41946;0;0;0.1;0.01;0;4.33407;0;0;-1
0;88;47.5559;-13.4242;-72.0012;9.9526;4129.51;5.98435;0;0;0.1;0.01;0;4.86474;0;0;-1
0;89;45.3313;1.65143;-69.0638;8.5;2572.44;5.11093;0;0;0.1;0.01;0;5.76196;1;0;-1
0;90;47.3069;17.13;-68.9517;10.3912;4699.87;6.24808;0;0;0.1;0.01;0;6.38412;0;0;-1
0;91;48.9699;36.8801;-71.9526;10.2103;4458.66;6.13931;0;0;0.1;0.01;0;3.53517;0;0;-1
0;92;46.7043;54.1111;-69.0053;8.5;2572.44;5.11093;0;0;0.1;0.01;0;2.53619;1;0;-1
0;93;60.0236;-25.6682;-72.0505;10.0688;4275.84;6.05422;0;0;0.1;0.01;0;2.75239;0;0;-1
0;94;62.5675;-5.60946;-71.9205;8.73835;2794.97;5.25424;0;0;0.1;0.01;0;2.33484;0;0;-1
0;95;61.3299;9.87219;-68.8392;9.81409;3959.49;5.90107;0;0;0.1;0.01;0;3.63419;0;0;-1
0;96;-80.3916;-8.31452;-55.4102;9.69228;3813.88;5.82783;0;0;0.1;0.01;0;2.96157;0;0;-1
0;97;-80.125;12.4586;-54.3316;8.7296;2786.58;5.24898;0;0;0.1;0.01;0;2.61353;0;0;-1
0;98;-65.7605;-48.4226;-54.2712;10.1245;4347.2;6.08771;0;0;0.1;0.01;0;4.68088;0;0;-1
0;99;-67.6995;-33.8808;-55.405;8.95215;3005.18;5.3828;0;0;0.1;0.01;0;3.30676;0;0;-1
0;100;-65.5524;-12.6513;-56.3798;8.50736;2579.13;5.11535;0;0;0.1;0.01;0;4.00069;0;0;-1
0;101;-64.5983;1.73358;-53.9657;9.72048;3847.26;5.84478;0;0;0.1;0.01;0;5.33255;0;0;-1
0;102;-68.0117;19.645;-57.7815;8.68328;2742.46;5.22113;0;0;0.1;0.01;0;3.53368;0;0;-1
0;103;-66.4424;35.4426;-55.5527;8.5;2572.44;5.11093;0;0;0.1;0.01;0;3.49073;1;0;-1
0;104;-52.2526;-59.3449;-54.8755;9.7421;3872.99;5.85778;0;0;0.1;0.01;0;4.05903;0;0;-1
0;105;-52.9158;-42.3662;-57.5588;8.54632;2614.73;5.13878;0;0;0.1;0.01;0;4.59357;0;0;-1
0;106;-51.3183;-24.6956;-57.8017;8.5;2572.44;5.11093;0;0;0.1;0.01;0;4.57069;1;0;-1
0;107;-49.8618;-4.7962;-57.1204;9.83619;3986.29;5.91436;0;0;0.1;0.01;0;6.42037;0;0;-1
0;108;-51.7476;12.0438;-54.3868;9.7551;3888.52;5.8656;0;0;0.1;0.01;0;7.06065;0;0;-1
0;109;-51.0319;27.8555;-57.8144;10.3779;4681.85;6.24008;0;0;0.1;0.01;0;6.92744;0;0;-1
0;110;-52.1429;44.8065;-54.0105;9.75705;3890.85;5.86677;0;0;0.1;0.01;0;6.19932;0;0;-1
0;111;-50.5765;59.7306;-54.4362;10.0947;4308.92;6.0698;0;0;0.1;0.01;0;5.15175;0;0;-1
0;112;-38.6601;-66.5848;-56.3474;9.78686;3926.62;5.8847;0;0;0.1;0.01;0;4.10062;0;0;-1
0;113;-38.3731;-51.0449;-54.5678;9.22818;3291.83;5.54877;0;0;0.1;0.01;0;5.19102;0;0;-1
0;114;-36.5553;-31.2266;-56.2478;9.62245;3732.03;5.78584;0;0;0.1;0.01;0;6.18168;0;0;-1
0;115;-36.5263;-14.8535;-55.7931;10.2702;4537.59;6.17532;0;0;0.1;0.01;0;6.81649;0;0;-1
0;116;-37.752;2.43957;-54.3716;8.98033;3033.65;5.39974;0;0;0.1;0.01;0;5.52321;0;0;-1
0;117;-36.0797;20.9946;-57.0208;10.2728;4541.04;6.17689;0;0;0.1;0.01;0;7.54058;0;0;-1
0;118;-35.2101;36.6492;-55.0709;8.75833;2814.18;5.26626;0;0;0.1;0.01;0;6.65417;0;0;-1
0;119;-36.9976;51.2788;-56.5082;10.0445;4244.96;6.03961;0;0;0.1;0.01;0;6.94617;0;0;-1
0;120;-35.9283;70.3135;-57.9331;10.4064;4720.52;6.25722;0;0;0.1;0.01;0;4.27207;0;0;-1
0;121;-23.9331;-76.0255;-57.3268;9.56038;3660.28;5.74852;0;0;0.1;0.01;0;3.14464;0;0;-1
0;122;-21.8294;-56.2138;-56.4057;9.42137;3502.92;5.66493;0;0;0.1;0.01;0;6.51047;0;0;-1
0;123;-21.0936;-40.4634;-54.8452;10.0066;4197.09;6.01682;0;0;0.1;0.01;0;6.98254;0;0;-1
0;124;-23.6232;-22.5371;-56.7426;9.91108;4078.04;5.95939;0;0;0.1;0.01;0;6.87597;0;0;-1
0;125;-21.5839;-7.14887;-56.346;8.98657;3039.98;5.40349;0;0;0.1;0.01;0;5.63011;0;0;-1
0;126;-22.4067;8.99965;-55.9862;9.44496;3529.3;5.67912;0;0;0.1;0.01;0;4.80087;0;0;-1
0;127;-21.4009;25.5955;-55.591;8.61865;2681.68;5.18227;0;0;0.1;0.01;0;5.2662;0;0;-1
0;128;-21.7833;42.3052;-56.7043;8.5;2572.44;5.11093;0;0;0.1;0.01;0;5.12113;1;0;-1
0;129;-22.1167;63.207;-54.4624;10.3642;4663.33;6.23184;0;0;0.1;0.01;0;7.13667;0;0;-1
0;130;-22.0241;77.9775;-57.0132;9.14647;3205.16;5.49964;0;0;0.1;0.01;0;3.52633;0;0;-1
0;131;-9.28334;-80.7856;-56.0039;8.5;2572.44;5.11093;0;0;0.1;0.01;0;2.4704;1;0;-1
0;132;-5.77053;-65.6716;-55.7494;9.0412;3095.76;5.43634;0;0;0.1;0.01;0;4.74591;0;0;-1
0;133;-6.2318;-47.113;-55.1219;9.62786;3738.33;5.78909;0;0;0.1;0.01;0;5.88199;0;0;-1
0;134;-8.77357;-29.9181;-54.6144;9.80216;3945.06;5.8939;0;0;0.1;0.01;0;5.57572;0;0;-1
0;135;-8.9442;-14.1412;-55.4246;8.61231;2675.76;5.17846;0;0;0.1;0.01;0;5.84112;0;0;-1
0;136;-7.06887;0.367608;-56.7158;8.5;2572.44;5.11093;0;0;0.1;0.01;0;5.33838;1;0;-1
0;137;-5.92354;20.9922;-55.1512;10.3787;4682.93;6.24056;0;0;0.1;0.01;0;6.33434;0;0;-1
0;138;-8.23914;36.9531;-55.4899;10.3709;4672.38;6.23587;0;0;0.1;0.01;0;6.41148;0;0;-1
0;139;-5.83039;54.9386;-55.1083;10.4463;4775.03;6.28121;0;0;0.1;0.01;0;6.18442;0;0;-1
0;140;-8.71956;70.3258;-55.1345;8.9171;2970.02;5.36172;0;0;0.1;0.01;0;3.30195;0;0;-1
0;141;8.9888;-74.3203;-56.9013;8.95921;3012.3;5.38704;0;0;0.1;0.01;0;3.46806;0;0;-1
0;142;6.86157;-58.0781;-56.2126;9.9375;4110.74;5.97527;0;0;0.1;0.01;0;6.12446;0;0;-1
0;143;7.34427;-41.7011;-54.9299;8.5;2572.44;5.11093;0;0;0.1;0.01;0;4.381;1;0;-1
0;144;9.39895;-22.7161;-56.604;9.348;3421.72;5.62082;0;0;0.1;0.01;0;6.49583;0;0;-1
0;145;6.0338;-8.0174;-56.8591;9.37777;3454.52;5.63872;0;0;0.1;0.01;0;6.47351;0;0;-1
0;146;5.61287;9.71944;-55.2366;8.95394;3006.98;5.38387;0;0;0.1;0.01;0;4.28075;0;0;-1
0;147;8.44424;27.7499;-53.9518;10.1128;4332.14;6.08068;0;0;0.1;0.01;0;6.67631;0;0;-1
0;148;8.53419;44.9753;-55.9763;10.2821;4553.38;6.18248;0;0;0.1;0.01;0;7.63888;0;0;-1
0;149;8.84161;59.8434;-57.7115;8.76315;2818.83;5.26915;0;0;0.1;0.01;0;5.811;0;0;-1
0;150;8.56931;79.8415;-54.3426;9.33081;3402.88;5.61048;0;0;0.1;0.01;0;2.80792;0;0;-1
0;151;22.2766;-64.2627;-56.658;9.79249;3933.4;5.88808;0;0;0.1;0.01;0;4.96704;0;0;-1
0;152;24.1775;-49.9859;-53.7219;8.97699;3030.27;5.39773;0;0;0.1;0.01;0;5.39932;0;0;-1
0;153;20.2904;-32.6131;-55.2893;9.10775;3164.62;5.47636;0;0;0.1;0.01;0;5.1532;0;0;-1
0;154;20.5206;-12.7117;-57.369;9.31056;3380.77;5.5983;0;0;0.1;0.01;0;6.00989;0;0;-1
0;155;23.6297;1.42052;-56.4414;9.29185;3360.43;5.58705;0;0;0.1;0.01;0;5.68083;0;0;-1
0;156;23.7526;20.6574;-55.7387;10.1452;4373.92;6.10016;0;0;0.1;0.01;0;6.42635;0;0;-1
0;157;22.6845;38.2399;-56.21;10.0929;4306.62;6.06871;0;0;0.1;0.01;0;7.03998;0;0;-1
0;158;22.9285;54.3782;-53.9786;10.4336;4757.64;6.27357;0;0;0.1;0.01;0;7.098;0;0;-1
0;159;22.054;70.566;-57.6929;9.08793;3144.01;5.46444;0;0;0.1;0.01;0;2.47085;0;0;-1
0;160;38.5718;-56.0276;-56.4257;9.06067;3115.8;5.44805;0;0;0.1;0.01;0;4.55277;0;0;-1
0;161;34.9346;-38.3545;-54.7187;8.60039;2664.67;5.17129;0;0;0.1;0.01;0;5.32425;0;0;-1
0;162;38.5233;-25.0997;-56.4564;9.04343;3098.05;5.43768;0;0;0.1;0.01;0;5.60408;0;0;-1
0;163;37.2046;-5.69315;-54.834;8.57831;2644.2;5.15801;0;0;0.1;0.01;0;5.96577;0;0;-1
0;164;38.4582;8.33439;-55.408;9.23354;3297.56;5.55199;0;0;0.1;0.01;0;6.96469;0;0;-1
0;165;38.8675;25.4352;-54.6089;9.85015;4003.29;5.92275;0;0;0.1;0.01;0;6.32686;0;0;-1
0;166;36.7828;46.149;-56.6489;9.17439;3234.6;5.51643;0;0;0.1;0.01;0;5.85502;0;0;-1
0;167;36.3688;60.7319;-54.1158;8.5;2572.44;5.11093;0;0;0.1;0.01;0;4.54069;1;0;-1
0;168;52.8845;-50.9583;-56.0549;8.97539;3028.65;5.39677;0;0;0.1;0.01;0;3.28788;0;0;-1
0;169;52.0662;-31.0897;-54.1355;9.95776;4135.93;5.98746;0;0;0.1;0.01;0;5.73151;0;0;-1
0;170;52.9107;-15.0638;-54.3812;8.5;2572.44;5.11093;0;0;0.1;0.01;0;5.22941;1;0;-1
0;171;52.2481;0.0401064;-54.3886;9.99184;4178.54;6.00795;0;0;0.1;0.01;0;7.51441;0;0;-1
0;172;51.1926;18.0878;-56.0377;9.0008;3054.44;5.41205;0;0;0.1;0.01;0;6.79215;0;0;-1
0;173;52.9391;34.0766;-55.7678;9.24176;3306.38;5.55694;0;0;0.1;0.01;0;5.31182;0;0;-1
0;174;52.6935;55.2612;-56.5072;10.1122;4331.37;6.08032;0;0;0.1;0.01;0;4.26816;0;0;-1
0;175;64.6162;-40.8728;-56.6765;9.03274;3087.07;5.43126;0;0;0.1;0.01;0;2.99371;0;0;-1
0;176;67.282;-25.0832;-56.1069;9.38578;3463.38;5.64353;0;0;0.1;0.01;0;4.42044;0;0;-1
0;177;67.7684;-4.50115;-55.1285;8.5;2572.44;5.11093;0;0;0.1;0.01;0;5.13854;1;0;-1
0;178;65.8289;11.9959;-53.8086;9.54477;3642.38;5.73913;0;0;0.1;0.01;0;5.8739;0;0;-1
0;179;66.0111;26.6473;-55.2846;8.5;2572.44;5.11093;0;0;0.1;0.01;0;3.88862;1;0;-1
0;180;64.7705;46.0615;-54.3242;9.81335;3958.59;5.90062;0;0;0.1;0.01;0;3.39583;0;0;-1
0;181;79.7178;-16.8493;-56.7571;10.1836;4423.77;6.12325;0;0;0.1;0.01;0;2.82672;0;0;-1
0;182;82.2216;1.11882;-54.4674;8.92226;2975.18;5.36483;0;0;0.1;0.01;0;2.82735;0;0;-1
0;183;-87.5144;-21.6586;-40.631;9.37018;3446.14;5.63415;0;0;0.1;0.01;0;3.14619;0;0;-1
0;184;-84.117;-8.17349;-40.1235;10.0307;4227.49;6.03131;0;0;0.1;0.01;0;5.21985;0;0;-1
0;185;-86.3109;12.3545;-39.6315;9.63572;3747.5;5.79382;0;0;0.1;0.01;0;4.44035;0;0;-1
0;186;-86.6589;29.3356;-39.2319;9.84885;4001.71;5.92197;0;0;0.1;0.01;0;3.00419;0;0;-1
0;187;-70.1796;-48.0378;-39.6423;8.5;2572.44;5.11093;0;0;0.1;0.01;0;4.0582;1;0;-1
0;188;-72.1214;-33.9465;-41.561;10.2288;4482.94;6.15043;0;0;0.1;0.01;0;5.027;0;0;-1
0;189;-71.5948;-14.5716;-41.6289;8.5;2572.44;5.11093;0;0;0.1;0.01;0;5.38654;1;0;-1
0;190;-72.6809;3.61562;-40.9254;10.2704;4537.86;6.17544;0;0;0.1;0.01;0;7.38571;0;0;-1
0;191;-70.5099;19.0748;-42.0648;9.73679;3866.66;5.85459;0;0;0.1;0.01;0;6.24104;0;0;-1
0;192;-69.9862;37.08;-42.9184;9.92192;4091.44;5.96591;0;0;0.1;0.01;0;5.68314;0;0;-1
0;193;-72.6583;51.3902;-41.1017;9.59208;3696.81;5.76758;0;0;0.1;0.01;0;3.09386;0;0;-1
0;194;-56.9538;-59.2031;-39.9316;10.3288;4615.71;6.21056;0;0;0.1;0.01;0;5.25016;0;0;-1
0;195;-56.7234;-39.4593;-41.8745;9.50868;3601.22;5.71743;0;0;0.1;0.01;0;6.64171;0;0;-1
0;196;-54.1639;-24.6433;-40.9121;9.31218;3382.54;5.59928;0;0;0.1;0.01;0;5.42129;0;0;-1
0;197;-57.4661;-7.32829;-42.0162;10.0834;4294.47;6.063;0;0;0.1;0.01;0;6.99107;0;0;-1
0;198;-55.0628;9.53816;-39.8496;10.2811;4552.05;6.18188;0;0;0.1;0.01;0;6.71428;0;0;-1
0;199;-55.5398;25.8728;-41.5468;9.89022;4052.35;5.94685;0;0;0.1;0.01;0;6.1136;0;0;-1
0;200;-56.9728;42.6521;-40.1068;9.6706;3788.34;5.81479;0;0;0.1;0.01;0;6.52605;0;0;-1
0;201;-54.2547;60.4492;-39.5955;9.62047;3729.73;5.78465;0;0;0.1;0.01;0;5.23892;0;0;-1
0;202;-40.5183;-80.6233;-40.9845;8.5;2572.44;5.11093;0;0;0.1;0.01;0;2.97191;1;0;-1
0;203;-41.6791;-65.9007;-39.2286;9.46189;3548.32;5.6893;0;0;0.1;0.01;0;6.38181;0;0;-1
0;204;-43.0489;-47.5206;-41.7203;8.5;2572.44;5.11093;0;0;0.1;0.01;0;4.90121;1;0;-1
0;205;-42.5689;-31.6905;-42.2007;8.64528;2706.61;5.19828;0;0;0.1;0.01;0;5.09668;0;0;-1
0;206;-40.2496;-13.4515;-40.6521;9.60474;3711.47;5.77519;0;0;0.1;0.01;0;6.10506;0;0;-1
0;207;-42.0098;1.9524;-39.9931;9.25091;3316.21;5.56244;0;0;0.1;0.01;0;6.47575;0;0;-1
0;208;-41.7821;19.6589;-42.4159;8.59492;2659.59;5.168;0;0;0.1;0.01;0;5.91396;0;0;-1
0;209;-41.452;34.461;-41.4058;8.78789;2842.77;5.28403;0;0;0.1;0.01;0;5.64184;0;0;-1
0;210;-40.2705;53.6137;-41.2209;9.53739;3633.94;5.73469;0;0;0.1;0.01;0;7.07303;0;0;-1
0;211;-40.8056;68.4755;-42.1398;10.3601;4657.8;6.22938;0;0;0.1;0.01;0;6.08167;0;0;-1
0;212;-27.659;-72.9661;-42.8763;9.39388;3472.35;5.6484;0;0;0.1;0.01;0;6.1085;0;0;-1
0;213;-28.143;-57.7276;-40.4586;10.4418;4768.86;6.2785;0;0;0.1;0.01;0;7.095;0;0;-1
0;214;-25.2986;-38.507;-42.3669;9.23225;3296.18;5.55122;0;0;0.1;0.01;0;5.32912;0;0;-1
0;215;-25.0118;-22.3777;-39.8167;9.9908;4177.24;6.00732;0;0;0.1;0.01;0;6.39099;0;0;-1
0;216;-24.7485;-5.1817;-40.6519;8.87426;2927.42;5.33596;0;0;0.1;0.01;0;5.61604;0;0;-1
0;217;-25.4521;9.7552;-41.0442;8.5;2572.44;5.11093;0;0;0.1;0.01;0;4.04209;1;0;-1
0;218;-28.1778;27.0164;-42.0151;9.3773;3454;5.63843;0;0;0.1;0.01;0;5.48889;0;0;-1
0;219;-27.2191;44.1248;-42.0997;9.59228;3697.04;5.7677;0;0;0.1;0.01;0;6.10614;0;0;-1
0;220;-27.5576;60.5347;-40.7602;9.41372;3494.4;5.66033;0;0;0.1;0.01;0;7.06773;0;0;-1
0;221;-25.0129;77.1715;-42.0761;9.57316;3674.98;5.7562;0;0;0.1;0.01;0;5.24523;0;0;-1
0;222;-12.992;-83.1438;-42.1704;8.61093;2674.48;5.17763;0;0;0.1;0.01;0;4.03693;0;0;-1
0;223;-12.9506;-67.61;-39.7403;10.0617;4266.8;6.04995;0;0;0.1;0.01;0;6.69729;0;0;-1
0;224;-12.3977;-49.3788;-41.8355;9.18212;3242.78;5.52108;0;0;0.1;0.01;0;5.31931;0;0;-1
0;225;-9.78614;-33.3257;-39.8349;9.50911;3601.71;5.71769;0;0;0.1;0.01;0;6.11623;0;0;-1
0;226;-13.0723;-15.512;-40.7609;8.69144;2750.2;5.22604;0;0;0.1;0.01;0;6.3737;0;0;-1
0;227;-11.0669;0.254544;-41.452;8.66025;2720.7;5.20728;0;0;0.1;0.01;0;5.45364;0;0;-1
0;228;-12.5388;20.0304;-39.3456;9.95302;4130.03;5.98461;0;0;0.1;0.01;0;6.16016;0;0;-1
0;229;-9.95956;34.3123;-39.7671;8.5;2572.44;5.11093;0;0;0.1;0.01;0;6.08735;1;0;-1
0;230;-11.5645;52.9655;-39.3586;10.1789;4417.65;6.12042;0;0;0.1;0.01;0;6.47079;0;0;-1
0;231;-11.101;70.7605;-40.0389;9.43087;3513.53;5.67065;0;0;0.1;0.01;0;5.57586;0;0;-1
0;232;-9.78927;87.1021;-39.9593;8.5;2572.44;5.11093;0;0;0.1;0.01;0;2.38861;1;0;-1
0;233;2.81943;-89.5442;-42.0491;9.11671;3173.97;5.48175;0;0;0.1;0.01;0;2.88074;0;0;-1
0;234;4.67692;-74.9298;-41.1618;8.55271;2620.59;5.14262;0;0;0.1;0.01;0;5.17715;0;0;-1
0;235;2.01029;-59.7598;-39.376;9.47364;3561.55;5.69636;0;0;0.1;0.01;0;5.41867;0;0;-1
0;236;3.62741;-40.767;-39.8047;8.5;2572.44;5.11093;0;0;0.1;0.01;0;4.84891;1;0;-1
0;237;4.67623;-25.2807;-39.5115;9.5216;3615.92;5.7252;0;0;0.1;0.01;0;6.13786;0;0;-1
0;238;1.23585;-8.08169;-42.4285;10.2613;4525.8;6.16997;0;0;0.1;0.01;0;6.2679;0;0;-1
0;239;3.21707;10.4491;-41.0084;8.61838;2681.42;5.18211;0;0;0.1;0.01;0;4.3697;0;0;-1
0;240;4.07474;27.1865;-39.4785;8.90471;2957.66;5.35427;0;0;0.1;0.01;0;6.72728;0;0;-1
0;241;1.22354;43.0344;-40.2751;10.0973;4312.25;6.07136;0;0;0.1;0.01;0;7.97703;0;0;-1
0;242;1.51809;60.6212;-40.9719;8.5;2572.44;5.11093;0;0;0.1;0.01;0;5.36182;1;0;-1
0;243;3.95431;76.3835;-41.072;9.14274;3201.24;5.4974;0;0;0.1;0.01;0;5.26398;0;0;-1
0;244;17.6733;-82.3272;-42.0898;8.5;2572.44;5.11093;0;0;0.1;0.01;0;3.29378;1;0;-1
0;245;18.2127;-65.4556;-39.2887;10.2625;4527.39;6.17069;0;0;0.1;0.01;0;5.88449;0;0;-1
0;246;17.9199;-46.459;-40.8032;8.89095;2943.97;5.346;0;0;0.1;0.01;0;5.26646;0;0;-1
0;247;17.836;-31.7621;-41.1581;8.5;2572.44;5.11093;0;0;0.1;0.01;0;5.83719;1;0;-1
0;248;19.0962;-15.4949;-41.7716;9.48375;3572.97;5.70244;0;0;0.1;0.01;0;5.92376;0;0;-1
0;249;19.752;1.93881;-42.1565;9.10927;3166.21;5.47727;0;0;0.1;0.01;0;4.69365;0;0;-1
0;250;17.6645;17.7315;-40.5167;9.27102;3337.88;5.57453;0;0;0.1;0.01;0;5.5981;0;0;-1
0;251;19.0264;36.7126;-42.842;9.9124;4079.67;5.96018;0;0;0.1;0.01;0;7.63294;0;0;-1
0;252;16.7944;52.0141;-39.6884;10.0976;4312.64;6.07154;0;0;0.1;0.01;0;7.44089;0;0;-1
0;253;18.7607;68.4691;-41.1991;10.3155;4597.9;6.20256;0;0;0.1;0.01;0;5.94048;0;0;-1
0;254;16.4126;87.4181;-41.1271;10.0767;4285.92;6.05897;0;0;0.1;0.01;0;3.14582;0;0;-1
0;255;32.9523;-75.6313;-42.5013;8.64912;2710.22;5.20059;0;0;0.1;0.01;0;2.25196;0;0;-1
0;256;30.5636;-56.492;-40.525;9.0958;3152.18;5.46917;0;0;0.1;0.01;0;6.27834;0;0;-1
0;257;33.715;-41.1811;-40.4676;10.005;4195.08;6.01586;0;0;0.1;0.01;0;7.65196;0;0;-1
0;258;32.774;-25.2881;-41.5688;10.1242;4346.81;6.08753;0;0;0.1;0.01;0;7.40495;0;0;-1
0;259;33.7413;-8.05033;-42.0301;8.5;2572.44;5.11093;0;0;0.1;0.01;0;4.72488;1;0;-1
0;260;33.8446;10.0342;-42.2911;8.5;2572.44;5.11093;0;0;0.1;0.01;0;5.10154;1;0;-1
0;261;33.8498;29.5228;-39.8798;8.93213;2985.06;5.37076;0;0;0.1;0.01;0;6.03193;0;0;-1
0;262;32.9454;46.1522;-39.4217;10.038;4236.72;6.0357;0;0;0.1;0.01;0;7.76719;0;0;-1
0;263;33.9208;60.0834;-39.7029;9.38769;3465.49;5.64468;0;0;0.1;0.01;0;6.20734;0;0;-1
0;264;33.557;79.8405;-40.4268;8.95437;3007.42;5.38413;0;0;0.1;0.01;0;2.74423;0;0;-1
0;265;47.8269;-65.273;-41.6087;8.94443;2997.41;5.37816;0;0;0.1;0.01;0;2.46638;0;0;-1
0;266;47.1418;-47.7072;-39.9519;9.52788;3623.08;5.72898;0;0;0.1;0.01;0;5.80326;0;0;-1
0;267;47.7651;-30.2391;-39.2204;10.3176;4600.71;6.20382;0;0;0.1;0.01;0;7.6596;0;0;-1
0;268;46.7926;-14.94;-42.5845;10.067;4273.55;6.05314;0;0;0.1;0.01;0;7.7791;0;0;-1
0;269;46.0805;2.8799;-42.1848;8.5;2572.44;5.11093;0;0;0.1;0.01;0;6.20014;1;0;-1
0;270;47.7561;16.8721;-43.0445;10.1627;4396.59;6.11068;0;0;0.1;0.01;0;7.43807;0;0;-1
0;271;46.8487;37.966;-41.1011;9.52653;3621.54;5.72816;0;0;0.1;0.01;0;6.19148;0;0;-1
0;272;46.7028;52.1395;-42.8746;9.67637;3795.12;5.81826;0;0;0.1;0.01;0;6.6055;0;0;-1
0;273;46.8337;69.2629;-39.8964;9.92643;4097.02;5.96862;0;0;0.1;0.01;0;4.49709;0;0;-1
0;274;60.3726;-55.3655;-39.3252;9.8308;3979.74;5.91112;0;0;0.1;0.01;0;4.74658;0;0;-1
0;275;63.9911;-41.6923;-39.8264;8.94562;2998.61;5.37887;0;0;0.1;0.01;0;4.28102;0;0;-1
0;276;61.2075;-23.354;-39.8339;8.55006;2618.16;5.14103;0;0;0.1;0.01;0;5.54417;0;0;-1
0;277;63.4167;-7.79594;-42.3307;9.67674;3795.56;5.81848;0;0;0.1;0.01;0;6.80321;0;0;-1
0;278;63.6013;8.22949;-39.4678;10.0114;4203.13;6.01971;0;0;0.1;0.01;0;6.55996;0;0;-1
0;279;63.0247;26.1913;-42.2752;10.0357;4233.81;6.03432;0;0;0.1;0.01;0;6.07496;0;0;-1
0;280;61.5508;42.1361;-41.2001;8.88075;2933.85;5.33987;0;0;0.1;0.01;0;5.08215;0;0;-1
0;281;61.9981;60.4246;-42.4606;9.23144;3295.32;5.55073;0;0;0.1;0.01;0;3.67577;0;0;-1
0;282;74.9455;-32.4949;-43.1697;9.0112;3065.04;5.4183;0;0;0.1;0.01;0;3.21627;0;0;-1
0;283;77.742;-15.0007;-41.1169;8.62851;2690.89;5.1882;0;0;0.1;0.01;0;4.46609;0;0;-1
0;284;76.3282;-0.0866375;-41.4666;10.2851;4557.37;6.18428;0;0;0.1;0.01;0;6.87681;0;0;-1
0;285;78.7375;19.7254;-42.8211;8.99017;3043.63;5.40566;0;0;0.1;0.01;0;3.33183;0;0;-1
0;286;76.54;34.3374;-41.946;9.23964;3304.1;5.55566;0;0;0.1;0.01;0;3.53967;0;0;-1
0;287;90.5149;-4.55974;-40.5383;8.7003;2758.62;5.23136;0;0;0.1;0.01;0;2.23249;0;0;-1
0;288;-95.1316;-13.5126;-24.7005;8.77145;2826.85;5.27415;0;0;0.1;0.01;0;3.17467;0;0;-1
0;289;-95.6339;1.2493;-26.0986;9.92316;4092.97;5.96665;0;0;0.1;0.01;0;3.87454;0;0;-1
0;290;-80.8677;-41.503;-24.6582;9.90428;4069.65;5.9553;0;0;0.1;0.01;0;2.8861;0;0;-1
0;291;-81.7974;-23.4422;-27.3449;9.5595;3659.27;5.74799;0;0;0.1;0.01;0;3.8652;0;0;-1
0;292;-78.9085;-4.65389;-26.486;10.0423;4242.17;6.03829;0;0;0.1;0.01;0;5.59219;0;0;-1
0;293;-82.5732;10.9687;-26.4505;10.1274;4350.93;6.08946;0;0;0.1;0.01;0;6.28682;0;0;-1
0;294;-82.4145;27.6766;-25.1463;10.0349;4232.8;6.03384;0;0;0.1;0.01;0;5.02681;0;0;-1
0;295;-80.4039;44.5636;-28.1127;9.88358;4044.19;5.94285;0;0;0.1;0.01;0;3.28259;0;0;-1
0;296;-64.0842;-67.8781;-26.002;8.5;2572.44;5.11093;0;0;0.1;0.01;0;2.51624;1;0;-1
0;297;-64.3771;-48.9962;-26.1311;8.77835;2833.53;5.27829;0;0;0.1;0.01;0;4.35875;0;0;-1
0;298;-64.5281;-31.2667;-25.4614;9.74862;3880.77;5.8617;0;0;0.1;0.01;0;5.46705;0;0;-1
0;299;-64.4869;-12.8943;-26.9876;9.28066;3348.31;5.58033;0;0;0.1;0.01;0;5.5582;0;0;-1
0;300;-66.0797;4.44482;-26.0318;8.5;2572.44;5.11093;0;0;0.1;0.01;0;5.9406;1;0;-1
0;301;-65.4703;20.2232;-26.9317;8.59094;2655.89;5.16561;0;0;0.1;0.01;0;5.71336;0;0;-1
0;302;-64.6848;35.2185;-27.1708;10.0497;4251.56;6.04274;0;0;0.1;0.01;0;6.31046;0;0;-1
0;303;-64.5504;50.9157;-26.2276;9.27992;3347.51;5.57988;0;0;0.1;0.01;0;5.74897;0;0;-1
0;304;-66.6791;68.6685;-26.7135;9.4554;3541.02;5.68539;0;0;0.1;0.01;0;2.14951;0;0;-1
0;305;-49.7059;-72.4976;-27.7914;8.99661;3050.18;5.40953;0;0;0.1;0.01;0;5.22945;0;0;-1
0;306;-49.619;-58.175;-26.2905;9.25063;3315.91;5.56227;0;0;0.1;0.01;0;6.29392;0;0;-1
0;307;-51.5413;-39.7138;-26.3479;9.3425;3415.69;5.61751;0;0;0.1;0.01;0;6.00772;0;0;-1
0;308;-52.4123;-23.1163;-27.5532;9.77632;3913.95;5.87836;0;0;0.1;0.01;0;6.55548;0;0;-1
0;309;-50.4864;-7.03326;-27.8159;9.73264;3861.72;5.8521;0;0;0.1;0.01;0;6.60989;0;0;-1
0;310;-53.0193;8.65207;-26.323;8.9409;2993.87;5.37603;0;0;0.1;0.01;0;5.4876;0;0;-1
0;311;-51.115;26.7862;-24.4694;9.14375;3202.3;5.498;0;0;0.1;0.01;0;5.57907;0;0;-1
0;312;-49.9878;45.5121;-24.8743;9.78011;3918.5;5.88064;0;0;0.1;0.01;0;7.33766;0;0;-1
0;313;-50.6645;62.4895;-25.5769;8.75947;2815.28;5.26694;0;0;0.1;0.01;0;6.08362;0;0;-1
0;314;-51.7943;78.4866;-28.257;8.72318;2780.44;5.24512;0;0;0.1;0.01;0;2.65065;0;0;-1
0;315;-36.4329;-82.1741;-26.5212;10.3133;4594.96;6.20124;0;0;0.1;0.01;0;6.19634;0;0;-1
0;316;-34.9852;-67.3052;-26.8019;8.88636;2939.41;5.34324;0;0;0.1;0.01;0;6.99093;0;0;-1
0;317;-38.3699;-47.1068;-27.1475;10.1598;4392.83;6.10894;0;0;0.1;0.01;0;5.71191;0;0;-1
0;318;-36.0591;-30.0832;-26.0727;9.32899;3400.89;5.60939;0;0;0.1;0.01;0;6.11639;0;0;-1
0;319;-34.6323;-13.7596;-26.8026;8.77558;2830.85;5.27663;0;0;0.1;0.01;0;5.0163;0;0;-1
0;320;-36.5868;4.31551;-27.4483;8.5;2572.44;5.11093;0;0;0.1;0.01;0;4.19263;1;0;-1
0;321;-38.3618;18.5469;-27.4782;9.50184;3593.45;5.71332;0;0;0.1;0.01;0;5.45412;0;0;-1
0;322;-38.2439;34.5899;-25.1718;8.5;2572.44;5.11093;0;0;0.1;0.01;0;5.50195;1;0;-1
0;323;-37.6477;52.2765;-27.869;9.223;3286.29;5.54566;0;0;0.1;0.01;0;6.07361;0;0;-1
0;324;-38.2082;67.7239;-25.7602;8.5;2572.44;5.11093;0;0;0.1;0.01;0;4.48579;1;0;-1
0;325;-35.5396;85.8449;-24.949;10.2803;4550.99;6.1814;0;0;0.1;0.01;0;3.74712;0;0;-1
0;326;-21.7855;-90.7753;-25.2851;10.3383;4628.45;6.21627;0;0;0.1;0.01;0;3.98821;0;0;-1
0;327;-20.5844;-73.0902;-27.0245;10.1729;4409.84;6.11682;0;0;0.1;0.01;0;8.27816;0;0;-1
0;328;-20.3454;-59.1626;-26.3061;9.74517;3876.65;5.85963;0;0;0.1;0.01;0;7.26704;0;0;-1
0;329;-22.0179;-40.587;-26.6581;8.61701;2680.15;5.18128;0;0;0.1;0.01;0;4.98699;0;0;-1
0;330;-21.3619;-21.1063;-24.9779;10.094;4308.03;6.06938;0;0;0.1;0.01;0;6.84254;0;0;-1
0;331;-19.72;-5.48312;-28.0865;8.5;2572.44;5.11093;0;0;0.1;0.01;0;4.65013;1;0;-1
0;332;-21.309;11.8057;-25.7704;8.5;2572.44;5.11093;0;0;0.1;0.01;0;4.00148;1;0;-1
0;333;-22.7738;28.7609;-27.7854;8.64731;2708.52;5.1995;0;0;0.1;0.01;0;5.10056;0;0;-1
0;334;-21.2683;44.7693;-27.8833;9.74786;3879.86;5.86125;0;0;0.1;0.01;0;5.84082;0;0;-1
0;335;-21.6923;62.1728;-26.6122;9.66986;3787.47;5.81435;0;0;0.1;0.01;0;6.33901;0;0;-1
0;336;-22.842;78.7592;-27.9109;9.43208;3514.88;5.67137;0;0;0.1;0.01;0;5.63093;0;0;-1
0;337;-5.94119;-81.2652;-28.6494;9.37792;3454.68;5.63881;0;0;0.1;0.01;0;6.09336;0;0;-1
0;338;-7.90992;-66.6053;-26.3309;9.47884;3567.42;5.69949;0;0;0.1;0.01;0;6.68972;0;0;-1
0;339;-8.56416;-48.5907;-24.3778;9.13807;3196.33;5.49459;0;0;0.1;0.01;0;5.18431;0;0;-1
0;340;-8.20427;-29.6879;-25.544;8.77274;2828.1;5.27492;0;0;0.1;0.01;0;5.56587;0;0;-1
0;341;-6.01114;-13.3258;-27.813;9.41095;3491.31;5.65867;0;0;0.1;0.01;0;6.59838;0;0;-1
0;342;-5.49423;1.92581;-27.6462;8.53399;2603.42;5.13136;0;0;0.1;0.01;0;5.70965;0;0;-1
0;343;-6.61215;21.1262;-25.6299;9.60397;3710.57;5.77473;0;0;0.1;0.01;0;6.69808;0;0;-1
0;344;-7.09127;35.4088;-27.0987;9.34522;3418.67;5.61915;0;0;0.1;0.01;0;7.48334;0;0;-1
0;345;-7.93121;51.5119;-26.0261;8.65073;2711.73;5.20156;0;0;0.1;0.01;0;5.61127;0;0;-1
0;346;-9.34446;72.1618;-24.4869;8.6207;2683.59;5.1835;0;0;0.1;0.01;0;5.03697;0;0;-1
0;347;-9.09801;88.2439;-25.6701;8.64271;2704.2;5.19674;0;0;0.1;0.01;0;3.96949;0;0;-1
0;348;9.34912;-90.4746;-25.409;10.3115;4592.55;6.20016;0;0;0.1;0.01;0;4.27676;0;0;-1
0;349;6.59429;-75.7941;-25.3182;9.7822;3921.01;5.88189;0;0;0.1;0.01;0;6.67426;0;0;-1
0;350;9.44462;-58.6601;-25.7723;9.33001;3402;5.61;0;0;0.1;0.01;0;5.80901;0;0;-1
0;351;5.72716;-40.033;-25.3991;9.62018;3729.39;5.78447;0;0;0.1;0.01;0;6.09715;0;0;-1
0;352;8.26344;-25.519;-26.5917;8.72878;2785.8;5.24849;0;0;0.1;0.01;0;5.85977;0;0;-1
0;353;9.02332;-8.76539;-27.6932;10.2426;4501.11;6.15873;0;0;0.1;0.01;0;6.79811;0;0;-1
0;354;5.5179;9.93428;-25.5103;9.14542;3204.05;5.49901;0;0;0.1;0.01;0;4.58366;0;0;-1
0;355;9.43602;29.3298;-27.664;10.081;4291.4;6.06156;0;0;0.1;0.01;0;6.86081;0;0;-1
0;356;6.25303;44.0468;-25.243;10.3766;4680.09;6.2393;0;0;0.1;0.01;0;7.20055;0;0;-1
0;357;6.86992;63.4094;-24.6175;10.1832;4423.25;6.12301;0;0;0.1;0.01;0;6.80711;0;0;-1
0;358;5.89805;78.2869;-28.0028;9.05381;3108.73;5.44392;0;0;0.1;0.01;0;5.55798;0;0;-1
0;359;8.24618;95.6184;-26.8461;10.0208;4214.98;6.02536;0;0;0.1;0.01;0;2.99707;0;0;-1
0;360;22.5785;-82.3662;-25.2138;9.14669;3205.39;5.49977;0;0;0.1;0.01;0;4.65953;0;0;-1
0;361;23.7005;-65.8968;-25.4729;9.51617;3609.73;5.72193;0;0;0.1;0.01;0;5.43872;0;0;-1
0;362;23.2776;-47.2924;-27.4327;10.114;4333.69;6.0814;0;0;0.1;0.01;0;6.25925;0;0;-1
0;363;22.7921;-31.7593;-26.047;9.7203;3847.05;5.84468;0;0;0.1;0.01;0;6.89679;0;0;-1
0;364;22.13;-16.0898;-25.5841;10.0142;4206.66;6.02139;0;0;0.1;0.01;0;6.73031;0;0;-1
0;365;22.319;1.01479;-26.8061;9.03568;3090.09;5.43302;0;0;0.1;0.01;0;5.17173;0;0;-1
0;366;23.3877;18.1885;-28.0116;9.62583;3735.97;5.78787;0;0;0.1;0.01;0;6.25462;0;0;-1
0;367;23.2494;34.9366;-27.5183;9.48752;3577.23;5.70471;0;0;0.1;0.01;0;7.42049;0;0;-1
0;368;20.5949;51.1107;-24.5158;9.78732;3927.17;5.88497;0;0;0.1;0.01;0;6.26186;0;0;-1
0;369;20.2906;69.1523;-26.9563;9.41126;3491.66;5.65885;0;0;0.1;0.01;0;5.3621;0;0;-1
0;370;23.3587;84.5757;-24.8032;9.48309;3572.22;5.70204;0;0;0.1;0.01;0;4.89943;0;0;-1
0;371;38.0622;-75.9942;-27.1008;9.08221;3138.07;5.461;0;0;0.1;0.01;0;3.94213;0;0;-1
0;372;35.2263;-56.9188;-27.0358;8.68961;2748.46;5.22494;0;0;0.1;0.01;0;5.6061;0;0;-1
0;373;37.5313;-39.9445;-26.8256;9.92192;4091.44;5.96591;0;0;0.1;0.01;0;7.96676;0;0;-1
0;374;37.6916;-23.1656;-27.6916;9.98008;4163.81;6.00088;0;0;0.1;0.01;0;7.59036;0;0;-1
0;375;37.4564;-7.20823;-24.8374;9.68117;3800.77;5.82115;0;0;0.1;0.01;0;6.57088;0;0;-1
0;376;35.1275;8.91427;-26.7898;8.8148;2868.97;5.30021;0;0;0.1;0.01;0;5.30835;0;0;-1
0;377;37.2271;25.3916;-24.7115;9.96675;4147.15;5.99286;0;0;0.1;0.01;0;6.87976;0;0;-1
0;378;37.0169;42.1385;-27.0982;9.84583;3998.03;5.92015;0;0;0.1;0.01;0;6.58031;0;0;-1
0;379;38.4498;63.6793;-24.9046;8.5;2572.44;5.11093;0;0;0.1;0.01;0;4.58652;1;0;-1
0;380;36.751;78.8125;-24.8805;8.5;2572.44;5.11093;0;0;0.1;0.01;0;4.35235;1;0;-1
0;381;50.4412;-66.6515;-24.7881;10.2137;4463.11;6.14135;0;0;0.1;0.01;0;5.56959;0;0;-1
0;382;49.9639;-50.7716;-25.2912;10.1728;4409.71;6.11676;0;0;0.1;0.01;0;6.85179;0;0;-1
0;383;50.071;-33.4126;-25.0321;8.55599;2623.61;5.14459;0;0;0.1;0.01;0;5.20207;0;0;-1
0;384;52.7136;-15.5606;-26.8592;9.21838;3281.35;5.54288;0;0;0.1;0.01;0;6.26058;0;0;-1
0;385;51.8213;1.73238;-28.3336;10.0155;4208.3;6.02217;0;0;0.1;0.01;0;7.16919;0;0;-1
0;386;50.1079;17.7985;-28.5183;9.04577;3100.45;5.43909;0;0;0.1;0.01;0;6.16599;0;0;-1
0;387;50.3098;34.8916;-25.0722;9.38364;3461.01;5.64225;0;0;0.1;0.01;0;5.57756;0;0;-1
0;388;52.9789;54.7678;-24.6933;8.65695;2717.59;5.2053;0;0;0.1;0.01;0;4.39682;0;0;-1
0;389;52.2029;72.6219;-26.9416;9.78828;3928.33;5.88555;0;0;0.1;0.01;0;4.37933;0;0;-1
0;390;66.3615;-59.2057;-27.6327;8.99162;3045.11;5.40653;0;0;0.1;0.01;0;4.13233;0;0;-1
0;391;66.634;-42.2255;-25.0415;8.84857;2902.07;5.32052;0;0;0.1;0.01;0;5.48229;0;0;-1
0;392;67.4845;-23.2436;-24.8678;10.3678;4668.19;6.23401;0;0;0.1;0.01;0;6.53751;0;0;-1
0;393;65.556;-5.60165;-26.928;8.9529;3005.94;5.38325;0;0;0.1;0.01;0;6.84098;0;0;-1
0;394;66.5792;9.45487;-25.0929;9.2484;3313.51;5.56093;0;0;0.1;0.01;0;5.82304;0;0;-1
0;395;64.874;25.4105;-25.6029;9.8348;3984.6;5.91352;0;0;0.1;0.01;0;4.80986;0;0;-1
0;396;66.3814;46.5049;-25.9023;10.0347;4232.55;6.03372;0;0;0.1;0.01;0;5.81659;0;0;-1
0;397;65.0732;62.2765;-27.5161;10.0508;4252.95;6.0434;0;0;0.1;0.01;0;4.96948;0;0;-1
0;398;79.4152;-51.2658;-25.8196;10.1042;4321.1;6.07551;0;0;0.1;0.01;0;2.17869;0;0;-1
0;399;81.8832;-34.2039;-24.8292;10.2512;4512.45;6.1639;0;0;0.1;0.01;0;3.41428;0;0;-1
0;400;80.7501;-16.8083;-25.353;8.88357;2936.64;5.34156;0;0;0.1;0.01;0;4.46876;0;0;-1
0;401;79.7968;-0.227418;-26.2432;9.30496;3374.68;5.59494;0;0;0.1;0.01;0;4.87237;0;0;-1
0;402;83.2169;17.7934;-25.2701;9.79833;3940.44;5.89159;0;0;0.1;0.01;0;4.14637;0;0;-1
0;403;79.0951;33.7628;-27.9908;8.5;2572.44;5.11093;0;0;0.1;0.01;0;3.36597;1;0;-1
0;404;79.373;54.6251;-26.5429;10.3516;4646.34;6.22427;0;0;0.1;0.01;0;2.70765;0;0;-1
0;405;-98.4409;0.962957;-11.8079;10.2755;4544.62;6.17851;0;0;0.1;0.01;0;3.70472;0;0;-1
0;406;-84.2827;-42.0863;-11.2508;9.08598;3141.98;5.46327;0;0;0.1;0.01;0;3.46753;0;0;-1
0;407;-84.374;-23.5391;-10.3078;10.4098;4725.15;6.25926;0;0;0.1;0.01;0;5.70355;0;0;-1
0;408;-85.2149;-7.13403;-12.4882;8.91246;2965.39;5.35893;0;0;0.1;0.01;0;5.26847;0;0;-1
0;409;-83.3482;11.647;-11.9306;10.149;4378.83;6.10245;0;0;0.1;0.01;0;5.92253;0;0;-1
0;410;-84.8104;29.1392;-12.4293;8.5;2572.44;5.11093;0;0;0.1;0.01;0;4.13017;1;0;-1
0;411;-84.0331;42.4964;-11.3125;9.39125;3469.44;5.64682;0;0;0.1;0.01;0;4.12595;0;0;-1
0;412;-70.8137;-68.4391;-10.0651;8.78734;2842.24;5.2837;0;0;0.1;0.01;0;2.13498;0;0;-1
0;413;-69.2275;-49.268;-11.9973;9.51949;3613.51;5.72393;0;0;0.1;0.01;0;4.76703;0;0;-1
0;414;-69.8895;-32.5571;-10.1333;9.37135;3447.43;5.63486;0;0;0.1;0.01;0;6.79698;0;0;-1
0;415;-72.1643;-15.7388;-11.6939;9.40543;3485.17;5.65535;0;0;0.1;0.01;0;6.58634;0;0;-1
0;416;-70.7952;3.17038;-10.3124;8.76929;2824.76;5.27285;0;0;0.1;0.01;0;6.07199;0;0;-1
0;417;-68.3535;17.3758;-12.9517;8.58719;2652.42;5.16335;0;0;0.1;0.01;0;4.93251;0;0;-1
0;418;-69.4943;36.4698;-11.9845;9.59908;3704.91;5.77179;0;0;0.1;0.01;0;6.33967;0;0;-1
0;419;-71.9204;53.7866;-13.023;8.9755;3028.76;5.39684;0;0;0.1;0.01;0;4.41542;0;0;-1
0;420;-54.2906;-75.1348;-9.72257;8.85847;2911.82;5.32647;0;0;0.1;0.01;0;3.81278;0;0;-1
0;421;-56.6166;-58.2398;-12.3496;9.39962;3478.72;5.65186;0;0;0.1;0.01;0;5.38429;0;0;-1
0;422;-57.3304;-39.2028;-10.3154;8.57706;2643.04;5.15726;0;0;0.1;0.01;0;5.56487;0;0;-1
0;423;-57.3096;-23.9559;-11.8663;8.5;2572.44;5.11093;0;0;0.1;0.01;0;5.49165;1;0;-1
0;424;-55.2349;-7.21803;-11.8112;9.00601;3059.75;5.41518;0;0;0.1;0.01;0;5.50038;0;0;-1
0;425;-54.3074;8.60061;-12.5424;10.0595;4264.01;6.04863;0;0;0.1;0.01;0;5.98915;0;0;-1
0;426;-57.3408;29.7681;-12.8157;8.5;2572.44;5.11093;0;0;0.1;0.01;0;5.63948;1;0;-1
0;427;-55.1142;44.721;-11.8303;9.28257;3350.37;5.58147;0;0;0.1;0.01;0;6.8565;0;0;-1
0;428;-57.9485;60.033;-10.6843;9.74725;3879.14;5.86088;0;0;0.1;0.01;0;5.44963;0;0;-1
0;429;-42.7892;-83.6435;-13.2555;10.0889;4301.5;6.06631;0;0;0.1;0.01;0;4.2564;0;0;-1
0;430;-39.355;-64.6276;-11.5718;9.79525;3936.73;5.88974;0;0;0.1;0.01;0;5.60902;0;0;-1
0;431;-41.0525;-49.3539;-10.6923;8.52157;2592.07;5.1239;0;0;0.1;0.01;0;5.07778;0;0;-1
0;432;-41.222;-32.6032;-12.3611;9.80366;3946.87;5.8948;0;0;0.1;0.01;0;6.13853;0;0;-1
0;433;-42.0815;-14.3456;-13.5215;10.014;4206.41;6.02127;0;0;0.1;0.01;0;6.08246;0;0;-1
0;434;-40.924;3.0739;-10.7849;9.48602;3575.53;5.70381;0;0;0.1;0.01;0;5.76905;0;0;-1
0;435;-39.4045;20.0906;-11.2073;10.0097;4200.99;6.01869;0;0;0.1;0.01;0;6.27756;0;0;-1
0;436;-42.1312;36.9053;-13.1683;9.33057;3402.62;5.61034;0;0;0.1;0.01;0;7.20052;0;0;-1
0;437;-42.6537;52.2115;-12.6225;8.5;2572.44;5.11093;0;0;0.1;0.01;0;5.05271;1;0;-1
0;438;-43.0061;70.6875;-12.5558;8.74544;2801.78;5.25851;0;0;0.1;0.01;0;4.72432;0;0;-1
0;439;-43.2535;85.1285;-13.3278;8.5;2572.44;5.11093;0;0;0.1;0.01;0;3.42759;1;0;-1
0;440;-27.9006;-93.1815;-13.0851;9.62079;3730.1;5.78484;0;0;0.1;0.01;0;4.3177;0;0;-1
0;441;-28.1449;-76.8709;-13.0063;10.1441;4372.49;6.0995;0;0;0.1;0.01;0;7.05575;0;0;-1
0;442;-24.6953;-56.5745;-12.2845;10.3899;4698.1;6.2473;0;0;0.1;0.01;0;7.3076;0;0;-1
0;443;-27.3671;-41.7524;-10.1897;10.4383;4764.07;6.2764;0;0;0.1;0.01;0;7.6325;0;0;-1
0;444;-26.6307;-22.286;-11.8641;10.2193;4470.46;6.14472;0;0;0.1;0.01;0;6.64823;0;0;-1
0;445;-24.9519;-7.30489;-10.3235;8.54228;2611.02;5.13635;0;0;0.1;0.01;0;4.69652;0;0;-1
0;446;-25.1413;9.14672;-10.2543;9.43114;3513.83;5.67081;0;0;0.1;0.01;0;5.1747;0;0;-1
0;447;-27.4312;28.4662;-10.5823;10.2555;4518.13;6.16648;0;0;0.1;0.01;0;6.14977;0;0;-1
0;448;-28.307;42.9569;-10.7776;9.06343;3118.65;5.44971;0;0;0.1;0.01;0;5.62701;0;0;-1
0;449;-24.4425;59.0662;-12.8426;8.80537;2859.77;5.29454;0;0;0.1;0.01;0;4.5354;0;0;-1
0;450;-24.7747;77.6976;-12.2456;9.85517;4009.41;5.92577;0;0;0.1;0.01;0;6.45273;0;0;-1
0;451;-24.8601;94.6729;-14.0162;10.1999;4445.05;6.13305;0;0;0.1;0.01;0;3.54398;0;0;-1
0;452;-13.5502;-83.3056;-11.0858;8.5;2572.44;5.11093;0;0;0.1;0.01;0;4.45349;1;0;-1
0;453;-12.7736;-65.4486;-13.2553;8.5;2572.44;5.11093;0;0;0.1;0.01;0;5.5257;1;0;-1
0;454;-12.6938;-48.4376;-9.70644;9.49539;3586.14;5.70944;0;0;0.1;0.01;0;6.60648;0;0;-1
0;455;-11.4447;-32.3654;-11.76;10.4018;4714.27;6.25445;0;0;0.1;0.01;0;7.25752;0;0;-1
0;456;-10.3963;-14.2725;-10.7201;8.5;2572.44;5.11093;0;0;0.1;0.01;0;6.05946;1;0;-1
0;457;-10.7194;0.964171;-11.6052;10.2021;4447.92;6.13437;0;0;0.1;0.01;0;7.16059;0;0;-1
0;458;-10.7282;16.9686;-11.6248;9.08701;3143.05;5.46389;0;0;0.1;0.01;0;5.76871;0;0;-1
0;459;-11.591;34.2421;-12.5406;8.56015;2627.44;5.14709;0;0;0.1;0.01;0;4.61899;0;0;-1
0;460;-10.3526;50.9657;-10.6072;8.54843;2616.66;5.14005;0;0;0.1;0.01;0;5.22091;0;0;-1
0;461;-10.5245;67.4174;-11.6305;9.0735;3129.05;5.45576;0;0;0.1;0.01;0;5.91083;0;0;-1
0;462;-11.702;87.256;-12.4311;8.5;2572.44;5.11093;0;0;0.1;0.01;0;4.79403;1;0;-1
0;463;4.39;-91.552;-10.5887;8.69412;2752.74;5.22765;0;0;0.1;0.01;0;3.76467;0;0;-1
0;464;1.54437;-75.9937;-12.1272;8.5;2572.44;5.11093;0;0;0.1;0.01;0;5.49003;1;0;-1
0;465;1.34849;-59.4771;-12.8536;8.86284;2916.13;5.3291;0;0;0.1;0.01;0;6.06156;0;0;-1
0;466;1.68258;-41.2588;-12.6224;9.63019;3741.05;5.79049;0;0;0.1;0.01;0;6.53726;0;0;-1
0;467;1.26628;-21.5694;-10.4638;9.21799;3280.93;5.54264;0;0;0.1;0.01;0;6.60978;0;0;-1
0;468;1.59339;-7.44743;-12.126;8.63646;2698.34;5.19298;0;0;0.1;0.01;0;6.12687;0;0;-1
0;469;3.27832;8.17106;-12.2751;10.1133;4332.79;6.08098;0;0;0.1;0.01;0;6.21212;0;0;-1
0;470;3.18912;25.1316;-13.5568;9.05314;3108.04;5.44352;0;0;0.1;0.01;0;4.72292;0;0;-1
0;471;1.98498;43.7626;-10.4956;9.3009;3370.26;5.5925;0;0;0.1;0.01;0;5.57899;0;0;-1
0;472;2.33572;59.5236;-10.7516;9.45512;3540.71;5.68523;0;0;0.1;0.01;0;6.58803;0;0;-1
0;473;2.70781;76.7515;-10.3944;8.91847;2971.39;5.36255;0;0;0.1;0.01;0;6.03238;0;0;-1
0;474;3.09648;94.0413;-11.4665;10.2647;4530.3;6.17202;0;0;0.1;0.01;0;4.45913;0;0;-1
0;475;18.8189;-85.1769;-10.535;9.35595;3430.46;5.6256;0;0;0.1;0.01;0;5.79934;0;0;-1
0;476;16.0705;-68.1909;-10.5155;9.47166;3559.32;5.69517;0;0;0.1;0.01;0;6.35391;0;0;-1
0;477;15.9621;-51.4683;-9.8731;9.86583;4022.44;5.93218;0;0;0.1;0.01;0;5.77848;0;0;-1
0;478;15.5237;-33.3891;-10.5193;9.65096;3765.3;5.80298;0;0;0.1;0.01;0;5.74319;0;0;-1
0;479;16.0363;-16.2995;-11.4642;8.57311;2639.39;5.15489;0;0;0.1;0.01;0;5.90976;0;0;-1
0;480;16.4154;1.11753;-11.4629;9.38448;3461.94;5.64275;0;0;0.1;0.01;0;5.58025;0;0;-1
0;481;19.4895;20.8999;-10.8788;9.88972;4051.73;5.94655;0;0;0.1;0.01;0;6.0506;0;0;-1
0;482;19.6231;38.1907;-13.1735;8.5;2572.44;5.11093;0;0;0.1;0.01;0;5.08478;1;0;-1
0;483;18.1861;54.5349;-11.4735;8.5;2572.44;5.11093;0;0;0.1;0.01;0;4.93153;1;0;-1
0;484;17.3028;71.434;-10.3226;10.3965;4707.06;6.25126;0;0;0.1;0.01;0;7.11173;0;0;-1
0;485;15.6985;84.9757;-12.5737;8.5;2572.44;5.11093;0;0;0.1;0.01;0;5.45129;1;0;-1
0;486;31.9452;-93.7263;-12.0415;8.83098;2884.8;5.30994;0;0;0.1;0.01;0;1.85692;0;0;-1
0;487;33.361;-76.6495;-12.3211;9.41174;3492.19;5.65914;0;0;0.1;0.01;0;5.65324;0;0;-1
0;488;32.8921;-55.3919;-10.3515;9.45135;3536.47;5.68296;0;0;0.1;0.01;0;4.99222;0;0;-1
0;489;34.1674;-38.8918;-10.1249;9.62386;3733.67;5.78669;0;0;0.1;0.01;0;6.14311;0;0;-1
0;490;31.232;-21.3562;-12.2793;9.89423;4057.28;5.94926;0;0;0.1;0.01;0;7.10845;0;0;-1
0;491;33.1371;-6.34006;-10.7767;8.88235;2935.43;5.34083;0;0;0.1;0.01;0;5.56286;0;0;-1
0;492;33.5008;11.7964;-12.9109;10.3784;4682.52;6.24038;0;0;0.1;0.01;0;7.01964;0;0;-1
0;493;31.4708;29.0519;-10.8353;9.24443;3309.25;5.55854;0;0;0.1;0.01;0;6.82304;0;0;-1
0;494;33.5331;46.2639;-13.2526;9.56238;3662.58;5.74972;0;0;0.1;0.01;0;5.98989;0;0;-1
0;495;32.7866;63.4887;-10.3686;8.6173;2680.42;5.18146;0;0;0.1;0.01;0;5.98646;0;0;-1
0;496;32.2635;79.3797;-10.1257;10.0567;4260.45;6.04695;0;0;0.1;0.01;0;6.38697;0;0;-1
0;497;45.971;-82.9386;-10.7998;8.5;2572.44;5.11093;0;0;0.1;0.01;0;4.15437;1;0;-1
0;498;48.1302;-67.8879;-11.4548;9.53328;3629.24;5.73222;0;0;0.1;0.01;0;6.01298;0;0;-1
0;499;47.7;-47.7317;-11.9634;9.34097;3414.01;5.61659;0;0;0.1;0.01;0;6.11458;0;0;-1
0;500;48.6183;-31.707;-12.5242;9.05733;3112.36;5.44604;0;0;0.1;0.01;0;5.53974;0;0;-1
0;501;45.5598;-14.7376;-10.9503;9.15165;3210.6;5.50275;0;0;0.1;0.01;0;6.26641;0;0;-1
0;502;46.5938;0.436661;-11.0283;10.1585;4391.14;6.10816;0;0;0.1;0.01;0;7.44499;0;0;-1
0;503;47.7356;18.1171;-13.4379;10.1742;4411.53;6.1176;0;0;0.1;0.01;0;7.74585;0;0;-1
0;504;47.8984;34.65;-10.5466;9.51622;3609.79;5.72196;0;0;0.1;0.01;0;6.42866;0;0;-1
0;505;45.9412;55.1935;-12.4995;8.5;2572.44;5.11093;0;0;0.1;0.01;0;5.01849;1;0;-1
0;506;46.2816;68.496;-10.0138;9.24156;3306.16;5.55682;0;0;0.1;0.01;0;6.17007;0;0;-1
0;507;47.697;85.6424;-13.0981;8.6403;2701.94;5.19529;0;0;0.1;0.01;0;2.33799;0;0;-1
0;508;61.0946;-74.2471;-11.291;10.3036;4582.01;6.19541;0;0;0.1;0.01;0;3.19919;0;0;-1
0;509;60.3093;-56.0666;-13.2981;9.61516;3723.56;5.78146;0;0;0.1;0.01;0;6.39428;0;0;-1
0;510;61.44;-42.1494;-11.6153;9.39919;3478.24;5.6516;0;0;0.1;0.01;0;6.41218;0;0;-1
0;511;62.5771;-25.7808;-11.8632;9.28468;3352.66;5.58274;0;0;0.1;0.01;0;5.84252;0;0;-1
0;512;62.7426;-7.65169;-11.5067;9.83406;3983.7;5.91308;0;0;0.1;0.01;0;6.46962;0;0;-1
0;513;60.7342;9.37049;-12.8094;10.2245;4477.29;6.14784;0;0;0.1;0.01;0;6.65847;0;0;-1
0;514;61.97;28.7523;-10.2208;9.92591;4096.37;5.96831;0;0;0.1;0.01;0;6.30785;0;0;-1
0;515;62.6735;45.9906;-11.1308;9.50542;3597.51;5.71547;0;0;0.1;0.01;0;5.70243;0;0;-1
0;516;63.2361;63.5912;-10.7986;10.0981;4313.28;6.07184;0;0;0.1;0.01;0;5.3316;0;0;-1
0;517;61.0466;77.9233;-13.7939;8.90529;2958.24;5.35462;0;0;0.1;0.01;0;2.77266;0;0;-1
0;518;77.6061;-47.5308;-10.811;8.5;2572.44;5.11093;0;0;0.1;0.01;0;3.89028;1;0;-1
0;519;77.3346;-30.0333;-11.2381;8.60685;2670.68;5.17517;0;0;0.1;0.01;0;5.6291;0;0;-1
0;520;75.2997;-14.4405;-10.8522;10.4528;4783.95;6.28512;0;0;0.1;0.01;0;7.80092;0;0;-1
0;521;74.9407;1.11695;-10.995;8.5;2572.44;5.11093;0;0;0.1;0.01;0;6.16534;1;0;-1
0;522;76.6071;18.0093;-13.3376;8.69993;2758.26;5.23114;0;0;0.1;0.01;0;5.74909;0;0;-1
0;523;75.0668;34.8533;-12.7137;8.5;2572.44;5.11093;0;0;0.1;0.01;0;5.25386;1;0;-1
0;524;75.3441;51.4832;-10.2261;9.24246;3307.13;5.55736;0;0;0.1;0.01;0;5.72117;0;0;-1
0;525;89.5861;-22.1743;-11.9591;8.5;2572.44;5.11093;0;0;0.1;0.01;0;3.78996;1;0;-1
0;526;90.0666;-4.2484;-10.1466;9.67018;3787.85;5.81454;0;0;0.1;0.01;0;4.12101;0;0;-1
0;527;89.556;12.01;-11.0269;8.94815;3001.15;5.38039;0;0;0.1;0.01;0;4.80243;0;0;-1
0;528;89.4268;27.028;-11.1987;8.57982;2645.59;5.15892;0;0;0.1;0.01;0;4.51422;0;0;-1
0;529;89.2359;43.5636;-9.84377;10.0381;4236.85;6.03576;0;0;0.1;0.01;0;3.29495;0;0;-1
0;530;-93.9355;-16.5802;2.39566;9.45997;3546.16;5.68814;0;0;0.1;0.01;0;3.16957;0;0;-1
0;531;-95.6873;2.72803;3.43123;9.65336;3768.11;5.80443;0;0;0.1;0.01;0;3.7834;0;0;-1
0;532;-95.9077;18.6871;2.16123;10.2032;4449.36;6.13504;0;0;0.1;0.01;0;3.2387;0;0;-1
0;533;-79.6774;-55.9233;3.03825;8.5;2572.44;5.11093;0;0;0.1;0.01;0;2.63968;1;0;-1
0;534;-82.6266;-41.5209;4.68404;9.80047;3943.02;5.89288;0;0;0.1;0.01;0;4.17541;0;0;-1
0;535;-80.5978;-23.2253;2.97416;9.80139;3944.13;5.89343;0;0;0.1;0.01;0;6.45449;0;0;-1
0;536;-79.8659;-6.13833;3.72414;9.46528;3552.13;5.69134;0;0;0.1;0.01;0;5.92468;0;0;-1
0;537;-81.7953;10.3534;2.71628;8.90491;2957.86;5.35439;0;0;0.1;0.01;0;4.7067;0;0;-1
0;538;-80.6021;25.4932;1.20473;8.5;2572.44;5.11093;0;0;0.1;0.01;0;3.6972;1;0;-1
0;539;-82.6839;44.0752;2.77302;10.2457;4505.19;6.16059;0;0;0.1;0.01;0;4.4222;0;0;-1
0;540;-78.9037;61.129;3.37982;9.4202;3501.62;5.66423;0;0;0.1;0.01;0;2.55983;0;0;-1
0;541;-63.8873;-65.5118;1.68208;8.86781;2921.04;5.33209;0;0;0.1;0.01;0;4.00823;0;0;-1
0;542;-64.2793;-47.2861;4.39973;10.2617;4526.33;6.17021;0;0;0.1;0.01;0;6.23449;0;0;-1
0;543;-68.3976;-33.0498;3.55688;8.92266;2975.58;5.36507;0;0;0.1;0.01;0;5.75968;0;0;-1
0;544;-67.7977;-14.8229;1.72209;10.4365;4761.6;6.27532;0;0;0.1;0.01;0;6.92616;0;0;-1
0;545;-67.1953;0.397945;3.73543;10.3306;4618.12;6.21164;0;0;0.1;0.01;0;6.93332;0;0;-1
0;546;-64.7311;17.127;3.36646;10.4477;4776.95;6.28205;0;0;0.1;0.01;0;6.01945;0;0;-1
0;547;-65.1798;36.5239;3.09441;10.4249;4745.74;6.26834;0;0;0.1;0.01;0;6.60235;0;0;-1
0;548;-65.5644;52.0324;3.22704;9.47993;3568.65;5.70014;0;0;0.1;0.01;0;5.47884;0;0;-1
0;549;-64.9475;70.4128;3.17;8.5;2572.44;5.11093;0;0;0.1;0.01;0;2.34855;1;0;-1
0;550;-49.908;-75.3348;3.24089;8.5823;2647.89;5.16041;0;0;0.1;0.01;0;5.00517;0;0;-1
0;551;-50.3446;-59.3863;4.21044;8.71413;2771.79;5.23968;0;0;0.1;0.01;0;5.50543;0;0;-1
0;552;-50.9528;-42.3277;3.3368;8.72965;2786.63;5.24901;0;0;0.1;0.01;0;5.4624;0;0;-1
0;553;-52.1149;-24.4762;3.65378;8.58632;2651.61;5.16283;0;0;0.1;0.01;0;4.1845;0;0;-1
0;554;-49.6424;-5.3767;2.14846;8.5;2572.44;5.11093;0;0;0.1;0.01;0;4.35252;1;0;-1
0;555;-52.3024;10.0584;3.74841;8.5;2572.44;5.11093;0;0;0.1;0.01;0;4.98669;1;0;-1
0;556;-52.7539;25.8367;2.69928;8.5;2572.44;5.11093;0;0;0.1;0.01;0;5.48517;1;0;-1
0;557;-50.2669;42.9882;5.11817;9.8444;3996.28;5.91929;0;0;0.1;0.01;0;5.97315;0;0;-1
0;558;-50.7544;63.4617;1.83495;9.04923;3104.01;5.44117;0;0;0.1;0.01;0;5.21392;0;0;-1
0;559;-51.4559;78.1173;1.28359;9.76208;3896.87;5.8698;0;0;0.1;0.01;0;4.43793;0;0;-1
0;560;-34.9779;-84.013;3.44285;9.36644;3442.01;5.6319;0;0;0.1;0.01;0;5.15484;0;0;-1
0;561;-38.5011;-67.383;3.24576;9.15764;3216.91;5.50636;0;0;0.1;0.01;0;5.3539;0;0;-1
0;562;-36.7044;-50.3906;4.11898;8.5;2572.44;5.11093;0;0;0.1;0.01;0;5.17401;1;0;-1
0;563;-35.8311;-32.6228;2.68129;9.95707;4135.07;5.98704;0;0;0.1;0.01;0;6.05404;0;0;-1
0;564;-38.0813;-14.0887;3.1517;8.97516;3028.41;5.39663;0;0;0.1;0.01;0;4.9818;0;0;-1
0;565;-36.6342;3.18222;4.03703;8.90095;2953.91;5.35201;0;0;0.1;0.01;0;5.85495;0;0;-1
0;566;-38.1418;19.9757;2.91773;10.1518;4382.46;6.10413;0;0;0.1;0.01;0;6.86579;0;0;-1
0;567;-38.1977;36.3076;1.02578;8.89588;2948.87;5.34896;0;0;0.1;0.01;0;5.93098;0;0;-1
0;568;-35.4179;50.8431;2.86198;9.82839;3976.82;5.90967;0;0;0.1;0.01;0;5.01504;0;0;-1
0;569;-35.7477;71.7391;1.34253;10.4423;4769.55;6.2788;0;0;0.1;0.01;0;6.28687;0;0;-1
0;570;-35.3288;87.8903;3.29398;9.58234;3685.56;5.76172;0;0;0.1;0.01;0;5.14457;0;0;-1
0;571;-20.7802;-93.6571;1.60465;9.51832;3612.18;5.72323;0;0;0.1;0.01;0;4.31178;0;0;-1
0;572;-20.5645;-76.6047;4.59591;8.53528;2604.61;5.13214;0;0;0.1;0.01;0;5.26541;0;0;-1
0;573;-23.6219;-57.6357;1.54077;9.2155;3278.27;5.54115;0;0;0.1;0.01;0;6.00473;0;0;-1
0;574;-23.2239;-40.3612;2.1454;9.25268;3318.11;5.5635;0;0;0.1;0.01;0;6.41829;0;0;-1
0;575;-21.1684;-23.0792;3.56916;8.5;2572.44;5.11093;0;0;0.1;0.01;0;5.39752;1;0;-1
0;576;-20.5804;-5.19154;3.33934;8.55675;2624.31;5.14505;0;0;0.1;0.01;0;6.16136;0;0;-1
0;577;-20.1915;9.99236;4.07223;10.1133;4332.79;6.08098;0;0;0.1;0.01;0;6.90036;0;0;-1
0;578;-23.9386;27.524;1.88921;8.5874;2652.61;5.16348;0;0;0.1;0.01;0;3.99196;0;0;-1
0;579;-19.9345;46.9964;1.82859;9.19996;3261.72;5.5318;0;0;0.1;0.01;0;4.5469;0;0;-1
0;580;-22.0321;63.3229;2.16466;9.89483;4058.01;5.94962;0;0;0.1;0.01;0;6.6577;0;0;-1
0;581;-22.1859;77.5571;1.90917;9.60554;3712.39;5.77567;0;0;0.1;0.01;0;6.19837;0;0;-1
0;582;-23.3658;96.2355;1.35934;9.90756;4073.7;5.95727;0;0;0.1;0.01;0;3.42011;0;0;-1
0;583;-7.07061;-98.953;0.930258;10.0776;4287.06;6.05951;0;0;0.1;0.01;0;2.97353;0;0;-1
0;584;-5.64294;-81.055;3.71474;8.73414;2790.93;5.25171;0;0;0.1;0.01;0;5.62598;0;0;-1
0;585;-9.08202;-66.6474;2.77041;10.3839;4689.97;6.24369;0;0;0.1;0.01;0;5.75201;0;0;-1
0;586;-7.63269;-49.2504;2.31516;8.64791;2709.08;5.19986;0;0;0.1;0.01;0;5.09676;0;0;-1
0;587;-7.46428;-29.9778;2.51635;9.4445;3528.79;5.67884;0;0;0.1;0.01;0;6.3526;0;0;-1
0;588;-8.78271;-14.1944;3.11727;9.71029;3835.18;5.83866;0;0;0.1;0.01;0;6.88103;0;0;-1
0;589;-7.88647;1.80704;3.77711;8.5;2572.44;5.11093;0;0;0.1;0.01;0;5.90084;1;0;-1
0;590;-6.29665;17.3597;1.34633;8.51996;2590.61;5.12293;0;0;0.1;0.01;0;5.93156;0;0;-1
0;591;-6.16538;34.6571;3.70142;9.22465;3288.05;5.54665;0;0;0.1;0.01;0;5.50992;0;0;-1
0;592;-5.76327;51.8002;3.5449;8.5;2572.44;5.11093;0;0;0.1;0.01;0;5.87049;1;0;-1
0;593;-7.5666;71.7816;2.32847;10.3283;4615.04;6.21026;0;0;0.1;0.01;0;6.85483;0;0;-1
0;594;-9.20682;88.3788;3.68341;9.77079;3907.31;5.87503;0;0;0.1;0.01;0;4.9762;0;0;-1
0;595;8.04052;-92.1717;3.1011;8.71605;2773.63;5.24083;0;0;0.1;0.01;0;4.70633;0;0;-1
0;596;8.63756;-76.0913;1.82665;9.61678;3725.44;5.78243;0;0;0.1;0.01;0;7.04009;0;0;-1
0;597;5.95254;-58.9238;1.68752;10.096;4310.59;6.07058;0;0;0.1;0.01;0;6.91984;0;0;-1
0;598;7.03714;-42.7377;3.59056;9.83689;3987.15;5.91478;0;0;0.1;0.01;0;6.72735;0;0;-1
0;599;7.54695;-24.9351;1.84771;9.5353;3631.55;5.73344;0;0;0.1;0.01;0;6.50689;0;0;-1
0;600;9.35547;-8.46163;4.44386;10.1237;4346.17;6.08723;0;0;0.1;0.01;0;5.93037;0;0;-1
0;601;5.73679;10.4505;2.77592;8.89902;2951.99;5.35085;0;0;0.1;0.01;0;4.96053;0;0;-1
0;602;7.62658;25.4219;2.11478;9.91149;4078.55;5.95964;0;0;0.1;0.01;0;6.08873;0;0;-1
0;603;8.38085;44.0645;2.34716;8.5;2572.44;5.11093;0;0;0.1;0.01;0;5.04532;1;0;-1
0;604;6.91317;60.3837;1.62581;8.5;2572.44;5.11093;0;0;0.1;0.01;0;5.65754;1;0;-1
0;605;8.80187;76.5017;2.6824;8.62821;2690.61;5.18802;0;0;0.1;0.01;0;5.79646;0;0;-1
0;606;5.61039;97.9078;1.52082;9.70502;3828.93;5.83549;0;0;0.1;0.01;0;2.82505;0;0;-1
0;607;20.4556;-85.2893;2.17732;8.5;2572.44;5.11093;0;0;0.1;0.01;0;4.15383;1;0;-1
0;608;23.7055;-66.3262;2.74098;10.1485;4378.19;6.10215;0;0;0.1;0.01;0;5.92373;0;0;-1
0;609;22.3805;-47.358;4.38207;8.61569;2678.91;5.18049;0;0;0.1;0.01;0;4.58357;0;0;-1
0;610;21.7424;-31.0882;1.47891;8.5;2572.44;5.11093;0;0;0.1;0.01;0;5.78935;1;0;-1
0;611;21.4321;-14.7073;1.49872;8.5;2572.44;5.11093;0;0;0.1;0.01;0;5.46937;1;0;-1
0;612;23.205;4.33616;1.19601;9.49255;3582.92;5.70773;0;0;0.1;0.01;0;5.44756;0;0;-1
0;613;23.3891;20.8312;4.67119;9.56391;3664.33;5.75064;0;0;0.1;0.01;0;6.83828;0;0;-1
0;614;21.9828;37.2941;4.96348;8.5;2572.44;5.11093;0;0;0.1;0.01;0;5.65785;1;0;-1
0;615;22.7743;51.424;3.72232;9.88732;4048.78;5.9451;0;0;0.1;0.01;0;6.64264;0;0;-1
0;616;21.1387;67.7542;1.65319;9.16445;3224.09;5.51045;0;0;0.1;0.01;0;5.95809;0;0;-1
0;617;21.405;89.4953;1.13629;10.1186;4339.6;6.08417;0;0;0.1;0.01;0;4.04292;0;0;-1
0;618;38.0406;-75.9232;1.65916;9.44408;3528.32;5.67859;0;0;0.1;0.01;0;6.03171;0;0;-1
0;619;38.5537;-59.6001;4.02867;8.64248;2703.98;5.1966;0;0;0.1;0.01;0;5.22678;0;0;-1
0;620;34.902;-40.146;3.4168;8.9796;3032.91;5.3993;0;0;0.1;0.01;0;5.44952;0;0;-1
0;621;35.0482;-25.7231;1.2009;9.54414;3641.66;5.73875;0;0;0.1;0.01;0;6.10558;0;0;-1
0;622;38.0159;-8.85477;4.48793;9.35846;3433.22;5.62711;0;0;0.1;0.01;0;6.0133;0;0;-1
0;623;37.2357;9.08738;1.45372;9.51894;3612.89;5.7236;0;0;0.1;0.01;0;5.74634;0;0;-1
0;624;36.6653;27.2494;2.87206;9.98295;4167.4;6.0026;0;0;0.1;0.01;0;6.51412;0;0;-1
0;625;35.9275;44.5344;1.21092;10.3932;4702.58;6.24928;0;0;0.1;0.01;0;6.87807;0;0;-1
0;626;36.1;62.7063;3.83136;10.293;4567.88;6.18903;0;0;0.1;0.01;0;7.82474;0;0;-1
0;627;37.6609;80.0002;2.52714;10.395;4705.03;6.25036;0;0;0.1;0.01;0;5.14016;0;0;-1
0;628;50.8428;-83.5266;2.89588;8.5;2572.44;5.11093;0;0;0.1;0.01;0;2.988;1;0;-1
0;629;52.1839;-64.6094;4.04666;9.83279;3982.16;5.91231;0;0;0.1;0.01;0;5.58533;0;0;-1
0;630;50.3203;-48.4671;3.25889;10.1367;4362.93;6.09505;0;0;0.1;0.01;0;6.36297;0;0;-1
0;631;53.4024;-33.6535;4.79353;8.5;2572.44;5.11093;0;0;0.1;0.01;0;5.81173;1;0;-1
0;632;51.3865;-15.8253;2.99678;8.60239;2666.53;5.17249;0;0;0.1;0.01;0;5.11793;0;0;-1
0;633;52.1608;1.13459;2.46471;8.51441;2585.55;5.11959;0;0;0.1;0.01;0;5.43403;0;0;-1
0;634;52.3733;17.0465;1.66453;9.47502;3563.11;5.69719;0;0;0.1;0.01;0;7.31113;0;0;-1
0;635;50.1794;34.3892;2.73294;9.80689;3950.78;5.89674;0;0;0.1;0.01;0;6.23098;0;0;-1
0;636;51.3758;54.6346;4.70405;8.5;2572.44;5.11093;0;0;0.1;0.01;0;5.01602;1;0;-1
0;637;50.0049;67.7065;3.2594;9.09874;3155.24;5.47094;0;0;0.1;0.01;0;4.6996;0;0;-1
0;638;68.0533;-56.0627;4.68197;9.91865;4087.39;5.96394;0;0;0.1;0.01;0;4.38783;0;0;-1
0;639;67.5934;-39.0416;2.40478;9.67029;3787.97;5.81461;0;0;0.1;0.01;0;7.08991;0;0;-1
0;640;64.7309;-24.1622;3.90033;8.59961;2663.94;5.17082;0;0;0.1;0.01;0;5.67774;0;0;-1
0;641;67.8232;-6.6574;4.42516;8.5;2572.44;5.11093;0;0;0.1;0.01;0;4.86863;1;0;-1
0;642;65.6272;12.2037;3.83381;10.2544;4516.68;6.16582;0;0;0.1;0.01;0;6.72115;0;0;-1
0;643;65.487;25.9369;3.94359;8.5;2572.44;5.11093;0;0;0.1;0.01;0;6.0972;1;0;-1
0;644;66.9154;44.3113;4.36082;9.40417;3483.77;5.65459;0;0;0.1;0.01;0;5.69694;0;0;-1
0;645;67.4222;60.1802;4.3235;9.78995;3930.34;5.88655;0;0;0.1;0.01;0;4.46583;0;0;-1
0;646;82.3282;-47.3932;5.10633;9.16647;3226.23;5.51167;0;0;0.1;0.01;0;3.67521;0;0;-1
0;647;82.1725;-33.1114;3.18288;10.4059;4719.84;6.25692;0;0;0.1;0.01;0;5.82206;0;0;-1
0;648;81.3953;-15.7981;3.83845;9.58771;3691.76;5.76495;0;0;0.1;0.01;0;6.48958;0;0;-1
0;649;79.7739;0.0557459;1.88124;9.17655;3236.88;5.51773;0;0;0.1;0.01;0;5.72817;0;0;-1
0;650;80.9752;18.2563;2.44952;9.17519;3235.44;5.51691;0;0;0.1;0.01;0;6.64248;0;0;-1
0;651;82.5371;36.1064;4.09377;10.3563;4652.67;6.22709;0;0;0.1;0.01;0;5.55272;0;0;-1
0;652;82.8038;55.2982;4.89215;9.98006;4163.78;6.00087;0;0;0.1;0.01;0;2.84992;0;0;-1
0;653;95.8375;-23.3851;2.09846;10.372;4673.86;6.23653;0;0;0.1;0.01;0;3.62851;0;0;-1
0;654;96.3555;-7.56533;4.22089;9.30892;3378.99;5.59732;0;0;0.1;0.01;0;3.4067;0;0;-1
0;655;94.5249;12.1168;1.93061;9.59168;3696.35;5.76734;0;0;0.1;0.01;0;4.213;0;0;-1
0;656;94.3105;26.6322;4.47733;10.0281;4224.2;6.02975;0;0;0.1;0.01;0;4.46496;0;0;-1
0;657;-86.8378;-40.7518;19.2046;10.0139;4206.28;6.02121;0;0;0.1;0.01;0;3.22255;0;0;-1
0;658;-85.0798;-21.1769;18.557;9.39531;3473.94;5.64926;0;0;0.1;0.01;0;3.2837;0;0;-1
0;659;-84.8775;-4.9857;19.2682;9.9256;4095.99;5.96812;0;0;0.1;0.01;0;4.60344;0;0;-1
0;660;-86.6462;10.4787;17.1934;9.41782;3498.97;5.6628;0;0;0.1;0.01;0;4.71602;0;0;-1
0;661;-85.7224;27.1076;18.3031;8.5;2572.44;5.11093;0;0;0.1;0.01;0;3.21766;1;0;-1
0;662;-84.2556;45.3291;18.9306;8.68184;2741.09;5.22026;0;0;0.1;0.01;0;2.72864;0;0;-1
0;663;-72.1084;-63.6413;19.8433;9.46219;3548.65;5.68948;0;0;0.1;0.01;0;3.35666;0;0;-1
0;664;-70.8124;-48.5649;16.6689;9.04696;3101.68;5.43981;0;0;0.1;0.01;0;6.11198;0;0;-1
0;665;-68.9864;-33.8717;19.1874;8.5;2572.44;5.11093;0;0;0.1;0.01;0;5.46878;1;0;-1
0;666;-71.9581;-13.1871;19.0185;9.90376;4069.01;5.95499;0;0;0.1;0.01;0;7.23508;0;0;-1
0;667;-69.3885;2.17459;19.7066;9.7357;3865.36;5.85394;0;0;0.1;0.01;0;6.93127;0;0;-1
0;668;-70.2492;18.6397;19.3044;9.64972;3763.85;5.80224;0;0;0.1;0.01;0;5.80234;0;0;-1
0;669;-70.2965;34.2567;16.7415;8.77909;2834.24;5.27874;0;0;0.1;0.01;0;4.324;0;0;-1
0;670;-70.2557;52.8809;16.2656;8.5;2572.44;5.11093;0;0;0.1;0.01;0;3.91689;1;0;-1
0;671;-58.0232;-74.947;17.1215;10.065;4271;6.05194;0;0;0.1;0.01;0;4.5161;0;0;-1
0;672;-57.4973;-58.6533;18.7053;9.47117;3558.77;5.69488;0;0;0.1;0.01;0;6.43854;0;0;-1
0;673;-56.2039;-39.5385;17.4581;10.2399;4497.55;6.1571;0;0;0.1;0.01;0;7.40204;0;0;-1
0;674;-57.0845;-23.2705;16.9175;8.9323;2985.23;5.37086;0;0;0.1;0.01;0;5.73308;0;0;-1
0;675;-55.1842;-6.4658;16.0571;9.97374;4155.88;5.99707;0;0;0.1;0.01;0;6.2446;0;0;-1
0;676;-57.1273;8.61704;17.4072;8.70387;2762.01;5.23351;0;0;0.1;0.01;0;5.38433;0;0;-1
0;677;-55.3831;26.7733;16.7964;9.65507;3770.12;5.80545;0;0;0.1;0.01;0;5.70794;0;0;-1
0;678;-54.9744;46.9005;18.9468;8.5;2572.44;5.11093;0;0;0.1;0.01;0;4.35245;1;0;-1
0;679;-53.9861;61.9348;18.2853;8.67427;2733.93;5.21571;0;0;0.1;0.01;0;3.80646;0;0;-1
0;680;-53.7959;78.0483;19.6584;9.60026;3706.27;5.7725;0;0;0.1;0.01;0;2.63876;0;0;-1
0;681;-41.6976;-84.6165;16.8469;9.64536;3758.75;5.79962;0;0;0.1;0.01;0;4.32824;0;0;-1
0;682;-40.6306;-67.4697;17.7368;8.98447;3037.85;5.40223;0;0;0.1;0.01;0;5.51458;0;0;-1
0;683;-40.4621;-47.7841;16.7388;9.09298;3149.25;5.46748;0;0;0.1;0.01;0;5.25894;0;0;-1
0;684;-42.5292;-33.032;18.1941;9.56256;3662.78;5.74983;0;0;0.1;0.01;0;6.35499;0;0;-1
0;685;-42.1541;-13.7561;16.4864;8.5;2572.44;5.11093;0;0;0.1;0.01;0;4.91482;1;0;-1
0;686;-39.9926;2.27938;17.7279;8.8338;2887.56;5.31164;0;0;0.1;0.01;0;5.08295;0;0;-1
0;687;-42.2096;18.6822;18.4617;8.81873;2872.81;5.30257;0;0;0.1;0.01;0;5.43321;0;0;-1
0;688;-41.1658;33.7371;18.2754;8.97255;3025.77;5.39506;0;0;0.1;0.01;0;5.19058;0;0;-1
0;689;-39.7067;53.2096;18.5467;8.97931;3032.62;5.39913;0;0;0.1;0.01;0;4.73997;0;0;-1
0;690;-39.5859;71.4859;16.4001;10.2106;4459.05;6.13949;0;0;0.1;0.01;0;5.9029;0;0;-1
0;691;-41.5988;87.7431;18.5403;8.98874;3042.18;5.4048;0;0;0.1;0.01;0;2.93183;0;0;-1
0;692;-27.7616;-93.4543;16.825;10.4523;4783.26;6.28482;0;0;0.1;0.01;0;3.98021;0;0;-1
0;693;-27.5092;-72.8551;18.4991;9.83112;3980.13;5.91131;0;0;0.1;0.01;0;6.16656;0;0;-1
0;694;-25.371;-56.7085;16.278;8.5;2572.44;5.11093;0;0;0.1;0.01;0;4.44939;1;0;-1
0;695;-24.502;-40.3781;17.8431;8.88227;2935.35;5.34078;0;0;0.1;0.01;0;5.48727;0;0;-1
0;696;-28.3594;-24.7256;16.322;9.59361;3698.58;5.7685;0;0;0.1;0.01;0;6.04851;0;0;-1
0;697;-28.378;-7.18751;16.0118;9.33032;3402.34;5.61019;0;0;0.1;0.01;0;5.29172;0;0;-1
0;698;-26.9595;10.6809;16.4873;9.60486;3711.6;5.77526;0;0;0.1;0.01;0;6.09185;0;0;-1
0;699;-27.4502;28.0471;17.3665;9.05772;3112.76;5.44628;0;0;0.1;0.01;0;5.12776;0;0;-1
0;700;-25.4614;45.9303;17.6338;9.58543;3689.13;5.76358;0;0;0.1;0.01;0;5.76591;0;0;-1
0;701;-28.1557;62.058;16.4056;9.01678;3070.74;5.42166;0;0;0.1;0.01;0;5.90275;0;0;-1
0;702;-27.4128;80.4144;16.3134;10.1887;4430.42;6.12632;0;0;0.1;0.01;0;5.88994;0;0;-1
0;703;-13.2918;-83.6065;17.6377;9.77088;3907.42;5.87509;0;0;0.1;0.01;0;5.45775;0;0;-1
0;704;-13.7303;-65.6493;17.023;8.5;2572.44;5.11093;0;0;0.1;0.01;0;4.20933;1;0;-1
0;705;-11.1817;-47.5309;16.2692;9.7905;3931;5.88689;0;0;0.1;0.01;0;5.44989;0;0;-1
0;706;-12.3554;-30.7829;19.3469;8.63701;2698.85;5.19331;0;0;0.1;0.01;0;5.76278;0;0;-1
0;707;-11.5484;-16.1875;17.4726;9.71429;3839.92;5.84106;0;0;0.1;0.01;0;6.34221;0;0;-1
0;708;-13.6693;1.66381;17.1256;10.0878;4300.09;6.06565;0;0;0.1;0.01;0;7.02462;0;0;-1
0;709;-13.1784;20.7916;16.612;10.0841;4295.36;6.06342;0;0;0.1;0.01;0;6.27082;0;0;-1
0;710;-10.9535;37.32;17.2922;8.97727;3030.55;5.3979;0;0;0.1;0.01;0;5.49537;0;0;-1
0;711;-10.0221;52.3596;18.3001;10.1287;4352.61;6.09024;0;0;0.1;0.01;0;6.64256;0;0;-1
0;712;-11.6692;68.4243;18.3715;8.59754;2662.02;5.16958;0;0;0.1;0.01;0;5.20785;0;0;-1
0;713;-11.0523;85.2585;18.6743;8.5;2572.44;5.11093;0;0;0.1;0.01;0;3.73747;1;0;-1
0;714;1.6824;-91.9828;17.4376;10.248;4508.23;6.16197;0;0;0.1;0.01;0;3.90864;0;0;-1
0;715;4.5826;-72.2725;15.9834;8.68782;2746.76;5.22386;0;0;0.1;0.01;0;5.15413;0;0;-1
0;716;2.81691;-56.9722;17.3361;8.5;2572.44;5.11093;0;0;0.1;0.01;0;5.54424;1;0;-1
0;717;2.9621;-39.8534;16.6727;9.887;4048.39;5.94491;0;0;0.1;0.01;0;6.58531;0;0;-1
0;718;2.386;-24.4658;16.4646;8.82136;2875.38;5.30416;0;0;0.1;0.01;0;5.63589;0;0;-1
0;719;4.97341;-8.37258;17.1093;8.57217;2638.52;5.15432;0;0;0.1;0.01;0;4.74432;0;0;-1
0;720;4.17303;9.6506;16.3854;9.89258;4055.25;5.94826;0;0;0.1;0.01;0;4.89309;0;0;-1
0;721;2.15991;28.5107;16.639;9.95865;4137.04;5.98799;0;0;0.1;0.01;0;6.24826;0;0;-1
0;722;2.53243;46.1876;15.6184;8.5982;2662.63;5.16997;0;0;0.1;0.01;0;5.80359;0;0;-1
0;723;2.66227;63.4031;15.8931;10.4039;4717.12;6.25571;0;0;0.1;0.01;0;6.71303;0;0;-1
0;724;0.990981;77.9643;15.9371;8.66392;2724.16;5.20949;0;0;0.1;0.01;0;5.68501;0;0;-1
0;725;4.70059;93.0884;17.7709;8.70908;2766.98;5.23664;0;0;0.1;0.01;0;2.89452;0;0;-1
0;726;17.7774;-82.3779;17.1045;10.0453;4245.97;6.04009;0;0;0.1;0.01;0;5.13118;0;0;-1
0;727;15.7967;-64.4118;16.3795;8.5;2572.44;5.11093;0;0;0.1;0.01;0;4.94268;1;0;-1
0;728;16.025;-50.0884;18.3053;9.61978;3728.93;5.78423;0;0;0.1;0.01;0;5.55347;0;0;-1
0;729;18.9331;-33.9847;18.1069;8.5;2572.44;5.11093;0;0;0.1;0.01;0;4.31542;1;0;-1
0;730;18.3555;-17.0127;17.3426;9.30503;3374.75;5.59498;0;0;0.1;0.01;0;5.77502;0;0;-1
0;731;17.463;2.71706;18.4908;8.54447;2613.03;5.13767;0;0;0.1;0.01;0;4.73988;0;0;-1
0;732;16.5767;21.1357;16.2151;9.14026;3198.63;5.49591;0;0;0.1;0.01;0;6.27573;0;0;-1
0;733;16.5163;37.0668;17.4449;8.88866;2941.69;5.34462;0;0;0.1;0.01;0;5.88649;0;0;-1
0;734;19.6633;52.931;17.6952;8.85858;2911.93;5.32654;0;0;0.1;0.01;0;5.16868;0;0;-1
0;735;16.4161;69.7743;17.3908;8.51644;2587.4;5.12081;0;0;0.1;0.01;0;5.15529;0;0;-1
0;736;17.9177;85.6775;16.4577;9.17315;3233.29;5.51568;0;0;0.1;0.01;0;3.56742;0;0;-1
0;737;33.174;-92.4855;15.9309;9.05955;3114.64;5.44738;0;0;0.1;0.01;0;1.68977;0;0;-1
0;738;33.7897;-73.766;16.0996;9.51316;3606.31;5.72013;0;0;0.1;0.01;0;5.4781;0;0;-1
0;739;33.1794;-55.2434;18.0178;9.15668;3215.9;5.50578;0;0;0.1;0.01;0;4.54253;0;0;-1
0;740;33.6499;-39.0258;18.0725;8.5;2572.44;5.11093;0;0;0.1;0.01;0;5.33153;1;0;-1
0;741;31.4376;-24.4851;16.3396;9.37929;3456.2;5.63963;0;0;0.1;0.01;0;6.48332;0;0;-1
0;742;30.7108;-8.06019;18.5946;9.30862;3378.66;5.59714;0;0;0.1;0.01;0;5.49822;0;0;-1
0;743;30.5369;11.5682;17.0223;8.87722;2930.35;5.33774;0;0;0.1;0.01;0;5.13229;0;0;-1
0;744;32.097;26.8749;16.7655;8.78131;2836.39;5.28007;0;0;0.1;0.01;0;5.40131;0;0;-1
0;745;33.218;45.7712;16.5235;8.5;2572.44;5.11093;0;0;0.1;0.01;0;5.28886;1;0;-1
0;746;30.4912;63.4373;19.4778;9.08213;3137.99;5.46095;0;0;0.1;0.01;0;6.81635;0;0;-1
0;747;30.6509;77.8143;17.8501;9.25776;3323.58;5.56656;0;0;0.1;0.01;0;5.18508;0;0;-1
0;748;45.3088;-81.2476;16.0921;9.99665;4184.58;6.01084;0;0;0.1;0.01;0;4.70861;0;0;-1
0;749;48.9016;-67.6389;17.011;8.61752;2680.62;5.18159;0;0;0.1;0.01;0;5.08294;0;0;-1
0;750;47.5134;-48.1674;18.5949;8.5;2572.44;5.11093;0;0;0.1;0.01;0;4.60376;1;0;-1
0;751;46.7616;-31.902;16.6153;9.52674;3621.78;5.72829;0;0;0.1;0.01;0;6.82912;0;0;-1
0;752;46.3596;-15.3169;17.5051;9.96599;4146.2;5.99241;0;0;0.1;0.01;0;6.40242;0;0;-1
0;753;46.2087;4.39379;19.4782;9.61473;3723.06;5.7812;0;0;0.1;0.01;0;5.42998;0;0;-1
0;754;48.7901;20.4689;17.3348;9.77667;3914.37;5.87857;0;0;0.1;0.01;0;6.2293;0;0;-1
0;755;46.8602;34.8798;18.9831;8.5;2572.44;5.11093;0;0;0.1;0.01;0;5.23516;1;0;-1
0;756;45.0854;54.092;16.5919;10.1386;4365.39;6.09619;0;0;0.1;0.01;0;6.57549;0;0;-1
0;757;46.977;68.9782;17.7779;8.7934;2848.13;5.28734;0;0;0.1;0.01;0;5.04469;0;0;-1
0;758;45.9386;86.048;19.6712;8.5;2572.44;5.11093;0;0;0.1;0.01;0;1.28342;1;0;-1
0;759;61.2241;-75.4444;17.4884;9.74749;3879.42;5.86102;0;0;0.1;0.01;0;2.82126;0;0;-1
0;760;62.3075;-57.9558;18.1623;8.5;2572.44;5.11093;0;0;0.1;0.01;0;4.94736;1;0;-1
0;761;62.5619;-38.7119;16.7022;10.097;4311.87;6.07118;0;0;0.1;0.01;0;7.4952;0;0;-1
0;762;60.4192;-24.2771;16.5127;9.90118;4065.83;5.95344;0;0;0.1;0.01;0;7.54543;0;0;-1
0;763;60.3759;-7.40598;16.7551;8.93108;2984.01;5.37013;0;0;0.1;0.01;0;4.8124;0;0;-1
0;764;62.4616;10.6052;16.9657;9.45392;3539.36;5.6845;0;0;0.1;0.01;0;5.77914;0;0;-1
0;765;61.6887;28.5327;16.4802;10.2254;4478.47;6.14838;0;0;0.1;0.01;0;7.22182;0;0;-1
0;766;61.8695;45.2089;19.0354;8.67367;2733.36;5.21535;0;0;0.1;0.01;0;6.08048;0;0;-1
0;767;62.2895;63.6354;19.0465;10.0225;4217.13;6.02638;0;0;0.1;0.01;0;4.83447;0;0;-1
0;768;75.9061;-50.2082;19.5122;8.70096;2759.24;5.23176;0;0;0.1;0.01;0;3.01298;0;0;-1
0;769;76.0461;-33.477;18.3419;10.0886;4301.12;6.06613;0;0;0.1;0.01;0;6.13398;0;0;-1
0;770;77.6202;-16.9513;16.7483;8.5;2572.44;5.11093;0;0;0.1;0.01;0;4.96107;1;0;-1
0;771;74.8818;0.853778;19.4033;8.71841;2775.88;5.24225;0;0;0.1;0.01;0;4.44539;0;0;-1
0;772;76.4933;20.106;16.1864;9.82373;3971.16;5.90687;0;0;0.1;0.01;0;6.5376;0;0;-1
0;773;74.8219;37.9216;19.0713;10.3722;4674.14;6.23665;0;0;0.1;0.01;0;6.73508;0;0;-1
0;774;76.5274;52.4271;18.759;8.77615;2831.4;5.27697;0;0;0.1;0.01;0;4.57869;0;0;-1
0;775;91.5289;-22.0692;18.6371;9.7875;3927.39;5.88508;0;0;0.1;0.01;0;4.34552;0;0;-1
0;776;92.7464;-7.35811;19.9372;8.5;2572.44;5.11093;0;0;0.1;0.01;0;2.61874;1;0;-1
0;777;91.7014;9.32845;16.2201;9.05672;3111.73;5.44567;0;0;0.1;0.01;0;2.5256;0;0;-1
0;778;89.4661;26.8431;17.3923;9.35384;3428.14;5.62433;0;0;0.1;0.01;0;4.07844;0;0;-1
0;779;-93.5861;2.40891;34.5658;8.55786;2625.33;5.14572;0;0;0.1;0.01;0;2.8449;0;0;-1
0;780;-82.0401;-39.7112;31.6309;9.85962;4014.85;5.92845;0;0;0.1;0.01;0;3.15452;0;0;-1
0;781;-79.6854;-25.0888;32.4538;9.32437;3395.84;5.60661;0;0;0.1;0.01;0;4.25265;0;0;-1
0;782;-78.9994;-6.09377;34.0263;9.22038;3283.49;5.54408;0;0;0.1;0.01;0;5.97723;0;0;-1
0;783;-80.1806;10.0476;31.8144;8.73128;2788.19;5.24999;0;0;0.1;0.01;0;4.89441;0;0;-1
0;784;-82.7005;25.8693;30.9204;9.40262;3482.05;5.65366;0;0;0.1;0.01;0;2.75028;0;0;-1
0;785;-79.9035;46.0336;31.3465;8.54151;2610.31;5.13589;0;0;0.1;0.01;0;2.20456;0;0;-1
0;786;-65.9575;-66.89;33.9553;9.46889;3556.2;5.69351;0;0;0.1;0.01;0;3.41858;0;0;-1
0;787;-66.6248;-47.6754;32.239;9.70994;3834.76;5.83845;0;0;0.1;0.01;0;4.79014;0;0;-1
0;788;-64.3029;-30.7717;34.2063;9.95636;4134.19;5.98661;0;0;0.1;0.01;0;6.55656;0;0;-1
0;789;-66.7737;-15.5639;31.0201;8.5;2572.44;5.11093;0;0;0.1;0.01;0;5.95227;1;0;-1
0;790;-65.6083;0.0174376;34.1231;8.9441;2997.08;5.37796;0;0;0.1;0.01;0;5.98506;0;0;-1
0;791;-66.5519;18.1324;33.8919;8.5;2572.44;5.11093;0;0;0.1;0.01;0;4.43103;1;0;-1
0;792;-64.4098;35.1688;31.6595;8.58667;2651.94;5.16304;0;0;0.1;0.01;0;4.16678;0;0;-1
0;793;-66.8419;53.0584;33.2049;9.91933;4088.23;5.96435;0;0;0.1;0.01;0;3.57325;0;0;-1
0;794;-53.1867;-73.3247;30.6183;10.1149;4334.84;6.08194;0;0;0.1;0.01;0;4.85212;0;0;-1
0;795;-50.1863;-58.7161;30.987;9.48167;3570.62;5.70119;0;0;0.1;0.01;0;6.02632;0;0;-1
0;796;-49.8378;-38.4008;31.6515;9.72083;3847.68;5.84499;0;0;0.1;0.01;0;6.12829;0;0;-1
0;797;-52.801;-21.2959;31.1161;8.5;2572.44;5.11093;0;0;0.1;0.01;0;4.91628;1;0;-1
0;798;-52.7053;-7.29194;34.1957;9.66627;3783.25;5.81219;0;0;0.1;0.01;0;4.4785;0;0;-1
0;799;-51.6695;11.8742;31.7764;8.5;2572.44;5.11093;0;0;0.1;0.01;0;4.16279;1;0;-1
0;800;-50.713;29.4032;32.6099;8.5;2572.44;5.11093;0;0;0.1;0.01;0;5.2386;1;0;-1
0;801;-52.7804;43.3403;33.1302;8.5;2572.44;5.11093;0;0;0.1;0.01;0;5.24048;1;0;-1
0;802;-51.6456;60.0719;33.9716;8.5;2572.44;5.11093;0;0;0.1;0.01;0;4.23684;1;0;-1
0;803;-35.6425;-85.3954;34.2807;10.1766;4414.65;6.11904;0;0;0.1;0.01;0;3.63719;0;0;-1
0;804;-37.9978;-66.3763;31.2824;8.5;2572.44;5.11093;0;0;0.1;0.01;0;4.55947;1;0;-1
0;805;-37.9466;-47.2898;33.1288;9.74583;3877.44;5.86003;0;0;0.1;0.01;0;5.96564;0;0;-1
0;806;-34.4741;-33.0303;33.0275;10.2533;4515.23;6.16516;0;0;0.1;0.01;0;6.52092;0;0;-1
0;807;-35.1757;-16.2761;32.713;8.8572;2910.57;5.32571;0;0;0.1;0.01;0;4.12931;0;0;-1
0;808;-35.3356;2.98003;32.2963;8.80953;2863.83;5.29704;0;0;0.1;0.01;0;4.53401;0;0;-1
0;809;-38.3036;17.6734;32.7587;8.96634;3019.49;5.39133;0;0;0.1;0.01;0;4.90147;0;0;-1
0;810;-36.9773;37.9446;31.661;9.65063;3764.92;5.80278;0;0;0.1;0.01;0;6.08372;0;0;-1
0;811;-36.8455;52.4712;32.4188;8.9865;3039.91;5.40345;0;0;0.1;0.01;0;5.22304;0;0;-1
0;812;-37.9078;69.1944;32.1304;8.5;2572.44;5.11093;0;0;0.1;0.01;0;3.35591;1;0;-1
0;813;-20.965;-91.0277;34.0219;9.86408;4020.3;5.93113;0;0;0.1;0.01;0;3.76407;0;0;-1
0;814;-22.9291;-74.3019;32.2341;8.5;2572.44;5.11093;0;0;0.1;0.01;0;5.11801;1;0;-1
0;815;-22.8337;-57.0542;34.4206;8.61747;2680.57;5.18156;0;0;0.1;0.01;0;4.58559;0;0;-1
0;816;-21.8608;-42.744;31.8901;8.61331;2676.69;5.17906;0;0;0.1;0.01;0;5.67896;0;0;-1
0;817;-20.4334;-21.665;31.3794;8.5;2572.44;5.11093;0;0;0.1;0.01;0;3.95867;1;0;-1
0;818;-20.9546;-4.75488;34.0511;9.37895;3455.82;5.63943;0;0;0.1;0.01;0;5.90065;0;0;-1
0;819;-21.7879;11.1948;31.6465;8.93559;2988.53;5.37284;0;0;0.1;0.01;0;5.8775;0;0;-1
0;820;-22.9963;29.3674;33.7814;9.49202;3582.32;5.70741;0;0;0.1;0.01;0;5.55511;0;0;-1
0;821;-20.7392;44.297;33.8101;9.19925;3260.96;5.53138;0;0;0.1;0.01;0;6.29404;0;0;-1
0;822;-20.4293;59.6991;30.9826;8.65751;2718.11;5.20564;0;0;0.1;0.01;0;5.12166;0;0;-1
0;823;-21.7695;76.7134;32.6777;10.0526;4255.24;6.04448;0;0;0.1;0.01;0;4.73943;0;0;-1
0;824;-6.8176;-81.4838;33.0065;10.2345;4490.44;6.15386;0;0;0.1;0.01;0;5.73603;0;0;-1
0;825;-7.58104;-65.849;32.0434;9.11861;3175.96;5.48289;0;0;0.1;0.01;0;4.85255;0;0;-1
0;826;-8.80819;-46.9401;30.7994;9.1191;3176.47;5.48318;0;0;0.1;0.01;0;5.15039;0;0;-1
0;827;-5.46036;-32.6268;31.1703;8.5;2572.44;5.11093;0;0;0.1;0.01;0;4.74373;1;0;-1
0;828;-8.84257;-13.1777;31.5862;10.4144;4731.42;6.26203;0;0;0.1;0.01;0;6.59205;0;0;-1
0;829;-7.46421;3.47684;31.9481;9.30981;3379.96;5.59785;0;0;0.1;0.01;0;6.0856;0;0;-1
0;830;-6.85656;21.0008;33.6329;10.0649;4270.88;6.05188;0;0;0.1;0.01;0;5.67585;0;0;-1
0;831;-7.47874;37.7977;34.0853;9.13604;3194.2;5.49337;0;0;0.1;0.01;0;6.14288;0;0;-1
0;832;-5.85312;51.7281;33.6932;8.5;2572.44;5.11093;0;0;0.1;0.01;0;5.49307;1;0;-1
0;833;-7.20032;69.7861;32.3993;8.73803;2794.66;5.25405;0;0;0.1;0.01;0;4.35143;0;0;-1
0;834;-6.78129;88.6499;31.1329;8.56897;2635.57;5.1524;0;0;0.1;0.01;0;2.16794;0;0;-1
0;835;8.24851;-89.4363;34.6665;8.757;2812.9;5.26546;0;0;0.1;0.01;0;3.18222;0;0;-1
0;836;7.70522;-74.4754;32.4973;10.4534;4784.77;6.28548;0;0;0.1;0.01;0;7.03329;0;0;-1
0;837;6.34248;-58.9463;31.8191;8.79873;2853.31;5.29055;0;0;0.1;0.01;0;5.10295;0;0;-1
0;838;8.48868;-42.9143;33.1999;10.0561;4259.68;6.04659;0;0;0.1;0.01;0;6.75194;0;0;-1
0;839;6.86415;-23.8823;32.7517;8.90408;2957.03;5.35389;0;0;0.1;0.01;0;4.87997;0;0;-1
0;840;7.21116;-6.04547;33.7242;9.87605;4034.95;5.93833;0;0;0.1;0.01;0;6.05174;0;0;-1
0;841;5.64935;8.79397;34.3812;9.10205;3158.68;5.47293;0;0;0.1;0.01;0;4.74187;0;0;-1
0;842;8.33795;27.8189;31.0463;9.25309;3318.55;5.56375;0;0;0.1;0.01;0;5.15879;0;0;-1
0;843;6.79208;42.8938;30.5897;10.1876;4428.99;6.12566;0;0;0.1;0.01;0;6.42047;0;0;-1
0;844;8.63686;61.5733;30.9002;8.68436;2743.48;5.22178;0;0;0.1;0.01;0;4.758;0;0;-1
0;845;9.12157;78.9349;31.9011;9.46328;3549.88;5.69013;0;0;0.1;0.01;0;4.70499;0;0;-1
0;846;23.143;-82.6634;33.8588;9.93443;4106.93;5.97343;0;0;0.1;0.01;0;4.76623;0;0;-1
0;847;22.6499;-67.9615;33.0066;9.85623;4010.71;5.92641;0;0;0.1;0.01;0;5.40234;0;0;-1
0;848;23.8686;-47.7338;33.3841;8.90151;2954.47;5.35235;0;0;0.1;0.01;0;5.8967;0;0;-1
0;849;21.1381;-32.2888;32.4679;10.1635;4397.63;6.11117;0;0;0.1;0.01;0;7.04032;0;0;-1
0;850;22.1155;-14.0016;32.2138;10.1553;4386.99;6.10623;0;0;0.1;0.01;0;6.79706;0;0;-1
0;851;22.336;0.484217;30.9384;8.92445;2977.37;5.36614;0;0;0.1;0.01;0;5.12788;0;0;-1
0;852;23.0071;19.3362;30.4846;9.06881;3124.2;5.45294;0;0;0.1;0.01;0;4.82468;0;0;-1
0;853;22.1112;37.5548;33.9861;9.3486;3422.38;5.62118;0;0;0.1;0.01;0;5.73801;0;0;-1
0;854;23.7921;51.3878;32.5714;9.90615;4071.96;5.95642;0;0;0.1;0.01;0;6.81412;0;0;-1
0;855;22.3288;68.7552;31.0016;8.75237;2808.44;5.26267;0;0;0.1;0.01;0;5.90409;0;0;-1
0;856;20.8573;89.3907;34.2203;9.34689;3420.5;5.62015;0;0;0.1;0.01;0;1.60224;0;0;-1
0;857;35.7813;-74.7232;32.7899;8.5;2572.44;5.11093;0;0;0.1;0.01;0;3.42612;1;0;-1
0;858;37.1885;-55.0829;32.8436;9.55435;3653.36;5.74489;0;0;0.1;0.01;0;5.76287;0;0;-1
0;859;35.5759;-38.4176;30.8924;8.5;2572.44;5.11093;0;0;0.1;0.01;0;5.31095;1;0;-1
0;860;37.4975;-21.9821;32.1871;8.5;2572.44;5.11093;0;0;0.1;0.01;0;4.75585;1;0;-1
0;861;35.8977;-4.81628;33.2082;9.17157;3231.62;5.51473;0;0;0.1;0.01;0;5.72608;0;0;-1
0;862;38.74;9.35277;32.4851;8.59517;2659.82;5.16815;0;0;0.1;0.01;0;4.91435;0;0;-1
0;863;38.1034;25.5606;32.9967;9.81869;3965.06;5.90384;0;0;0.1;0.01;0;5.59317;0;0;-1
0;864;38.35;43.167;33.0903;9.76301;3897.98;5.87036;0;0;0.1;0.01;0;6.02061;0;0;-1
0;865;35.3797;61.8619;33.7061;9.76121;3895.83;5.86927;0;0;0.1;0.01;0;6.62629;0;0;-1
0;866;36.8571;77.2524;32.163;10.0224;4217;6.02632;0;0;0.1;0.01;0;5.23635;0;0;-1
0;867;52.8313;-64.666;31.9382;9.06145;3116.6;5.44852;0;0;0.1;0.01;0;3.97324;0;0;-1
0;868;53.1658;-49.3382;32.1258;9.43641;3519.73;5.67398;0;0;0.1;0.01;0;5.65573;0;0;-1
0;869;52.0688;-33.3838;32.4037;9.52844;3623.71;5.72931;0;0;0.1;0.01;0;6.14065;0;0;-1
0;870;51.5438;-17.3175;31.6018;9.93219;4104.15;5.97208;0;0;0.1;0.01;0;6.32183;0;0;-1
0;871;53.2131;0.915693;33.8741;10.0205;4214.6;6.02518;0;0;0.1;0.01;0;6.86779;0;0;-1
0;872;52.4606;17.8216;33.3902;8.9672;3020.36;5.39185;0;0;0.1;0.01;0;6.01588;0;0;-1
0;873;53.4752;38.1476;32.2377;8.9671;3020.26;5.39179;0;0;0.1;0.01;0;6.03673;0;0;-1
0;874;53.2668;53.181;33.3271;9.60563;3712.5;5.77573;0;0;0.1;0.01;0;6.96984;0;0;-1
0;875;51.4269;68.33;32.4174;9.14929;3208.12;5.50134;0;0;0.1;0.01;0;4.86855;0;0;-1
0;876;67.2576;-58.071;32.4324;8.83388;2887.64;5.31168;0;0;0.1;0.01;0;3.29205;0;0;-1
0;877;67.697;-38.6023;31.5538;9.31078;3381.01;5.59844;0;0;0.1;0.01;0;5.34532;0;0;-1
0;878;66.3864;-21.8146;31.9666;9.12977;3187.63;5.4896;0;0;0.1;0.01;0;5.27298;0;0;-1
0;879;66.9428;-4.77047;32.6275;9.85842;4013.38;5.92772;0;0;0.1;0.01;0;5.72541;0;0;-1
0;880;67.2081;10.3573;32.9748;8.94914;3002.15;5.38099;0;0;0.1;0.01;0;6.55106;0;0;-1
0;881;66.2114;28.0116;33.7832;8.61621;2679.4;5.1808;0;0;0.1;0.01;0;5.82106;0;0;-1
0;882;67.3163;45.6453;31.0808;9.11558;3172.79;5.48107;0;0;0.1;0.01;0;6.46671;0;0;-1
0;883;67.0124;59.5005;32.0814;9.87652;4035.53;5.93861;0;0;0.1;0.01;0;4.7552;0;0;-1
0;884;79.9445;-30.2556;33.8295;9.91075;4077.63;5.95919;0;0;0.1;0.01;0;4.39916;0;0;-1
0;885;80.1749;-15.9651;30.7228;8.8039;2858.34;5.29366;0;0;0.1;0.01;0;4.5069;0;0;-1
0;886;79.6588;3.68745;33.5501;10.0827;4293.58;6.06258;0;0;0.1;0.01;0;4.94691;0;0;-1
0;887;80.7134;19.6992;34.1957;8.73611;2792.82;5.2529;0;0;0.1;0.01;0;3.84943;0;0;-1
0;888;80.5444;33.6368;31.9279;8.98096;3034.29;5.40012;0;0;0.1;0.01;0;4.2559;0;0;-1
0;889;-86.3525;-6.44607;47.2325;9.7781;3916.08;5.87943;0;0;0.1;0.01;0;3.24499;0;0;-1
0;890;-85.6615;9.85642;47.7955;10.4049;4718.48;6.25632;0;0;0.1;0.01;0;3.02251;0;0;-1
0;891;-69.0182;-49.9829;48.7974;10.4318;4755.17;6.27249;0;0;0.1;0.01;0;2.88041;0;0;-1
0;892;-69.3895;-33.7451;47.9863;8.5;2572.44;5.11093;0;0;0.1;0.01;0;4.09282;1;0;-1
0;893;-69.3644;-13.3668;47.6952;9.91875;4087.52;5.964;0;0;0.1;0.01;0;5.72681;0;0;-1
0;894;-71.5155;0.83915;46.7831;8.91111;2964.04;5.35812;0;0;0.1;0.01;0;5.62202;0;0;-1
0;895;-68.5656;18.037;47.0541;8.75571;2811.66;5.26468;0;0;0.1;0.01;0;3.93497;0;0;-1
0;896;-70.5787;36.4561;49.3675;9.25688;3322.63;5.56603;0;0;0.1;0.01;0;1.72428;0;0;-1
0;897;-56.6356;-59.6039;46.153;8.92538;2978.3;5.3667;0;0;0.1;0.01;0;4.10273;0;0;-1
0;898;-57.0562;-39.1325;47.6047;9.30218;3371.65;5.59327;0;0;0.1;0.01;0;5.77837;0;0;-1
0;899;-57.0476;-23.2637;47.2584;8.5;2572.44;5.11093;0;0;0.1;0.01;0;5.45244;1;0;-1
0;900;-56.8255;-6.91463;48.8095;9.56046;3660.37;5.74857;0;0;0.1;0.01;0;5.90518;0;0;-1
0;901;-54.5959;12.7544;45.9809;8.6949;2753.48;5.22812;0;0;0.1;0.01;0;4.42057;0;0;-1
0;902;-57.7011;29.7415;45.9843;8.5;2572.44;5.11093;0;0;0.1;0.01;0;4.65988;1;0;-1
0;903;-56.3018;45.9394;47.0342;8.5;2572.44;5.11093;0;0;0.1;0.01;0;4.45934;1;0;-1
0;904;-54.443;61.2976;46.4164;8.73256;2789.42;5.25076;0;0;0.1;0.01;0;3.49965;0;0;-1
0;905;-40.6522;-64.3855;45.8815;8.77308;2828.43;5.27513;0;0;0.1;0.01;0;3.66298;0;0;-1
0;906;-40.4088;-50.5781;48.2093;9.14813;3206.9;5.50064;0;0;0.1;0.01;0;5.16008;0;0;-1
0;907;-43.2001;-30.0729;46.0943;10.1709;4407.24;6.11561;0;0;0.1;0.01;0;6.05345;0;0;-1
0;908;-41.5088;-14.296;49.0759;8.5;2572.44;5.11093;0;0;0.1;0.01;0;4.98774;1;0;-1
0;909;-41.642;0.775214;49.2646;8.65928;2719.78;5.2067;0;0;0.1;0.01;0;4.59933;0;0;-1
0;910;-42.0974;16.7741;48.2702;10.2808;4551.66;6.1817;0;0;0.1;0.01;0;5.92271;0;0;-1
0;911;-42.3269;35.8758;45.229;8.59133;2656.26;5.16584;0;0;0.1;0.01;0;4.94951;0;0;-1
0;912;-41.219;53.2391;48.9041;10.1348;4360.48;6.09391;0;0;0.1;0.01;0;6.53498;0;0;-1
0;913;-42.4842;69.7181;48.0985;9.85071;4003.97;5.92309;0;0;0.1;0.01;0;4.23915;0;0;-1
0;914;-27.8301;-76.7421;46.7415;9.0812;3137.03;5.46039;0;0;0.1;0.01;0;2.96163;0;0;-1
0;915;-26.1688;-55.5059;48.3155;8.59395;2658.69;5.16742;0;0;0.1;0.01;0;5.99435;0;0;-1
0;916;-27.6866;-41.4915;46.5283;9.63897;3751.29;5.79577;0;0;0.1;0.01;0;7.57625;0;0;-1
0;917;-28.0282;-24.2574;49.4414;8.5;2572.44;5.11093;0;0;0.1;0.01;0;4.80351;1;0;-1
0;918;-25.7004;-8.79287;47.3266;8.5;2572.44;5.11093;0;0;0.1;0.01;0;4.63646;1;0;-1
0;919;-26.6741;12.026;46.5391;9.92574;4096.16;5.9682;0;0;0.1;0.01;0;5.77851;0;0;-1
0;920;-26.9566;29.5837;48.553;10.2075;4454.99;6.13762;0;0;0.1;0.01;0;7.06316;0;0;-1
0;921;-26.3499;45.1531;48.8411;9.22863;3292.31;5.54904;0;0;0.1;0.01;0;6.1169;0;0;-1
0;922;-25.8939;60.8802;46.521;10.3198;4603.65;6.20515;0;0;0.1;0.01;0;6.87307;0;0;-1
0;923;-25.5704;79.3371;48.5025;9.1597;3219.08;5.50759;0;0;0.1;0.01;0;3.1758;0;0;-1
0;924;-12.3629;-80.7889;46.0199;8.874;2927.16;5.33581;0;0;0.1;0.01;0;3.07016;0;0;-1
0;925;-11.882;-64.688;47.9609;8.62741;2689.86;5.18754;0;0;0.1;0.01;0;4.45591;0;0;-1
0;926;-13.4922;-47.9738;46.5746;10.3686;4669.27;6.23449;0;0;0.1;0.01;0;7.51997;0;0;-1
0;927;-12.6921;-33.5671;49.1084;10.005;4195.08;6.01586;0;0;0.1;0.01;0;5.88162;0;0;-1
0;928;-11.4153;-13.8835;48.6927;9.93402;4106.42;5.97318;0;0;0.1;0.01;0;6.77174;0;0;-1
0;929;-11.0343;0.270093;46.1103;9.49154;3581.78;5.70713;0;0;0.1;0.01;0;6.65019;0;0;-1
0;930;-13.1768;19.5129;47.8644;10.0132;4205.4;6.02079;0;0;0.1;0.01;0;6.25893;0;0;-1
0;931;-11.2549;37.0938;49.0576;8.84922;2902.71;5.32091;0;0;0.1;0.01;0;6.45143;0;0;-1
0;932;-12.2;52.5424;48.7848;9.02879;3083.03;5.42888;0;0;0.1;0.01;0;7.20871;0;0;-1
0;933;-11.7513;69.793;48.0762;10.1432;4371.33;6.09896;0;0;0.1;0.01;0;5.8676;0;0;-1
0;934;-12.8176;86.6142;47.9934;8.5;2572.44;5.11093;0;0;0.1;0.01;0;1.66587;1;0;-1
0;935;2.05857;-73.1398;45.8805;8.5;2572.44;5.11093;0;0;0.1;0.01;0;4.91263;1;0;-1
0;936;1.61185;-59.4357;46.6225;8.99434;3047.87;5.40817;0;0;0.1;0.01;0;5.60828;0;0;-1
0;937;2.35502;-42.278;46.9549;9.40872;3488.83;5.65733;0;0;0.1;0.01;0;5.65145;0;0;-1
0;938;1.44467;-22.4068;48.5081;9.3869;3464.62;5.64421;0;0;0.1;0.01;0;5.82054;0;0;-1
0;939;4.30958;-5.387;49.0449;9.50215;3593.8;5.7135;0;0;0.1;0.01;0;6.81151;0;0;-1
0;940;3.22154;8.86601;49.2412;9.40384;3483.41;5.65439;0;0;0.1;0.01;0;5.80744;0;0;-1
0;941;1.8233;29.6371;47.3266;8.5;2572.44;5.11093;0;0;0.1;0.01;0;5.04984;1;0;-1
0;942;1.08385;45.5428;47.6004;8.53776;2606.88;5.13363;0;0;0.1;0.01;0;6.17177;0;0;-1
0;943;1.48863;60.6222;45.6684;9.03964;3094.15;5.4354;0;0;0.1;0.01;0;5.43585;0;0;-1
0;944;4.93219;79.7285;48.6595;10.1102;4328.8;6.07912;0;0;0.1;0.01;0;3.00498;0;0;-1
0;945;18.93;-84.4718;48.896;8.82496;2878.9;5.30632;0;0;0.1;0.01;0;1.95551;0;0;-1
0;946;18.283;-65.9318;46.7135;9.13393;3191.99;5.4921;0;0;0.1;0.01;0;4.69429;0;0;-1
0;947;16.9246;-49.4153;46.2831;8.5;2572.44;5.11093;0;0;0.1;0.01;0;4.61319;1;0;-1
0;948;19.3963;-34.3998;45.929;10.2763;4545.68;6.17899;0;0;0.1;0.01;0;6.56687;0;0;-1
0;949;16.1491;-14.8575;48.4569;9.22523;3288.67;5.547;0;0;0.1;0.01;0;6.3415;0;0;-1
0;950;18.7776;1.80509;48.5206;8.50641;2578.26;5.11478;0;0;0.1;0.01;0;5.6582;0;0;-1
0;951;17.3918;17.4884;46.7697;9.55479;3653.86;5.74516;0;0;0.1;0.01;0;5.23334;0;0;-1
0;952;16.0238;36.3991;49.0135;8.5;2572.44;5.11093;0;0;0.1;0.01;0;4.95176;1;0;-1
0;953;19.238;50.8503;45.5639;9.03341;3087.76;5.43166;0;0;0.1;0.01;0;5.11221;0;0;-1
0;954;17.4154;71.096;46.7959;9.52319;3617.73;5.72616;0;0;0.1;0.01;0;4.54186;0;0;-1
0;955;33.206;-74.2775;48.7901;8.9766;3029.87;5.3975;0;0;0.1;0.01;0;3.24437;0;0;-1
0;956;33.1095;-57.1318;47.8285;9.60965;3717.16;5.77814;0;0;0.1;0.01;0;6.0477;0;0;-1
0;957;33.476;-39.2159;45.8221;9.85133;4004.73;5.92346;0;0;0.1;0.01;0;6.54271;0;0;-1
0;958;30.7963;-22.5164;46.1732;9.98303;4167.5;6.00265;0;0;0.1;0.01;0;6.38932;0;0;-1
0;959;31.9817;-5.04693;47.7702;9.48791;3577.67;5.70494;0;0;0.1;0.01;0;5.83504;0;0;-1
0;960;33.2562;12.0633;47.6402;9.44032;3524.1;5.67633;0;0;0.1;0.01;0;5.47939;0;0;-1
0;961;30.6844;25.7846;46.9774;9.75134;3884.02;5.86334;0;0;0.1;0.01;0;6.52847;0;0;-1
0;962;32.7087;43.2059;48.513;8.95476;3007.81;5.38437;0;0;0.1;0.01;0;6.11581;0;0;-1
0;963;31.8846;59.3283;48.6119;9.99243;4179.28;6.0083;0;0;0.1;0.01;0;6.93171;0;0;-1
0;964;30.9348;76.2502;47.7017;9.44588;3530.33;5.67967;0;0;0.1;0.01;0;4.12526;0;0;-1
0;965;45.9674;-63.703;46.5676;8.50235;2574.57;5.11234;0;0;0.1;0.01;0;3.3086;0;0;-1
0;966;46.1767;-47.4736;47.5712;10.2055;4452.37;6.13642;0;0;0.1;0.01;0;6.42905;0;0;-1
0;967;47.6522;-31.4606;46.2893;8.5;2572.44;5.11093;0;0;0.1;0.01;0;5.044;1;0;-1
0;968;45.2302;-13.9431;49.029;9.26855;3335.22;5.57304;0;0;0.1;0.01;0;5.88869;0;0;-1
0;969;45.9011;-0.220038;45.3763;8.5;2572.44;5.11093;0;0;0.1;0.01;0;5.3467;1;0;-1
0;970;47.7152;20.7834;46.8819;10.0206;4214.73;6.02524;0;0;0.1;0.01;0;7.16835;0;0;-1
0;971;45.3023;36.6182;48.5865;9.44979;3534.72;5.68202;0;0;0.1;0.01;0;6.79906;0;0;-1
0;972;46.4687;54.767;49.1027;9.69619;3818.49;5.83018;0;0;0.1;0.01;0;5.88168;0;0;-1
0;973;45.6619;72.0087;48.4233;9.86394;4020.13;5.93104;0;0;0.1;0.01;0;3.34205;0;0;-1
0;974;63.7031;-58.7724;46.4814;8.74716;2803.43;5.25954;0;0;0.1;0.01;0;2.381;0;0;-1
0;975;62.0108;-42.3748;47.6486;9.36522;3440.67;5.63117;0;0;0.1;0.01;0;5.0483;0;0;-1
0;976;59.8947;-24.0731;48.5201;8.5;2572.44;5.11093;0;0;0.1;0.01;0;4.86159;1;0;-1
0;977;63.6089;-8.7002;46.8157;10.1425;4370.42;6.09854;0;0;0.1;0.01;0;6.67301;0;0;-1
0;978;60.6618;8.13231;47.1496;9.86993;4027.46;5.93465;0;0;0.1;0.01;0;6.38342;0;0;-1
0;979;61.5213;26.8076;46.1106;9.90075;4065.3;5.95318;0;0;0.1;0.01;0;6.42678;0;0;-1
0;980;60.1718;43.6492;46.0429;10.1384;4365.13;6.09607;0;0;0.1;0.01;0;6.24311;0;0;-1
0;981;61.1678;60.9993;46.9984;9.12844;3186.24;5.4888;0;0;0.1;0.01;0;3.76049;0;0;-1
0;982;77.2924;-30.3705;48.6421;8.61289;2676.3;5.17881;0;0;0.1;0.01;0;2.62454;0;0;-1
0;983;77.1287;-17.1002;47.7265;8.5;2572.44;5.11093;0;0;0.1;0.01;0;3.1645;1;0;-1
0;984;75.5652;1.83328;46.5467;9.84126;3992.46;5.91741;0;0;0.1;0.01;0;5.04719;0;0;-1
0;985;78.6905;17.3371;48.8025;10.0526;4255.24;6.04448;0;0;0.1;0.01;0;4.1849;0;0;-1
0;986;75.2839;34.694;45.9234;10.2898;4563.62;6.18711;0;0;0.1;0.01;0;4.40666;0;0;-1
0;987;-65.6112;-30.2864;62.2675;8.57744;2643.39;5.15749;0;0;0.1;0.01;0;3.43806;0;0;-1
0;988;-66.5767;-15.4239;63.5507;8.87947;2932.58;5.3391;0;0;0.1;0.01;0;3.54027;0;0;-1
0;989;-66.6932;0.548371;61.3366;8.52153;2592.04;5.12387;0;0;0.1;0.01;0;3.47924;0;0;-1
0;990;-66.1519;19.5139;63.9315;9.60852;3715.85;5.77746;0;0;0.1;0.01;0;3.35591;0;0;-1
0;991;-51.8204;-58.4787;60.4492;9.06277;3117.97;5.44931;0;0;0.1;0.01;0;2.13924;0;0;-1
0;992;-51.419;-38.7594;63.6274;10.4312;4754.35;6.27213;0;0;0.1;0.01;0;5.19835;0;0;-1
0;993;-50.7471;-24.503;63.3012;8.99047;3043.94;5.40584;0;0;0.1;0.01;0;6.4126;0;0;-1
0;994;-52.7041;-8.79503;61.3384;8.75928;2815.1;5.26683;0;0;0.1;0.01;0;4.57399;0;0;-1
0;995;-53.4863;10.3296;61.6459;10.3467;4639.75;6.22132;0;0;0.1;0.01;0;5.60384;0;0;-1
0;996;-53.0268;27.1246;62.107;8.5119;2583.26;5.11808;0;0;0.1;0.01;0;4.04061;0;0;-1
0;997;-51.7526;46.5266;61.7974;9.49673;3587.66;5.71025;0;0;0.1;0.01;0;3.02846;0;0;-1
0;998;-36.3731;-47.556;60.5183;9.31429;3384.84;5.60055;0;0;0.1;0.01;0;6.18469;0;0;-1
0;999;-36.9156;-33.168;64.1627;8.56914;2635.73;5.1525;0;0;0.1;0.01;0;5.8919;0;0;-1
0;1000;-35.4759;-15.6534;62.6728;9.77893;3917.08;5.87993;0;0;0.1;0.01;0;6.61978;0;0;-1
0;1001;-36.1642;1.45727;63.9646;8.73934;2795.92;5.25484;0;0;0.1;0.01;0;4.87576;0;0;-1
0;1002;-35.0648;19.5925;62.2206;8.80965;2863.94;5.29711;0;0;0.1;0.01;0;5.88697;0;0;-1
0;1003;-35.2249;37.0914;60.661;9.96828;4149.06;5.99378;0;0;0.1;0.01;0;6.29293;0;0;-1
0;1004;-38.3047;52.2601;63.8461;9.47991;3568.63;5.70013;0;0;0.1;0.01;0;3.94453;0;0;-1
0;1005;-38.3165;67.9568;60.6966;9.61487;3723.22;5.78128;0;0;0.1;0.01;0;3.18418;0;0;-1
0;1006;-21.3188;-73.2349;63.7681;8.5;2572.44;5.11093;0;0;0.1;0.01;0;1.71222;1;0;-1
0;1007;-23.2942;-57.0266;62.2437;10.4;4711.82;6.25337;0;0;0.1;0.01;0;6.1861;0;0;-1
0;1008;-22.2411;-40.8634;61.391;10.2717;4539.58;6.17622;0;0;0.1;0.01;0;8.03007;0;0;-1
0;1009;-21.3042;-22.737;63.6617;8.53442;2603.82;5.13162;0;0;0.1;0.01;0;6.24335;0;0;-1
0;1010;-21.9762;-5.56826;62.1261;10.3597;4657.26;6.22914;0;0;0.1;0.01;0;6.43803;0;0;-1
0;1011;-22.118;10.5204;60.8491;8.5;2572.44;5.11093;0;0;0.1;0.01;0;3.63323;1;0;-1
0;1012;-23.7848;26.8084;63.5278;9.01866;3072.66;5.42279;0;0;0.1;0.01;0;4.69421;0;0;-1
0;1013;-22.4095;44.4757;62.8098;9.87176;4029.7;5.93575;0;0;0.1;0.01;0;6.77232;0;0;-1
0;1014;-21.8318;59.6999;60.1742;8.81698;2871.1;5.30152;0;0;0.1;0.01;0;5.43758;0;0;-1
0;1015;-7.8783;-67.6954;60.3457;8.52518;2595.37;5.12607;0;0;0.1;0.01;0;3.8891;0;0;-1
0;1016;-7.8706;-47.7041;63.1314;10.2311;4485.96;6.15181;0;0;0.1;0.01;0;6.71454;0;0;-1
0;1017;-5.56641;-29.8873;63.3974;9.05885;3113.92;5.44696;0;0;0.1;0.01;0;6.57677;0;0;-1
0;1018;-6.85084;-15.3361;60.9691;8.54701;2615.36;5.13919;0;0;0.1;0.01;0;6.62592;0;0;-1
0;1019;-8.7865;0.62241;60.7722;8.5;2572.44;5.11093;0;0;0.1;0.01;0;4.71306;1;0;-1
0;1020;-6.95566;20.8338;60.3914;8.92528;2978.2;5.36664;0;0;0.1;0.01;0;4.61736;0;0;-1
0;1021;-8.8336;36.0104;63.578;9.68264;3802.51;5.82203;0;0;0.1;0.01;0;7.04914;0;0;-1
0;1022;-6.47695;52.1424;61.0335;9.64341;3756.48;5.79844;0;0;0.1;0.01;0;7.57956;0;0;-1
0;1023;-7.43546;67.6723;60.8761;10.3052;4584.14;6.19637;0;0;0.1;0.01;0;4.93349;0;0;-1
0;1024;5.31881;-73.7725;61.9509;8.5;2572.44;5.11093;0;0;0.1;0.01;0;2.23636;1;0;-1
0;1025;6.875;-57.4045;62.3023;10.176;4413.87;6.11868;0;0;0.1;0.01;0;5.81676;0;0;-1
0;1026;7.7408;-39.3529;61.0376;8.5;2572.44;5.11093;0;0;0.1;0.01;0;4.55246;1;0;-1
0;1027;6.38146;-22.6927;62.3464;9.92312;4092.92;5.96663;0;0;0.1;0.01;0;6.71013;0;0;-1
0;1028;9.17257;-6.37371;62.4722;10.2402;4497.94;6.15728;0;0;0.1;0.01;0;6.85683;0;0;-1
0;1029;8.78174;12.1956;62.2438;8.66534;2725.5;5.21034;0;0;0.1;0.01;0;4.78722;0;0;-1
0;1030;7.91416;26.3223;63.4124;8.5;2572.44;5.11093;0;0;0.1;0.01;0;5.49256;1;0;-1
0;1031;7.42321;42.0718;60.086;10.2988;4575.6;6.19252;0;0;0.1;0.01;0;6.63321;0;0;-1
0;1032;6.64025;63.0858;63.2927;9.3194;3390.41;5.60362;0;0;0.1;0.01;0;4.62095;0;0;-1
0;1033;21.3018;-63.866;60.9585;8.5;2572.44;5.11093;0;0;0.1;0.01;0;3.702;1;0;-1
0;1034;23.2571;-50.2956;61.9543;8.5;2572.44;5.11093;0;0;0.1;0.01;0;4.43437;1;0;-1
0;1035;20.9396;-32.3607;61.0318;8.5;2572.44;5.11093;0;0;0.1;0.01;0;3.83259;1;0;-1
0;1036;24.2179;-12.6682;60.3648;8.5;2572.44;5.11093;0;0;0.1;0.01;0;5.40608;1;0;-1
0;1037;20.6124;2.9546;61.7767;8.5;2572.44;5.11093;0;0;0.1;0.01;0;5.06504;1;0;-1
0;1038;23.0801;19.7975;63.7344;10.3275;4613.96;6.20978;0;0;0.1;0.01;0;7.34183;0;0;-1
0;1039;21.9269;37.8417;63.1515;8.70203;2760.26;5.2324;0;0;0.1;0.01;0;5.68797;0;0;-1
0;1040;21.5772;53.1591;60.4235;8.5;2572.44;5.11093;0;0;0.1;0.01;0;5.2954;1;0;-1
0;1041;22.1346;69.1086;61.3936;9.0674;3122.75;5.4521;0;0;0.1;0.01;0;3.39072;0;0;-1
0;1042;34.6676;-59.7342;63.5351;8.5;2572.44;5.11093;0;0;0.1;0.01;0;2.17413;1;0;-1
0;1043;36.1554;-39.3414;62.5754;9.23923;3303.66;5.55541;0;0;0.1;0.01;0;4.51253;0;0;-1
0;1044;38.1822;-22.8145;61.9025;8.81792;2872.02;5.30209;0;0;0.1;0.01;0;4.89372;0;0;-1
0;1045;35.7963;-5.06039;62.6062;8.95321;3006.25;5.38344;0;0;0.1;0.01;0;4.80273;0;0;-1
0;1046;38.2685;12.2875;61.381;9.45337;3538.74;5.68417;0;0;0.1;0.01;0;5.64943;0;0;-1
0;1047;37.9532;26.2066;60.2501;8.5;2572.44;5.11093;0;0;0.1;0.01;0;6.73327;1;0;-1
0;1048;35.5213;43.3607;63.524;9.23679;3301.05;5.55395;0;0;0.1;0.01;0;5.62915;0;0;-1
0;1049;38.6609;60.4733;63.3827;9.72555;3853.28;5.84783;0;0;0.1;0.01;0;3.94836;0;0;-1
0;1050;53.4572;-48.7318;61.745;9.52246;3616.9;5.72572;0;0;0.1;0.01;0;3.224;0;0;-1
0;1051;50.3655;-33.3918;60.8821;8.5;2572.44;5.11093;0;0;0.1;0.01;0;4.87568;1;0;-1
0;1052;51.0248;-15.2819;62.1406;9.58171;3684.83;5.76134;0;0;0.1;0.01;0;5.69749;0;0;-1
0;1053;50.0338;0.795359;62.703;8.5;2572.44;5.11093;0;0;0.1;0.01;0;4.12882;1;0;-1
0;1054;50.5524;20.695;60.9268;8.5;2572.44;5.11093;0;0;0.1;0.01;0;5.72502;1;0;-1
0;1055;50.8716;34.8013;61.8195;9.8158;3961.56;5.9021;0;0;0.1;0.01;0;6.0173;0;0;-1
0;1056;53.6943;53.0108;62.7373;10.1404;4367.71;6.09728;0;0;0.1;0.01;0;3.14086;0;0;-1
0;1057;67.0751;-40.8588;60.8961;10.4293;4751.76;6.27099;0;0;0.1;0.01;0;2.85263;0;0;-1
0;1058;64.454;-21.5177;62.1455;8.5;2572.44;5.11093;0;0;0.1;0.01;0;2.95661;1;0;-1
0;1059;64.4394;-5.4382;61.8705;8.5;2572.44;5.11093;0;0;0.1;0.01;0;4.07993;1;0;-1
0;1060;66.7718;9.19807;60.6586;9.7064;3830.57;5.83632;0;0;0.1;0.01;0;3.28608;0;0;-1
0;1061;65.1734;25.0289;60.1616;8.80062;2855.15;5.29169;0;0;0.1;0.01;0;2.81994;0;0;-1
0;1062;-54.4217;-23.7682;75.9844;9.34551;3418.99;5.61932;0;0;0.1;0.01;0;3.60355;0;0;-1
0;1063;-56.5056;-4.70112;78.7073;8.5;2572.44;5.11093;0;0;0.1;0.01;0;1.66307;1;0;-1
0;1064;-54.9451;10.681;76.2458;9.32397;3395.4;5.60637;0;0;0.1;0.01;0;3.905;0;0;-1
0;1065;-56.4423;29.7225;75.0164;10.447;4775.99;6.28163;0;0;0.1;0.01;0;3.23501;0;0;-1
0;1066;-40.0274;-48.9644;77.0296;8.5;2572.44;5.11093;0;0;0.1;0.01;0;2.24492;1;0;-1
0;1067;-42.248;-30.7965;77.7915;8.79456;2849.25;5.28804;0;0;0.1;0.01;0;4.74977;0;0;-1
0;1068;-40.3981;-15.9283;75.096;9.98709;4172.59;6.00509;0;0;0.1;0.01;0;6.54699;0;0;-1
0;1069;-40.4558;2.87049;77.9483;9.51488;3608.27;5.72116;0;0;0.1;0.01;0;5.73153;0;0;-1
0;1070;-41.632;17.7774;74.6482;8.54694;2615.29;5.13915;0;0;0.1;0.01;0;5.55022;0;0;-1
0;1071;-39.3203;33.6778;76.476;9.87209;4030.1;5.93594;0;0;0.1;0.01;0;4.14465;0;0;-1
0;1072;-24.3926;-55.1629;76.939;9.73996;3870.44;5.8565;0;0;0.1;0.01;0;3.46849;0;0;-1
0;1073;-26.2734;-40.8483;74.9512;9.02504;3079.19;5.42663;0;0;0.1;0.01;0;5.50479;0;0;-1
0;1074;-27.4689;-23.1538;76.5343;10.0637;4269.35;6.05116;0;0;0.1;0.01;0;7.01364;0;0;-1
0;1075;-27.2506;-4.52102;77.8999;9.34698;3420.6;5.6202;0;0;0.1;0.01;0;6.55051;0;0;-1
0;1076;-24.9815;12.2903;77.0421;9.04555;3100.23;5.43896;0;0;0.1;0.01;0;5.77467;0;0;-1
0;1077;-25.7868;26.5304;77.3052;9.31413;3384.66;5.60045;0;0;0.1;0.01;0;5.89829;0;0;-1
0;1078;-25.3435;43.727;77.764;9.28589;3353.97;5.58347;0;0;0.1;0.01;0;3.80803;0;0;-1
0;1079;-10.0642;-47.811;76.4023;8.80812;2862.45;5.29619;0;0;0.1;0.01;0;4.92334;0;0;-1
0;1080;-12.4512;-31.1433;76.4187;10.2266;4480.05;6.14911;0;0;0.1;0.01;0;7.47956;0;0;-1
0;1081;-12.7989;-16.1708;74.6111;9.40462;3484.27;5.65486;0;0;0.1;0.01;0;7.35126;0;0;-1
0;1082;-13.5661;0.326714;78.4972;10.2202;4471.64;6.14526;0;0;0.1;0.01;0;6.5941;0;0;-1
0;1083;-11.4802;20.5779;78.3211;8.95194;3004.97;5.38267;0;0;0.1;0.01;0;5.81032;0;0;-1
0;1084;-10.8871;36.5098;76.7742;10.0821;4292.81;6.06222;0;0;0.1;0.01;0;7.277;0;0;-1
0;1085;-11.9904;51.5976;76.314;9.93362;4105.93;5.97294;0;0;0.1;0.01;0;4.78146;0;0;-1
0;1086;3.5451;-58.845;76.6018;10.3992;4710.73;6.25289;0;0;0.1;0.01;0;3.37164;0;0;-1
0;1087;1.37988;-42.2273;78.4806;8.5;2572.44;5.11093;0;0;0.1;0.01;0;4.97849;1;0;-1
0;1088;4.76841;-23.2436;76.3334;10.0445;4244.96;6.03961;0;0;0.1;0.01;0;6.80863;0;0;-1
0;1089;1.30079;-7.59423;78.2448;9.92445;4094.57;5.96743;0;0;0.1;0.01;0;6.26952;0;0;-1
0;1090;3.27419;11.4194;77.6351;8.90179;2954.75;5.35252;0;0;0.1;0.01;0;4.54004;0;0;-1
0;1091;1.50581;27.3618;77.7806;9.65841;3774.03;5.80746;0;0;0.1;0.01;0;7.2387;0;0;-1
0;1092;2.5394;42.4943;76.4683;10.3015;4579.2;6.19414;0;0;0.1;0.01;0;6.3364;0;0;-1
0;1093;4.04681;61.3717;76.5725;9.70352;3827.16;5.83459;0;0;0.1;0.01;0;3.291;0;0;-1
0;1094;16.4703;-49.5978;74.9918;8.82222;2876.22;5.30467;0;0;0.1;0.01;0;3.5167;0;0;-1
0;1095;17.4651;-30.7347;77.8454;9.94785;4123.6;5.9815;0;0;0.1;0.01;0;6.04466;0;0;-1
0;1096;18.4962;-13.1215;74.6063;9.11763;3174.93;5.4823;0;0;0.1;0.01;0;6.14198;0;0;-1
0;1097;16.7202;3.3422;76.3054;8.78297;2838;5.28107;0;0;0.1;0.01;0;5.25204;0;0;-1
0;1098;18.4135;20.126;76.7552;8.5;2572.44;5.11093;0;0;0.1;0.01;0;5.81071;1;0;-1
0;1099;18.6043;33.9817;76.0106;10.0972;4312.13;6.0713;0;0;0.1;0.01;0;7.30783;0;0;-1
0;1100;18.565;54.428;76.1478;9.59276;3697.6;5.76799;0;0;0.1;0.01;0;3.60147;0;0;-1
0;1101;32.5503;-40.2011;76.4284;10.1849;4425.47;6.12403;0;0;0.1;0.01;0;3.81276;0;0;-1
0;1102;31.2465;-22.9447;78.5524;10.1291;4353.13;6.09048;0;0;0.1;0.01;0;5.58387;0;0;-1
0;1103;31.1807;-5.98777;77.3461;8.5572;2624.72;5.14532;0;0;0.1;0.01;0;5.20178;0;0;-1
0;1104;32.3749;11.7426;76.1681;9.07028;3125.72;5.45383;0;0;0.1;0.01;0;4.46354;0;0;-1
0;1105;34.516;28.4114;76.646;10.3011;4578.67;6.1939;0;0;0.1;0.01;0;5.87789;0;0;-1
0;1106;30.955;46.4972;78.1581;10.3268;4613.03;6.20935;0;0;0.1;0.01;0;4.17087;0;0;-1
0;1107;49.0862;-30.3945;78.6648;9.26179;3327.92;5.56898;0;0;0.1;0.01;0;1.69099;0;0;-1
0;1108;45.4509;-13.8818;75.3099;8.5304;2600.14;5.12921;0;0;0.1;0.01;0;4.76353;0;0;-1
0;1109;47.4421;0.399486;77.9825;8.55106;2619.08;5.14163;0;0;0.1;0.01;0;3.45607;0;0;-1
0;1110;48.3201;20.0345;74.9185;9.58572;3689.46;5.76375;0;0;0.1;0.01;0;3.87019;0;0;-1
0;1111;49.0083;36.237;77.4621;8.5;2572.44;5.11093;0;0;0.1;0.01;0;2.34307;1;0;-1
0;1112;60.4385;-6.10958;78.4463;8.5;2572.44;5.11093;0;0;0.1;0.01;0;1.5957;1;0;-1
0;1113;-36.2706;-15.7304;89.6391;9.8315;3980.59;5.91154;0;0;0.1;0.01;0;4.24737;0;0;-1
0;1114;-36.4115;1.56916;91.2424;8.5;2572.44;5.11093;0;0;0.1;0.01;0;3.92278;1;0;-1
0;1115;-38.4475;16.952;89.8854;10.0141;4206.53;6.02133;0;0;0.1;0.01;0;3.77158;0;0;-1
0;1116;-21.1008;-24.4721;90.0471;10.4526;4783.67;6.285;0;0;0.1;0.01;0;4.94926;0;0;-1
0;1117;-23.416;-6.36367;93.0697;10.0382;4236.98;6.03582;0;0;0.1;0.01;0;4.54255;0;0;-1
0;1118;-22.743;11.6882;89.765;8.5;2572.44;5.11093;0;0;0.1;0.01;0;4.56384;1;0;-1
0;1119;-21.6263;27.6351;93.3703;10.1704;4406.59;6.11531;0;0;0.1;0.01;0;3.63978;0;0;-1
0;1120;-7.47731;-31.4726;90.79;9.99572;4183.41;6.01028;0;0;0.1;0.01;0;4.74715;0;0;-1
0;1121;-8.53367;-14.0116;89.444;9.49792;3589.01;5.71096;0;0;0.1;0.01;0;6.43336;0;0;-1
0;1122;-6.51286;1.1828;92.6619;9.92513;4095.41;5.96784;0;0;0.1;0.01;0;5.31121;0;0;-1
0;1123;-5.80878;19.1313;93.3262;10.3778;4681.71;6.24002;0;0;0.1;0.01;0;5.37577;0;0;-1
0;1124;-7.60877;35.039;92.3583;8.5;2572.44;5.11093;0;0;0.1;0.01;0;3.71035;1;0;-1
0;1125;5.41605;-38.572;92.1451;8.64182;2703.36;5.1962;0;0;0.1;0.01;0;2.77193;0;0;-1
0;1126;6.63574;-23.3668;92.1227;9.97299;4154.94;5.99661;0;0;0.1;0.01;0;4.85913;0;0;-1
0;1127;7.32735;-5.0423;91.6059;9.76217;3896.98;5.86985;0;0;0.1;0.01;0;4.37092;0;0;-1
0;1128;6.66755;10.8064;91.2127;9.29955;3368.79;5.59168;0;0;0.1;0.01;0;4.12317;0;0;-1
0;1129;6.09587;28.7487;90.0574;9.47028;3557.76;5.69434;0;0;0.1;0.01;0;5.33428;0;0;-1
0;1130;23.7568;-31.9694;89.8601;8.5;2572.44;5.11093;0;0;0.1;0.01;0;2.94834;1;0;-1
0;1131;20.7075;-13.4737;89.3513;8.96289;3016.01;5.38926;0;0;0.1;0.01;0;4.82389;0;0;-1
0;1132;22.7961;0.115295;90.1635;8.56343;2630.46;5.14907;0;0;0.1;0.01;0;3.4681;0;0;-1
0;1133;20.0083;20.8207;90.9626;8.88242;2935.5;5.34087;0;0;0.1;0.01;0;3.25175;0;0;-1
0;1134;20.8919;36.7159;90.3432;8.61361;2676.97;5.17924;0;0;0.1;0.01;0;2.71996;0;0;-1
0;1135;37.3261;-7.80813;89.7297;9.767;3902.76;5.87276;0;0;0.1;0.01;0;3.63771;0;0;-1
0;1136;35.4284;9.72607;91.1651;8.5238;2594.11;5.12524;0;0;0.1;0.01;0;1.96315;0;0;-1
