Time;ID;x;y;z;radius;volume_total;radius_nuclear;contact_ECM;freezer;polarized_fraction;motility;cell_line;Cell_cell;phase;Cycle;NFkB
0;0;-51.3183;-4.61117;-83.4201;8.5;2572.44;5.11093;0;0;0.1;0.01;0;2.64626;1;0;-1
0;1;-37.4344;-33.3453;-84.6838;9.8791;4038.69;5.94016;0;0;0.1;0.01;0;2.67596;0;0;-1
0;2;-37.6577;-13.8267;-86.4869;8.5;2572.44;5.11093;0;0;0.1;0.01;0;2.65116;1;0;-1
0;3;-38.5088;0.470568;-85.5979;8.93259;2985.53;5.37104;0;0;0.1;0.01;0;2.49478;0;0;-1
0;4;-35.4876;20.6061;-84.3375;10.0373;4235.84;6.03528;0;0;0.1;0.01;0;3.05448;0;0;-1
0;5;-21.8035;-40.6286;-87.2606;9.31441;3384.97;5.60062;0;0;0.1;0.01;0;2.80774;0;0;-1
0;6;-20.5471;-22.4038;-85.9326;8.72424;2781.45;5.24576;0;0;0.1;0.01;0;4.23961;0;0;-1
0;7;-21.0305;-8.42144;-84.5168;8.68751;2746.47;5.22367;0;0;0.1;0.01;0;4.10613;0;0;-1
0;8;-20.3037;10.7196;-85.9743;8.9461;2999.09;5.37916;0;0;0.1;0.01;0;3.39489;0;0;-1
0;9;-22.2966;28.7613;-84.0036;9.1147;3171.87;5.48054;0;0;0.1;0.01;0;3.81396;0;0;-1
0;10;-8.84582;-49.336;-83.4175;10.3831;4688.89;6.24321;0;0;0.1;0.01;0;3.60893;0;0;-1
0;11;-7.09669;-30.7525;-87.1651;9.25676;3322.5;5.56596;0;0;0.1;0.01;0;4.75173;0;0;-1
0;12;-6.808;-16.6194;-86.2579;8.92614;2979.06;5.36716;0;0;0.1;0.01;0;5.07481;0;0;-1
0;13;-6.59074;0.140671;-85.5164;10.1914;4433.94;6.12794;0;0;0.1;0.01;0;5.01978;0;0;-1
0;14;-7.56694;20.0321;-83.7571;10.1998;4444.92;6.13299;0;0;0.1;0.01;0;5.00763;0;0;-1
0;15;-7.67517;38.2923;-83.9305;9.71243;3837.71;5.83994;0;0;0.1;0.01;0;3.32173;0;0;-1
0;16;7.44265;-40.8713;-85.9494;10.0896;4302.4;6.06673;0;0;0.1;0.01;0;4.8481;0;0;-1
0;17;6.40526;-24.2349;-83.4861;10.0954;4309.82;6.07022;0;0;0.1;0.01;0;6.03718;0;0;-1
0;18;8.72411;-6.01675;-85.8369;8.76963;2825.09;5.27305;0;0;0.1;0.01;0;3.89291;0;0;-1
0;19;6.47989;10.931;-86.7595;8.73724;2793.9;5.25358;0;0;0.1;0.01;0;2.66646;0;0;-1
0;20;7.75724;27.7553;-87.3921;8.84193;2895.54;5.31652;0;0;0.1;0.01;0;3.18309;0;0;-1
0;21;8.87885;45.3828;-83.5781;10.2972;4573.47;6.19156;0;0;0.1;0.01;0;3.80174;0;0;-1
0;22;20.2407;-49.1533;-84.4999;9.44966;3534.57;5.68194;0;0;0.1;0.01;0;3.23378;0;0;-1
0;23;23.3373;-34.0362;-86.6646;10.0918;4305.21;6.06805;0;0;0.1;0.01;0;5.12406;0;0;-1
0;24;20.6078;-15.7239;-84.9707;8.5;2572.44;5.11093;0;0;0.1;0.01;0;3.28117;1;0;-1
0;25;22.4816;3.45076;-86.8685;8.58914;2654.22;5.16453;0;0;0.1;0.01;0;3.59042;0;0;-1
0;26;23.6355;20.3902;-84.48;8.88816;2941.2;5.34432;0;0;0.1;0.01;0;4.47923;0;0;-1
0;27;23.5456;37.7398;-84.8646;9.8457;3997.87;5.92008;0;0;0.1;0.01;0;3.69418;0;0;-1
0;28;36.3553;-40.194;-83.6485;9.99562;4183.29;6.01022;0;0;0.1;0.01;0;3.76969;0;0;-1
0;29;35.4648;-25.5452;-86.1253;8.5;2572.44;5.11093;0;0;0.1;0.01;0;3.01656;1;0;-1
0;30;37.2082;-5.59651;-85.2995;10.2046;4451.19;6.13588;0;0;0.1;0.01;0;2.52942;0;0;-1
0;31;36.561;10.8596;-83.9709;10.2277;4481.49;6.14977;0;0;0.1;0.01;0;3.93903;0;0;-1
0;32;37.5879;26.9781;-83.9282;10.0868;4298.82;6.06505;0;0;0.1;0.01;0;4.35845;0;0;-1
0;33;-70.5258;-14.7604;-69.3718;9.3986;3477.59;5.65124;0;0;0.1;0.01;0;2.28153;0;0;-1
0;34;-57.8115;-39.4464;-71.3439;9.97762;4160.73;5.9994;0;0;0.1;0.01;0;3.10573;0;0;-1
0;35;-56.6687;-25.1889;-72.4918;9.30194;3371.39;5.59312;0;0;0.1;0.01;0;3.99623;0;0;-1
0;36;-54.7618;-8.89716;-70.8521;8.5;2572.44;5.11093;0;0;0.1;0.01;0;4.50515;1;0;-1
0;37;-56.2935;9.85563;-69.7964;10.3383;4628.45;6.21627;0;0;0.1;0.01;0;3.50713;0;0;-1
0;38;-57.7854;28.4747;-71.5041;8.5;2572.44;5.11093;0;0;0.1;0.01;0;2.15748;1;0;-1
0;39;-54.6569;46.9028;-68.5766;9.52835;3623.61;5.72926;0;0;0.1;0.01;0;3.24127;0;0;-1
0;40;-41.5497;-51.3123;-72.6783;9.08313;3139.03;5.46155;0;0;0.1;0.01;0;2.11052;0;0;-1
0;41;-41.3982;-30.4522;-70.982;9.44447;3528.75;5.67882;0;0;0.1;0.01;0;5.7383;0;0;-1
0;42;-42.2313;-16.6238;-69.668;10.4347;4759.14;6.27423;0;0;0.1;0.01;0;6.85659;0;0;-1
0;43;-39.412;1.72775;-69.0949;8.5;2572.44;5.11093;0;0;0.1;0.01;0;4.2221;1;0;-1
0;44;-42.3629;16.7611;-69.0643;8.5;2572.44;5.11093;0;0;0.1;0.01;0;5.51214;1;0;-1
0;45;-42.4223;34.2506;-69.861;9.48534;3574.76;5.7034;0;0;0.1;0.01;0;5.21316;0;0;-1
0;46;-41.2178;53.4679;-69.4178;8.5;2572.44;5.11093;0;0;0.1;0.01;0;3.80326;1;0;-1
0;47;-26.5806;-57.1964;-70.3588;8.69547;2754.02;5.22846;0;0;0.1;0.01;0;4.02487;0;0;-1
0;48;-28.5605;-42.5897;-68.4955;10.4235;4743.83;6.2675;0;0;0.1;0.01;0;6.38777;0;0;-1
0;49;-26.2546;-24.7438;-70.6815;8.78999;2844.81;5.28529;0;0;0.1;0.01;0;5.81277;0;0;-1
0;50;-24.729;-8.81165;-71.8652;8.5;2572.44;5.11093;0;0;0.1;0.01;0;4.4731;1;0;-1
0;51;-26.8798;11.1064;-69.6493;9.33999;3412.93;5.616;0;0;0.1;0.01;0;5.35063;0;0;-1
0;52;-26.0042;26.9278;-69.238;10.0291;4225.46;6.03035;0;0;0.1;0.01;0;6.56928;0;0;-1
0;53;-27.6121;43.736;-70.667;9.33376;3406.11;5.61225;0;0;0.1;0.01;0;4.60098;0;0;-1
0;54;-27.1657;62.196;-69.8052;9.79464;3935.99;5.88937;0;0;0.1;0.01;0;3.74055;0;0;-1
0;55;-13.5678;-63.8518;-69.0195;9.87774;4037.02;5.93934;0;0;0.1;0.01;0;4.04054;0;0;-1
0;56;-13.8235;-48.1365;-68.344;8.5;2572.44;5.11093;0;0;0.1;0.01;0;5.72141;1;0;-1
0;57;-11.3449;-31.1857;-72.609;8.91585;2968.77;5.36097;0;0;0.1;0.01;0;5.09785;0;0;-1
0;58;-12.6977;-15.0513;-70.9686;9.29638;3365.35;5.58978;0;0;0.1;0.01;0;6.58746;0;0;-1
0;59;-9.94934;1.96531;-71.7782;9.45092;3535.99;5.6827;0;0;0.1;0.01;0;5.80881;0;0;-1
0;60;-11.6472;16.5889;-70.1507;8.82064;2874.68;5.30372;0;0;0.1;0.01;0;5.34669;0;0;-1
0;61;-11.8872;36.6265;-70.933;9.09843;3154.92;5.47075;0;0;0.1;0.01;0;4.65187;0;0;-1
0;62;-10.7521;55.0825;-70.3621;9.75011;3882.55;5.8626;0;0;0.1;0.01;0;3.31224;0;0;-1
0;63;2.17928;-56.2428;-69.0637;9.01971;3073.73;5.42342;0;0;0.1;0.01;0;4.73915;0;0;-1
0;64;3.94234;-40.1477;-72.0503;8.76763;2823.16;5.27185;0;0;0.1;0.01;0;5.20043;0;0;-1
0;65;2.71856;-22.8966;-68.5031;10.2393;4496.76;6.15674;0;0;0.1;0.01;0;7.06971;0;0;-1
0;66;4.34197;-7.97641;-72.0147;9.90275;4067.77;5.95438;0;0;0.1;0.01;0;6.59498;0;0;-1
0;67;2.35307;10.1695;-69.2127;8.5;2572.44;5.11093;0;0;0.1;0.01;0;4.96766;1;0;-1
0;68;4.40305;26.7935;-69.6914;8.5;2572.44;5.11093;0;0;0.1;0.01;0;4.4915;1;0;-1
0;69;4.43735;45.7986;-70.547;9.40266;3482.1;5.65368;0;0;0.1;0.01;0;6.07076;0;0;-1
0;70;3.50679;63.7157;-70.149;9.87208;4030.09;5.93594;0;0;0.1;0.01;0;3.45327;0;0;-1
0;71;16.3317;-66.2704;-69.901;9.33398;3406.35;5.61239;0;0;0.1;0.01;0;2.89096;0;0;-1
0;72;15.966;-47.17;-70.9255;8.71329;2770.99;5.23917;0;0;0.1;0.01;0;4.75313;0;0;-1
0;73;19.2599;-30.2074;-70.8767;10.2304;4485.04;6.15139;0;0;0.1;0.01;0;6.88924;0;0;-1
0;74;16.4066;-14.0951;-69.2281;8.5;2572.44;5.11093;0;0;0.1;0.01;0;6.69778;1;0;-1
0;75;16.9961;1.22106;-71.3263;9.24351;3308.26;5.55799;0;0;0.1;0.01;0;5.44152;0;0;-1
0;76;16.0038;18.2063;-69.2101;8.72477;2781.96;5.24608;0;0;0.1;0.01;0;4.98855;0;0;-1
0;77;17.3106;35.4404;-70.6358;9.03495;3089.34;5.43258;0;0;0.1;0.01;0;5.48941;0;0;-1
0;78;19.4583;55.075;-70.2803;10.194;4437.34;6.1295;0;0;0.1;0.01;0;4.06564;0;0;-1
0;79;31.0832;-57.7946;-69.4676;8.5;2572.44;5.11093;0;0;0.1;0.01;0;3.36001;1;0;-1
0;80;31.7642;-38.5303;-68.4326;9.87873;4038.24;5.93994;0;0;0.1;0.01;0;6.27431;0;0;-1
0;81;32.0172;-21.8287;-69.651;8.5;2572.44;5.11093;0;0;0.1;0.01;0;4.93319;1;0;-1
0;82;33.3337;-6.34254;-68.808;9.53103;3626.67;5.73087;0;0;0.1;0.01;0;5.57005;0;0;-1
0;83;30.5719;12.44;-71.3003;9.73152;3860.39;5.85142;0;0;0.1;0.01;0;6.45279;0;0;-1
0;84;33.6215;28.6041;-68.5215;10.0382;4236.98;6.03582;0;0;0.1;0.01;0;6.8882;0;0;-1
0;85;34.0089;43.7472;-71.9736;8.5;2572.44;5.11093;0;0;0.1;0.01;0;4.23522;1;0;-1
0;86;46.3642;-51.2909;-68.9132;9.61922;3728.28;5.7839;0;0;0.1;0.01;0;2.7594;0;0;-1
0;87;45.9788;-30.4838;-71.949;9.01313;3067.01;5.41946;0;0;0.1;0.01;0;4.33399;0;0;-1
0;88;47.5552;-13.4232;-71.998;9.9526;4129.51;5.98435;0;0;0.1;0.01;0;4.8662;0;0;-1
0;89;45.3336;1.65193;-69.0584;8.5;2572.44;5.11093;0;0;0.1;0.01;0;5.76211;1;0;-1
0;90;47.3075;17.1261;-68.9572;10.3912;4699.87;6.24808;0;0;0.1;0.01;0;6.38315;0;0;-1
0;91;48.9706;36.88;-71.9508;10.2103;4458.66;6.13931;0;0;0.1;0.01;0;3.53462;0;0;-1
0;92;46.7009;54.1075;-69.0005;8.5;2572.44;5.11093;0;0;0.1;0.01;0;2.5395;1;0;-1
0;93;60.0254;-25.6681;-72.0486;10.0688;4275.84;6.05422;0;0;0.1;0.01;0;2.75247;0;0;-1
0;94;62.5654;-5.60682;-71.9239;8.73835;2794.97;5.25424;0;0;0.1;0.01;0;2.33461;0;0;-1
0;95;61.33;9.8729;-68.8414;9.81409;3959.49;5.90107;0;0;0.1;0.01;0;3.63551;0;0;-1
0;96;-80.3937;-8.31345;-55.4109;9.69228;3813.88;5.82783;0;0;0.1;0.01;0;2.96273;0;0;-1
0;97;-80.1269;12.4591;-54.3398;8.7296;2786.58;5.24898;0;0;0.1;0.01;0;2.6119;0;0;-1
0;98;-65.7599;-48.4196;-54.2734;10.1245;4347.2;6.08771;0;0;0.1;0.01;0;4.68099;0;0;-1
0;99;-67.705;-33.8782;-55.4087;8.95215;3005.18;5.3828;0;0;0.1;0.01;0;3.30471;0;0;-1
0;100;-65.5542;-12.6495;-56.3796;8.50736;2579.13;5.11535;0;0;0.1;0.01;0;4.00137;0;0;-1
0;101;-64.5985;1.73505;-53.968;9.72048;3847.26;5.84478;0;0;0.1;0.01;0;5.334;0;0;-1
0;102;-68.0131;19.6447;-57.7805;8.68328;2742.46;5.22113;0;0;0.1;0.01;0;3.53495;0;0;-1
0;103;-66.4427;35.4406;-55.5529;8.5;2572.44;5.11093;0;0;0.1;0.01;0;3.49311;1;0;-1
0;104;-52.2512;-59.3495;-54.8728;9.7421;3872.99;5.85778;0;0;0.1;0.01;0;4.05898;0;0;-1
0;105;-52.9164;-42.369;-57.5554;8.54632;2614.73;5.13878;0;0;0.1;0.01;0;4.59234;0;0;-1
0;106;-51.3193;-24.698;-57.8013;8.5;2572.44;5.11093;0;0;0.1;0.01;0;4.57012;1;0;-1
0;107;-49.8613;-4.79225;-57.1188;9.83619;3986.29;5.91436;0;0;0.1;0.01;0;6.4228;0;0;-1
0;108;-51.7477;12.0427;-54.3844;9.7551;3888.52;5.8656;0;0;0.1;0.01;0;7.06006;0;0;-1
0;109;-51.035;27.8579;-57.8103;10.3779;4681.85;6.24008;0;0;0.1;0.01;0;6.92845;0;0;-1
0;110;-52.1411;44.8075;-54.0129;9.75705;3890.85;5.86677;0;0;0.1;0.01;0;6.19957;0;0;-1
0;111;-50.5785;59.7301;-54.4358;10.0947;4308.92;6.0698;0;0;0.1;0.01;0;5.15102;0;0;-1
0;112;-38.6636;-66.5833;-56.3465;9.78686;3926.62;5.8847;0;0;0.1;0.01;0;4.10107;0;0;-1
0;113;-38.371;-51.0462;-54.5684;9.22818;3291.83;5.54877;0;0;0.1;0.01;0;5.19102;0;0;-1
0;114;-36.5549;-31.2252;-56.2435;9.62245;3732.03;5.78584;0;0;0.1;0.01;0;6.18191;0;0;-1
0;115;-36.5253;-14.8578;-55.7918;10.2702;4537.59;6.17532;0;0;0.1;0.01;0;6.81722;0;0;-1
0;116;-37.7488;2.43716;-54.3738;8.98033;3033.65;5.39974;0;0;0.1;0.01;0;5.52443;0;0;-1
0;117;-36.0771;20.9972;-57.0197;10.2728;4541.04;6.17689;0;0;0.1;0.01;0;7.54075;0;0;-1
0;118;-35.2;36.6513;-55.0682;8.75833;2814.18;5.26626;0;0;0.1;0.01;0;6.6546;0;0;-1
0;119;-36.9974;51.2803;-56.5106;10.0445;4244.96;6.03961;0;0;0.1;0.01;0;6.94615;0;0;-1
0;120;-35.9253;70.3126;-57.9322;10.4064;4720.52;6.25722;0;0;0.1;0.01;0;4.27315;0;0;-1
0;121;-23.9308;-76.0258;-57.3305;9.56038;3660.28;5.74852;0;0;0.1;0.01;0;3.14332;0;0;-1
0;122;-21.8329;-56.2134;-56.4073;9.42137;3502.92;5.66493;0;0;0.1;0.01;0;6.50998;0;0;-1
0;123;-21.0916;-40.4607;-54.849;10.0066;4197.09;6.01682;0;0;0.1;0.01;0;6.98201;0;0;-1
0;124;-23.6236;-22.5394;-56.7443;9.91108;4078.04;5.95939;0;0;0.1;0.01;0;6.87605;0;0;-1
0;125;-21.5812;-7.15099;-56.3458;8.98657;3039.98;5.40349;0;0;0.1;0.01;0;5.63062;0;0;-1
0;126;-22.411;9.00153;-55.9867;9.44496;3529.3;5.67912;0;0;0.1;0.01;0;4.80064;0;0;-1
0;127;-21.4028;25.5955;-55.5862;8.61865;2681.68;5.18227;0;0;0.1;0.01;0;5.26524;0;0;-1
0;128;-21.783;42.3074;-56.696;8.5;2572.44;5.11093;0;0;0.1;0.01;0;5.12154;1;0;-1
0;129;-22.1162;63.2046;-54.4586;10.3642;4663.33;6.23184;0;0;0.1;0.01;0;7.13743;0;0;-1
0;130;-22.0239;77.9771;-57.0195;9.14647;3205.16;5.49964;0;0;0.1;0.01;0;3.52556;0;0;-1
0;131;-9.28383;-80.7848;-56.0026;8.5;2572.44;5.11093;0;0;0.1;0.01;0;2.47194;1;0;-1
0;132;-5.77067;-65.672;-55.7502;9.0412;3095.76;5.43634;0;0;0.1;0.01;0;4.74572;0;0;-1
0;133;-6.23497;-47.115;-55.122;9.62786;3738.33;5.78909;0;0;0.1;0.01;0;5.88191;0;0;-1
0;134;-8.77197;-29.9213;-54.6166;9.80216;3945.06;5.8939;0;0;0.1;0.01;0;5.57564;0;0;-1
0;135;-8.94605;-14.1438;-55.4226;8.61231;2675.76;5.17846;0;0;0.1;0.01;0;5.84108;0;0;-1
0;136;-7.0676;0.368764;-56.7247;8.5;2572.44;5.11093;0;0;0.1;0.01;0;5.33902;1;0;-1
0;137;-5.92191;20.9916;-55.1512;10.3787;4682.93;6.24056;0;0;0.1;0.01;0;6.33293;0;0;-1
0;138;-8.23944;36.9514;-55.493;10.3709;4672.38;6.23587;0;0;0.1;0.01;0;6.41009;0;0;-1
0;139;-5.83127;54.9384;-55.1063;10.4463;4775.03;6.28121;0;0;0.1;0.01;0;6.18327;0;0;-1
0;140;-8.7196;70.3296;-55.1366;8.9171;2970.02;5.36172;0;0;0.1;0.01;0;3.30087;0;0;-1
0;141;8.98553;-74.3226;-56.8981;8.95921;3012.3;5.38704;0;0;0.1;0.01;0;3.46787;0;0;-1
0;142;6.86248;-58.0815;-56.2132;9.9375;4110.74;5.97527;0;0;0.1;0.01;0;6.126;0;0;-1
0;143;7.34045;-41.7038;-54.9321;8.5;2572.44;5.11093;0;0;0.1;0.01;0;4.38041;1;0;-1
0;144;9.40299;-22.7158;-56.5997;9.348;3421.72;5.62082;0;0;0.1;0.01;0;6.49491;0;0;-1
0;145;6.03058;-8.01733;-56.8607;9.37777;3454.52;5.63872;0;0;0.1;0.01;0;6.47291;0;0;-1
0;146;5.61264;9.72342;-55.2411;8.95394;3006.98;5.38387;0;0;0.1;0.01;0;4.2797;0;0;-1
0;147;8.44317;27.7507;-53.9541;10.1128;4332.14;6.08068;0;0;0.1;0.01;0;6.676;0;0;-1
0;148;8.53553;44.9775;-55.976;10.2821;4553.38;6.18248;0;0;0.1;0.01;0;7.63875;0;0;-1
0;149;8.83943;59.8443;-57.7154;8.76315;2818.83;5.26915;0;0;0.1;0.01;0;5.80913;0;0;-1
0;150;8.5722;79.8442;-54.3408;9.33081;3402.88;5.61048;0;0;0.1;0.01;0;2.8071;0;0;-1
0;151;22.278;-64.2582;-56.657;9.79249;3933.4;5.88808;0;0;0.1;0.01;0;4.96849;0;0;-1
0;152;24.1773;-49.9857;-53.7184;8.97699;3030.27;5.39773;0;0;0.1;0.01;0;5.40052;0;0;-1
0;153;20.2927;-32.6165;-55.2857;9.10775;3164.62;5.47636;0;0;0.1;0.01;0;5.15306;0;0;-1
0;154;20.5219;-12.7115;-57.3676;9.31056;3380.77;5.5983;0;0;0.1;0.01;0;6.00866;0;0;-1
0;155;23.6302;1.42058;-56.4423;9.29185;3360.43;5.58705;0;0;0.1;0.01;0;5.67972;0;0;-1
0;156;23.7519;20.6592;-55.7403;10.1452;4373.92;6.10016;0;0;0.1;0.01;0;6.42744;0;0;-1
0;157;22.6884;38.2417;-56.2093;10.0929;4306.62;6.06871;0;0;0.1;0.01;0;7.04194;0;0;-1
0;158;22.9275;54.3751;-53.9823;10.4336;4757.64;6.27357;0;0;0.1;0.01;0;7.09805;0;0;-1
0;159;22.0566;70.5673;-57.6924;9.08793;3144.01;5.46444;0;0;0.1;0.01;0;2.4697;0;0;-1
0;160;38.5694;-56.0268;-56.4242;9.06067;3115.8;5.44805;0;0;0.1;0.01;0;4.55435;0;0;-1
0;161;34.9348;-38.3604;-54.7213;8.60039;2664.67;5.17129;0;0;0.1;0.01;0;5.32379;0;0;-1
0;162;38.5272;-25.0988;-56.4551;9.04343;3098.05;5.43768;0;0;0.1;0.01;0;5.60462;0;0;-1
0;163;37.2054;-5.6929;-54.8315;8.57831;2644.2;5.15801;0;0;0.1;0.01;0;5.96636;0;0;-1
0;164;38.4615;8.33373;-55.4117;9.23354;3297.56;5.55199;0;0;0.1;0.01;0;6.96392;0;0;-1
0;165;38.8665;25.4366;-54.6047;9.85015;4003.29;5.92275;0;0;0.1;0.01;0;6.32651;0;0;-1
0;166;36.7829;46.15;-56.6534;9.17439;3234.6;5.51643;0;0;0.1;0.01;0;5.85559;0;0;-1
0;167;36.3672;60.7297;-54.1124;8.5;2572.44;5.11093;0;0;0.1;0.01;0;4.54254;1;0;-1
0;168;52.8851;-50.9604;-56.0595;8.97539;3028.65;5.39677;0;0;0.1;0.01;0;3.28758;0;0;-1
0;169;52.0663;-31.0893;-54.1358;9.95776;4135.93;5.98746;0;0;0.1;0.01;0;5.73162;0;0;-1
0;170;52.9058;-15.0646;-54.3831;8.5;2572.44;5.11093;0;0;0.1;0.01;0;5.22944;1;0;-1
0;171;52.2498;0.039106;-54.387;9.99184;4178.54;6.00795;0;0;0.1;0.01;0;7.51552;0;0;-1
0;172;51.1945;18.0883;-56.0421;9.0008;3054.44;5.41205;0;0;0.1;0.01;0;6.79153;0;0;-1
0;173;52.9431;34.0728;-55.7694;9.24176;3306.38;5.55694;0;0;0.1;0.01;0;5.31127;0;0;-1
0;174;52.6967;55.2636;-56.5067;10.1122;4331.37;6.08032;0;0;0.1;0.01;0;4.26913;0;0;-1
0;175;64.6167;-40.8749;-56.6754;9.03274;3087.07;5.43126;0;0;0.1;0.01;0;2.99433;0;0;-1
0;176;67.2859;-25.0861;-56.1095;9.38578;3463.38;5.64353;0;0;0.1;0.01;0;4.42004;0;0;-1
0;177;67.7705;-4.49713;-55.1299;8.5;2572.44;5.11093;0;0;0.1;0.01;0;5.13873;1;0;-1
0;178;65.8297;11.996;-53.8119;9.54477;3642.38;5.73913;0;0;0.1;0.01;0;5.87402;0;0;-1
0;179;66.0097;26.6413;-55.2761;8.5;2572.44;5.11093;0;0;0.1;0.01;0;3.89104;1;0;-1
0;180;64.7674;46.0627;-54.3229;9.81335;3958.59;5.90062;0;0;0.1;0.01;0;3.3963;0;0;-1
0;181;79.7166;-16.8522;-56.7554;10.1836;4423.77;6.12325;0;0;0.1;0.01;0;2.8281;0;0;-1
0;182;82.2216;1.11836;-54.4719;8.92226;2975.18;5.36483;0;0;0.1;0.01;0;2.82643;0;0;-1
0;183;-87.514;-21.6621;-40.6301;9.37018;3446.14;5.63415;0;0;0.1;0.01;0;3.1453;0;0;-1
0;184;-84.1174;-8.17123;-40.1264;10.0307;4227.49;6.03131;0;0;0.1;0.01;0;5.21791;0;0;-1
0;185;-86.3094;12.3531;-39.6286;9.63572;3747.5;5.79382;0;0;0.1;0.01;0;4.43985;0;0;-1
0;186;-86.6556;29.3399;-39.2313;9.84885;4001.71;5.92197;0;0;0.1;0.01;0;3.00425;0;0;-1
0;187;-70.1805;-48.0411;-39.6435;8.5;2572.44;5.11093;0;0;0.1;0.01;0;4.05718;1;0;-1
0;188;-72.1221;-33.9502;-41.5606;10.2288;4482.94;6.15043;0;0;0.1;0.01;0;5.02672;0;0;-1
0;189;-71.5902;-14.5692;-41.633;8.5;2572.44;5.11093;0;0;0.1;0.01;0;5.38539;1;0;-1
0;190;-72.6801;3.61637;-40.9284;10.2704;4537.86;6.17544;0;0;0.1;0.01;0;7.3857;0;0;-1
0;191;-70.509;19.0738;-42.0681;9.73679;3866.66;5.85459;0;0;0.1;0.01;0;6.24067;0;0;-1
0;192;-69.9855;37.0797;-42.9179;9.92192;4091.44;5.96591;0;0;0.1;0.01;0;5.68347;0;0;-1
0;193;-72.658;51.3932;-41.1016;9.59208;3696.81;5.76758;0;0;0.1;0.01;0;3.09364;0;0;-1
0;194;-56.9511;-59.2022;-39.9317;10.3288;4615.71;6.21056;0;0;0.1;0.01;0;5.24924;0;0;-1
0;195;-56.7247;-39.4567;-41.876;9.50868;3601.22;5.71743;0;0;0.1;0.01;0;6.64085;0;0;-1
0;196;-54.1624;-24.6451;-40.9065;9.31218;3382.54;5.59928;0;0;0.1;0.01;0;5.42102;0;0;-1
0;197;-57.4627;-7.32735;-42.0152;10.0834;4294.47;6.063;0;0;0.1;0.01;0;6.99096;0;0;-1
0;198;-55.063;9.53761;-39.849;10.2811;4552.05;6.18188;0;0;0.1;0.01;0;6.71448;0;0;-1
0;199;-55.5428;25.8751;-41.5502;9.89022;4052.35;5.94685;0;0;0.1;0.01;0;6.11613;0;0;-1
0;200;-56.9751;42.6513;-40.1074;9.6706;3788.34;5.81479;0;0;0.1;0.01;0;6.52738;0;0;-1
0;201;-54.2561;60.4474;-39.5921;9.62047;3729.73;5.78465;0;0;0.1;0.01;0;5.24104;0;0;-1
0;202;-40.5194;-80.6233;-40.985;8.5;2572.44;5.11093;0;0;0.1;0.01;0;2.97013;1;0;-1
0;203;-41.6797;-65.8992;-39.2289;9.46189;3548.32;5.6893;0;0;0.1;0.01;0;6.38181;0;0;-1
0;204;-43.0509;-47.5187;-41.721;8.5;2572.44;5.11093;0;0;0.1;0.01;0;4.90017;1;0;-1
0;205;-42.5695;-31.6923;-42.2018;8.64528;2706.61;5.19828;0;0;0.1;0.01;0;5.0961;0;0;-1
0;206;-40.2495;-13.4516;-40.6559;9.60474;3711.47;5.77519;0;0;0.1;0.01;0;6.10345;0;0;-1
0;207;-42.0087;1.95449;-39.995;9.25091;3316.21;5.56244;0;0;0.1;0.01;0;6.47473;0;0;-1
0;208;-41.783;19.6634;-42.4143;8.59492;2659.59;5.168;0;0;0.1;0.01;0;5.91373;0;0;-1
0;209;-41.4551;34.4558;-41.411;8.78789;2842.77;5.28403;0;0;0.1;0.01;0;5.64305;0;0;-1
0;210;-40.2727;53.615;-41.2219;9.53739;3633.94;5.73469;0;0;0.1;0.01;0;7.07266;0;0;-1
0;211;-40.8054;68.4798;-42.1401;10.3601;4657.8;6.22938;0;0;0.1;0.01;0;6.0808;0;0;-1
0;212;-27.6596;-72.9666;-42.8753;9.39388;3472.35;5.6484;0;0;0.1;0.01;0;6.10681;0;0;-1
0;213;-28.1439;-57.7322;-40.458;10.4418;4768.86;6.2785;0;0;0.1;0.01;0;7.09441;0;0;-1
0;214;-25.298;-38.5046;-42.3689;9.23225;3296.18;5.55122;0;0;0.1;0.01;0;5.32824;0;0;-1
0;215;-25.0134;-22.3756;-39.8149;9.9908;4177.24;6.00732;0;0;0.1;0.01;0;6.38933;0;0;-1
0;216;-24.7453;-5.1801;-40.6547;8.87426;2927.42;5.33596;0;0;0.1;0.01;0;5.61287;0;0;-1
0;217;-25.4478;9.75981;-41.046;8.5;2572.44;5.11093;0;0;0.1;0.01;0;4.04133;1;0;-1
0;218;-28.1751;27.0147;-42.0142;9.3773;3454;5.63843;0;0;0.1;0.01;0;5.49028;0;0;-1
0;219;-27.2176;44.1245;-42.0978;9.59228;3697.04;5.7677;0;0;0.1;0.01;0;6.10666;0;0;-1
0;220;-27.5575;60.5355;-40.7663;9.41372;3494.4;5.66033;0;0;0.1;0.01;0;7.06799;0;0;-1
0;221;-25.014;77.1714;-42.0747;9.57316;3674.98;5.7562;0;0;0.1;0.01;0;5.24554;0;0;-1
0;222;-12.9858;-83.1429;-42.1724;8.61093;2674.48;5.17763;0;0;0.1;0.01;0;4.0365;0;0;-1
0;223;-12.9515;-67.6073;-39.7414;10.0617;4266.8;6.04995;0;0;0.1;0.01;0;6.69558;0;0;-1
0;224;-12.3932;-49.3798;-41.8362;9.18212;3242.78;5.52108;0;0;0.1;0.01;0;5.31917;0;0;-1
0;225;-9.78512;-33.3272;-39.8357;9.50911;3601.71;5.71769;0;0;0.1;0.01;0;6.11775;0;0;-1
0;226;-13.0686;-15.5109;-40.7644;8.69144;2750.2;5.22604;0;0;0.1;0.01;0;6.37371;0;0;-1
0;227;-11.0652;0.256065;-41.4558;8.66025;2720.7;5.20728;0;0;0.1;0.01;0;5.45314;0;0;-1
0;228;-12.5406;20.033;-39.3401;9.95302;4130.03;5.98461;0;0;0.1;0.01;0;6.16095;0;0;-1
0;229;-9.96247;34.3156;-39.7707;8.5;2572.44;5.11093;0;0;0.1;0.01;0;6.08738;1;0;-1
0;230;-11.5637;52.9661;-39.3539;10.1789;4417.65;6.12042;0;0;0.1;0.01;0;6.47306;0;0;-1
0;231;-11.0992;70.7602;-40.0359;9.43087;3513.53;5.67065;0;0;0.1;0.01;0;5.57626;0;0;-1
0;232;-9.79014;87.1006;-39.9575;8.5;2572.44;5.11093;0;0;0.1;0.01;0;2.38928;1;0;-1
0;233;2.8191;-89.5422;-42.0526;9.11671;3173.97;5.48175;0;0;0.1;0.01;0;2.88236;0;0;-1
0;234;4.67694;-74.9273;-41.1616;8.55271;2620.59;5.14262;0;0;0.1;0.01;0;5.17749;0;0;-1
0;235;2.01437;-59.7589;-39.3785;9.47364;3561.55;5.69636;0;0;0.1;0.01;0;5.41849;0;0;-1
0;236;3.6284;-40.7637;-39.8035;8.5;2572.44;5.11093;0;0;0.1;0.01;0;4.85057;1;0;-1
0;237;4.67252;-25.2803;-39.5132;9.5216;3615.92;5.7252;0;0;0.1;0.01;0;6.13985;0;0;-1
0;238;1.23378;-8.08094;-42.4262;10.2613;4525.8;6.16997;0;0;0.1;0.01;0;6.26773;0;0;-1
0;239;3.21828;10.4513;-41.0115;8.61838;2681.42;5.18211;0;0;0.1;0.01;0;4.37011;0;0;-1
0;240;4.07061;27.186;-39.4749;8.90471;2957.66;5.35427;0;0;0.1;0.01;0;6.72736;0;0;-1
0;241;1.22615;43.0328;-40.2725;10.0973;4312.25;6.07136;0;0;0.1;0.01;0;7.97723;0;0;-1
0;242;1.51843;60.6217;-40.9732;8.5;2572.44;5.11093;0;0;0.1;0.01;0;5.36247;1;0;-1
0;243;3.95419;76.3827;-41.071;9.14274;3201.24;5.4974;0;0;0.1;0.01;0;5.2648;0;0;-1
0;244;17.6706;-82.3279;-42.0923;8.5;2572.44;5.11093;0;0;0.1;0.01;0;3.29394;1;0;-1
0;245;18.2165;-65.4523;-39.2888;10.2625;4527.39;6.17069;0;0;0.1;0.01;0;5.88459;0;0;-1
0;246;17.9207;-46.4601;-40.8042;8.89095;2943.97;5.346;0;0;0.1;0.01;0;5.26656;0;0;-1
0;247;17.8359;-31.7634;-41.1605;8.5;2572.44;5.11093;0;0;0.1;0.01;0;5.83818;1;0;-1
0;248;19.0956;-15.497;-41.7698;9.48375;3572.97;5.70244;0;0;0.1;0.01;0;5.92469;0;0;-1
0;249;19.7494;1.93997;-42.1568;9.10927;3166.21;5.47727;0;0;0.1;0.01;0;4.69339;0;0;-1
0;250;17.667;17.7344;-40.5182;9.27102;3337.88;5.57453;0;0;0.1;0.01;0;5.5996;0;0;-1
0;251;19.0253;36.7137;-42.8418;9.9124;4079.67;5.96018;0;0;0.1;0.01;0;7.63331;0;0;-1
0;252;16.7946;52.0115;-39.6951;10.0976;4312.64;6.07154;0;0;0.1;0.01;0;7.44101;0;0;-1
0;253;18.76;68.4662;-41.1988;10.3155;4597.9;6.20256;0;0;0.1;0.01;0;5.94107;0;0;-1
0;254;16.4127;87.4221;-41.1289;10.0767;4285.92;6.05897;0;0;0.1;0.01;0;3.14582;0;0;-1
0;255;32.9522;-75.631;-42.5068;8.64912;2710.22;5.20059;0;0;0.1;0.01;0;2.25075;0;0;-1
0;256;30.5667;-56.4918;-40.5223;9.0958;3152.18;5.46917;0;0;0.1;0.01;0;6.27882;0;0;-1
0;257;33.716;-41.1823;-40.4631;10.005;4195.08;6.01586;0;0;0.1;0.01;0;7.65265;0;0;-1
0;258;32.7755;-25.2886;-41.5679;10.1242;4346.81;6.08753;0;0;0.1;0.01;0;7.40459;0;0;-1
0;259;33.739;-8.04901;-42.0265;8.5;2572.44;5.11093;0;0;0.1;0.01;0;4.7252;1;0;-1
0;260;33.8426;10.0412;-42.2897;8.5;2572.44;5.11093;0;0;0.1;0.01;0;5.10309;1;0;-1
0;261;33.8516;29.521;-39.882;8.93213;2985.06;5.37076;0;0;0.1;0.01;0;6.03375;0;0;-1
0;262;32.9439;46.1537;-39.4189;10.038;4236.72;6.0357;0;0;0.1;0.01;0;7.76713;0;0;-1
0;263;33.9203;60.0845;-39.707;9.38769;3465.49;5.64468;0;0;0.1;0.01;0;6.20665;0;0;-1
0;264;33.5525;79.8421;-40.4251;8.95437;3007.42;5.38413;0;0;0.1;0.01;0;2.74476;0;0;-1
0;265;47.8274;-65.2726;-41.6093;8.94443;2997.41;5.37816;0;0;0.1;0.01;0;2.46489;0;0;-1
0;266;47.1418;-47.703;-39.9487;9.52788;3623.08;5.72898;0;0;0.1;0.01;0;5.8039;0;0;-1
0;267;47.7659;-30.2379;-39.2215;10.3176;4600.71;6.20382;0;0;0.1;0.01;0;7.65953;0;0;-1
0;268;46.7927;-14.9381;-42.5843;10.067;4273.55;6.05314;0;0;0.1;0.01;0;7.77941;0;0;-1
0;269;46.0818;2.87437;-42.187;8.5;2572.44;5.11093;0;0;0.1;0.01;0;6.20103;1;0;-1
0;270;47.7589;16.869;-43.0446;10.1627;4396.59;6.11068;0;0;0.1;0.01;0;7.43887;0;0;-1
0;271;46.8475;37.9675;-41.1005;9.52653;3621.54;5.72816;0;0;0.1;0.01;0;6.19035;0;0;-1
0;272;46.703;52.141;-42.8725;9.67637;3795.12;5.81826;0;0;0.1;0.01;0;6.60621;0;0;-1
0;273;46.8378;69.261;-39.8966;9.92643;4097.02;5.96862;0;0;0.1;0.01;0;4.49744;0;0;-1
0;274;60.3747;-55.3622;-39.3278;9.8308;3979.74;5.91112;0;0;0.1;0.01;0;4.74554;0;0;-1
0;275;63.994;-41.6917;-39.8253;8.94562;2998.61;5.37887;0;0;0.1;0.01;0;4.28066;0;0;-1
0;276;61.2063;-23.3538;-39.8305;8.55006;2618.16;5.14103;0;0;0.1;0.01;0;5.5422;0;0;-1
0;277;63.4179;-7.79564;-42.3288;9.67674;3795.56;5.81848;0;0;0.1;0.01;0;6.80239;0;0;-1
0;278;63.5985;8.22875;-39.4673;10.0114;4203.13;6.01971;0;0;0.1;0.01;0;6.55992;0;0;-1
0;279;63.0237;26.1926;-42.2743;10.0357;4233.81;6.03432;0;0;0.1;0.01;0;6.07463;0;0;-1
0;280;61.5486;42.1366;-41.2006;8.88075;2933.85;5.33987;0;0;0.1;0.01;0;5.08174;0;0;-1
0;281;61.9997;60.4269;-42.4614;9.23144;3295.32;5.55073;0;0;0.1;0.01;0;3.67692;0;0;-1
0;282;74.9444;-32.4962;-43.1745;9.0112;3065.04;5.4183;0;0;0.1;0.01;0;3.21655;0;0;-1
0;283;77.7445;-14.9982;-41.1197;8.62851;2690.89;5.1882;0;0;0.1;0.01;0;4.4652;0;0;-1
0;284;76.3284;-0.0859026;-41.4677;10.2851;4557.37;6.18428;0;0;0.1;0.01;0;6.87632;0;0;-1
0;285;78.7432;19.723;-42.8263;8.99017;3043.63;5.40566;0;0;0.1;0.01;0;3.32935;0;0;-1
0;286;76.5387;34.3395;-41.9422;9.23964;3304.1;5.55566;0;0;0.1;0.01;0;3.5402;0;0;-1
0;287;90.5175;-4.56032;-40.5317;8.7003;2758.62;5.23136;0;0;0.1;0.01;0;2.23151;0;0;-1
0;288;-95.1276;-13.5126;-24.7009;8.77145;2826.85;5.27415;0;0;0.1;0.01;0;3.17521;0;0;-1
0;289;-95.6364;1.24878;-26.0981;9.92316;4092.97;5.96665;0;0;0.1;0.01;0;3.87373;0;0;-1
0;290;-80.8697;-41.5004;-24.6595;9.90428;4069.65;5.9553;0;0;0.1;0.01;0;2.8859;0;0;-1
0;291;-81.7972;-23.4391;-27.3435;9.5595;3659.27;5.74799;0;0;0.1;0.01;0;3.86434;0;0;-1
0;292;-78.9068;-4.65517;-26.4855;10.0423;4242.17;6.03829;0;0;0.1;0.01;0;5.59246;0;0;-1
0;293;-82.5779;10.9697;-26.453;10.1274;4350.93;6.08946;0;0;0.1;0.01;0;6.28505;0;0;-1
0;294;-82.4162;27.6776;-25.1463;10.0349;4232.8;6.03384;0;0;0.1;0.01;0;5.02644;0;0;-1
0;295;-80.405;44.5617;-28.1111;9.88358;4044.19;5.94285;0;0;0.1;0.01;0;3.28391;0;0;-1
0;296;-64.0818;-67.8772;-26.0035;8.5;2572.44;5.11093;0;0;0.1;0.01;0;2.51586;1;0;-1
0;297;-64.3823;-48.9958;-26.1288;8.77835;2833.53;5.27829;0;0;0.1;0.01;0;4.35612;0;0;-1
0;298;-64.529;-31.266;-25.4642;9.74862;3880.77;5.8617;0;0;0.1;0.01;0;5.46744;0;0;-1
0;299;-64.4856;-12.8902;-26.9929;9.28066;3348.31;5.58033;0;0;0.1;0.01;0;5.55757;0;0;-1
0;300;-66.0812;4.44466;-26.0258;8.5;2572.44;5.11093;0;0;0.1;0.01;0;5.94025;1;0;-1
0;301;-65.4685;20.2215;-26.9311;8.59094;2655.89;5.16561;0;0;0.1;0.01;0;5.7127;0;0;-1
0;302;-64.6855;35.2168;-27.1739;10.0497;4251.56;6.04274;0;0;0.1;0.01;0;6.3107;0;0;-1
0;303;-64.5503;50.9157;-26.2274;9.27992;3347.51;5.57988;0;0;0.1;0.01;0;5.75058;0;0;-1
0;304;-66.6775;68.6668;-26.7142;9.4554;3541.02;5.68539;0;0;0.1;0.01;0;2.15199;0;0;-1
0;305;-49.7083;-72.5007;-27.7857;8.99661;3050.18;5.40953;0;0;0.1;0.01;0;5.22923;0;0;-1
0;306;-49.6185;-58.1776;-26.2861;9.25063;3315.91;5.56227;0;0;0.1;0.01;0;6.29313;0;0;-1
0;307;-51.5405;-39.7134;-26.3448;9.3425;3415.69;5.61751;0;0;0.1;0.01;0;6.00797;0;0;-1
0;308;-52.4107;-23.117;-27.5517;9.77632;3913.95;5.87836;0;0;0.1;0.01;0;6.55468;0;0;-1
0;309;-50.4815;-7.03469;-27.8115;9.73264;3861.72;5.8521;0;0;0.1;0.01;0;6.6094;0;0;-1
0;310;-53.0214;8.65152;-26.3233;8.9409;2993.87;5.37603;0;0;0.1;0.01;0;5.48779;0;0;-1
0;311;-51.1152;26.7878;-24.4722;9.14375;3202.3;5.498;0;0;0.1;0.01;0;5.57934;0;0;-1
0;312;-49.9889;45.5097;-24.8739;9.78011;3918.5;5.88064;0;0;0.1;0.01;0;7.33792;0;0;-1
0;313;-50.6683;62.485;-25.5792;8.75947;2815.28;5.26694;0;0;0.1;0.01;0;6.08564;0;0;-1
0;314;-51.7927;78.482;-28.2652;8.72318;2780.44;5.24512;0;0;0.1;0.01;0;2.65127;0;0;-1
0;315;-36.4337;-82.1758;-26.5181;10.3133;4594.96;6.20124;0;0;0.1;0.01;0;6.19507;0;0;-1
0;316;-34.9829;-67.307;-26.8031;8.88636;2939.41;5.34324;0;0;0.1;0.01;0;6.99049;0;0;-1
0;317;-38.3707;-47.1099;-27.1475;10.1598;4392.83;6.10894;0;0;0.1;0.01;0;5.71199;0;0;-1
0;318;-36.0583;-30.0842;-26.0693;9.32899;3400.89;5.60939;0;0;0.1;0.01;0;6.11589;0;0;-1
0;319;-34.635;-13.7608;-26.7989;8.77558;2830.85;5.27663;0;0;0.1;0.01;0;5.01477;0;0;-1
0;320;-36.5858;4.31785;-27.4454;8.5;2572.44;5.11093;0;0;0.1;0.01;0;4.19195;1;0;-1
0;321;-38.3588;18.5486;-27.4803;9.50184;3593.45;5.71332;0;0;0.1;0.01;0;5.45453;0;0;-1
0;322;-38.2438;34.5881;-25.1777;8.5;2572.44;5.11093;0;0;0.1;0.01;0;5.50174;1;0;-1
0;323;-37.6463;52.2774;-27.8667;9.223;3286.29;5.54566;0;0;0.1;0.01;0;6.07442;0;0;-1
0;324;-38.2125;67.7205;-25.76;8.5;2572.44;5.11093;0;0;0.1;0.01;0;4.48509;1;0;-1
0;325;-35.5395;85.8435;-24.952;10.2803;4550.99;6.1814;0;0;0.1;0.01;0;3.74673;0;0;-1
0;326;-21.7863;-90.7747;-25.2871;10.3383;4628.45;6.21627;0;0;0.1;0.01;0;3.9872;0;0;-1
0;327;-20.5837;-73.0913;-27.0254;10.1729;4409.84;6.11682;0;0;0.1;0.01;0;8.27658;0;0;-1
0;328;-20.3488;-59.1618;-26.3085;9.74517;3876.65;5.85963;0;0;0.1;0.01;0;7.26709;0;0;-1
0;329;-22.0204;-40.5869;-26.6606;8.61701;2680.15;5.18128;0;0;0.1;0.01;0;4.98728;0;0;-1
0;330;-21.3612;-21.1052;-24.9753;10.094;4308.03;6.06938;0;0;0.1;0.01;0;6.84235;0;0;-1
0;331;-19.72;-5.48465;-28.0822;8.5;2572.44;5.11093;0;0;0.1;0.01;0;4.64898;1;0;-1
0;332;-21.3123;11.8082;-25.7745;8.5;2572.44;5.11093;0;0;0.1;0.01;0;4.00153;1;0;-1
0;333;-22.7749;28.7643;-27.7809;8.64731;2708.52;5.1995;0;0;0.1;0.01;0;5.10136;0;0;-1
0;334;-21.2714;44.7719;-27.8819;9.74786;3879.86;5.86125;0;0;0.1;0.01;0;5.84202;0;0;-1
0;335;-21.6926;62.1723;-26.6145;9.66986;3787.47;5.81435;0;0;0.1;0.01;0;6.33988;0;0;-1
0;336;-22.8416;78.7616;-27.909;9.43208;3514.88;5.67137;0;0;0.1;0.01;0;5.63112;0;0;-1
0;337;-5.93931;-81.2676;-28.6502;9.37792;3454.68;5.63881;0;0;0.1;0.01;0;6.09216;0;0;-1
0;338;-7.9089;-66.6031;-26.3315;9.47884;3567.42;5.69949;0;0;0.1;0.01;0;6.68837;0;0;-1
0;339;-8.56461;-48.589;-24.3852;9.13807;3196.33;5.49459;0;0;0.1;0.01;0;5.18551;0;0;-1
0;340;-8.20169;-29.6867;-25.5421;8.77274;2828.1;5.27492;0;0;0.1;0.01;0;5.56662;0;0;-1
0;341;-6.01415;-13.3244;-27.8127;9.41095;3491.31;5.65867;0;0;0.1;0.01;0;6.59709;0;0;-1
0;342;-5.4953;1.92768;-27.6534;8.53399;2603.42;5.13136;0;0;0.1;0.01;0;5.7072;0;0;-1
0;343;-6.60951;21.1308;-25.6306;9.60397;3710.57;5.77473;0;0;0.1;0.01;0;6.69858;0;0;-1
0;344;-7.09384;35.4105;-27.1025;9.34522;3418.67;5.61915;0;0;0.1;0.01;0;7.48386;0;0;-1
0;345;-7.93218;51.5143;-26.0261;8.65073;2711.73;5.20156;0;0;0.1;0.01;0;5.61149;0;0;-1
0;346;-9.34523;72.1643;-24.4873;8.6207;2683.59;5.1835;0;0;0.1;0.01;0;5.03777;0;0;-1
0;347;-9.0978;88.2418;-25.6725;8.64271;2704.2;5.19674;0;0;0.1;0.01;0;3.97057;0;0;-1
0;348;9.34626;-90.4751;-25.4129;10.3115;4592.55;6.20016;0;0;0.1;0.01;0;4.27775;0;0;-1
0;349;6.59661;-75.7923;-25.3158;9.7822;3921.01;5.88189;0;0;0.1;0.01;0;6.67447;0;0;-1
0;350;9.44243;-58.6598;-25.7711;9.33001;3402;5.61;0;0;0.1;0.01;0;5.80825;0;0;-1
0;351;5.72586;-40.0321;-25.3975;9.62018;3729.39;5.78447;0;0;0.1;0.01;0;6.09775;0;0;-1
0;352;8.26457;-25.5192;-26.5932;8.72878;2785.8;5.24849;0;0;0.1;0.01;0;5.86014;0;0;-1
0;353;9.02506;-8.76494;-27.6962;10.2426;4501.11;6.15873;0;0;0.1;0.01;0;6.79792;0;0;-1
0;354;5.51693;9.93457;-25.5114;9.14542;3204.05;5.49901;0;0;0.1;0.01;0;4.58324;0;0;-1
0;355;9.43684;29.3312;-27.6632;10.081;4291.4;6.06156;0;0;0.1;0.01;0;6.86104;0;0;-1
0;356;6.25212;44.0489;-25.2406;10.3766;4680.09;6.2393;0;0;0.1;0.01;0;7.19958;0;0;-1
0;357;6.87078;63.4086;-24.6219;10.1832;4423.25;6.12301;0;0;0.1;0.01;0;6.80679;0;0;-1
0;358;5.89825;78.2878;-28.0012;9.05381;3108.73;5.44392;0;0;0.1;0.01;0;5.55829;0;0;-1
0;359;8.24256;95.6169;-26.8453;10.0208;4214.98;6.02536;0;0;0.1;0.01;0;2.99725;0;0;-1
0;360;22.5736;-82.3671;-25.2175;9.14669;3205.39;5.49977;0;0;0.1;0.01;0;4.65905;0;0;-1
0;361;23.7035;-65.8959;-25.4784;9.51617;3609.73;5.72193;0;0;0.1;0.01;0;5.43783;0;0;-1
0;362;23.2768;-47.2919;-27.4325;10.114;4333.69;6.0814;0;0;0.1;0.01;0;6.25862;0;0;-1
0;363;22.7946;-31.7604;-26.0475;9.7203;3847.05;5.84468;0;0;0.1;0.01;0;6.89672;0;0;-1
0;364;22.1288;-16.0881;-25.5835;10.0142;4206.66;6.02139;0;0;0.1;0.01;0;6.73184;0;0;-1
0;365;22.3179;1.01535;-26.8037;9.03568;3090.09;5.43302;0;0;0.1;0.01;0;5.17305;0;0;-1
0;366;23.3871;18.1866;-28.0152;9.62583;3735.97;5.78787;0;0;0.1;0.01;0;6.25423;0;0;-1
0;367;23.2508;34.9337;-27.5218;9.48752;3577.23;5.70471;0;0;0.1;0.01;0;7.41843;0;0;-1
0;368;20.596;51.1127;-24.5149;9.78732;3927.17;5.88497;0;0;0.1;0.01;0;6.25973;0;0;-1
0;369;20.2902;69.1542;-26.9569;9.41126;3491.66;5.65885;0;0;0.1;0.01;0;5.36151;0;0;-1
0;370;23.3572;84.5719;-24.806;9.48309;3572.22;5.70204;0;0;0.1;0.01;0;4.90125;0;0;-1
0;371;38.0635;-75.994;-27.1008;9.08221;3138.07;5.461;0;0;0.1;0.01;0;3.93986;0;0;-1
0;372;35.228;-56.9159;-27.0306;8.68961;2748.46;5.22494;0;0;0.1;0.01;0;5.60524;0;0;-1
0;373;37.5306;-39.9428;-26.8248;9.92192;4091.44;5.96591;0;0;0.1;0.01;0;7.96742;0;0;-1
0;374;37.6923;-23.1674;-27.6881;9.98008;4163.81;6.00088;0;0;0.1;0.01;0;7.59088;0;0;-1
0;375;37.454;-7.2095;-24.8405;9.68117;3800.77;5.82115;0;0;0.1;0.01;0;6.57097;0;0;-1
0;376;35.1287;8.9113;-26.7936;8.8148;2868.97;5.30021;0;0;0.1;0.01;0;5.30868;0;0;-1
0;377;37.2272;25.3875;-24.7118;9.96675;4147.15;5.99286;0;0;0.1;0.01;0;6.8782;0;0;-1
0;378;37.0158;42.1383;-27.0995;9.84583;3998.03;5.92015;0;0;0.1;0.01;0;6.57825;0;0;-1
0;379;38.4513;63.6757;-24.9056;8.5;2572.44;5.11093;0;0;0.1;0.01;0;4.58535;1;0;-1
0;380;36.7465;78.8089;-24.878;8.5;2572.44;5.11093;0;0;0.1;0.01;0;4.35187;1;0;-1
0;381;50.4415;-66.6508;-24.7885;10.2137;4463.11;6.14135;0;0;0.1;0.01;0;5.56879;0;0;-1
0;382;49.9632;-50.7713;-25.2898;10.1728;4409.71;6.11676;0;0;0.1;0.01;0;6.85196;0;0;-1
0;383;50.0703;-33.4178;-25.031;8.55599;2623.61;5.14459;0;0;0.1;0.01;0;5.20338;0;0;-1
0;384;52.7121;-15.5643;-26.8578;9.21838;3281.35;5.54288;0;0;0.1;0.01;0;6.25928;0;0;-1
0;385;51.8214;1.73563;-28.3337;10.0155;4208.3;6.02217;0;0;0.1;0.01;0;7.16873;0;0;-1
0;386;50.108;17.7969;-28.5177;9.04577;3100.45;5.43909;0;0;0.1;0.01;0;6.1667;0;0;-1
0;387;50.3089;34.8916;-25.0657;9.38364;3461.01;5.64225;0;0;0.1;0.01;0;5.57615;0;0;-1
0;388;52.9794;54.7664;-24.7006;8.65695;2717.59;5.2053;0;0;0.1;0.01;0;4.39652;0;0;-1
0;389;52.2046;72.6237;-26.9383;9.78828;3928.33;5.88555;0;0;0.1;0.01;0;4.37928;0;0;-1
0;390;66.3593;-59.2065;-27.6339;8.99162;3045.11;5.40653;0;0;0.1;0.01;0;4.13144;0;0;-1
0;391;66.6338;-42.2263;-25.0369;8.84857;2902.07;5.32052;0;0;0.1;0.01;0;5.48422;0;0;-1
0;392;67.483;-23.2444;-24.8684;10.3678;4668.19;6.23401;0;0;0.1;0.01;0;6.53737;0;0;-1
0;393;65.5559;-5.60133;-26.9256;8.9529;3005.94;5.38325;0;0;0.1;0.01;0;6.83993;0;0;-1
0;394;66.5797;9.45321;-25.0925;9.2484;3313.51;5.56093;0;0;0.1;0.01;0;5.8231;0;0;-1
0;395;64.873;25.4054;-25.6049;9.8348;3984.6;5.91352;0;0;0.1;0.01;0;4.80808;0;0;-1
0;396;66.3822;46.5064;-25.9044;10.0347;4232.55;6.03372;0;0;0.1;0.01;0;5.81619;0;0;-1
0;397;65.0725;62.2772;-27.5192;10.0508;4252.95;6.0434;0;0;0.1;0.01;0;4.96943;0;0;-1
0;398;79.4201;-51.2643;-25.8219;10.1042;4321.1;6.07551;0;0;0.1;0.01;0;2.17711;0;0;-1
0;399;81.88;-34.2043;-24.8277;10.2512;4512.45;6.1639;0;0;0.1;0.01;0;3.41453;0;0;-1
0;400;80.753;-16.8114;-25.3472;8.88357;2936.64;5.34156;0;0;0.1;0.01;0;4.46837;0;0;-1
0;401;79.7976;-0.228903;-26.2381;9.30496;3374.68;5.59494;0;0;0.1;0.01;0;4.87237;0;0;-1
0;402;83.2181;17.7948;-25.2679;9.79833;3940.44;5.89159;0;0;0.1;0.01;0;4.14558;0;0;-1
0;403;79.0976;33.767;-27.9862;8.5;2572.44;5.11093;0;0;0.1;0.01;0;3.36548;1;0;-1
0;404;79.371;54.6227;-26.5427;10.3516;4646.34;6.22427;0;0;0.1;0.01;0;2.7084;0;0;-1
0;405;-98.4417;0.961209;-11.8084;10.2755;4544.62;6.17851;0;0;0.1;0.01;0;3.70387;0;0;-1
0;406;-84.2846;-42.0879;-11.2486;9.08598;3141.98;5.46327;0;0;0.1;0.01;0;3.46746;0;0;-1
0;407;-84.3766;-23.5392;-10.3054;10.4098;4725.15;6.25926;0;0;0.1;0.01;0;5.70407;0;0;-1
0;408;-85.214;-7.13717;-12.4899;8.91246;2965.39;5.35893;0;0;0.1;0.01;0;5.26792;0;0;-1
0;409;-83.3462;11.6472;-11.9333;10.149;4378.83;6.10245;0;0;0.1;0.01;0;5.92257;0;0;-1
0;410;-84.8095;29.1378;-12.433;8.5;2572.44;5.11093;0;0;0.1;0.01;0;4.12974;1;0;-1
0;411;-84.0316;42.497;-11.3141;9.39125;3469.44;5.64682;0;0;0.1;0.01;0;4.12548;0;0;-1
0;412;-70.8151;-68.4394;-10.0647;8.78734;2842.24;5.2837;0;0;0.1;0.01;0;2.13462;0;0;-1
0;413;-69.2295;-49.2683;-11.9931;9.51949;3613.51;5.72393;0;0;0.1;0.01;0;4.76745;0;0;-1
0;414;-69.892;-32.5561;-10.138;9.37135;3447.43;5.63486;0;0;0.1;0.01;0;6.79675;0;0;-1
0;415;-72.1622;-15.7402;-11.6962;9.40543;3485.17;5.65535;0;0;0.1;0.01;0;6.58673;0;0;-1
0;416;-70.7996;3.17368;-10.3148;8.76929;2824.76;5.27285;0;0;0.1;0.01;0;6.07151;0;0;-1
0;417;-68.3514;17.3757;-12.9526;8.58719;2652.42;5.16335;0;0;0.1;0.01;0;4.93216;0;0;-1
0;418;-69.4902;36.4718;-11.9867;9.59908;3704.91;5.77179;0;0;0.1;0.01;0;6.33918;0;0;-1
0;419;-71.9158;53.7893;-13.0252;8.9755;3028.76;5.39684;0;0;0.1;0.01;0;4.41603;0;0;-1
0;420;-54.2869;-75.1314;-9.717;8.85847;2911.82;5.32647;0;0;0.1;0.01;0;3.8138;0;0;-1
0;421;-56.6173;-58.2408;-12.3444;9.39962;3478.72;5.65186;0;0;0.1;0.01;0;5.38546;0;0;-1
0;422;-57.3263;-39.2003;-10.3189;8.57706;2643.04;5.15726;0;0;0.1;0.01;0;5.56521;0;0;-1
0;423;-57.3136;-23.9584;-11.8607;8.5;2572.44;5.11093;0;0;0.1;0.01;0;5.4922;1;0;-1
0;424;-55.2364;-7.21923;-11.8075;9.00601;3059.75;5.41518;0;0;0.1;0.01;0;5.50054;0;0;-1
0;425;-54.3056;8.60169;-12.5444;10.0595;4264.01;6.04863;0;0;0.1;0.01;0;5.98853;0;0;-1
0;426;-57.3421;29.7726;-12.8213;8.5;2572.44;5.11093;0;0;0.1;0.01;0;5.63938;1;0;-1
0;427;-55.1125;44.7203;-11.8283;9.28257;3350.37;5.58147;0;0;0.1;0.01;0;6.85679;0;0;-1
0;428;-57.9507;60.0334;-10.6857;9.74725;3879.14;5.86088;0;0;0.1;0.01;0;5.44993;0;0;-1
0;429;-42.7893;-83.6438;-13.2563;10.0889;4301.5;6.06631;0;0;0.1;0.01;0;4.25689;0;0;-1
0;430;-39.3554;-64.6243;-11.5696;9.79525;3936.73;5.88974;0;0;0.1;0.01;0;5.60962;0;0;-1
0;431;-41.0517;-49.3522;-10.6879;8.52157;2592.07;5.1239;0;0;0.1;0.01;0;5.07834;0;0;-1
0;432;-41.2249;-32.6058;-12.3643;9.80366;3946.87;5.8948;0;0;0.1;0.01;0;6.13985;0;0;-1
0;433;-42.0827;-14.3437;-13.5214;10.014;4206.41;6.02127;0;0;0.1;0.01;0;6.08353;0;0;-1
0;434;-40.9239;3.07064;-10.7841;9.48602;3575.53;5.70381;0;0;0.1;0.01;0;5.77093;0;0;-1
0;435;-39.4012;20.0901;-11.2064;10.0097;4200.99;6.01869;0;0;0.1;0.01;0;6.27696;0;0;-1
0;436;-42.131;36.9037;-13.1712;9.33057;3402.62;5.61034;0;0;0.1;0.01;0;7.19906;0;0;-1
0;437;-42.6527;52.2118;-12.6285;8.5;2572.44;5.11093;0;0;0.1;0.01;0;5.05234;1;0;-1
0;438;-43.0028;70.6862;-12.5563;8.74544;2801.78;5.25851;0;0;0.1;0.01;0;4.72234;0;0;-1
0;439;-43.2543;85.131;-13.33;8.5;2572.44;5.11093;0;0;0.1;0.01;0;3.42604;1;0;-1
0;440;-27.9018;-93.181;-13.0846;9.62079;3730.1;5.78484;0;0;0.1;0.01;0;4.31777;0;0;-1
0;441;-28.1485;-76.8724;-13.0036;10.1441;4372.49;6.0995;0;0;0.1;0.01;0;7.05458;0;0;-1
0;442;-24.694;-56.5738;-12.2844;10.3899;4698.1;6.2473;0;0;0.1;0.01;0;7.30587;0;0;-1
0;443;-27.3643;-41.7539;-10.1889;10.4383;4764.07;6.2764;0;0;0.1;0.01;0;7.63252;0;0;-1
0;444;-26.6316;-22.2845;-11.8631;10.2193;4470.46;6.14472;0;0;0.1;0.01;0;6.64863;0;0;-1
0;445;-24.9555;-7.31004;-10.3205;8.54228;2611.02;5.13635;0;0;0.1;0.01;0;4.69775;0;0;-1
0;446;-25.1392;9.14675;-10.2567;9.43114;3513.83;5.67081;0;0;0.1;0.01;0;5.17436;0;0;-1
0;447;-27.4312;28.4684;-10.5802;10.2555;4518.13;6.16648;0;0;0.1;0.01;0;6.15111;0;0;-1
0;448;-28.3055;42.9603;-10.7744;9.06343;3118.65;5.44971;0;0;0.1;0.01;0;5.62602;0;0;-1
0;449;-24.4444;59.0676;-12.8423;8.80537;2859.77;5.29454;0;0;0.1;0.01;0;4.53564;0;0;-1
0;450;-24.7737;77.7011;-12.2442;9.85517;4009.41;5.92577;0;0;0.1;0.01;0;6.45213;0;0;-1
0;451;-24.8588;94.6717;-14.0139;10.1999;4445.05;6.13305;0;0;0.1;0.01;0;3.545;0;0;-1
0;452;-13.547;-83.3022;-11.0871;8.5;2572.44;5.11093;0;0;0.1;0.01;0;4.45312;1;0;-1
0;453;-12.7668;-65.4502;-13.2535;8.5;2572.44;5.11093;0;0;0.1;0.01;0;5.52471;1;0;-1
0;454;-12.6925;-48.4369;-9.71154;9.49539;3586.14;5.70944;0;0;0.1;0.01;0;6.60567;0;0;-1
0;455;-11.4477;-32.3653;-11.7631;10.4018;4714.27;6.25445;0;0;0.1;0.01;0;7.25696;0;0;-1
0;456;-10.3962;-14.2719;-10.723;8.5;2572.44;5.11093;0;0;0.1;0.01;0;6.05951;1;0;-1
0;457;-10.7169;0.963891;-11.6032;10.2021;4447.92;6.13437;0;0;0.1;0.01;0;7.15888;0;0;-1
0;458;-10.7325;16.9735;-11.6209;9.08701;3143.05;5.46389;0;0;0.1;0.01;0;5.76959;0;0;-1
0;459;-11.5907;34.2443;-12.5348;8.56015;2627.44;5.14709;0;0;0.1;0.01;0;4.61928;0;0;-1
0;460;-10.3531;50.9668;-10.6031;8.54843;2616.66;5.14005;0;0;0.1;0.01;0;5.22123;0;0;-1
0;461;-10.5231;67.4175;-11.6351;9.0735;3129.05;5.45576;0;0;0.1;0.01;0;5.90935;0;0;-1
0;462;-11.7016;87.2563;-12.4362;8.5;2572.44;5.11093;0;0;0.1;0.01;0;4.79506;1;0;-1
0;463;4.39386;-91.5526;-10.588;8.69412;2752.74;5.22765;0;0;0.1;0.01;0;3.76406;0;0;-1
0;464;1.54596;-75.9956;-12.1234;8.5;2572.44;5.11093;0;0;0.1;0.01;0;5.49106;1;0;-1
0;465;1.34686;-59.4799;-12.8535;8.86284;2916.13;5.3291;0;0;0.1;0.01;0;6.06195;0;0;-1
0;466;1.68122;-41.2625;-12.6222;9.63019;3741.05;5.79049;0;0;0.1;0.01;0;6.53483;0;0;-1
0;467;1.26666;-21.569;-10.4646;9.21799;3280.93;5.54264;0;0;0.1;0.01;0;6.60821;0;0;-1
0;468;1.5967;-7.44743;-12.1227;8.63646;2698.34;5.19298;0;0;0.1;0.01;0;6.1245;0;0;-1
0;469;3.27972;8.17487;-12.2779;10.1133;4332.79;6.08098;0;0;0.1;0.01;0;6.21076;0;0;-1
0;470;3.18747;25.13;-13.553;9.05314;3108.04;5.44352;0;0;0.1;0.01;0;4.72359;0;0;-1
0;471;1.98884;43.7611;-10.4973;9.3009;3370.26;5.5925;0;0;0.1;0.01;0;5.57754;0;0;-1
0;472;2.33499;59.5217;-10.75;9.45512;3540.71;5.68523;0;0;0.1;0.01;0;6.58721;0;0;-1
0;473;2.70601;76.7526;-10.3967;8.91847;2971.39;5.36255;0;0;0.1;0.01;0;6.03181;0;0;-1
0;474;3.09538;94.0415;-11.4644;10.2647;4530.3;6.17202;0;0;0.1;0.01;0;4.45838;0;0;-1
0;475;18.8193;-85.1741;-10.5395;9.35595;3430.46;5.6256;0;0;0.1;0.01;0;5.8003;0;0;-1
0;476;16.0693;-68.1917;-10.5146;9.47166;3559.32;5.69517;0;0;0.1;0.01;0;6.35415;0;0;-1
0;477;15.9649;-51.4687;-9.87132;9.86583;4022.44;5.93218;0;0;0.1;0.01;0;5.77746;0;0;-1
0;478;15.5238;-33.3886;-10.5182;9.65096;3765.3;5.80298;0;0;0.1;0.01;0;5.74235;0;0;-1
0;479;16.0358;-16.2991;-11.4682;8.57311;2639.39;5.15489;0;0;0.1;0.01;0;5.90893;0;0;-1
0;480;16.4179;1.11863;-11.4648;9.38448;3461.94;5.64275;0;0;0.1;0.01;0;5.57975;0;0;-1
0;481;19.4879;20.9005;-10.8782;9.88972;4051.73;5.94655;0;0;0.1;0.01;0;6.04908;0;0;-1
0;482;19.6223;38.1879;-13.1691;8.5;2572.44;5.11093;0;0;0.1;0.01;0;5.0834;1;0;-1
0;483;18.1888;54.5328;-11.4706;8.5;2572.44;5.11093;0;0;0.1;0.01;0;4.92978;1;0;-1
0;484;17.3044;71.4353;-10.3233;10.3965;4707.06;6.25126;0;0;0.1;0.01;0;7.11058;0;0;-1
0;485;15.7006;84.9751;-12.5707;8.5;2572.44;5.11093;0;0;0.1;0.01;0;5.4504;1;0;-1
0;486;31.945;-93.725;-12.0441;8.83098;2884.8;5.30994;0;0;0.1;0.01;0;1.856;0;0;-1
0;487;33.3604;-76.6506;-12.321;9.41174;3492.19;5.65914;0;0;0.1;0.01;0;5.65281;0;0;-1
0;488;32.8902;-55.3923;-10.3532;9.45135;3536.47;5.68296;0;0;0.1;0.01;0;4.99237;0;0;-1
0;489;34.1663;-38.8918;-10.1234;9.62386;3733.67;5.78669;0;0;0.1;0.01;0;6.14447;0;0;-1
0;490;31.2334;-21.3586;-12.279;9.89423;4057.28;5.94926;0;0;0.1;0.01;0;7.10921;0;0;-1
0;491;33.138;-6.34031;-10.7782;8.88235;2935.43;5.34083;0;0;0.1;0.01;0;5.56273;0;0;-1
0;492;33.5002;11.7946;-12.9125;10.3784;4682.52;6.24038;0;0;0.1;0.01;0;7.01831;0;0;-1
0;493;31.4716;29.0482;-10.835;9.24443;3309.25;5.55854;0;0;0.1;0.01;0;6.82035;0;0;-1
0;494;33.535;46.2627;-13.2495;9.56238;3662.58;5.74972;0;0;0.1;0.01;0;5.98836;0;0;-1
0;495;32.7897;63.4848;-10.3666;8.6173;2680.42;5.18146;0;0;0.1;0.01;0;5.9846;0;0;-1
0;496;32.2654;79.3795;-10.1272;10.0567;4260.45;6.04695;0;0;0.1;0.01;0;6.38615;0;0;-1
0;497;45.9688;-82.9339;-10.7935;8.5;2572.44;5.11093;0;0;0.1;0.01;0;4.15659;1;0;-1
0;498;48.1305;-67.8895;-11.4505;9.53328;3629.24;5.73222;0;0;0.1;0.01;0;6.01285;0;0;-1
0;499;47.7009;-47.7314;-11.9648;9.34097;3414.01;5.61659;0;0;0.1;0.01;0;6.11507;0;0;-1
0;500;48.6168;-31.7062;-12.5255;9.05733;3112.36;5.44604;0;0;0.1;0.01;0;5.54157;0;0;-1
0;501;45.5572;-14.7378;-10.9517;9.15165;3210.6;5.50275;0;0;0.1;0.01;0;6.26753;0;0;-1
0;502;46.5935;0.434845;-11.0265;10.1585;4391.14;6.10816;0;0;0.1;0.01;0;7.4448;0;0;-1
0;503;47.7336;18.1157;-13.437;10.1742;4411.53;6.1176;0;0;0.1;0.01;0;7.74626;0;0;-1
0;504;47.8996;34.6514;-10.5406;9.51622;3609.79;5.72196;0;0;0.1;0.01;0;6.42858;0;0;-1
0;505;45.9461;55.1946;-12.4951;8.5;2572.44;5.11093;0;0;0.1;0.01;0;5.01812;1;0;-1
0;506;46.2888;68.4957;-10.0139;9.24156;3306.16;5.55682;0;0;0.1;0.01;0;6.16975;0;0;-1
0;507;47.6954;85.6432;-13.0964;8.6403;2701.94;5.19529;0;0;0.1;0.01;0;2.33778;0;0;-1
0;508;61.0933;-74.2479;-11.2902;10.3036;4582.01;6.19541;0;0;0.1;0.01;0;3.19969;0;0;-1
0;509;60.3069;-56.0661;-13.3027;9.61516;3723.56;5.78146;0;0;0.1;0.01;0;6.39405;0;0;-1
0;510;61.4403;-42.1491;-11.616;9.39919;3478.24;5.6516;0;0;0.1;0.01;0;6.41351;0;0;-1
0;511;62.5805;-25.7821;-11.8644;9.28468;3352.66;5.58274;0;0;0.1;0.01;0;5.84274;0;0;-1
0;512;62.7429;-7.65284;-11.5019;9.83406;3983.7;5.91308;0;0;0.1;0.01;0;6.46748;0;0;-1
0;513;60.7325;9.37415;-12.8104;10.2245;4477.29;6.14784;0;0;0.1;0.01;0;6.65836;0;0;-1
0;514;61.9692;28.7533;-10.2218;9.92591;4096.37;5.96831;0;0;0.1;0.01;0;6.30796;0;0;-1
0;515;62.6756;45.9884;-11.1301;9.50542;3597.51;5.71547;0;0;0.1;0.01;0;5.70211;0;0;-1
0;516;63.2339;63.5925;-10.7992;10.0981;4313.28;6.07184;0;0;0.1;0.01;0;5.33334;0;0;-1
0;517;61.0478;77.9228;-13.7944;8.90529;2958.24;5.35462;0;0;0.1;0.01;0;2.77347;0;0;-1
0;518;77.5997;-47.5303;-10.8102;8.5;2572.44;5.11093;0;0;0.1;0.01;0;3.89175;1;0;-1
0;519;77.3332;-30.0342;-11.244;8.60685;2670.68;5.17517;0;0;0.1;0.01;0;5.62973;0;0;-1
0;520;75.2985;-14.4401;-10.8517;10.4528;4783.95;6.28512;0;0;0.1;0.01;0;7.80066;0;0;-1
0;521;74.9441;1.12177;-10.9956;8.5;2572.44;5.11093;0;0;0.1;0.01;0;6.16632;1;0;-1
0;522;76.6062;18.0071;-13.3346;8.69993;2758.26;5.23114;0;0;0.1;0.01;0;5.75003;0;0;-1
0;523;75.068;34.8517;-12.7115;8.5;2572.44;5.11093;0;0;0.1;0.01;0;5.25307;1;0;-1
0;524;75.3424;51.4798;-10.2292;9.24246;3307.13;5.55736;0;0;0.1;0.01;0;5.7202;0;0;-1
0;525;89.585;-22.1792;-11.9538;8.5;2572.44;5.11093;0;0;0.1;0.01;0;3.79199;1;0;-1
0;526;90.0686;-4.25109;-10.1469;9.67018;3787.85;5.81454;0;0;0.1;0.01;0;4.12011;0;0;-1
0;527;89.5533;12.0121;-11.0247;8.94815;3001.15;5.38039;0;0;0.1;0.01;0;4.80469;0;0;-1
0;528;89.4247;27.0272;-11.1975;8.57982;2645.59;5.15892;0;0;0.1;0.01;0;4.51606;0;0;-1
0;529;89.2375;43.5649;-9.84607;10.0381;4236.85;6.03576;0;0;0.1;0.01;0;3.29343;0;0;-1
0;530;-93.9379;-16.5792;2.39615;9.45997;3546.16;5.68814;0;0;0.1;0.01;0;3.16992;0;0;-1
0;531;-95.685;2.7278;3.43445;9.65336;3768.11;5.80443;0;0;0.1;0.01;0;3.78327;0;0;-1
0;532;-95.907;18.6865;2.1615;10.2032;4449.36;6.13504;0;0;0.1;0.01;0;3.23959;0;0;-1
0;533;-79.6739;-55.9217;3.03947;8.5;2572.44;5.11093;0;0;0.1;0.01;0;2.64084;1;0;-1
0;534;-82.6253;-41.5237;4.68528;9.80047;3943.02;5.89288;0;0;0.1;0.01;0;4.17472;0;0;-1
0;535;-80.5958;-23.2263;2.96805;9.80139;3944.13;5.89343;0;0;0.1;0.01;0;6.45387;0;0;-1
0;536;-79.8666;-6.13618;3.72456;9.46528;3552.13;5.69134;0;0;0.1;0.01;0;5.92311;0;0;-1
0;537;-81.7941;10.3561;2.71508;8.90491;2957.86;5.35439;0;0;0.1;0.01;0;4.70838;0;0;-1
0;538;-80.6041;25.4895;1.20415;8.5;2572.44;5.11093;0;0;0.1;0.01;0;3.6958;1;0;-1
0;539;-82.683;44.0757;2.76974;10.2457;4505.19;6.16059;0;0;0.1;0.01;0;4.42141;0;0;-1
0;540;-78.9039;61.1276;3.37478;9.4202;3501.62;5.66423;0;0;0.1;0.01;0;2.55912;0;0;-1
0;541;-63.8845;-65.5047;1.67832;8.86781;2921.04;5.33209;0;0;0.1;0.01;0;4.0094;0;0;-1
0;542;-64.2818;-47.2867;4.39781;10.2617;4526.33;6.17021;0;0;0.1;0.01;0;6.23369;0;0;-1
0;543;-68.3915;-33.0496;3.55585;8.92266;2975.58;5.36507;0;0;0.1;0.01;0;5.75856;0;0;-1
0;544;-67.7976;-14.8222;1.72492;10.4365;4761.6;6.27532;0;0;0.1;0.01;0;6.92641;0;0;-1
0;545;-67.1957;0.399162;3.73615;10.3306;4618.12;6.21164;0;0;0.1;0.01;0;6.93255;0;0;-1
0;546;-64.7293;17.1293;3.36795;10.4477;4776.95;6.28205;0;0;0.1;0.01;0;6.01988;0;0;-1
0;547;-65.1795;36.5254;3.09847;10.4249;4745.74;6.26834;0;0;0.1;0.01;0;6.60298;0;0;-1
0;548;-65.5668;52.03;3.22619;9.47993;3568.65;5.70014;0;0;0.1;0.01;0;5.47935;0;0;-1
0;549;-64.9463;70.4133;3.16542;8.5;2572.44;5.11093;0;0;0.1;0.01;0;2.34939;1;0;-1
0;550;-49.9093;-75.3337;3.24634;8.5823;2647.89;5.16041;0;0;0.1;0.01;0;5.00627;0;0;-1
0;551;-50.3441;-59.3912;4.20956;8.71413;2771.79;5.23968;0;0;0.1;0.01;0;5.50713;0;0;-1
0;552;-50.9547;-42.3315;3.34248;8.72965;2786.63;5.24901;0;0;0.1;0.01;0;5.46261;0;0;-1
0;553;-52.1173;-24.472;3.65292;8.58632;2651.61;5.16283;0;0;0.1;0.01;0;4.18472;0;0;-1
0;554;-49.641;-5.376;2.14832;8.5;2572.44;5.11093;0;0;0.1;0.01;0;4.35514;1;0;-1
0;555;-52.3001;10.0586;3.74934;8.5;2572.44;5.11093;0;0;0.1;0.01;0;4.98931;1;0;-1
0;556;-52.7567;25.8387;2.70107;8.5;2572.44;5.11093;0;0;0.1;0.01;0;5.48536;1;0;-1
0;557;-50.2695;42.9863;5.11519;9.8444;3996.28;5.91929;0;0;0.1;0.01;0;5.97298;0;0;-1
0;558;-50.7552;63.4596;1.83598;9.04923;3104.01;5.44117;0;0;0.1;0.01;0;5.2133;0;0;-1
0;559;-51.4581;78.1192;1.28672;9.76208;3896.87;5.8698;0;0;0.1;0.01;0;4.43737;0;0;-1
0;560;-34.9751;-84.0159;3.44562;9.36644;3442.01;5.6319;0;0;0.1;0.01;0;5.15528;0;0;-1
0;561;-38.5012;-67.3868;3.24499;9.15764;3216.91;5.50636;0;0;0.1;0.01;0;5.35488;0;0;-1
0;562;-36.7033;-50.3902;4.1177;8.5;2572.44;5.11093;0;0;0.1;0.01;0;5.17396;1;0;-1
0;563;-35.8318;-32.6237;2.6761;9.95707;4135.07;5.98704;0;0;0.1;0.01;0;6.05377;0;0;-1
0;564;-38.0811;-14.0866;3.15751;8.97516;3028.41;5.39663;0;0;0.1;0.01;0;4.98318;0;0;-1
0;565;-36.631;3.18037;4.03414;8.90095;2953.91;5.35201;0;0;0.1;0.01;0;5.85627;0;0;-1
0;566;-38.1412;19.9747;2.91643;10.1518;4382.46;6.10413;0;0;0.1;0.01;0;6.86637;0;0;-1
0;567;-38.1949;36.3074;1.02896;8.89588;2948.87;5.34896;0;0;0.1;0.01;0;5.93159;0;0;-1
0;568;-35.4187;50.8439;2.86054;9.82839;3976.82;5.90967;0;0;0.1;0.01;0;5.01439;0;0;-1
0;569;-35.7482;71.7393;1.3395;10.4423;4769.55;6.2788;0;0;0.1;0.01;0;6.28696;0;0;-1
0;570;-35.3294;87.8917;3.28901;9.58234;3685.56;5.76172;0;0;0.1;0.01;0;5.14515;0;0;-1
0;571;-20.7784;-93.6569;1.60132;9.51832;3612.18;5.72323;0;0;0.1;0.01;0;4.31208;0;0;-1
0;572;-20.5661;-76.6044;4.59877;8.53528;2604.61;5.13214;0;0;0.1;0.01;0;5.26442;0;0;-1
0;573;-23.6203;-57.6372;1.54461;9.2155;3278.27;5.54115;0;0;0.1;0.01;0;6.00438;0;0;-1
0;574;-23.2233;-40.3622;2.14505;9.25268;3318.11;5.5635;0;0;0.1;0.01;0;6.41836;0;0;-1
0;575;-21.1653;-23.0794;3.5718;8.5;2572.44;5.11093;0;0;0.1;0.01;0;5.39884;1;0;-1
0;576;-20.5799;-5.1937;3.34432;8.55675;2624.31;5.14505;0;0;0.1;0.01;0;6.16102;0;0;-1
0;577;-20.1925;9.99201;4.06971;10.1133;4332.79;6.08098;0;0;0.1;0.01;0;6.89964;0;0;-1
0;578;-23.9389;27.5202;1.89113;8.5874;2652.61;5.16348;0;0;0.1;0.01;0;3.99294;0;0;-1
0;579;-19.9321;46.9965;1.83138;9.19996;3261.72;5.5318;0;0;0.1;0.01;0;4.54747;0;0;-1
0;580;-22.0303;63.3235;2.16577;9.89483;4058.01;5.94962;0;0;0.1;0.01;0;6.65832;0;0;-1
0;581;-22.1855;77.5538;1.90515;9.60554;3712.39;5.77567;0;0;0.1;0.01;0;6.19949;0;0;-1
0;582;-23.3657;96.2354;1.35507;9.90756;4073.7;5.95727;0;0;0.1;0.01;0;3.42074;0;0;-1
0;583;-7.07111;-98.954;0.929959;10.0776;4287.06;6.05951;0;0;0.1;0.01;0;2.9737;0;0;-1
0;584;-5.64544;-81.0573;3.71631;8.73414;2790.93;5.25171;0;0;0.1;0.01;0;5.62561;0;0;-1
0;585;-9.08414;-66.6466;2.77273;10.3839;4689.97;6.24369;0;0;0.1;0.01;0;5.75159;0;0;-1
0;586;-7.63408;-49.2508;2.31727;8.64791;2709.08;5.19986;0;0;0.1;0.01;0;5.09479;0;0;-1
0;587;-7.4681;-29.9752;2.51314;9.4445;3528.79;5.67884;0;0;0.1;0.01;0;6.35132;0;0;-1
0;588;-8.7815;-14.1931;3.11906;9.71029;3835.18;5.83866;0;0;0.1;0.01;0;6.8812;0;0;-1
0;589;-7.88625;1.80357;3.77723;8.5;2572.44;5.11093;0;0;0.1;0.01;0;5.90064;1;0;-1
0;590;-6.29912;17.3607;1.34145;8.51996;2590.61;5.12293;0;0;0.1;0.01;0;5.9324;0;0;-1
0;591;-6.16578;34.6554;3.7011;9.22465;3288.05;5.54665;0;0;0.1;0.01;0;5.50936;0;0;-1
0;592;-5.75808;51.8015;3.5391;8.5;2572.44;5.11093;0;0;0.1;0.01;0;5.87072;1;0;-1
0;593;-7.56737;71.785;2.33104;10.3283;4615.04;6.21026;0;0;0.1;0.01;0;6.85593;0;0;-1
0;594;-9.20789;88.3769;3.68027;9.77079;3907.31;5.87503;0;0;0.1;0.01;0;4.97625;0;0;-1
0;595;8.04182;-92.1773;3.10016;8.71605;2773.63;5.24083;0;0;0.1;0.01;0;4.70533;0;0;-1
0;596;8.63425;-76.0885;1.82751;9.61678;3725.44;5.78243;0;0;0.1;0.01;0;7.03915;0;0;-1
0;597;5.95266;-58.9222;1.6862;10.096;4310.59;6.07058;0;0;0.1;0.01;0;6.91961;0;0;-1
0;598;7.0357;-42.7397;3.59352;9.83689;3987.15;5.91478;0;0;0.1;0.01;0;6.7271;0;0;-1
0;599;7.54641;-24.9361;1.84785;9.5353;3631.55;5.73344;0;0;0.1;0.01;0;6.50557;0;0;-1
0;600;9.35507;-8.46076;4.44353;10.1237;4346.17;6.08723;0;0;0.1;0.01;0;5.93054;0;0;-1
0;601;5.73129;10.4513;2.7764;8.89902;2951.99;5.35085;0;0;0.1;0.01;0;4.95891;0;0;-1
0;602;7.63023;25.4204;2.11861;9.91149;4078.55;5.95964;0;0;0.1;0.01;0;6.08896;0;0;-1
0;603;8.38271;44.0622;2.35396;8.5;2572.44;5.11093;0;0;0.1;0.01;0;5.04578;1;0;-1
0;604;6.90628;60.387;1.62525;8.5;2572.44;5.11093;0;0;0.1;0.01;0;5.65655;1;0;-1
0;605;8.80018;76.5043;2.67796;8.62821;2690.61;5.18802;0;0;0.1;0.01;0;5.79755;0;0;-1
0;606;5.61365;97.9055;1.52365;9.70502;3828.93;5.83549;0;0;0.1;0.01;0;2.82583;0;0;-1
0;607;20.4518;-85.2854;2.17561;8.5;2572.44;5.11093;0;0;0.1;0.01;0;4.1526;1;0;-1
0;608;23.7081;-66.3231;2.73936;10.1485;4378.19;6.10215;0;0;0.1;0.01;0;5.92328;0;0;-1
0;609;22.3816;-47.3568;4.38446;8.61569;2678.91;5.18049;0;0;0.1;0.01;0;4.58475;0;0;-1
0;610;21.7432;-31.0889;1.47372;8.5;2572.44;5.11093;0;0;0.1;0.01;0;5.7903;1;0;-1
0;611;21.4326;-14.7066;1.49678;8.5;2572.44;5.11093;0;0;0.1;0.01;0;5.4682;1;0;-1
0;612;23.2036;4.33653;1.19804;9.49255;3582.92;5.70773;0;0;0.1;0.01;0;5.44719;0;0;-1
0;613;23.3877;20.8346;4.67601;9.56391;3664.33;5.75064;0;0;0.1;0.01;0;6.83768;0;0;-1
0;614;21.9789;37.297;4.96419;8.5;2572.44;5.11093;0;0;0.1;0.01;0;5.65923;1;0;-1
0;615;22.7766;51.4219;3.72189;9.88732;4048.78;5.9451;0;0;0.1;0.01;0;6.64434;0;0;-1
0;616;21.1349;67.7544;1.6557;9.16445;3224.09;5.51045;0;0;0.1;0.01;0;5.95738;0;0;-1
0;617;21.4066;89.4938;1.13762;10.1186;4339.6;6.08417;0;0;0.1;0.01;0;4.04336;0;0;-1
0;618;38.0419;-75.9271;1.66014;9.44408;3528.32;5.67859;0;0;0.1;0.01;0;6.03232;0;0;-1
0;619;38.5532;-59.601;4.02558;8.64248;2703.98;5.1966;0;0;0.1;0.01;0;5.22664;0;0;-1
0;620;34.9009;-40.1454;3.41359;8.9796;3032.91;5.3993;0;0;0.1;0.01;0;5.45061;0;0;-1
0;621;35.0486;-25.7246;1.19808;9.54414;3641.66;5.73875;0;0;0.1;0.01;0;6.10781;0;0;-1
0;622;38.0196;-8.85032;4.48387;9.35846;3433.22;5.62711;0;0;0.1;0.01;0;6.01299;0;0;-1
0;623;37.2343;9.08952;1.45491;9.51894;3612.89;5.7236;0;0;0.1;0.01;0;5.74647;0;0;-1
0;624;36.6645;27.2515;2.87419;9.98295;4167.4;6.0026;0;0;0.1;0.01;0;6.51274;0;0;-1
0;625;35.9294;44.5353;1.21593;10.3932;4702.58;6.24928;0;0;0.1;0.01;0;6.87884;0;0;-1
0;626;36.1007;62.7055;3.83153;10.293;4567.88;6.18903;0;0;0.1;0.01;0;7.82523;0;0;-1
0;627;37.6641;80.0006;2.5257;10.395;4705.03;6.25036;0;0;0.1;0.01;0;5.13978;0;0;-1
0;628;50.842;-83.5309;2.89975;8.5;2572.44;5.11093;0;0;0.1;0.01;0;2.989;1;0;-1
0;629;52.1839;-64.612;4.04791;9.83279;3982.16;5.91231;0;0;0.1;0.01;0;5.58543;0;0;-1
0;630;50.3208;-48.4695;3.25918;10.1367;4362.93;6.09505;0;0;0.1;0.01;0;6.36221;0;0;-1
0;631;53.4004;-33.649;4.79115;8.5;2572.44;5.11093;0;0;0.1;0.01;0;5.81285;1;0;-1
0;632;51.3821;-15.8289;2.99664;8.60239;2666.53;5.17249;0;0;0.1;0.01;0;5.11684;0;0;-1
0;633;52.1615;1.13909;2.46693;8.51441;2585.55;5.11959;0;0;0.1;0.01;0;5.43453;0;0;-1
0;634;52.3741;17.0459;1.6647;9.47502;3563.11;5.69719;0;0;0.1;0.01;0;7.31193;0;0;-1
0;635;50.1828;34.387;2.73514;9.80689;3950.78;5.89674;0;0;0.1;0.01;0;6.23153;0;0;-1
0;636;51.3776;54.6343;4.70614;8.5;2572.44;5.11093;0;0;0.1;0.01;0;5.0179;1;0;-1
0;637;50.0067;67.7084;3.25805;9.09874;3155.24;5.47094;0;0;0.1;0.01;0;4.70068;0;0;-1
0;638;68.0566;-56.0644;4.68838;9.91865;4087.39;5.96394;0;0;0.1;0.01;0;4.38701;0;0;-1
0;639;67.5946;-39.0433;2.40371;9.67029;3787.97;5.81461;0;0;0.1;0.01;0;7.09019;0;0;-1
0;640;64.731;-24.1622;3.90135;8.59961;2663.94;5.17082;0;0;0.1;0.01;0;5.6778;0;0;-1
0;641;67.828;-6.65512;4.42922;8.5;2572.44;5.11093;0;0;0.1;0.01;0;4.86697;1;0;-1
0;642;65.627;12.2018;3.83648;10.2544;4516.68;6.16582;0;0;0.1;0.01;0;6.72089;0;0;-1
0;643;65.49;25.9361;3.94235;8.5;2572.44;5.11093;0;0;0.1;0.01;0;6.09747;1;0;-1
0;644;66.9177;44.3135;4.36349;9.40417;3483.77;5.65459;0;0;0.1;0.01;0;5.6983;0;0;-1
0;645;67.421;60.1793;4.32176;9.78995;3930.34;5.88655;0;0;0.1;0.01;0;4.46691;0;0;-1
0;646;82.327;-47.396;5.10573;9.16647;3226.23;5.51167;0;0;0.1;0.01;0;3.67503;0;0;-1
0;647;82.1687;-33.1112;3.1831;10.4059;4719.84;6.25692;0;0;0.1;0.01;0;5.82354;0;0;-1
0;648;81.398;-15.7993;3.83897;9.58771;3691.76;5.76495;0;0;0.1;0.01;0;6.49039;0;0;-1
0;649;79.7737;0.0567387;1.88068;9.17655;3236.88;5.51773;0;0;0.1;0.01;0;5.72888;0;0;-1
0;650;80.9774;18.2586;2.44786;9.17519;3235.44;5.51691;0;0;0.1;0.01;0;6.64431;0;0;-1
0;651;82.5356;36.1046;4.09524;10.3563;4652.67;6.22709;0;0;0.1;0.01;0;5.55315;0;0;-1
0;652;82.8031;55.2999;4.89755;9.98006;4163.78;6.00087;0;0;0.1;0.01;0;2.84932;0;0;-1
0;653;95.838;-23.3869;2.10075;10.372;4673.86;6.23653;0;0;0.1;0.01;0;3.62947;0;0;-1
0;654;96.3545;-7.56623;4.2284;9.30892;3378.99;5.59732;0;0;0.1;0.01;0;3.40822;0;0;-1
0;655;94.5225;12.1166;1.93089;9.59168;3696.35;5.76734;0;0;0.1;0.01;0;4.21422;0;0;-1
0;656;94.3126;26.6328;4.47681;10.0281;4224.2;6.02975;0;0;0.1;0.01;0;4.46465;0;0;-1
0;657;-86.8361;-40.7535;19.2035;10.0139;4206.28;6.02121;0;0;0.1;0.01;0;3.2221;0;0;-1
0;658;-85.0799;-21.1789;18.5614;9.39531;3473.94;5.64926;0;0;0.1;0.01;0;3.28254;0;0;-1
0;659;-84.8773;-4.98904;19.269;9.9256;4095.99;5.96812;0;0;0.1;0.01;0;4.60409;0;0;-1
0;660;-86.6496;10.4811;17.1939;9.41782;3498.97;5.6628;0;0;0.1;0.01;0;4.71632;0;0;-1
0;661;-85.7274;27.1051;18.3049;8.5;2572.44;5.11093;0;0;0.1;0.01;0;3.21787;1;0;-1
0;662;-84.2572;45.3248;18.9245;8.68184;2741.09;5.22026;0;0;0.1;0.01;0;2.72856;0;0;-1
0;663;-72.1085;-63.6404;19.8456;9.46219;3548.65;5.68948;0;0;0.1;0.01;0;3.35629;0;0;-1
0;664;-70.8115;-48.5628;16.6751;9.04696;3101.68;5.43981;0;0;0.1;0.01;0;6.11174;0;0;-1
0;665;-68.9821;-33.8699;19.1887;8.5;2572.44;5.11093;0;0;0.1;0.01;0;5.46739;1;0;-1
0;666;-71.9616;-13.1892;19.0208;9.90376;4069.01;5.95499;0;0;0.1;0.01;0;7.23434;0;0;-1
0;667;-69.3879;2.17169;19.7068;9.7357;3865.36;5.85394;0;0;0.1;0.01;0;6.93123;0;0;-1
0;668;-70.2505;18.6391;19.3002;9.64972;3763.85;5.80224;0;0;0.1;0.01;0;5.80133;0;0;-1
0;669;-70.2927;34.2562;16.7417;8.77909;2834.24;5.27874;0;0;0.1;0.01;0;4.32281;0;0;-1
0;670;-70.2529;52.8828;16.2692;8.5;2572.44;5.11093;0;0;0.1;0.01;0;3.91624;1;0;-1
0;671;-58.022;-74.9496;17.1201;10.065;4271;6.05194;0;0;0.1;0.01;0;4.51537;0;0;-1
0;672;-57.4992;-58.6546;18.7026;9.47117;3558.77;5.69488;0;0;0.1;0.01;0;6.43802;0;0;-1
0;673;-56.2024;-39.5366;17.4589;10.2399;4497.55;6.1571;0;0;0.1;0.01;0;7.40254;0;0;-1
0;674;-57.0826;-23.2698;16.9163;8.9323;2985.23;5.37086;0;0;0.1;0.01;0;5.73265;0;0;-1
0;675;-55.1835;-6.4637;16.0476;9.97374;4155.88;5.99707;0;0;0.1;0.01;0;6.24364;0;0;-1
0;676;-57.1278;8.61562;17.4052;8.70387;2762.01;5.23351;0;0;0.1;0.01;0;5.38486;0;0;-1
0;677;-55.3824;26.7695;16.7945;9.65507;3770.12;5.80545;0;0;0.1;0.01;0;5.70888;0;0;-1
0;678;-54.9712;46.9024;18.9437;8.5;2572.44;5.11093;0;0;0.1;0.01;0;4.35159;1;0;-1
0;679;-53.9861;61.9367;18.283;8.67427;2733.93;5.21571;0;0;0.1;0.01;0;3.80715;0;0;-1
0;680;-53.7946;78.0509;19.6581;9.60026;3706.27;5.7725;0;0;0.1;0.01;0;2.6392;0;0;-1
0;681;-41.6969;-84.6161;16.8493;9.64536;3758.75;5.79962;0;0;0.1;0.01;0;4.32877;0;0;-1
0;682;-40.6287;-67.4695;17.7335;8.98447;3037.85;5.40223;0;0;0.1;0.01;0;5.51484;0;0;-1
0;683;-40.4648;-47.7786;16.7353;9.09298;3149.25;5.46748;0;0;0.1;0.01;0;5.26073;0;0;-1
0;684;-42.5308;-33.0302;18.1899;9.56256;3662.78;5.74983;0;0;0.1;0.01;0;6.35536;0;0;-1
0;685;-42.152;-13.7601;16.4905;8.5;2572.44;5.11093;0;0;0.1;0.01;0;4.91495;1;0;-1
0;686;-39.9944;2.28269;17.7213;8.8338;2887.56;5.31164;0;0;0.1;0.01;0;5.08378;0;0;-1
0;687;-42.211;18.683;18.4619;8.81873;2872.81;5.30257;0;0;0.1;0.01;0;5.43489;0;0;-1
0;688;-41.1642;33.737;18.2771;8.97255;3025.77;5.39506;0;0;0.1;0.01;0;5.18977;0;0;-1
0;689;-39.7066;53.2116;18.5425;8.97931;3032.62;5.39913;0;0;0.1;0.01;0;4.73923;0;0;-1
0;690;-39.5864;71.4838;16.3984;10.2106;4459.05;6.13949;0;0;0.1;0.01;0;5.90353;0;0;-1
0;691;-41.5945;87.7452;18.5426;8.98874;3042.18;5.4048;0;0;0.1;0.01;0;2.93096;0;0;-1
0;692;-27.7624;-93.4528;16.8268;10.4523;4783.26;6.28482;0;0;0.1;0.01;0;3.97975;0;0;-1
0;693;-27.5091;-72.8539;18.4996;9.83112;3980.13;5.91131;0;0;0.1;0.01;0;6.16591;0;0;-1
0;694;-25.3721;-56.7097;16.2777;8.5;2572.44;5.11093;0;0;0.1;0.01;0;4.44997;1;0;-1
0;695;-24.5033;-40.3817;17.8429;8.88227;2935.35;5.34078;0;0;0.1;0.01;0;5.48705;0;0;-1
0;696;-28.3564;-24.7238;16.3179;9.59361;3698.58;5.7685;0;0;0.1;0.01;0;6.04809;0;0;-1
0;697;-28.3788;-7.1856;16.0128;9.33032;3402.34;5.61019;0;0;0.1;0.01;0;5.29218;0;0;-1
0;698;-26.9592;10.677;16.4927;9.60486;3711.6;5.77526;0;0;0.1;0.01;0;6.0917;0;0;-1
0;699;-27.4537;28.0456;17.3635;9.05772;3112.76;5.44628;0;0;0.1;0.01;0;5.12924;0;0;-1
0;700;-25.4611;45.9293;17.6367;9.58543;3689.13;5.76358;0;0;0.1;0.01;0;5.76635;0;0;-1
0;701;-28.1552;62.0584;16.4055;9.01678;3070.74;5.42166;0;0;0.1;0.01;0;5.90365;0;0;-1
0;702;-27.4147;80.4137;16.3108;10.1887;4430.42;6.12632;0;0;0.1;0.01;0;5.89021;0;0;-1
0;703;-13.2902;-83.6075;17.6394;9.77088;3907.42;5.87509;0;0;0.1;0.01;0;5.45604;0;0;-1
0;704;-13.7332;-65.644;17.0289;8.5;2572.44;5.11093;0;0;0.1;0.01;0;4.20809;1;0;-1
0;705;-11.18;-47.5315;16.2697;9.7905;3931;5.88689;0;0;0.1;0.01;0;5.44991;0;0;-1
0;706;-12.3556;-30.7836;19.3456;8.63701;2698.85;5.19331;0;0;0.1;0.01;0;5.76096;0;0;-1
0;707;-11.5485;-16.1875;17.4718;9.71429;3839.92;5.84106;0;0;0.1;0.01;0;6.34209;0;0;-1
0;708;-13.6677;1.6639;17.1255;10.0878;4300.09;6.06565;0;0;0.1;0.01;0;7.0241;0;0;-1
0;709;-13.1788;20.7905;16.6104;10.0841;4295.36;6.06342;0;0;0.1;0.01;0;6.26939;0;0;-1
0;710;-10.9567;37.3202;17.2906;8.97727;3030.55;5.3979;0;0;0.1;0.01;0;5.4936;0;0;-1
0;711;-10.0192;52.3606;18.3012;10.1287;4352.61;6.09024;0;0;0.1;0.01;0;6.64199;0;0;-1
0;712;-11.6687;68.4276;18.367;8.59754;2662.02;5.16958;0;0;0.1;0.01;0;5.20784;0;0;-1
0;713;-11.0528;85.2597;18.6678;8.5;2572.44;5.11093;0;0;0.1;0.01;0;3.73745;1;0;-1
0;714;1.68503;-91.9845;17.4359;10.248;4508.23;6.16197;0;0;0.1;0.01;0;3.90838;0;0;-1
0;715;4.58557;-72.2664;15.9841;8.68782;2746.76;5.22386;0;0;0.1;0.01;0;5.1535;0;0;-1
0;716;2.81935;-56.9683;17.3383;8.5;2572.44;5.11093;0;0;0.1;0.01;0;5.54554;1;0;-1
0;717;2.96339;-39.8528;16.6718;9.887;4048.39;5.94491;0;0;0.1;0.01;0;6.58575;0;0;-1
0;718;2.38769;-24.4678;16.4666;8.82136;2875.38;5.30416;0;0;0.1;0.01;0;5.63433;0;0;-1
0;719;4.97633;-8.37523;17.1129;8.57217;2638.52;5.15432;0;0;0.1;0.01;0;4.7444;0;0;-1
0;720;4.17308;9.6486;16.386;9.89258;4055.25;5.94826;0;0;0.1;0.01;0;4.89299;0;0;-1
0;721;2.15993;28.5095;16.6406;9.95865;4137.04;5.98799;0;0;0.1;0.01;0;6.24789;0;0;-1
0;722;2.53422;46.1892;15.6176;8.5982;2662.63;5.16997;0;0;0.1;0.01;0;5.80308;0;0;-1
0;723;2.6613;63.4029;15.8891;10.4039;4717.12;6.25571;0;0;0.1;0.01;0;6.71334;0;0;-1
0;724;0.994456;77.9644;15.9375;8.66392;2724.16;5.20949;0;0;0.1;0.01;0;5.68449;0;0;-1
0;725;4.69624;93.0905;17.7685;8.70908;2766.98;5.23664;0;0;0.1;0.01;0;2.89443;0;0;-1
0;726;17.7762;-82.3804;17.1074;10.0453;4245.97;6.04009;0;0;0.1;0.01;0;5.13118;0;0;-1
0;727;15.7972;-64.4098;16.3769;8.5;2572.44;5.11093;0;0;0.1;0.01;0;4.94322;1;0;-1
0;728;16.0227;-50.0833;18.3083;9.61978;3728.93;5.78423;0;0;0.1;0.01;0;5.5549;0;0;-1
0;729;18.9363;-33.9825;18.1032;8.5;2572.44;5.11093;0;0;0.1;0.01;0;4.31455;1;0;-1
0;730;18.3584;-17.0126;17.3442;9.30503;3374.75;5.59498;0;0;0.1;0.01;0;5.77556;0;0;-1
0;731;17.4645;2.71628;18.4871;8.54447;2613.03;5.13767;0;0;0.1;0.01;0;4.73992;0;0;-1
0;732;16.5784;21.1385;16.2211;9.14026;3198.63;5.49591;0;0;0.1;0.01;0;6.27564;0;0;-1
0;733;16.5169;37.0711;17.4411;8.88866;2941.69;5.34462;0;0;0.1;0.01;0;5.88919;0;0;-1
0;734;19.663;52.9334;17.6975;8.85858;2911.93;5.32654;0;0;0.1;0.01;0;5.16973;0;0;-1
0;735;16.4146;69.7746;17.3898;8.51644;2587.4;5.12081;0;0;0.1;0.01;0;5.15631;0;0;-1
0;736;17.9141;85.6764;16.4574;9.17315;3233.29;5.51568;0;0;0.1;0.01;0;3.56775;0;0;-1
0;737;33.1762;-92.4873;15.9338;9.05955;3114.64;5.44738;0;0;0.1;0.01;0;1.6885;0;0;-1
0;738;33.7907;-73.7679;16.1004;9.51316;3606.31;5.72013;0;0;0.1;0.01;0;5.47725;0;0;-1
0;739;33.1782;-55.2435;18.0153;9.15668;3215.9;5.50578;0;0;0.1;0.01;0;4.54288;0;0;-1
0;740;33.6511;-39.0284;18.0731;8.5;2572.44;5.11093;0;0;0.1;0.01;0;5.3308;1;0;-1
0;741;31.4397;-24.4833;16.3337;9.37929;3456.2;5.63963;0;0;0.1;0.01;0;6.48231;0;0;-1
0;742;30.7093;-8.06081;18.5935;9.30862;3378.66;5.59714;0;0;0.1;0.01;0;5.49807;0;0;-1
0;743;30.5318;11.5658;17.0195;8.87722;2930.35;5.33774;0;0;0.1;0.01;0;5.13281;0;0;-1
0;744;32.0968;26.8734;16.7678;8.78131;2836.39;5.28007;0;0;0.1;0.01;0;5.40139;0;0;-1
0;745;33.2148;45.7706;16.5212;8.5;2572.44;5.11093;0;0;0.1;0.01;0;5.28947;1;0;-1
0;746;30.486;63.4373;19.4744;9.08213;3137.99;5.46095;0;0;0.1;0.01;0;6.81718;0;0;-1
0;747;30.6512;77.8137;17.8491;9.25776;3323.58;5.56656;0;0;0.1;0.01;0;5.18424;0;0;-1
0;748;45.3109;-81.2483;16.0899;9.99665;4184.58;6.01084;0;0;0.1;0.01;0;4.70948;0;0;-1
0;749;48.9015;-67.64;17.0051;8.61752;2680.62;5.18159;0;0;0.1;0.01;0;5.08358;0;0;-1
0;750;47.5114;-48.1652;18.5933;8.5;2572.44;5.11093;0;0;0.1;0.01;0;4.60375;1;0;-1
0;751;46.7624;-31.901;16.6133;9.52674;3621.78;5.72829;0;0;0.1;0.01;0;6.82933;0;0;-1
0;752;46.3597;-15.3193;17.5072;9.96599;4146.2;5.99241;0;0;0.1;0.01;0;6.40167;0;0;-1
0;753;46.2083;4.3962;19.4809;9.61473;3723.06;5.7812;0;0;0.1;0.01;0;5.43054;0;0;-1
0;754;48.7905;20.4669;17.3412;9.77667;3914.37;5.87857;0;0;0.1;0.01;0;6.22957;0;0;-1
0;755;46.8632;34.882;18.9811;8.5;2572.44;5.11093;0;0;0.1;0.01;0;5.23446;1;0;-1
0;756;45.0828;54.0891;16.5874;10.1386;4365.39;6.09619;0;0;0.1;0.01;0;6.57497;0;0;-1
0;757;46.9792;68.9787;17.7791;8.7934;2848.13;5.28734;0;0;0.1;0.01;0;5.04353;0;0;-1
0;758;45.9422;86.0478;19.6694;8.5;2572.44;5.11093;0;0;0.1;0.01;0;1.28279;1;0;-1
0;759;61.2224;-75.4463;17.4864;9.74749;3879.42;5.86102;0;0;0.1;0.01;0;2.82144;0;0;-1
0;760;62.3087;-57.9529;18.1647;8.5;2572.44;5.11093;0;0;0.1;0.01;0;4.94674;1;0;-1
0;761;62.5627;-38.7128;16.7031;10.097;4311.87;6.07118;0;0;0.1;0.01;0;7.49616;0;0;-1
0;762;60.42;-24.2789;16.5105;9.90118;4065.83;5.95344;0;0;0.1;0.01;0;7.54636;0;0;-1
0;763;60.3763;-7.40297;16.7517;8.93108;2984.01;5.37013;0;0;0.1;0.01;0;4.8116;0;0;-1
0;764;62.4583;10.6041;16.9673;9.45392;3539.36;5.6845;0;0;0.1;0.01;0;5.78121;0;0;-1
0;765;61.6883;28.5299;16.4784;10.2254;4478.47;6.14838;0;0;0.1;0.01;0;7.22281;0;0;-1
0;766;61.869;45.2095;19.0332;8.67367;2733.36;5.21535;0;0;0.1;0.01;0;6.08063;0;0;-1
0;767;62.2902;63.6376;19.0475;10.0225;4217.13;6.02638;0;0;0.1;0.01;0;4.83287;0;0;-1
0;768;75.9085;-50.2079;19.511;8.70096;2759.24;5.23176;0;0;0.1;0.01;0;3.01324;0;0;-1
0;769;76.0452;-33.4767;18.3433;10.0886;4301.12;6.06613;0;0;0.1;0.01;0;6.13519;0;0;-1
0;770;77.6184;-16.9511;16.7497;8.5;2572.44;5.11093;0;0;0.1;0.01;0;4.96208;1;0;-1
0;771;74.8816;0.853022;19.4085;8.71841;2775.88;5.24225;0;0;0.1;0.01;0;4.44655;0;0;-1
0;772;76.4921;20.1069;16.1878;9.82373;3971.16;5.90687;0;0;0.1;0.01;0;6.53793;0;0;-1
0;773;74.8183;37.9217;19.0724;10.3722;4674.14;6.23665;0;0;0.1;0.01;0;6.73566;0;0;-1
0;774;76.5252;52.4279;18.7554;8.77615;2831.4;5.27697;0;0;0.1;0.01;0;4.58121;0;0;-1
0;775;91.529;-22.0693;18.6368;9.7875;3927.39;5.88508;0;0;0.1;0.01;0;4.34569;0;0;-1
0;776;92.7495;-7.36037;19.9348;8.5;2572.44;5.11093;0;0;0.1;0.01;0;2.61955;1;0;-1
0;777;91.6997;9.32431;16.2164;9.05672;3111.73;5.44567;0;0;0.1;0.01;0;2.52832;0;0;-1
0;778;89.4676;26.8404;17.3928;9.35384;3428.14;5.62433;0;0;0.1;0.01;0;4.07846;0;0;-1
0;779;-93.5862;2.41044;34.5605;8.55786;2625.33;5.14572;0;0;0.1;0.01;0;2.84529;0;0;-1
0;780;-82.0374;-39.7088;31.6359;9.85962;4014.85;5.92845;0;0;0.1;0.01;0;3.15583;0;0;-1
0;781;-79.6853;-25.0881;32.4552;9.32437;3395.84;5.60661;0;0;0.1;0.01;0;4.25388;0;0;-1
0;782;-78.9989;-6.0939;34.026;9.22038;3283.49;5.54408;0;0;0.1;0.01;0;5.97847;0;0;-1
0;783;-80.1806;10.0426;31.8142;8.73128;2788.19;5.24999;0;0;0.1;0.01;0;4.89514;0;0;-1
0;784;-82.7038;25.8721;30.92;9.40262;3482.05;5.65366;0;0;0.1;0.01;0;2.74805;0;0;-1
0;785;-79.902;46.036;31.3446;8.54151;2610.31;5.13589;0;0;0.1;0.01;0;2.20509;0;0;-1
0;786;-65.9601;-66.8892;33.9541;9.46889;3556.2;5.69351;0;0;0.1;0.01;0;3.41788;0;0;-1
0;787;-66.628;-47.6777;32.238;9.70994;3834.76;5.83845;0;0;0.1;0.01;0;4.79117;0;0;-1
0;788;-64.3046;-30.7712;34.2037;9.95636;4134.19;5.98661;0;0;0.1;0.01;0;6.55648;0;0;-1
0;789;-66.7752;-15.5632;31.0201;8.5;2572.44;5.11093;0;0;0.1;0.01;0;5.95198;1;0;-1
0;790;-65.6077;0.0163005;34.1234;8.9441;2997.08;5.37796;0;0;0.1;0.01;0;5.98556;0;0;-1
0;791;-66.5539;18.1299;33.8931;8.5;2572.44;5.11093;0;0;0.1;0.01;0;4.42964;1;0;-1
0;792;-64.4067;35.1709;31.661;8.58667;2651.94;5.16304;0;0;0.1;0.01;0;4.16532;0;0;-1
0;793;-66.8408;53.0597;33.2056;9.91933;4088.23;5.96435;0;0;0.1;0.01;0;3.57403;0;0;-1
0;794;-53.1872;-73.3241;30.6165;10.1149;4334.84;6.08194;0;0;0.1;0.01;0;4.85157;0;0;-1
0;795;-50.1851;-58.716;30.9893;9.48167;3570.62;5.70119;0;0;0.1;0.01;0;6.02542;0;0;-1
0;796;-49.8381;-38.4039;31.6517;9.72083;3847.68;5.84499;0;0;0.1;0.01;0;6.1279;0;0;-1
0;797;-52.8044;-21.2982;31.1202;8.5;2572.44;5.11093;0;0;0.1;0.01;0;4.91457;1;0;-1
0;798;-52.7054;-7.29107;34.1931;9.66627;3783.25;5.81219;0;0;0.1;0.01;0;4.47671;0;0;-1
0;799;-51.6679;11.8733;31.7816;8.5;2572.44;5.11093;0;0;0.1;0.01;0;4.16124;1;0;-1
0;800;-50.714;29.4052;32.6089;8.5;2572.44;5.11093;0;0;0.1;0.01;0;5.23774;1;0;-1
0;801;-52.7757;43.3441;33.1302;8.5;2572.44;5.11093;0;0;0.1;0.01;0;5.24154;1;0;-1
0;802;-51.6434;60.0697;33.9671;8.5;2572.44;5.11093;0;0;0.1;0.01;0;4.23772;1;0;-1
0;803;-35.6434;-85.3971;34.2854;10.1766;4414.65;6.11904;0;0;0.1;0.01;0;3.63579;0;0;-1
0;804;-37.9991;-66.3739;31.2846;8.5;2572.44;5.11093;0;0;0.1;0.01;0;4.55881;1;0;-1
0;805;-37.9438;-47.292;33.1252;9.74583;3877.44;5.86003;0;0;0.1;0.01;0;5.96646;0;0;-1
0;806;-34.4755;-33.0316;33.0256;10.2533;4515.23;6.16516;0;0;0.1;0.01;0;6.52005;0;0;-1
0;807;-35.174;-16.2782;32.7168;8.8572;2910.57;5.32571;0;0;0.1;0.01;0;4.13001;0;0;-1
0;808;-35.3378;2.98427;32.2955;8.80953;2863.83;5.29704;0;0;0.1;0.01;0;4.53439;0;0;-1
0;809;-38.3046;17.6729;32.7529;8.96634;3019.49;5.39133;0;0;0.1;0.01;0;4.90199;0;0;-1
0;810;-36.9756;37.9457;31.6625;9.65063;3764.92;5.80278;0;0;0.1;0.01;0;6.08428;0;0;-1
0;811;-36.8468;52.4694;32.4159;8.9865;3039.91;5.40345;0;0;0.1;0.01;0;5.22389;0;0;-1
0;812;-37.9049;69.1953;32.1251;8.5;2572.44;5.11093;0;0;0.1;0.01;0;3.356;1;0;-1
0;813;-20.967;-91.0262;34.0225;9.86408;4020.3;5.93113;0;0;0.1;0.01;0;3.76571;0;0;-1
0;814;-22.927;-74.3043;32.2322;8.5;2572.44;5.11093;0;0;0.1;0.01;0;5.11951;1;0;-1
0;815;-22.8366;-57.0544;34.4241;8.61747;2680.57;5.18156;0;0;0.1;0.01;0;4.5869;0;0;-1
0;816;-21.8589;-42.7494;31.8926;8.61331;2676.69;5.17906;0;0;0.1;0.01;0;5.67938;0;0;-1
0;817;-20.4331;-21.6599;31.379;8.5;2572.44;5.11093;0;0;0.1;0.01;0;3.95887;1;0;-1
0;818;-20.9577;-4.7554;34.0481;9.37895;3455.82;5.63943;0;0;0.1;0.01;0;5.90041;0;0;-1
0;819;-21.7918;11.1936;31.65;8.93559;2988.53;5.37284;0;0;0.1;0.01;0;5.87732;0;0;-1
0;820;-22.995;29.3666;33.7812;9.49202;3582.32;5.70741;0;0;0.1;0.01;0;5.55539;0;0;-1
0;821;-20.7381;44.2976;33.8127;9.19925;3260.96;5.53138;0;0;0.1;0.01;0;6.29536;0;0;-1
0;822;-20.4319;59.7004;30.9779;8.65751;2718.11;5.20564;0;0;0.1;0.01;0;5.12032;0;0;-1
0;823;-21.7702;76.7179;32.6737;10.0526;4255.24;6.04448;0;0;0.1;0.01;0;4.73778;0;0;-1
0;824;-6.81888;-81.4834;33.0037;10.2345;4490.44;6.15386;0;0;0.1;0.01;0;5.73643;0;0;-1
0;825;-7.58336;-65.8483;32.0417;9.11861;3175.96;5.48289;0;0;0.1;0.01;0;4.85244;0;0;-1
0;826;-8.80899;-46.9391;30.7954;9.1191;3176.47;5.48318;0;0;0.1;0.01;0;5.15084;0;0;-1
0;827;-5.45759;-32.6272;31.1748;8.5;2572.44;5.11093;0;0;0.1;0.01;0;4.74287;1;0;-1
0;828;-8.84076;-13.1766;31.5868;10.4144;4731.42;6.26203;0;0;0.1;0.01;0;6.59203;0;0;-1
0;829;-7.46601;3.47767;31.9468;9.30981;3379.96;5.59785;0;0;0.1;0.01;0;6.08541;0;0;-1
0;830;-6.85336;20.9995;33.633;10.0649;4270.88;6.05188;0;0;0.1;0.01;0;5.67608;0;0;-1
0;831;-7.48317;37.7959;34.0843;9.13604;3194.2;5.49337;0;0;0.1;0.01;0;6.14239;0;0;-1
0;832;-5.84838;51.723;33.689;8.5;2572.44;5.11093;0;0;0.1;0.01;0;5.49207;1;0;-1
0;833;-7.20256;69.7804;32.4021;8.73803;2794.66;5.25405;0;0;0.1;0.01;0;4.34947;0;0;-1
0;834;-6.78399;88.6473;31.1357;8.56897;2635.57;5.1524;0;0;0.1;0.01;0;2.1676;0;0;-1
0;835;8.24945;-89.4353;34.6626;8.757;2812.9;5.26546;0;0;0.1;0.01;0;3.18307;0;0;-1
0;836;7.70602;-74.4745;32.4942;10.4534;4784.77;6.28548;0;0;0.1;0.01;0;7.03336;0;0;-1
0;837;6.34367;-58.9482;31.8221;8.79873;2853.31;5.29055;0;0;0.1;0.01;0;5.10441;0;0;-1
0;838;8.4875;-42.9172;33.1995;10.0561;4259.68;6.04659;0;0;0.1;0.01;0;6.75249;0;0;-1
0;839;6.86637;-23.8826;32.7549;8.90408;2957.03;5.35389;0;0;0.1;0.01;0;4.88064;0;0;-1
0;840;7.21084;-6.04571;33.7216;9.87605;4034.95;5.93833;0;0;0.1;0.01;0;6.05116;0;0;-1
0;841;5.64754;8.79051;34.3837;9.10205;3158.68;5.47293;0;0;0.1;0.01;0;4.74214;0;0;-1
0;842;8.33713;27.8185;31.0457;9.25309;3318.55;5.56375;0;0;0.1;0.01;0;5.15865;0;0;-1
0;843;6.79191;42.8926;30.5922;10.1876;4428.99;6.12566;0;0;0.1;0.01;0;6.42001;0;0;-1
0;844;8.63781;61.5763;30.9041;8.68436;2743.48;5.22178;0;0;0.1;0.01;0;4.75756;0;0;-1
0;845;9.1218;78.9347;31.9045;9.46328;3549.88;5.69013;0;0;0.1;0.01;0;4.7048;0;0;-1
0;846;23.1445;-82.662;33.8567;9.93443;4106.93;5.97343;0;0;0.1;0.01;0;4.76668;0;0;-1
0;847;22.6485;-67.9636;33.0063;9.85623;4010.71;5.92641;0;0;0.1;0.01;0;5.40218;0;0;-1
0;848;23.8671;-47.7344;33.3847;8.90151;2954.47;5.35235;0;0;0.1;0.01;0;5.89542;0;0;-1
0;849;21.1364;-32.2878;32.4657;10.1635;4397.63;6.11117;0;0;0.1;0.01;0;7.03876;0;0;-1
0;850;22.1175;-14.0058;32.2139;10.1553;4386.99;6.10623;0;0;0.1;0.01;0;6.79686;0;0;-1
0;851;22.3383;0.48304;30.9408;8.92445;2977.37;5.36614;0;0;0.1;0.01;0;5.12741;0;0;-1
0;852;23.0062;19.3389;30.4882;9.06881;3124.2;5.45294;0;0;0.1;0.01;0;4.82355;0;0;-1
0;853;22.1109;37.5565;33.9853;9.3486;3422.38;5.62118;0;0;0.1;0.01;0;5.73714;0;0;-1
0;854;23.795;51.3893;32.5743;9.90615;4071.96;5.95642;0;0;0.1;0.01;0;6.81354;0;0;-1
0;855;22.3244;68.7555;31.0013;8.75237;2808.44;5.26267;0;0;0.1;0.01;0;5.90454;0;0;-1
0;856;20.8535;89.392;34.2226;9.34689;3420.5;5.62015;0;0;0.1;0.01;0;1.60205;0;0;-1
0;857;35.7812;-74.7234;32.7923;8.5;2572.44;5.11093;0;0;0.1;0.01;0;3.42505;1;0;-1
0;858;37.189;-55.0849;32.8412;9.55435;3653.36;5.74489;0;0;0.1;0.01;0;5.76089;0;0;-1
0;859;35.5759;-38.4172;30.8951;8.5;2572.44;5.11093;0;0;0.1;0.01;0;5.30821;1;0;-1
0;860;37.4981;-21.982;32.1872;8.5;2572.44;5.11093;0;0;0.1;0.01;0;4.75523;1;0;-1
0;861;35.8977;-4.81337;33.2081;9.17157;3231.62;5.51473;0;0;0.1;0.01;0;5.7247;0;0;-1
0;862;38.7411;9.35308;32.4853;8.59517;2659.82;5.16815;0;0;0.1;0.01;0;4.91404;0;0;-1
0;863;38.1025;25.5651;33.0014;9.81869;3965.06;5.90384;0;0;0.1;0.01;0;5.59308;0;0;-1
0;864;38.35;43.1673;33.0921;9.76301;3897.98;5.87036;0;0;0.1;0.01;0;6.01983;0;0;-1
0;865;35.3802;61.8631;33.704;9.76121;3895.83;5.86927;0;0;0.1;0.01;0;6.62684;0;0;-1
0;866;36.8562;77.2495;32.1606;10.0224;4217;6.02632;0;0;0.1;0.01;0;5.23642;0;0;-1
0;867;52.8308;-64.6658;31.9364;9.06145;3116.6;5.44852;0;0;0.1;0.01;0;3.9727;0;0;-1
0;868;53.1687;-49.3378;32.1274;9.43641;3519.73;5.67398;0;0;0.1;0.01;0;5.65722;0;0;-1
0;869;52.0715;-33.3847;32.404;9.52844;3623.71;5.72931;0;0;0.1;0.01;0;6.14049;0;0;-1
0;870;51.5472;-17.3158;31.5986;9.93219;4104.15;5.97208;0;0;0.1;0.01;0;6.32063;0;0;-1
0;871;53.2131;0.915352;33.8743;10.0205;4214.6;6.02518;0;0;0.1;0.01;0;6.86741;0;0;-1
0;872;52.4642;17.8211;33.3861;8.9672;3020.36;5.39185;0;0;0.1;0.01;0;6.01734;0;0;-1
0;873;53.4766;38.1474;32.2335;8.9671;3020.26;5.39179;0;0;0.1;0.01;0;6.03585;0;0;-1
0;874;53.264;53.1804;33.3248;9.60563;3712.5;5.77573;0;0;0.1;0.01;0;6.96856;0;0;-1
0;875;51.4229;68.3324;32.4214;9.14929;3208.12;5.50134;0;0;0.1;0.01;0;4.86872;0;0;-1
0;876;67.2579;-58.0718;32.4287;8.83388;2887.64;5.31168;0;0;0.1;0.01;0;3.29314;0;0;-1
0;877;67.6924;-38.604;31.5536;9.31078;3381.01;5.59844;0;0;0.1;0.01;0;5.34665;0;0;-1
0;878;66.3902;-21.8156;31.9666;9.12977;3187.63;5.4896;0;0;0.1;0.01;0;5.27306;0;0;-1
0;879;66.9399;-4.77081;32.6254;9.85842;4013.38;5.92772;0;0;0.1;0.01;0;5.72546;0;0;-1
0;880;67.2092;10.3601;32.9746;8.94914;3002.15;5.38099;0;0;0.1;0.01;0;6.55166;0;0;-1
0;881;66.2092;28.0119;33.7872;8.61621;2679.4;5.1808;0;0;0.1;0.01;0;5.82195;0;0;-1
0;882;67.3178;45.6445;31.0835;9.11558;3172.79;5.48107;0;0;0.1;0.01;0;6.46643;0;0;-1
0;883;67.0139;59.5019;32.0785;9.87652;4035.53;5.93861;0;0;0.1;0.01;0;4.75444;0;0;-1
0;884;79.9422;-30.2602;33.8277;9.91075;4077.63;5.95919;0;0;0.1;0.01;0;4.39835;0;0;-1
0;885;80.1731;-15.9673;30.7248;8.8039;2858.34;5.29366;0;0;0.1;0.01;0;4.50617;0;0;-1
0;886;79.6576;3.68556;33.5485;10.0827;4293.58;6.06258;0;0;0.1;0.01;0;4.94683;0;0;-1
0;887;80.7153;19.7021;34.1899;8.73611;2792.82;5.2529;0;0;0.1;0.01;0;3.84914;0;0;-1
0;888;80.545;33.6366;31.9238;8.98096;3034.29;5.40012;0;0;0.1;0.01;0;4.25733;0;0;-1
0;889;-86.3514;-6.44551;47.2366;9.7781;3916.08;5.87943;0;0;0.1;0.01;0;3.24517;0;0;-1
0;890;-85.661;9.85495;47.7969;10.4049;4718.48;6.25632;0;0;0.1;0.01;0;3.0223;0;0;-1
0;891;-69.0189;-49.9834;48.7958;10.4318;4755.17;6.27249;0;0;0.1;0.01;0;2.8809;0;0;-1
0;892;-69.3949;-33.7451;47.9903;8.5;2572.44;5.11093;0;0;0.1;0.01;0;4.09285;1;0;-1
0;893;-69.3654;-13.3656;47.6953;9.91875;4087.52;5.964;0;0;0.1;0.01;0;5.72562;0;0;-1
0;894;-71.5184;0.83799;46.776;8.91111;2964.04;5.35812;0;0;0.1;0.01;0;5.62298;0;0;-1
0;895;-68.5691;18.0398;47.0525;8.75571;2811.66;5.26468;0;0;0.1;0.01;0;3.93359;0;0;-1
0;896;-70.5822;36.4588;49.3651;9.25688;3322.63;5.56603;0;0;0.1;0.01;0;1.72452;0;0;-1
0;897;-56.635;-59.6064;46.1498;8.92538;2978.3;5.3667;0;0;0.1;0.01;0;4.10259;0;0;-1
0;898;-57.0607;-39.1322;47.6024;9.30218;3371.65;5.59327;0;0;0.1;0.01;0;5.77789;0;0;-1
0;899;-57.0509;-23.262;47.263;8.5;2572.44;5.11093;0;0;0.1;0.01;0;5.45238;1;0;-1
0;900;-56.8238;-6.91511;48.8081;9.56046;3660.37;5.74857;0;0;0.1;0.01;0;5.90497;0;0;-1
0;901;-54.6002;12.7553;45.9872;8.6949;2753.48;5.22812;0;0;0.1;0.01;0;4.41989;0;0;-1
0;902;-57.7036;29.7445;45.9835;8.5;2572.44;5.11093;0;0;0.1;0.01;0;4.65831;1;0;-1
0;903;-56.3059;45.9421;47.0318;8.5;2572.44;5.11093;0;0;0.1;0.01;0;4.45898;1;0;-1
0;904;-54.4406;61.3002;46.4131;8.73256;2789.42;5.25076;0;0;0.1;0.01;0;3.49955;0;0;-1
0;905;-40.6524;-64.3847;45.8783;8.77308;2828.43;5.27513;0;0;0.1;0.01;0;3.66508;0;0;-1
0;906;-40.4065;-50.5777;48.2082;9.14813;3206.9;5.50064;0;0;0.1;0.01;0;5.16034;0;0;-1
0;907;-43.2002;-30.0732;46.0962;10.1709;4407.24;6.11561;0;0;0.1;0.01;0;6.05313;0;0;-1
0;908;-41.5077;-14.295;49.0788;8.5;2572.44;5.11093;0;0;0.1;0.01;0;4.9887;1;0;-1
0;909;-41.6417;0.771914;49.261;8.65928;2719.78;5.2067;0;0;0.1;0.01;0;4.59962;0;0;-1
0;910;-42.0984;16.7782;48.2702;10.2808;4551.66;6.1817;0;0;0.1;0.01;0;5.92251;0;0;-1
0;911;-42.329;35.8765;45.2259;8.59133;2656.26;5.16584;0;0;0.1;0.01;0;4.94967;0;0;-1
0;912;-41.2207;53.2406;48.9039;10.1348;4360.48;6.09391;0;0;0.1;0.01;0;6.53518;0;0;-1
0;913;-42.4844;69.7214;48.0995;9.85071;4003.97;5.92309;0;0;0.1;0.01;0;4.23742;0;0;-1
0;914;-27.8287;-76.7436;46.7407;9.0812;3137.03;5.46039;0;0;0.1;0.01;0;2.9624;0;0;-1
0;915;-26.1722;-55.5053;48.3163;8.59395;2658.69;5.16742;0;0;0.1;0.01;0;5.99648;0;0;-1
0;916;-27.6884;-41.4885;46.5285;9.63897;3751.29;5.79577;0;0;0.1;0.01;0;7.57656;0;0;-1
0;917;-28.0329;-24.2504;49.4393;8.5;2572.44;5.11093;0;0;0.1;0.01;0;4.80333;1;0;-1
0;918;-25.6987;-8.79329;47.3213;8.5;2572.44;5.11093;0;0;0.1;0.01;0;4.6376;1;0;-1
0;919;-26.6767;12.0292;46.5399;9.92574;4096.16;5.9682;0;0;0.1;0.01;0;5.77842;0;0;-1
0;920;-26.9564;29.5838;48.5546;10.2075;4454.99;6.13762;0;0;0.1;0.01;0;7.06242;0;0;-1
0;921;-26.3497;45.1539;48.8412;9.22863;3292.31;5.54904;0;0;0.1;0.01;0;6.11718;0;0;-1
0;922;-25.8919;60.881;46.5184;10.3198;4603.65;6.20515;0;0;0.1;0.01;0;6.87231;0;0;-1
0;923;-25.5693;79.3369;48.4995;9.1597;3219.08;5.50759;0;0;0.1;0.01;0;3.17616;0;0;-1
0;924;-12.362;-80.7895;46.0111;8.874;2927.16;5.33581;0;0;0.1;0.01;0;3.07139;0;0;-1
0;925;-11.8854;-64.6869;47.9588;8.62741;2689.86;5.18754;0;0;0.1;0.01;0;4.4561;0;0;-1
0;926;-13.4926;-47.9725;46.5727;10.3686;4669.27;6.23449;0;0;0.1;0.01;0;7.52005;0;0;-1
0;927;-12.6914;-33.5665;49.1113;10.005;4195.08;6.01586;0;0;0.1;0.01;0;5.88081;0;0;-1
0;928;-11.4141;-13.8814;48.69;9.93402;4106.42;5.97318;0;0;0.1;0.01;0;6.77145;0;0;-1
0;929;-11.0368;0.268771;46.1062;9.49154;3581.78;5.70713;0;0;0.1;0.01;0;6.65057;0;0;-1
0;930;-13.1758;19.5107;47.8633;10.0132;4205.4;6.02079;0;0;0.1;0.01;0;6.25747;0;0;-1
0;931;-11.2552;37.0969;49.0554;8.84922;2902.71;5.32091;0;0;0.1;0.01;0;6.45042;0;0;-1
0;932;-12.1994;52.5442;48.7862;9.02879;3083.03;5.42888;0;0;0.1;0.01;0;7.20823;0;0;-1
0;933;-11.7521;69.7929;48.0763;10.1432;4371.33;6.09896;0;0;0.1;0.01;0;5.86782;0;0;-1
0;934;-12.8158;86.6154;47.9956;8.5;2572.44;5.11093;0;0;0.1;0.01;0;1.66611;1;0;-1
0;935;2.05725;-73.1405;45.8796;8.5;2572.44;5.11093;0;0;0.1;0.01;0;4.91111;1;0;-1
0;936;1.61149;-59.4392;46.6259;8.99434;3047.87;5.40817;0;0;0.1;0.01;0;5.60756;0;0;-1
0;937;2.35305;-42.2793;46.9547;9.40872;3488.83;5.65733;0;0;0.1;0.01;0;5.65231;0;0;-1
0;938;1.44598;-22.4097;48.5097;9.3869;3464.62;5.64421;0;0;0.1;0.01;0;5.8209;0;0;-1
0;939;4.30727;-5.38809;49.0425;9.50215;3593.8;5.7135;0;0;0.1;0.01;0;6.81235;0;0;-1
0;940;3.22354;8.8647;49.2396;9.40384;3483.41;5.65439;0;0;0.1;0.01;0;5.80779;0;0;-1
0;941;1.82494;29.6359;47.3296;8.5;2572.44;5.11093;0;0;0.1;0.01;0;5.04878;1;0;-1
0;942;1.08666;45.543;47.5986;8.53776;2606.88;5.13363;0;0;0.1;0.01;0;6.17091;0;0;-1
0;943;1.48685;60.6199;45.6722;9.03964;3094.15;5.4354;0;0;0.1;0.01;0;5.4371;0;0;-1
0;944;4.93373;79.7311;48.6613;10.1102;4328.8;6.07912;0;0;0.1;0.01;0;3.00433;0;0;-1
0;945;18.929;-84.4743;48.8913;8.82496;2878.9;5.30632;0;0;0.1;0.01;0;1.95478;0;0;-1
0;946;18.2819;-65.9312;46.7117;9.13393;3191.99;5.4921;0;0;0.1;0.01;0;4.69445;0;0;-1
0;947;16.9236;-49.4151;46.2859;8.5;2572.44;5.11093;0;0;0.1;0.01;0;4.6139;1;0;-1
0;948;19.3943;-34.4005;45.9308;10.2763;4545.68;6.17899;0;0;0.1;0.01;0;6.56837;0;0;-1
0;949;16.1464;-14.8598;48.4551;9.22523;3288.67;5.547;0;0;0.1;0.01;0;6.34131;0;0;-1
0;950;18.781;1.80989;48.5165;8.50641;2578.26;5.11478;0;0;0.1;0.01;0;5.65695;0;0;-1
0;951;17.3903;17.4849;46.7741;9.55479;3653.86;5.74516;0;0;0.1;0.01;0;5.2348;0;0;-1
0;952;16.0219;36.3939;49.0144;8.5;2572.44;5.11093;0;0;0.1;0.01;0;4.95097;1;0;-1
0;953;19.2404;50.8492;45.5595;9.03341;3087.76;5.43166;0;0;0.1;0.01;0;5.11145;0;0;-1
0;954;17.413;71.1;46.7954;9.52319;3617.73;5.72616;0;0;0.1;0.01;0;4.54268;0;0;-1
0;955;33.2074;-74.2772;48.7963;8.9766;3029.87;5.3975;0;0;0.1;0.01;0;3.24305;0;0;-1
0;956;33.1122;-57.1332;47.8288;9.60965;3717.16;5.77814;0;0;0.1;0.01;0;6.04599;0;0;-1
0;957;33.475;-39.2131;45.824;9.85133;4004.73;5.92346;0;0;0.1;0.01;0;6.54127;0;0;-1
0;958;30.7984;-22.512;46.1752;9.98303;4167.5;6.00265;0;0;0.1;0.01;0;6.38954;0;0;-1
0;959;31.9828;-5.04111;47.7722;9.48791;3577.67;5.70494;0;0;0.1;0.01;0;5.83448;0;0;-1
0;960;33.2562;12.0642;47.6416;9.44032;3524.1;5.67633;0;0;0.1;0.01;0;5.47932;0;0;-1
0;961;30.6874;25.7839;46.9807;9.75134;3884.02;5.86334;0;0;0.1;0.01;0;6.52806;0;0;-1
0;962;32.7078;43.2112;48.5177;8.95476;3007.81;5.38437;0;0;0.1;0.01;0;6.11622;0;0;-1
0;963;31.8858;59.3295;48.6124;9.99243;4179.28;6.0083;0;0;0.1;0.01;0;6.93188;0;0;-1
0;964;30.9341;76.2502;47.6944;9.44588;3530.33;5.67967;0;0;0.1;0.01;0;4.12612;0;0;-1
0;965;45.9681;-63.7009;46.5691;8.50235;2574.57;5.11234;0;0;0.1;0.01;0;3.30814;0;0;-1
0;966;46.1757;-47.4755;47.5727;10.2055;4452.37;6.13642;0;0;0.1;0.01;0;6.4293;0;0;-1
0;967;47.6512;-31.4582;46.2944;8.5;2572.44;5.11093;0;0;0.1;0.01;0;5.04378;1;0;-1
0;968;45.23;-13.9455;49.0294;9.26855;3335.22;5.57304;0;0;0.1;0.01;0;5.88902;0;0;-1
0;969;45.8979;-0.223129;45.3805;8.5;2572.44;5.11093;0;0;0.1;0.01;0;5.34576;1;0;-1
0;970;47.7184;20.7874;46.882;10.0206;4214.73;6.02524;0;0;0.1;0.01;0;7.16685;0;0;-1
0;971;45.3014;36.6205;48.5847;9.44979;3534.72;5.68202;0;0;0.1;0.01;0;6.80012;0;0;-1
0;972;46.4711;54.7695;49.1028;9.69619;3818.49;5.83018;0;0;0.1;0.01;0;5.88205;0;0;-1
0;973;45.6622;72.0074;48.4173;9.86394;4020.13;5.93104;0;0;0.1;0.01;0;3.34396;0;0;-1
0;974;63.7027;-58.7675;46.4817;8.74716;2803.43;5.25954;0;0;0.1;0.01;0;2.38338;0;0;-1
0;975;62.0121;-42.3768;47.644;9.36522;3440.67;5.63117;0;0;0.1;0.01;0;5.04905;0;0;-1
0;976;59.896;-24.0708;48.5179;8.5;2572.44;5.11093;0;0;0.1;0.01;0;4.86207;1;0;-1
0;977;63.6082;-8.70013;46.8192;10.1425;4370.42;6.09854;0;0;0.1;0.01;0;6.67333;0;0;-1
0;978;60.6644;8.133;47.148;9.86993;4027.46;5.93465;0;0;0.1;0.01;0;6.38318;0;0;-1
0;979;61.5228;26.8063;46.1109;9.90075;4065.3;5.95318;0;0;0.1;0.01;0;6.42594;0;0;-1
0;980;60.171;43.6475;46.0404;10.1384;4365.13;6.09607;0;0;0.1;0.01;0;6.2438;0;0;-1
0;981;61.1679;61.0017;46.9955;9.12844;3186.24;5.4888;0;0;0.1;0.01;0;3.76088;0;0;-1
0;982;77.2928;-30.3705;48.6482;8.61289;2676.3;5.17881;0;0;0.1;0.01;0;2.62384;0;0;-1
0;983;77.1312;-17.1004;47.7263;8.5;2572.44;5.11093;0;0;0.1;0.01;0;3.16246;1;0;-1
0;984;75.5658;1.83364;46.5499;9.84126;3992.46;5.91741;0;0;0.1;0.01;0;5.047;0;0;-1
0;985;78.6917;17.3371;48.8034;10.0526;4255.24;6.04448;0;0;0.1;0.01;0;4.18428;0;0;-1
0;986;75.2824;34.6957;45.9218;10.2898;4563.62;6.18711;0;0;0.1;0.01;0;4.407;0;0;-1
0;987;-65.6106;-30.2913;62.2623;8.57744;2643.39;5.15749;0;0;0.1;0.01;0;3.43966;0;0;-1
0;988;-66.5738;-15.423;63.552;8.87947;2932.58;5.3391;0;0;0.1;0.01;0;3.54106;0;0;-1
0;989;-66.6915;0.551331;61.3344;8.52153;2592.04;5.12387;0;0;0.1;0.01;0;3.47813;0;0;-1
0;990;-66.1508;19.5129;63.9374;9.60852;3715.85;5.77746;0;0;0.1;0.01;0;3.35446;0;0;-1
0;991;-51.8174;-58.4785;60.4466;9.06277;3117.97;5.44931;0;0;0.1;0.01;0;2.13865;0;0;-1
0;992;-51.4183;-38.758;63.6232;10.4312;4754.35;6.27213;0;0;0.1;0.01;0;5.19888;0;0;-1
0;993;-50.7484;-24.5018;63.3021;8.99047;3043.94;5.40584;0;0;0.1;0.01;0;6.41319;0;0;-1
0;994;-52.7023;-8.7902;61.3389;8.75928;2815.1;5.26683;0;0;0.1;0.01;0;4.57428;0;0;-1
0;995;-53.4861;10.3273;61.6486;10.3467;4639.75;6.22132;0;0;0.1;0.01;0;5.60353;0;0;-1
0;996;-53.0198;27.1238;62.1108;8.5119;2583.26;5.11808;0;0;0.1;0.01;0;4.04306;0;0;-1
0;997;-51.75;46.5238;61.8018;9.49673;3587.66;5.71025;0;0;0.1;0.01;0;3.02821;0;0;-1
0;998;-36.3703;-47.5555;60.5167;9.31429;3384.84;5.60055;0;0;0.1;0.01;0;6.18633;0;0;-1
0;999;-36.9147;-33.1712;64.1668;8.56914;2635.73;5.1525;0;0;0.1;0.01;0;5.89184;0;0;-1
0;1000;-35.4739;-15.6556;62.6712;9.77893;3917.08;5.87993;0;0;0.1;0.01;0;6.62029;0;0;-1
0;1001;-36.1662;1.45521;63.9616;8.73934;2795.92;5.25484;0;0;0.1;0.01;0;4.87588;0;0;-1
0;1002;-35.0664;19.5875;62.2198;8.80965;2863.94;5.29711;0;0;0.1;0.01;0;5.88793;0;0;-1
0;1003;-35.226;37.0879;60.66;9.96828;4149.06;5.99378;0;0;0.1;0.01;0;6.29227;0;0;-1
0;1004;-38.3036;52.2612;63.8433;9.47991;3568.63;5.70013;0;0;0.1;0.01;0;3.94512;0;0;-1
0;1005;-38.3157;67.9552;60.6969;9.61487;3723.22;5.78128;0;0;0.1;0.01;0;3.18449;0;0;-1
0;1006;-21.3163;-73.2367;63.7675;8.5;2572.44;5.11093;0;0;0.1;0.01;0;1.71298;1;0;-1
0;1007;-23.2931;-57.0288;62.244;10.4;4711.82;6.25337;0;0;0.1;0.01;0;6.1851;0;0;-1
0;1008;-22.2418;-40.8621;61.393;10.2717;4539.58;6.17622;0;0;0.1;0.01;0;8.02912;0;0;-1
0;1009;-21.3065;-22.7343;63.6622;8.53442;2603.82;5.13162;0;0;0.1;0.01;0;6.24258;0;0;-1
0;1010;-21.9766;-5.56775;62.1291;10.3597;4657.26;6.22914;0;0;0.1;0.01;0;6.43773;0;0;-1
0;1011;-22.1209;10.5209;60.8513;8.5;2572.44;5.11093;0;0;0.1;0.01;0;3.63282;1;0;-1
0;1012;-23.7853;26.8108;63.5268;9.01866;3072.66;5.42279;0;0;0.1;0.01;0;4.69505;0;0;-1
0;1013;-22.4066;44.475;62.8146;9.87176;4029.7;5.93575;0;0;0.1;0.01;0;6.77192;0;0;-1
0;1014;-21.8332;59.7013;60.1748;8.81698;2871.1;5.30152;0;0;0.1;0.01;0;5.43794;0;0;-1
0;1015;-7.87646;-67.6973;60.3447;8.52518;2595.37;5.12607;0;0;0.1;0.01;0;3.88939;0;0;-1
0;1016;-7.87094;-47.7022;63.1305;10.2311;4485.96;6.15181;0;0;0.1;0.01;0;6.71462;0;0;-1
0;1017;-5.56252;-29.8858;63.3967;9.05885;3113.92;5.44696;0;0;0.1;0.01;0;6.57593;0;0;-1
0;1018;-6.85201;-15.3333;60.9695;8.54701;2615.36;5.13919;0;0;0.1;0.01;0;6.62547;0;0;-1
0;1019;-8.78291;0.620417;60.773;8.5;2572.44;5.11093;0;0;0.1;0.01;0;4.71361;1;0;-1
0;1020;-6.95586;20.8327;60.3927;8.92528;2978.2;5.36664;0;0;0.1;0.01;0;4.61666;0;0;-1
0;1021;-8.83222;36.0092;63.5792;9.68264;3802.51;5.82203;0;0;0.1;0.01;0;7.04904;0;0;-1
0;1022;-6.47452;52.1425;61.0301;9.64341;3756.48;5.79844;0;0;0.1;0.01;0;7.58128;0;0;-1
0;1023;-7.4338;67.6699;60.8786;10.3052;4584.14;6.19637;0;0;0.1;0.01;0;4.93573;0;0;-1
0;1024;5.31973;-73.7736;61.9528;8.5;2572.44;5.11093;0;0;0.1;0.01;0;2.23602;1;0;-1
0;1025;6.87358;-57.4053;62.3026;10.176;4413.87;6.11868;0;0;0.1;0.01;0;5.81696;0;0;-1
0;1026;7.7421;-39.3544;61.0312;8.5;2572.44;5.11093;0;0;0.1;0.01;0;4.55384;1;0;-1
0;1027;6.38329;-22.6907;62.3447;9.92312;4092.92;5.96663;0;0;0.1;0.01;0;6.71174;0;0;-1
0;1028;9.17231;-6.3745;62.4718;10.2402;4497.94;6.15728;0;0;0.1;0.01;0;6.85765;0;0;-1
0;1029;8.78351;12.1986;62.2456;8.66534;2725.5;5.21034;0;0;0.1;0.01;0;4.78944;0;0;-1
0;1030;7.92093;26.3228;63.4144;8.5;2572.44;5.11093;0;0;0.1;0.01;0;5.49569;1;0;-1
0;1031;7.42176;42.072;60.085;10.2988;4575.6;6.19252;0;0;0.1;0.01;0;6.63316;0;0;-1
0;1032;6.63811;63.0854;63.2909;9.3194;3390.41;5.60362;0;0;0.1;0.01;0;4.62265;0;0;-1
0;1033;21.3015;-63.8692;60.9559;8.5;2572.44;5.11093;0;0;0.1;0.01;0;3.70226;1;0;-1
0;1034;23.2542;-50.2977;61.9544;8.5;2572.44;5.11093;0;0;0.1;0.01;0;4.43476;1;0;-1
0;1035;20.9389;-32.3647;61.0287;8.5;2572.44;5.11093;0;0;0.1;0.01;0;3.8329;1;0;-1
0;1036;24.2135;-12.6691;60.365;8.5;2572.44;5.11093;0;0;0.1;0.01;0;5.40677;1;0;-1
0;1037;20.6124;2.9509;61.7814;8.5;2572.44;5.11093;0;0;0.1;0.01;0;5.06514;1;0;-1
0;1038;23.0814;19.7949;63.733;10.3275;4613.96;6.20978;0;0;0.1;0.01;0;7.34242;0;0;-1
0;1039;21.9269;37.8436;63.1543;8.70203;2760.26;5.2324;0;0;0.1;0.01;0;5.68736;0;0;-1
0;1040;21.5752;53.1575;60.4253;8.5;2572.44;5.11093;0;0;0.1;0.01;0;5.29596;1;0;-1
0;1041;22.134;69.109;61.3915;9.0674;3122.75;5.4521;0;0;0.1;0.01;0;3.39115;0;0;-1
0;1042;34.6681;-59.7303;63.5405;8.5;2572.44;5.11093;0;0;0.1;0.01;0;2.17385;1;0;-1
0;1043;36.1561;-39.344;62.5758;9.23923;3303.66;5.55541;0;0;0.1;0.01;0;4.51277;0;0;-1
0;1044;38.1813;-22.8158;61.8951;8.81792;2872.02;5.30209;0;0;0.1;0.01;0;4.89389;0;0;-1
0;1045;35.7955;-5.05895;62.6093;8.95321;3006.25;5.38344;0;0;0.1;0.01;0;4.80331;0;0;-1
0;1046;38.2689;12.286;61.3818;9.45337;3538.74;5.68417;0;0;0.1;0.01;0;5.64772;0;0;-1
0;1047;37.952;26.2079;60.2486;8.5;2572.44;5.11093;0;0;0.1;0.01;0;6.73247;1;0;-1
0;1048;35.5212;43.3635;63.5165;9.23679;3301.05;5.55395;0;0;0.1;0.01;0;5.62862;0;0;-1
0;1049;38.6632;60.4761;63.3828;9.72555;3853.28;5.84783;0;0;0.1;0.01;0;3.94711;0;0;-1
0;1050;53.4574;-48.7304;61.7451;9.52246;3616.9;5.72572;0;0;0.1;0.01;0;3.22449;0;0;-1
0;1051;50.3658;-33.3933;60.8863;8.5;2572.44;5.11093;0;0;0.1;0.01;0;4.87587;1;0;-1
0;1052;51.0268;-15.2814;62.1425;9.58171;3684.83;5.76134;0;0;0.1;0.01;0;5.69773;0;0;-1
0;1053;50.0342;0.795938;62.6987;8.5;2572.44;5.11093;0;0;0.1;0.01;0;4.12923;1;0;-1
0;1054;50.5541;20.6953;60.9298;8.5;2572.44;5.11093;0;0;0.1;0.01;0;5.72343;1;0;-1
0;1055;50.8689;34.8045;61.8191;9.8158;3961.56;5.9021;0;0;0.1;0.01;0;6.01724;0;0;-1
0;1056;53.696;53.0078;62.7357;10.1404;4367.71;6.09728;0;0;0.1;0.01;0;3.14214;0;0;-1
0;1057;67.0769;-40.8554;60.894;10.4293;4751.76;6.27099;0;0;0.1;0.01;0;2.85435;0;0;-1
0;1058;64.4513;-21.5228;62.1407;8.5;2572.44;5.11093;0;0;0.1;0.01;0;2.95959;1;0;-1
0;1059;64.4431;-5.44002;61.8722;8.5;2572.44;5.11093;0;0;0.1;0.01;0;4.08022;1;0;-1
0;1060;66.7694;9.19644;60.6555;9.7064;3830.57;5.83632;0;0;0.1;0.01;0;3.28766;0;0;-1
0;1061;65.1691;25.029;60.1623;8.80062;2855.15;5.29169;0;0;0.1;0.01;0;2.82071;0;0;-1
0;1062;-54.4223;-23.7665;75.9815;9.34551;3418.99;5.61932;0;0;0.1;0.01;0;3.6039;0;0;-1
0;1063;-56.507;-4.70059;78.7086;8.5;2572.44;5.11093;0;0;0.1;0.01;0;1.6634;1;0;-1
0;1064;-54.9393;10.6822;76.2472;9.32397;3395.4;5.60637;0;0;0.1;0.01;0;3.90598;0;0;-1
0;1065;-56.4417;29.7263;75.017;10.447;4775.99;6.28163;0;0;0.1;0.01;0;3.2346;0;0;-1
0;1066;-40.0276;-48.9652;77.0254;8.5;2572.44;5.11093;0;0;0.1;0.01;0;2.24608;1;0;-1
0;1067;-42.2502;-30.799;77.7915;8.79456;2849.25;5.28804;0;0;0.1;0.01;0;4.7499;0;0;-1
0;1068;-40.3996;-15.9268;75.0983;9.98709;4172.59;6.00509;0;0;0.1;0.01;0;6.54641;0;0;-1
0;1069;-40.4552;2.86916;77.9468;9.51488;3608.27;5.72116;0;0;0.1;0.01;0;5.73141;0;0;-1
0;1070;-41.6356;17.7767;74.6464;8.54694;2615.29;5.13915;0;0;0.1;0.01;0;5.55017;0;0;-1
0;1071;-39.3205;33.6817;76.4782;9.87209;4030.1;5.93594;0;0;0.1;0.01;0;4.14243;0;0;-1
0;1072;-24.392;-55.1633;76.9434;9.73996;3870.44;5.8565;0;0;0.1;0.01;0;3.46695;0;0;-1
0;1073;-26.2704;-40.8463;74.9482;9.02504;3079.19;5.42663;0;0;0.1;0.01;0;5.50602;0;0;-1
0;1074;-27.4682;-23.1556;76.5365;10.0637;4269.35;6.05116;0;0;0.1;0.01;0;7.0141;0;0;-1
0;1075;-27.2499;-4.52023;77.8997;9.34698;3420.6;5.6202;0;0;0.1;0.01;0;6.5496;0;0;-1
0;1076;-24.9818;12.2913;77.0433;9.04555;3100.23;5.43896;0;0;0.1;0.01;0;5.77499;0;0;-1
0;1077;-25.7872;26.5306;77.3042;9.31413;3384.66;5.60045;0;0;0.1;0.01;0;5.89799;0;0;-1
0;1078;-25.3419;43.7238;77.7622;9.28589;3353.97;5.58347;0;0;0.1;0.01;0;3.80809;0;0;-1
0;1079;-10.0648;-47.8121;76.4047;8.80812;2862.45;5.29619;0;0;0.1;0.01;0;4.92304;0;0;-1
0;1080;-12.4513;-31.1441;76.4171;10.2266;4480.05;6.14911;0;0;0.1;0.01;0;7.47989;0;0;-1
0;1081;-12.8039;-16.1711;74.6135;9.40462;3484.27;5.65486;0;0;0.1;0.01;0;7.35188;0;0;-1
0;1082;-13.5675;0.328832;78.4959;10.2202;4471.64;6.14526;0;0;0.1;0.01;0;6.5952;0;0;-1
0;1083;-11.481;20.5744;78.3134;8.95194;3004.97;5.38267;0;0;0.1;0.01;0;5.81187;0;0;-1
0;1084;-10.8854;36.5084;76.7793;10.0821;4292.81;6.06222;0;0;0.1;0.01;0;7.27722;0;0;-1
0;1085;-11.9874;51.5983;76.314;9.93362;4105.93;5.97294;0;0;0.1;0.01;0;4.78302;0;0;-1
0;1086;3.54676;-58.8461;76.6033;10.3992;4710.73;6.25289;0;0;0.1;0.01;0;3.37104;0;0;-1
0;1087;1.37508;-42.2261;78.477;8.5;2572.44;5.11093;0;0;0.1;0.01;0;4.97806;1;0;-1
0;1088;4.76683;-23.2429;76.3305;10.0445;4244.96;6.03961;0;0;0.1;0.01;0;6.80778;0;0;-1
0;1089;1.2997;-7.59311;78.247;9.92445;4094.57;5.96743;0;0;0.1;0.01;0;6.26831;0;0;-1
0;1090;3.27117;11.4166;77.6289;8.90179;2954.75;5.35252;0;0;0.1;0.01;0;4.53989;0;0;-1
0;1091;1.50574;27.3593;77.7786;9.65841;3774.03;5.80746;0;0;0.1;0.01;0;7.24061;0;0;-1
0;1092;2.5404;42.4906;76.469;10.3015;4579.2;6.19414;0;0;0.1;0.01;0;6.33754;0;0;-1
0;1093;4.04407;61.3704;76.5693;9.70352;3827.16;5.83459;0;0;0.1;0.01;0;3.29194;0;0;-1
0;1094;16.4736;-49.5981;74.9853;8.82222;2876.22;5.30467;0;0;0.1;0.01;0;3.51653;0;0;-1
0;1095;17.4669;-30.7383;77.8443;9.94785;4123.6;5.9815;0;0;0.1;0.01;0;6.04292;0;0;-1
0;1096;18.497;-13.1208;74.6056;9.11763;3174.93;5.4823;0;0;0.1;0.01;0;6.14194;0;0;-1
0;1097;16.7237;3.34113;76.3029;8.78297;2838;5.28107;0;0;0.1;0.01;0;5.25262;0;0;-1
0;1098;18.4065;20.1264;76.7535;8.5;2572.44;5.11093;0;0;0.1;0.01;0;5.81255;1;0;-1
0;1099;18.6016;33.9778;76.0146;10.0972;4312.13;6.0713;0;0;0.1;0.01;0;7.30706;0;0;-1
0;1100;18.5659;54.4281;76.1403;9.59276;3697.6;5.76799;0;0;0.1;0.01;0;3.60243;0;0;-1
0;1101;32.5526;-40.2015;76.4291;10.1849;4425.47;6.12403;0;0;0.1;0.01;0;3.81225;0;0;-1
0;1102;31.2475;-22.9442;78.5531;10.1291;4353.13;6.09048;0;0;0.1;0.01;0;5.5825;0;0;-1
0;1103;31.1778;-5.98695;77.3403;8.5572;2624.72;5.14532;0;0;0.1;0.01;0;5.20053;0;0;-1
0;1104;32.3734;11.7433;76.1703;9.07028;3125.72;5.45383;0;0;0.1;0.01;0;4.46184;0;0;-1
0;1105;34.5158;28.4097;76.646;10.3011;4578.67;6.1939;0;0;0.1;0.01;0;5.87472;0;0;-1
0;1106;30.9541;46.4965;78.16;10.3268;4613.03;6.20935;0;0;0.1;0.01;0;4.16875;0;0;-1
0;1107;49.0865;-30.3982;78.664;9.26179;3327.92;5.56898;0;0;0.1;0.01;0;1.69116;0;0;-1
0;1108;45.4507;-13.883;75.3094;8.5304;2600.14;5.12921;0;0;0.1;0.01;0;4.76121;0;0;-1
0;1109;47.4438;0.398856;77.9853;8.55106;2619.08;5.14163;0;0;0.1;0.01;0;3.4532;0;0;-1
0;1110;48.3223;20.0372;74.9218;9.58572;3689.46;5.76375;0;0;0.1;0.01;0;3.86939;0;0;-1
0;1111;49.0111;36.2395;77.466;8.5;2572.44;5.11093;0;0;0.1;0.01;0;2.34021;1;0;-1
0;1112;60.4395;-6.10411;78.4433;8.5;2572.44;5.11093;0;0;0.1;0.01;0;1.59542;1;0;-1
0;1113;-36.2708;-15.7319;89.6376;9.8315;3980.59;5.91154;0;0;0.1;0.01;0;4.24637;0;0;-1
0;1114;-36.4146;1.56664;91.2416;8.5;2572.44;5.11093;0;0;0.1;0.01;0;3.92166;1;0;-1
0;1115;-38.4446;16.953;89.8892;10.0141;4206.53;6.02133;0;0;0.1;0.01;0;3.77068;0;0;-1
0;1116;-21.103;-24.4708;90.0457;10.4526;4783.67;6.285;0;0;0.1;0.01;0;4.9499;0;0;-1
0;1117;-23.4176;-6.36345;93.0768;10.0382;4236.98;6.03582;0;0;0.1;0.01;0;4.53977;0;0;-1
0;1118;-22.7372;11.6883;89.7629;8.5;2572.44;5.11093;0;0;0.1;0.01;0;4.5663;1;0;-1
0;1119;-21.6276;27.6363;93.375;10.1704;4406.59;6.11531;0;0;0.1;0.01;0;3.6375;0;0;-1
0;1120;-7.47852;-31.4719;90.7927;9.99572;4183.41;6.01028;0;0;0.1;0.01;0;4.74569;0;0;-1
0;1121;-8.53404;-14.0099;89.4465;9.49792;3589.01;5.71096;0;0;0.1;0.01;0;6.43218;0;0;-1
0;1122;-6.51544;1.18466;92.6611;9.92513;4095.41;5.96784;0;0;0.1;0.01;0;5.3122;0;0;-1
0;1123;-5.81108;19.1317;93.3192;10.3778;4681.71;6.24002;0;0;0.1;0.01;0;5.37685;0;0;-1
0;1124;-7.61223;35.0425;92.3609;8.5;2572.44;5.11093;0;0;0.1;0.01;0;3.708;1;0;-1
0;1125;5.41999;-38.5684;92.1452;8.64182;2703.36;5.1962;0;0;0.1;0.01;0;2.77249;0;0;-1
0;1126;6.63559;-23.3671;92.1227;9.97299;4154.94;5.99661;0;0;0.1;0.01;0;4.85853;0;0;-1
0;1127;7.32741;-5.04088;91.6047;9.76217;3896.98;5.86985;0;0;0.1;0.01;0;4.37073;0;0;-1
0;1128;6.66331;10.8051;91.2134;9.29955;3368.79;5.59168;0;0;0.1;0.01;0;4.12189;0;0;-1
0;1129;6.09562;28.7529;90.0542;9.47028;3557.76;5.69434;0;0;0.1;0.01;0;5.33446;0;0;-1
0;1130;23.7558;-31.9756;89.8626;8.5;2572.44;5.11093;0;0;0.1;0.01;0;2.94829;1;0;-1
0;1131;20.7072;-13.4741;89.3541;8.96289;3016.01;5.38926;0;0;0.1;0.01;0;4.82221;0;0;-1
0;1132;22.7955;0.11714;90.1692;8.56343;2630.46;5.14907;0;0;0.1;0.01;0;3.46601;0;0;-1
0;1133;20.0087;20.823;90.9675;8.88242;2935.5;5.34087;0;0;0.1;0.01;0;3.25004;0;0;-1
0;1134;20.8901;36.7186;90.3465;8.61361;2676.97;5.17924;0;0;0.1;0.01;0;2.71883;0;0;-1
0;1135;37.3233;-7.80569;89.7352;9.767;3902.76;5.87276;0;0;0.1;0.01;0;3.63602;0;0;-1
0;1136;35.4303;9.7284;91.1692;8.5238;2594.11;5.12524;0;0;0.1;0.01;0;1.9623;0;0;-1
