Time;ID;x;y;z;radius;volume_total;radius_nuclear;contact_ECM;freezer;polarized_fraction;motility;cell_line;Cell_cell;phase;Cycle;NFkB
0;0;-51.3211;-4.61389;-83.4229;8.5;2572.44;5.11093;0;0;0.1;0.01;0;2.64314;1;0;-1
0;1;-37.4348;-33.3466;-84.6834;9.8791;4038.69;5.94016;0;0;0.1;0.01;0;2.67548;0;0;-1
0;2;-37.6623;-13.8267;-86.4838;8.5;2572.44;5.11093;0;0;0.1;0.01;0;2.6508;1;0;-1
0;3;-38.5072;0.472259;-85.5976;8.93259;2985.53;5.37104;0;0;0.1;0.01;0;2.49594;0;0;-1
0;4;-35.488;20.607;-84.3396;10.0373;4235.84;6.03528;0;0;0.1;0.01;0;3.05396;0;0;-1
0;5;-21.7982;-40.6268;-87.263;9.31441;3384.97;5.60062;0;0;0.1;0.01;0;2.80798;0;0;-1
0;6;-20.5475;-22.4008;-85.9334;8.72424;2781.45;5.24576;0;0;0.1;0.01;0;4.24046;0;0;-1
0;7;-21.0323;-8.41991;-84.5119;8.68751;2746.47;5.22367;0;0;0.1;0.01;0;4.1069;0;0;-1
0;8;-20.308;10.7166;-85.9703;8.9461;2999.09;5.37916;0;0;0.1;0.01;0;3.39619;0;0;-1
0;9;-22.2962;28.7609;-84.0093;9.1147;3171.87;5.48054;0;0;0.1;0.01;0;3.81349;0;0;-1
0;10;-8.84464;-49.335;-83.4161;10.3831;4688.89;6.24321;0;0;0.1;0.01;0;3.60912;0;0;-1
0;11;-7.09933;-30.7539;-87.1605;9.25676;3322.5;5.56596;0;0;0.1;0.01;0;4.75339;0;0;-1
0;12;-6.8067;-16.6178;-86.2515;8.92614;2979.06;5.36716;0;0;0.1;0.01;0;5.07735;0;0;-1
0;13;-6.59565;0.139938;-85.5164;10.1914;4433.94;6.12794;0;0;0.1;0.01;0;5.01955;0;0;-1
0;14;-7.56625;20.0295;-83.7617;10.1998;4444.92;6.13299;0;0;0.1;0.01;0;5.00705;0;0;-1
0;15;-7.67922;38.2931;-83.9352;9.71243;3837.71;5.83994;0;0;0.1;0.01;0;3.32084;0;0;-1
0;16;7.44716;-40.8707;-85.9482;10.0896;4302.4;6.06673;0;0;0.1;0.01;0;4.84778;0;0;-1
0;17;6.40485;-24.2345;-83.4895;10.0954;4309.82;6.07022;0;0;0.1;0.01;0;6.036;0;0;-1
0;18;8.72748;-6.01425;-85.8368;8.76963;2825.09;5.27305;0;0;0.1;0.01;0;3.89245;0;0;-1
0;19;6.4792;10.9363;-86.7586;8.73724;2793.9;5.25358;0;0;0.1;0.01;0;2.6677;0;0;-1
0;20;7.75545;27.7543;-87.389;8.84193;2895.54;5.31652;0;0;0.1;0.01;0;3.18332;0;0;-1
0;21;8.87694;45.3824;-83.58;10.2972;4573.47;6.19156;0;0;0.1;0.01;0;3.80037;0;0;-1
0;22;20.2462;-49.1549;-84.4976;9.44966;3534.57;5.68194;0;0;0.1;0.01;0;3.23329;0;0;-1
0;23;23.3382;-34.0343;-86.6649;10.0918;4305.21;6.06805;0;0;0.1;0.01;0;5.12245;0;0;-1
0;24;20.609;-15.7254;-84.9672;8.5;2572.44;5.11093;0;0;0.1;0.01;0;3.28274;1;0;-1
0;25;22.4743;3.45293;-86.8672;8.58914;2654.22;5.16453;0;0;0.1;0.01;0;3.59136;0;0;-1
0;26;23.634;20.3926;-84.4883;8.88816;2941.2;5.34432;0;0;0.1;0.01;0;4.4763;0;0;-1
0;27;23.5472;37.7417;-84.8607;9.8457;3997.87;5.92008;0;0;0.1;0.01;0;3.69309;0;0;-1
0;28;36.354;-40.1911;-83.6461;9.99562;4183.29;6.01022;0;0;0.1;0.01;0;3.76931;0;0;-1
0;29;35.4702;-25.5438;-86.1271;8.5;2572.44;5.11093;0;0;0.1;0.01;0;3.01521;1;0;-1
0;30;37.2078;-5.59757;-85.3043;10.2046;4451.19;6.13588;0;0;0.1;0.01;0;2.5289;0;0;-1
0;31;36.5573;10.8614;-83.9718;10.2277;4481.49;6.14977;0;0;0.1;0.01;0;3.93876;0;0;-1
0;32;37.5874;26.9778;-83.931;10.0868;4298.82;6.06505;0;0;0.1;0.01;0;4.35752;0;0;-1
0;33;-70.5277;-14.7646;-69.375;9.3986;3477.59;5.65124;0;0;0.1;0.01;0;2.28121;0;0;-1
0;34;-57.8138;-39.4467;-71.3428;9.97762;4160.73;5.9994;0;0;0.1;0.01;0;3.10643;0;0;-1
0;35;-56.6664;-25.1898;-72.4945;9.30194;3371.39;5.59312;0;0;0.1;0.01;0;3.99555;0;0;-1
0;36;-54.763;-8.8969;-70.85;8.5;2572.44;5.11093;0;0;0.1;0.01;0;4.50391;1;0;-1
0;37;-56.2969;9.85613;-69.7925;10.3383;4628.45;6.21627;0;0;0.1;0.01;0;3.50717;0;0;-1
0;38;-57.7885;28.4765;-71.5057;8.5;2572.44;5.11093;0;0;0.1;0.01;0;2.15762;1;0;-1
0;39;-54.6538;46.9034;-68.5791;9.52835;3623.61;5.72926;0;0;0.1;0.01;0;3.24094;0;0;-1
0;40;-41.5506;-51.315;-72.6745;9.08313;3139.03;5.46155;0;0;0.1;0.01;0;2.11137;0;0;-1
0;41;-41.397;-30.4574;-70.9826;9.44447;3528.75;5.67882;0;0;0.1;0.01;0;5.73712;0;0;-1
0;42;-42.2308;-16.6249;-69.6701;10.4347;4759.14;6.27423;0;0;0.1;0.01;0;6.85509;0;0;-1
0;43;-39.4122;1.73234;-69.0994;8.5;2572.44;5.11093;0;0;0.1;0.01;0;4.21998;1;0;-1
0;44;-42.3629;16.764;-69.0625;8.5;2572.44;5.11093;0;0;0.1;0.01;0;5.51247;1;0;-1
0;45;-42.4236;34.2508;-69.8602;9.48534;3574.76;5.7034;0;0;0.1;0.01;0;5.2134;0;0;-1
0;46;-41.2127;53.4609;-69.4172;8.5;2572.44;5.11093;0;0;0.1;0.01;0;3.80429;1;0;-1
0;47;-26.5808;-57.1969;-70.3558;8.69547;2754.02;5.22846;0;0;0.1;0.01;0;4.02482;0;0;-1
0;48;-28.5612;-42.5895;-68.4947;10.4235;4743.83;6.2675;0;0;0.1;0.01;0;6.38776;0;0;-1
0;49;-26.2494;-24.7422;-70.6814;8.78999;2844.81;5.28529;0;0;0.1;0.01;0;5.81371;0;0;-1
0;50;-24.7275;-8.81103;-71.8639;8.5;2572.44;5.11093;0;0;0.1;0.01;0;4.47362;1;0;-1
0;51;-26.88;11.1041;-69.6499;9.33999;3412.93;5.616;0;0;0.1;0.01;0;5.3502;0;0;-1
0;52;-26.0055;26.9266;-69.2408;10.0291;4225.46;6.03035;0;0;0.1;0.01;0;6.56898;0;0;-1
0;53;-27.6139;43.7318;-70.6716;9.33376;3406.11;5.61225;0;0;0.1;0.01;0;4.60029;0;0;-1
0;54;-27.1616;62.1944;-69.8071;9.79464;3935.99;5.88937;0;0;0.1;0.01;0;3.73923;0;0;-1
0;55;-13.5707;-63.8515;-69.0149;9.87774;4037.02;5.93934;0;0;0.1;0.01;0;4.04124;0;0;-1
0;56;-13.8233;-48.1354;-68.3392;8.5;2572.44;5.11093;0;0;0.1;0.01;0;5.72207;1;0;-1
0;57;-11.3465;-31.1851;-72.6091;8.91585;2968.77;5.36097;0;0;0.1;0.01;0;5.1002;0;0;-1
0;58;-12.7001;-15.0536;-70.9697;9.29638;3365.35;5.58978;0;0;0.1;0.01;0;6.58934;0;0;-1
0;59;-9.94919;1.9647;-71.7779;9.45092;3535.99;5.6827;0;0;0.1;0.01;0;5.8082;0;0;-1
0;60;-11.6478;16.5883;-70.1511;8.82064;2874.68;5.30372;0;0;0.1;0.01;0;5.34627;0;0;-1
0;61;-11.8826;36.6285;-70.9324;9.09843;3154.92;5.47075;0;0;0.1;0.01;0;4.65112;0;0;-1
0;62;-10.7492;55.0822;-70.359;9.75011;3882.55;5.8626;0;0;0.1;0.01;0;3.3132;0;0;-1
0;63;2.18042;-56.2434;-69.0663;9.01971;3073.73;5.42342;0;0;0.1;0.01;0;4.73809;0;0;-1
0;64;3.942;-40.1486;-72.0502;8.76763;2823.16;5.27185;0;0;0.1;0.01;0;5.2009;0;0;-1
0;65;2.71742;-22.8993;-68.503;10.2393;4496.76;6.15674;0;0;0.1;0.01;0;7.0696;0;0;-1
0;66;4.34043;-7.97711;-72.0172;9.90275;4067.77;5.95438;0;0;0.1;0.01;0;6.5943;0;0;-1
0;67;2.35113;10.1677;-69.2139;8.5;2572.44;5.11093;0;0;0.1;0.01;0;4.96771;1;0;-1
0;68;4.40311;26.79;-69.6883;8.5;2572.44;5.11093;0;0;0.1;0.01;0;4.49262;1;0;-1
0;69;4.43607;45.7927;-70.5474;9.40266;3482.1;5.65368;0;0;0.1;0.01;0;6.07097;0;0;-1
0;70;3.50631;63.7162;-70.1502;9.87208;4030.09;5.93594;0;0;0.1;0.01;0;3.45418;0;0;-1
0;71;16.3313;-66.2656;-69.8974;9.33398;3406.35;5.61239;0;0;0.1;0.01;0;2.89261;0;0;-1
0;72;15.9674;-47.1663;-70.9221;8.71329;2770.99;5.23917;0;0;0.1;0.01;0;4.75347;0;0;-1
0;73;19.2581;-30.2034;-70.8792;10.2304;4485.04;6.15139;0;0;0.1;0.01;0;6.88992;0;0;-1
0;74;16.4069;-14.0929;-69.2268;8.5;2572.44;5.11093;0;0;0.1;0.01;0;6.6982;1;0;-1
0;75;16.9963;1.22198;-71.328;9.24351;3308.26;5.55799;0;0;0.1;0.01;0;5.44192;0;0;-1
0;76;16.0023;18.2043;-69.2041;8.72477;2781.96;5.24608;0;0;0.1;0.01;0;4.98825;0;0;-1
0;77;17.3124;35.4415;-70.6325;9.03495;3089.34;5.43258;0;0;0.1;0.01;0;5.48879;0;0;-1
0;78;19.4543;55.0754;-70.2791;10.194;4437.34;6.1295;0;0;0.1;0.01;0;4.06636;0;0;-1
0;79;31.0841;-57.7974;-69.4696;8.5;2572.44;5.11093;0;0;0.1;0.01;0;3.35947;1;0;-1
0;80;31.7656;-38.5297;-68.4283;9.87873;4038.24;5.93994;0;0;0.1;0.01;0;6.27421;0;0;-1
0;81;32.0181;-21.8239;-69.6491;8.5;2572.44;5.11093;0;0;0.1;0.01;0;4.93338;1;0;-1
0;82;33.3337;-6.34412;-68.8116;9.53103;3626.67;5.73087;0;0;0.1;0.01;0;5.57047;0;0;-1
0;83;30.5723;12.4422;-71.2996;9.73152;3860.39;5.85142;0;0;0.1;0.01;0;6.45335;0;0;-1
0;84;33.6257;28.605;-68.5184;10.0382;4236.98;6.03582;0;0;0.1;0.01;0;6.88768;0;0;-1
0;85;34.0081;43.745;-71.9691;8.5;2572.44;5.11093;0;0;0.1;0.01;0;4.2352;1;0;-1
0;86;46.3665;-51.2896;-68.907;9.61922;3728.28;5.7839;0;0;0.1;0.01;0;2.75902;0;0;-1
0;87;45.9846;-30.4809;-71.9466;9.01313;3067.01;5.41946;0;0;0.1;0.01;0;4.33256;0;0;-1
0;88;47.5542;-13.4219;-71.9962;9.9526;4129.51;5.98435;0;0;0.1;0.01;0;4.86693;0;0;-1
0;89;45.3281;1.65444;-69.0572;8.5;2572.44;5.11093;0;0;0.1;0.01;0;5.76203;1;0;-1
0;90;47.3062;17.1301;-68.9523;10.3912;4699.87;6.24808;0;0;0.1;0.01;0;6.3845;0;0;-1
0;91;48.9709;36.8826;-71.9501;10.2103;4458.66;6.13931;0;0;0.1;0.01;0;3.53512;0;0;-1
0;92;46.7021;54.1077;-69.004;8.5;2572.44;5.11093;0;0;0.1;0.01;0;2.53675;1;0;-1
0;93;60.0251;-25.6654;-72.0468;10.0688;4275.84;6.05422;0;0;0.1;0.01;0;2.75328;0;0;-1
0;94;62.5638;-5.60956;-71.9171;8.73835;2794.97;5.25424;0;0;0.1;0.01;0;2.33608;0;0;-1
0;95;61.3322;9.87478;-68.8403;9.81409;3959.49;5.90107;0;0;0.1;0.01;0;3.63311;0;0;-1
0;96;-80.3952;-8.31517;-55.4099;9.69228;3813.88;5.82783;0;0;0.1;0.01;0;2.96161;0;0;-1
0;97;-80.1263;12.4653;-54.3336;8.7296;2786.58;5.24898;0;0;0.1;0.01;0;2.61339;0;0;-1
0;98;-65.7596;-48.4212;-54.2746;10.1245;4347.2;6.08771;0;0;0.1;0.01;0;4.67988;0;0;-1
0;99;-67.7023;-33.8768;-55.4133;8.95215;3005.18;5.3828;0;0;0.1;0.01;0;3.30442;0;0;-1
0;100;-65.5569;-12.6502;-56.38;8.50736;2579.13;5.11535;0;0;0.1;0.01;0;4.00024;0;0;-1
0;101;-64.598;1.73518;-53.9655;9.72048;3847.26;5.84478;0;0;0.1;0.01;0;5.33366;0;0;-1
0;102;-68.015;19.6434;-57.7827;8.68328;2742.46;5.22113;0;0;0.1;0.01;0;3.5346;0;0;-1
0;103;-66.4414;35.4381;-55.5519;8.5;2572.44;5.11093;0;0;0.1;0.01;0;3.49197;1;0;-1
0;104;-52.25;-59.3444;-54.8702;9.7421;3872.99;5.85778;0;0;0.1;0.01;0;4.061;0;0;-1
0;105;-52.9128;-42.3693;-57.5551;8.54632;2614.73;5.13878;0;0;0.1;0.01;0;4.5935;0;0;-1
0;106;-51.3186;-24.6947;-57.8032;8.5;2572.44;5.11093;0;0;0.1;0.01;0;4.56851;1;0;-1
0;107;-49.8603;-4.79447;-57.1191;9.83619;3986.29;5.91436;0;0;0.1;0.01;0;6.42097;0;0;-1
0;108;-51.7456;12.0439;-54.3878;9.7551;3888.52;5.8656;0;0;0.1;0.01;0;7.06011;0;0;-1
0;109;-51.0313;27.857;-57.8096;10.3779;4681.85;6.24008;0;0;0.1;0.01;0;6.92875;0;0;-1
0;110;-52.1436;44.8062;-54.0102;9.75705;3890.85;5.86677;0;0;0.1;0.01;0;6.19819;0;0;-1
0;111;-50.5759;59.7306;-54.4383;10.0947;4308.92;6.0698;0;0;0.1;0.01;0;5.15111;0;0;-1
0;112;-38.6614;-66.5819;-56.345;9.78686;3926.62;5.8847;0;0;0.1;0.01;0;4.10221;0;0;-1
0;113;-38.3711;-51.0457;-54.5716;9.22818;3291.83;5.54877;0;0;0.1;0.01;0;5.19167;0;0;-1
0;114;-36.552;-31.2271;-56.2438;9.62245;3732.03;5.78584;0;0;0.1;0.01;0;6.18227;0;0;-1
0;115;-36.5272;-14.8552;-55.7934;10.2702;4537.59;6.17532;0;0;0.1;0.01;0;6.81653;0;0;-1
0;116;-37.7504;2.438;-54.3761;8.98033;3033.65;5.39974;0;0;0.1;0.01;0;5.52245;0;0;-1
0;117;-36.078;20.997;-57.0199;10.2728;4541.04;6.17689;0;0;0.1;0.01;0;7.54074;0;0;-1
0;118;-35.2015;36.6513;-55.0666;8.75833;2814.18;5.26626;0;0;0.1;0.01;0;6.6551;0;0;-1
0;119;-36.9992;51.2798;-56.5069;10.0445;4244.96;6.03961;0;0;0.1;0.01;0;6.94527;0;0;-1
0;120;-35.9298;70.3115;-57.9327;10.4064;4720.52;6.25722;0;0;0.1;0.01;0;4.27329;0;0;-1
0;121;-23.9289;-76.0232;-57.3274;9.56038;3660.28;5.74852;0;0;0.1;0.01;0;3.14494;0;0;-1
0;122;-21.8322;-56.215;-56.4084;9.42137;3502.92;5.66493;0;0;0.1;0.01;0;6.51149;0;0;-1
0;123;-21.0883;-40.4642;-54.8504;10.0066;4197.09;6.01682;0;0;0.1;0.01;0;6.98336;0;0;-1
0;124;-23.622;-22.54;-56.7448;9.91108;4078.04;5.95939;0;0;0.1;0.01;0;6.87713;0;0;-1
0;125;-21.583;-7.15104;-56.3382;8.98657;3039.98;5.40349;0;0;0.1;0.01;0;5.63029;0;0;-1
0;126;-22.4081;9.00271;-55.9847;9.44496;3529.3;5.67912;0;0;0.1;0.01;0;4.80017;0;0;-1
0;127;-21.4033;25.599;-55.5863;8.61865;2681.68;5.18227;0;0;0.1;0.01;0;5.26516;0;0;-1
0;128;-21.786;42.3068;-56.6996;8.5;2572.44;5.11093;0;0;0.1;0.01;0;5.12147;1;0;-1
0;129;-22.1142;63.2057;-54.4603;10.3642;4663.33;6.23184;0;0;0.1;0.01;0;7.13668;0;0;-1
0;130;-22.028;77.9746;-57.0167;9.14647;3205.16;5.49964;0;0;0.1;0.01;0;3.52657;0;0;-1
0;131;-9.28522;-80.7867;-56.009;8.5;2572.44;5.11093;0;0;0.1;0.01;0;2.47067;1;0;-1
0;132;-5.7698;-65.6694;-55.7478;9.0412;3095.76;5.43634;0;0;0.1;0.01;0;4.74592;0;0;-1
0;133;-6.23656;-47.1157;-55.1263;9.62786;3738.33;5.78909;0;0;0.1;0.01;0;5.882;0;0;-1
0;134;-8.77352;-29.9208;-54.6178;9.80216;3945.06;5.8939;0;0;0.1;0.01;0;5.57543;0;0;-1
0;135;-8.94568;-14.1398;-55.4217;8.61231;2675.76;5.17846;0;0;0.1;0.01;0;5.84003;0;0;-1
0;136;-7.06512;0.369402;-56.7173;8.5;2572.44;5.11093;0;0;0.1;0.01;0;5.33907;1;0;-1
0;137;-5.92429;20.9943;-55.1521;10.3787;4682.93;6.24056;0;0;0.1;0.01;0;6.33368;0;0;-1
0;138;-8.23857;36.9531;-55.4917;10.3709;4672.38;6.23587;0;0;0.1;0.01;0;6.41092;0;0;-1
0;139;-5.82926;54.9367;-55.1069;10.4463;4775.03;6.28121;0;0;0.1;0.01;0;6.18347;0;0;-1
0;140;-8.71861;70.3304;-55.1349;8.9171;2970.02;5.36172;0;0;0.1;0.01;0;3.30231;0;0;-1
0;141;8.98435;-74.3233;-56.9053;8.95921;3012.3;5.38704;0;0;0.1;0.01;0;3.46684;0;0;-1
0;142;6.86539;-58.08;-56.2135;9.9375;4110.74;5.97527;0;0;0.1;0.01;0;6.12661;0;0;-1
0;143;7.34206;-41.7031;-54.9337;8.5;2572.44;5.11093;0;0;0.1;0.01;0;4.37999;1;0;-1
0;144;9.39955;-22.715;-56.5986;9.348;3421.72;5.62082;0;0;0.1;0.01;0;6.49599;0;0;-1
0;145;6.03423;-8.01559;-56.8627;9.37777;3454.52;5.63872;0;0;0.1;0.01;0;6.47372;0;0;-1
0;146;5.61312;9.72257;-55.2399;8.95394;3006.98;5.38387;0;0;0.1;0.01;0;4.28068;0;0;-1
0;147;8.44426;27.7512;-53.9523;10.1128;4332.14;6.08068;0;0;0.1;0.01;0;6.67695;0;0;-1
0;148;8.53571;44.9757;-55.978;10.2821;4553.38;6.18248;0;0;0.1;0.01;0;7.63894;0;0;-1
0;149;8.84131;59.8468;-57.718;8.76315;2818.83;5.26915;0;0;0.1;0.01;0;5.80963;0;0;-1
0;150;8.56671;79.8415;-54.3424;9.33081;3402.88;5.61048;0;0;0.1;0.01;0;2.80808;0;0;-1
0;151;22.2789;-64.2622;-56.6591;9.79249;3933.4;5.88808;0;0;0.1;0.01;0;4.96827;0;0;-1
0;152;24.1795;-49.987;-53.7194;8.97699;3030.27;5.39773;0;0;0.1;0.01;0;5.40105;0;0;-1
0;153;20.2893;-32.6145;-55.2901;9.10775;3164.62;5.47636;0;0;0.1;0.01;0;5.15284;0;0;-1
0;154;20.5205;-12.7121;-57.3688;9.31056;3380.77;5.5983;0;0;0.1;0.01;0;6.00928;0;0;-1
0;155;23.6301;1.42043;-56.4451;9.29185;3360.43;5.58705;0;0;0.1;0.01;0;5.6807;0;0;-1
0;156;23.751;20.6597;-55.7417;10.1452;4373.92;6.10016;0;0;0.1;0.01;0;6.42685;0;0;-1
0;157;22.6884;38.2406;-56.2066;10.0929;4306.62;6.06871;0;0;0.1;0.01;0;7.04253;0;0;-1
0;158;22.9299;54.3748;-53.9793;10.4336;4757.64;6.27357;0;0;0.1;0.01;0;7.09892;0;0;-1
0;159;22.0557;70.5643;-57.6873;9.08793;3144.01;5.46444;0;0;0.1;0.01;0;2.47116;0;0;-1
0;160;38.572;-56.0277;-56.4232;9.06067;3115.8;5.44805;0;0;0.1;0.01;0;4.55398;0;0;-1
0;161;34.9342;-38.3595;-54.7223;8.60039;2664.67;5.17129;0;0;0.1;0.01;0;5.32573;0;0;-1
0;162;38.5241;-25.1026;-56.4537;9.04343;3098.05;5.43768;0;0;0.1;0.01;0;5.60494;0;0;-1
0;163;37.2049;-5.69204;-54.8319;8.57831;2644.2;5.15801;0;0;0.1;0.01;0;5.96589;0;0;-1
0;164;38.4589;8.33475;-55.411;9.23354;3297.56;5.55199;0;0;0.1;0.01;0;6.96468;0;0;-1
0;165;38.868;25.4377;-54.6053;9.85015;4003.29;5.92275;0;0;0.1;0.01;0;6.32722;0;0;-1
0;166;36.7793;46.1502;-56.647;9.17439;3234.6;5.51643;0;0;0.1;0.01;0;5.85611;0;0;-1
0;167;36.364;60.7315;-54.1132;8.5;2572.44;5.11093;0;0;0.1;0.01;0;4.54153;1;0;-1
0;168;52.8869;-50.9586;-56.0564;8.97539;3028.65;5.39677;0;0;0.1;0.01;0;3.28781;0;0;-1
0;169;52.064;-31.0904;-54.1335;9.95776;4135.93;5.98746;0;0;0.1;0.01;0;5.73258;0;0;-1
0;170;52.9098;-15.062;-54.3859;8.5;2572.44;5.11093;0;0;0.1;0.01;0;5.22934;1;0;-1
0;171;52.2498;0.0380797;-54.3888;9.99184;4178.54;6.00795;0;0;0.1;0.01;0;7.51476;0;0;-1
0;172;51.188;18.0883;-56.0388;9.0008;3054.44;5.41205;0;0;0.1;0.01;0;6.7907;0;0;-1
0;173;52.9421;34.0787;-55.7658;9.24176;3306.38;5.55694;0;0;0.1;0.01;0;5.31066;0;0;-1
0;174;52.6969;55.262;-56.5069;10.1122;4331.37;6.08032;0;0;0.1;0.01;0;4.26809;0;0;-1
0;175;64.6176;-40.8714;-56.6753;9.03274;3087.07;5.43126;0;0;0.1;0.01;0;2.99413;0;0;-1
0;176;67.2818;-25.0825;-56.1093;9.38578;3463.38;5.64353;0;0;0.1;0.01;0;4.42085;0;0;-1
0;177;67.7716;-4.49899;-55.1315;8.5;2572.44;5.11093;0;0;0.1;0.01;0;5.13888;1;0;-1
0;178;65.8307;11.9975;-53.8071;9.54477;3642.38;5.73913;0;0;0.1;0.01;0;5.87352;0;0;-1
0;179;66.0056;26.6465;-55.2778;8.5;2572.44;5.11093;0;0;0.1;0.01;0;3.88911;1;0;-1
0;180;64.7701;46.0652;-54.3191;9.81335;3958.59;5.90062;0;0;0.1;0.01;0;3.39662;0;0;-1
0;181;79.7181;-16.8485;-56.757;10.1836;4423.77;6.12325;0;0;0.1;0.01;0;2.82705;0;0;-1
0;182;82.2216;1.12493;-54.4723;8.92226;2975.18;5.36483;0;0;0.1;0.01;0;2.82597;0;0;-1
0;183;-87.5122;-21.6643;-40.6288;9.37018;3446.14;5.63415;0;0;0.1;0.01;0;3.14508;0;0;-1
0;184;-84.1187;-8.17366;-40.1226;10.0307;4227.49;6.03131;0;0;0.1;0.01;0;5.21874;0;0;-1
0;185;-86.3097;12.3507;-39.6271;9.63572;3747.5;5.79382;0;0;0.1;0.01;0;4.43992;0;0;-1
0;186;-86.6576;29.3351;-39.2297;9.84885;4001.71;5.92197;0;0;0.1;0.01;0;3.00446;0;0;-1
0;187;-70.1775;-48.0397;-39.6387;8.5;2572.44;5.11093;0;0;0.1;0.01;0;4.05779;1;0;-1
0;188;-72.1201;-33.9487;-41.5627;10.2288;4482.94;6.15043;0;0;0.1;0.01;0;5.02609;0;0;-1
0;189;-71.5931;-14.5677;-41.6278;8.5;2572.44;5.11093;0;0;0.1;0.01;0;5.38667;1;0;-1
0;190;-72.6823;3.61385;-40.9305;10.2704;4537.86;6.17544;0;0;0.1;0.01;0;7.38542;0;0;-1
0;191;-70.5093;19.0723;-42.0687;9.73679;3866.66;5.85459;0;0;0.1;0.01;0;6.24087;0;0;-1
0;192;-69.9853;37.0809;-42.9163;9.92192;4091.44;5.96591;0;0;0.1;0.01;0;5.68466;0;0;-1
0;193;-72.6577;51.392;-41.104;9.59208;3696.81;5.76758;0;0;0.1;0.01;0;3.09428;0;0;-1
0;194;-56.9548;-59.2064;-39.9329;10.3288;4615.71;6.21056;0;0;0.1;0.01;0;5.25027;0;0;-1
0;195;-56.7243;-39.4576;-41.8713;9.50868;3601.22;5.71743;0;0;0.1;0.01;0;6.64167;0;0;-1
0;196;-54.1647;-24.6429;-40.9034;9.31218;3382.54;5.59928;0;0;0.1;0.01;0;5.42297;0;0;-1
0;197;-57.466;-7.32962;-42.0141;10.0834;4294.47;6.063;0;0;0.1;0.01;0;6.99077;0;0;-1
0;198;-55.0633;9.53617;-39.8502;10.2811;4552.05;6.18188;0;0;0.1;0.01;0;6.71378;0;0;-1
0;199;-55.5429;25.8707;-41.5486;9.89022;4052.35;5.94685;0;0;0.1;0.01;0;6.11453;0;0;-1
0;200;-56.9731;42.6526;-40.1073;9.6706;3788.34;5.81479;0;0;0.1;0.01;0;6.52715;0;0;-1
0;201;-54.2568;60.4505;-39.5922;9.62047;3729.73;5.78465;0;0;0.1;0.01;0;5.24006;0;0;-1
0;202;-40.5189;-80.6249;-40.9832;8.5;2572.44;5.11093;0;0;0.1;0.01;0;2.97237;1;0;-1
0;203;-41.682;-65.9007;-39.226;9.46189;3548.32;5.6893;0;0;0.1;0.01;0;6.38329;0;0;-1
0;204;-43.0552;-47.5217;-41.7189;8.5;2572.44;5.11093;0;0;0.1;0.01;0;4.9021;1;0;-1
0;205;-42.5731;-31.6892;-42.2055;8.64528;2706.61;5.19828;0;0;0.1;0.01;0;5.09607;0;0;-1
0;206;-40.2481;-13.4533;-40.6534;9.60474;3711.47;5.77519;0;0;0.1;0.01;0;6.10446;0;0;-1
0;207;-42.012;1.95004;-39.9936;9.25091;3316.21;5.56244;0;0;0.1;0.01;0;6.47422;0;0;-1
0;208;-41.7831;19.6599;-42.4144;8.59492;2659.59;5.168;0;0;0.1;0.01;0;5.91297;0;0;-1
0;209;-41.4532;34.4591;-41.4111;8.78789;2842.77;5.28403;0;0;0.1;0.01;0;5.64239;0;0;-1
0;210;-40.2706;53.6156;-41.2173;9.53739;3633.94;5.73469;0;0;0.1;0.01;0;7.0737;0;0;-1
0;211;-40.8073;68.4765;-42.1407;10.3601;4657.8;6.22938;0;0;0.1;0.01;0;6.08206;0;0;-1
0;212;-27.6619;-72.9672;-42.8754;9.39388;3472.35;5.6484;0;0;0.1;0.01;0;6.10736;0;0;-1
0;213;-28.1434;-57.7309;-40.4621;10.4418;4768.86;6.2785;0;0;0.1;0.01;0;7.09431;0;0;-1
0;214;-25.2987;-38.5057;-42.3694;9.23225;3296.18;5.55122;0;0;0.1;0.01;0;5.32791;0;0;-1
0;215;-25.0114;-22.3774;-39.8173;9.9908;4177.24;6.00732;0;0;0.1;0.01;0;6.39049;0;0;-1
0;216;-24.7446;-5.18064;-40.6552;8.87426;2927.42;5.33596;0;0;0.1;0.01;0;5.61551;0;0;-1
0;217;-25.4466;9.75537;-41.0447;8.5;2572.44;5.11093;0;0;0.1;0.01;0;4.04112;1;0;-1
0;218;-28.1741;27.0154;-42.0123;9.3773;3454;5.63843;0;0;0.1;0.01;0;5.48991;0;0;-1
0;219;-27.2183;44.122;-42.0951;9.59228;3697.04;5.7677;0;0;0.1;0.01;0;6.10627;0;0;-1
0;220;-27.5578;60.5342;-40.7619;9.41372;3494.4;5.66033;0;0;0.1;0.01;0;7.06746;0;0;-1
0;221;-25.0159;77.1713;-42.0787;9.57316;3674.98;5.7562;0;0;0.1;0.01;0;5.24374;0;0;-1
0;222;-12.987;-83.1434;-42.1712;8.61093;2674.48;5.17763;0;0;0.1;0.01;0;4.036;0;0;-1
0;223;-12.9517;-67.6038;-39.7419;10.0617;4266.8;6.04995;0;0;0.1;0.01;0;6.69564;0;0;-1
0;224;-12.3955;-49.3784;-41.8333;9.18212;3242.78;5.52108;0;0;0.1;0.01;0;5.31865;0;0;-1
0;225;-9.78596;-33.331;-39.8342;9.50911;3601.71;5.71769;0;0;0.1;0.01;0;6.1167;0;0;-1
0;226;-13.0707;-15.5109;-40.7593;8.69144;2750.2;5.22604;0;0;0.1;0.01;0;6.37272;0;0;-1
0;227;-11.0656;0.257192;-41.4492;8.66025;2720.7;5.20728;0;0;0.1;0.01;0;5.45393;0;0;-1
0;228;-12.5374;20.0316;-39.3413;9.95302;4130.03;5.98461;0;0;0.1;0.01;0;6.16027;0;0;-1
0;229;-9.96005;34.3134;-39.765;8.5;2572.44;5.11093;0;0;0.1;0.01;0;6.08721;1;0;-1
0;230;-11.562;52.9637;-39.3528;10.1789;4417.65;6.12042;0;0;0.1;0.01;0;6.47094;0;0;-1
0;231;-11.1007;70.76;-40.0388;9.43087;3513.53;5.67065;0;0;0.1;0.01;0;5.57394;0;0;-1
0;232;-9.78564;87.1044;-39.9631;8.5;2572.44;5.11093;0;0;0.1;0.01;0;2.38662;1;0;-1
0;233;2.81858;-89.5435;-42.0533;9.11671;3173.97;5.48175;0;0;0.1;0.01;0;2.88169;0;0;-1
0;234;4.67837;-74.9265;-41.1571;8.55271;2620.59;5.14262;0;0;0.1;0.01;0;5.17863;0;0;-1
0;235;2.01108;-59.7602;-39.3804;9.47364;3561.55;5.69636;0;0;0.1;0.01;0;5.41825;0;0;-1
0;236;3.6249;-40.7631;-39.8011;8.5;2572.44;5.11093;0;0;0.1;0.01;0;4.84926;1;0;-1
0;237;4.67594;-25.2813;-39.5133;9.5216;3615.92;5.7252;0;0;0.1;0.01;0;6.13815;0;0;-1
0;238;1.2329;-8.07838;-42.4281;10.2613;4525.8;6.16997;0;0;0.1;0.01;0;6.26748;0;0;-1
0;239;3.22;10.4525;-41.0117;8.61838;2681.42;5.18211;0;0;0.1;0.01;0;4.36942;0;0;-1
0;240;4.07306;27.1853;-39.4795;8.90471;2957.66;5.35427;0;0;0.1;0.01;0;6.72768;0;0;-1
0;241;1.22609;43.0308;-40.2728;10.0973;4312.25;6.07136;0;0;0.1;0.01;0;7.97729;0;0;-1
0;242;1.52368;60.622;-40.9755;8.5;2572.44;5.11093;0;0;0.1;0.01;0;5.3617;1;0;-1
0;243;3.95481;76.3835;-41.0761;9.14274;3201.24;5.4974;0;0;0.1;0.01;0;5.26532;0;0;-1
0;244;17.6719;-82.3284;-42.0947;8.5;2572.44;5.11093;0;0;0.1;0.01;0;3.29437;1;0;-1
0;245;18.2166;-65.4535;-39.2909;10.2625;4527.39;6.17069;0;0;0.1;0.01;0;5.88395;0;0;-1
0;246;17.9174;-46.462;-40.8025;8.89095;2943.97;5.346;0;0;0.1;0.01;0;5.26618;0;0;-1
0;247;17.8348;-31.7653;-41.1586;8.5;2572.44;5.11093;0;0;0.1;0.01;0;5.83824;1;0;-1
0;248;19.1008;-15.4938;-41.7729;9.48375;3572.97;5.70244;0;0;0.1;0.01;0;5.92349;0;0;-1
0;249;19.7515;1.94217;-42.1583;9.10927;3166.21;5.47727;0;0;0.1;0.01;0;4.69271;0;0;-1
0;250;17.6663;17.7322;-40.5147;9.27102;3337.88;5.57453;0;0;0.1;0.01;0;5.59841;0;0;-1
0;251;19.0271;36.7169;-42.8389;9.9124;4079.67;5.96018;0;0;0.1;0.01;0;7.63398;0;0;-1
0;252;16.7951;52.0149;-39.6919;10.0976;4312.64;6.07154;0;0;0.1;0.01;0;7.44131;0;0;-1
0;253;18.759;68.4689;-41.1942;10.3155;4597.9;6.20256;0;0;0.1;0.01;0;5.94194;0;0;-1
0;254;16.4109;87.4179;-41.1273;10.0767;4285.92;6.05897;0;0;0.1;0.01;0;3.14655;0;0;-1
0;255;32.9513;-75.6326;-42.5048;8.64912;2710.22;5.20059;0;0;0.1;0.01;0;2.252;0;0;-1
0;256;30.5639;-56.4942;-40.5232;9.0958;3152.18;5.46917;0;0;0.1;0.01;0;6.27929;0;0;-1
0;257;33.7147;-41.1819;-40.4715;10.005;4195.08;6.01586;0;0;0.1;0.01;0;7.65171;0;0;-1
0;258;32.7732;-25.2911;-41.5713;10.1242;4346.81;6.08753;0;0;0.1;0.01;0;7.40579;0;0;-1
0;259;33.7407;-8.04951;-42.0325;8.5;2572.44;5.11093;0;0;0.1;0.01;0;4.72529;1;0;-1
0;260;33.8437;10.0351;-42.2888;8.5;2572.44;5.11093;0;0;0.1;0.01;0;5.10131;1;0;-1
0;261;33.847;29.5194;-39.8802;8.93213;2985.06;5.37076;0;0;0.1;0.01;0;6.03391;0;0;-1
0;262;32.9451;46.1536;-39.4174;10.038;4236.72;6.0357;0;0;0.1;0.01;0;7.76793;0;0;-1
0;263;33.9205;60.0877;-39.7057;9.38769;3465.49;5.64468;0;0;0.1;0.01;0;6.20731;0;0;-1
0;264;33.5544;79.8401;-40.4252;8.95437;3007.42;5.38413;0;0;0.1;0.01;0;2.74605;0;0;-1
0;265;47.8258;-65.2742;-41.6074;8.94443;2997.41;5.37816;0;0;0.1;0.01;0;2.46572;0;0;-1
0;266;47.14;-47.7071;-39.9493;9.52788;3623.08;5.72898;0;0;0.1;0.01;0;5.80307;0;0;-1
0;267;47.7661;-30.2394;-39.2247;10.3176;4600.71;6.20382;0;0;0.1;0.01;0;7.65968;0;0;-1
0;268;46.7905;-14.941;-42.5849;10.067;4273.55;6.05314;0;0;0.1;0.01;0;7.77869;0;0;-1
0;269;46.0822;2.87854;-42.1822;8.5;2572.44;5.11093;0;0;0.1;0.01;0;6.19836;1;0;-1
0;270;47.7577;16.8733;-43.0423;10.1627;4396.59;6.11068;0;0;0.1;0.01;0;7.43704;0;0;-1
0;271;46.8487;37.9661;-41.0981;9.52653;3621.54;5.72816;0;0;0.1;0.01;0;6.19103;0;0;-1
0;272;46.7043;52.1416;-42.875;9.67637;3795.12;5.81826;0;0;0.1;0.01;0;6.6057;0;0;-1
0;273;46.8331;69.2615;-39.8965;9.92643;4097.02;5.96862;0;0;0.1;0.01;0;4.4963;0;0;-1
0;274;60.3747;-55.3653;-39.3278;9.8308;3979.74;5.91112;0;0;0.1;0.01;0;4.74495;0;0;-1
0;275;63.994;-41.6888;-39.8278;8.94562;2998.61;5.37887;0;0;0.1;0.01;0;4.28048;0;0;-1
0;276;61.2061;-23.3563;-39.8329;8.55006;2618.16;5.14103;0;0;0.1;0.01;0;5.54342;0;0;-1
0;277;63.4189;-7.79593;-42.3286;9.67674;3795.56;5.81848;0;0;0.1;0.01;0;6.80264;0;0;-1
0;278;63.5989;8.22843;-39.4663;10.0114;4203.13;6.01971;0;0;0.1;0.01;0;6.55982;0;0;-1
0;279;63.0213;26.1894;-42.2761;10.0357;4233.81;6.03432;0;0;0.1;0.01;0;6.0744;0;0;-1
0;280;61.5494;42.1382;-41.199;8.88075;2933.85;5.33987;0;0;0.1;0.01;0;5.08261;0;0;-1
0;281;61.9978;60.4225;-42.4631;9.23144;3295.32;5.55073;0;0;0.1;0.01;0;3.67689;0;0;-1
0;282;74.9436;-32.4975;-43.1674;9.0112;3065.04;5.4183;0;0;0.1;0.01;0;3.21656;0;0;-1
0;283;77.7431;-14.9977;-41.1262;8.62851;2690.89;5.1882;0;0;0.1;0.01;0;4.46506;0;0;-1
0;284;76.3283;-0.0860582;-41.4666;10.2851;4557.37;6.18428;0;0;0.1;0.01;0;6.87696;0;0;-1
0;285;78.7415;19.7251;-42.8199;8.99017;3043.63;5.40566;0;0;0.1;0.01;0;3.32973;0;0;-1
0;286;76.5354;34.3409;-41.9399;9.23964;3304.1;5.55566;0;0;0.1;0.01;0;3.54082;0;0;-1
0;287;90.517;-4.55891;-40.5352;8.7003;2758.62;5.23136;0;0;0.1;0.01;0;2.23196;0;0;-1
0;288;-95.1326;-13.5086;-24.6995;8.77145;2826.85;5.27415;0;0;0.1;0.01;0;3.17508;0;0;-1
0;289;-95.6339;1.24669;-26.0942;9.92316;4092.97;5.96665;0;0;0.1;0.01;0;3.87561;0;0;-1
0;290;-80.8712;-41.4998;-24.6603;9.90428;4069.65;5.9553;0;0;0.1;0.01;0;2.88643;0;0;-1
0;291;-81.7964;-23.4386;-27.3407;9.5595;3659.27;5.74799;0;0;0.1;0.01;0;3.86502;0;0;-1
0;292;-78.9068;-4.6569;-26.4855;10.0423;4242.17;6.03829;0;0;0.1;0.01;0;5.5917;0;0;-1
0;293;-82.5756;10.972;-26.4493;10.1274;4350.93;6.08946;0;0;0.1;0.01;0;6.28532;0;0;-1
0;294;-82.4163;27.6782;-25.1451;10.0349;4232.8;6.03384;0;0;0.1;0.01;0;5.02724;0;0;-1
0;295;-80.4027;44.5637;-28.1136;9.88358;4044.19;5.94285;0;0;0.1;0.01;0;3.28362;0;0;-1
0;296;-64.0842;-67.8794;-26.0044;8.5;2572.44;5.11093;0;0;0.1;0.01;0;2.51694;1;0;-1
0;297;-64.38;-48.9944;-26.1302;8.77835;2833.53;5.27829;0;0;0.1;0.01;0;4.35885;0;0;-1
0;298;-64.5279;-31.2631;-25.4642;9.74862;3880.77;5.8617;0;0;0.1;0.01;0;5.46914;0;0;-1
0;299;-64.4863;-12.8912;-26.9906;9.28066;3348.31;5.58033;0;0;0.1;0.01;0;5.56038;0;0;-1
0;300;-66.079;4.44512;-26.0286;8.5;2572.44;5.11093;0;0;0.1;0.01;0;5.93967;1;0;-1
0;301;-65.4709;20.2207;-26.9343;8.59094;2655.89;5.16561;0;0;0.1;0.01;0;5.71268;0;0;-1
0;302;-64.6855;35.2177;-27.1715;10.0497;4251.56;6.04274;0;0;0.1;0.01;0;6.31072;0;0;-1
0;303;-64.5507;50.9161;-26.2294;9.27992;3347.51;5.57988;0;0;0.1;0.01;0;5.75022;0;0;-1
0;304;-66.6764;68.6691;-26.713;9.4554;3541.02;5.68539;0;0;0.1;0.01;0;2.15122;0;0;-1
0;305;-49.7081;-72.4984;-27.7907;8.99661;3050.18;5.40953;0;0;0.1;0.01;0;5.23066;0;0;-1
0;306;-49.6165;-58.1758;-26.2906;9.25063;3315.91;5.56227;0;0;0.1;0.01;0;6.29489;0;0;-1
0;307;-51.5405;-39.7152;-26.3441;9.3425;3415.69;5.61751;0;0;0.1;0.01;0;6.00951;0;0;-1
0;308;-52.4108;-23.1157;-27.5522;9.77632;3913.95;5.87836;0;0;0.1;0.01;0;6.55704;0;0;-1
0;309;-50.4817;-7.03608;-27.8078;9.73264;3861.72;5.8521;0;0;0.1;0.01;0;6.61126;0;0;-1
0;310;-53.0189;8.65331;-26.3216;8.9409;2993.87;5.37603;0;0;0.1;0.01;0;5.4874;0;0;-1
0;311;-51.1154;26.7893;-24.4695;9.14375;3202.3;5.498;0;0;0.1;0.01;0;5.57844;0;0;-1
0;312;-49.9887;45.5141;-24.8747;9.78011;3918.5;5.88064;0;0;0.1;0.01;0;7.33702;0;0;-1
0;313;-50.664;62.4871;-25.5788;8.75947;2815.28;5.26694;0;0;0.1;0.01;0;6.08503;0;0;-1
0;314;-51.7942;78.4808;-28.2557;8.72318;2780.44;5.24512;0;0;0.1;0.01;0;2.65297;0;0;-1
0;315;-36.4323;-82.1751;-26.5165;10.3133;4594.96;6.20124;0;0;0.1;0.01;0;6.19644;0;0;-1
0;316;-34.9845;-67.3061;-26.8043;8.88636;2939.41;5.34324;0;0;0.1;0.01;0;6.99182;0;0;-1
0;317;-38.3677;-47.1067;-27.1483;10.1598;4392.83;6.10894;0;0;0.1;0.01;0;5.71187;0;0;-1
0;318;-36.0595;-30.0834;-26.073;9.32899;3400.89;5.60939;0;0;0.1;0.01;0;6.11536;0;0;-1
0;319;-34.6333;-13.7581;-26.8059;8.77558;2830.85;5.27663;0;0;0.1;0.01;0;5.01588;0;0;-1
0;320;-36.5867;4.31163;-27.4499;8.5;2572.44;5.11093;0;0;0.1;0.01;0;4.19281;1;0;-1
0;321;-38.3576;18.5473;-27.4808;9.50184;3593.45;5.71332;0;0;0.1;0.01;0;5.45443;0;0;-1
0;322;-38.2418;34.5866;-25.176;8.5;2572.44;5.11093;0;0;0.1;0.01;0;5.50192;1;0;-1
0;323;-37.644;52.2756;-27.8714;9.223;3286.29;5.54566;0;0;0.1;0.01;0;6.07352;0;0;-1
0;324;-38.2103;67.7264;-25.7638;8.5;2572.44;5.11093;0;0;0.1;0.01;0;4.48618;1;0;-1
0;325;-35.5397;85.8423;-24.9539;10.2803;4550.99;6.1814;0;0;0.1;0.01;0;3.74721;0;0;-1
0;326;-21.7847;-90.7775;-25.2872;10.3383;4628.45;6.21627;0;0;0.1;0.01;0;3.98674;0;0;-1
0;327;-20.5841;-73.087;-27.0248;10.1729;4409.84;6.11682;0;0;0.1;0.01;0;8.27717;0;0;-1
0;328;-20.3476;-59.1615;-26.3078;9.74517;3876.65;5.85963;0;0;0.1;0.01;0;7.26707;0;0;-1
0;329;-22.0192;-40.5893;-26.6593;8.61701;2680.15;5.18128;0;0;0.1;0.01;0;4.98723;0;0;-1
0;330;-21.3633;-21.1056;-24.9757;10.094;4308.03;6.06938;0;0;0.1;0.01;0;6.84141;0;0;-1
0;331;-19.7217;-5.48567;-28.0813;8.5;2572.44;5.11093;0;0;0.1;0.01;0;4.64887;1;0;-1
0;332;-21.309;11.8072;-25.7687;8.5;2572.44;5.11093;0;0;0.1;0.01;0;4.00243;1;0;-1
0;333;-22.7773;28.7649;-27.7826;8.64731;2708.52;5.1995;0;0;0.1;0.01;0;5.10146;0;0;-1
0;334;-21.2667;44.7679;-27.8822;9.74786;3879.86;5.86125;0;0;0.1;0.01;0;5.84223;0;0;-1
0;335;-21.6894;62.1729;-26.6121;9.66986;3787.47;5.81435;0;0;0.1;0.01;0;6.33956;0;0;-1
0;336;-22.8421;78.7593;-27.9088;9.43208;3514.88;5.67137;0;0;0.1;0.01;0;5.63144;0;0;-1
0;337;-5.94165;-81.2661;-28.6455;9.37792;3454.68;5.63881;0;0;0.1;0.01;0;6.0935;0;0;-1
0;338;-7.90661;-66.6066;-26.3313;9.47884;3567.42;5.69949;0;0;0.1;0.01;0;6.69066;0;0;-1
0;339;-8.56438;-48.5931;-24.3791;9.13807;3196.33;5.49459;0;0;0.1;0.01;0;5.18616;0;0;-1
0;340;-8.20544;-29.6929;-25.5473;8.77274;2828.1;5.27492;0;0;0.1;0.01;0;5.5655;0;0;-1
0;341;-6.01063;-13.3252;-27.8167;9.41095;3491.31;5.65867;0;0;0.1;0.01;0;6.59689;0;0;-1
0;342;-5.49729;1.93074;-27.6462;8.53399;2603.42;5.13136;0;0;0.1;0.01;0;5.70965;0;0;-1
0;343;-6.60841;21.1281;-25.6304;9.60397;3710.57;5.77473;0;0;0.1;0.01;0;6.69984;0;0;-1
0;344;-7.09131;35.4086;-27.0957;9.34522;3418.67;5.61915;0;0;0.1;0.01;0;7.48423;0;0;-1
0;345;-7.9305;51.5118;-26.022;8.65073;2711.73;5.20156;0;0;0.1;0.01;0;5.6114;0;0;-1
0;346;-9.34752;72.1634;-24.4817;8.6207;2683.59;5.1835;0;0;0.1;0.01;0;5.03838;0;0;-1
0;347;-9.10029;88.2408;-25.6701;8.64271;2704.2;5.19674;0;0;0.1;0.01;0;3.96963;0;0;-1
0;348;9.34808;-90.4757;-25.4137;10.3115;4592.55;6.20016;0;0;0.1;0.01;0;4.27726;0;0;-1
0;349;6.5956;-75.7946;-25.3178;9.7822;3921.01;5.88189;0;0;0.1;0.01;0;6.675;0;0;-1
0;350;9.44073;-58.6621;-25.7678;9.33001;3402;5.61;0;0;0.1;0.01;0;5.80835;0;0;-1
0;351;5.72799;-40.0321;-25.3982;9.62018;3729.39;5.78447;0;0;0.1;0.01;0;6.0978;0;0;-1
0;352;8.26666;-25.5203;-26.5929;8.72878;2785.8;5.24849;0;0;0.1;0.01;0;5.86003;0;0;-1
0;353;9.02081;-8.76675;-27.6959;10.2426;4501.11;6.15873;0;0;0.1;0.01;0;6.79726;0;0;-1
0;354;5.51503;9.93291;-25.5089;9.14542;3204.05;5.49901;0;0;0.1;0.01;0;4.58381;0;0;-1
0;355;9.4361;29.3299;-27.6624;10.081;4291.4;6.06156;0;0;0.1;0.01;0;6.86169;0;0;-1
0;356;6.25272;44.0476;-25.2421;10.3766;4680.09;6.2393;0;0;0.1;0.01;0;7.20136;0;0;-1
0;357;6.87109;63.4087;-24.6231;10.1832;4423.25;6.12301;0;0;0.1;0.01;0;6.80676;0;0;-1
0;358;5.89816;78.2863;-28.0031;9.05381;3108.73;5.44392;0;0;0.1;0.01;0;5.5579;0;0;-1
0;359;8.24305;95.6192;-26.844;10.0208;4214.98;6.02536;0;0;0.1;0.01;0;2.99626;0;0;-1
0;360;22.576;-82.3693;-25.2179;9.14669;3205.39;5.49977;0;0;0.1;0.01;0;4.65863;0;0;-1
0;361;23.7025;-65.8972;-25.4725;9.51617;3609.73;5.72193;0;0;0.1;0.01;0;5.43794;0;0;-1
0;362;23.278;-47.2933;-27.4361;10.114;4333.69;6.0814;0;0;0.1;0.01;0;6.25865;0;0;-1
0;363;22.7925;-31.7614;-26.0519;9.7203;3847.05;5.84468;0;0;0.1;0.01;0;6.89737;0;0;-1
0;364;22.1286;-16.0905;-25.5892;10.0142;4206.66;6.02139;0;0;0.1;0.01;0;6.72924;0;0;-1
0;365;22.3183;1.01476;-26.8054;9.03568;3090.09;5.43302;0;0;0.1;0.01;0;5.17124;0;0;-1
0;366;23.3897;18.1882;-28.0147;9.62583;3735.97;5.78787;0;0;0.1;0.01;0;6.2548;0;0;-1
0;367;23.2512;34.9369;-27.5231;9.48752;3577.23;5.70471;0;0;0.1;0.01;0;7.42036;0;0;-1
0;368;20.5945;51.1119;-24.5155;9.78732;3927.17;5.88497;0;0;0.1;0.01;0;6.26164;0;0;-1
0;369;20.2917;69.1535;-26.951;9.41126;3491.66;5.65885;0;0;0.1;0.01;0;5.36374;0;0;-1
0;370;23.3598;84.5727;-24.8053;9.48309;3572.22;5.70204;0;0;0.1;0.01;0;4.90164;0;0;-1
0;371;38.0626;-75.9965;-27.1009;9.08221;3138.07;5.461;0;0;0.1;0.01;0;3.94061;0;0;-1
0;372;35.2279;-56.9203;-27.0365;8.68961;2748.46;5.22494;0;0;0.1;0.01;0;5.60568;0;0;-1
0;373;37.5313;-39.9411;-26.8261;9.92192;4091.44;5.96591;0;0;0.1;0.01;0;7.96581;0;0;-1
0;374;37.6917;-23.1669;-27.6901;9.98008;4163.81;6.00088;0;0;0.1;0.01;0;7.58921;0;0;-1
0;375;37.4552;-7.20986;-24.8408;9.68117;3800.77;5.82115;0;0;0.1;0.01;0;6.56992;0;0;-1
0;376;35.1264;8.91696;-26.791;8.8148;2868.97;5.30021;0;0;0.1;0.01;0;5.30765;0;0;-1
0;377;37.2268;25.3866;-24.7097;9.96675;4147.15;5.99286;0;0;0.1;0.01;0;6.87952;0;0;-1
0;378;37.0159;42.1381;-27.1007;9.84583;3998.03;5.92015;0;0;0.1;0.01;0;6.57899;0;0;-1
0;379;38.4481;63.6748;-24.9035;8.5;2572.44;5.11093;0;0;0.1;0.01;0;4.58666;1;0;-1
0;380;36.7518;78.8098;-24.8784;8.5;2572.44;5.11093;0;0;0.1;0.01;0;4.35253;1;0;-1
0;381;50.4396;-66.6501;-24.7827;10.2137;4463.11;6.14135;0;0;0.1;0.01;0;5.56952;0;0;-1
0;382;49.9657;-50.7727;-25.2875;10.1728;4409.71;6.11676;0;0;0.1;0.01;0;6.8507;0;0;-1
0;383;50.0715;-33.4177;-25.0317;8.55599;2623.61;5.14459;0;0;0.1;0.01;0;5.20188;0;0;-1
0;384;52.7157;-15.5616;-26.8614;9.21838;3281.35;5.54288;0;0;0.1;0.01;0;6.25946;0;0;-1
0;385;51.8223;1.73344;-28.3313;10.0155;4208.3;6.02217;0;0;0.1;0.01;0;7.1688;0;0;-1
0;386;50.1094;17.7978;-28.5128;9.04577;3100.45;5.43909;0;0;0.1;0.01;0;6.16744;0;0;-1
0;387;50.3083;34.8914;-25.0659;9.38364;3461.01;5.64225;0;0;0.1;0.01;0;5.57715;0;0;-1
0;388;52.9813;54.7684;-24.6953;8.65695;2717.59;5.2053;0;0;0.1;0.01;0;4.39637;0;0;-1
0;389;52.2002;72.6238;-26.9416;9.78828;3928.33;5.88555;0;0;0.1;0.01;0;4.37787;0;0;-1
0;390;66.3607;-59.2021;-27.6308;8.99162;3045.11;5.40653;0;0;0.1;0.01;0;4.13218;0;0;-1
0;391;66.637;-42.2204;-25.0388;8.84857;2902.07;5.32052;0;0;0.1;0.01;0;5.48333;0;0;-1
0;392;67.4828;-23.2453;-24.8709;10.3678;4668.19;6.23401;0;0;0.1;0.01;0;6.53772;0;0;-1
0;393;65.5553;-5.59873;-26.9245;8.9529;3005.94;5.38325;0;0;0.1;0.01;0;6.84104;0;0;-1
0;394;66.5839;9.45415;-25.0948;9.2484;3313.51;5.56093;0;0;0.1;0.01;0;5.8236;0;0;-1
0;395;64.873;25.407;-25.6004;9.8348;3984.6;5.91352;0;0;0.1;0.01;0;4.8092;0;0;-1
0;396;66.3804;46.5067;-25.901;10.0347;4232.55;6.03372;0;0;0.1;0.01;0;5.81775;0;0;-1
0;397;65.076;62.2798;-27.5169;10.0508;4252.95;6.0434;0;0;0.1;0.01;0;4.96868;0;0;-1
0;398;79.4171;-51.2652;-25.8211;10.1042;4321.1;6.07551;0;0;0.1;0.01;0;2.1782;0;0;-1
0;399;81.8814;-34.2041;-24.8309;10.2512;4512.45;6.1639;0;0;0.1;0.01;0;3.41459;0;0;-1
0;400;80.7503;-16.8113;-25.3497;8.88357;2936.64;5.34156;0;0;0.1;0.01;0;4.46908;0;0;-1
0;401;79.7982;-0.230462;-26.2434;9.30496;3374.68;5.59494;0;0;0.1;0.01;0;4.87223;0;0;-1
0;402;83.2164;17.7953;-25.2707;9.79833;3940.44;5.89159;0;0;0.1;0.01;0;4.14632;0;0;-1
0;403;79.0973;33.7687;-27.9896;8.5;2572.44;5.11093;0;0;0.1;0.01;0;3.36609;1;0;-1
0;404;79.3705;54.6222;-26.5437;10.3516;4646.34;6.22427;0;0;0.1;0.01;0;2.7083;0;0;-1
0;405;-98.4402;0.961568;-11.8076;10.2755;4544.62;6.17851;0;0;0.1;0.01;0;3.70534;0;0;-1
0;406;-84.285;-42.0867;-11.2462;9.08598;3141.98;5.46327;0;0;0.1;0.01;0;3.46866;0;0;-1
0;407;-84.3764;-23.5394;-10.3049;10.4098;4725.15;6.25926;0;0;0.1;0.01;0;5.70414;0;0;-1
0;408;-85.2153;-7.13624;-12.4865;8.91246;2965.39;5.35893;0;0;0.1;0.01;0;5.26892;0;0;-1
0;409;-83.3447;11.6469;-11.9333;10.149;4378.83;6.10245;0;0;0.1;0.01;0;5.92292;0;0;-1
0;410;-84.8109;29.1435;-12.4328;8.5;2572.44;5.11093;0;0;0.1;0.01;0;4.13005;1;0;-1
0;411;-84.0326;42.4974;-11.3179;9.39125;3469.44;5.64682;0;0;0.1;0.01;0;4.12614;0;0;-1
0;412;-70.811;-68.439;-10.0676;8.78734;2842.24;5.2837;0;0;0.1;0.01;0;2.1352;0;0;-1
0;413;-69.2273;-49.2675;-11.9956;9.51949;3613.51;5.72393;0;0;0.1;0.01;0;4.76733;0;0;-1
0;414;-69.8902;-32.5583;-10.1414;9.37135;3447.43;5.63486;0;0;0.1;0.01;0;6.79609;0;0;-1
0;415;-72.1618;-15.7402;-11.6921;9.40543;3485.17;5.65535;0;0;0.1;0.01;0;6.58718;0;0;-1
0;416;-70.7951;3.17163;-10.3092;8.76929;2824.76;5.27285;0;0;0.1;0.01;0;6.07175;0;0;-1
0;417;-68.3525;17.375;-12.9502;8.58719;2652.42;5.16335;0;0;0.1;0.01;0;4.93166;0;0;-1
0;418;-69.4934;36.4683;-11.9868;9.59908;3704.91;5.77179;0;0;0.1;0.01;0;6.33917;0;0;-1
0;419;-71.9165;53.7862;-13.0212;8.9755;3028.76;5.39684;0;0;0.1;0.01;0;4.41584;0;0;-1
0;420;-54.2885;-75.1356;-9.72529;8.85847;2911.82;5.32647;0;0;0.1;0.01;0;3.81338;0;0;-1
0;421;-56.6163;-58.2392;-12.35;9.39962;3478.72;5.65186;0;0;0.1;0.01;0;5.38392;0;0;-1
0;422;-57.3285;-39.2003;-10.3229;8.57706;2643.04;5.15726;0;0;0.1;0.01;0;5.56495;0;0;-1
0;423;-57.3113;-23.9563;-11.8673;8.5;2572.44;5.11093;0;0;0.1;0.01;0;5.49296;1;0;-1
0;424;-55.2363;-7.21713;-11.8137;9.00601;3059.75;5.41518;0;0;0.1;0.01;0;5.5017;0;0;-1
0;425;-54.305;8.60177;-12.5437;10.0595;4264.01;6.04863;0;0;0.1;0.01;0;5.98848;0;0;-1
0;426;-57.3412;29.7709;-12.822;8.5;2572.44;5.11093;0;0;0.1;0.01;0;5.63801;1;0;-1
0;427;-55.1134;44.7259;-11.8311;9.28257;3350.37;5.58147;0;0;0.1;0.01;0;6.85545;0;0;-1
0;428;-57.952;60.0347;-10.6864;9.74725;3879.14;5.86088;0;0;0.1;0.01;0;5.44907;0;0;-1
0;429;-42.7874;-83.6462;-13.2575;10.0889;4301.5;6.06631;0;0;0.1;0.01;0;4.25753;0;0;-1
0;430;-39.3562;-64.6277;-11.5717;9.79525;3936.73;5.88974;0;0;0.1;0.01;0;5.60977;0;0;-1
0;431;-41.0529;-49.3564;-10.692;8.52157;2592.07;5.1239;0;0;0.1;0.01;0;5.07749;0;0;-1
0;432;-41.2253;-32.6048;-12.3666;9.80366;3946.87;5.8948;0;0;0.1;0.01;0;6.13863;0;0;-1
0;433;-42.082;-14.3468;-13.5192;10.014;4206.41;6.02127;0;0;0.1;0.01;0;6.08444;0;0;-1
0;434;-40.9205;3.07025;-10.7871;9.48602;3575.53;5.70381;0;0;0.1;0.01;0;5.76918;0;0;-1
0;435;-39.4024;20.0877;-11.2062;10.0097;4200.99;6.01869;0;0;0.1;0.01;0;6.27658;0;0;-1
0;436;-42.1304;36.9048;-13.172;9.33057;3402.62;5.61034;0;0;0.1;0.01;0;7.19893;0;0;-1
0;437;-42.6487;52.2151;-12.6196;8.5;2572.44;5.11093;0;0;0.1;0.01;0;5.05099;1;0;-1
0;438;-43.0026;70.6904;-12.5559;8.74544;2801.78;5.25851;0;0;0.1;0.01;0;4.72338;0;0;-1
0;439;-43.2512;85.1315;-13.3354;8.5;2572.44;5.11093;0;0;0.1;0.01;0;3.42635;1;0;-1
0;440;-27.9035;-93.1825;-13.0846;9.62079;3730.1;5.78484;0;0;0.1;0.01;0;4.3184;0;0;-1
0;441;-28.1487;-76.8706;-13.0024;10.1441;4372.49;6.0995;0;0;0.1;0.01;0;7.05516;0;0;-1
0;442;-24.6941;-56.5743;-12.285;10.3899;4698.1;6.2473;0;0;0.1;0.01;0;7.30725;0;0;-1
0;443;-27.3646;-41.7549;-10.1881;10.4383;4764.07;6.2764;0;0;0.1;0.01;0;7.63177;0;0;-1
0;444;-26.6305;-22.286;-11.8626;10.2193;4470.46;6.14472;0;0;0.1;0.01;0;6.64843;0;0;-1
0;445;-24.9564;-7.30775;-10.3191;8.54228;2611.02;5.13635;0;0;0.1;0.01;0;4.6985;0;0;-1
0;446;-25.1388;9.14552;-10.2555;9.43114;3513.83;5.67081;0;0;0.1;0.01;0;5.17409;0;0;-1
0;447;-27.4324;28.4661;-10.5795;10.2555;4518.13;6.16648;0;0;0.1;0.01;0;6.15102;0;0;-1
0;448;-28.3069;42.9584;-10.778;9.06343;3118.65;5.44971;0;0;0.1;0.01;0;5.62635;0;0;-1
0;449;-24.4427;59.0685;-12.8496;8.80537;2859.77;5.29454;0;0;0.1;0.01;0;4.53576;0;0;-1
0;450;-24.7745;77.698;-12.2472;9.85517;4009.41;5.92577;0;0;0.1;0.01;0;6.45427;0;0;-1
0;451;-24.86;94.672;-14.0149;10.1999;4445.05;6.13305;0;0;0.1;0.01;0;3.54503;0;0;-1
0;452;-13.5469;-83.3066;-11.0881;8.5;2572.44;5.11093;0;0;0.1;0.01;0;4.45328;1;0;-1
0;453;-12.7684;-65.4524;-13.2527;8.5;2572.44;5.11093;0;0;0.1;0.01;0;5.52593;1;0;-1
0;454;-12.692;-48.4391;-9.70959;9.49539;3586.14;5.70944;0;0;0.1;0.01;0;6.60679;0;0;-1
0;455;-11.4459;-32.3652;-11.7617;10.4018;4714.27;6.25445;0;0;0.1;0.01;0;7.257;0;0;-1
0;456;-10.3954;-14.2696;-10.7218;8.5;2572.44;5.11093;0;0;0.1;0.01;0;6.05853;1;0;-1
0;457;-10.717;0.965627;-11.6022;10.2021;4447.92;6.13437;0;0;0.1;0.01;0;7.16007;0;0;-1
0;458;-10.7332;16.9721;-11.625;9.08701;3143.05;5.46389;0;0;0.1;0.01;0;5.76951;0;0;-1
0;459;-11.5924;34.2406;-12.5334;8.56015;2627.44;5.14709;0;0;0.1;0.01;0;4.61921;0;0;-1
0;460;-10.353;50.9709;-10.6095;8.54843;2616.66;5.14005;0;0;0.1;0.01;0;5.22164;0;0;-1
0;461;-10.5255;67.4156;-11.6305;9.0735;3129.05;5.45576;0;0;0.1;0.01;0;5.91145;0;0;-1
0;462;-11.7012;87.2556;-12.4366;8.5;2572.44;5.11093;0;0;0.1;0.01;0;4.79523;1;0;-1
0;463;4.39256;-91.5507;-10.5853;8.69412;2752.74;5.22765;0;0;0.1;0.01;0;3.76698;0;0;-1
0;464;1.54667;-75.9948;-12.1263;8.5;2572.44;5.11093;0;0;0.1;0.01;0;5.49199;1;0;-1
0;465;1.34226;-59.4793;-12.8587;8.86284;2916.13;5.3291;0;0;0.1;0.01;0;6.06279;0;0;-1
0;466;1.67914;-41.2582;-12.623;9.63019;3741.05;5.79049;0;0;0.1;0.01;0;6.53495;0;0;-1
0;467;1.26376;-21.5687;-10.463;9.21799;3280.93;5.54264;0;0;0.1;0.01;0;6.60746;0;0;-1
0;468;1.59437;-7.44567;-12.1262;8.63646;2698.34;5.19298;0;0;0.1;0.01;0;6.12592;0;0;-1
0;469;3.27901;8.1716;-12.2796;10.1133;4332.79;6.08098;0;0;0.1;0.01;0;6.21243;0;0;-1
0;470;3.19104;25.1304;-13.5563;9.05314;3108.04;5.44352;0;0;0.1;0.01;0;4.72377;0;0;-1
0;471;1.98707;43.7631;-10.4951;9.3009;3370.26;5.5925;0;0;0.1;0.01;0;5.57852;0;0;-1
0;472;2.3363;59.5234;-10.7501;9.45512;3540.71;5.68523;0;0;0.1;0.01;0;6.58767;0;0;-1
0;473;2.70843;76.7502;-10.3949;8.91847;2971.39;5.36255;0;0;0.1;0.01;0;6.03244;0;0;-1
0;474;3.09698;94.039;-11.4632;10.2647;4530.3;6.17202;0;0;0.1;0.01;0;4.45907;0;0;-1
0;475;18.8193;-85.1781;-10.5428;9.35595;3430.46;5.6256;0;0;0.1;0.01;0;5.80114;0;0;-1
0;476;16.0726;-68.1937;-10.5163;9.47166;3559.32;5.69517;0;0;0.1;0.01;0;6.35368;0;0;-1
0;477;15.9667;-51.4701;-9.87402;9.86583;4022.44;5.93218;0;0;0.1;0.01;0;5.77728;0;0;-1
0;478;15.525;-33.3869;-10.5206;9.65096;3765.3;5.80298;0;0;0.1;0.01;0;5.74144;0;0;-1
0;479;16.034;-16.2967;-11.4652;8.57311;2639.39;5.15489;0;0;0.1;0.01;0;5.90882;0;0;-1
0;480;16.4168;1.12322;-11.4614;9.38448;3461.94;5.64275;0;0;0.1;0.01;0;5.57842;0;0;-1
0;481;19.488;20.8999;-10.8798;9.88972;4051.73;5.94655;0;0;0.1;0.01;0;6.04972;0;0;-1
0;482;19.6231;38.1918;-13.17;8.5;2572.44;5.11093;0;0;0.1;0.01;0;5.08514;1;0;-1
0;483;18.19;54.5326;-11.4726;8.5;2572.44;5.11093;0;0;0.1;0.01;0;4.9318;1;0;-1
0;484;17.305;71.4352;-10.3233;10.3965;4707.06;6.25126;0;0;0.1;0.01;0;7.1114;0;0;-1
0;485;15.6985;84.9761;-12.5727;8.5;2572.44;5.11093;0;0;0.1;0.01;0;5.451;1;0;-1
0;486;31.9437;-93.7262;-12.0443;8.83098;2884.8;5.30994;0;0;0.1;0.01;0;1.85767;0;0;-1
0;487;33.3571;-76.6515;-12.3209;9.41174;3492.19;5.65914;0;0;0.1;0.01;0;5.65357;0;0;-1
0;488;32.8918;-55.3908;-10.3537;9.45135;3536.47;5.68296;0;0;0.1;0.01;0;4.99273;0;0;-1
0;489;34.1678;-38.8923;-10.1242;9.62386;3733.67;5.78669;0;0;0.1;0.01;0;6.14305;0;0;-1
0;490;31.2293;-21.3575;-12.2814;9.89423;4057.28;5.94926;0;0;0.1;0.01;0;7.10789;0;0;-1
0;491;33.139;-6.33798;-10.7829;8.88235;2935.43;5.34083;0;0;0.1;0.01;0;5.56112;0;0;-1
0;492;33.5024;11.7963;-12.9109;10.3784;4682.52;6.24038;0;0;0.1;0.01;0;7.01964;0;0;-1
0;493;31.4714;29.054;-10.8339;9.24443;3309.25;5.55854;0;0;0.1;0.01;0;6.82171;0;0;-1
0;494;33.5351;46.2629;-13.2512;9.56238;3662.58;5.74972;0;0;0.1;0.01;0;5.9895;0;0;-1
0;495;32.7916;63.4859;-10.3701;8.6173;2680.42;5.18146;0;0;0.1;0.01;0;5.98601;0;0;-1
0;496;32.266;79.3799;-10.127;10.0567;4260.45;6.04695;0;0;0.1;0.01;0;6.38733;0;0;-1
0;497;45.9704;-82.934;-10.7963;8.5;2572.44;5.11093;0;0;0.1;0.01;0;4.15619;1;0;-1
0;498;48.13;-67.8907;-11.4486;9.53328;3629.24;5.73222;0;0;0.1;0.01;0;6.01441;0;0;-1
0;499;47.7017;-47.7331;-11.966;9.34097;3414.01;5.61659;0;0;0.1;0.01;0;6.1147;0;0;-1
0;500;48.6172;-31.7048;-12.5239;9.05733;3112.36;5.44604;0;0;0.1;0.01;0;5.54027;0;0;-1
0;501;45.5565;-14.7395;-10.9502;9.15165;3210.6;5.50275;0;0;0.1;0.01;0;6.26717;0;0;-1
0;502;46.5942;0.437926;-11.0275;10.1585;4391.14;6.10816;0;0;0.1;0.01;0;7.44523;0;0;-1
0;503;47.7347;18.1129;-13.4373;10.1742;4411.53;6.1176;0;0;0.1;0.01;0;7.74673;0;0;-1
0;504;47.8977;34.6499;-10.5429;9.51622;3609.79;5.72196;0;0;0.1;0.01;0;6.42899;0;0;-1
0;505;45.9435;55.1963;-12.4964;8.5;2572.44;5.11093;0;0;0.1;0.01;0;5.02024;1;0;-1
0;506;46.2861;68.4956;-10.0124;9.24156;3306.16;5.55682;0;0;0.1;0.01;0;6.17002;0;0;-1
0;507;47.696;85.6454;-13.0953;8.6403;2701.94;5.19529;0;0;0.1;0.01;0;2.33802;0;0;-1
0;508;61.0939;-74.2492;-11.2868;10.3036;4582.01;6.19541;0;0;0.1;0.01;0;3.19905;0;0;-1
0;509;60.3069;-56.0676;-13.3014;9.61516;3723.56;5.78146;0;0;0.1;0.01;0;6.39421;0;0;-1
0;510;61.4428;-42.1495;-11.6154;9.39919;3478.24;5.6516;0;0;0.1;0.01;0;6.41269;0;0;-1
0;511;62.5752;-25.7818;-11.8637;9.28468;3352.66;5.58274;0;0;0.1;0.01;0;5.8426;0;0;-1
0;512;62.742;-7.65205;-11.5017;9.83406;3983.7;5.91308;0;0;0.1;0.01;0;6.46828;0;0;-1
0;513;60.7343;9.37305;-12.8112;10.2245;4477.29;6.14784;0;0;0.1;0.01;0;6.65859;0;0;-1
0;514;61.9707;28.7538;-10.2201;9.92591;4096.37;5.96831;0;0;0.1;0.01;0;6.30844;0;0;-1
0;515;62.6743;45.9886;-11.1285;9.50542;3597.51;5.71547;0;0;0.1;0.01;0;5.70385;0;0;-1
0;516;63.237;63.5906;-10.8004;10.0981;4313.28;6.07184;0;0;0.1;0.01;0;5.33342;0;0;-1
0;517;61.0499;77.9225;-13.7934;8.90529;2958.24;5.35462;0;0;0.1;0.01;0;2.77229;0;0;-1
0;518;77.6013;-47.5328;-10.8029;8.5;2572.44;5.11093;0;0;0.1;0.01;0;3.89184;1;0;-1
0;519;77.3356;-30.035;-11.2443;8.60685;2670.68;5.17517;0;0;0.1;0.01;0;5.62743;0;0;-1
0;520;75.2982;-14.4398;-10.8557;10.4528;4783.95;6.28512;0;0;0.1;0.01;0;7.8007;0;0;-1
0;521;74.9426;1.12024;-10.9971;8.5;2572.44;5.11093;0;0;0.1;0.01;0;6.16604;1;0;-1
0;522;76.6057;18.0092;-13.3379;8.69993;2758.26;5.23114;0;0;0.1;0.01;0;5.74981;0;0;-1
0;523;75.0668;34.8536;-12.7099;8.5;2572.44;5.11093;0;0;0.1;0.01;0;5.25363;1;0;-1
0;524;75.3401;51.4815;-10.2255;9.24246;3307.13;5.55736;0;0;0.1;0.01;0;5.72153;0;0;-1
0;525;89.5835;-22.1754;-11.9561;8.5;2572.44;5.11093;0;0;0.1;0.01;0;3.79072;1;0;-1
0;526;90.0693;-4.25132;-10.1462;9.67018;3787.85;5.81454;0;0;0.1;0.01;0;4.12045;0;0;-1
0;527;89.5556;12.0099;-11.0212;8.94815;3001.15;5.38039;0;0;0.1;0.01;0;4.80275;0;0;-1
0;528;89.4266;27.0279;-11.2045;8.57982;2645.59;5.15892;0;0;0.1;0.01;0;4.51268;0;0;-1
0;529;89.2354;43.5654;-9.84192;10.0381;4236.85;6.03576;0;0;0.1;0.01;0;3.29404;0;0;-1
0;530;-93.9351;-16.5778;2.39599;9.45997;3546.16;5.68814;0;0;0.1;0.01;0;3.17077;0;0;-1
0;531;-95.6861;2.72888;3.43573;9.65336;3768.11;5.80443;0;0;0.1;0.01;0;3.78376;0;0;-1
0;532;-95.9056;18.686;2.15748;10.2032;4449.36;6.13504;0;0;0.1;0.01;0;3.23998;0;0;-1
0;533;-79.6784;-55.9194;3.03581;8.5;2572.44;5.11093;0;0;0.1;0.01;0;2.64078;1;0;-1
0;534;-82.626;-41.525;4.68122;9.80047;3943.02;5.89288;0;0;0.1;0.01;0;4.17525;0;0;-1
0;535;-80.5963;-23.2227;2.97203;9.80139;3944.13;5.89343;0;0;0.1;0.01;0;6.45411;0;0;-1
0;536;-79.8671;-6.13579;3.72366;9.46528;3552.13;5.69134;0;0;0.1;0.01;0;5.92459;0;0;-1
0;537;-81.7976;10.3516;2.71612;8.90491;2957.86;5.35439;0;0;0.1;0.01;0;4.7084;0;0;-1
0;538;-80.6005;25.4888;1.20822;8.5;2572.44;5.11093;0;0;0.1;0.01;0;3.69479;1;0;-1
0;539;-82.6845;44.0761;2.76776;10.2457;4505.19;6.16059;0;0;0.1;0.01;0;4.42131;0;0;-1
0;540;-78.9063;61.1268;3.37918;9.4202;3501.62;5.66423;0;0;0.1;0.01;0;2.55874;0;0;-1
0;541;-63.8871;-65.5082;1.68294;8.86781;2921.04;5.33209;0;0;0.1;0.01;0;4.00743;0;0;-1
0;542;-64.278;-47.2851;4.39989;10.2617;4526.33;6.17021;0;0;0.1;0.01;0;6.234;0;0;-1
0;543;-68.396;-33.0475;3.55339;8.92266;2975.58;5.36507;0;0;0.1;0.01;0;5.75775;0;0;-1
0;544;-67.7934;-14.8223;1.72278;10.4365;4761.6;6.27532;0;0;0.1;0.01;0;6.92633;0;0;-1
0;545;-67.1955;0.399561;3.73512;10.3306;4618.12;6.21164;0;0;0.1;0.01;0;6.9336;0;0;-1
0;546;-64.7304;17.1275;3.36886;10.4477;4776.95;6.28205;0;0;0.1;0.01;0;6.01968;0;0;-1
0;547;-65.1818;36.523;3.09688;10.4249;4745.74;6.26834;0;0;0.1;0.01;0;6.60232;0;0;-1
0;548;-65.5648;52.031;3.22851;9.47993;3568.65;5.70014;0;0;0.1;0.01;0;5.47938;0;0;-1
0;549;-64.9469;70.41;3.16571;8.5;2572.44;5.11093;0;0;0.1;0.01;0;2.34929;1;0;-1
0;550;-49.9074;-75.3353;3.2412;8.5823;2647.89;5.16041;0;0;0.1;0.01;0;5.00529;0;0;-1
0;551;-50.3439;-59.389;4.21344;8.71413;2771.79;5.23968;0;0;0.1;0.01;0;5.50717;0;0;-1
0;552;-50.955;-42.3321;3.33782;8.72965;2786.63;5.24901;0;0;0.1;0.01;0;5.46071;0;0;-1
0;553;-52.1155;-24.4736;3.65398;8.58632;2651.61;5.16283;0;0;0.1;0.01;0;4.1844;0;0;-1
0;554;-49.6383;-5.37547;2.14708;8.5;2572.44;5.11093;0;0;0.1;0.01;0;4.35391;1;0;-1
0;555;-52.302;10.0594;3.75067;8.5;2572.44;5.11093;0;0;0.1;0.01;0;4.98727;1;0;-1
0;556;-52.7583;25.8408;2.70097;8.5;2572.44;5.11093;0;0;0.1;0.01;0;5.48446;1;0;-1
0;557;-50.2693;42.9863;5.11416;9.8444;3996.28;5.91929;0;0;0.1;0.01;0;5.97329;0;0;-1
0;558;-50.754;63.4598;1.83744;9.04923;3104.01;5.44117;0;0;0.1;0.01;0;5.21423;0;0;-1
0;559;-51.4553;78.1193;1.28651;9.76208;3896.87;5.8698;0;0;0.1;0.01;0;4.43739;0;0;-1
0;560;-34.9763;-84.0135;3.43927;9.36644;3442.01;5.6319;0;0;0.1;0.01;0;5.15524;0;0;-1
0;561;-38.5003;-67.385;3.24552;9.15764;3216.91;5.50636;0;0;0.1;0.01;0;5.35501;0;0;-1
0;562;-36.7053;-50.3918;4.11918;8.5;2572.44;5.11093;0;0;0.1;0.01;0;5.1739;1;0;-1
0;563;-35.833;-32.6249;2.67975;9.95707;4135.07;5.98704;0;0;0.1;0.01;0;6.05253;0;0;-1
0;564;-38.0814;-14.0907;3.15003;8.97516;3028.41;5.39663;0;0;0.1;0.01;0;4.98267;0;0;-1
0;565;-36.634;3.18089;4.04066;8.90095;2953.91;5.35201;0;0;0.1;0.01;0;5.85549;0;0;-1
0;566;-38.1415;19.9758;2.91817;10.1518;4382.46;6.10413;0;0;0.1;0.01;0;6.8657;0;0;-1
0;567;-38.1968;36.3088;1.0279;8.89588;2948.87;5.34896;0;0;0.1;0.01;0;5.93119;0;0;-1
0;568;-35.4182;50.8426;2.86217;9.82839;3976.82;5.90967;0;0;0.1;0.01;0;5.01442;0;0;-1
0;569;-35.7485;71.7405;1.34162;10.4423;4769.55;6.2788;0;0;0.1;0.01;0;6.28645;0;0;-1
0;570;-35.3292;87.8891;3.29088;9.58234;3685.56;5.76172;0;0;0.1;0.01;0;5.14527;0;0;-1
0;571;-20.7789;-93.6576;1.59975;9.51832;3612.18;5.72323;0;0;0.1;0.01;0;4.31176;0;0;-1
0;572;-20.5632;-76.6074;4.59758;8.53528;2604.61;5.13214;0;0;0.1;0.01;0;5.26457;0;0;-1
0;573;-23.6203;-57.6387;1.53832;9.2155;3278.27;5.54115;0;0;0.1;0.01;0;6.00497;0;0;-1
0;574;-23.2246;-40.3595;2.14412;9.25268;3318.11;5.5635;0;0;0.1;0.01;0;6.41708;0;0;-1
0;575;-21.1656;-23.0818;3.57188;8.5;2572.44;5.11093;0;0;0.1;0.01;0;5.39879;1;0;-1
0;576;-20.5807;-5.19199;3.33894;8.55675;2624.31;5.14505;0;0;0.1;0.01;0;6.16029;0;0;-1
0;577;-20.1921;9.99431;4.06898;10.1133;4332.79;6.08098;0;0;0.1;0.01;0;6.8989;0;0;-1
0;578;-23.9425;27.5228;1.88705;8.5874;2652.61;5.16348;0;0;0.1;0.01;0;3.99273;0;0;-1
0;579;-19.9306;46.9961;1.82627;9.19996;3261.72;5.5318;0;0;0.1;0.01;0;4.54704;0;0;-1
0;580;-22.0277;63.323;2.16464;9.89483;4058.01;5.94962;0;0;0.1;0.01;0;6.65794;0;0;-1
0;581;-22.1872;77.5551;1.90471;9.60554;3712.39;5.77567;0;0;0.1;0.01;0;6.19799;0;0;-1
0;582;-23.3658;96.2348;1.35592;9.90756;4073.7;5.95727;0;0;0.1;0.01;0;3.42003;0;0;-1
0;583;-7.07075;-98.9512;0.927557;10.0776;4287.06;6.05951;0;0;0.1;0.01;0;2.97412;0;0;-1
0;584;-5.64332;-81.0562;3.71101;8.73414;2790.93;5.25171;0;0;0.1;0.01;0;5.62639;0;0;-1
0;585;-9.08094;-66.648;2.7682;10.3839;4689.97;6.24369;0;0;0.1;0.01;0;5.7529;0;0;-1
0;586;-7.63094;-49.2499;2.31187;8.64791;2709.08;5.19986;0;0;0.1;0.01;0;5.09679;0;0;-1
0;587;-7.46432;-29.9765;2.52299;9.4445;3528.79;5.67884;0;0;0.1;0.01;0;6.35425;0;0;-1
0;588;-8.78082;-14.1947;3.12092;9.71029;3835.18;5.83866;0;0;0.1;0.01;0;6.88007;0;0;-1
0;589;-7.88594;1.80393;3.77587;8.5;2572.44;5.11093;0;0;0.1;0.01;0;5.89872;1;0;-1
0;590;-6.29686;17.3596;1.34308;8.51996;2590.61;5.12293;0;0;0.1;0.01;0;5.93103;0;0;-1
0;591;-6.16761;34.6563;3.70379;9.22465;3288.05;5.54665;0;0;0.1;0.01;0;5.50966;0;0;-1
0;592;-5.76148;51.8019;3.54254;8.5;2572.44;5.11093;0;0;0.1;0.01;0;5.87023;1;0;-1
0;593;-7.56625;71.7847;2.33123;10.3283;4615.04;6.21026;0;0;0.1;0.01;0;6.85534;0;0;-1
0;594;-9.20813;88.376;3.67884;9.77079;3907.31;5.87503;0;0;0.1;0.01;0;4.97566;0;0;-1
0;595;8.04382;-92.1749;3.09912;8.71605;2773.63;5.24083;0;0;0.1;0.01;0;4.70633;0;0;-1
0;596;8.63684;-76.0911;1.82403;9.61678;3725.44;5.78243;0;0;0.1;0.01;0;7.04014;0;0;-1
0;597;5.95497;-58.9237;1.68757;10.096;4310.59;6.07058;0;0;0.1;0.01;0;6.91997;0;0;-1
0;598;7.03507;-42.742;3.59135;9.83689;3987.15;5.91478;0;0;0.1;0.01;0;6.72732;0;0;-1
0;599;7.54772;-24.934;1.85188;9.5353;3631.55;5.73344;0;0;0.1;0.01;0;6.50663;0;0;-1
0;600;9.35738;-8.46141;4.44399;10.1237;4346.17;6.08723;0;0;0.1;0.01;0;5.92974;0;0;-1
0;601;5.73457;10.4511;2.77673;8.89902;2951.99;5.35085;0;0;0.1;0.01;0;4.95956;0;0;-1
0;602;7.62532;25.4212;2.1193;9.91149;4078.55;5.95964;0;0;0.1;0.01;0;6.08889;0;0;-1
0;603;8.38352;44.0596;2.34969;8.5;2572.44;5.11093;0;0;0.1;0.01;0;5.04524;1;0;-1
0;604;6.90914;60.3887;1.62396;8.5;2572.44;5.11093;0;0;0.1;0.01;0;5.65698;1;0;-1
0;605;8.80182;76.5077;2.68308;8.62821;2690.61;5.18802;0;0;0.1;0.01;0;5.79828;0;0;-1
0;606;5.61239;97.9054;1.52154;9.70502;3828.93;5.83549;0;0;0.1;0.01;0;2.82618;0;0;-1
0;607;20.4559;-85.2898;2.17504;8.5;2572.44;5.11093;0;0;0.1;0.01;0;4.15355;1;0;-1
0;608;23.7068;-66.3237;2.73927;10.1485;4378.19;6.10215;0;0;0.1;0.01;0;5.92352;0;0;-1
0;609;22.3816;-47.3584;4.38555;8.61569;2678.91;5.18049;0;0;0.1;0.01;0;4.58236;0;0;-1
0;610;21.7453;-31.0858;1.47506;8.5;2572.44;5.11093;0;0;0.1;0.01;0;5.79025;1;0;-1
0;611;21.4305;-14.7087;1.49302;8.5;2572.44;5.11093;0;0;0.1;0.01;0;5.46798;1;0;-1
0;612;23.2042;4.34006;1.19589;9.49255;3582.92;5.70773;0;0;0.1;0.01;0;5.44735;0;0;-1
0;613;23.3869;20.8338;4.66991;9.56391;3664.33;5.75064;0;0;0.1;0.01;0;6.83826;0;0;-1
0;614;21.9844;37.2961;4.96463;8.5;2572.44;5.11093;0;0;0.1;0.01;0;5.65967;1;0;-1
0;615;22.7748;51.4217;3.72544;9.88732;4048.78;5.9451;0;0;0.1;0.01;0;6.64238;0;0;-1
0;616;21.1369;67.7522;1.65414;9.16445;3224.09;5.51045;0;0;0.1;0.01;0;5.95697;0;0;-1
0;617;21.4077;89.4948;1.1366;10.1186;4339.6;6.08417;0;0;0.1;0.01;0;4.04448;0;0;-1
0;618;38.0422;-75.9249;1.66019;9.44408;3528.32;5.67859;0;0;0.1;0.01;0;6.03218;0;0;-1
0;619;38.5532;-59.6005;4.02263;8.64248;2703.98;5.1966;0;0;0.1;0.01;0;5.22643;0;0;-1
0;620;34.9043;-40.1471;3.41462;8.9796;3032.91;5.3993;0;0;0.1;0.01;0;5.44976;0;0;-1
0;621;35.0469;-25.7237;1.20197;9.54414;3641.66;5.73875;0;0;0.1;0.01;0;6.10776;0;0;-1
0;622;38.0216;-8.85055;4.48329;9.35846;3433.22;5.62711;0;0;0.1;0.01;0;6.0125;0;0;-1
0;623;37.2365;9.0854;1.45453;9.51894;3612.89;5.7236;0;0;0.1;0.01;0;5.74659;0;0;-1
0;624;36.6644;27.2516;2.87259;9.98295;4167.4;6.0026;0;0;0.1;0.01;0;6.5139;0;0;-1
0;625;35.9305;44.537;1.21345;10.3932;4702.58;6.24928;0;0;0.1;0.01;0;6.87877;0;0;-1
0;626;36.102;62.7058;3.82994;10.293;4567.88;6.18903;0;0;0.1;0.01;0;7.82445;0;0;-1
0;627;37.6627;80.0026;2.52289;10.395;4705.03;6.25036;0;0;0.1;0.01;0;5.13984;0;0;-1
0;628;50.8431;-83.527;2.89845;8.5;2572.44;5.11093;0;0;0.1;0.01;0;2.98954;1;0;-1
0;629;52.1829;-64.6134;4.04633;9.83279;3982.16;5.91231;0;0;0.1;0.01;0;5.58624;0;0;-1
0;630;50.321;-48.4688;3.25714;10.1367;4362.93;6.09505;0;0;0.1;0.01;0;6.36332;0;0;-1
0;631;53.4009;-33.6526;4.79174;8.5;2572.44;5.11093;0;0;0.1;0.01;0;5.81328;1;0;-1
0;632;51.3842;-15.8287;2.98999;8.60239;2666.53;5.17249;0;0;0.1;0.01;0;5.1188;0;0;-1
0;633;52.161;1.13479;2.46654;8.51441;2585.55;5.11959;0;0;0.1;0.01;0;5.43421;0;0;-1
0;634;52.3759;17.0475;1.66537;9.47502;3563.11;5.69719;0;0;0.1;0.01;0;7.31162;0;0;-1
0;635;50.1863;34.3889;2.73605;9.80689;3950.78;5.89674;0;0;0.1;0.01;0;6.23258;0;0;-1
0;636;51.3745;54.6323;4.69869;8.5;2572.44;5.11093;0;0;0.1;0.01;0;5.01694;1;0;-1
0;637;50.0056;67.7084;3.26139;9.09874;3155.24;5.47094;0;0;0.1;0.01;0;4.70029;0;0;-1
0;638;68.056;-56.0648;4.68636;9.91865;4087.39;5.96394;0;0;0.1;0.01;0;4.38788;0;0;-1
0;639;67.5903;-39.0445;2.40447;9.67029;3787.97;5.81461;0;0;0.1;0.01;0;7.09017;0;0;-1
0;640;64.7297;-24.1635;3.90362;8.59961;2663.94;5.17082;0;0;0.1;0.01;0;5.67714;0;0;-1
0;641;67.8288;-6.65764;4.42365;8.5;2572.44;5.11093;0;0;0.1;0.01;0;4.86784;1;0;-1
0;642;65.6274;12.1993;3.83457;10.2544;4516.68;6.16582;0;0;0.1;0.01;0;6.72017;0;0;-1
0;643;65.4861;25.9291;3.94586;8.5;2572.44;5.11093;0;0;0.1;0.01;0;6.09789;1;0;-1
0;644;66.9193;44.3115;4.36272;9.40417;3483.77;5.65459;0;0;0.1;0.01;0;5.6983;0;0;-1
0;645;67.4237;60.1797;4.32146;9.78995;3930.34;5.88655;0;0;0.1;0.01;0;4.46647;0;0;-1
0;646;82.3274;-47.3932;5.10691;9.16647;3226.23;5.51167;0;0;0.1;0.01;0;3.67627;0;0;-1
0;647;82.1693;-33.1107;3.18598;10.4059;4719.84;6.25692;0;0;0.1;0.01;0;5.82264;0;0;-1
0;648;81.3946;-15.7987;3.83932;9.58771;3691.76;5.76495;0;0;0.1;0.01;0;6.49014;0;0;-1
0;649;79.7742;0.0569183;1.87835;9.17655;3236.88;5.51773;0;0;0.1;0.01;0;5.72901;0;0;-1
0;650;80.9747;18.2522;2.44657;9.17519;3235.44;5.51691;0;0;0.1;0.01;0;6.6419;0;0;-1
0;651;82.5354;36.105;4.09218;10.3563;4652.67;6.22709;0;0;0.1;0.01;0;5.55209;0;0;-1
0;652;82.8016;55.2989;4.89689;9.98006;4163.78;6.00087;0;0;0.1;0.01;0;2.85017;0;0;-1
0;653;95.8384;-23.3876;2.09915;10.372;4673.86;6.23653;0;0;0.1;0.01;0;3.62884;0;0;-1
0;654;96.3574;-7.56715;4.22423;9.30892;3378.99;5.59732;0;0;0.1;0.01;0;3.40759;0;0;-1
0;655;94.5262;12.1166;1.9324;9.59168;3696.35;5.76734;0;0;0.1;0.01;0;4.2127;0;0;-1
0;656;94.3115;26.6305;4.47925;10.0281;4224.2;6.02975;0;0;0.1;0.01;0;4.46415;0;0;-1
0;657;-86.8373;-40.7512;19.2019;10.0139;4206.28;6.02121;0;0;0.1;0.01;0;3.22248;0;0;-1
0;658;-85.0798;-21.177;18.556;9.39531;3473.94;5.64926;0;0;0.1;0.01;0;3.28318;0;0;-1
0;659;-84.8784;-4.98821;19.2726;9.9256;4095.99;5.96812;0;0;0.1;0.01;0;4.6031;0;0;-1
0;660;-86.6486;10.4814;17.1898;9.41782;3498.97;5.6628;0;0;0.1;0.01;0;4.71543;0;0;-1
0;661;-85.7244;27.1061;18.3052;8.5;2572.44;5.11093;0;0;0.1;0.01;0;3.21707;1;0;-1
0;662;-84.2562;45.3292;18.9259;8.68184;2741.09;5.22026;0;0;0.1;0.01;0;2.7281;0;0;-1
0;663;-72.111;-63.6416;19.8427;9.46219;3548.65;5.68948;0;0;0.1;0.01;0;3.35549;0;0;-1
0;664;-70.8124;-48.5643;16.6721;9.04696;3101.68;5.43981;0;0;0.1;0.01;0;6.11202;0;0;-1
0;665;-68.9835;-33.8709;19.1861;8.5;2572.44;5.11093;0;0;0.1;0.01;0;5.46793;1;0;-1
0;666;-71.9593;-13.1866;19.0238;9.90376;4069.01;5.95499;0;0;0.1;0.01;0;7.23453;0;0;-1
0;667;-69.389;2.17453;19.7055;9.7357;3865.36;5.85394;0;0;0.1;0.01;0;6.93268;0;0;-1
0;668;-70.2493;18.6391;19.3029;9.64972;3763.85;5.80224;0;0;0.1;0.01;0;5.80271;0;0;-1
0;669;-70.293;34.2559;16.7442;8.77909;2834.24;5.27874;0;0;0.1;0.01;0;4.32363;0;0;-1
0;670;-70.2522;52.8847;16.2673;8.5;2572.44;5.11093;0;0;0.1;0.01;0;3.9163;1;0;-1
0;671;-58.0214;-74.9473;17.1206;10.065;4271;6.05194;0;0;0.1;0.01;0;4.51535;0;0;-1
0;672;-57.4994;-58.6527;18.7014;9.47117;3558.77;5.69488;0;0;0.1;0.01;0;6.43869;0;0;-1
0;673;-56.2033;-39.5371;17.455;10.2399;4497.55;6.1571;0;0;0.1;0.01;0;7.40223;0;0;-1
0;674;-57.0871;-23.2731;16.9162;8.9323;2985.23;5.37086;0;0;0.1;0.01;0;5.73396;0;0;-1
0;675;-55.1859;-6.46429;16.0511;9.97374;4155.88;5.99707;0;0;0.1;0.01;0;6.24498;0;0;-1
0;676;-57.1291;8.61648;17.4082;8.70387;2762.01;5.23351;0;0;0.1;0.01;0;5.38592;0;0;-1
0;677;-55.3834;26.7713;16.7966;9.65507;3770.12;5.80545;0;0;0.1;0.01;0;5.70966;0;0;-1
0;678;-54.9755;46.9019;18.9421;8.5;2572.44;5.11093;0;0;0.1;0.01;0;4.35207;1;0;-1
0;679;-53.9895;61.9342;18.2811;8.67427;2733.93;5.21571;0;0;0.1;0.01;0;3.8088;0;0;-1
0;680;-53.7943;78.0488;19.6588;9.60026;3706.27;5.7725;0;0;0.1;0.01;0;2.6391;0;0;-1
0;681;-41.6968;-84.6165;16.8505;9.64536;3758.75;5.79962;0;0;0.1;0.01;0;4.32832;0;0;-1
0;682;-40.6314;-67.4691;17.7332;8.98447;3037.85;5.40223;0;0;0.1;0.01;0;5.51581;0;0;-1
0;683;-40.464;-47.7836;16.7426;9.09298;3149.25;5.46748;0;0;0.1;0.01;0;5.26006;0;0;-1
0;684;-42.5297;-33.0298;18.1966;9.56256;3662.78;5.74983;0;0;0.1;0.01;0;6.35491;0;0;-1
0;685;-42.156;-13.7547;16.4876;8.5;2572.44;5.11093;0;0;0.1;0.01;0;4.91518;1;0;-1
0;686;-39.9948;2.28083;17.7231;8.8338;2887.56;5.31164;0;0;0.1;0.01;0;5.08357;0;0;-1
0;687;-42.2129;18.6853;18.4648;8.81873;2872.81;5.30257;0;0;0.1;0.01;0;5.43391;0;0;-1
0;688;-41.1651;33.736;18.2776;8.97255;3025.77;5.39506;0;0;0.1;0.01;0;5.18995;0;0;-1
0;689;-39.7066;53.2123;18.5426;8.97931;3032.62;5.39913;0;0;0.1;0.01;0;4.73778;0;0;-1
0;690;-39.5874;71.4812;16.3997;10.2106;4459.05;6.13949;0;0;0.1;0.01;0;5.90332;0;0;-1
0;691;-41.5937;87.7476;18.5378;8.98874;3042.18;5.4048;0;0;0.1;0.01;0;2.93132;0;0;-1
0;692;-27.762;-93.4545;16.8252;10.4523;4783.26;6.28482;0;0;0.1;0.01;0;3.97902;0;0;-1
0;693;-27.5104;-72.8528;18.4991;9.83112;3980.13;5.91131;0;0;0.1;0.01;0;6.16525;0;0;-1
0;694;-25.372;-56.7101;16.276;8.5;2572.44;5.11093;0;0;0.1;0.01;0;4.44925;1;0;-1
0;695;-24.503;-40.377;17.8427;8.88227;2935.35;5.34078;0;0;0.1;0.01;0;5.48739;0;0;-1
0;696;-28.361;-24.7239;16.3211;9.59361;3698.58;5.7685;0;0;0.1;0.01;0;6.04904;0;0;-1
0;697;-28.3805;-7.18501;16.0103;9.33032;3402.34;5.61019;0;0;0.1;0.01;0;5.29264;0;0;-1
0;698;-26.9569;10.6805;16.4904;9.60486;3711.6;5.77526;0;0;0.1;0.01;0;6.09147;0;0;-1
0;699;-27.4508;28.0453;17.3641;9.05772;3112.76;5.44628;0;0;0.1;0.01;0;5.12818;0;0;-1
0;700;-25.4595;45.9308;17.6334;9.58543;3689.13;5.76358;0;0;0.1;0.01;0;5.76489;0;0;-1
0;701;-28.1562;62.0573;16.4047;9.01678;3070.74;5.42166;0;0;0.1;0.01;0;5.90392;0;0;-1
0;702;-27.4131;80.4127;16.3136;10.1887;4430.42;6.12632;0;0;0.1;0.01;0;5.88937;0;0;-1
0;703;-13.2921;-83.609;17.6408;9.77088;3907.42;5.87509;0;0;0.1;0.01;0;5.45611;0;0;-1
0;704;-13.7347;-65.6445;17.0174;8.5;2572.44;5.11093;0;0;0.1;0.01;0;4.20867;1;0;-1
0;705;-11.1814;-47.5314;16.2715;9.7905;3931;5.88689;0;0;0.1;0.01;0;5.45066;0;0;-1
0;706;-12.3538;-30.7852;19.3437;8.63701;2698.85;5.19331;0;0;0.1;0.01;0;5.76464;0;0;-1
0;707;-11.5514;-16.1876;17.4751;9.71429;3839.92;5.84106;0;0;0.1;0.01;0;6.34281;0;0;-1
0;708;-13.6724;1.66523;17.1292;10.0878;4300.09;6.06565;0;0;0.1;0.01;0;7.02382;0;0;-1
0;709;-13.1778;20.7914;16.6112;10.0841;4295.36;6.06342;0;0;0.1;0.01;0;6.27039;0;0;-1
0;710;-10.9525;37.3206;17.292;8.97727;3030.55;5.3979;0;0;0.1;0.01;0;5.49503;0;0;-1
0;711;-10.0201;52.362;18.3008;10.1287;4352.61;6.09024;0;0;0.1;0.01;0;6.64326;0;0;-1
0;712;-11.6692;68.4236;18.3673;8.59754;2662.02;5.16958;0;0;0.1;0.01;0;5.20728;0;0;-1
0;713;-11.0499;85.2596;18.6709;8.5;2572.44;5.11093;0;0;0.1;0.01;0;3.73674;1;0;-1
0;714;1.68213;-91.9834;17.437;10.248;4508.23;6.16197;0;0;0.1;0.01;0;3.90768;0;0;-1
0;715;4.58262;-72.2701;15.9808;8.68782;2746.76;5.22386;0;0;0.1;0.01;0;5.15317;0;0;-1
0;716;2.81583;-56.9727;17.3311;8.5;2572.44;5.11093;0;0;0.1;0.01;0;5.54497;1;0;-1
0;717;2.96143;-39.8533;16.6696;9.887;4048.39;5.94491;0;0;0.1;0.01;0;6.58728;0;0;-1
0;718;2.38452;-24.47;16.4665;8.82136;2875.38;5.30416;0;0;0.1;0.01;0;5.63656;0;0;-1
0;719;4.97452;-8.37536;17.1136;8.57217;2638.52;5.15432;0;0;0.1;0.01;0;4.74297;0;0;-1
0;720;4.17382;9.65247;16.3854;9.89258;4055.25;5.94826;0;0;0.1;0.01;0;4.89162;0;0;-1
0;721;2.16011;28.508;16.6428;9.95865;4137.04;5.98799;0;0;0.1;0.01;0;6.24885;0;0;-1
0;722;2.53339;46.187;15.6171;8.5982;2662.63;5.16997;0;0;0.1;0.01;0;5.80285;0;0;-1
0;723;2.6619;63.4029;15.8901;10.4039;4717.12;6.25571;0;0;0.1;0.01;0;6.7124;0;0;-1
0;724;0.995971;77.9652;15.9361;8.66392;2724.16;5.20949;0;0;0.1;0.01;0;5.68516;0;0;-1
0;725;4.69476;93.0876;17.7742;8.70908;2766.98;5.23664;0;0;0.1;0.01;0;2.89557;0;0;-1
0;726;17.778;-82.3799;17.1022;10.0453;4245.97;6.04009;0;0;0.1;0.01;0;5.13093;0;0;-1
0;727;15.7941;-64.4114;16.3773;8.5;2572.44;5.11093;0;0;0.1;0.01;0;4.94304;1;0;-1
0;728;16.0244;-50.0852;18.3063;9.61978;3728.93;5.78423;0;0;0.1;0.01;0;5.55379;0;0;-1
0;729;18.9311;-33.98;18.1018;8.5;2572.44;5.11093;0;0;0.1;0.01;0;4.3153;1;0;-1
0;730;18.3562;-17.0113;17.3422;9.30503;3374.75;5.59498;0;0;0.1;0.01;0;5.7756;0;0;-1
0;731;17.4639;2.71826;18.4884;8.54447;2613.03;5.13767;0;0;0.1;0.01;0;4.73993;0;0;-1
0;732;16.5779;21.141;16.2232;9.14026;3198.63;5.49591;0;0;0.1;0.01;0;6.2766;0;0;-1
0;733;16.516;37.0713;17.4454;8.88866;2941.69;5.34462;0;0;0.1;0.01;0;5.88863;0;0;-1
0;734;19.6656;52.9279;17.6968;8.85858;2911.93;5.32654;0;0;0.1;0.01;0;5.16708;0;0;-1
0;735;16.4132;69.7766;17.3888;8.51644;2587.4;5.12081;0;0;0.1;0.01;0;5.15494;0;0;-1
0;736;17.913;85.6768;16.4578;9.17315;3233.29;5.51568;0;0;0.1;0.01;0;3.56824;0;0;-1
0;737;33.1746;-92.4878;15.9331;9.05955;3114.64;5.44738;0;0;0.1;0.01;0;1.68993;0;0;-1
0;738;33.7886;-73.7669;16.102;9.51316;3606.31;5.72013;0;0;0.1;0.01;0;5.47682;0;0;-1
0;739;33.1803;-55.2471;18.0134;9.15668;3215.9;5.50578;0;0;0.1;0.01;0;4.54212;0;0;-1
0;740;33.6504;-39.0269;18.075;8.5;2572.44;5.11093;0;0;0.1;0.01;0;5.33181;1;0;-1
0;741;31.4386;-24.4863;16.3369;9.37929;3456.2;5.63963;0;0;0.1;0.01;0;6.4833;0;0;-1
0;742;30.7085;-8.0606;18.5975;9.30862;3378.66;5.59714;0;0;0.1;0.01;0;5.49867;0;0;-1
0;743;30.5291;11.5702;17.0202;8.87722;2930.35;5.33774;0;0;0.1;0.01;0;5.13304;0;0;-1
0;744;32.094;26.8757;16.7647;8.78131;2836.39;5.28007;0;0;0.1;0.01;0;5.40279;0;0;-1
0;745;33.219;45.7668;16.5277;8.5;2572.44;5.11093;0;0;0.1;0.01;0;5.28836;1;0;-1
0;746;30.4862;63.4376;19.479;9.08213;3137.99;5.46095;0;0;0.1;0.01;0;6.81431;0;0;-1
0;747;30.6511;77.8156;17.8468;9.25776;3323.58;5.56656;0;0;0.1;0.01;0;5.18345;0;0;-1
0;748;45.3095;-81.2485;16.0917;9.99665;4184.58;6.01084;0;0;0.1;0.01;0;4.70812;0;0;-1
0;749;48.9049;-67.6384;17.007;8.61752;2680.62;5.18159;0;0;0.1;0.01;0;5.08335;0;0;-1
0;750;47.5109;-48.1706;18.5932;8.5;2572.44;5.11093;0;0;0.1;0.01;0;4.60352;1;0;-1
0;751;46.7597;-31.9003;16.6122;9.52674;3621.78;5.72829;0;0;0.1;0.01;0;6.82912;0;0;-1
0;752;46.36;-15.3155;17.5002;9.96599;4146.2;5.99241;0;0;0.1;0.01;0;6.40179;0;0;-1
0;753;46.2059;4.39688;19.4814;9.61473;3723.06;5.7812;0;0;0.1;0.01;0;5.42989;0;0;-1
0;754;48.7901;20.4677;17.3397;9.77667;3914.37;5.87857;0;0;0.1;0.01;0;6.2289;0;0;-1
0;755;46.8589;34.8791;18.9805;8.5;2572.44;5.11093;0;0;0.1;0.01;0;5.23596;1;0;-1
0;756;45.0838;54.0917;16.5879;10.1386;4365.39;6.09619;0;0;0.1;0.01;0;6.57429;0;0;-1
0;757;46.9796;68.9799;17.7779;8.7934;2848.13;5.28734;0;0;0.1;0.01;0;5.0422;0;0;-1
0;758;45.9417;86.0489;19.6679;8.5;2572.44;5.11093;0;0;0.1;0.01;0;1.28229;1;0;-1
0;759;61.2209;-75.4424;17.4854;9.74749;3879.42;5.86102;0;0;0.1;0.01;0;2.82238;0;0;-1
0;760;62.3051;-57.9522;18.1622;8.5;2572.44;5.11093;0;0;0.1;0.01;0;4.94873;1;0;-1
0;761;62.5602;-38.7129;16.7024;10.097;4311.87;6.07118;0;0;0.1;0.01;0;7.49632;0;0;-1
0;762;60.4199;-24.2797;16.5109;9.90118;4065.83;5.95344;0;0;0.1;0.01;0;7.54606;0;0;-1
0;763;60.3767;-7.40539;16.7484;8.93108;2984.01;5.37013;0;0;0.1;0.01;0;4.80984;0;0;-1
0;764;62.4604;10.6024;16.967;9.45392;3539.36;5.6845;0;0;0.1;0.01;0;5.77959;0;0;-1
0;765;61.686;28.5351;16.4777;10.2254;4478.47;6.14838;0;0;0.1;0.01;0;7.22239;0;0;-1
0;766;61.8684;45.2081;19.0392;8.67367;2733.36;5.21535;0;0;0.1;0.01;0;6.07943;0;0;-1
0;767;62.2915;63.639;19.0443;10.0225;4217.13;6.02638;0;0;0.1;0.01;0;4.83222;0;0;-1
0;768;75.9093;-50.2103;19.5075;8.70096;2759.24;5.23176;0;0;0.1;0.01;0;3.01295;0;0;-1
0;769;76.0473;-33.4773;18.3433;10.0886;4301.12;6.06613;0;0;0.1;0.01;0;6.13474;0;0;-1
0;770;77.6196;-16.9537;16.749;8.5;2572.44;5.11093;0;0;0.1;0.01;0;4.96234;1;0;-1
0;771;74.8842;0.854617;19.4066;8.71841;2775.88;5.24225;0;0;0.1;0.01;0;4.44531;0;0;-1
0;772;76.4937;20.1058;16.1859;9.82373;3971.16;5.90687;0;0;0.1;0.01;0;6.53777;0;0;-1
0;773;74.8219;37.9237;19.072;10.3722;4674.14;6.23665;0;0;0.1;0.01;0;6.73505;0;0;-1
0;774;76.5228;52.4263;18.7574;8.77615;2831.4;5.27697;0;0;0.1;0.01;0;4.5808;0;0;-1
0;775;91.5299;-22.0645;18.6359;9.7875;3927.39;5.88508;0;0;0.1;0.01;0;4.34641;0;0;-1
0;776;92.7452;-7.35653;19.9345;8.5;2572.44;5.11093;0;0;0.1;0.01;0;2.62111;1;0;-1
0;777;91.7016;9.32448;16.2205;9.05672;3111.73;5.44567;0;0;0.1;0.01;0;2.52723;0;0;-1
0;778;89.4679;26.8404;17.3932;9.35384;3428.14;5.62433;0;0;0.1;0.01;0;4.07874;0;0;-1
0;779;-93.5858;2.41325;34.5651;8.55786;2625.33;5.14572;0;0;0.1;0.01;0;2.84421;0;0;-1
0;780;-82.0374;-39.7102;31.629;9.85962;4014.85;5.92845;0;0;0.1;0.01;0;3.15557;0;0;-1
0;781;-79.6859;-25.088;32.4565;9.32437;3395.84;5.60661;0;0;0.1;0.01;0;4.25223;0;0;-1
0;782;-79.0012;-6.09024;34.0253;9.22038;3283.49;5.54408;0;0;0.1;0.01;0;5.97663;0;0;-1
0;783;-80.1804;10.045;31.8114;8.73128;2788.19;5.24999;0;0;0.1;0.01;0;4.89389;0;0;-1
0;784;-82.6978;25.8721;30.9221;9.40262;3482.05;5.65366;0;0;0.1;0.01;0;2.74991;0;0;-1
0;785;-79.9039;46.0317;31.349;8.54151;2610.31;5.13589;0;0;0.1;0.01;0;2.20389;0;0;-1
0;786;-65.9609;-66.891;33.9544;9.46889;3556.2;5.69351;0;0;0.1;0.01;0;3.41647;0;0;-1
0;787;-66.6266;-47.6749;32.2371;9.70994;3834.76;5.83845;0;0;0.1;0.01;0;4.79054;0;0;-1
0;788;-64.3044;-30.7693;34.2069;9.95636;4134.19;5.98661;0;0;0.1;0.01;0;6.55702;0;0;-1
0;789;-66.7694;-15.5652;31.0187;8.5;2572.44;5.11093;0;0;0.1;0.01;0;5.95349;1;0;-1
0;790;-65.606;0.0147594;34.1246;8.9441;2997.08;5.37796;0;0;0.1;0.01;0;5.98603;0;0;-1
0;791;-66.553;18.129;33.8903;8.5;2572.44;5.11093;0;0;0.1;0.01;0;4.43042;1;0;-1
0;792;-64.4091;35.1711;31.6585;8.58667;2651.94;5.16304;0;0;0.1;0.01;0;4.16705;0;0;-1
0;793;-66.8383;53.0593;33.2004;9.91933;4088.23;5.96435;0;0;0.1;0.01;0;3.5745;0;0;-1
0;794;-53.1832;-73.3253;30.6169;10.1149;4334.84;6.08194;0;0;0.1;0.01;0;4.85238;0;0;-1
0;795;-50.1855;-58.7169;30.9836;9.48167;3570.62;5.70119;0;0;0.1;0.01;0;6.02621;0;0;-1
0;796;-49.8364;-38.4014;31.6543;9.72083;3847.68;5.84499;0;0;0.1;0.01;0;6.12799;0;0;-1
0;797;-52.8047;-21.2972;31.117;8.5;2572.44;5.11093;0;0;0.1;0.01;0;4.91709;1;0;-1
0;798;-52.7065;-7.28759;34.1946;9.66627;3783.25;5.81219;0;0;0.1;0.01;0;4.47727;0;0;-1
0;799;-51.6687;11.8728;31.7797;8.5;2572.44;5.11093;0;0;0.1;0.01;0;4.16294;1;0;-1
0;800;-50.7151;29.4002;32.6049;8.5;2572.44;5.11093;0;0;0.1;0.01;0;5.2395;1;0;-1
0;801;-52.7811;43.3408;33.1301;8.5;2572.44;5.11093;0;0;0.1;0.01;0;5.2419;1;0;-1
0;802;-51.6432;60.0679;33.9733;8.5;2572.44;5.11093;0;0;0.1;0.01;0;4.23752;1;0;-1
0;803;-35.6433;-85.3988;34.2824;10.1766;4414.65;6.11904;0;0;0.1;0.01;0;3.63638;0;0;-1
0;804;-37.9985;-66.3756;31.283;8.5;2572.44;5.11093;0;0;0.1;0.01;0;4.55874;1;0;-1
0;805;-37.949;-47.2897;33.1283;9.74583;3877.44;5.86003;0;0;0.1;0.01;0;5.96658;0;0;-1
0;806;-34.4731;-33.0315;33.0263;10.2533;4515.23;6.16516;0;0;0.1;0.01;0;6.52255;0;0;-1
0;807;-35.1782;-16.28;32.7123;8.8572;2910.57;5.32571;0;0;0.1;0.01;0;4.12868;0;0;-1
0;808;-35.339;2.98112;32.294;8.80953;2863.83;5.29704;0;0;0.1;0.01;0;4.53282;0;0;-1
0;809;-38.3041;17.6729;32.7572;8.96634;3019.49;5.39133;0;0;0.1;0.01;0;4.90167;0;0;-1
0;810;-36.9819;37.9431;31.6584;9.65063;3764.92;5.80278;0;0;0.1;0.01;0;6.08227;0;0;-1
0;811;-36.8456;52.4719;32.4208;8.9865;3039.91;5.40345;0;0;0.1;0.01;0;5.22365;0;0;-1
0;812;-37.9063;69.1927;32.1254;8.5;2572.44;5.11093;0;0;0.1;0.01;0;3.35694;1;0;-1
0;813;-20.9662;-91.026;34.0231;9.86408;4020.3;5.93113;0;0;0.1;0.01;0;3.76625;0;0;-1
0;814;-22.9279;-74.3046;32.2351;8.5;2572.44;5.11093;0;0;0.1;0.01;0;5.11933;1;0;-1
0;815;-22.834;-57.0539;34.4197;8.61747;2680.57;5.18156;0;0;0.1;0.01;0;4.58637;0;0;-1
0;816;-21.8598;-42.7414;31.89;8.61331;2676.69;5.17906;0;0;0.1;0.01;0;5.68054;0;0;-1
0;817;-20.4307;-21.6662;31.3813;8.5;2572.44;5.11093;0;0;0.1;0.01;0;3.95936;1;0;-1
0;818;-20.9545;-4.75568;34.0467;9.37895;3455.82;5.63943;0;0;0.1;0.01;0;5.90068;0;0;-1
0;819;-21.7901;11.1959;31.6483;8.93559;2988.53;5.37284;0;0;0.1;0.01;0;5.87809;0;0;-1
0;820;-22.9986;29.3674;33.7802;9.49202;3582.32;5.70741;0;0;0.1;0.01;0;5.55453;0;0;-1
0;821;-20.7372;44.2981;33.8124;9.19925;3260.96;5.53138;0;0;0.1;0.01;0;6.29457;0;0;-1
0;822;-20.4325;59.6994;30.9818;8.65751;2718.11;5.20564;0;0;0.1;0.01;0;5.12117;0;0;-1
0;823;-21.773;76.7137;32.6732;10.0526;4255.24;6.04448;0;0;0.1;0.01;0;4.73806;0;0;-1
0;824;-6.81877;-81.4832;33.0077;10.2345;4490.44;6.15386;0;0;0.1;0.01;0;5.73648;0;0;-1
0;825;-7.5841;-65.8488;32.0406;9.11861;3175.96;5.48289;0;0;0.1;0.01;0;4.8515;0;0;-1
0;826;-8.81164;-46.9435;30.7953;9.1191;3176.47;5.48318;0;0;0.1;0.01;0;5.15028;0;0;-1
0;827;-5.46224;-32.6289;31.1683;8.5;2572.44;5.11093;0;0;0.1;0.01;0;4.74293;1;0;-1
0;828;-8.84276;-13.1751;31.5887;10.4144;4731.42;6.26203;0;0;0.1;0.01;0;6.59226;0;0;-1
0;829;-7.46576;3.47685;31.9448;9.30981;3379.96;5.59785;0;0;0.1;0.01;0;6.08558;0;0;-1
0;830;-6.85452;21.0003;33.6352;10.0649;4270.88;6.05188;0;0;0.1;0.01;0;5.67607;0;0;-1
0;831;-7.47991;37.799;34.0826;9.13604;3194.2;5.49337;0;0;0.1;0.01;0;6.1432;0;0;-1
0;832;-5.85097;51.7252;33.6879;8.5;2572.44;5.11093;0;0;0.1;0.01;0;5.49288;1;0;-1
0;833;-7.20262;69.7836;32.3994;8.73803;2794.66;5.25405;0;0;0.1;0.01;0;4.34901;0;0;-1
0;834;-6.78074;88.6503;31.1315;8.56897;2635.57;5.1524;0;0;0.1;0.01;0;2.16744;0;0;-1
0;835;8.25006;-89.4379;34.6614;8.757;2812.9;5.26546;0;0;0.1;0.01;0;3.18259;0;0;-1
0;836;7.70382;-74.4746;32.4954;10.4534;4784.77;6.28548;0;0;0.1;0.01;0;7.03304;0;0;-1
0;837;6.34182;-58.9465;31.8207;8.79873;2853.31;5.29055;0;0;0.1;0.01;0;5.10328;0;0;-1
0;838;8.48815;-42.9154;33.2016;10.0561;4259.68;6.04659;0;0;0.1;0.01;0;6.75053;0;0;-1
0;839;6.86419;-23.8845;32.7557;8.90408;2957.03;5.35389;0;0;0.1;0.01;0;4.879;0;0;-1
0;840;7.21408;-6.04438;33.7221;9.87605;4034.95;5.93833;0;0;0.1;0.01;0;6.05181;0;0;-1
0;841;5.65;8.79088;34.3845;9.10205;3158.68;5.47293;0;0;0.1;0.01;0;4.74265;0;0;-1
0;842;8.3388;27.8182;31.0444;9.25309;3318.55;5.56375;0;0;0.1;0.01;0;5.15929;0;0;-1
0;843;6.79029;42.8932;30.5902;10.1876;4428.99;6.12566;0;0;0.1;0.01;0;6.42086;0;0;-1
0;844;8.63531;61.5745;30.9064;8.68436;2743.48;5.22178;0;0;0.1;0.01;0;4.75528;0;0;-1
0;845;9.12097;78.9364;31.9033;9.46328;3549.88;5.69013;0;0;0.1;0.01;0;4.70527;0;0;-1
0;846;23.1442;-82.6663;33.8579;9.93443;4106.93;5.97343;0;0;0.1;0.01;0;4.76563;0;0;-1
0;847;22.648;-67.9659;33.0088;9.85623;4010.71;5.92641;0;0;0.1;0.01;0;5.40216;0;0;-1
0;848;23.8705;-47.7366;33.3833;8.90151;2954.47;5.35235;0;0;0.1;0.01;0;5.89589;0;0;-1
0;849;21.1366;-32.2892;32.4678;10.1635;4397.63;6.11117;0;0;0.1;0.01;0;7.03943;0;0;-1
0;850;22.1176;-14.0064;32.2144;10.1553;4386.99;6.10623;0;0;0.1;0.01;0;6.79721;0;0;-1
0;851;22.3377;0.480086;30.9387;8.92445;2977.37;5.36614;0;0;0.1;0.01;0;5.12808;0;0;-1
0;852;23.0062;19.3322;30.4848;9.06881;3124.2;5.45294;0;0;0.1;0.01;0;4.82277;0;0;-1
0;853;22.1081;37.5597;33.9879;9.3486;3422.38;5.62118;0;0;0.1;0.01;0;5.73651;0;0;-1
0;854;23.7962;51.3888;32.5751;9.90615;4071.96;5.95642;0;0;0.1;0.01;0;6.81303;0;0;-1
0;855;22.326;68.7585;31.0012;8.75237;2808.44;5.26267;0;0;0.1;0.01;0;5.90244;0;0;-1
0;856;20.8548;89.389;34.2266;9.34689;3420.5;5.62015;0;0;0.1;0.01;0;1.6029;0;0;-1
0;857;35.7837;-74.724;32.7924;8.5;2572.44;5.11093;0;0;0.1;0.01;0;3.42707;1;0;-1
0;858;37.1898;-55.0858;32.8424;9.55435;3653.36;5.74489;0;0;0.1;0.01;0;5.76312;0;0;-1
0;859;35.5754;-38.4154;30.8912;8.5;2572.44;5.11093;0;0;0.1;0.01;0;5.30958;1;0;-1
0;860;37.4966;-21.9776;32.1832;8.5;2572.44;5.11093;0;0;0.1;0.01;0;4.75475;1;0;-1
0;861;35.8985;-4.81116;33.2032;9.17157;3231.62;5.51473;0;0;0.1;0.01;0;5.72648;0;0;-1
0;862;38.7409;9.35422;32.4869;8.59517;2659.82;5.16815;0;0;0.1;0.01;0;4.91485;0;0;-1
0;863;38.1035;25.5614;32.9991;9.81869;3965.06;5.90384;0;0;0.1;0.01;0;5.5924;0;0;-1
0;864;38.3528;43.1671;33.0932;9.76301;3897.98;5.87036;0;0;0.1;0.01;0;6.02048;0;0;-1
0;865;35.3783;61.8608;33.7061;9.76121;3895.83;5.86927;0;0;0.1;0.01;0;6.62542;0;0;-1
0;866;36.8582;77.2521;32.1634;10.0224;4217;6.02632;0;0;0.1;0.01;0;5.23491;0;0;-1
0;867;52.8303;-64.6684;31.9381;9.06145;3116.6;5.44852;0;0;0.1;0.01;0;3.97332;0;0;-1
0;868;53.1665;-49.3405;32.1239;9.43641;3519.73;5.67398;0;0;0.1;0.01;0;5.65704;0;0;-1
0;869;52.07;-33.3848;32.4038;9.52844;3623.71;5.72931;0;0;0.1;0.01;0;6.13932;0;0;-1
0;870;51.5447;-17.3185;31.5979;9.93219;4104.15;5.97208;0;0;0.1;0.01;0;6.31898;0;0;-1
0;871;53.2121;0.9161;33.8735;10.0205;4214.6;6.02518;0;0;0.1;0.01;0;6.86762;0;0;-1
0;872;52.4646;17.8222;33.3878;8.9672;3020.36;5.39185;0;0;0.1;0.01;0;6.017;0;0;-1
0;873;53.4744;38.1458;32.2399;8.9671;3020.26;5.39179;0;0;0.1;0.01;0;6.03674;0;0;-1
0;874;53.2665;53.182;33.3254;9.60563;3712.5;5.77573;0;0;0.1;0.01;0;6.96902;0;0;-1
0;875;51.4279;68.3296;32.4185;9.14929;3208.12;5.50134;0;0;0.1;0.01;0;4.8682;0;0;-1
0;876;67.2599;-58.0703;32.4291;8.83388;2887.64;5.31168;0;0;0.1;0.01;0;3.29195;0;0;-1
0;877;67.6937;-38.6046;31.5567;9.31078;3381.01;5.59844;0;0;0.1;0.01;0;5.3452;0;0;-1
0;878;66.3907;-21.8174;31.9666;9.12977;3187.63;5.4896;0;0;0.1;0.01;0;5.27229;0;0;-1
0;879;66.9414;-4.77146;32.6264;9.85842;4013.38;5.92772;0;0;0.1;0.01;0;5.72475;0;0;-1
0;880;67.211;10.3588;32.9745;8.94914;3002.15;5.38099;0;0;0.1;0.01;0;6.55151;0;0;-1
0;881;66.2152;28.0117;33.7848;8.61621;2679.4;5.1808;0;0;0.1;0.01;0;5.82142;0;0;-1
0;882;67.3183;45.6456;31.0863;9.11558;3172.79;5.48107;0;0;0.1;0.01;0;6.46607;0;0;-1
0;883;67.0118;59.5;32.0793;9.87652;4035.53;5.93861;0;0;0.1;0.01;0;4.75539;0;0;-1
0;884;79.9448;-30.2574;33.8293;9.91075;4077.63;5.95919;0;0;0.1;0.01;0;4.39775;0;0;-1
0;885;80.178;-15.9672;30.7257;8.8039;2858.34;5.29366;0;0;0.1;0.01;0;4.50593;0;0;-1
0;886;79.6582;3.68626;33.5486;10.0827;4293.58;6.06258;0;0;0.1;0.01;0;4.9486;0;0;-1
0;887;80.716;19.7003;34.1924;8.73611;2792.82;5.2529;0;0;0.1;0.01;0;3.84928;0;0;-1
0;888;80.543;33.6381;31.9217;8.98096;3034.29;5.40012;0;0;0.1;0.01;0;4.25799;0;0;-1
0;889;-86.3508;-6.44435;47.2399;9.7781;3916.08;5.87943;0;0;0.1;0.01;0;3.24418;0;0;-1
0;890;-85.6603;9.85642;47.7959;10.4049;4718.48;6.25632;0;0;0.1;0.01;0;3.02271;0;0;-1
0;891;-69.0183;-49.9826;48.7979;10.4318;4755.17;6.27249;0;0;0.1;0.01;0;2.88053;0;0;-1
0;892;-69.3922;-33.7483;47.9868;8.5;2572.44;5.11093;0;0;0.1;0.01;0;4.09414;1;0;-1
0;893;-69.3663;-13.3656;47.6947;9.91875;4087.52;5.964;0;0;0.1;0.01;0;5.72593;0;0;-1
0;894;-71.5148;0.839319;46.7779;8.91111;2964.04;5.35812;0;0;0.1;0.01;0;5.6225;0;0;-1
0;895;-68.5647;18.0363;47.0527;8.75571;2811.66;5.26468;0;0;0.1;0.01;0;3.93407;0;0;-1
0;896;-70.5771;36.4577;49.3614;9.25688;3322.63;5.56603;0;0;0.1;0.01;0;1.72531;0;0;-1
0;897;-56.6358;-59.6053;46.1472;8.92538;2978.3;5.3667;0;0;0.1;0.01;0;4.1025;0;0;-1
0;898;-57.0587;-39.1342;47.6061;9.30218;3371.65;5.59327;0;0;0.1;0.01;0;5.7781;0;0;-1
0;899;-57.0499;-23.2635;47.2561;8.5;2572.44;5.11093;0;0;0.1;0.01;0;5.4507;1;0;-1
0;900;-56.8239;-6.91277;48.8107;9.56046;3660.37;5.74857;0;0;0.1;0.01;0;5.90503;0;0;-1
0;901;-54.5954;12.7554;45.9879;8.6949;2753.48;5.22812;0;0;0.1;0.01;0;4.42017;0;0;-1
0;902;-57.6997;29.7439;45.987;8.5;2572.44;5.11093;0;0;0.1;0.01;0;4.65836;1;0;-1
0;903;-56.3066;45.94;47.0309;8.5;2572.44;5.11093;0;0;0.1;0.01;0;4.46009;1;0;-1
0;904;-54.4428;61.2999;46.4148;8.73256;2789.42;5.25076;0;0;0.1;0.01;0;3.49925;0;0;-1
0;905;-40.6541;-64.387;45.8855;8.77308;2828.43;5.27513;0;0;0.1;0.01;0;3.66218;0;0;-1
0;906;-40.4059;-50.5767;48.2026;9.14813;3206.9;5.50064;0;0;0.1;0.01;0;5.15881;0;0;-1
0;907;-43.1994;-30.0713;46.0952;10.1709;4407.24;6.11561;0;0;0.1;0.01;0;6.05308;0;0;-1
0;908;-41.5048;-14.2963;49.0814;8.5;2572.44;5.11093;0;0;0.1;0.01;0;4.98818;1;0;-1
0;909;-41.6415;0.770576;49.2671;8.65928;2719.78;5.2067;0;0;0.1;0.01;0;4.60043;0;0;-1
0;910;-42.0969;16.7761;48.2708;10.2808;4551.66;6.1817;0;0;0.1;0.01;0;5.92302;0;0;-1
0;911;-42.3277;35.8773;45.2253;8.59133;2656.26;5.16584;0;0;0.1;0.01;0;4.94963;0;0;-1
0;912;-41.2205;53.239;48.9038;10.1348;4360.48;6.09391;0;0;0.1;0.01;0;6.53486;0;0;-1
0;913;-42.4867;69.7211;48.0989;9.85071;4003.97;5.92309;0;0;0.1;0.01;0;4.2374;0;0;-1
0;914;-27.8282;-76.7446;46.7383;9.0812;3137.03;5.46039;0;0;0.1;0.01;0;2.96293;0;0;-1
0;915;-26.1673;-55.5049;48.3152;8.59395;2658.69;5.16742;0;0;0.1;0.01;0;5.99557;0;0;-1
0;916;-27.6872;-41.4891;46.5278;9.63897;3751.29;5.79577;0;0;0.1;0.01;0;7.57587;0;0;-1
0;917;-28.0333;-24.2567;49.4422;8.5;2572.44;5.11093;0;0;0.1;0.01;0;4.80417;1;0;-1
0;918;-25.7081;-8.79338;47.326;8.5;2572.44;5.11093;0;0;0.1;0.01;0;4.63727;1;0;-1
0;919;-26.6736;12.0286;46.5385;9.92574;4096.16;5.9682;0;0;0.1;0.01;0;5.77786;0;0;-1
0;920;-26.9588;29.5829;48.5567;10.2075;4454.99;6.13762;0;0;0.1;0.01;0;7.06243;0;0;-1
0;921;-26.3514;45.1524;48.8372;9.22863;3292.31;5.54904;0;0;0.1;0.01;0;6.11757;0;0;-1
0;922;-25.8918;60.8788;46.5168;10.3198;4603.65;6.20515;0;0;0.1;0.01;0;6.87277;0;0;-1
0;923;-25.5715;79.3337;48.5;9.1597;3219.08;5.50759;0;0;0.1;0.01;0;3.17654;0;0;-1
0;924;-12.3634;-80.7891;46.0159;8.874;2927.16;5.33581;0;0;0.1;0.01;0;3.07197;0;0;-1
0;925;-11.886;-64.6872;47.9624;8.62741;2689.86;5.18754;0;0;0.1;0.01;0;4.45698;0;0;-1
0;926;-13.4928;-47.9735;46.5714;10.3686;4669.27;6.23449;0;0;0.1;0.01;0;7.52037;0;0;-1
0;927;-12.6929;-33.5687;49.1076;10.005;4195.08;6.01586;0;0;0.1;0.01;0;5.88065;0;0;-1
0;928;-11.415;-13.8835;48.6902;9.93402;4106.42;5.97318;0;0;0.1;0.01;0;6.77097;0;0;-1
0;929;-11.0345;0.266242;46.1058;9.49154;3581.78;5.70713;0;0;0.1;0.01;0;6.64905;0;0;-1
0;930;-13.176;19.5138;47.8622;10.0132;4205.4;6.02079;0;0;0.1;0.01;0;6.25735;0;0;-1
0;931;-11.2541;37.0962;49.0544;8.84922;2902.71;5.32091;0;0;0.1;0.01;0;6.45095;0;0;-1
0;932;-12.2017;52.5431;48.7903;9.02879;3083.03;5.42888;0;0;0.1;0.01;0;7.20951;0;0;-1
0;933;-11.7495;69.7907;48.0814;10.1432;4371.33;6.09896;0;0;0.1;0.01;0;5.86773;0;0;-1
0;934;-12.8205;86.6138;47.9944;8.5;2572.44;5.11093;0;0;0.1;0.01;0;1.66525;1;0;-1
0;935;2.05997;-73.1415;45.8843;8.5;2572.44;5.11093;0;0;0.1;0.01;0;4.91153;1;0;-1
0;936;1.61287;-59.4359;46.6229;8.99434;3047.87;5.40817;0;0;0.1;0.01;0;5.60874;0;0;-1
0;937;2.3537;-42.2801;46.9576;9.40872;3488.83;5.65733;0;0;0.1;0.01;0;5.65139;0;0;-1
0;938;1.44672;-22.4046;48.5085;9.3869;3464.62;5.64421;0;0;0.1;0.01;0;5.81988;0;0;-1
0;939;4.30755;-5.38976;49.0399;9.50215;3593.8;5.7135;0;0;0.1;0.01;0;6.81217;0;0;-1
0;940;3.2228;8.86603;49.239;9.40384;3483.41;5.65439;0;0;0.1;0.01;0;5.8067;0;0;-1
0;941;1.82481;29.6319;47.3247;8.5;2572.44;5.11093;0;0;0.1;0.01;0;5.04974;1;0;-1
0;942;1.0839;45.5407;47.5977;8.53776;2606.88;5.13363;0;0;0.1;0.01;0;6.17225;0;0;-1
0;943;1.48578;60.6197;45.671;9.03964;3094.15;5.4354;0;0;0.1;0.01;0;5.43685;0;0;-1
0;944;4.9348;79.7293;48.6591;10.1102;4328.8;6.07912;0;0;0.1;0.01;0;3.00393;0;0;-1
0;945;18.9239;-84.4735;48.8942;8.82496;2878.9;5.30632;0;0;0.1;0.01;0;1.95535;0;0;-1
0;946;18.2831;-65.9298;46.7075;9.13393;3191.99;5.4921;0;0;0.1;0.01;0;4.69485;0;0;-1
0;947;16.9247;-49.4169;46.2832;8.5;2572.44;5.11093;0;0;0.1;0.01;0;4.61329;1;0;-1
0;948;19.3953;-34.4017;45.9334;10.2763;4545.68;6.17899;0;0;0.1;0.01;0;6.56672;0;0;-1
0;949;16.1464;-14.8613;48.4582;9.22523;3288.67;5.547;0;0;0.1;0.01;0;6.3426;0;0;-1
0;950;18.7797;1.80577;48.5214;8.50641;2578.26;5.11478;0;0;0.1;0.01;0;5.65768;0;0;-1
0;951;17.3902;17.4872;46.7748;9.55479;3653.86;5.74516;0;0;0.1;0.01;0;5.23493;0;0;-1
0;952;16.0215;36.3947;49.0112;8.5;2572.44;5.11093;0;0;0.1;0.01;0;4.95251;1;0;-1
0;953;19.2402;50.847;45.566;9.03341;3087.76;5.43166;0;0;0.1;0.01;0;5.11202;0;0;-1
0;954;17.4132;71.0977;46.7977;9.52319;3617.73;5.72616;0;0;0.1;0.01;0;4.54287;0;0;-1
0;955;33.2057;-74.2754;48.7924;8.9766;3029.87;5.3975;0;0;0.1;0.01;0;3.2443;0;0;-1
0;956;33.1123;-57.133;47.8241;9.60965;3717.16;5.77814;0;0;0.1;0.01;0;6.04678;0;0;-1
0;957;33.4751;-39.2134;45.8192;9.85133;4004.73;5.92346;0;0;0.1;0.01;0;6.54153;0;0;-1
0;958;30.7958;-22.5141;46.1746;9.98303;4167.5;6.00265;0;0;0.1;0.01;0;6.3893;0;0;-1
0;959;31.9801;-5.04487;47.7712;9.48791;3577.67;5.70494;0;0;0.1;0.01;0;5.83465;0;0;-1
0;960;33.2573;12.0649;47.6453;9.44032;3524.1;5.67633;0;0;0.1;0.01;0;5.47818;0;0;-1
0;961;30.6862;25.7872;46.9807;9.75134;3884.02;5.86334;0;0;0.1;0.01;0;6.52736;0;0;-1
0;962;32.7101;43.2088;48.5131;8.95476;3007.81;5.38437;0;0;0.1;0.01;0;6.11664;0;0;-1
0;963;31.8874;59.332;48.6145;9.99243;4179.28;6.0083;0;0;0.1;0.01;0;6.93169;0;0;-1
0;964;30.932;76.25;47.6981;9.44588;3530.33;5.67967;0;0;0.1;0.01;0;4.12663;0;0;-1
0;965;45.9654;-63.7042;46.5678;8.50235;2574.57;5.11234;0;0;0.1;0.01;0;3.30958;0;0;-1
0;966;46.1765;-47.4748;47.5677;10.2055;4452.37;6.13642;0;0;0.1;0.01;0;6.4298;0;0;-1
0;967;47.6484;-31.4608;46.292;8.5;2572.44;5.11093;0;0;0.1;0.01;0;5.04247;1;0;-1
0;968;45.2314;-13.9396;49.0302;9.26855;3335.22;5.57304;0;0;0.1;0.01;0;5.88962;0;0;-1
0;969;45.8988;-0.222491;45.3734;8.5;2572.44;5.11093;0;0;0.1;0.01;0;5.34637;1;0;-1
0;970;47.7178;20.7873;46.8781;10.0206;4214.73;6.02524;0;0;0.1;0.01;0;7.16581;0;0;-1
0;971;45.3014;36.6207;48.583;9.44979;3534.72;5.68202;0;0;0.1;0.01;0;6.80046;0;0;-1
0;972;46.4713;54.7696;49.1052;9.69619;3818.49;5.83018;0;0;0.1;0.01;0;5.88159;0;0;-1
0;973;45.6623;72.0086;48.4235;9.86394;4020.13;5.93104;0;0;0.1;0.01;0;3.34135;0;0;-1
0;974;63.6992;-58.7701;46.4832;8.74716;2803.43;5.25954;0;0;0.1;0.01;0;2.38372;0;0;-1
0;975;62.0122;-42.3745;47.6477;9.36522;3440.67;5.63117;0;0;0.1;0.01;0;5.04865;0;0;-1
0;976;59.8972;-24.0676;48.5246;8.5;2572.44;5.11093;0;0;0.1;0.01;0;4.85949;1;0;-1
0;977;63.6068;-8.69828;46.8156;10.1425;4370.42;6.09854;0;0;0.1;0.01;0;6.67412;0;0;-1
0;978;60.663;8.13192;47.1478;9.86993;4027.46;5.93465;0;0;0.1;0.01;0;6.38269;0;0;-1
0;979;61.522;26.8085;46.1129;9.90075;4065.3;5.95318;0;0;0.1;0.01;0;6.42603;0;0;-1
0;980;60.1716;43.647;46.0429;10.1384;4365.13;6.09607;0;0;0.1;0.01;0;6.24415;0;0;-1
0;981;61.1687;61.003;46.9977;9.12844;3186.24;5.4888;0;0;0.1;0.01;0;3.7597;0;0;-1
0;982;77.2979;-30.3703;48.6511;8.61289;2676.3;5.17881;0;0;0.1;0.01;0;2.62205;0;0;-1
0;983;77.1301;-17.099;47.734;8.5;2572.44;5.11093;0;0;0.1;0.01;0;3.16207;1;0;-1
0;984;75.5674;1.83196;46.5459;9.84126;3992.46;5.91741;0;0;0.1;0.01;0;5.04736;0;0;-1
0;985;78.6909;17.3388;48.7985;10.0526;4255.24;6.04448;0;0;0.1;0.01;0;4.18454;0;0;-1
0;986;75.2849;34.6952;45.9248;10.2898;4563.62;6.18711;0;0;0.1;0.01;0;4.40593;0;0;-1
0;987;-65.6146;-30.2919;62.2604;8.57744;2643.39;5.15749;0;0;0.1;0.01;0;3.4374;0;0;-1
0;988;-66.5781;-15.4237;63.5495;8.87947;2932.58;5.3391;0;0;0.1;0.01;0;3.53996;0;0;-1
0;989;-66.6922;0.549695;61.3354;8.52153;2592.04;5.12387;0;0;0.1;0.01;0;3.47941;0;0;-1
0;990;-66.1475;19.5125;63.9334;9.60852;3715.85;5.77746;0;0;0.1;0.01;0;3.35623;0;0;-1
0;991;-51.8195;-58.4763;60.4507;9.06277;3117.97;5.44931;0;0;0.1;0.01;0;2.13837;0;0;-1
0;992;-51.4192;-38.7594;63.6241;10.4312;4754.35;6.27213;0;0;0.1;0.01;0;5.19812;0;0;-1
0;993;-50.7478;-24.5012;63.2995;8.99047;3043.94;5.40584;0;0;0.1;0.01;0;6.41153;0;0;-1
0;994;-52.7057;-8.79253;61.3402;8.75928;2815.1;5.26683;0;0;0.1;0.01;0;4.57335;0;0;-1
0;995;-53.4859;10.3264;61.6419;10.3467;4639.75;6.22132;0;0;0.1;0.01;0;5.6042;0;0;-1
0;996;-53.0219;27.1236;62.1063;8.5119;2583.26;5.11808;0;0;0.1;0.01;0;4.04238;0;0;-1
0;997;-51.7524;46.5241;61.8018;9.49673;3587.66;5.71025;0;0;0.1;0.01;0;3.02891;0;0;-1
0;998;-36.3743;-47.5575;60.5199;9.31429;3384.84;5.60055;0;0;0.1;0.01;0;6.18384;0;0;-1
0;999;-36.9173;-33.166;64.1686;8.56914;2635.73;5.1525;0;0;0.1;0.01;0;5.89118;0;0;-1
0;1000;-35.4717;-15.6564;62.6729;9.77893;3917.08;5.87993;0;0;0.1;0.01;0;6.6208;0;0;-1
0;1001;-36.165;1.45639;63.9674;8.73934;2795.92;5.25484;0;0;0.1;0.01;0;4.87662;0;0;-1
0;1002;-35.065;19.5871;62.22;8.80965;2863.94;5.29711;0;0;0.1;0.01;0;5.88901;0;0;-1
0;1003;-35.2283;37.091;60.6611;9.96828;4149.06;5.99378;0;0;0.1;0.01;0;6.29269;0;0;-1
0;1004;-38.3069;52.2601;63.8447;9.47991;3568.63;5.70013;0;0;0.1;0.01;0;3.94311;0;0;-1
0;1005;-38.3145;67.9593;60.6977;9.61487;3723.22;5.78128;0;0;0.1;0.01;0;3.18354;0;0;-1
0;1006;-21.3223;-73.2305;63.7626;8.5;2572.44;5.11093;0;0;0.1;0.01;0;1.71477;1;0;-1
0;1007;-23.2922;-57.0305;62.2431;10.4;4711.82;6.25337;0;0;0.1;0.01;0;6.18562;0;0;-1
0;1008;-22.2435;-40.8618;61.3932;10.2717;4539.58;6.17622;0;0;0.1;0.01;0;8.02814;0;0;-1
0;1009;-21.3027;-22.7348;63.6583;8.53442;2603.82;5.13162;0;0;0.1;0.01;0;6.24385;0;0;-1
0;1010;-21.9761;-5.56834;62.123;10.3597;4657.26;6.22914;0;0;0.1;0.01;0;6.43791;0;0;-1
0;1011;-22.1191;10.5193;60.8568;8.5;2572.44;5.11093;0;0;0.1;0.01;0;3.63225;1;0;-1
0;1012;-23.7868;26.808;63.5304;9.01866;3072.66;5.42279;0;0;0.1;0.01;0;4.69541;0;0;-1
0;1013;-22.408;44.4741;62.8084;9.87176;4029.7;5.93575;0;0;0.1;0.01;0;6.77101;0;0;-1
0;1014;-21.8339;59.7009;60.1772;8.81698;2871.1;5.30152;0;0;0.1;0.01;0;5.43737;0;0;-1
0;1015;-7.87655;-67.691;60.3443;8.52518;2595.37;5.12607;0;0;0.1;0.01;0;3.89086;0;0;-1
0;1016;-7.86908;-47.7042;63.1303;10.2311;4485.96;6.15181;0;0;0.1;0.01;0;6.71302;0;0;-1
0;1017;-5.56143;-29.8861;63.4;9.05885;3113.92;5.44696;0;0;0.1;0.01;0;6.57545;0;0;-1
0;1018;-6.8523;-15.3344;60.9694;8.54701;2615.36;5.13919;0;0;0.1;0.01;0;6.625;0;0;-1
0;1019;-8.78457;0.61938;60.7727;8.5;2572.44;5.11093;0;0;0.1;0.01;0;4.71189;1;0;-1
0;1020;-6.95869;20.8344;60.3932;8.92528;2978.2;5.36664;0;0;0.1;0.01;0;4.61564;0;0;-1
0;1021;-8.83285;36.011;63.5786;9.68264;3802.51;5.82203;0;0;0.1;0.01;0;7.04834;0;0;-1
0;1022;-6.47258;52.1447;61.0318;9.64341;3756.48;5.79844;0;0;0.1;0.01;0;7.58209;0;0;-1
0;1023;-7.43587;67.6693;60.8762;10.3052;4584.14;6.19637;0;0;0.1;0.01;0;4.93665;0;0;-1
0;1024;5.31976;-73.7701;61.9494;8.5;2572.44;5.11093;0;0;0.1;0.01;0;2.23814;1;0;-1
0;1025;6.87458;-57.409;62.3;10.176;4413.87;6.11868;0;0;0.1;0.01;0;5.81691;0;0;-1
0;1026;7.74083;-39.3522;61.0305;8.5;2572.44;5.11093;0;0;0.1;0.01;0;4.55261;1;0;-1
0;1027;6.38312;-22.6904;62.3468;9.92312;4092.92;5.96663;0;0;0.1;0.01;0;6.71273;0;0;-1
0;1028;9.17553;-6.37351;62.4713;10.2402;4497.94;6.15728;0;0;0.1;0.01;0;6.85721;0;0;-1
0;1029;8.78105;12.1997;62.2434;8.66534;2725.5;5.21034;0;0;0.1;0.01;0;4.78764;0;0;-1
0;1030;7.9182;26.3243;63.414;8.5;2572.44;5.11093;0;0;0.1;0.01;0;5.49515;1;0;-1
0;1031;7.42273;42.0736;60.0813;10.2988;4575.6;6.19252;0;0;0.1;0.01;0;6.63408;0;0;-1
0;1032;6.6382;63.0838;63.2933;9.3194;3390.41;5.60362;0;0;0.1;0.01;0;4.62247;0;0;-1
0;1033;21.3053;-63.8659;60.9596;8.5;2572.44;5.11093;0;0;0.1;0.01;0;3.70164;1;0;-1
0;1034;23.2548;-50.2954;61.9564;8.5;2572.44;5.11093;0;0;0.1;0.01;0;4.43426;1;0;-1
0;1035;20.9351;-32.3631;61.0331;8.5;2572.44;5.11093;0;0;0.1;0.01;0;3.83348;1;0;-1
0;1036;24.2133;-12.6713;60.3657;8.5;2572.44;5.11093;0;0;0.1;0.01;0;5.40722;1;0;-1
0;1037;20.6134;2.95162;61.7814;8.5;2572.44;5.11093;0;0;0.1;0.01;0;5.0646;1;0;-1
0;1038;23.0811;19.7965;63.7345;10.3275;4613.96;6.20978;0;0;0.1;0.01;0;7.34246;0;0;-1
0;1039;21.9273;37.8402;63.1506;8.70203;2760.26;5.2324;0;0;0.1;0.01;0;5.68755;0;0;-1
0;1040;21.5771;53.1576;60.4236;8.5;2572.44;5.11093;0;0;0.1;0.01;0;5.29573;1;0;-1
0;1041;22.1342;69.1062;61.3932;9.0674;3122.75;5.4521;0;0;0.1;0.01;0;3.39138;0;0;-1
0;1042;34.6642;-59.7316;63.5376;8.5;2572.44;5.11093;0;0;0.1;0.01;0;2.17449;1;0;-1
0;1043;36.1563;-39.3403;62.5758;9.23923;3303.66;5.55541;0;0;0.1;0.01;0;4.51146;0;0;-1
0;1044;38.1832;-22.8151;61.8968;8.81792;2872.02;5.30209;0;0;0.1;0.01;0;4.89404;0;0;-1
0;1045;35.7967;-5.06132;62.6074;8.95321;3006.25;5.38344;0;0;0.1;0.01;0;4.80394;0;0;-1
0;1046;38.2701;12.2888;61.3817;9.45337;3538.74;5.68417;0;0;0.1;0.01;0;5.64774;0;0;-1
0;1047;37.9504;26.2077;60.2514;8.5;2572.44;5.11093;0;0;0.1;0.01;0;6.73271;1;0;-1
0;1048;35.5212;43.3572;63.522;9.23679;3301.05;5.55395;0;0;0.1;0.01;0;5.62824;0;0;-1
0;1049;38.6618;60.4721;63.3824;9.72555;3853.28;5.84783;0;0;0.1;0.01;0;3.94798;0;0;-1
0;1050;53.4588;-48.7335;61.739;9.52246;3616.9;5.72572;0;0;0.1;0.01;0;3.22545;0;0;-1
0;1051;50.3667;-33.3942;60.8856;8.5;2572.44;5.11093;0;0;0.1;0.01;0;4.87475;1;0;-1
0;1052;51.0274;-15.2809;62.1364;9.58171;3684.83;5.76134;0;0;0.1;0.01;0;5.6991;0;0;-1
0;1053;50.0354;0.792032;62.6991;8.5;2572.44;5.11093;0;0;0.1;0.01;0;4.12904;1;0;-1
0;1054;50.5536;20.6988;60.9329;8.5;2572.44;5.11093;0;0;0.1;0.01;0;5.72186;1;0;-1
0;1055;50.8704;34.8052;61.8178;9.8158;3961.56;5.9021;0;0;0.1;0.01;0;6.01702;0;0;-1
0;1056;53.6978;53.0086;62.7395;10.1404;4367.71;6.09728;0;0;0.1;0.01;0;3.14161;0;0;-1
0;1057;67.0754;-40.8581;60.8959;10.4293;4751.76;6.27099;0;0;0.1;0.01;0;2.85284;0;0;-1
0;1058;64.4542;-21.5162;62.1442;8.5;2572.44;5.11093;0;0;0.1;0.01;0;2.9579;1;0;-1
0;1059;64.4395;-5.43585;61.869;8.5;2572.44;5.11093;0;0;0.1;0.01;0;4.08178;1;0;-1
0;1060;66.774;9.19751;60.6575;9.7064;3830.57;5.83632;0;0;0.1;0.01;0;3.28598;0;0;-1
0;1061;65.1735;25.0294;60.1677;8.80062;2855.15;5.29169;0;0;0.1;0.01;0;2.81879;0;0;-1
0;1062;-54.4262;-23.7665;75.9833;9.34551;3418.99;5.61932;0;0;0.1;0.01;0;3.6027;0;0;-1
0;1063;-56.513;-4.69821;78.7026;8.5;2572.44;5.11093;0;0;0.1;0.01;0;1.6633;1;0;-1
0;1064;-54.9469;10.6781;76.2435;9.32397;3395.4;5.60637;0;0;0.1;0.01;0;3.9045;0;0;-1
0;1065;-56.4427;29.7256;75.0165;10.447;4775.99;6.28163;0;0;0.1;0.01;0;3.234;0;0;-1
0;1066;-40.0273;-48.9628;77.0284;8.5;2572.44;5.11093;0;0;0.1;0.01;0;2.24617;1;0;-1
0;1067;-42.2533;-30.7959;77.7975;8.79456;2849.25;5.28804;0;0;0.1;0.01;0;4.74817;0;0;-1
0;1068;-40.3988;-15.9274;75.0964;9.98709;4172.59;6.00509;0;0;0.1;0.01;0;6.54617;0;0;-1
0;1069;-40.4549;2.86887;77.9517;9.51488;3608.27;5.72116;0;0;0.1;0.01;0;5.73103;0;0;-1
0;1070;-41.6315;17.7756;74.6429;8.54694;2615.29;5.13915;0;0;0.1;0.01;0;5.55;0;0;-1
0;1071;-39.3221;33.68;76.4742;9.87209;4030.1;5.93594;0;0;0.1;0.01;0;4.14395;0;0;-1
0;1072;-24.394;-55.1636;76.9427;9.73996;3870.44;5.8565;0;0;0.1;0.01;0;3.46684;0;0;-1
0;1073;-26.272;-40.8469;74.9535;9.02504;3079.19;5.42663;0;0;0.1;0.01;0;5.50427;0;0;-1
0;1074;-27.4691;-23.1548;76.5344;10.0637;4269.35;6.05116;0;0;0.1;0.01;0;7.01427;0;0;-1
0;1075;-27.2501;-4.51906;77.8967;9.34698;3420.6;5.6202;0;0;0.1;0.01;0;6.55037;0;0;-1
0;1076;-24.9814;12.2908;77.0414;9.04555;3100.23;5.43896;0;0;0.1;0.01;0;5.77575;0;0;-1
0;1077;-25.789;26.531;77.3012;9.31413;3384.66;5.60045;0;0;0.1;0.01;0;5.89719;0;0;-1
0;1078;-25.34;43.7251;77.7666;9.28589;3353.97;5.58347;0;0;0.1;0.01;0;3.80643;0;0;-1
0;1079;-10.0714;-47.8119;76.4029;8.80812;2862.45;5.29619;0;0;0.1;0.01;0;4.92328;0;0;-1
0;1080;-12.4519;-31.1437;76.4175;10.2266;4480.05;6.14911;0;0;0.1;0.01;0;7.47944;0;0;-1
0;1081;-12.8066;-16.1719;74.6136;9.40462;3484.27;5.65486;0;0;0.1;0.01;0;7.35113;0;0;-1
0;1082;-13.5667;0.326668;78.4999;10.2202;4471.64;6.14526;0;0;0.1;0.01;0;6.59506;0;0;-1
0;1083;-11.4831;20.5752;78.3194;8.95194;3004.97;5.38267;0;0;0.1;0.01;0;5.81142;0;0;-1
0;1084;-10.8858;36.5077;76.7797;10.0821;4292.81;6.06222;0;0;0.1;0.01;0;7.2757;0;0;-1
0;1085;-11.9897;51.598;76.3118;9.93362;4105.93;5.97294;0;0;0.1;0.01;0;4.78323;0;0;-1
0;1086;3.54265;-58.8464;76.5994;10.3992;4710.73;6.25289;0;0;0.1;0.01;0;3.37187;0;0;-1
0;1087;1.37728;-42.227;78.4812;8.5;2572.44;5.11093;0;0;0.1;0.01;0;4.97742;1;0;-1
0;1088;4.76694;-23.2448;76.33;10.0445;4244.96;6.03961;0;0;0.1;0.01;0;6.80915;0;0;-1
0;1089;1.30078;-7.59341;78.2466;9.92445;4094.57;5.96743;0;0;0.1;0.01;0;6.26837;0;0;-1
0;1090;3.27217;11.4201;77.6364;8.90179;2954.75;5.35252;0;0;0.1;0.01;0;4.54063;0;0;-1
0;1091;1.50415;27.3577;77.7809;9.65841;3774.03;5.80746;0;0;0.1;0.01;0;7.23945;0;0;-1
0;1092;2.53966;42.4935;76.4646;10.3015;4579.2;6.19414;0;0;0.1;0.01;0;6.33759;0;0;-1
0;1093;4.04357;61.3709;76.5702;9.70352;3827.16;5.83459;0;0;0.1;0.01;0;3.29148;0;0;-1
0;1094;16.4749;-49.5986;74.9923;8.82222;2876.22;5.30467;0;0;0.1;0.01;0;3.51434;0;0;-1
0;1095;17.4655;-30.7372;77.8456;9.94785;4123.6;5.9815;0;0;0.1;0.01;0;6.04627;0;0;-1
0;1096;18.4946;-13.123;74.6078;9.11763;3174.93;5.4823;0;0;0.1;0.01;0;6.14277;0;0;-1
0;1097;16.7204;3.33885;76.305;8.78297;2838;5.28107;0;0;0.1;0.01;0;5.2524;0;0;-1
0;1098;18.4098;20.1287;76.7582;8.5;2572.44;5.11093;0;0;0.1;0.01;0;5.81136;1;0;-1
0;1099;18.6013;33.9796;76.0087;10.0972;4312.13;6.0713;0;0;0.1;0.01;0;7.30796;0;0;-1
0;1100;18.565;54.4251;76.144;9.59276;3697.6;5.76799;0;0;0.1;0.01;0;3.60159;0;0;-1
0;1101;32.5483;-40.1998;76.4257;10.1849;4425.47;6.12403;0;0;0.1;0.01;0;3.81473;0;0;-1
0;1102;31.2454;-22.9465;78.551;10.1291;4353.13;6.09048;0;0;0.1;0.01;0;5.58263;0;0;-1
0;1103;31.1796;-5.98463;77.3422;8.5572;2624.72;5.14532;0;0;0.1;0.01;0;5.19955;0;0;-1
0;1104;32.3719;11.744;76.1738;9.07028;3125.72;5.45383;0;0;0.1;0.01;0;4.46461;0;0;-1
0;1105;34.5173;28.4106;76.652;10.3011;4578.67;6.1939;0;0;0.1;0.01;0;5.87562;0;0;-1
0;1106;30.9529;46.4977;78.1608;10.3268;4613.03;6.20935;0;0;0.1;0.01;0;4.16915;0;0;-1
0;1107;49.0845;-30.3937;78.6685;9.26179;3327.92;5.56898;0;0;0.1;0.01;0;1.68941;0;0;-1
0;1108;45.4497;-13.8827;75.3035;8.5304;2600.14;5.12921;0;0;0.1;0.01;0;4.7623;0;0;-1
0;1109;47.4417;0.398512;77.9841;8.55106;2619.08;5.14163;0;0;0.1;0.01;0;3.45482;0;0;-1
0;1110;48.3202;20.0341;74.9206;9.58572;3689.46;5.76375;0;0;0.1;0.01;0;3.87089;0;0;-1
0;1111;49.0105;36.2395;77.4653;8.5;2572.44;5.11093;0;0;0.1;0.01;0;2.34169;1;0;-1
0;1112;60.4405;-6.11114;78.4476;8.5;2572.44;5.11093;0;0;0.1;0.01;0;1.59377;1;0;-1
0;1113;-36.2704;-15.7307;89.6381;9.8315;3980.59;5.91154;0;0;0.1;0.01;0;4.24795;0;0;-1
0;1114;-36.4148;1.5656;91.2409;8.5;2572.44;5.11093;0;0;0.1;0.01;0;3.92207;1;0;-1
0;1115;-38.4467;16.9503;89.8857;10.0141;4206.53;6.02133;0;0;0.1;0.01;0;3.76991;0;0;-1
0;1116;-21.1029;-24.4721;90.0498;10.4526;4783.67;6.285;0;0;0.1;0.01;0;4.94935;0;0;-1
0;1117;-23.4147;-6.36143;93.0742;10.0382;4236.98;6.03582;0;0;0.1;0.01;0;4.54086;0;0;-1
0;1118;-22.7343;11.6912;89.7673;8.5;2572.44;5.11093;0;0;0.1;0.01;0;4.56337;1;0;-1
0;1119;-21.624;27.6339;93.3756;10.1704;4406.59;6.11531;0;0;0.1;0.01;0;3.6379;0;0;-1
0;1120;-7.47813;-31.4722;90.7915;9.99572;4183.41;6.01028;0;0;0.1;0.01;0;4.74664;0;0;-1
0;1121;-8.53225;-14.0126;89.4467;9.49792;3589.01;5.71096;0;0;0.1;0.01;0;6.43315;0;0;-1
0;1122;-6.51211;1.18097;92.6609;9.92513;4095.41;5.96784;0;0;0.1;0.01;0;5.31271;0;0;-1
0;1123;-5.80724;19.1313;93.3188;10.3778;4681.71;6.24002;0;0;0.1;0.01;0;5.37815;0;0;-1
0;1124;-7.61206;35.0397;92.3575;8.5;2572.44;5.11093;0;0;0.1;0.01;0;3.71031;1;0;-1
0;1125;5.42095;-38.5728;92.1405;8.64182;2703.36;5.1962;0;0;0.1;0.01;0;2.77308;0;0;-1
0;1126;6.63533;-23.3656;92.1207;9.97299;4154.94;5.99661;0;0;0.1;0.01;0;4.85992;0;0;-1
0;1127;7.32936;-5.04248;91.6098;9.76217;3896.98;5.86985;0;0;0.1;0.01;0;4.37114;0;0;-1
0;1128;6.66728;10.8067;91.2143;9.29955;3368.79;5.59168;0;0;0.1;0.01;0;4.12355;0;0;-1
0;1129;6.09647;28.7523;90.0563;9.47028;3557.76;5.69434;0;0;0.1;0.01;0;5.33416;0;0;-1
0;1130;23.7541;-31.9698;89.8584;8.5;2572.44;5.11093;0;0;0.1;0.01;0;2.95029;1;0;-1
0;1131;20.7048;-13.4749;89.3495;8.96289;3016.01;5.38926;0;0;0.1;0.01;0;4.8243;0;0;-1
0;1132;22.7944;0.117159;90.1649;8.56343;2630.46;5.14907;0;0;0.1;0.01;0;3.46899;0;0;-1
0;1133;20.0112;20.8196;90.9644;8.88242;2935.5;5.34087;0;0;0.1;0.01;0;3.25227;0;0;-1
0;1134;20.8928;36.7174;90.3408;8.61361;2676.97;5.17924;0;0;0.1;0.01;0;2.7201;0;0;-1
0;1135;37.3237;-7.80254;89.735;9.767;3902.76;5.87276;0;0;0.1;0.01;0;3.63531;0;0;-1
0;1136;35.431;9.72367;91.1671;8.5238;2594.11;5.12524;0;0;0.1;0.01;0;1.96431;0;0;-1
