Time;ID;x;y;z;radius;volume_total;radius_nuclear;contact_ECM;freezer;polarized_fraction;motility;cell_line;Cell_cell;phase;Cycle;NFkB
0;0;-51.3187;-4.61437;-83.4221;8.5;2572.44;5.11093;0;0;0.1;0.01;0;2.64519;1;0;-1
0;1;-37.433;-33.345;-84.6859;9.8791;4038.69;5.94016;0;0;0.1;0.01;0;2.6764;0;0;-1
0;2;-37.6572;-13.8271;-86.4872;8.5;2572.44;5.11093;0;0;0.1;0.01;0;2.65161;1;0;-1
0;3;-38.5122;0.468521;-85.5874;8.93259;2985.53;5.37104;0;0;0.1;0.01;0;2.49587;0;0;-1
0;4;-35.4897;20.6061;-84.3354;10.0373;4235.84;6.03528;0;0;0.1;0.01;0;3.05456;0;0;-1
0;5;-21.7992;-40.6289;-87.2618;9.31441;3384.97;5.60062;0;0;0.1;0.01;0;2.8087;0;0;-1
0;6;-20.5491;-22.4016;-85.9315;8.72424;2781.45;5.24576;0;0;0.1;0.01;0;4.24063;0;0;-1
0;7;-21.0319;-8.41464;-84.5108;8.68751;2746.47;5.22367;0;0;0.1;0.01;0;4.10642;0;0;-1
0;8;-20.3068;10.7187;-85.9754;8.9461;2999.09;5.37916;0;0;0.1;0.01;0;3.39418;0;0;-1
0;9;-22.2957;28.7597;-84.0067;9.1147;3171.87;5.48054;0;0;0.1;0.01;0;3.81259;0;0;-1
0;10;-8.84341;-49.3342;-83.4173;10.3831;4688.89;6.24321;0;0;0.1;0.01;0;3.60984;0;0;-1
0;11;-7.09733;-30.7533;-87.1685;9.25676;3322.5;5.56596;0;0;0.1;0.01;0;4.75133;0;0;-1
0;12;-6.80537;-16.6176;-86.2534;8.92614;2979.06;5.36716;0;0;0.1;0.01;0;5.07597;0;0;-1
0;13;-6.59314;0.144186;-85.5147;10.1914;4433.94;6.12794;0;0;0.1;0.01;0;5.0202;0;0;-1
0;14;-7.56664;20.0317;-83.7604;10.1998;4444.92;6.13299;0;0;0.1;0.01;0;5.00691;0;0;-1
0;15;-7.67621;38.2938;-83.9343;9.71243;3837.71;5.83994;0;0;0.1;0.01;0;3.32049;0;0;-1
0;16;7.44492;-40.8719;-85.9506;10.0896;4302.4;6.06673;0;0;0.1;0.01;0;4.84804;0;0;-1
0;17;6.40524;-24.2365;-83.4883;10.0954;4309.82;6.07022;0;0;0.1;0.01;0;6.03662;0;0;-1
0;18;8.72482;-6.01427;-85.8377;8.76963;2825.09;5.27305;0;0;0.1;0.01;0;3.8925;0;0;-1
0;19;6.47984;10.932;-86.7578;8.73724;2793.9;5.25358;0;0;0.1;0.01;0;2.66804;0;0;-1
0;20;7.75806;27.7528;-87.3908;8.84193;2895.54;5.31652;0;0;0.1;0.01;0;3.18409;0;0;-1
0;21;8.87803;45.3824;-83.5794;10.2972;4573.47;6.19156;0;0;0.1;0.01;0;3.80111;0;0;-1
0;22;20.2436;-49.1517;-84.4994;9.44966;3534.57;5.68194;0;0;0.1;0.01;0;3.23399;0;0;-1
0;23;23.3362;-34.0352;-86.6641;10.0918;4305.21;6.06805;0;0;0.1;0.01;0;5.12323;0;0;-1
0;24;20.61;-15.7293;-84.9645;8.5;2572.44;5.11093;0;0;0.1;0.01;0;3.28273;1;0;-1
0;25;22.4792;3.45031;-86.8701;8.58914;2654.22;5.16453;0;0;0.1;0.01;0;3.58915;0;0;-1
0;26;23.6314;20.3943;-84.4884;8.88816;2941.2;5.34432;0;0;0.1;0.01;0;4.47661;0;0;-1
0;27;23.5469;37.7414;-84.8617;9.8457;3997.87;5.92008;0;0;0.1;0.01;0;3.69417;0;0;-1
0;28;36.3554;-40.1936;-83.6449;9.99562;4183.29;6.01022;0;0;0.1;0.01;0;3.76933;0;0;-1
0;29;35.4706;-25.5468;-86.1251;8.5;2572.44;5.11093;0;0;0.1;0.01;0;3.01681;1;0;-1
0;30;37.21;-5.59997;-85.3008;10.2046;4451.19;6.13588;0;0;0.1;0.01;0;2.52909;0;0;-1
0;31;36.5594;10.8594;-83.9693;10.2277;4481.49;6.14977;0;0;0.1;0.01;0;3.93869;0;0;-1
0;32;37.5894;26.9798;-83.9287;10.0868;4298.82;6.06505;0;0;0.1;0.01;0;4.35789;0;0;-1
0;33;-70.5264;-14.7638;-69.3775;9.3986;3477.59;5.65124;0;0;0.1;0.01;0;2.28023;0;0;-1
0;34;-57.8134;-39.4501;-71.3444;9.97762;4160.73;5.9994;0;0;0.1;0.01;0;3.1058;0;0;-1
0;35;-56.6658;-25.1914;-72.4911;9.30194;3371.39;5.59312;0;0;0.1;0.01;0;3.99616;0;0;-1
0;36;-54.7596;-8.8964;-70.854;8.5;2572.44;5.11093;0;0;0.1;0.01;0;4.5031;1;0;-1
0;37;-56.2926;9.85654;-69.7955;10.3383;4628.45;6.21627;0;0;0.1;0.01;0;3.50668;0;0;-1
0;38;-57.7865;28.4775;-71.5091;8.5;2572.44;5.11093;0;0;0.1;0.01;0;2.15739;1;0;-1
0;39;-54.6552;46.906;-68.5818;9.52835;3623.61;5.72926;0;0;0.1;0.01;0;3.23969;0;0;-1
0;40;-41.549;-51.3119;-72.6738;9.08313;3139.03;5.46155;0;0;0.1;0.01;0;2.1142;0;0;-1
0;41;-41.3944;-30.452;-70.9855;9.44447;3528.75;5.67882;0;0;0.1;0.01;0;5.73741;0;0;-1
0;42;-42.2317;-16.6254;-69.6696;10.4347;4759.14;6.27423;0;0;0.1;0.01;0;6.85577;0;0;-1
0;43;-39.4113;1.73555;-69.0899;8.5;2572.44;5.11093;0;0;0.1;0.01;0;4.22149;1;0;-1
0;44;-42.3657;16.7636;-69.0591;8.5;2572.44;5.11093;0;0;0.1;0.01;0;5.51449;1;0;-1
0;45;-42.4221;34.2515;-69.8644;9.48534;3574.76;5.7034;0;0;0.1;0.01;0;5.21301;0;0;-1
0;46;-41.2145;53.4645;-69.4137;8.5;2572.44;5.11093;0;0;0.1;0.01;0;3.80481;1;0;-1
0;47;-26.5826;-57.196;-70.3602;8.69547;2754.02;5.22846;0;0;0.1;0.01;0;4.02422;0;0;-1
0;48;-28.5592;-42.5904;-68.4929;10.4235;4743.83;6.2675;0;0;0.1;0.01;0;6.38688;0;0;-1
0;49;-26.2517;-24.7411;-70.6831;8.78999;2844.81;5.28529;0;0;0.1;0.01;0;5.81371;0;0;-1
0;50;-24.7269;-8.81352;-71.8658;8.5;2572.44;5.11093;0;0;0.1;0.01;0;4.47378;1;0;-1
0;51;-26.8807;11.103;-69.6506;9.33999;3412.93;5.616;0;0;0.1;0.01;0;5.35022;0;0;-1
0;52;-26.0053;26.9283;-69.241;10.0291;4225.46;6.03035;0;0;0.1;0.01;0;6.56913;0;0;-1
0;53;-27.6144;43.7337;-70.6695;9.33376;3406.11;5.61225;0;0;0.1;0.01;0;4.60151;0;0;-1
0;54;-27.1672;62.1925;-69.806;9.79464;3935.99;5.88937;0;0;0.1;0.01;0;3.73973;0;0;-1
0;55;-13.5709;-63.8485;-69.018;9.87774;4037.02;5.93934;0;0;0.1;0.01;0;4.04176;0;0;-1
0;56;-13.8208;-48.1401;-68.3412;8.5;2572.44;5.11093;0;0;0.1;0.01;0;5.72129;1;0;-1
0;57;-11.3465;-31.1853;-72.6111;8.91585;2968.77;5.36097;0;0;0.1;0.01;0;5.09784;0;0;-1
0;58;-12.6987;-15.0514;-70.9701;9.29638;3365.35;5.58978;0;0;0.1;0.01;0;6.58806;0;0;-1
0;59;-9.95069;1.96312;-71.7802;9.45092;3535.99;5.6827;0;0;0.1;0.01;0;5.80795;0;0;-1
0;60;-11.648;16.5885;-70.1447;8.82064;2874.68;5.30372;0;0;0.1;0.01;0;5.34599;0;0;-1
0;61;-11.8816;36.6271;-70.9315;9.09843;3154.92;5.47075;0;0;0.1;0.01;0;4.65116;0;0;-1
0;62;-10.7514;55.0827;-70.3601;9.75011;3882.55;5.8626;0;0;0.1;0.01;0;3.31345;0;0;-1
0;63;2.17485;-56.2452;-69.0656;9.01971;3073.73;5.42342;0;0;0.1;0.01;0;4.73886;0;0;-1
0;64;3.93959;-40.1449;-72.0486;8.76763;2823.16;5.27185;0;0;0.1;0.01;0;5.19978;0;0;-1
0;65;2.7175;-22.8987;-68.5009;10.2393;4496.76;6.15674;0;0;0.1;0.01;0;7.06981;0;0;-1
0;66;4.34395;-7.97815;-72.022;9.90275;4067.77;5.95438;0;0;0.1;0.01;0;6.59371;0;0;-1
0;67;2.34994;10.1713;-69.2163;8.5;2572.44;5.11093;0;0;0.1;0.01;0;4.96746;1;0;-1
0;68;4.40432;26.7929;-69.6897;8.5;2572.44;5.11093;0;0;0.1;0.01;0;4.49193;1;0;-1
0;69;4.43497;45.7965;-70.5474;9.40266;3482.1;5.65368;0;0;0.1;0.01;0;6.07133;0;0;-1
0;70;3.50632;63.715;-70.1489;9.87208;4030.09;5.93594;0;0;0.1;0.01;0;3.45311;0;0;-1
0;71;16.3291;-66.2679;-69.8984;9.33398;3406.35;5.61239;0;0;0.1;0.01;0;2.89265;0;0;-1
0;72;15.967;-47.1691;-70.9256;8.71329;2770.99;5.23917;0;0;0.1;0.01;0;4.75118;0;0;-1
0;73;19.2581;-30.2028;-70.8758;10.2304;4485.04;6.15139;0;0;0.1;0.01;0;6.89038;0;0;-1
0;74;16.41;-14.093;-69.2288;8.5;2572.44;5.11093;0;0;0.1;0.01;0;6.69885;1;0;-1
0;75;16.995;1.22161;-71.3286;9.24351;3308.26;5.55799;0;0;0.1;0.01;0;5.44049;0;0;-1
0;76;16.0015;18.2063;-69.2085;8.72477;2781.96;5.24608;0;0;0.1;0.01;0;4.98733;0;0;-1
0;77;17.3106;35.4421;-70.6382;9.03495;3089.34;5.43258;0;0;0.1;0.01;0;5.48934;0;0;-1
0;78;19.4576;55.0741;-70.2787;10.194;4437.34;6.1295;0;0;0.1;0.01;0;4.06622;0;0;-1
0;79;31.0823;-57.7983;-69.4745;8.5;2572.44;5.11093;0;0;0.1;0.01;0;3.35796;1;0;-1
0;80;31.7633;-38.529;-68.4292;9.87873;4038.24;5.93994;0;0;0.1;0.01;0;6.27383;0;0;-1
0;81;32.0175;-21.8265;-69.6492;8.5;2572.44;5.11093;0;0;0.1;0.01;0;4.93506;1;0;-1
0;82;33.335;-6.34435;-68.806;9.53103;3626.67;5.73087;0;0;0.1;0.01;0;5.57055;0;0;-1
0;83;30.5743;12.4407;-71.3003;9.73152;3860.39;5.85142;0;0;0.1;0.01;0;6.45209;0;0;-1
0;84;33.6222;28.6025;-68.521;10.0382;4236.98;6.03582;0;0;0.1;0.01;0;6.88799;0;0;-1
0;85;34.0103;43.7463;-71.9724;8.5;2572.44;5.11093;0;0;0.1;0.01;0;4.23405;1;0;-1
0;86;46.3656;-51.2902;-68.911;9.61922;3728.28;5.7839;0;0;0.1;0.01;0;2.75895;0;0;-1
0;87;45.9821;-30.4838;-71.9485;9.01313;3067.01;5.41946;0;0;0.1;0.01;0;4.33397;0;0;-1
0;88;47.5529;-13.4234;-71.9983;9.9526;4129.51;5.98435;0;0;0.1;0.01;0;4.86646;0;0;-1
0;89;45.3302;1.64851;-69.0545;8.5;2572.44;5.11093;0;0;0.1;0.01;0;5.76301;1;0;-1
0;90;47.3057;17.1279;-68.9542;10.3912;4699.87;6.24808;0;0;0.1;0.01;0;6.38444;0;0;-1
0;91;48.9703;36.88;-71.9486;10.2103;4458.66;6.13931;0;0;0.1;0.01;0;3.5357;0;0;-1
0;92;46.7038;54.1116;-69.0034;8.5;2572.44;5.11093;0;0;0.1;0.01;0;2.53712;1;0;-1
0;93;60.0265;-25.67;-72.0457;10.0688;4275.84;6.05422;0;0;0.1;0.01;0;2.75263;0;0;-1
0;94;62.5644;-5.60852;-71.9196;8.73835;2794.97;5.25424;0;0;0.1;0.01;0;2.33472;0;0;-1
0;95;61.3297;9.87141;-68.8394;9.81409;3959.49;5.90107;0;0;0.1;0.01;0;3.63526;0;0;-1
0;96;-80.3939;-8.31367;-55.4083;9.69228;3813.88;5.82783;0;0;0.1;0.01;0;2.96244;0;0;-1
0;97;-80.1247;12.4617;-54.3359;8.7296;2786.58;5.24898;0;0;0.1;0.01;0;2.61239;0;0;-1
0;98;-65.7603;-48.4237;-54.2753;10.1245;4347.2;6.08771;0;0;0.1;0.01;0;4.67926;0;0;-1
0;99;-67.7017;-33.8794;-55.413;8.95215;3005.18;5.3828;0;0;0.1;0.01;0;3.30407;0;0;-1
0;100;-65.5559;-12.6531;-56.377;8.50736;2579.13;5.11535;0;0;0.1;0.01;0;4.00007;0;0;-1
0;101;-64.5967;1.73118;-53.9652;9.72048;3847.26;5.84478;0;0;0.1;0.01;0;5.33358;0;0;-1
0;102;-68.0115;19.6433;-57.7813;8.68328;2742.46;5.22113;0;0;0.1;0.01;0;3.53384;0;0;-1
0;103;-66.4425;35.4406;-55.55;8.5;2572.44;5.11093;0;0;0.1;0.01;0;3.492;1;0;-1
0;104;-52.2502;-59.3463;-54.8719;9.7421;3872.99;5.85778;0;0;0.1;0.01;0;4.06043;0;0;-1
0;105;-52.9124;-42.3689;-57.5562;8.54632;2614.73;5.13878;0;0;0.1;0.01;0;4.59341;0;0;-1
0;106;-51.3181;-24.6982;-57.8062;8.5;2572.44;5.11093;0;0;0.1;0.01;0;4.56969;1;0;-1
0;107;-49.8602;-4.7946;-57.1199;9.83619;3986.29;5.91436;0;0;0.1;0.01;0;6.42204;0;0;-1
0;108;-51.7473;12.041;-54.3867;9.7551;3888.52;5.8656;0;0;0.1;0.01;0;7.0616;0;0;-1
0;109;-51.0343;27.857;-57.8114;10.3779;4681.85;6.24008;0;0;0.1;0.01;0;6.92874;0;0;-1
0;110;-52.1424;44.8052;-54.0096;9.75705;3890.85;5.86677;0;0;0.1;0.01;0;6.19897;0;0;-1
0;111;-50.5764;59.7337;-54.4364;10.0947;4308.92;6.0698;0;0;0.1;0.01;0;5.15088;0;0;-1
0;112;-38.6623;-66.5819;-56.351;9.78686;3926.62;5.8847;0;0;0.1;0.01;0;4.10195;0;0;-1
0;113;-38.3735;-51.0468;-54.5705;9.22818;3291.83;5.54877;0;0;0.1;0.01;0;5.19213;0;0;-1
0;114;-36.556;-31.2295;-56.2485;9.62245;3732.03;5.78584;0;0;0.1;0.01;0;6.18135;0;0;-1
0;115;-36.5271;-14.8536;-55.793;10.2702;4537.59;6.17532;0;0;0.1;0.01;0;6.81592;0;0;-1
0;116;-37.7519;2.43915;-54.3768;8.98033;3033.65;5.39974;0;0;0.1;0.01;0;5.52343;0;0;-1
0;117;-36.0789;20.997;-57.0214;10.2728;4541.04;6.17689;0;0;0.1;0.01;0;7.54055;0;0;-1
0;118;-35.2057;36.651;-55.067;8.75833;2814.18;5.26626;0;0;0.1;0.01;0;6.65498;0;0;-1
0;119;-36.9978;51.281;-56.5086;10.0445;4244.96;6.03961;0;0;0.1;0.01;0;6.94557;0;0;-1
0;120;-35.9261;70.3129;-57.9321;10.4064;4720.52;6.25722;0;0;0.1;0.01;0;4.27281;0;0;-1
0;121;-23.9316;-76.0236;-57.3306;9.56038;3660.28;5.74852;0;0;0.1;0.01;0;3.14343;0;0;-1
0;122;-21.8314;-56.2142;-56.4061;9.42137;3502.92;5.66493;0;0;0.1;0.01;0;6.5105;0;0;-1
0;123;-21.0889;-40.4644;-54.8421;10.0066;4197.09;6.01682;0;0;0.1;0.01;0;6.98261;0;0;-1
0;124;-23.6225;-22.5402;-56.7422;9.91108;4078.04;5.95939;0;0;0.1;0.01;0;6.87561;0;0;-1
0;125;-21.5838;-7.1508;-56.3408;8.98657;3039.98;5.40349;0;0;0.1;0.01;0;5.63015;0;0;-1
0;126;-22.4069;8.99978;-55.9874;9.44496;3529.3;5.67912;0;0;0.1;0.01;0;4.80031;0;0;-1
0;127;-21.4026;25.5983;-55.5847;8.61865;2681.68;5.18227;0;0;0.1;0.01;0;5.26517;0;0;-1
0;128;-21.7819;42.3091;-56.7003;8.5;2572.44;5.11093;0;0;0.1;0.01;0;5.12262;1;0;-1
0;129;-22.1132;63.2045;-54.4594;10.3642;4663.33;6.23184;0;0;0.1;0.01;0;7.13758;0;0;-1
0;130;-22.0252;77.9755;-57.0148;9.14647;3205.16;5.49964;0;0;0.1;0.01;0;3.52666;0;0;-1
0;131;-9.28511;-80.7866;-56.0007;8.5;2572.44;5.11093;0;0;0.1;0.01;0;2.47136;1;0;-1
0;132;-5.76767;-65.67;-55.7509;9.0412;3095.76;5.43634;0;0;0.1;0.01;0;4.74674;0;0;-1
0;133;-6.23348;-47.1119;-55.1211;9.62786;3738.33;5.78909;0;0;0.1;0.01;0;5.88289;0;0;-1
0;134;-8.77148;-29.9188;-54.6158;9.80216;3945.06;5.8939;0;0;0.1;0.01;0;5.57594;0;0;-1
0;135;-8.94717;-14.138;-55.4215;8.61231;2675.76;5.17846;0;0;0.1;0.01;0;5.84056;0;0;-1
0;136;-7.06876;0.369859;-56.7191;8.5;2572.44;5.11093;0;0;0.1;0.01;0;5.33767;1;0;-1
0;137;-5.92472;20.9906;-55.1496;10.3787;4682.93;6.24056;0;0;0.1;0.01;0;6.33385;0;0;-1
0;138;-8.23706;36.9515;-55.4934;10.3709;4672.38;6.23587;0;0;0.1;0.01;0;6.41083;0;0;-1
0;139;-5.82941;54.9369;-55.1073;10.4463;4775.03;6.28121;0;0;0.1;0.01;0;6.18335;0;0;-1
0;140;-8.72087;70.3278;-55.1313;8.9171;2970.02;5.36172;0;0;0.1;0.01;0;3.30238;0;0;-1
0;141;8.98461;-74.3214;-56.9035;8.95921;3012.3;5.38704;0;0;0.1;0.01;0;3.46809;0;0;-1
0;142;6.86048;-58.0837;-56.2125;9.9375;4110.74;5.97527;0;0;0.1;0.01;0;6.12592;0;0;-1
0;143;7.34364;-41.7053;-54.9316;8.5;2572.44;5.11093;0;0;0.1;0.01;0;4.37984;1;0;-1
0;144;9.40175;-22.7159;-56.6012;9.348;3421.72;5.62082;0;0;0.1;0.01;0;6.49539;0;0;-1
0;145;6.0324;-8.01807;-56.8662;9.37777;3454.52;5.63872;0;0;0.1;0.01;0;6.47357;0;0;-1
0;146;5.61077;9.72276;-55.2336;8.95394;3006.98;5.38387;0;0;0.1;0.01;0;4.27934;0;0;-1
0;147;8.44563;27.7514;-53.9519;10.1128;4332.14;6.08068;0;0;0.1;0.01;0;6.67662;0;0;-1
0;148;8.53675;44.9746;-55.979;10.2821;4553.38;6.18248;0;0;0.1;0.01;0;7.63878;0;0;-1
0;149;8.84307;59.8464;-57.7143;8.76315;2818.83;5.26915;0;0;0.1;0.01;0;5.80845;0;0;-1
0;150;8.57052;79.8416;-54.3423;9.33081;3402.88;5.61048;0;0;0.1;0.01;0;2.8078;0;0;-1
0;151;22.2792;-64.2622;-56.6581;9.79249;3933.4;5.88808;0;0;0.1;0.01;0;4.96809;0;0;-1
0;152;24.1788;-49.9876;-53.7162;8.97699;3030.27;5.39773;0;0;0.1;0.01;0;5.39908;0;0;-1
0;153;20.2932;-32.615;-55.2853;9.10775;3164.62;5.47636;0;0;0.1;0.01;0;5.15481;0;0;-1
0;154;20.5192;-12.713;-57.3717;9.31056;3380.77;5.5983;0;0;0.1;0.01;0;6.01038;0;0;-1
0;155;23.6276;1.41984;-56.4433;9.29185;3360.43;5.58705;0;0;0.1;0.01;0;5.68021;0;0;-1
0;156;23.7513;20.6583;-55.7411;10.1452;4373.92;6.10016;0;0;0.1;0.01;0;6.42634;0;0;-1
0;157;22.6871;38.2424;-56.2103;10.0929;4306.62;6.06871;0;0;0.1;0.01;0;7.04117;0;0;-1
0;158;22.929;54.3768;-53.9809;10.4336;4757.64;6.27357;0;0;0.1;0.01;0;7.09796;0;0;-1
0;159;22.0549;70.5651;-57.6912;9.08793;3144.01;5.46444;0;0;0.1;0.01;0;2.47041;0;0;-1
0;160;38.5708;-56.0285;-56.4255;9.06067;3115.8;5.44805;0;0;0.1;0.01;0;4.552;0;0;-1
0;161;34.9377;-38.3548;-54.7235;8.60039;2664.67;5.17129;0;0;0.1;0.01;0;5.324;0;0;-1
0;162;38.5266;-25.0993;-56.4579;9.04343;3098.05;5.43768;0;0;0.1;0.01;0;5.60493;0;0;-1
0;163;37.2084;-5.69494;-54.8308;8.57831;2644.2;5.15801;0;0;0.1;0.01;0;5.96716;0;0;-1
0;164;38.4613;8.33347;-55.4104;9.23354;3297.56;5.55199;0;0;0.1;0.01;0;6.96542;0;0;-1
0;165;38.8699;25.4372;-54.6071;9.85015;4003.29;5.92275;0;0;0.1;0.01;0;6.32749;0;0;-1
0;166;36.7838;46.1482;-56.6473;9.17439;3234.6;5.51643;0;0;0.1;0.01;0;5.8561;0;0;-1
0;167;36.3707;60.7316;-54.1186;8.5;2572.44;5.11093;0;0;0.1;0.01;0;4.54079;1;0;-1
0;168;52.8859;-50.959;-56.0575;8.97539;3028.65;5.39677;0;0;0.1;0.01;0;3.28666;0;0;-1
0;169;52.0657;-31.0919;-54.1368;9.95776;4135.93;5.98746;0;0;0.1;0.01;0;5.73041;0;0;-1
0;170;52.9111;-15.0631;-54.3842;8.5;2572.44;5.11093;0;0;0.1;0.01;0;5.22842;1;0;-1
0;171;52.251;0.0383757;-54.3901;9.99184;4178.54;6.00795;0;0;0.1;0.01;0;7.51645;0;0;-1
0;172;51.1921;18.0847;-56.0405;9.0008;3054.44;5.41205;0;0;0.1;0.01;0;6.79239;0;0;-1
0;173;52.9425;34.074;-55.7643;9.24176;3306.38;5.55694;0;0;0.1;0.01;0;5.31182;0;0;-1
0;174;52.6973;55.2617;-56.5079;10.1122;4331.37;6.08032;0;0;0.1;0.01;0;4.26846;0;0;-1
0;175;64.617;-40.8709;-56.6759;9.03274;3087.07;5.43126;0;0;0.1;0.01;0;2.99535;0;0;-1
0;176;67.2868;-25.0856;-56.1066;9.38578;3463.38;5.64353;0;0;0.1;0.01;0;4.42087;0;0;-1
0;177;67.7734;-4.49682;-55.1276;8.5;2572.44;5.11093;0;0;0.1;0.01;0;5.13984;1;0;-1
0;178;65.8303;11.997;-53.8044;9.54477;3642.38;5.73913;0;0;0.1;0.01;0;5.87536;0;0;-1
0;179;66.0096;26.6436;-55.2759;8.5;2572.44;5.11093;0;0;0.1;0.01;0;3.89088;1;0;-1
0;180;64.7685;46.0637;-54.3194;9.81335;3958.59;5.90062;0;0;0.1;0.01;0;3.39643;0;0;-1
0;181;79.7186;-16.8497;-56.7568;10.1836;4423.77;6.12325;0;0;0.1;0.01;0;2.82627;0;0;-1
0;182;82.2228;1.12135;-54.4697;8.92226;2975.18;5.36483;0;0;0.1;0.01;0;2.82583;0;0;-1
0;183;-87.5141;-21.6627;-40.6316;9.37018;3446.14;5.63415;0;0;0.1;0.01;0;3.14632;0;0;-1
0;184;-84.1197;-8.17332;-40.1263;10.0307;4227.49;6.03131;0;0;0.1;0.01;0;5.21965;0;0;-1
0;185;-86.3111;12.3493;-39.6285;9.63572;3747.5;5.79382;0;0;0.1;0.01;0;4.43993;0;0;-1
0;186;-86.657;29.3377;-39.2258;9.84885;4001.71;5.92197;0;0;0.1;0.01;0;3.00548;0;0;-1
0;187;-70.1815;-48.0386;-39.6414;8.5;2572.44;5.11093;0;0;0.1;0.01;0;4.05789;1;0;-1
0;188;-72.1242;-33.9467;-41.562;10.2288;4482.94;6.15043;0;0;0.1;0.01;0;5.0265;0;0;-1
0;189;-71.5932;-14.5697;-41.6323;8.5;2572.44;5.11093;0;0;0.1;0.01;0;5.38725;1;0;-1
0;190;-72.681;3.61669;-40.9268;10.2704;4537.86;6.17544;0;0;0.1;0.01;0;7.38568;0;0;-1
0;191;-70.5111;19.0738;-42.0657;9.73679;3866.66;5.85459;0;0;0.1;0.01;0;6.24102;0;0;-1
0;192;-69.9873;37.0813;-42.9172;9.92192;4091.44;5.96591;0;0;0.1;0.01;0;5.6837;0;0;-1
0;193;-72.6581;51.3906;-41.1005;9.59208;3696.81;5.76758;0;0;0.1;0.01;0;3.09386;0;0;-1
0;194;-56.9534;-59.2045;-39.9304;10.3288;4615.71;6.21056;0;0;0.1;0.01;0;5.2499;0;0;-1
0;195;-56.7247;-39.4582;-41.8718;9.50868;3601.22;5.71743;0;0;0.1;0.01;0;6.64029;0;0;-1
0;196;-54.1651;-24.6433;-40.9051;9.31218;3382.54;5.59928;0;0;0.1;0.01;0;5.42004;0;0;-1
0;197;-57.4654;-7.32893;-42.0154;10.0834;4294.47;6.063;0;0;0.1;0.01;0;6.99085;0;0;-1
0;198;-55.0605;9.5378;-39.8531;10.2811;4552.05;6.18188;0;0;0.1;0.01;0;6.71425;0;0;-1
0;199;-55.5424;25.8724;-41.5511;9.89022;4052.35;5.94685;0;0;0.1;0.01;0;6.11453;0;0;-1
0;200;-56.9716;42.6485;-40.1073;9.6706;3788.34;5.81479;0;0;0.1;0.01;0;6.5265;0;0;-1
0;201;-54.253;60.4464;-39.5957;9.62047;3729.73;5.78465;0;0;0.1;0.01;0;5.23991;0;0;-1
0;202;-40.5138;-80.6245;-40.99;8.5;2572.44;5.11093;0;0;0.1;0.01;0;2.97081;1;0;-1
0;203;-41.6799;-65.9007;-39.2286;9.46189;3548.32;5.6893;0;0;0.1;0.01;0;6.38203;0;0;-1
0;204;-43.0564;-47.5247;-41.7201;8.5;2572.44;5.11093;0;0;0.1;0.01;0;4.90123;1;0;-1
0;205;-42.5689;-31.69;-42.205;8.64528;2706.61;5.19828;0;0;0.1;0.01;0;5.09464;0;0;-1
0;206;-40.2501;-13.4531;-40.6526;9.60474;3711.47;5.77519;0;0;0.1;0.01;0;6.10402;0;0;-1
0;207;-42.0083;1.95019;-39.9962;9.25091;3316.21;5.56244;0;0;0.1;0.01;0;6.47441;0;0;-1
0;208;-41.7846;19.6638;-42.4187;8.59492;2659.59;5.168;0;0;0.1;0.01;0;5.91353;0;0;-1
0;209;-41.4523;34.4604;-41.4101;8.78789;2842.77;5.28403;0;0;0.1;0.01;0;5.64234;0;0;-1
0;210;-40.269;53.6149;-41.2212;9.53739;3633.94;5.73469;0;0;0.1;0.01;0;7.07298;0;0;-1
0;211;-40.8061;68.4789;-42.139;10.3601;4657.8;6.22938;0;0;0.1;0.01;0;6.08076;0;0;-1
0;212;-27.6606;-72.9665;-42.877;9.39388;3472.35;5.6484;0;0;0.1;0.01;0;6.10717;0;0;-1
0;213;-28.1439;-57.7297;-40.4603;10.4418;4768.86;6.2785;0;0;0.1;0.01;0;7.09419;0;0;-1
0;214;-25.3007;-38.5038;-42.3701;9.23225;3296.18;5.55122;0;0;0.1;0.01;0;5.32838;0;0;-1
0;215;-25.0098;-22.375;-39.819;9.9908;4177.24;6.00732;0;0;0.1;0.01;0;6.39057;0;0;-1
0;216;-24.746;-5.18011;-40.6517;8.87426;2927.42;5.33596;0;0;0.1;0.01;0;5.61369;0;0;-1
0;217;-25.4504;9.75971;-41.0431;8.5;2572.44;5.11093;0;0;0.1;0.01;0;4.04167;1;0;-1
0;218;-28.1766;27.0124;-42.0171;9.3773;3454;5.63843;0;0;0.1;0.01;0;5.48954;0;0;-1
0;219;-27.2185;44.1219;-42.1023;9.59228;3697.04;5.7677;0;0;0.1;0.01;0;6.10633;0;0;-1
0;220;-27.5554;60.5344;-40.7609;9.41372;3494.4;5.66033;0;0;0.1;0.01;0;7.06757;0;0;-1
0;221;-25.0133;77.1705;-42.0767;9.57316;3674.98;5.7562;0;0;0.1;0.01;0;5.24609;0;0;-1
0;222;-12.9854;-83.1449;-42.1714;8.61093;2674.48;5.17763;0;0;0.1;0.01;0;4.0365;0;0;-1
0;223;-12.9522;-67.6051;-39.741;10.0617;4266.8;6.04995;0;0;0.1;0.01;0;6.6958;0;0;-1
0;224;-12.3926;-49.3798;-41.8368;9.18212;3242.78;5.52108;0;0;0.1;0.01;0;5.32004;0;0;-1
0;225;-9.78678;-33.3281;-39.8331;9.50911;3601.71;5.71769;0;0;0.1;0.01;0;6.11799;0;0;-1
0;226;-13.0664;-15.5131;-40.7647;8.69144;2750.2;5.22604;0;0;0.1;0.01;0;6.37389;0;0;-1
0;227;-11.0634;0.257824;-41.4466;8.66025;2720.7;5.20728;0;0;0.1;0.01;0;5.45257;0;0;-1
0;228;-12.5368;20.0308;-39.3409;9.95302;4130.03;5.98461;0;0;0.1;0.01;0;6.16118;0;0;-1
0;229;-9.96101;34.3109;-39.7653;8.5;2572.44;5.11093;0;0;0.1;0.01;0;6.08797;1;0;-1
0;230;-11.5632;52.9617;-39.3566;10.1789;4417.65;6.12042;0;0;0.1;0.01;0;6.47246;0;0;-1
0;231;-11.0993;70.7578;-40.0372;9.43087;3513.53;5.67065;0;0;0.1;0.01;0;5.57737;0;0;-1
0;232;-9.791;87.0983;-39.9585;8.5;2572.44;5.11093;0;0;0.1;0.01;0;2.38795;1;0;-1
0;233;2.8196;-89.5402;-42.0523;9.11671;3173.97;5.48175;0;0;0.1;0.01;0;2.88302;0;0;-1
0;234;4.68002;-74.9301;-41.1663;8.55271;2620.59;5.14262;0;0;0.1;0.01;0;5.17688;0;0;-1
0;235;2.00994;-59.7578;-39.3774;9.47364;3561.55;5.69636;0;0;0.1;0.01;0;5.42024;0;0;-1
0;236;3.62326;-40.7685;-39.799;8.5;2572.44;5.11093;0;0;0.1;0.01;0;4.85103;1;0;-1
0;237;4.67407;-25.28;-39.5095;9.5216;3615.92;5.7252;0;0;0.1;0.01;0;6.13943;0;0;-1
0;238;1.23551;-8.08043;-42.4301;10.2613;4525.8;6.16997;0;0;0.1;0.01;0;6.26797;0;0;-1
0;239;3.2171;10.4493;-41.0094;8.61838;2681.42;5.18211;0;0;0.1;0.01;0;4.37123;0;0;-1
0;240;4.07451;27.1856;-39.4768;8.90471;2957.66;5.35427;0;0;0.1;0.01;0;6.72743;0;0;-1
0;241;1.22568;43.031;-40.2767;10.0973;4312.25;6.07136;0;0;0.1;0.01;0;7.97695;0;0;-1
0;242;1.51782;60.6202;-40.9694;8.5;2572.44;5.11093;0;0;0.1;0.01;0;5.3623;1;0;-1
0;243;3.95559;76.3801;-41.0744;9.14274;3201.24;5.4974;0;0;0.1;0.01;0;5.26484;0;0;-1
0;244;17.6705;-82.328;-42.0918;8.5;2572.44;5.11093;0;0;0.1;0.01;0;3.29352;1;0;-1
0;245;18.213;-65.4533;-39.289;10.2625;4527.39;6.17069;0;0;0.1;0.01;0;5.88509;0;0;-1
0;246;17.9187;-46.4618;-40.8014;8.89095;2943.97;5.346;0;0;0.1;0.01;0;5.26641;0;0;-1
0;247;17.8365;-31.7631;-41.1619;8.5;2572.44;5.11093;0;0;0.1;0.01;0;5.83742;1;0;-1
0;248;19.096;-15.4956;-41.776;9.48375;3572.97;5.70244;0;0;0.1;0.01;0;5.92378;0;0;-1
0;249;19.7523;1.94094;-42.1571;9.10927;3166.21;5.47727;0;0;0.1;0.01;0;4.6942;0;0;-1
0;250;17.6628;17.7303;-40.5193;9.27102;3337.88;5.57453;0;0;0.1;0.01;0;5.59852;0;0;-1
0;251;19.0268;36.7155;-42.8432;9.9124;4079.67;5.96018;0;0;0.1;0.01;0;7.6327;0;0;-1
0;252;16.7939;52.0143;-39.6927;10.0976;4312.64;6.07154;0;0;0.1;0.01;0;7.44045;0;0;-1
0;253;18.7612;68.4679;-41.1937;10.3155;4597.9;6.20256;0;0;0.1;0.01;0;5.94126;0;0;-1
0;254;16.4127;87.419;-41.1307;10.0767;4285.92;6.05897;0;0;0.1;0.01;0;3.14544;0;0;-1
0;255;32.9527;-75.6306;-42.509;8.64912;2710.22;5.20059;0;0;0.1;0.01;0;2.24988;0;0;-1
0;256;30.5619;-56.4931;-40.5244;9.0958;3152.18;5.46917;0;0;0.1;0.01;0;6.27927;0;0;-1
0;257;33.7159;-41.1814;-40.4666;10.005;4195.08;6.01586;0;0;0.1;0.01;0;7.65191;0;0;-1
0;258;32.7752;-25.2909;-41.5683;10.1242;4346.81;6.08753;0;0;0.1;0.01;0;7.40459;0;0;-1
0;259;33.7368;-8.0458;-42.0284;8.5;2572.44;5.11093;0;0;0.1;0.01;0;4.72507;1;0;-1
0;260;33.8423;10.0308;-42.2939;8.5;2572.44;5.11093;0;0;0.1;0.01;0;5.10126;1;0;-1
0;261;33.8522;29.5207;-39.8827;8.93213;2985.06;5.37076;0;0;0.1;0.01;0;6.03098;0;0;-1
0;262;32.9435;46.1519;-39.4217;10.038;4236.72;6.0357;0;0;0.1;0.01;0;7.76784;0;0;-1
0;263;33.9196;60.0837;-39.7067;9.38769;3465.49;5.64468;0;0;0.1;0.01;0;6.20715;0;0;-1
0;264;33.5522;79.8415;-40.4299;8.95437;3007.42;5.38413;0;0;0.1;0.01;0;2.74279;0;0;-1
0;265;47.8262;-65.2744;-41.6079;8.94443;2997.41;5.37816;0;0;0.1;0.01;0;2.46602;0;0;-1
0;266;47.1432;-47.7049;-39.9471;9.52788;3623.08;5.72898;0;0;0.1;0.01;0;5.80383;0;0;-1
0;267;47.7667;-30.2403;-39.2234;10.3176;4600.71;6.20382;0;0;0.1;0.01;0;7.65944;0;0;-1
0;268;46.7889;-14.94;-42.583;10.067;4273.55;6.05314;0;0;0.1;0.01;0;7.77847;0;0;-1
0;269;46.0817;2.87699;-42.1858;8.5;2572.44;5.11093;0;0;0.1;0.01;0;6.20126;1;0;-1
0;270;47.7567;16.8713;-43.0454;10.1627;4396.59;6.11068;0;0;0.1;0.01;0;7.4381;0;0;-1
0;271;46.8474;37.9684;-41.101;9.52653;3621.54;5.72816;0;0;0.1;0.01;0;6.1912;0;0;-1
0;272;46.7017;52.1436;-42.8768;9.67637;3795.12;5.81826;0;0;0.1;0.01;0;6.60616;0;0;-1
0;273;46.8341;69.2607;-39.8964;9.92643;4097.02;5.96862;0;0;0.1;0.01;0;4.4969;0;0;-1
0;274;60.3739;-55.3652;-39.3246;9.8308;3979.74;5.91112;0;0;0.1;0.01;0;4.74641;0;0;-1
0;275;63.9926;-41.688;-39.8237;8.94562;2998.61;5.37887;0;0;0.1;0.01;0;4.28122;0;0;-1
0;276;61.2098;-23.3525;-39.8346;8.55006;2618.16;5.14103;0;0;0.1;0.01;0;5.54343;0;0;-1
0;277;63.4162;-7.79467;-42.3291;9.67674;3795.56;5.81848;0;0;0.1;0.01;0;6.80316;0;0;-1
0;278;63.6007;8.22827;-39.4692;10.0114;4203.13;6.01971;0;0;0.1;0.01;0;6.56035;0;0;-1
0;279;63.0218;26.1879;-42.277;10.0357;4233.81;6.03432;0;0;0.1;0.01;0;6.07531;0;0;-1
0;280;61.5528;42.138;-41.1956;8.88075;2933.85;5.33987;0;0;0.1;0.01;0;5.08189;0;0;-1
0;281;61.9957;60.4259;-42.4639;9.23144;3295.32;5.55073;0;0;0.1;0.01;0;3.67709;0;0;-1
0;282;74.9455;-32.4967;-43.1686;9.0112;3065.04;5.4183;0;0;0.1;0.01;0;3.21761;0;0;-1
0;283;77.7414;-14.9993;-41.1207;8.62851;2690.89;5.1882;0;0;0.1;0.01;0;4.46684;0;0;-1
0;284;76.328;-0.0865356;-41.4635;10.2851;4557.37;6.18428;0;0;0.1;0.01;0;6.87686;0;0;-1
0;285;78.7427;19.7269;-42.8258;8.99017;3043.63;5.40566;0;0;0.1;0.01;0;3.33102;0;0;-1
0;286;76.5333;34.3386;-41.9454;9.23964;3304.1;5.55566;0;0;0.1;0.01;0;3.54202;0;0;-1
0;287;90.5138;-4.55873;-40.5337;8.7003;2758.62;5.23136;0;0;0.1;0.01;0;2.23186;0;0;-1
0;288;-95.1259;-13.5075;-24.702;8.77145;2826.85;5.27415;0;0;0.1;0.01;0;3.17681;0;0;-1
0;289;-95.6334;1.24903;-26.099;9.92316;4092.97;5.96665;0;0;0.1;0.01;0;3.87553;0;0;-1
0;290;-80.87;-41.5011;-24.6599;9.90428;4069.65;5.9553;0;0;0.1;0.01;0;2.88743;0;0;-1
0;291;-81.7955;-23.4425;-27.3466;9.5595;3659.27;5.74799;0;0;0.1;0.01;0;3.86528;0;0;-1
0;292;-78.9077;-4.65436;-26.4845;10.0423;4242.17;6.03829;0;0;0.1;0.01;0;5.59151;0;0;-1
0;293;-82.574;10.9713;-26.451;10.1274;4350.93;6.08946;0;0;0.1;0.01;0;6.28713;0;0;-1
0;294;-82.4148;27.6793;-25.1414;10.0349;4232.8;6.03384;0;0;0.1;0.01;0;5.029;0;0;-1
0;295;-80.4033;44.561;-28.113;9.88358;4044.19;5.94285;0;0;0.1;0.01;0;3.28542;0;0;-1
0;296;-64.0825;-67.8772;-25.9982;8.5;2572.44;5.11093;0;0;0.1;0.01;0;2.51686;1;0;-1
0;297;-64.3807;-48.9914;-26.1293;8.77835;2833.53;5.27829;0;0;0.1;0.01;0;4.35897;0;0;-1
0;298;-64.5292;-31.2635;-25.4614;9.74862;3880.77;5.8617;0;0;0.1;0.01;0;5.46912;0;0;-1
0;299;-64.4893;-12.8927;-26.9889;9.28066;3348.31;5.58033;0;0;0.1;0.01;0;5.558;0;0;-1
0;300;-66.0801;4.44425;-26.0334;8.5;2572.44;5.11093;0;0;0.1;0.01;0;5.93958;1;0;-1
0;301;-65.4754;20.2196;-26.9332;8.59094;2655.89;5.16561;0;0;0.1;0.01;0;5.71178;0;0;-1
0;302;-64.6875;35.2182;-27.1705;10.0497;4251.56;6.04274;0;0;0.1;0.01;0;6.31064;0;0;-1
0;303;-64.5496;50.9126;-26.2249;9.27992;3347.51;5.57988;0;0;0.1;0.01;0;5.75083;0;0;-1
0;304;-66.6799;68.6703;-26.7183;9.4554;3541.02;5.68539;0;0;0.1;0.01;0;2.14943;0;0;-1
0;305;-49.7102;-72.5021;-27.7913;8.99661;3050.18;5.40953;0;0;0.1;0.01;0;5.22827;0;0;-1
0;306;-49.6189;-58.1758;-26.2908;9.25063;3315.91;5.56227;0;0;0.1;0.01;0;6.29377;0;0;-1
0;307;-51.5408;-39.7134;-26.3429;9.3425;3415.69;5.61751;0;0;0.1;0.01;0;6.00861;0;0;-1
0;308;-52.4116;-23.1175;-27.5473;9.77632;3913.95;5.87836;0;0;0.1;0.01;0;6.55534;0;0;-1
0;309;-50.4845;-7.03418;-27.8123;9.73264;3861.72;5.8521;0;0;0.1;0.01;0;6.6089;0;0;-1
0;310;-53.0178;8.65135;-26.3294;8.9409;2993.87;5.37603;0;0;0.1;0.01;0;5.48725;0;0;-1
0;311;-51.1144;26.7847;-24.4684;9.14375;3202.3;5.498;0;0;0.1;0.01;0;5.57716;0;0;-1
0;312;-49.9901;45.5123;-24.8749;9.78011;3918.5;5.88064;0;0;0.1;0.01;0;7.33759;0;0;-1
0;313;-50.6689;62.4879;-25.5821;8.75947;2815.28;5.26694;0;0;0.1;0.01;0;6.08459;0;0;-1
0;314;-51.7935;78.4838;-28.2568;8.72318;2780.44;5.24512;0;0;0.1;0.01;0;2.65215;0;0;-1
0;315;-36.432;-82.1741;-26.5196;10.3133;4594.96;6.20124;0;0;0.1;0.01;0;6.19581;0;0;-1
0;316;-34.9857;-67.3073;-26.8048;8.88636;2939.41;5.34324;0;0;0.1;0.01;0;6.99001;0;0;-1
0;317;-38.3699;-47.1066;-27.1485;10.1598;4392.83;6.10894;0;0;0.1;0.01;0;5.71162;0;0;-1
0;318;-36.0584;-30.0829;-26.074;9.32899;3400.89;5.60939;0;0;0.1;0.01;0;6.11571;0;0;-1
0;319;-34.6346;-13.7566;-26.8026;8.77558;2830.85;5.27663;0;0;0.1;0.01;0;5.01494;0;0;-1
0;320;-36.584;4.31629;-27.448;8.5;2572.44;5.11093;0;0;0.1;0.01;0;4.19318;1;0;-1
0;321;-38.358;18.5464;-27.4787;9.50184;3593.45;5.71332;0;0;0.1;0.01;0;5.45435;0;0;-1
0;322;-38.2436;34.5869;-25.1733;8.5;2572.44;5.11093;0;0;0.1;0.01;0;5.50055;1;0;-1
0;323;-37.6462;52.2779;-27.8693;9.223;3286.29;5.54566;0;0;0.1;0.01;0;6.07371;0;0;-1
0;324;-38.2115;67.7234;-25.7628;8.5;2572.44;5.11093;0;0;0.1;0.01;0;4.48618;1;0;-1
0;325;-35.5403;85.8448;-24.9513;10.2803;4550.99;6.1814;0;0;0.1;0.01;0;3.74692;0;0;-1
0;326;-21.7853;-90.7781;-25.2861;10.3383;4628.45;6.21627;0;0;0.1;0.01;0;3.98733;0;0;-1
0;327;-20.5832;-73.0896;-27.0245;10.1729;4409.84;6.11682;0;0;0.1;0.01;0;8.2772;0;0;-1
0;328;-20.347;-59.1605;-26.311;9.74517;3876.65;5.85963;0;0;0.1;0.01;0;7.26636;0;0;-1
0;329;-22.0158;-40.5837;-26.6583;8.61701;2680.15;5.18128;0;0;0.1;0.01;0;4.98695;0;0;-1
0;330;-21.3609;-21.1047;-24.9762;10.094;4308.03;6.06938;0;0;0.1;0.01;0;6.84169;0;0;-1
0;331;-19.7228;-5.48521;-28.0809;8.5;2572.44;5.11093;0;0;0.1;0.01;0;4.64838;1;0;-1
0;332;-21.3105;11.8072;-25.7709;8.5;2572.44;5.11093;0;0;0.1;0.01;0;4.00264;1;0;-1
0;333;-22.7737;28.7616;-27.7876;8.64731;2708.52;5.1995;0;0;0.1;0.01;0;5.1018;0;0;-1
0;334;-21.2682;44.769;-27.8827;9.74786;3879.86;5.86125;0;0;0.1;0.01;0;5.8413;0;0;-1
0;335;-21.6888;62.172;-26.6135;9.66986;3787.47;5.81435;0;0;0.1;0.01;0;6.33979;0;0;-1
0;336;-22.842;78.7553;-27.9083;9.43208;3514.88;5.67137;0;0;0.1;0.01;0;5.63085;0;0;-1
0;337;-5.94195;-81.2669;-28.65;9.37792;3454.68;5.63881;0;0;0.1;0.01;0;6.09261;0;0;-1
0;338;-7.90761;-66.6034;-26.3341;9.47884;3567.42;5.69949;0;0;0.1;0.01;0;6.68977;0;0;-1
0;339;-8.56441;-48.5904;-24.3799;9.13807;3196.33;5.49459;0;0;0.1;0.01;0;5.18601;0;0;-1
0;340;-8.2049;-29.6877;-25.5412;8.77274;2828.1;5.27492;0;0;0.1;0.01;0;5.56731;0;0;-1
0;341;-6.01059;-13.3263;-27.8164;9.41095;3491.31;5.65867;0;0;0.1;0.01;0;6.59807;0;0;-1
0;342;-5.49371;1.92715;-27.6438;8.53399;2603.42;5.13136;0;0;0.1;0.01;0;5.70958;0;0;-1
0;343;-6.60954;21.1295;-25.6308;9.60397;3710.57;5.77473;0;0;0.1;0.01;0;6.69996;0;0;-1
0;344;-7.09567;35.4087;-27.0968;9.34522;3418.67;5.61915;0;0;0.1;0.01;0;7.48409;0;0;-1
0;345;-7.92787;51.5139;-26.028;8.65073;2711.73;5.20156;0;0;0.1;0.01;0;5.61294;0;0;-1
0;346;-9.3436;72.1616;-24.4885;8.6207;2683.59;5.1835;0;0;0.1;0.01;0;5.03741;0;0;-1
0;347;-9.09825;88.2398;-25.6652;8.64271;2704.2;5.19674;0;0;0.1;0.01;0;3.97078;0;0;-1
0;348;9.34799;-90.4744;-25.4143;10.3115;4592.55;6.20016;0;0;0.1;0.01;0;4.27677;0;0;-1
0;349;6.59324;-75.7919;-25.3159;9.7822;3921.01;5.88189;0;0;0.1;0.01;0;6.67492;0;0;-1
0;350;9.44479;-58.6636;-25.772;9.33001;3402;5.61;0;0;0.1;0.01;0;5.80936;0;0;-1
0;351;5.727;-40.0312;-25.3968;9.62018;3729.39;5.78447;0;0;0.1;0.01;0;6.09894;0;0;-1
0;352;8.26639;-25.5211;-26.5911;8.72878;2785.8;5.24849;0;0;0.1;0.01;0;5.86057;0;0;-1
0;353;9.02372;-8.76468;-27.6971;10.2426;4501.11;6.15873;0;0;0.1;0.01;0;6.79691;0;0;-1
0;354;5.51556;9.93527;-25.5101;9.14542;3204.05;5.49901;0;0;0.1;0.01;0;4.58327;0;0;-1
0;355;9.4362;29.3315;-27.6607;10.081;4291.4;6.06156;0;0;0.1;0.01;0;6.86063;0;0;-1
0;356;6.25209;44.0471;-25.2423;10.3766;4680.09;6.2393;0;0;0.1;0.01;0;7.19998;0;0;-1
0;357;6.86983;63.4083;-24.6201;10.1832;4423.25;6.12301;0;0;0.1;0.01;0;6.80774;0;0;-1
0;358;5.90058;78.2843;-28.004;9.05381;3108.73;5.44392;0;0;0.1;0.01;0;5.55851;0;0;-1
0;359;8.24439;95.6185;-26.8434;10.0208;4214.98;6.02536;0;0;0.1;0.01;0;2.99619;0;0;-1
0;360;22.5759;-82.3666;-25.2104;9.14669;3205.39;5.49977;0;0;0.1;0.01;0;4.65936;0;0;-1
0;361;23.7008;-65.8959;-25.4753;9.51617;3609.73;5.72193;0;0;0.1;0.01;0;5.43907;0;0;-1
0;362;23.276;-47.2931;-27.4331;10.114;4333.69;6.0814;0;0;0.1;0.01;0;6.25876;0;0;-1
0;363;22.7908;-31.7589;-26.0472;9.7203;3847.05;5.84468;0;0;0.1;0.01;0;6.89628;0;0;-1
0;364;22.1294;-16.0895;-25.5844;10.0142;4206.66;6.02139;0;0;0.1;0.01;0;6.73013;0;0;-1
0;365;22.3208;1.01566;-26.8029;9.03568;3090.09;5.43302;0;0;0.1;0.01;0;5.17246;0;0;-1
0;366;23.3889;18.1877;-28.0166;9.62583;3735.97;5.78787;0;0;0.1;0.01;0;6.25283;0;0;-1
0;367;23.2486;34.9355;-27.5203;9.48752;3577.23;5.70471;0;0;0.1;0.01;0;7.4191;0;0;-1
0;368;20.5945;51.1134;-24.5156;9.78732;3927.17;5.88497;0;0;0.1;0.01;0;6.2605;0;0;-1
0;369;20.289;69.1541;-26.9549;9.41126;3491.66;5.65885;0;0;0.1;0.01;0;5.36164;0;0;-1
0;370;23.3573;84.5704;-24.8041;9.48309;3572.22;5.70204;0;0;0.1;0.01;0;4.90151;0;0;-1
0;371;38.0645;-75.9961;-27.1014;9.08221;3138.07;5.461;0;0;0.1;0.01;0;3.94012;0;0;-1
0;372;35.2277;-56.9163;-27.0435;8.68961;2748.46;5.22494;0;0;0.1;0.01;0;5.60784;0;0;-1
0;373;37.5328;-39.9424;-26.8255;9.92192;4091.44;5.96591;0;0;0.1;0.01;0;7.9666;0;0;-1
0;374;37.6938;-23.167;-27.688;9.98008;4163.81;6.00088;0;0;0.1;0.01;0;7.59072;0;0;-1
0;375;37.4538;-7.21056;-24.8413;9.68117;3800.77;5.82115;0;0;0.1;0.01;0;6.57088;0;0;-1
0;376;35.1312;8.913;-26.7926;8.8148;2868.97;5.30021;0;0;0.1;0.01;0;5.30901;0;0;-1
0;377;37.2276;25.3885;-24.709;9.96675;4147.15;5.99286;0;0;0.1;0.01;0;6.87869;0;0;-1
0;378;37.0147;42.1404;-27.1008;9.84583;3998.03;5.92015;0;0;0.1;0.01;0;6.57864;0;0;-1
0;379;38.4492;63.6771;-24.9045;8.5;2572.44;5.11093;0;0;0.1;0.01;0;4.58505;1;0;-1
0;380;36.7504;78.8121;-24.8721;8.5;2572.44;5.11093;0;0;0.1;0.01;0;4.3514;1;0;-1
0;381;50.4387;-66.6512;-24.7848;10.2137;4463.11;6.14135;0;0;0.1;0.01;0;5.57001;0;0;-1
0;382;49.9652;-50.7737;-25.2899;10.1728;4409.71;6.11676;0;0;0.1;0.01;0;6.85373;0;0;-1
0;383;50.0719;-33.4149;-25.033;8.55599;2623.61;5.14459;0;0;0.1;0.01;0;5.20386;0;0;-1
0;384;52.7148;-15.5639;-26.8558;9.21838;3281.35;5.54288;0;0;0.1;0.01;0;6.25975;0;0;-1
0;385;51.821;1.73361;-28.3343;10.0155;4208.3;6.02217;0;0;0.1;0.01;0;7.16856;0;0;-1
0;386;50.1056;17.7951;-28.5127;9.04577;3100.45;5.43909;0;0;0.1;0.01;0;6.1664;0;0;-1
0;387;50.309;34.8914;-25.0699;9.38364;3461.01;5.64225;0;0;0.1;0.01;0;5.57699;0;0;-1
0;388;52.9797;54.7702;-24.694;8.65695;2717.59;5.2053;0;0;0.1;0.01;0;4.39656;0;0;-1
0;389;52.2022;72.622;-26.9394;9.78828;3928.33;5.88555;0;0;0.1;0.01;0;4.37806;0;0;-1
0;390;66.357;-59.2015;-27.6309;8.99162;3045.11;5.40653;0;0;0.1;0.01;0;4.13362;0;0;-1
0;391;66.635;-42.2267;-25.0399;8.84857;2902.07;5.32052;0;0;0.1;0.01;0;5.48437;0;0;-1
0;392;67.4833;-23.2443;-24.8717;10.3678;4668.19;6.23401;0;0;0.1;0.01;0;6.53778;0;0;-1
0;393;65.5565;-5.60009;-26.9246;8.9529;3005.94;5.38325;0;0;0.1;0.01;0;6.84109;0;0;-1
0;394;66.582;9.45736;-25.0954;9.2484;3313.51;5.56093;0;0;0.1;0.01;0;5.82236;0;0;-1
0;395;64.8733;25.4064;-25.6046;9.8348;3984.6;5.91352;0;0;0.1;0.01;0;4.80896;0;0;-1
0;396;66.3815;46.5097;-25.9046;10.0347;4232.55;6.03372;0;0;0.1;0.01;0;5.81699;0;0;-1
0;397;65.0738;62.2773;-27.5132;10.0508;4252.95;6.0434;0;0;0.1;0.01;0;4.96882;0;0;-1
0;398;79.4167;-51.268;-25.823;10.1042;4321.1;6.07551;0;0;0.1;0.01;0;2.1782;0;0;-1
0;399;81.8822;-34.2047;-24.8267;10.2512;4512.45;6.1639;0;0;0.1;0.01;0;3.41464;0;0;-1
0;400;80.7488;-16.8099;-25.3527;8.88357;2936.64;5.34156;0;0;0.1;0.01;0;4.46865;0;0;-1
0;401;79.7957;-0.230693;-26.2375;9.30496;3374.68;5.59494;0;0;0.1;0.01;0;4.87302;0;0;-1
0;402;83.2169;17.7927;-25.2711;9.79833;3940.44;5.89159;0;0;0.1;0.01;0;4.14586;0;0;-1
0;403;79.0972;33.7627;-27.9897;8.5;2572.44;5.11093;0;0;0.1;0.01;0;3.36534;1;0;-1
0;404;79.3719;54.6198;-26.5398;10.3516;4646.34;6.22427;0;0;0.1;0.01;0;2.70892;0;0;-1
0;405;-98.4423;0.96136;-11.8077;10.2755;4544.62;6.17851;0;0;0.1;0.01;0;3.70444;0;0;-1
0;406;-84.2848;-42.0873;-11.249;9.08598;3141.98;5.46327;0;0;0.1;0.01;0;3.46826;0;0;-1
0;407;-84.378;-23.5392;-10.3058;10.4098;4725.15;6.25926;0;0;0.1;0.01;0;5.70329;0;0;-1
0;408;-85.217;-7.13493;-12.4898;8.91246;2965.39;5.35893;0;0;0.1;0.01;0;5.26869;0;0;-1
0;409;-83.346;11.6475;-11.9339;10.149;4378.83;6.10245;0;0;0.1;0.01;0;5.92348;0;0;-1
0;410;-84.81;29.1394;-12.4312;8.5;2572.44;5.11093;0;0;0.1;0.01;0;4.13042;1;0;-1
0;411;-84.0318;42.4973;-11.3172;9.39125;3469.44;5.64682;0;0;0.1;0.01;0;4.12653;0;0;-1
0;412;-70.8142;-68.4362;-10.0629;8.78734;2842.24;5.2837;0;0;0.1;0.01;0;2.13564;0;0;-1
0;413;-69.2332;-49.2641;-11.9978;9.51949;3613.51;5.72393;0;0;0.1;0.01;0;4.76837;0;0;-1
0;414;-69.8919;-32.5566;-10.1404;9.37135;3447.43;5.63486;0;0;0.1;0.01;0;6.79574;0;0;-1
0;415;-72.1641;-15.7388;-11.6957;9.40543;3485.17;5.65535;0;0;0.1;0.01;0;6.58577;0;0;-1
0;416;-70.7976;3.17587;-10.307;8.76929;2824.76;5.27285;0;0;0.1;0.01;0;6.07068;0;0;-1
0;417;-68.3554;17.3729;-12.9492;8.58719;2652.42;5.16335;0;0;0.1;0.01;0;4.93271;0;0;-1
0;418;-69.4948;36.4714;-11.9873;9.59908;3704.91;5.77179;0;0;0.1;0.01;0;6.34168;0;0;-1
0;419;-71.9188;53.7861;-13.0251;8.9755;3028.76;5.39684;0;0;0.1;0.01;0;4.41625;0;0;-1
0;420;-54.2863;-75.1363;-9.72273;8.85847;2911.82;5.32647;0;0;0.1;0.01;0;3.81374;0;0;-1
0;421;-56.6188;-58.2377;-12.345;9.39962;3478.72;5.65186;0;0;0.1;0.01;0;5.38535;0;0;-1
0;422;-57.3266;-39.2046;-10.322;8.57706;2643.04;5.15726;0;0;0.1;0.01;0;5.56481;0;0;-1
0;423;-57.3135;-23.9535;-11.8623;8.5;2572.44;5.11093;0;0;0.1;0.01;0;5.49268;1;0;-1
0;424;-55.2361;-7.21947;-11.8071;9.00601;3059.75;5.41518;0;0;0.1;0.01;0;5.50054;0;0;-1
0;425;-54.3051;8.59808;-12.5426;10.0595;4264.01;6.04863;0;0;0.1;0.01;0;5.98685;0;0;-1
0;426;-57.3428;29.7702;-12.8208;8.5;2572.44;5.11093;0;0;0.1;0.01;0;5.63878;1;0;-1
0;427;-55.1169;44.7225;-11.8276;9.28257;3350.37;5.58147;0;0;0.1;0.01;0;6.85713;0;0;-1
0;428;-57.9494;60.0319;-10.6879;9.74725;3879.14;5.86088;0;0;0.1;0.01;0;5.44914;0;0;-1
0;429;-42.7897;-83.6435;-13.2555;10.0889;4301.5;6.06631;0;0;0.1;0.01;0;4.25738;0;0;-1
0;430;-39.3574;-64.628;-11.5698;9.79525;3936.73;5.88974;0;0;0.1;0.01;0;5.61024;0;0;-1
0;431;-41.0526;-49.3557;-10.6951;8.52157;2592.07;5.1239;0;0;0.1;0.01;0;5.07836;0;0;-1
0;432;-41.2227;-32.6018;-12.3627;9.80366;3946.87;5.8948;0;0;0.1;0.01;0;6.13873;0;0;-1
0;433;-42.0798;-14.3473;-13.5188;10.014;4206.41;6.02127;0;0;0.1;0.01;0;6.08359;0;0;-1
0;434;-40.9215;3.07178;-10.7831;9.48602;3575.53;5.70381;0;0;0.1;0.01;0;5.7691;0;0;-1
0;435;-39.4026;20.0881;-11.205;10.0097;4200.99;6.01869;0;0;0.1;0.01;0;6.27721;0;0;-1
0;436;-42.129;36.9074;-13.1714;9.33057;3402.62;5.61034;0;0;0.1;0.01;0;7.19846;0;0;-1
0;437;-42.6536;52.2148;-12.6253;8.5;2572.44;5.11093;0;0;0.1;0.01;0;5.05173;1;0;-1
0;438;-43.0036;70.6893;-12.5537;8.74544;2801.78;5.25851;0;0;0.1;0.01;0;4.72276;0;0;-1
0;439;-43.2518;85.1324;-13.3342;8.5;2572.44;5.11093;0;0;0.1;0.01;0;3.42614;1;0;-1
0;440;-27.9015;-93.1799;-13.0854;9.62079;3730.1;5.78484;0;0;0.1;0.01;0;4.31835;0;0;-1
0;441;-28.1484;-76.8683;-13.0066;10.1441;4372.49;6.0995;0;0;0.1;0.01;0;7.05585;0;0;-1
0;442;-24.6954;-56.5746;-12.2831;10.3899;4698.1;6.2473;0;0;0.1;0.01;0;7.30654;0;0;-1
0;443;-27.3671;-41.755;-10.1901;10.4383;4764.07;6.2764;0;0;0.1;0.01;0;7.63198;0;0;-1
0;444;-26.6294;-22.2854;-11.8628;10.2193;4470.46;6.14472;0;0;0.1;0.01;0;6.6485;0;0;-1
0;445;-24.9543;-7.30569;-10.3184;8.54228;2611.02;5.13635;0;0;0.1;0.01;0;4.69747;0;0;-1
0;446;-25.1393;9.14759;-10.256;9.43114;3513.83;5.67081;0;0;0.1;0.01;0;5.17459;0;0;-1
0;447;-27.432;28.466;-10.5817;10.2555;4518.13;6.16648;0;0;0.1;0.01;0;6.15111;0;0;-1
0;448;-28.3051;42.9604;-10.774;9.06343;3118.65;5.44971;0;0;0.1;0.01;0;5.62686;0;0;-1
0;449;-24.4463;59.0658;-12.8477;8.80537;2859.77;5.29454;0;0;0.1;0.01;0;4.53612;0;0;-1
0;450;-24.7748;77.7011;-12.2437;9.85517;4009.41;5.92577;0;0;0.1;0.01;0;6.45251;0;0;-1
0;451;-24.8591;94.6718;-14.0158;10.1999;4445.05;6.13305;0;0;0.1;0.01;0;3.54463;0;0;-1
0;452;-13.554;-83.3065;-11.0857;8.5;2572.44;5.11093;0;0;0.1;0.01;0;4.45421;1;0;-1
0;453;-12.7679;-65.4531;-13.2591;8.5;2572.44;5.11093;0;0;0.1;0.01;0;5.52584;1;0;-1
0;454;-12.6967;-48.4371;-9.71017;9.49539;3586.14;5.70944;0;0;0.1;0.01;0;6.60713;0;0;-1
0;455;-11.4464;-32.3672;-11.7593;10.4018;4714.27;6.25445;0;0;0.1;0.01;0;7.25876;0;0;-1
0;456;-10.3927;-14.2748;-10.7254;8.5;2572.44;5.11093;0;0;0.1;0.01;0;6.0581;1;0;-1
0;457;-10.7162;0.962692;-11.6012;10.2021;4447.92;6.13437;0;0;0.1;0.01;0;7.16011;0;0;-1
0;458;-10.737;16.9705;-11.6243;9.08701;3143.05;5.46389;0;0;0.1;0.01;0;5.76981;0;0;-1
0;459;-11.5928;34.2421;-12.5369;8.56015;2627.44;5.14709;0;0;0.1;0.01;0;4.6196;0;0;-1
0;460;-10.356;50.9699;-10.6099;8.54843;2616.66;5.14005;0;0;0.1;0.01;0;5.22179;0;0;-1
0;461;-10.5269;67.4145;-11.6301;9.0735;3129.05;5.45576;0;0;0.1;0.01;0;5.91075;0;0;-1
0;462;-11.6984;87.2563;-12.4335;8.5;2572.44;5.11093;0;0;0.1;0.01;0;4.7949;1;0;-1
0;463;4.39365;-91.5523;-10.5868;8.69412;2752.74;5.22765;0;0;0.1;0.01;0;3.76523;0;0;-1
0;464;1.54434;-75.991;-12.1276;8.5;2572.44;5.11093;0;0;0.1;0.01;0;5.49046;1;0;-1
0;465;1.34704;-59.4782;-12.8557;8.86284;2916.13;5.3291;0;0;0.1;0.01;0;6.06264;0;0;-1
0;466;1.68104;-41.2624;-12.6258;9.63019;3741.05;5.79049;0;0;0.1;0.01;0;6.53494;0;0;-1
0;467;1.26696;-21.5683;-10.4641;9.21799;3280.93;5.54264;0;0;0.1;0.01;0;6.60872;0;0;-1
0;468;1.59574;-7.44774;-12.1255;8.63646;2698.34;5.19298;0;0;0.1;0.01;0;6.12621;0;0;-1
0;469;3.27946;8.17088;-12.2778;10.1133;4332.79;6.08098;0;0;0.1;0.01;0;6.21137;0;0;-1
0;470;3.18874;25.1298;-13.552;9.05314;3108.04;5.44352;0;0;0.1;0.01;0;4.72271;0;0;-1
0;471;1.98753;43.765;-10.4994;9.3009;3370.26;5.5925;0;0;0.1;0.01;0;5.57701;0;0;-1
0;472;2.33037;59.5235;-10.7462;9.45512;3540.71;5.68523;0;0;0.1;0.01;0;6.58882;0;0;-1
0;473;2.70867;76.7507;-10.3983;8.91847;2971.39;5.36255;0;0;0.1;0.01;0;6.03276;0;0;-1
0;474;3.09596;94.0396;-11.4662;10.2647;4530.3;6.17202;0;0;0.1;0.01;0;4.46031;0;0;-1
0;475;18.8177;-85.1778;-10.5415;9.35595;3430.46;5.6256;0;0;0.1;0.01;0;5.80043;0;0;-1
0;476;16.0712;-68.1899;-10.518;9.47166;3559.32;5.69517;0;0;0.1;0.01;0;6.35556;0;0;-1
0;477;15.9629;-51.4694;-9.87439;9.86583;4022.44;5.93218;0;0;0.1;0.01;0;5.77846;0;0;-1
0;478;15.5238;-33.3893;-10.52;9.65096;3765.3;5.80298;0;0;0.1;0.01;0;5.74365;0;0;-1
0;479;16.0334;-16.2999;-11.4623;8.57311;2639.39;5.15489;0;0;0.1;0.01;0;5.90909;0;0;-1
0;480;16.4191;1.11912;-11.4625;9.38448;3461.94;5.64275;0;0;0.1;0.01;0;5.57813;0;0;-1
0;481;19.4888;20.9016;-10.877;9.88972;4051.73;5.94655;0;0;0.1;0.01;0;6.04927;0;0;-1
0;482;19.6261;38.1887;-13.1699;8.5;2572.44;5.11093;0;0;0.1;0.01;0;5.08468;1;0;-1
0;483;18.1857;54.5333;-11.4697;8.5;2572.44;5.11093;0;0;0.1;0.01;0;4.93112;1;0;-1
0;484;17.3037;71.4336;-10.3236;10.3965;4707.06;6.25126;0;0;0.1;0.01;0;7.11166;0;0;-1
0;485;15.6978;84.9745;-12.5725;8.5;2572.44;5.11093;0;0;0.1;0.01;0;5.45172;1;0;-1
0;486;31.9461;-93.7243;-12.04;8.83098;2884.8;5.30994;0;0;0.1;0.01;0;1.85711;0;0;-1
0;487;33.3588;-76.6479;-12.3256;9.41174;3492.19;5.65914;0;0;0.1;0.01;0;5.65435;0;0;-1
0;488;32.8876;-55.3947;-10.3538;9.45135;3536.47;5.68296;0;0;0.1;0.01;0;4.99088;0;0;-1
0;489;34.1676;-38.8928;-10.1231;9.62386;3733.67;5.78669;0;0;0.1;0.01;0;6.14346;0;0;-1
0;490;31.2314;-21.3588;-12.28;9.89423;4057.28;5.94926;0;0;0.1;0.01;0;7.10815;0;0;-1
0;491;33.1367;-6.33702;-10.7798;8.88235;2935.43;5.34083;0;0;0.1;0.01;0;5.5624;0;0;-1
0;492;33.5014;11.7949;-12.9111;10.3784;4682.52;6.24038;0;0;0.1;0.01;0;7.01931;0;0;-1
0;493;31.4714;29.0504;-10.8351;9.24443;3309.25;5.55854;0;0;0.1;0.01;0;6.822;0;0;-1
0;494;33.5331;46.2616;-13.2478;9.56238;3662.58;5.74972;0;0;0.1;0.01;0;5.98857;0;0;-1
0;495;32.792;63.4882;-10.365;8.6173;2680.42;5.18146;0;0;0.1;0.01;0;5.98491;0;0;-1
0;496;32.2646;79.378;-10.1249;10.0567;4260.45;6.04695;0;0;0.1;0.01;0;6.38736;0;0;-1
0;497;45.9703;-82.9321;-10.7971;8.5;2572.44;5.11093;0;0;0.1;0.01;0;4.15706;1;0;-1
0;498;48.1307;-67.889;-11.4519;9.53328;3629.24;5.73222;0;0;0.1;0.01;0;6.01307;0;0;-1
0;499;47.7055;-47.7309;-11.9666;9.34097;3414.01;5.61659;0;0;0.1;0.01;0;6.11455;0;0;-1
0;500;48.6159;-31.7065;-12.5239;9.05733;3112.36;5.44604;0;0;0.1;0.01;0;5.54004;0;0;-1
0;501;45.5555;-14.7392;-10.949;9.15165;3210.6;5.50275;0;0;0.1;0.01;0;6.26703;0;0;-1
0;502;46.5934;0.436059;-11.0238;10.1585;4391.14;6.10816;0;0;0.1;0.01;0;7.44583;0;0;-1
0;503;47.735;18.1183;-13.4343;10.1742;4411.53;6.1176;0;0;0.1;0.01;0;7.74611;0;0;-1
0;504;47.9007;34.6528;-10.5442;9.51622;3609.79;5.72196;0;0;0.1;0.01;0;6.42692;0;0;-1
0;505;45.9443;55.1919;-12.4988;8.5;2572.44;5.11093;0;0;0.1;0.01;0;5.01897;1;0;-1
0;506;46.2856;68.4946;-10.0114;9.24156;3306.16;5.55682;0;0;0.1;0.01;0;6.17001;0;0;-1
0;507;47.6947;85.6429;-13.0975;8.6403;2701.94;5.19529;0;0;0.1;0.01;0;2.33855;0;0;-1
0;508;61.0956;-74.2503;-11.2894;10.3036;4582.01;6.19541;0;0;0.1;0.01;0;3.19782;0;0;-1
0;509;60.3075;-56.0649;-13.3023;9.61516;3723.56;5.78146;0;0;0.1;0.01;0;6.39449;0;0;-1
0;510;61.441;-42.1496;-11.6165;9.39919;3478.24;5.6516;0;0;0.1;0.01;0;6.41322;0;0;-1
0;511;62.5788;-25.7827;-11.8602;9.28468;3352.66;5.58274;0;0;0.1;0.01;0;5.84272;0;0;-1
0;512;62.7431;-7.65215;-11.5024;9.83406;3983.7;5.91308;0;0;0.1;0.01;0;6.46768;0;0;-1
0;513;60.7351;9.37092;-12.8132;10.2245;4477.29;6.14784;0;0;0.1;0.01;0;6.65778;0;0;-1
0;514;61.9704;28.751;-10.2229;9.92591;4096.37;5.96831;0;0;0.1;0.01;0;6.30806;0;0;-1
0;515;62.6719;45.9865;-11.1273;9.50542;3597.51;5.71547;0;0;0.1;0.01;0;5.70381;0;0;-1
0;516;63.2364;63.5907;-10.7979;10.0981;4313.28;6.07184;0;0;0.1;0.01;0;5.33237;0;0;-1
0;517;61.0513;77.9274;-13.7938;8.90529;2958.24;5.35462;0;0;0.1;0.01;0;2.77081;0;0;-1
0;518;77.6024;-47.5285;-10.8087;8.5;2572.44;5.11093;0;0;0.1;0.01;0;3.89263;1;0;-1
0;519;77.3338;-30.0347;-11.2423;8.60685;2670.68;5.17517;0;0;0.1;0.01;0;5.62872;0;0;-1
0;520;75.2994;-14.4414;-10.857;10.4528;4783.95;6.28512;0;0;0.1;0.01;0;7.80063;0;0;-1
0;521;74.9421;1.1203;-10.9896;8.5;2572.44;5.11093;0;0;0.1;0.01;0;6.16519;1;0;-1
0;522;76.6089;18.0131;-13.3408;8.69993;2758.26;5.23114;0;0;0.1;0.01;0;5.74882;0;0;-1
0;523;75.0649;34.8552;-12.7116;8.5;2572.44;5.11093;0;0;0.1;0.01;0;5.25428;1;0;-1
0;524;75.3415;51.4775;-10.2305;9.24246;3307.13;5.55736;0;0;0.1;0.01;0;5.72134;0;0;-1
0;525;89.5846;-22.1725;-11.9599;8.5;2572.44;5.11093;0;0;0.1;0.01;0;3.78947;1;0;-1
0;526;90.0676;-4.25352;-10.145;9.67018;3787.85;5.81454;0;0;0.1;0.01;0;4.12075;0;0;-1
0;527;89.5533;12.0068;-11.0201;8.94815;3001.15;5.38039;0;0;0.1;0.01;0;4.80297;0;0;-1
0;528;89.4289;27.0284;-11.2045;8.57982;2645.59;5.15892;0;0;0.1;0.01;0;4.51276;0;0;-1
0;529;89.2353;43.563;-9.8441;10.0381;4236.85;6.03576;0;0;0.1;0.01;0;3.29535;0;0;-1
0;530;-93.9365;-16.5789;2.39573;9.45997;3546.16;5.68814;0;0;0.1;0.01;0;3.17031;0;0;-1
0;531;-95.6863;2.72899;3.43391;9.65336;3768.11;5.80443;0;0;0.1;0.01;0;3.78397;0;0;-1
0;532;-95.9058;18.685;2.1611;10.2032;4449.36;6.13504;0;0;0.1;0.01;0;3.24035;0;0;-1
0;533;-79.6782;-55.9214;3.03743;8.5;2572.44;5.11093;0;0;0.1;0.01;0;2.63989;1;0;-1
0;534;-82.6271;-41.525;4.68189;9.80047;3943.02;5.89288;0;0;0.1;0.01;0;4.17493;0;0;-1
0;535;-80.5976;-23.228;2.97317;9.80139;3944.13;5.89343;0;0;0.1;0.01;0;6.45335;0;0;-1
0;536;-79.8678;-6.13623;3.72348;9.46528;3552.13;5.69134;0;0;0.1;0.01;0;5.9237;0;0;-1
0;537;-81.7972;10.3569;2.71584;8.90491;2957.86;5.35439;0;0;0.1;0.01;0;4.70916;0;0;-1
0;538;-80.5999;25.491;1.20714;8.5;2572.44;5.11093;0;0;0.1;0.01;0;3.69565;1;0;-1
0;539;-82.6819;44.0751;2.77001;10.2457;4505.19;6.16059;0;0;0.1;0.01;0;4.42144;0;0;-1
0;540;-78.9057;61.1275;3.37478;9.4202;3501.62;5.66423;0;0;0.1;0.01;0;2.5595;0;0;-1
0;541;-63.8838;-65.5094;1.67518;8.86781;2921.04;5.33209;0;0;0.1;0.01;0;4.00857;0;0;-1
0;542;-64.2797;-47.2862;4.39771;10.2617;4526.33;6.17021;0;0;0.1;0.01;0;6.2332;0;0;-1
0;543;-68.3962;-33.0468;3.55582;8.92266;2975.58;5.36507;0;0;0.1;0.01;0;5.7577;0;0;-1
0;544;-67.7977;-14.8232;1.72101;10.4365;4761.6;6.27532;0;0;0.1;0.01;0;6.92627;0;0;-1
0;545;-67.196;0.40024;3.73804;10.3306;4618.12;6.21164;0;0;0.1;0.01;0;6.93279;0;0;-1
0;546;-64.7306;17.1309;3.36499;10.4477;4776.95;6.28205;0;0;0.1;0.01;0;6.01951;0;0;-1
0;547;-65.1801;36.5226;3.09463;10.4249;4745.74;6.26834;0;0;0.1;0.01;0;6.60262;0;0;-1
0;548;-65.5651;52.0299;3.2261;9.47993;3568.65;5.70014;0;0;0.1;0.01;0;5.47904;0;0;-1
0;549;-64.9448;70.412;3.16625;8.5;2572.44;5.11093;0;0;0.1;0.01;0;2.34886;1;0;-1
0;550;-49.9086;-75.3336;3.24012;8.5823;2647.89;5.16041;0;0;0.1;0.01;0;5.00836;0;0;-1
0;551;-50.3455;-59.3875;4.21017;8.71413;2771.79;5.23968;0;0;0.1;0.01;0;5.5071;0;0;-1
0;552;-50.9517;-42.3306;3.34081;8.72965;2786.63;5.24901;0;0;0.1;0.01;0;5.46149;0;0;-1
0;553;-52.1166;-24.4748;3.65654;8.58632;2651.61;5.16283;0;0;0.1;0.01;0;4.18475;0;0;-1
0;554;-49.6407;-5.37683;2.15061;8.5;2572.44;5.11093;0;0;0.1;0.01;0;4.35446;1;0;-1
0;555;-52.3043;10.0595;3.7503;8.5;2572.44;5.11093;0;0;0.1;0.01;0;4.98696;1;0;-1
0;556;-52.7548;25.8375;2.69698;8.5;2572.44;5.11093;0;0;0.1;0.01;0;5.48504;1;0;-1
0;557;-50.2672;42.9848;5.11635;9.8444;3996.28;5.91929;0;0;0.1;0.01;0;5.97268;0;0;-1
0;558;-50.7524;63.4589;1.83676;9.04923;3104.01;5.44117;0;0;0.1;0.01;0;5.21341;0;0;-1
0;559;-51.4548;78.1184;1.28717;9.76208;3896.87;5.8698;0;0;0.1;0.01;0;4.4366;0;0;-1
0;560;-34.9741;-84.0125;3.44218;9.36644;3442.01;5.6319;0;0;0.1;0.01;0;5.15519;0;0;-1
0;561;-38.5051;-67.3861;3.24186;9.15764;3216.91;5.50636;0;0;0.1;0.01;0;5.35466;0;0;-1
0;562;-36.7028;-50.391;4.122;8.5;2572.44;5.11093;0;0;0.1;0.01;0;5.17287;1;0;-1
0;563;-35.8327;-32.6226;2.67981;9.95707;4135.07;5.98704;0;0;0.1;0.01;0;6.05335;0;0;-1
0;564;-38.0768;-14.09;3.15543;8.97516;3028.41;5.39663;0;0;0.1;0.01;0;4.98438;0;0;-1
0;565;-36.6335;3.17767;4.03478;8.90095;2953.91;5.35201;0;0;0.1;0.01;0;5.85646;0;0;-1
0;566;-38.1386;19.9751;2.91845;10.1518;4382.46;6.10413;0;0;0.1;0.01;0;6.86638;0;0;-1
0;567;-38.1952;36.3052;1.02771;8.89588;2948.87;5.34896;0;0;0.1;0.01;0;5.93214;0;0;-1
0;568;-35.416;50.8412;2.86243;9.82839;3976.82;5.90967;0;0;0.1;0.01;0;5.01496;0;0;-1
0;569;-35.7472;71.7418;1.3423;10.4423;4769.55;6.2788;0;0;0.1;0.01;0;6.28672;0;0;-1
0;570;-35.3275;87.8899;3.29037;9.58234;3685.56;5.76172;0;0;0.1;0.01;0;5.14536;0;0;-1
0;571;-20.7789;-93.6572;1.60094;9.51832;3612.18;5.72323;0;0;0.1;0.01;0;4.31279;0;0;-1
0;572;-20.5655;-76.6081;4.59266;8.53528;2604.61;5.13214;0;0;0.1;0.01;0;5.26504;0;0;-1
0;573;-23.622;-57.6408;1.54087;9.2155;3278.27;5.54115;0;0;0.1;0.01;0;6.00322;0;0;-1
0;574;-23.2206;-40.3596;2.14407;9.25268;3318.11;5.5635;0;0;0.1;0.01;0;6.41837;0;0;-1
0;575;-21.1676;-23.0816;3.56923;8.5;2572.44;5.11093;0;0;0.1;0.01;0;5.3985;1;0;-1
0;576;-20.5822;-5.1951;3.34325;8.55675;2624.31;5.14505;0;0;0.1;0.01;0;6.16035;0;0;-1
0;577;-20.1924;9.99138;4.07037;10.1133;4332.79;6.08098;0;0;0.1;0.01;0;6.90068;0;0;-1
0;578;-23.939;27.5245;1.88518;8.5874;2652.61;5.16348;0;0;0.1;0.01;0;3.99505;0;0;-1
0;579;-19.9332;46.9943;1.8316;9.19996;3261.72;5.5318;0;0;0.1;0.01;0;4.54716;0;0;-1
0;580;-22.031;63.3252;2.16686;9.89483;4058.01;5.94962;0;0;0.1;0.01;0;6.6588;0;0;-1
0;581;-22.1869;77.5563;1.90998;9.60554;3712.39;5.77567;0;0;0.1;0.01;0;6.19903;0;0;-1
0;582;-23.368;96.2347;1.35644;9.90756;4073.7;5.95727;0;0;0.1;0.01;0;3.41991;0;0;-1
0;583;-7.07167;-98.9504;0.926536;10.0776;4287.06;6.05951;0;0;0.1;0.01;0;2.97495;0;0;-1
0;584;-5.64576;-81.0538;3.71441;8.73414;2790.93;5.25171;0;0;0.1;0.01;0;5.6266;0;0;-1
0;585;-9.08284;-66.6479;2.76827;10.3839;4689.97;6.24369;0;0;0.1;0.01;0;5.7527;0;0;-1
0;586;-7.63437;-49.2485;2.31151;8.64791;2709.08;5.19986;0;0;0.1;0.01;0;5.09632;0;0;-1
0;587;-7.46594;-29.9745;2.51813;9.4445;3528.79;5.67884;0;0;0.1;0.01;0;6.35241;0;0;-1
0;588;-8.78242;-14.1947;3.11817;9.71029;3835.18;5.83866;0;0;0.1;0.01;0;6.87926;0;0;-1
0;589;-7.88818;1.80951;3.7738;8.5;2572.44;5.11093;0;0;0.1;0.01;0;5.89931;1;0;-1
0;590;-6.29902;17.3585;1.33984;8.51996;2590.61;5.12293;0;0;0.1;0.01;0;5.93142;0;0;-1
0;591;-6.16613;34.6526;3.70085;9.22465;3288.05;5.54665;0;0;0.1;0.01;0;5.50919;0;0;-1
0;592;-5.76301;51.8029;3.53466;8.5;2572.44;5.11093;0;0;0.1;0.01;0;5.86892;1;0;-1
0;593;-7.56948;71.7859;2.32922;10.3283;4615.04;6.21026;0;0;0.1;0.01;0;6.85562;0;0;-1
0;594;-9.208;88.3777;3.68295;9.77079;3907.31;5.87503;0;0;0.1;0.01;0;4.97517;0;0;-1
0;595;8.03978;-92.1758;3.09786;8.71605;2773.63;5.24083;0;0;0.1;0.01;0;4.70634;0;0;-1
0;596;8.63526;-76.0933;1.82811;9.61678;3725.44;5.78243;0;0;0.1;0.01;0;7.03954;0;0;-1
0;597;5.95309;-58.9239;1.68493;10.096;4310.59;6.07058;0;0;0.1;0.01;0;6.91894;0;0;-1
0;598;7.03426;-42.7399;3.59406;9.83689;3987.15;5.91478;0;0;0.1;0.01;0;6.72656;0;0;-1
0;599;7.54473;-24.9366;1.84641;9.5353;3631.55;5.73344;0;0;0.1;0.01;0;6.50601;0;0;-1
0;600;9.35763;-8.46132;4.44258;10.1237;4346.17;6.08723;0;0;0.1;0.01;0;5.9298;0;0;-1
0;601;5.73374;10.4521;2.77892;8.89902;2951.99;5.35085;0;0;0.1;0.01;0;4.95836;0;0;-1
0;602;7.62925;25.4197;2.12075;9.91149;4078.55;5.95964;0;0;0.1;0.01;0;6.08787;0;0;-1
0;603;8.38372;44.0606;2.35339;8.5;2572.44;5.11093;0;0;0.1;0.01;0;5.04444;1;0;-1
0;604;6.90964;60.3919;1.62236;8.5;2572.44;5.11093;0;0;0.1;0.01;0;5.65806;1;0;-1
0;605;8.80126;76.5031;2.68083;8.62821;2690.61;5.18802;0;0;0.1;0.01;0;5.79766;0;0;-1
0;606;5.61126;97.906;1.52171;9.70502;3828.93;5.83549;0;0;0.1;0.01;0;2.82614;0;0;-1
0;607;20.4539;-85.2872;2.17808;8.5;2572.44;5.11093;0;0;0.1;0.01;0;4.15251;1;0;-1
0;608;23.7047;-66.324;2.73802;10.1485;4378.19;6.10215;0;0;0.1;0.01;0;5.92294;0;0;-1
0;609;22.3831;-47.3557;4.384;8.61569;2678.91;5.18049;0;0;0.1;0.01;0;4.58322;0;0;-1
0;610;21.7436;-31.089;1.47353;8.5;2572.44;5.11093;0;0;0.1;0.01;0;5.7901;1;0;-1
0;611;21.4316;-14.7076;1.50127;8.5;2572.44;5.11093;0;0;0.1;0.01;0;5.46877;1;0;-1
0;612;23.2021;4.33681;1.19827;9.49255;3582.92;5.70773;0;0;0.1;0.01;0;5.44767;0;0;-1
0;613;23.3889;20.8304;4.67378;9.56391;3664.33;5.75064;0;0;0.1;0.01;0;6.83849;0;0;-1
0;614;21.9792;37.2968;4.95892;8.5;2572.44;5.11093;0;0;0.1;0.01;0;5.6576;1;0;-1
0;615;22.7761;51.4236;3.72335;9.88732;4048.78;5.9451;0;0;0.1;0.01;0;6.64301;0;0;-1
0;616;21.1356;67.7521;1.65614;9.16445;3224.09;5.51045;0;0;0.1;0.01;0;5.95823;0;0;-1
0;617;21.405;89.4962;1.13804;10.1186;4339.6;6.08417;0;0;0.1;0.01;0;4.04275;0;0;-1
0;618;38.0404;-75.9258;1.65721;9.44408;3528.32;5.67859;0;0;0.1;0.01;0;6.03163;0;0;-1
0;619;38.5554;-59.5994;4.02832;8.64248;2703.98;5.1966;0;0;0.1;0.01;0;5.22636;0;0;-1
0;620;34.905;-40.1479;3.41442;8.9796;3032.91;5.3993;0;0;0.1;0.01;0;5.44926;0;0;-1
0;621;35.0459;-25.7251;1.19979;9.54414;3641.66;5.73875;0;0;0.1;0.01;0;6.10635;0;0;-1
0;622;38.0187;-8.85221;4.48488;9.35846;3433.22;5.62711;0;0;0.1;0.01;0;6.01372;0;0;-1
0;623;37.2336;9.08487;1.45529;9.51894;3612.89;5.7236;0;0;0.1;0.01;0;5.74855;0;0;-1
0;624;36.6631;27.2497;2.87256;9.98295;4167.4;6.0026;0;0;0.1;0.01;0;6.51367;0;0;-1
0;625;35.9292;44.5363;1.21413;10.3932;4702.58;6.24928;0;0;0.1;0.01;0;6.87814;0;0;-1
0;626;36.1014;62.7054;3.82891;10.293;4567.88;6.18903;0;0;0.1;0.01;0;7.82477;0;0;-1
0;627;37.663;80.0027;2.52686;10.395;4705.03;6.25036;0;0;0.1;0.01;0;5.13901;0;0;-1
0;628;50.8422;-83.5293;2.89616;8.5;2572.44;5.11093;0;0;0.1;0.01;0;2.9883;1;0;-1
0;629;52.1808;-64.6129;4.05035;9.83279;3982.16;5.91231;0;0;0.1;0.01;0;5.58507;0;0;-1
0;630;50.3228;-48.4688;3.25784;10.1367;4362.93;6.09505;0;0;0.1;0.01;0;6.36224;0;0;-1
0;631;53.402;-33.651;4.79027;8.5;2572.44;5.11093;0;0;0.1;0.01;0;5.81271;1;0;-1
0;632;51.386;-15.8264;2.99173;8.60239;2666.53;5.17249;0;0;0.1;0.01;0;5.11868;0;0;-1
0;633;52.1551;1.13865;2.46402;8.51441;2585.55;5.11959;0;0;0.1;0.01;0;5.43492;0;0;-1
0;634;52.3759;17.0439;1.6655;9.47502;3563.11;5.69719;0;0;0.1;0.01;0;7.31126;0;0;-1
0;635;50.184;34.3886;2.73905;9.80689;3950.78;5.89674;0;0;0.1;0.01;0;6.23143;0;0;-1
0;636;51.3742;54.6327;4.70138;8.5;2572.44;5.11093;0;0;0.1;0.01;0;5.01666;1;0;-1
0;637;50.0072;67.7086;3.25736;9.09874;3155.24;5.47094;0;0;0.1;0.01;0;4.69925;0;0;-1
0;638;68.0555;-56.0612;4.68697;9.91865;4087.39;5.96394;0;0;0.1;0.01;0;4.38749;0;0;-1
0;639;67.593;-39.044;2.40481;9.67029;3787.97;5.81461;0;0;0.1;0.01;0;7.09091;0;0;-1
0;640;64.7313;-24.1614;3.89932;8.59961;2663.94;5.17082;0;0;0.1;0.01;0;5.67758;0;0;-1
0;641;67.8257;-6.65622;4.4282;8.5;2572.44;5.11093;0;0;0.1;0.01;0;4.86772;1;0;-1
0;642;65.627;12.2009;3.83282;10.2544;4516.68;6.16582;0;0;0.1;0.01;0;6.72023;0;0;-1
0;643;65.488;25.9299;3.94256;8.5;2572.44;5.11093;0;0;0.1;0.01;0;6.09769;1;0;-1
0;644;66.9152;44.3107;4.36111;9.40417;3483.77;5.65459;0;0;0.1;0.01;0;5.69727;0;0;-1
0;645;67.4256;60.1782;4.32154;9.78995;3930.34;5.88655;0;0;0.1;0.01;0;4.46632;0;0;-1
0;646;82.3282;-47.3915;5.10437;9.16647;3226.23;5.51167;0;0;0.1;0.01;0;3.67612;0;0;-1
0;647;82.1691;-33.1118;3.18097;10.4059;4719.84;6.25692;0;0;0.1;0.01;0;5.82246;0;0;-1
0;648;81.3941;-15.7973;3.84228;9.58771;3691.76;5.76495;0;0;0.1;0.01;0;6.48919;0;0;-1
0;649;79.7731;0.0545107;1.87983;9.17655;3236.88;5.51773;0;0;0.1;0.01;0;5.72889;0;0;-1
0;650;80.9763;18.2549;2.44805;9.17519;3235.44;5.51691;0;0;0.1;0.01;0;6.64399;0;0;-1
0;651;82.5356;36.1031;4.08957;10.3563;4652.67;6.22709;0;0;0.1;0.01;0;5.55387;0;0;-1
0;652;82.8018;55.2998;4.89704;9.98006;4163.78;6.00087;0;0;0.1;0.01;0;2.84874;0;0;-1
0;653;95.8361;-23.3856;2.10165;10.372;4673.86;6.23653;0;0;0.1;0.01;0;3.62872;0;0;-1
0;654;96.3557;-7.564;4.22288;9.30892;3378.99;5.59732;0;0;0.1;0.01;0;3.40695;0;0;-1
0;655;94.525;12.1157;1.93435;9.59168;3696.35;5.76734;0;0;0.1;0.01;0;4.21342;0;0;-1
0;656;94.314;26.6325;4.48002;10.0281;4224.2;6.02975;0;0;0.1;0.01;0;4.46478;0;0;-1
0;657;-86.8364;-40.7503;19.2024;10.0139;4206.28;6.02121;0;0;0.1;0.01;0;3.22245;0;0;-1
0;658;-85.0763;-21.1772;18.5585;9.39531;3473.94;5.64926;0;0;0.1;0.01;0;3.28388;0;0;-1
0;659;-84.8795;-4.99068;19.2675;9.9256;4095.99;5.96812;0;0;0.1;0.01;0;4.60291;0;0;-1
0;660;-86.6527;10.4822;17.1894;9.41782;3498.97;5.6628;0;0;0.1;0.01;0;4.71504;0;0;-1
0;661;-85.7237;27.108;18.3042;8.5;2572.44;5.11093;0;0;0.1;0.01;0;3.21828;1;0;-1
0;662;-84.2582;45.327;18.9315;8.68184;2741.09;5.22026;0;0;0.1;0.01;0;2.72858;0;0;-1
0;663;-72.1104;-63.6419;19.8464;9.46219;3548.65;5.68948;0;0;0.1;0.01;0;3.35481;0;0;-1
0;664;-70.812;-48.5611;16.6699;9.04696;3101.68;5.43981;0;0;0.1;0.01;0;6.11282;0;0;-1
0;665;-68.9833;-33.8702;19.1909;8.5;2572.44;5.11093;0;0;0.1;0.01;0;5.46849;1;0;-1
0;666;-71.9593;-13.1865;19.024;9.90376;4069.01;5.95499;0;0;0.1;0.01;0;7.23484;0;0;-1
0;667;-69.3889;2.17251;19.7088;9.7357;3865.36;5.85394;0;0;0.1;0.01;0;6.93079;0;0;-1
0;668;-70.2474;18.6401;19.2991;9.64972;3763.85;5.80224;0;0;0.1;0.01;0;5.80102;0;0;-1
0;669;-70.296;34.2568;16.7468;8.77909;2834.24;5.27874;0;0;0.1;0.01;0;4.32357;0;0;-1
0;670;-70.2561;52.8836;16.2628;8.5;2572.44;5.11093;0;0;0.1;0.01;0;3.91539;1;0;-1
0;671;-58.0219;-74.9493;17.1192;10.065;4271;6.05194;0;0;0.1;0.01;0;4.51486;0;0;-1
0;672;-57.502;-58.6527;18.706;9.47117;3558.77;5.69488;0;0;0.1;0.01;0;6.43754;0;0;-1
0;673;-56.2034;-39.5372;17.4602;10.2399;4497.55;6.1571;0;0;0.1;0.01;0;7.4025;0;0;-1
0;674;-57.0863;-23.2688;16.9168;8.9323;2985.23;5.37086;0;0;0.1;0.01;0;5.73311;0;0;-1
0;675;-55.1851;-6.46142;16.0518;9.97374;4155.88;5.99707;0;0;0.1;0.01;0;6.2442;0;0;-1
0;676;-57.1233;8.61439;17.4091;8.70387;2762.01;5.23351;0;0;0.1;0.01;0;5.38346;0;0;-1
0;677;-55.3834;26.7732;16.7942;9.65507;3770.12;5.80545;0;0;0.1;0.01;0;5.70876;0;0;-1
0;678;-54.972;46.8999;18.9458;8.5;2572.44;5.11093;0;0;0.1;0.01;0;4.35126;1;0;-1
0;679;-53.9886;61.9336;18.281;8.67427;2733.93;5.21571;0;0;0.1;0.01;0;3.80719;0;0;-1
0;680;-53.7983;78.0479;19.6635;9.60026;3706.27;5.7725;0;0;0.1;0.01;0;2.63795;0;0;-1
0;681;-41.6997;-84.6154;16.8455;9.64536;3758.75;5.79962;0;0;0.1;0.01;0;4.32882;0;0;-1
0;682;-40.6309;-67.4667;17.7331;8.98447;3037.85;5.40223;0;0;0.1;0.01;0;5.51426;0;0;-1
0;683;-40.4658;-47.7796;16.7388;9.09298;3149.25;5.46748;0;0;0.1;0.01;0;5.26136;0;0;-1
0;684;-42.529;-33.0286;18.1955;9.56256;3662.78;5.74983;0;0;0.1;0.01;0;6.35535;0;0;-1
0;685;-42.1562;-13.7601;16.4895;8.5;2572.44;5.11093;0;0;0.1;0.01;0;4.91712;1;0;-1
0;686;-39.9928;2.27932;17.7233;8.8338;2887.56;5.31164;0;0;0.1;0.01;0;5.08231;0;0;-1
0;687;-42.2078;18.6842;18.4617;8.81873;2872.81;5.30257;0;0;0.1;0.01;0;5.43278;0;0;-1
0;688;-41.1634;33.7384;18.2789;8.97255;3025.77;5.39506;0;0;0.1;0.01;0;5.19094;0;0;-1
0;689;-39.7079;53.2133;18.5405;8.97931;3032.62;5.39913;0;0;0.1;0.01;0;4.73796;0;0;-1
0;690;-39.5873;71.4828;16.4001;10.2106;4459.05;6.13949;0;0;0.1;0.01;0;5.90336;0;0;-1
0;691;-41.5958;87.7444;18.5442;8.98874;3042.18;5.4048;0;0;0.1;0.01;0;2.93038;0;0;-1
0;692;-27.7633;-93.4559;16.8286;10.4523;4783.26;6.28482;0;0;0.1;0.01;0;3.9787;0;0;-1
0;693;-27.5082;-72.8556;18.5024;9.83112;3980.13;5.91131;0;0;0.1;0.01;0;6.16483;0;0;-1
0;694;-25.3718;-56.7107;16.2727;8.5;2572.44;5.11093;0;0;0.1;0.01;0;4.4498;1;0;-1
0;695;-24.5032;-40.3822;17.8404;8.88227;2935.35;5.34078;0;0;0.1;0.01;0;5.48676;0;0;-1
0;696;-28.3595;-24.7233;16.3208;9.59361;3698.58;5.7685;0;0;0.1;0.01;0;6.04858;0;0;-1
0;697;-28.3802;-7.18703;16.014;9.33032;3402.34;5.61019;0;0;0.1;0.01;0;5.29284;0;0;-1
0;698;-26.9607;10.6785;16.4869;9.60486;3711.6;5.77526;0;0;0.1;0.01;0;6.0907;0;0;-1
0;699;-27.4514;28.0476;17.3618;9.05772;3112.76;5.44628;0;0;0.1;0.01;0;5.12852;0;0;-1
0;700;-25.4609;45.9291;17.6344;9.58543;3689.13;5.76358;0;0;0.1;0.01;0;5.76565;0;0;-1
0;701;-28.1548;62.0585;16.4059;9.01678;3070.74;5.42166;0;0;0.1;0.01;0;5.90415;0;0;-1
0;702;-27.4137;80.4133;16.315;10.1887;4430.42;6.12632;0;0;0.1;0.01;0;5.89138;0;0;-1
0;703;-13.2915;-83.6079;17.6366;9.77088;3907.42;5.87509;0;0;0.1;0.01;0;5.45814;0;0;-1
0;704;-13.7318;-65.6482;17.027;8.5;2572.44;5.11093;0;0;0.1;0.01;0;4.20828;1;0;-1
0;705;-11.1824;-47.5333;16.2697;9.7905;3931;5.88689;0;0;0.1;0.01;0;5.45021;0;0;-1
0;706;-12.356;-30.7857;19.3473;8.63701;2698.85;5.19331;0;0;0.1;0.01;0;5.76203;0;0;-1
0;707;-11.5478;-16.19;17.4757;9.71429;3839.92;5.84106;0;0;0.1;0.01;0;6.34145;0;0;-1
0;708;-13.6689;1.66417;17.1308;10.0878;4300.09;6.06565;0;0;0.1;0.01;0;7.02326;0;0;-1
0;709;-13.1788;20.7905;16.6126;10.0841;4295.36;6.06342;0;0;0.1;0.01;0;6.26959;0;0;-1
0;710;-10.9539;37.3206;17.2934;8.97727;3030.55;5.3979;0;0;0.1;0.01;0;5.49524;0;0;-1
0;711;-10.0214;52.3612;18.3002;10.1287;4352.61;6.09024;0;0;0.1;0.01;0;6.64224;0;0;-1
0;712;-11.6719;68.4226;18.3669;8.59754;2662.02;5.16958;0;0;0.1;0.01;0;5.20885;0;0;-1
0;713;-11.0516;85.2577;18.6757;8.5;2572.44;5.11093;0;0;0.1;0.01;0;3.73693;1;0;-1
0;714;1.68218;-91.9834;17.4332;10.248;4508.23;6.16197;0;0;0.1;0.01;0;3.90804;0;0;-1
0;715;4.58224;-72.2702;15.985;8.68782;2746.76;5.22386;0;0;0.1;0.01;0;5.1543;0;0;-1
0;716;2.81739;-56.9723;17.3317;8.5;2572.44;5.11093;0;0;0.1;0.01;0;5.54426;1;0;-1
0;717;2.96013;-39.8569;16.6701;9.887;4048.39;5.94491;0;0;0.1;0.01;0;6.58586;0;0;-1
0;718;2.38687;-24.4676;16.4693;8.82136;2875.38;5.30416;0;0;0.1;0.01;0;5.63568;0;0;-1
0;719;4.97439;-8.37143;17.1138;8.57217;2638.52;5.15432;0;0;0.1;0.01;0;4.74447;0;0;-1
0;720;4.17379;9.65291;16.3879;9.89258;4055.25;5.94826;0;0;0.1;0.01;0;4.89212;0;0;-1
0;721;2.16123;28.5094;16.6434;9.95865;4137.04;5.98799;0;0;0.1;0.01;0;6.24863;0;0;-1
0;722;2.53385;46.1846;15.6172;8.5982;2662.63;5.16997;0;0;0.1;0.01;0;5.80318;0;0;-1
0;723;2.66292;63.4007;15.891;10.4039;4717.12;6.25571;0;0;0.1;0.01;0;6.71149;0;0;-1
0;724;0.994596;77.9634;15.9339;8.66392;2724.16;5.20949;0;0;0.1;0.01;0;5.6836;0;0;-1
0;725;4.69728;93.0921;17.7693;8.70908;2766.98;5.23664;0;0;0.1;0.01;0;2.8927;0;0;-1
0;726;17.7772;-82.3789;17.1032;10.0453;4245.97;6.04009;0;0;0.1;0.01;0;5.1307;0;0;-1
0;727;15.8;-64.4122;16.3787;8.5;2572.44;5.11093;0;0;0.1;0.01;0;4.94303;1;0;-1
0;728;16.0242;-50.0858;18.3065;9.61978;3728.93;5.78423;0;0;0.1;0.01;0;5.55367;0;0;-1
0;729;18.9327;-33.9793;18.1016;8.5;2572.44;5.11093;0;0;0.1;0.01;0;4.31446;1;0;-1
0;730;18.3554;-17.0113;17.3422;9.30503;3374.75;5.59498;0;0;0.1;0.01;0;5.776;0;0;-1
0;731;17.4573;2.71773;18.4869;8.54447;2613.03;5.13767;0;0;0.1;0.01;0;4.74075;0;0;-1
0;732;16.5797;21.1376;16.2187;9.14026;3198.63;5.49591;0;0;0.1;0.01;0;6.27579;0;0;-1
0;733;16.5143;37.0728;17.445;8.88866;2941.69;5.34462;0;0;0.1;0.01;0;5.88763;0;0;-1
0;734;19.663;52.9316;17.695;8.85858;2911.93;5.32654;0;0;0.1;0.01;0;5.16945;0;0;-1
0;735;16.4149;69.7741;17.3885;8.51644;2587.4;5.12081;0;0;0.1;0.01;0;5.15627;0;0;-1
0;736;17.916;85.6729;16.4558;9.17315;3233.29;5.51568;0;0;0.1;0.01;0;3.56691;0;0;-1
0;737;33.177;-92.4823;15.9343;9.05955;3114.64;5.44738;0;0;0.1;0.01;0;1.69023;0;0;-1
0;738;33.789;-73.7685;16.102;9.51316;3606.31;5.72013;0;0;0.1;0.01;0;5.4781;0;0;-1
0;739;33.1755;-55.2465;18.0158;9.15668;3215.9;5.50578;0;0;0.1;0.01;0;4.54237;0;0;-1
0;740;33.6482;-39.0266;18.0712;8.5;2572.44;5.11093;0;0;0.1;0.01;0;5.33038;1;0;-1
0;741;31.4384;-24.4832;16.3363;9.37929;3456.2;5.63963;0;0;0.1;0.01;0;6.48338;0;0;-1
0;742;30.7111;-8.06189;18.5972;9.30862;3378.66;5.59714;0;0;0.1;0.01;0;5.4984;0;0;-1
0;743;30.5312;11.5681;17.0172;8.87722;2930.35;5.33774;0;0;0.1;0.01;0;5.13351;0;0;-1
0;744;32.0972;26.8753;16.7649;8.78131;2836.39;5.28007;0;0;0.1;0.01;0;5.40213;0;0;-1
0;745;33.2184;45.7682;16.5259;8.5;2572.44;5.11093;0;0;0.1;0.01;0;5.28818;1;0;-1
0;746;30.488;63.4356;19.4812;9.08213;3137.99;5.46095;0;0;0.1;0.01;0;6.81619;0;0;-1
0;747;30.649;77.8129;17.8444;9.25776;3323.58;5.56656;0;0;0.1;0.01;0;5.18393;0;0;-1
0;748;45.3107;-81.2446;16.0885;9.99665;4184.58;6.01084;0;0;0.1;0.01;0;4.70955;0;0;-1
0;749;48.9051;-67.6378;17.0086;8.61752;2680.62;5.18159;0;0;0.1;0.01;0;5.08431;0;0;-1
0;750;47.5131;-48.1673;18.5956;8.5;2572.44;5.11093;0;0;0.1;0.01;0;4.60385;1;0;-1
0;751;46.7628;-31.8982;16.6172;9.52674;3621.78;5.72829;0;0;0.1;0.01;0;6.82958;0;0;-1
0;752;46.3616;-15.3172;17.5048;9.96599;4146.2;5.99241;0;0;0.1;0.01;0;6.4015;0;0;-1
0;753;46.2075;4.39522;19.4769;9.61473;3723.06;5.7812;0;0;0.1;0.01;0;5.43085;0;0;-1
0;754;48.7906;20.4716;17.3388;9.77667;3914.37;5.87857;0;0;0.1;0.01;0;6.22989;0;0;-1
0;755;46.8589;34.8806;18.9825;8.5;2572.44;5.11093;0;0;0.1;0.01;0;5.2359;1;0;-1
0;756;45.0827;54.0898;16.5918;10.1386;4365.39;6.09619;0;0;0.1;0.01;0;6.57489;0;0;-1
0;757;46.9795;68.9784;17.7795;8.7934;2848.13;5.28734;0;0;0.1;0.01;0;5.04298;0;0;-1
0;758;45.9407;86.0482;19.6759;8.5;2572.44;5.11093;0;0;0.1;0.01;0;1.28231;1;0;-1
0;759;61.2206;-75.4429;17.4884;9.74749;3879.42;5.86102;0;0;0.1;0.01;0;2.82247;0;0;-1
0;760;62.3044;-57.9539;18.1671;8.5;2572.44;5.11093;0;0;0.1;0.01;0;4.94895;1;0;-1
0;761;62.5596;-38.711;16.7015;10.097;4311.87;6.07118;0;0;0.1;0.01;0;7.49587;0;0;-1
0;762;60.4224;-24.2779;16.5092;9.90118;4065.83;5.95344;0;0;0.1;0.01;0;7.54653;0;0;-1
0;763;60.3746;-7.40342;16.7481;8.93108;2984.01;5.37013;0;0;0.1;0.01;0;4.81206;0;0;-1
0;764;62.4589;10.6043;16.9675;9.45392;3539.36;5.6845;0;0;0.1;0.01;0;5.78067;0;0;-1
0;765;61.6877;28.5306;16.4801;10.2254;4478.47;6.14838;0;0;0.1;0.01;0;7.22226;0;0;-1
0;766;61.8712;45.2085;19.0383;8.67367;2733.36;5.21535;0;0;0.1;0.01;0;6.08023;0;0;-1
0;767;62.2925;63.6375;19.0422;10.0225;4217.13;6.02638;0;0;0.1;0.01;0;4.83223;0;0;-1
0;768;75.9069;-50.2077;19.5129;8.70096;2759.24;5.23176;0;0;0.1;0.01;0;3.01274;0;0;-1
0;769;76.0487;-33.4768;18.339;10.0886;4301.12;6.06613;0;0;0.1;0.01;0;6.13373;0;0;-1
0;770;77.6191;-16.9544;16.7507;8.5;2572.44;5.11093;0;0;0.1;0.01;0;4.9615;1;0;-1
0;771;74.8802;0.851911;19.4068;8.71841;2775.88;5.24225;0;0;0.1;0.01;0;4.44602;0;0;-1
0;772;76.4905;20.108;16.1842;9.82373;3971.16;5.90687;0;0;0.1;0.01;0;6.53775;0;0;-1
0;773;74.8221;37.922;19.0717;10.3722;4674.14;6.23665;0;0;0.1;0.01;0;6.73534;0;0;-1
0;774;76.5234;52.4271;18.7595;8.77615;2831.4;5.27697;0;0;0.1;0.01;0;4.58107;0;0;-1
0;775;91.5304;-22.0684;18.6371;9.7875;3927.39;5.88508;0;0;0.1;0.01;0;4.34532;0;0;-1
0;776;92.7485;-7.35955;19.9385;8.5;2572.44;5.11093;0;0;0.1;0.01;0;2.61911;1;0;-1
0;777;91.7015;9.32711;16.2192;9.05672;3111.73;5.44567;0;0;0.1;0.01;0;2.52591;0;0;-1
0;778;89.4651;26.8426;17.3905;9.35384;3428.14;5.62433;0;0;0.1;0.01;0;4.07986;0;0;-1
0;779;-93.5845;2.40884;34.565;8.55786;2625.33;5.14572;0;0;0.1;0.01;0;2.84464;0;0;-1
0;780;-82.0384;-39.7128;31.6301;9.85962;4014.85;5.92845;0;0;0.1;0.01;0;3.15556;0;0;-1
0;781;-79.6851;-25.0879;32.4526;9.32437;3395.84;5.60661;0;0;0.1;0.01;0;4.2531;0;0;-1
0;782;-79.0002;-6.0908;34.0279;9.22038;3283.49;5.54408;0;0;0.1;0.01;0;5.97861;0;0;-1
0;783;-80.1781;10.0465;31.8099;8.73128;2788.19;5.24999;0;0;0.1;0.01;0;4.8933;0;0;-1
0;784;-82.7037;25.8695;30.918;9.40262;3482.05;5.65366;0;0;0.1;0.01;0;2.74921;0;0;-1
0;785;-79.9067;46.035;31.3453;8.54151;2610.31;5.13589;0;0;0.1;0.01;0;2.2036;0;0;-1
0;786;-65.9584;-66.8899;33.9556;9.46889;3556.2;5.69351;0;0;0.1;0.01;0;3.41838;0;0;-1
0;787;-66.6288;-47.6762;32.2383;9.70994;3834.76;5.83845;0;0;0.1;0.01;0;4.79075;0;0;-1
0;788;-64.3027;-30.7704;34.2054;9.95636;4134.19;5.98661;0;0;0.1;0.01;0;6.55657;0;0;-1
0;789;-66.7743;-15.5665;31.0199;8.5;2572.44;5.11093;0;0;0.1;0.01;0;5.95274;1;0;-1
0;790;-65.6073;0.0133978;34.1266;8.9441;2997.08;5.37796;0;0;0.1;0.01;0;5.98588;0;0;-1
0;791;-66.5528;18.1305;33.8915;8.5;2572.44;5.11093;0;0;0.1;0.01;0;4.42953;1;0;-1
0;792;-64.4082;35.169;31.6576;8.58667;2651.94;5.16304;0;0;0.1;0.01;0;4.16637;0;0;-1
0;793;-66.843;53.06;33.205;9.91933;4088.23;5.96435;0;0;0.1;0.01;0;3.57145;0;0;-1
0;794;-53.1865;-73.3272;30.6166;10.1149;4334.84;6.08194;0;0;0.1;0.01;0;4.85046;0;0;-1
0;795;-50.1865;-58.7169;30.9812;9.48167;3570.62;5.70119;0;0;0.1;0.01;0;6.02543;0;0;-1
0;796;-49.8375;-38.4033;31.6512;9.72083;3847.68;5.84499;0;0;0.1;0.01;0;6.12791;0;0;-1
0;797;-52.8021;-21.2965;31.1191;8.5;2572.44;5.11093;0;0;0.1;0.01;0;4.91572;1;0;-1
0;798;-52.704;-7.29286;34.1907;9.66627;3783.25;5.81219;0;0;0.1;0.01;0;4.47806;0;0;-1
0;799;-51.6682;11.8739;31.7841;8.5;2572.44;5.11093;0;0;0.1;0.01;0;4.16005;1;0;-1
0;800;-50.7139;29.4041;32.6091;8.5;2572.44;5.11093;0;0;0.1;0.01;0;5.2376;1;0;-1
0;801;-52.7789;43.3409;33.1294;8.5;2572.44;5.11093;0;0;0.1;0.01;0;5.24222;1;0;-1
0;802;-51.6429;60.063;33.9755;8.5;2572.44;5.11093;0;0;0.1;0.01;0;4.23835;1;0;-1
0;803;-35.6421;-85.3946;34.2819;10.1766;4414.65;6.11904;0;0;0.1;0.01;0;3.63767;0;0;-1
0;804;-38.001;-66.3779;31.2853;8.5;2572.44;5.11093;0;0;0.1;0.01;0;4.55903;1;0;-1
0;805;-37.9471;-47.2918;33.128;9.74583;3877.44;5.86003;0;0;0.1;0.01;0;5.96561;0;0;-1
0;806;-34.4734;-33.0286;33.0255;10.2533;4515.23;6.16516;0;0;0.1;0.01;0;6.52038;0;0;-1
0;807;-35.1762;-16.2757;32.7141;8.8572;2910.57;5.32571;0;0;0.1;0.01;0;4.1298;0;0;-1
0;808;-35.3361;2.97883;32.3015;8.80953;2863.83;5.29704;0;0;0.1;0.01;0;4.53369;0;0;-1
0;809;-38.3051;17.6703;32.7556;8.96634;3019.49;5.39133;0;0;0.1;0.01;0;4.89946;0;0;-1
0;810;-36.9792;37.9462;31.6606;9.65063;3764.92;5.80278;0;0;0.1;0.01;0;6.08328;0;0;-1
0;811;-36.8442;52.4714;32.4197;8.9865;3039.91;5.40345;0;0;0.1;0.01;0;5.22315;0;0;-1
0;812;-37.9049;69.1946;32.1204;8.5;2572.44;5.11093;0;0;0.1;0.01;0;3.35696;1;0;-1
0;813;-20.9637;-91.0285;34.0209;9.86408;4020.3;5.93113;0;0;0.1;0.01;0;3.76482;0;0;-1
0;814;-22.9276;-74.3028;32.2359;8.5;2572.44;5.11093;0;0;0.1;0.01;0;5.11952;1;0;-1
0;815;-22.8368;-57.0536;34.4207;8.61747;2680.57;5.18156;0;0;0.1;0.01;0;4.58503;0;0;-1
0;816;-21.8613;-42.745;31.886;8.61331;2676.69;5.17906;0;0;0.1;0.01;0;5.68;0;0;-1
0;817;-20.4305;-21.6635;31.38;8.5;2572.44;5.11093;0;0;0.1;0.01;0;3.95978;1;0;-1
0;818;-20.9582;-4.75663;34.0513;9.37895;3455.82;5.63943;0;0;0.1;0.01;0;5.90147;0;0;-1
0;819;-21.7868;11.1902;31.6476;8.93559;2988.53;5.37284;0;0;0.1;0.01;0;5.87752;0;0;-1
0;820;-22.9977;29.367;33.7812;9.49202;3582.32;5.70741;0;0;0.1;0.01;0;5.5536;0;0;-1
0;821;-20.7374;44.2944;33.8096;9.19925;3260.96;5.53138;0;0;0.1;0.01;0;6.29324;0;0;-1
0;822;-20.4293;59.6985;30.98;8.65751;2718.11;5.20564;0;0;0.1;0.01;0;5.12047;0;0;-1
0;823;-21.7706;76.7178;32.6753;10.0526;4255.24;6.04448;0;0;0.1;0.01;0;4.73893;0;0;-1
0;824;-6.81942;-81.4813;33.0053;10.2345;4490.44;6.15386;0;0;0.1;0.01;0;5.73658;0;0;-1
0;825;-7.57906;-65.8501;32.0433;9.11861;3175.96;5.48289;0;0;0.1;0.01;0;4.85315;0;0;-1
0;826;-8.81061;-46.943;30.7965;9.1191;3176.47;5.48318;0;0;0.1;0.01;0;5.15066;0;0;-1
0;827;-5.45954;-32.6264;31.1767;8.5;2572.44;5.11093;0;0;0.1;0.01;0;4.74299;1;0;-1
0;828;-8.84158;-13.1768;31.5879;10.4144;4731.42;6.26203;0;0;0.1;0.01;0;6.59384;0;0;-1
0;829;-7.46577;3.47504;31.9499;9.30981;3379.96;5.59785;0;0;0.1;0.01;0;6.08625;0;0;-1
0;830;-6.85538;20.9998;33.635;10.0649;4270.88;6.05188;0;0;0.1;0.01;0;5.67624;0;0;-1
0;831;-7.47713;37.7954;34.0845;9.13604;3194.2;5.49337;0;0;0.1;0.01;0;6.1438;0;0;-1
0;832;-5.8508;51.7231;33.6926;8.5;2572.44;5.11093;0;0;0.1;0.01;0;5.49174;1;0;-1
0;833;-7.20598;69.788;32.3971;8.73803;2794.66;5.25405;0;0;0.1;0.01;0;4.34754;0;0;-1
0;834;-6.78371;88.6483;31.1302;8.56897;2635.57;5.1524;0;0;0.1;0.01;0;2.16881;0;0;-1
0;835;8.25028;-89.4375;34.6622;8.757;2812.9;5.26546;0;0;0.1;0.01;0;3.182;0;0;-1
0;836;7.70379;-74.4745;32.4979;10.4534;4784.77;6.28548;0;0;0.1;0.01;0;7.03371;0;0;-1
0;837;6.3423;-58.9453;31.8205;8.79873;2853.31;5.29055;0;0;0.1;0.01;0;5.10371;0;0;-1
0;838;8.48778;-42.9148;33.2003;10.0561;4259.68;6.04659;0;0;0.1;0.01;0;6.75101;0;0;-1
0;839;6.86386;-23.8821;32.7525;8.90408;2957.03;5.35389;0;0;0.1;0.01;0;4.88037;0;0;-1
0;840;7.21173;-6.04494;33.7235;9.87605;4034.95;5.93833;0;0;0.1;0.01;0;6.05238;0;0;-1
0;841;5.64952;8.79104;34.3834;9.10205;3158.68;5.47293;0;0;0.1;0.01;0;4.74285;0;0;-1
0;842;8.33552;27.8185;31.0473;9.25309;3318.55;5.56375;0;0;0.1;0.01;0;5.15865;0;0;-1
0;843;6.79093;42.894;30.5871;10.1876;4428.99;6.12566;0;0;0.1;0.01;0;6.42124;0;0;-1
0;844;8.641;61.5738;30.9029;8.68436;2743.48;5.22178;0;0;0.1;0.01;0;4.75729;0;0;-1
0;845;9.12118;78.9355;31.9068;9.46328;3549.88;5.69013;0;0;0.1;0.01;0;4.70291;0;0;-1
0;846;23.1455;-82.6626;33.8561;9.93443;4106.93;5.97343;0;0;0.1;0.01;0;4.76667;0;0;-1
0;847;22.6479;-67.9641;33.0045;9.85623;4010.71;5.92641;0;0;0.1;0.01;0;5.40295;0;0;-1
0;848;23.8666;-47.7361;33.3881;8.90151;2954.47;5.35235;0;0;0.1;0.01;0;5.89536;0;0;-1
0;849;21.1356;-32.2889;32.4691;10.1635;4397.63;6.11117;0;0;0.1;0.01;0;7.03946;0;0;-1
0;850;22.1167;-14.0051;32.2118;10.1553;4386.99;6.10623;0;0;0.1;0.01;0;6.79656;0;0;-1
0;851;22.3372;0.478738;30.9363;8.92445;2977.37;5.36614;0;0;0.1;0.01;0;5.12697;0;0;-1
0;852;23.0059;19.3354;30.4877;9.06881;3124.2;5.45294;0;0;0.1;0.01;0;4.82302;0;0;-1
0;853;22.1077;37.5585;33.9876;9.3486;3422.38;5.62118;0;0;0.1;0.01;0;5.73693;0;0;-1
0;854;23.7953;51.3883;32.5749;9.90615;4071.96;5.95642;0;0;0.1;0.01;0;6.81362;0;0;-1
0;855;22.3272;68.7562;31.0006;8.75237;2808.44;5.26267;0;0;0.1;0.01;0;5.90467;0;0;-1
0;856;20.8559;89.3911;34.2286;9.34689;3420.5;5.62015;0;0;0.1;0.01;0;1.60173;0;0;-1
0;857;35.7863;-74.7239;32.7947;8.5;2572.44;5.11093;0;0;0.1;0.01;0;3.42731;1;0;-1
0;858;37.1886;-55.085;32.8377;9.55435;3653.36;5.74489;0;0;0.1;0.01;0;5.76113;0;0;-1
0;859;35.5702;-38.4132;30.8896;8.5;2572.44;5.11093;0;0;0.1;0.01;0;5.30881;1;0;-1
0;860;37.4973;-21.9803;32.1833;8.5;2572.44;5.11093;0;0;0.1;0.01;0;4.75502;1;0;-1
0;861;35.8973;-4.81125;33.2101;9.17157;3231.62;5.51473;0;0;0.1;0.01;0;5.72518;0;0;-1
0;862;38.7411;9.3564;32.4893;8.59517;2659.82;5.16815;0;0;0.1;0.01;0;4.91396;0;0;-1
0;863;38.1026;25.5611;32.9971;9.81869;3965.06;5.90384;0;0;0.1;0.01;0;5.59313;0;0;-1
0;864;38.3511;43.1669;33.0917;9.76301;3897.98;5.87036;0;0;0.1;0.01;0;6.01955;0;0;-1
0;865;35.3794;61.8623;33.7026;9.76121;3895.83;5.86927;0;0;0.1;0.01;0;6.62574;0;0;-1
0;866;36.8554;77.2506;32.163;10.0224;4217;6.02632;0;0;0.1;0.01;0;5.23686;0;0;-1
0;867;52.8297;-64.6679;31.9391;9.06145;3116.6;5.44852;0;0;0.1;0.01;0;3.97429;0;0;-1
0;868;53.1669;-49.3403;32.1256;9.43641;3519.73;5.67398;0;0;0.1;0.01;0;5.65558;0;0;-1
0;869;52.0689;-33.3872;32.4018;9.52844;3623.71;5.72931;0;0;0.1;0.01;0;6.13946;0;0;-1
0;870;51.5461;-17.3169;31.5972;9.93219;4104.15;5.97208;0;0;0.1;0.01;0;6.32015;0;0;-1
0;871;53.2121;0.91305;33.8728;10.0205;4214.6;6.02518;0;0;0.1;0.01;0;6.86702;0;0;-1
0;872;52.4617;17.8221;33.3824;8.9672;3020.36;5.39185;0;0;0.1;0.01;0;6.01678;0;0;-1
0;873;53.475;38.1496;32.2382;8.9671;3020.26;5.39179;0;0;0.1;0.01;0;6.03568;0;0;-1
0;874;53.2668;53.1818;33.3243;9.60563;3712.5;5.77573;0;0;0.1;0.01;0;6.9683;0;0;-1
0;875;51.4244;68.3308;32.4169;9.14929;3208.12;5.50134;0;0;0.1;0.01;0;4.8675;0;0;-1
0;876;67.2579;-58.0725;32.4251;8.83388;2887.64;5.31168;0;0;0.1;0.01;0;3.2927;0;0;-1
0;877;67.6919;-38.601;31.5526;9.31078;3381.01;5.59844;0;0;0.1;0.01;0;5.34467;0;0;-1
0;878;66.3882;-21.8151;31.966;9.12977;3187.63;5.4896;0;0;0.1;0.01;0;5.27181;0;0;-1
0;879;66.9419;-4.76933;32.6222;9.85842;4013.38;5.92772;0;0;0.1;0.01;0;5.72526;0;0;-1
0;880;67.2093;10.3569;32.9743;8.94914;3002.15;5.38099;0;0;0.1;0.01;0;6.55022;0;0;-1
0;881;66.2096;28.0106;33.7867;8.61621;2679.4;5.1808;0;0;0.1;0.01;0;5.82019;0;0;-1
0;882;67.3135;45.6436;31.0821;9.11558;3172.79;5.48107;0;0;0.1;0.01;0;6.46688;0;0;-1
0;883;67.0167;59.5025;32.0795;9.87652;4035.53;5.93861;0;0;0.1;0.01;0;4.75332;0;0;-1
0;884;79.9427;-30.2584;33.8317;9.91075;4077.63;5.95919;0;0;0.1;0.01;0;4.39805;0;0;-1
0;885;80.1802;-15.9634;30.7252;8.8039;2858.34;5.29366;0;0;0.1;0.01;0;4.5062;0;0;-1
0;886;79.6573;3.68449;33.5503;10.0827;4293.58;6.06258;0;0;0.1;0.01;0;4.9482;0;0;-1
0;887;80.7165;19.699;34.1951;8.73611;2792.82;5.2529;0;0;0.1;0.01;0;3.84763;0;0;-1
0;888;80.5417;33.6384;31.9224;8.98096;3034.29;5.40012;0;0;0.1;0.01;0;4.2566;0;0;-1
0;889;-86.3507;-6.44367;47.2366;9.7781;3916.08;5.87943;0;0;0.1;0.01;0;3.24566;0;0;-1
0;890;-85.6617;9.85595;47.7982;10.4049;4718.48;6.25632;0;0;0.1;0.01;0;3.02242;0;0;-1
0;891;-69.0212;-49.983;48.7941;10.4318;4755.17;6.27249;0;0;0.1;0.01;0;2.88066;0;0;-1
0;892;-69.3909;-33.7462;47.9934;8.5;2572.44;5.11093;0;0;0.1;0.01;0;4.09168;1;0;-1
0;893;-69.3646;-13.3656;47.6953;9.91875;4087.52;5.964;0;0;0.1;0.01;0;5.72679;0;0;-1
0;894;-71.5162;0.835718;46.7782;8.91111;2964.04;5.35812;0;0;0.1;0.01;0;5.62325;0;0;-1
0;895;-68.566;18.0369;47.0596;8.75571;2811.66;5.26468;0;0;0.1;0.01;0;3.93547;0;0;-1
0;896;-70.5813;36.4592;49.3662;9.25688;3322.63;5.56603;0;0;0.1;0.01;0;1.72434;0;0;-1
0;897;-56.6351;-59.6031;46.1491;8.92538;2978.3;5.3667;0;0;0.1;0.01;0;4.10203;0;0;-1
0;898;-57.0571;-39.1347;47.6075;9.30218;3371.65;5.59327;0;0;0.1;0.01;0;5.77792;0;0;-1
0;899;-57.0489;-23.2635;47.2585;8.5;2572.44;5.11093;0;0;0.1;0.01;0;5.45199;1;0;-1
0;900;-56.8224;-6.91321;48.8052;9.56046;3660.37;5.74857;0;0;0.1;0.01;0;5.90495;0;0;-1
0;901;-54.598;12.7584;45.9878;8.6949;2753.48;5.22812;0;0;0.1;0.01;0;4.421;0;0;-1
0;902;-57.7021;29.7428;45.9864;8.5;2572.44;5.11093;0;0;0.1;0.01;0;4.65875;1;0;-1
0;903;-56.3039;45.9402;47.0305;8.5;2572.44;5.11093;0;0;0.1;0.01;0;4.46068;1;0;-1
0;904;-54.441;61.2981;46.4162;8.73256;2789.42;5.25076;0;0;0.1;0.01;0;3.4994;0;0;-1
0;905;-40.6488;-64.3857;45.881;8.77308;2828.43;5.27513;0;0;0.1;0.01;0;3.66251;0;0;-1
0;906;-40.4075;-50.576;48.2041;9.14813;3206.9;5.50064;0;0;0.1;0.01;0;5.15966;0;0;-1
0;907;-43.2003;-30.0734;46.0974;10.1709;4407.24;6.11561;0;0;0.1;0.01;0;6.05157;0;0;-1
0;908;-41.5081;-14.2977;49.0813;8.5;2572.44;5.11093;0;0;0.1;0.01;0;4.98798;1;0;-1
0;909;-41.639;0.772889;49.2638;8.65928;2719.78;5.2067;0;0;0.1;0.01;0;4.60021;0;0;-1
0;910;-42.0983;16.7766;48.2712;10.2808;4551.66;6.1817;0;0;0.1;0.01;0;5.92335;0;0;-1
0;911;-42.3267;35.8792;45.2293;8.59133;2656.26;5.16584;0;0;0.1;0.01;0;4.94957;0;0;-1
0;912;-41.2186;53.238;48.9002;10.1348;4360.48;6.09391;0;0;0.1;0.01;0;6.53679;0;0;-1
0;913;-42.4851;69.7204;48.095;9.85071;4003.97;5.92309;0;0;0.1;0.01;0;4.23711;0;0;-1
0;914;-27.8297;-76.7438;46.7389;9.0812;3137.03;5.46039;0;0;0.1;0.01;0;2.96176;0;0;-1
0;915;-26.1695;-55.5049;48.3155;8.59395;2658.69;5.16742;0;0;0.1;0.01;0;5.99574;0;0;-1
0;916;-27.6849;-41.4911;46.5289;9.63897;3751.29;5.79577;0;0;0.1;0.01;0;7.57597;0;0;-1
0;917;-28.0323;-24.2556;49.4421;8.5;2572.44;5.11093;0;0;0.1;0.01;0;4.8028;1;0;-1
0;918;-25.7045;-8.79319;47.3258;8.5;2572.44;5.11093;0;0;0.1;0.01;0;4.63742;1;0;-1
0;919;-26.6742;12.0286;46.5375;9.92574;4096.16;5.9682;0;0;0.1;0.01;0;5.77901;0;0;-1
0;920;-26.9563;29.5824;48.5571;10.2075;4454.99;6.13762;0;0;0.1;0.01;0;7.06202;0;0;-1
0;921;-26.3524;45.1529;48.8364;9.22863;3292.31;5.54904;0;0;0.1;0.01;0;6.11826;0;0;-1
0;922;-25.8921;60.8796;46.5195;10.3198;4603.65;6.20515;0;0;0.1;0.01;0;6.87281;0;0;-1
0;923;-25.5704;79.3407;48.5007;9.1597;3219.08;5.50759;0;0;0.1;0.01;0;3.17491;0;0;-1
0;924;-12.3648;-80.7913;46.0113;8.874;2927.16;5.33581;0;0;0.1;0.01;0;3.07112;0;0;-1
0;925;-11.8854;-64.6882;47.9652;8.62741;2689.86;5.18754;0;0;0.1;0.01;0;4.45635;0;0;-1
0;926;-13.4917;-47.9715;46.5714;10.3686;4669.27;6.23449;0;0;0.1;0.01;0;7.51956;0;0;-1
0;927;-12.6938;-33.5667;49.1072;10.005;4195.08;6.01586;0;0;0.1;0.01;0;5.88198;0;0;-1
0;928;-11.4164;-13.8849;48.6862;9.93402;4106.42;5.97318;0;0;0.1;0.01;0;6.77217;0;0;-1
0;929;-11.0375;0.267786;46.1092;9.49154;3581.78;5.70713;0;0;0.1;0.01;0;6.65082;0;0;-1
0;930;-13.1762;19.5127;47.8664;10.0132;4205.4;6.02079;0;0;0.1;0.01;0;6.25887;0;0;-1
0;931;-11.2532;37.0947;49.0585;8.84922;2902.71;5.32091;0;0;0.1;0.01;0;6.45168;0;0;-1
0;932;-12.2007;52.5456;48.7883;9.02879;3083.03;5.42888;0;0;0.1;0.01;0;7.20925;0;0;-1
0;933;-11.7514;69.7924;48.0813;10.1432;4371.33;6.09896;0;0;0.1;0.01;0;5.86762;0;0;-1
0;934;-12.8137;86.6139;47.9936;8.5;2572.44;5.11093;0;0;0.1;0.01;0;1.66634;1;0;-1
0;935;2.05506;-73.1399;45.8838;8.5;2572.44;5.11093;0;0;0.1;0.01;0;4.91301;1;0;-1
0;936;1.61008;-59.4366;46.6208;8.99434;3047.87;5.40817;0;0;0.1;0.01;0;5.60968;0;0;-1
0;937;2.35462;-42.2799;46.9555;9.40872;3488.83;5.65733;0;0;0.1;0.01;0;5.65204;0;0;-1
0;938;1.44603;-22.4096;48.5084;9.3869;3464.62;5.64421;0;0;0.1;0.01;0;5.82148;0;0;-1
0;939;4.30791;-5.38865;49.0425;9.50215;3593.8;5.7135;0;0;0.1;0.01;0;6.81356;0;0;-1
0;940;3.2251;8.86717;49.2374;9.40384;3483.41;5.65439;0;0;0.1;0.01;0;5.80774;0;0;-1
0;941;1.81928;29.6361;47.3232;8.5;2572.44;5.11093;0;0;0.1;0.01;0;5.05031;1;0;-1
0;942;1.08285;45.5388;47.6003;8.53776;2606.88;5.13363;0;0;0.1;0.01;0;6.17288;0;0;-1
0;943;1.49006;60.6224;45.6706;9.03964;3094.15;5.4354;0;0;0.1;0.01;0;5.43548;0;0;-1
0;944;4.93237;79.7285;48.6633;10.1102;4328.8;6.07912;0;0;0.1;0.01;0;3.00544;0;0;-1
0;945;18.9246;-84.4741;48.8942;8.82496;2878.9;5.30632;0;0;0.1;0.01;0;1.95477;0;0;-1
0;946;18.2777;-65.9357;46.7114;9.13393;3191.99;5.4921;0;0;0.1;0.01;0;4.69552;0;0;-1
0;947;16.9247;-49.4124;46.2854;8.5;2572.44;5.11093;0;0;0.1;0.01;0;4.61466;1;0;-1
0;948;19.395;-34.4;45.9305;10.2763;4545.68;6.17899;0;0;0.1;0.01;0;6.56793;0;0;-1
0;949;16.1472;-14.8572;48.4567;9.22523;3288.67;5.547;0;0;0.1;0.01;0;6.34198;0;0;-1
0;950;18.7779;1.8051;48.5209;8.50641;2578.26;5.11478;0;0;0.1;0.01;0;5.65826;0;0;-1
0;951;17.3912;17.4866;46.777;9.55479;3653.86;5.74516;0;0;0.1;0.01;0;5.2344;0;0;-1
0;952;16.0224;36.3969;49.0139;8.5;2572.44;5.11093;0;0;0.1;0.01;0;4.9516;1;0;-1
0;953;19.2402;50.8503;45.5651;9.03341;3087.76;5.43166;0;0;0.1;0.01;0;5.11169;0;0;-1
0;954;17.416;71.0979;46.7954;9.52319;3617.73;5.72616;0;0;0.1;0.01;0;4.54369;0;0;-1
0;955;33.2067;-74.2778;48.7888;8.9766;3029.87;5.3975;0;0;0.1;0.01;0;3.24447;0;0;-1
0;956;33.1125;-57.1356;47.8287;9.60965;3717.16;5.77814;0;0;0.1;0.01;0;6.046;0;0;-1
0;957;33.4762;-39.2154;45.8213;9.85133;4004.73;5.92346;0;0;0.1;0.01;0;6.54113;0;0;-1
0;958;30.7983;-22.515;46.1741;9.98303;4167.5;6.00265;0;0;0.1;0.01;0;6.3888;0;0;-1
0;959;31.9815;-5.04481;47.7751;9.48791;3577.67;5.70494;0;0;0.1;0.01;0;5.8354;0;0;-1
0;960;33.2582;12.0656;47.6426;9.44032;3524.1;5.67633;0;0;0.1;0.01;0;5.4801;0;0;-1
0;961;30.6843;25.7859;46.9749;9.75134;3884.02;5.86334;0;0;0.1;0.01;0;6.52785;0;0;-1
0;962;32.7097;43.2044;48.517;8.95476;3007.81;5.38437;0;0;0.1;0.01;0;6.11605;0;0;-1
0;963;31.8858;59.3307;48.6152;9.99243;4179.28;6.0083;0;0;0.1;0.01;0;6.93124;0;0;-1
0;964;30.9364;76.2527;47.6975;9.44588;3530.33;5.67967;0;0;0.1;0.01;0;4.12605;0;0;-1
0;965;45.9664;-63.7062;46.5689;8.50235;2574.57;5.11234;0;0;0.1;0.01;0;3.30856;0;0;-1
0;966;46.177;-47.4729;47.5733;10.2055;4452.37;6.13642;0;0;0.1;0.01;0;6.42812;0;0;-1
0;967;47.6515;-31.4629;46.2936;8.5;2572.44;5.11093;0;0;0.1;0.01;0;5.04268;1;0;-1
0;968;45.2287;-13.9415;49.0273;9.26855;3335.22;5.57304;0;0;0.1;0.01;0;5.88872;0;0;-1
0;969;45.8946;-0.220935;45.3749;8.5;2572.44;5.11093;0;0;0.1;0.01;0;5.34686;1;0;-1
0;970;47.7156;20.7843;46.8773;10.0206;4214.73;6.02524;0;0;0.1;0.01;0;7.16644;0;0;-1
0;971;45.302;36.6202;48.5864;9.44979;3534.72;5.68202;0;0;0.1;0.01;0;6.80029;0;0;-1
0;972;46.4725;54.7679;49.1081;9.69619;3818.49;5.83018;0;0;0.1;0.01;0;5.88015;0;0;-1
0;973;45.6617;72.0069;48.4228;9.86394;4020.13;5.93104;0;0;0.1;0.01;0;3.34169;0;0;-1
0;974;63.7026;-58.7701;46.4798;8.74716;2803.43;5.25954;0;0;0.1;0.01;0;2.38247;0;0;-1
0;975;62.0118;-42.3753;47.6515;9.36522;3440.67;5.63117;0;0;0.1;0.01;0;5.04816;0;0;-1
0;976;59.8946;-24.0717;48.5214;8.5;2572.44;5.11093;0;0;0.1;0.01;0;4.85997;1;0;-1
0;977;63.6081;-8.69969;46.813;10.1425;4370.42;6.09854;0;0;0.1;0.01;0;6.67247;0;0;-1
0;978;60.6627;8.13057;47.1481;9.86993;4027.46;5.93465;0;0;0.1;0.01;0;6.38191;0;0;-1
0;979;61.5228;26.8095;46.1144;9.90075;4065.3;5.95318;0;0;0.1;0.01;0;6.42496;0;0;-1
0;980;60.1693;43.6496;46.047;10.1384;4365.13;6.09607;0;0;0.1;0.01;0;6.24368;0;0;-1
0;981;61.171;61.0032;46.9955;9.12844;3186.24;5.4888;0;0;0.1;0.01;0;3.75958;0;0;-1
0;982;77.2972;-30.3694;48.6445;8.61289;2676.3;5.17881;0;0;0.1;0.01;0;2.62257;0;0;-1
0;983;77.129;-17.1005;47.731;8.5;2572.44;5.11093;0;0;0.1;0.01;0;3.16213;1;0;-1
0;984;75.567;1.83395;46.5492;9.84126;3992.46;5.91741;0;0;0.1;0.01;0;5.04729;0;0;-1
0;985;78.6916;17.3392;48.8022;10.0526;4255.24;6.04448;0;0;0.1;0.01;0;4.18403;0;0;-1
0;986;75.2832;34.6976;45.9227;10.2898;4563.62;6.18711;0;0;0.1;0.01;0;4.40596;0;0;-1
0;987;-65.6096;-30.2886;62.2635;8.57744;2643.39;5.15749;0;0;0.1;0.01;0;3.43968;0;0;-1
0;988;-66.58;-15.4232;63.5499;8.87947;2932.58;5.3391;0;0;0.1;0.01;0;3.53867;0;0;-1
0;989;-66.6872;0.551677;61.3338;8.52153;2592.04;5.12387;0;0;0.1;0.01;0;3.48042;0;0;-1
0;990;-66.153;19.5111;63.9315;9.60852;3715.85;5.77746;0;0;0.1;0.01;0;3.35581;0;0;-1
0;991;-51.8169;-58.4808;60.4475;9.06277;3117.97;5.44931;0;0;0.1;0.01;0;2.13867;0;0;-1
0;992;-51.4182;-38.7596;63.6267;10.4312;4754.35;6.27213;0;0;0.1;0.01;0;5.19876;0;0;-1
0;993;-50.746;-24.5;63.303;8.99047;3043.94;5.40584;0;0;0.1;0.01;0;6.4124;0;0;-1
0;994;-52.7058;-8.79108;61.3383;8.75928;2815.1;5.26683;0;0;0.1;0.01;0;4.5737;0;0;-1
0;995;-53.489;10.3281;61.6434;10.3467;4639.75;6.22132;0;0;0.1;0.01;0;5.60412;0;0;-1
0;996;-53.0241;27.1259;62.1051;8.5119;2583.26;5.11808;0;0;0.1;0.01;0;4.04164;0;0;-1
0;997;-51.7506;46.5233;61.8001;9.49673;3587.66;5.71025;0;0;0.1;0.01;0;3.02913;0;0;-1
0;998;-36.3739;-47.5557;60.5144;9.31429;3384.84;5.60055;0;0;0.1;0.01;0;6.18498;0;0;-1
0;999;-36.9152;-33.1705;64.1709;8.56914;2635.73;5.1525;0;0;0.1;0.01;0;5.89146;0;0;-1
0;1000;-35.4734;-15.6536;62.6725;9.77893;3917.08;5.87993;0;0;0.1;0.01;0;6.62018;0;0;-1
0;1001;-36.1656;1.45767;63.9618;8.73934;2795.92;5.25484;0;0;0.1;0.01;0;4.87528;0;0;-1
0;1002;-35.0656;19.587;62.2185;8.80965;2863.94;5.29711;0;0;0.1;0.01;0;5.88714;0;0;-1
0;1003;-35.2289;37.0935;60.6623;9.96828;4149.06;5.99378;0;0;0.1;0.01;0;6.29345;0;0;-1
0;1004;-38.3048;52.2631;63.8441;9.47991;3568.63;5.70013;0;0;0.1;0.01;0;3.94452;0;0;-1
0;1005;-38.3146;67.9549;60.696;9.61487;3723.22;5.78128;0;0;0.1;0.01;0;3.18433;0;0;-1
0;1006;-21.316;-73.2293;63.7682;8.5;2572.44;5.11093;0;0;0.1;0.01;0;1.71406;1;0;-1
0;1007;-23.2941;-57.0302;62.2463;10.4;4711.82;6.25337;0;0;0.1;0.01;0;6.18502;0;0;-1
0;1008;-22.2408;-40.8637;61.3909;10.2717;4539.58;6.17622;0;0;0.1;0.01;0;8.02928;0;0;-1
0;1009;-21.3028;-22.7382;63.6603;8.53442;2603.82;5.13162;0;0;0.1;0.01;0;6.24364;0;0;-1
0;1010;-21.9753;-5.56921;62.1282;10.3597;4657.26;6.22914;0;0;0.1;0.01;0;6.43834;0;0;-1
0;1011;-22.1213;10.5229;60.8521;8.5;2572.44;5.11093;0;0;0.1;0.01;0;3.63316;1;0;-1
0;1012;-23.785;26.8103;63.5277;9.01866;3072.66;5.42279;0;0;0.1;0.01;0;4.69479;0;0;-1
0;1013;-22.4073;44.4771;62.8081;9.87176;4029.7;5.93575;0;0;0.1;0.01;0;6.77262;0;0;-1
0;1014;-21.8311;59.7014;60.1754;8.81698;2871.1;5.30152;0;0;0.1;0.01;0;5.43988;0;0;-1
0;1015;-7.87272;-67.6911;60.3503;8.52518;2595.37;5.12607;0;0;0.1;0.01;0;3.89075;0;0;-1
0;1016;-7.86997;-47.7029;63.1293;10.2311;4485.96;6.15181;0;0;0.1;0.01;0;6.71345;0;0;-1
0;1017;-5.56406;-29.8824;63.3939;9.05885;3113.92;5.44696;0;0;0.1;0.01;0;6.57569;0;0;-1
0;1018;-6.85336;-15.334;60.9678;8.54701;2615.36;5.13919;0;0;0.1;0.01;0;6.6257;0;0;-1
0;1019;-8.78339;0.618359;60.7726;8.5;2572.44;5.11093;0;0;0.1;0.01;0;4.71311;1;0;-1
0;1020;-6.95963;20.8298;60.3926;8.92528;2978.2;5.36664;0;0;0.1;0.01;0;4.61595;0;0;-1
0;1021;-8.83328;36.0106;63.5751;9.68264;3802.51;5.82203;0;0;0.1;0.01;0;7.04869;0;0;-1
0;1022;-6.47311;52.1406;61.0308;9.64341;3756.48;5.79844;0;0;0.1;0.01;0;7.58288;0;0;-1
0;1023;-7.4369;67.6715;60.8765;10.3052;4584.14;6.19637;0;0;0.1;0.01;0;4.93645;0;0;-1
0;1024;5.31938;-73.7727;61.9496;8.5;2572.44;5.11093;0;0;0.1;0.01;0;2.23726;1;0;-1
0;1025;6.87125;-57.4078;62.3016;10.176;4413.87;6.11868;0;0;0.1;0.01;0;5.81696;0;0;-1
0;1026;7.74209;-39.3534;61.0327;8.5;2572.44;5.11093;0;0;0.1;0.01;0;4.55409;1;0;-1
0;1027;6.38197;-22.6908;62.3431;9.92312;4092.92;5.96663;0;0;0.1;0.01;0;6.7116;0;0;-1
0;1028;9.17283;-6.37352;62.4702;10.2402;4497.94;6.15728;0;0;0.1;0.01;0;6.85723;0;0;-1
0;1029;8.78123;12.1971;62.2446;8.66534;2725.5;5.21034;0;0;0.1;0.01;0;4.7884;0;0;-1
0;1030;7.92055;26.322;63.4159;8.5;2572.44;5.11093;0;0;0.1;0.01;0;5.49429;1;0;-1
0;1031;7.42381;42.0727;60.082;10.2988;4575.6;6.19252;0;0;0.1;0.01;0;6.63447;0;0;-1
0;1032;6.63864;63.0828;63.2862;9.3194;3390.41;5.60362;0;0;0.1;0.01;0;4.62329;0;0;-1
0;1033;21.3042;-63.8662;60.9554;8.5;2572.44;5.11093;0;0;0.1;0.01;0;3.70204;1;0;-1
0;1034;23.2563;-50.2974;61.95;8.5;2572.44;5.11093;0;0;0.1;0.01;0;4.43446;1;0;-1
0;1035;20.937;-32.3606;61.0322;8.5;2572.44;5.11093;0;0;0.1;0.01;0;3.8337;1;0;-1
0;1036;24.2102;-12.67;60.3665;8.5;2572.44;5.11093;0;0;0.1;0.01;0;5.40659;1;0;-1
0;1037;20.6113;2.95295;61.782;8.5;2572.44;5.11093;0;0;0.1;0.01;0;5.06485;1;0;-1
0;1038;23.0801;19.797;63.7369;10.3275;4613.96;6.20978;0;0;0.1;0.01;0;7.3425;0;0;-1
0;1039;21.9263;37.8401;63.1512;8.70203;2760.26;5.2324;0;0;0.1;0.01;0;5.6877;0;0;-1
0;1040;21.579;53.1551;60.4202;8.5;2572.44;5.11093;0;0;0.1;0.01;0;5.29758;1;0;-1
0;1041;22.1368;69.1052;61.3881;9.0674;3122.75;5.4521;0;0;0.1;0.01;0;3.39234;0;0;-1
0;1042;34.6666;-59.7317;63.5353;8.5;2572.44;5.11093;0;0;0.1;0.01;0;2.17421;1;0;-1
0;1043;36.1539;-39.3394;62.5771;9.23923;3303.66;5.55541;0;0;0.1;0.01;0;4.51106;0;0;-1
0;1044;38.1814;-22.8166;61.8943;8.81792;2872.02;5.30209;0;0;0.1;0.01;0;4.89413;0;0;-1
0;1045;35.7952;-5.0616;62.6045;8.95321;3006.25;5.38344;0;0;0.1;0.01;0;4.80359;0;0;-1
0;1046;38.2662;12.2879;61.3816;9.45337;3538.74;5.68417;0;0;0.1;0.01;0;5.64873;0;0;-1
0;1047;37.9548;26.2073;60.2494;8.5;2572.44;5.11093;0;0;0.1;0.01;0;6.73322;1;0;-1
0;1048;35.5214;43.3615;63.5223;9.23679;3301.05;5.55395;0;0;0.1;0.01;0;5.62951;0;0;-1
0;1049;38.6617;60.4727;63.3804;9.72555;3853.28;5.84783;0;0;0.1;0.01;0;3.9489;0;0;-1
0;1050;53.4588;-48.736;61.7404;9.52246;3616.9;5.72572;0;0;0.1;0.01;0;3.22454;0;0;-1
0;1051;50.3672;-33.3894;60.8842;8.5;2572.44;5.11093;0;0;0.1;0.01;0;4.87672;1;0;-1
0;1052;51.0248;-15.2828;62.1395;9.58171;3684.83;5.76134;0;0;0.1;0.01;0;5.69747;0;0;-1
0;1053;50.0357;0.794983;62.6987;8.5;2572.44;5.11093;0;0;0.1;0.01;0;4.12839;1;0;-1
0;1054;50.5511;20.6965;60.9301;8.5;2572.44;5.11093;0;0;0.1;0.01;0;5.72385;1;0;-1
0;1055;50.872;34.8037;61.8195;9.8158;3961.56;5.9021;0;0;0.1;0.01;0;6.01863;0;0;-1
0;1056;53.6964;53.0096;62.738;10.1404;4367.71;6.09728;0;0;0.1;0.01;0;3.14244;0;0;-1
0;1057;67.0784;-40.8592;60.8964;10.4293;4751.76;6.27099;0;0;0.1;0.01;0;2.85208;0;0;-1
0;1058;64.4536;-21.5206;62.1421;8.5;2572.44;5.11093;0;0;0.1;0.01;0;2.95855;1;0;-1
0;1059;64.4423;-5.43782;61.8708;8.5;2572.44;5.11093;0;0;0.1;0.01;0;4.08015;1;0;-1
0;1060;66.7718;9.19787;60.6527;9.7064;3830.57;5.83632;0;0;0.1;0.01;0;3.28728;0;0;-1
0;1061;65.1677;25.031;60.169;8.80062;2855.15;5.29169;0;0;0.1;0.01;0;2.8187;0;0;-1
0;1062;-54.4225;-23.7663;75.9839;9.34551;3418.99;5.61932;0;0;0.1;0.01;0;3.60289;0;0;-1
0;1063;-56.5104;-4.70005;78.7048;8.5;2572.44;5.11093;0;0;0.1;0.01;0;1.66257;1;0;-1
0;1064;-54.9449;10.6787;76.2423;9.32397;3395.4;5.60637;0;0;0.1;0.01;0;3.90451;0;0;-1
0;1065;-56.443;29.725;75.017;10.447;4775.99;6.28163;0;0;0.1;0.01;0;3.23339;0;0;-1
0;1066;-40.0287;-48.9635;77.0236;8.5;2572.44;5.11093;0;0;0.1;0.01;0;2.2464;1;0;-1
0;1067;-42.2502;-30.7989;77.7938;8.79456;2849.25;5.28804;0;0;0.1;0.01;0;4.74959;0;0;-1
0;1068;-40.3976;-15.9248;75.0963;9.98709;4172.59;6.00509;0;0;0.1;0.01;0;6.54581;0;0;-1
0;1069;-40.4515;2.87031;77.9494;9.51488;3608.27;5.72116;0;0;0.1;0.01;0;5.73081;0;0;-1
0;1070;-41.6336;17.7767;74.6474;8.54694;2615.29;5.13915;0;0;0.1;0.01;0;5.54859;0;0;-1
0;1071;-39.3209;33.6801;76.4784;9.87209;4030.1;5.93594;0;0;0.1;0.01;0;4.14248;0;0;-1
0;1072;-24.3931;-55.1618;76.9439;9.73996;3870.44;5.8565;0;0;0.1;0.01;0;3.46699;0;0;-1
0;1073;-26.2725;-40.8481;74.9494;9.02504;3079.19;5.42663;0;0;0.1;0.01;0;5.50546;0;0;-1
0;1074;-27.4691;-23.1563;76.5335;10.0637;4269.35;6.05116;0;0;0.1;0.01;0;7.01376;0;0;-1
0;1075;-27.2479;-4.51761;77.9017;9.34698;3420.6;5.6202;0;0;0.1;0.01;0;6.55016;0;0;-1
0;1076;-24.9839;12.2899;77.0431;9.04555;3100.23;5.43896;0;0;0.1;0.01;0;5.7752;0;0;-1
0;1077;-25.7876;26.5302;77.301;9.31413;3384.66;5.60045;0;0;0.1;0.01;0;5.89717;0;0;-1
0;1078;-25.3438;43.7251;77.7637;9.28589;3353.97;5.58347;0;0;0.1;0.01;0;3.80713;0;0;-1
0;1079;-10.0635;-47.8113;76.404;8.80812;2862.45;5.29619;0;0;0.1;0.01;0;4.92215;0;0;-1
0;1080;-12.4512;-31.1422;76.4153;10.2266;4480.05;6.14911;0;0;0.1;0.01;0;7.47816;0;0;-1
0;1081;-12.8037;-16.1723;74.6115;9.40462;3484.27;5.65486;0;0;0.1;0.01;0;7.35071;0;0;-1
0;1082;-13.5656;0.326871;78.499;10.2202;4471.64;6.14526;0;0;0.1;0.01;0;6.59547;0;0;-1
0;1083;-11.4815;20.5747;78.3236;8.95194;3004.97;5.38267;0;0;0.1;0.01;0;5.81117;0;0;-1
0;1084;-10.8874;36.5077;76.7778;10.0821;4292.81;6.06222;0;0;0.1;0.01;0;7.27559;0;0;-1
0;1085;-11.9883;51.5987;76.3098;9.93362;4105.93;5.97294;0;0;0.1;0.01;0;4.78271;0;0;-1
0;1086;3.54485;-58.8462;76.6022;10.3992;4710.73;6.25289;0;0;0.1;0.01;0;3.37181;0;0;-1
0;1087;1.38181;-42.2272;78.4791;8.5;2572.44;5.11093;0;0;0.1;0.01;0;4.97782;1;0;-1
0;1088;4.76783;-23.2441;76.3358;10.0445;4244.96;6.03961;0;0;0.1;0.01;0;6.80816;0;0;-1
0;1089;1.29745;-7.59563;78.2457;9.92445;4094.57;5.96743;0;0;0.1;0.01;0;6.26937;0;0;-1
0;1090;3.27066;11.416;77.6309;8.90179;2954.75;5.35252;0;0;0.1;0.01;0;4.54023;0;0;-1
0;1091;1.50807;27.3583;77.7793;9.65841;3774.03;5.80746;0;0;0.1;0.01;0;7.23884;0;0;-1
0;1092;2.53962;42.4974;76.4641;10.3015;4579.2;6.19414;0;0;0.1;0.01;0;6.33618;0;0;-1
0;1093;4.04429;61.3727;76.5666;9.70352;3827.16;5.83459;0;0;0.1;0.01;0;3.29207;0;0;-1
0;1094;16.4745;-49.5993;74.9889;8.82222;2876.22;5.30467;0;0;0.1;0.01;0;3.51529;0;0;-1
0;1095;17.4654;-30.7383;77.8427;9.94785;4123.6;5.9815;0;0;0.1;0.01;0;6.04519;0;0;-1
0;1096;18.4959;-13.1218;74.6111;9.11763;3174.93;5.4823;0;0;0.1;0.01;0;6.14186;0;0;-1
0;1097;16.7223;3.339;76.3054;8.78297;2838;5.28107;0;0;0.1;0.01;0;5.2522;0;0;-1
0;1098;18.408;20.1262;76.7563;8.5;2572.44;5.11093;0;0;0.1;0.01;0;5.81273;1;0;-1
0;1099;18.6032;33.9789;76.0122;10.0972;4312.13;6.0713;0;0;0.1;0.01;0;7.30797;0;0;-1
0;1100;18.5657;54.4285;76.1406;9.59276;3697.6;5.76799;0;0;0.1;0.01;0;3.60193;0;0;-1
0;1101;32.5493;-40.1961;76.4267;10.1849;4425.47;6.12403;0;0;0.1;0.01;0;3.8139;0;0;-1
0;1102;31.2472;-22.944;78.5544;10.1291;4353.13;6.09048;0;0;0.1;0.01;0;5.58368;0;0;-1
0;1103;31.1801;-5.98744;77.3448;8.5572;2624.72;5.14532;0;0;0.1;0.01;0;5.20062;0;0;-1
0;1104;32.3724;11.7409;76.1679;9.07028;3125.72;5.45383;0;0;0.1;0.01;0;4.46436;0;0;-1
0;1105;34.5156;28.4106;76.6462;10.3011;4578.67;6.1939;0;0;0.1;0.01;0;5.87672;0;0;-1
0;1106;30.9543;46.4971;78.1588;10.3268;4613.03;6.20935;0;0;0.1;0.01;0;4.16946;0;0;-1
0;1107;49.0848;-30.3944;78.6663;9.26179;3327.92;5.56898;0;0;0.1;0.01;0;1.69021;0;0;-1
0;1108;45.4475;-13.8854;75.3064;8.5304;2600.14;5.12921;0;0;0.1;0.01;0;4.7622;0;0;-1
0;1109;47.4406;0.397762;77.9816;8.55106;2619.08;5.14163;0;0;0.1;0.01;0;3.45436;0;0;-1
0;1110;48.3209;20.0367;74.9157;9.58572;3689.46;5.76375;0;0;0.1;0.01;0;3.87103;0;0;-1
0;1111;49.0107;36.2395;77.4653;8.5;2572.44;5.11093;0;0;0.1;0.01;0;2.34214;1;0;-1
0;1112;60.44;-6.10473;78.4424;8.5;2572.44;5.11093;0;0;0.1;0.01;0;1.5951;1;0;-1
0;1113;-36.2705;-15.7316;89.6403;9.8315;3980.59;5.91154;0;0;0.1;0.01;0;4.24682;0;0;-1
0;1114;-36.4149;1.565;91.2388;8.5;2572.44;5.11093;0;0;0.1;0.01;0;3.92229;1;0;-1
0;1115;-38.4465;16.9516;89.8859;10.0141;4206.53;6.02133;0;0;0.1;0.01;0;3.77003;0;0;-1
0;1116;-21.1033;-24.4698;90.0494;10.4526;4783.67;6.285;0;0;0.1;0.01;0;4.9477;0;0;-1
0;1117;-23.417;-6.3626;93.0725;10.0382;4236.98;6.03582;0;0;0.1;0.01;0;4.54123;0;0;-1
0;1118;-22.7325;11.6888;89.767;8.5;2572.44;5.11093;0;0;0.1;0.01;0;4.56419;1;0;-1
0;1119;-21.6263;27.6341;93.3751;10.1704;4406.59;6.11531;0;0;0.1;0.01;0;3.63799;0;0;-1
0;1120;-7.47669;-31.4714;90.792;9.99572;4183.41;6.01028;0;0;0.1;0.01;0;4.74509;0;0;-1
0;1121;-8.53268;-14.0106;89.4469;9.49792;3589.01;5.71096;0;0;0.1;0.01;0;6.43239;0;0;-1
0;1122;-6.51281;1.18223;92.6596;9.92513;4095.41;5.96784;0;0;0.1;0.01;0;5.31402;0;0;-1
0;1123;-5.80574;19.1319;93.3208;10.3778;4681.71;6.24002;0;0;0.1;0.01;0;5.3777;0;0;-1
0;1124;-7.61204;35.0396;92.3586;8.5;2572.44;5.11093;0;0;0.1;0.01;0;3.71042;1;0;-1
0;1125;5.42059;-38.568;92.1449;8.64182;2703.36;5.1962;0;0;0.1;0.01;0;2.77411;0;0;-1
0;1126;6.63532;-23.3663;92.1236;9.97299;4154.94;5.99661;0;0;0.1;0.01;0;4.86032;0;0;-1
0;1127;7.32648;-5.04187;91.6086;9.76217;3896.98;5.86985;0;0;0.1;0.01;0;4.3712;0;0;-1
0;1128;6.66339;10.807;91.2114;9.29955;3368.79;5.59168;0;0;0.1;0.01;0;4.12378;0;0;-1
0;1129;6.09721;28.7523;90.0574;9.47028;3557.76;5.69434;0;0;0.1;0.01;0;5.33356;0;0;-1
0;1130;23.7558;-31.9718;89.8634;8.5;2572.44;5.11093;0;0;0.1;0.01;0;2.94957;1;0;-1
0;1131;20.7054;-13.475;89.3585;8.96289;3016.01;5.38926;0;0;0.1;0.01;0;4.8227;0;0;-1
0;1132;22.796;0.121761;90.16;8.56343;2630.46;5.14907;0;0;0.1;0.01;0;3.47007;0;0;-1
0;1133;20.0082;20.8202;90.9621;8.88242;2935.5;5.34087;0;0;0.1;0.01;0;3.25309;0;0;-1
0;1134;20.892;36.7125;90.3426;8.61361;2676.97;5.17924;0;0;0.1;0.01;0;2.72054;0;0;-1
0;1135;37.326;-7.81017;89.7351;9.767;3902.76;5.87276;0;0;0.1;0.01;0;3.63566;0;0;-1
0;1136;35.4249;9.72525;91.1645;8.5238;2594.11;5.12524;0;0;0.1;0.01;0;1.96383;0;0;-1
