Time;ID;x;y;z;radius;volume_total;radius_nuclear;contact_ECM;freezer;polarized_fraction;motility;cell_line;Cell_cell;phase;Cycle;NFkB
0;0;-51.3176;-4.6102;-83.4228;8.5;2572.44;5.11093;0;0;0.1;0.01;0;2.64652;1;0;-1
0;1;-37.4317;-33.3447;-84.6867;9.8791;4038.69;5.94016;0;0;0.1;0.01;0;2.67511;0;0;-1
0;2;-37.6562;-13.8298;-86.4858;8.5;2572.44;5.11093;0;0;0.1;0.01;0;2.65084;1;0;-1
0;3;-38.5112;0.470835;-85.5918;8.93259;2985.53;5.37104;0;0;0.1;0.01;0;2.49595;0;0;-1
0;4;-35.4911;20.6059;-84.3373;10.0373;4235.84;6.03528;0;0;0.1;0.01;0;3.05466;0;0;-1
0;5;-21.7998;-40.6283;-87.2585;9.31441;3384.97;5.60062;0;0;0.1;0.01;0;2.80851;0;0;-1
0;6;-20.5467;-22.3994;-85.937;8.72424;2781.45;5.24576;0;0;0.1;0.01;0;4.23825;0;0;-1
0;7;-21.0301;-8.41713;-84.5104;8.68751;2746.47;5.22367;0;0;0.1;0.01;0;4.1066;0;0;-1
0;8;-20.3054;10.721;-85.9681;8.9461;2999.09;5.37916;0;0;0.1;0.01;0;3.39622;0;0;-1
0;9;-22.2971;28.7561;-84.0056;9.1147;3171.87;5.48054;0;0;0.1;0.01;0;3.81403;0;0;-1
0;10;-8.84322;-49.3344;-83.4142;10.3831;4688.89;6.24321;0;0;0.1;0.01;0;3.61038;0;0;-1
0;11;-7.0959;-30.7513;-87.1645;9.25676;3322.5;5.56596;0;0;0.1;0.01;0;4.75244;0;0;-1
0;12;-6.80875;-16.6189;-86.2482;8.92614;2979.06;5.36716;0;0;0.1;0.01;0;5.07937;0;0;-1
0;13;-6.59074;0.139929;-85.5159;10.1914;4433.94;6.12794;0;0;0.1;0.01;0;5.01993;0;0;-1
0;14;-7.56481;20.0319;-83.7604;10.1998;4444.92;6.13299;0;0;0.1;0.01;0;5.00602;0;0;-1
0;15;-7.67545;38.2925;-83.9359;9.71243;3837.71;5.83994;0;0;0.1;0.01;0;3.31996;0;0;-1
0;16;7.44501;-40.8697;-85.9496;10.0896;4302.4;6.06673;0;0;0.1;0.01;0;4.84846;0;0;-1
0;17;6.40381;-24.2345;-83.4888;10.0954;4309.82;6.07022;0;0;0.1;0.01;0;6.03601;0;0;-1
0;18;8.72738;-6.01873;-85.839;8.76963;2825.09;5.27305;0;0;0.1;0.01;0;3.89227;0;0;-1
0;19;6.47846;10.9345;-86.7595;8.73724;2793.9;5.25358;0;0;0.1;0.01;0;2.66717;0;0;-1
0;20;7.75501;27.7527;-87.389;8.84193;2895.54;5.31652;0;0;0.1;0.01;0;3.18354;0;0;-1
0;21;8.87757;45.3822;-83.58;10.2972;4573.47;6.19156;0;0;0.1;0.01;0;3.80162;0;0;-1
0;22;20.2405;-49.1524;-84.4986;9.44966;3534.57;5.68194;0;0;0.1;0.01;0;3.23404;0;0;-1
0;23;23.3385;-34.034;-86.6641;10.0918;4305.21;6.06805;0;0;0.1;0.01;0;5.12441;0;0;-1
0;24;20.6106;-15.729;-84.965;8.5;2572.44;5.11093;0;0;0.1;0.01;0;3.28257;1;0;-1
0;25;22.4768;3.45506;-86.8662;8.58914;2654.22;5.16453;0;0;0.1;0.01;0;3.58977;0;0;-1
0;26;23.6328;20.3908;-84.4841;8.88816;2941.2;5.34432;0;0;0.1;0.01;0;4.47689;0;0;-1
0;27;23.5477;37.742;-84.861;9.8457;3997.87;5.92008;0;0;0.1;0.01;0;3.69389;0;0;-1
0;28;36.3546;-40.1938;-83.6461;9.99562;4183.29;6.01022;0;0;0.1;0.01;0;3.76961;0;0;-1
0;29;35.4699;-25.5456;-86.1253;8.5;2572.44;5.11093;0;0;0.1;0.01;0;3.01642;1;0;-1
0;30;37.2099;-5.59912;-85.3024;10.2046;4451.19;6.13588;0;0;0.1;0.01;0;2.52913;0;0;-1
0;31;36.5612;10.8582;-83.9721;10.2277;4481.49;6.14977;0;0;0.1;0.01;0;3.93919;0;0;-1
0;32;37.5893;26.9801;-83.9297;10.0868;4298.82;6.06505;0;0;0.1;0.01;0;4.3581;0;0;-1
0;33;-70.5258;-14.7627;-69.3723;9.3986;3477.59;5.65124;0;0;0.1;0.01;0;2.28085;0;0;-1
0;34;-57.8101;-39.4484;-71.3446;9.97762;4160.73;5.9994;0;0;0.1;0.01;0;3.10556;0;0;-1
0;35;-56.6654;-25.1903;-72.491;9.30194;3371.39;5.59312;0;0;0.1;0.01;0;3.99614;0;0;-1
0;36;-54.7611;-8.89702;-70.8565;8.5;2572.44;5.11093;0;0;0.1;0.01;0;4.50382;1;0;-1
0;37;-56.2932;9.85433;-69.7935;10.3383;4628.45;6.21627;0;0;0.1;0.01;0;3.50811;0;0;-1
0;38;-57.7889;28.4773;-71.5033;8.5;2572.44;5.11093;0;0;0.1;0.01;0;2.15724;1;0;-1
0;39;-54.6546;46.902;-68.579;9.52835;3623.61;5.72926;0;0;0.1;0.01;0;3.24145;0;0;-1
0;40;-41.5489;-51.3149;-72.676;9.08313;3139.03;5.46155;0;0;0.1;0.01;0;2.11208;0;0;-1
0;41;-41.3959;-30.4531;-70.9844;9.44447;3528.75;5.67882;0;0;0.1;0.01;0;5.73796;0;0;-1
0;42;-42.2313;-16.6242;-69.6698;10.4347;4759.14;6.27423;0;0;0.1;0.01;0;6.85619;0;0;-1
0;43;-39.4148;1.73134;-69.0977;8.5;2572.44;5.11093;0;0;0.1;0.01;0;4.22291;1;0;-1
0;44;-42.3605;16.7602;-69.0614;8.5;2572.44;5.11093;0;0;0.1;0.01;0;5.51167;1;0;-1
0;45;-42.4238;34.252;-69.8663;9.48534;3574.76;5.7034;0;0;0.1;0.01;0;5.21159;0;0;-1
0;46;-41.2148;53.4648;-69.4143;8.5;2572.44;5.11093;0;0;0.1;0.01;0;3.80505;1;0;-1
0;47;-26.5827;-57.1943;-70.3641;8.69547;2754.02;5.22846;0;0;0.1;0.01;0;4.0235;0;0;-1
0;48;-28.5592;-42.5883;-68.4961;10.4235;4743.83;6.2675;0;0;0.1;0.01;0;6.3879;0;0;-1
0;49;-26.2526;-24.7393;-70.6792;8.78999;2844.81;5.28529;0;0;0.1;0.01;0;5.81383;0;0;-1
0;50;-24.7295;-8.81312;-71.8619;8.5;2572.44;5.11093;0;0;0.1;0.01;0;4.47438;1;0;-1
0;51;-26.8776;11.1049;-69.6496;9.33999;3412.93;5.616;0;0;0.1;0.01;0;5.35118;0;0;-1
0;52;-26.004;26.9262;-69.2383;10.0291;4225.46;6.03035;0;0;0.1;0.01;0;6.57033;0;0;-1
0;53;-27.6109;43.7337;-70.6711;9.33376;3406.11;5.61225;0;0;0.1;0.01;0;4.60122;0;0;-1
0;54;-27.1618;62.1937;-69.8059;9.79464;3935.99;5.88937;0;0;0.1;0.01;0;3.74023;0;0;-1
0;55;-13.5719;-63.8517;-69.0169;9.87774;4037.02;5.93934;0;0;0.1;0.01;0;4.04009;0;0;-1
0;56;-13.8192;-48.1348;-68.3411;8.5;2572.44;5.11093;0;0;0.1;0.01;0;5.72119;1;0;-1
0;57;-11.347;-31.1869;-72.6088;8.91585;2968.77;5.36097;0;0;0.1;0.01;0;5.099;0;0;-1
0;58;-12.6967;-15.0506;-70.9676;9.29638;3365.35;5.58978;0;0;0.1;0.01;0;6.58917;0;0;-1
0;59;-9.94994;1.96181;-71.7753;9.45092;3535.99;5.6827;0;0;0.1;0.01;0;5.80879;0;0;-1
0;60;-11.6473;16.5887;-70.1443;8.82064;2874.68;5.30372;0;0;0.1;0.01;0;5.34587;0;0;-1
0;61;-11.885;36.6284;-70.9311;9.09843;3154.92;5.47075;0;0;0.1;0.01;0;4.65116;0;0;-1
0;62;-10.7529;55.0823;-70.3589;9.75011;3882.55;5.8626;0;0;0.1;0.01;0;3.31335;0;0;-1
0;63;2.17825;-56.2451;-69.0648;9.01971;3073.73;5.42342;0;0;0.1;0.01;0;4.73844;0;0;-1
0;64;3.94169;-40.153;-72.0479;8.76763;2823.16;5.27185;0;0;0.1;0.01;0;5.201;0;0;-1
0;65;2.71642;-22.9003;-68.5029;10.2393;4496.76;6.15674;0;0;0.1;0.01;0;7.06931;0;0;-1
0;66;4.34169;-7.97781;-72.0154;9.90275;4067.77;5.95438;0;0;0.1;0.01;0;6.59501;0;0;-1
0;67;2.35174;10.169;-69.2108;8.5;2572.44;5.11093;0;0;0.1;0.01;0;4.96668;1;0;-1
0;68;4.4045;26.7923;-69.6904;8.5;2572.44;5.11093;0;0;0.1;0.01;0;4.49113;1;0;-1
0;69;4.43613;45.7947;-70.5472;9.40266;3482.1;5.65368;0;0;0.1;0.01;0;6.0709;0;0;-1
0;70;3.50931;63.7158;-70.1481;9.87208;4030.09;5.93594;0;0;0.1;0.01;0;3.45398;0;0;-1
0;71;16.3284;-66.2673;-69.8984;9.33398;3406.35;5.61239;0;0;0.1;0.01;0;2.89233;0;0;-1
0;72;15.966;-47.1667;-70.9227;8.71329;2770.99;5.23917;0;0;0.1;0.01;0;4.75346;0;0;-1
0;73;19.2586;-30.2063;-70.8803;10.2304;4485.04;6.15139;0;0;0.1;0.01;0;6.89144;0;0;-1
0;74;16.4094;-14.0928;-69.2238;8.5;2572.44;5.11093;0;0;0.1;0.01;0;6.69766;1;0;-1
0;75;16.9967;1.21975;-71.327;9.24351;3308.26;5.55799;0;0;0.1;0.01;0;5.4399;0;0;-1
0;76;16;18.2061;-69.2067;8.72477;2781.96;5.24608;0;0;0.1;0.01;0;4.98775;0;0;-1
0;77;17.3079;35.4454;-70.6355;9.03495;3089.34;5.43258;0;0;0.1;0.01;0;5.48822;0;0;-1
0;78;19.4552;55.0738;-70.2789;10.194;4437.34;6.1295;0;0;0.1;0.01;0;4.0662;0;0;-1
0;79;31.0823;-57.7951;-69.4725;8.5;2572.44;5.11093;0;0;0.1;0.01;0;3.35869;1;0;-1
0;80;31.7633;-38.5265;-68.4296;9.87873;4038.24;5.93994;0;0;0.1;0.01;0;6.27557;0;0;-1
0;81;32.0156;-21.8249;-69.6486;8.5;2572.44;5.11093;0;0;0.1;0.01;0;4.93533;1;0;-1
0;82;33.3363;-6.34244;-68.8119;9.53103;3626.67;5.73087;0;0;0.1;0.01;0;5.57059;0;0;-1
0;83;30.5722;12.4413;-71.3006;9.73152;3860.39;5.85142;0;0;0.1;0.01;0;6.45267;0;0;-1
0;84;33.6233;28.6026;-68.5242;10.0382;4236.98;6.03582;0;0;0.1;0.01;0;6.88784;0;0;-1
0;85;34.0134;43.7431;-71.9742;8.5;2572.44;5.11093;0;0;0.1;0.01;0;4.23455;1;0;-1
0;86;46.3655;-51.2908;-68.9116;9.61922;3728.28;5.7839;0;0;0.1;0.01;0;2.75895;0;0;-1
0;87;45.9807;-30.4844;-71.9462;9.01313;3067.01;5.41946;0;0;0.1;0.01;0;4.33419;0;0;-1
0;88;47.5566;-13.4244;-71.9984;9.9526;4129.51;5.98435;0;0;0.1;0.01;0;4.86692;0;0;-1
0;89;45.3297;1.64972;-69.0617;8.5;2572.44;5.11093;0;0;0.1;0.01;0;5.76305;1;0;-1
0;90;47.3062;17.1297;-68.9532;10.3912;4699.87;6.24808;0;0;0.1;0.01;0;6.3848;0;0;-1
0;91;48.9702;36.8831;-71.9497;10.2103;4458.66;6.13931;0;0;0.1;0.01;0;3.53536;0;0;-1
0;92;46.7056;54.1104;-69.0057;8.5;2572.44;5.11093;0;0;0.1;0.01;0;2.53699;1;0;-1
0;93;60.025;-25.6632;-72.0482;10.0688;4275.84;6.05422;0;0;0.1;0.01;0;2.75224;0;0;-1
0;94;62.5638;-5.60779;-71.921;8.73835;2794.97;5.25424;0;0;0.1;0.01;0;2.33577;0;0;-1
0;95;61.3307;9.87367;-68.8408;9.81409;3959.49;5.90107;0;0;0.1;0.01;0;3.63424;0;0;-1
0;96;-80.3933;-8.31326;-55.4088;9.69228;3813.88;5.82783;0;0;0.1;0.01;0;2.96327;0;0;-1
0;97;-80.1238;12.4605;-54.338;8.7296;2786.58;5.24898;0;0;0.1;0.01;0;2.61292;0;0;-1
0;98;-65.759;-48.4216;-54.2759;10.1245;4347.2;6.08771;0;0;0.1;0.01;0;4.68019;0;0;-1
0;99;-67.702;-33.8796;-55.4101;8.95215;3005.18;5.3828;0;0;0.1;0.01;0;3.30398;0;0;-1
0;100;-65.556;-12.6524;-56.3721;8.50736;2579.13;5.11535;0;0;0.1;0.01;0;4.00071;0;0;-1
0;101;-64.5991;1.73315;-53.9667;9.72048;3847.26;5.84478;0;0;0.1;0.01;0;5.33438;0;0;-1
0;102;-68.0131;19.6441;-57.7836;8.68328;2742.46;5.22113;0;0;0.1;0.01;0;3.53349;0;0;-1
0;103;-66.4413;35.4432;-55.55;8.5;2572.44;5.11093;0;0;0.1;0.01;0;3.49237;1;0;-1
0;104;-52.2483;-59.3445;-54.8701;9.7421;3872.99;5.85778;0;0;0.1;0.01;0;4.06116;0;0;-1
0;105;-52.9149;-42.3694;-57.5557;8.54632;2614.73;5.13878;0;0;0.1;0.01;0;4.59289;0;0;-1
0;106;-51.3197;-24.6969;-57.8017;8.5;2572.44;5.11093;0;0;0.1;0.01;0;4.569;1;0;-1
0;107;-49.8622;-4.79295;-57.1184;9.83619;3986.29;5.91436;0;0;0.1;0.01;0;6.42207;0;0;-1
0;108;-51.7468;12.0409;-54.3865;9.7551;3888.52;5.8656;0;0;0.1;0.01;0;7.06047;0;0;-1
0;109;-51.0347;27.8552;-57.8109;10.3779;4681.85;6.24008;0;0;0.1;0.01;0;6.92784;0;0;-1
0;110;-52.1428;44.8048;-54.0111;9.75705;3890.85;5.86677;0;0;0.1;0.01;0;6.19947;0;0;-1
0;111;-50.577;59.7285;-54.4372;10.0947;4308.92;6.0698;0;0;0.1;0.01;0;5.15128;0;0;-1
0;112;-38.6612;-66.5812;-56.3478;9.78686;3926.62;5.8847;0;0;0.1;0.01;0;4.10188;0;0;-1
0;113;-38.3717;-51.0462;-54.5708;9.22818;3291.83;5.54877;0;0;0.1;0.01;0;5.19131;0;0;-1
0;114;-36.5516;-31.228;-56.2484;9.62245;3732.03;5.78584;0;0;0.1;0.01;0;6.18262;0;0;-1
0;115;-36.5222;-14.8555;-55.7914;10.2702;4537.59;6.17532;0;0;0.1;0.01;0;6.81717;0;0;-1
0;116;-37.7512;2.43865;-54.378;8.98033;3033.65;5.39974;0;0;0.1;0.01;0;5.52381;0;0;-1
0;117;-36.0777;20.9966;-57.0177;10.2728;4541.04;6.17689;0;0;0.1;0.01;0;7.54041;0;0;-1
0;118;-35.2055;36.652;-55.073;8.75833;2814.18;5.26626;0;0;0.1;0.01;0;6.65488;0;0;-1
0;119;-36.9995;51.2826;-56.5085;10.0445;4244.96;6.03961;0;0;0.1;0.01;0;6.94471;0;0;-1
0;120;-35.9276;70.3128;-57.9318;10.4064;4720.52;6.25722;0;0;0.1;0.01;0;4.27255;0;0;-1
0;121;-23.9303;-76.0261;-57.3241;9.56038;3660.28;5.74852;0;0;0.1;0.01;0;3.14591;0;0;-1
0;122;-21.8322;-56.2124;-56.4071;9.42137;3502.92;5.66493;0;0;0.1;0.01;0;6.5099;0;0;-1
0;123;-21.0936;-40.4623;-54.8465;10.0066;4197.09;6.01682;0;0;0.1;0.01;0;6.98303;0;0;-1
0;124;-23.6226;-22.5382;-56.7417;9.91108;4078.04;5.95939;0;0;0.1;0.01;0;6.87763;0;0;-1
0;125;-21.5826;-7.15127;-56.3419;8.98657;3039.98;5.40349;0;0;0.1;0.01;0;5.63167;0;0;-1
0;126;-22.4104;8.99865;-55.984;9.44496;3529.3;5.67912;0;0;0.1;0.01;0;4.80111;0;0;-1
0;127;-21.4044;25.5965;-55.5874;8.61865;2681.68;5.18227;0;0;0.1;0.01;0;5.26621;0;0;-1
0;128;-21.7816;42.304;-56.7032;8.5;2572.44;5.11093;0;0;0.1;0.01;0;5.12222;1;0;-1
0;129;-22.1141;63.2054;-54.4587;10.3642;4663.33;6.23184;0;0;0.1;0.01;0;7.13696;0;0;-1
0;130;-22.0243;77.9722;-57.0187;9.14647;3205.16;5.49964;0;0;0.1;0.01;0;3.52747;0;0;-1
0;131;-9.28695;-80.7862;-56.0065;8.5;2572.44;5.11093;0;0;0.1;0.01;0;2.47056;1;0;-1
0;132;-5.76939;-65.6715;-55.747;9.0412;3095.76;5.43634;0;0;0.1;0.01;0;4.74649;0;0;-1
0;133;-6.23331;-47.112;-55.1205;9.62786;3738.33;5.78909;0;0;0.1;0.01;0;5.88155;0;0;-1
0;134;-8.77037;-29.922;-54.6125;9.80216;3945.06;5.8939;0;0;0.1;0.01;0;5.57681;0;0;-1
0;135;-8.9467;-14.1392;-55.426;8.61231;2675.76;5.17846;0;0;0.1;0.01;0;5.84124;0;0;-1
0;136;-7.06443;0.36711;-56.7168;8.5;2572.44;5.11093;0;0;0.1;0.01;0;5.33965;1;0;-1
0;137;-5.92369;20.9947;-55.1495;10.3787;4682.93;6.24056;0;0;0.1;0.01;0;6.33341;0;0;-1
0;138;-8.23865;36.9514;-55.4912;10.3709;4672.38;6.23587;0;0;0.1;0.01;0;6.41176;0;0;-1
0;139;-5.82841;54.9383;-55.1055;10.4463;4775.03;6.28121;0;0;0.1;0.01;0;6.18336;0;0;-1
0;140;-8.71739;70.3288;-55.1317;8.9171;2970.02;5.36172;0;0;0.1;0.01;0;3.30285;0;0;-1
0;141;8.98319;-74.3223;-56.9025;8.95921;3012.3;5.38704;0;0;0.1;0.01;0;3.46713;0;0;-1
0;142;6.86237;-58.0812;-56.214;9.9375;4110.74;5.97527;0;0;0.1;0.01;0;6.12466;0;0;-1
0;143;7.34308;-41.7017;-54.9334;8.5;2572.44;5.11093;0;0;0.1;0.01;0;4.37984;1;0;-1
0;144;9.40313;-22.7156;-56.6012;9.348;3421.72;5.62082;0;0;0.1;0.01;0;6.49557;0;0;-1
0;145;6.03135;-8.01689;-56.8616;9.37777;3454.52;5.63872;0;0;0.1;0.01;0;6.47268;0;0;-1
0;146;5.61025;9.72353;-55.238;8.95394;3006.98;5.38387;0;0;0.1;0.01;0;4.28017;0;0;-1
0;147;8.44542;27.7499;-53.9528;10.1128;4332.14;6.08068;0;0;0.1;0.01;0;6.67761;0;0;-1
0;148;8.53361;44.9768;-55.9734;10.2821;4553.38;6.18248;0;0;0.1;0.01;0;7.63922;0;0;-1
0;149;8.84362;59.8457;-57.7127;8.76315;2818.83;5.26915;0;0;0.1;0.01;0;5.81094;0;0;-1
0;150;8.5713;79.8428;-54.3381;9.33081;3402.88;5.61048;0;0;0.1;0.01;0;2.80952;0;0;-1
0;151;22.2816;-64.262;-56.6581;9.79249;3933.4;5.88808;0;0;0.1;0.01;0;4.96745;0;0;-1
0;152;24.1801;-49.9859;-53.7196;8.97699;3030.27;5.39773;0;0;0.1;0.01;0;5.39966;0;0;-1
0;153;20.2911;-32.612;-55.2915;9.10775;3164.62;5.47636;0;0;0.1;0.01;0;5.1541;0;0;-1
0;154;20.5226;-12.7139;-57.369;9.31056;3380.77;5.5983;0;0;0.1;0.01;0;6.00976;0;0;-1
0;155;23.6293;1.42086;-56.4434;9.29185;3360.43;5.58705;0;0;0.1;0.01;0;5.67908;0;0;-1
0;156;23.7503;20.661;-55.7402;10.1452;4373.92;6.10016;0;0;0.1;0.01;0;6.42623;0;0;-1
0;157;22.686;38.2423;-56.2074;10.0929;4306.62;6.06871;0;0;0.1;0.01;0;7.04089;0;0;-1
0;158;22.9273;54.3782;-53.9782;10.4336;4757.64;6.27357;0;0;0.1;0.01;0;7.09959;0;0;-1
0;159;22.0562;70.5625;-57.6908;9.08793;3144.01;5.46444;0;0;0.1;0.01;0;2.47173;0;0;-1
0;160;38.5692;-56.0241;-56.4265;9.06067;3115.8;5.44805;0;0;0.1;0.01;0;4.55357;0;0;-1
0;161;34.935;-38.356;-54.7229;8.60039;2664.67;5.17129;0;0;0.1;0.01;0;5.32507;0;0;-1
0;162;38.5239;-25.0999;-56.4591;9.04343;3098.05;5.43768;0;0;0.1;0.01;0;5.6061;0;0;-1
0;163;37.2072;-5.69417;-54.8377;8.57831;2644.2;5.15801;0;0;0.1;0.01;0;5.9658;0;0;-1
0;164;38.4623;8.33277;-55.4134;9.23354;3297.56;5.55199;0;0;0.1;0.01;0;6.96347;0;0;-1
0;165;38.8666;25.4309;-54.6041;9.85015;4003.29;5.92275;0;0;0.1;0.01;0;6.32646;0;0;-1
0;166;36.7842;46.1488;-56.6479;9.17439;3234.6;5.51643;0;0;0.1;0.01;0;5.85532;0;0;-1
0;167;36.3658;60.7317;-54.1169;8.5;2572.44;5.11093;0;0;0.1;0.01;0;4.541;1;0;-1
0;168;52.8862;-50.9582;-56.0624;8.97539;3028.65;5.39677;0;0;0.1;0.01;0;3.28601;0;0;-1
0;169;52.0653;-31.0899;-54.1366;9.95776;4135.93;5.98746;0;0;0.1;0.01;0;5.73051;0;0;-1
0;170;52.9103;-15.0651;-54.381;8.5;2572.44;5.11093;0;0;0.1;0.01;0;5.23006;1;0;-1
0;171;52.2516;0.040048;-54.391;9.99184;4178.54;6.00795;0;0;0.1;0.01;0;7.51524;0;0;-1
0;172;51.194;18.0866;-56.0402;9.0008;3054.44;5.41205;0;0;0.1;0.01;0;6.79218;0;0;-1
0;173;52.9394;34.075;-55.7625;9.24176;3306.38;5.55694;0;0;0.1;0.01;0;5.31257;0;0;-1
0;174;52.6958;55.2631;-56.5085;10.1122;4331.37;6.08032;0;0;0.1;0.01;0;4.26844;0;0;-1
0;175;64.6168;-40.874;-56.6727;9.03274;3087.07;5.43126;0;0;0.1;0.01;0;2.99392;0;0;-1
0;176;67.2834;-25.0848;-56.1069;9.38578;3463.38;5.64353;0;0;0.1;0.01;0;4.42173;0;0;-1
0;177;67.7706;-4.49955;-55.1325;8.5;2572.44;5.11093;0;0;0.1;0.01;0;5.13926;1;0;-1
0;178;65.8309;11.9952;-53.8043;9.54477;3642.38;5.73913;0;0;0.1;0.01;0;5.87463;0;0;-1
0;179;66.0109;26.6463;-55.2818;8.5;2572.44;5.11093;0;0;0.1;0.01;0;3.88943;1;0;-1
0;180;64.7673;46.0635;-54.3173;9.81335;3958.59;5.90062;0;0;0.1;0.01;0;3.39774;0;0;-1
0;181;79.7168;-16.8498;-56.7538;10.1836;4423.77;6.12325;0;0;0.1;0.01;0;2.82866;0;0;-1
0;182;82.2207;1.12118;-54.4732;8.92226;2975.18;5.36483;0;0;0.1;0.01;0;2.82642;0;0;-1
0;183;-87.518;-21.6609;-40.6274;9.37018;3446.14;5.63415;0;0;0.1;0.01;0;3.14521;0;0;-1
0;184;-84.1175;-8.17061;-40.125;10.0307;4227.49;6.03131;0;0;0.1;0.01;0;5.21973;0;0;-1
0;185;-86.3077;12.3528;-39.6273;9.63572;3747.5;5.79382;0;0;0.1;0.01;0;4.44026;0;0;-1
0;186;-86.6604;29.3381;-39.2287;9.84885;4001.71;5.92197;0;0;0.1;0.01;0;3.00328;0;0;-1
0;187;-70.1807;-48.0398;-39.6369;8.5;2572.44;5.11093;0;0;0.1;0.01;0;4.05802;1;0;-1
0;188;-72.1224;-33.946;-41.5617;10.2288;4482.94;6.15043;0;0;0.1;0.01;0;5.02563;0;0;-1
0;189;-71.5924;-14.5668;-41.6312;8.5;2572.44;5.11093;0;0;0.1;0.01;0;5.38741;1;0;-1
0;190;-72.6799;3.61516;-40.9298;10.2704;4537.86;6.17544;0;0;0.1;0.01;0;7.38655;0;0;-1
0;191;-70.5099;19.0716;-42.0662;9.73679;3866.66;5.85459;0;0;0.1;0.01;0;6.24076;0;0;-1
0;192;-69.9853;37.0811;-42.9186;9.92192;4091.44;5.96591;0;0;0.1;0.01;0;5.68388;0;0;-1
0;193;-72.6605;51.3911;-41.1014;9.59208;3696.81;5.76758;0;0;0.1;0.01;0;3.09351;0;0;-1
0;194;-56.9559;-59.2025;-39.9342;10.3288;4615.71;6.21056;0;0;0.1;0.01;0;5.25045;0;0;-1
0;195;-56.7255;-39.4603;-41.8721;9.50868;3601.22;5.71743;0;0;0.1;0.01;0;6.64108;0;0;-1
0;196;-54.1633;-24.6421;-40.907;9.31218;3382.54;5.59928;0;0;0.1;0.01;0;5.42038;0;0;-1
0;197;-57.4659;-7.32784;-42.0165;10.0834;4294.47;6.063;0;0;0.1;0.01;0;6.99127;0;0;-1
0;198;-55.0636;9.53839;-39.8518;10.2811;4552.05;6.18188;0;0;0.1;0.01;0;6.71429;0;0;-1
0;199;-55.5432;25.8709;-41.5471;9.89022;4052.35;5.94685;0;0;0.1;0.01;0;6.1143;0;0;-1
0;200;-56.9715;42.6492;-40.1062;9.6706;3788.34;5.81479;0;0;0.1;0.01;0;6.52656;0;0;-1
0;201;-54.2535;60.4477;-39.5903;9.62047;3729.73;5.78465;0;0;0.1;0.01;0;5.24033;0;0;-1
0;202;-40.5199;-80.6262;-40.9832;8.5;2572.44;5.11093;0;0;0.1;0.01;0;2.97024;1;0;-1
0;203;-41.6811;-65.9018;-39.23;9.46189;3548.32;5.6893;0;0;0.1;0.01;0;6.38194;0;0;-1
0;204;-43.0523;-47.5206;-41.717;8.5;2572.44;5.11093;0;0;0.1;0.01;0;4.9019;1;0;-1
0;205;-42.5723;-31.6917;-42.2011;8.64528;2706.61;5.19828;0;0;0.1;0.01;0;5.09563;0;0;-1
0;206;-40.2482;-13.4516;-40.6528;9.60474;3711.47;5.77519;0;0;0.1;0.01;0;6.10427;0;0;-1
0;207;-42.0099;1.95047;-39.9959;9.25091;3316.21;5.56244;0;0;0.1;0.01;0;6.47497;0;0;-1
0;208;-41.7851;19.6629;-42.415;8.59492;2659.59;5.168;0;0;0.1;0.01;0;5.913;0;0;-1
0;209;-41.4546;34.4601;-41.4151;8.78789;2842.77;5.28403;0;0;0.1;0.01;0;5.6427;0;0;-1
0;210;-40.2699;53.6152;-41.2215;9.53739;3633.94;5.73469;0;0;0.1;0.01;0;7.0722;0;0;-1
0;211;-40.8083;68.4808;-42.1361;10.3601;4657.8;6.22938;0;0;0.1;0.01;0;6.08073;0;0;-1
0;212;-27.6607;-72.9643;-42.8773;9.39388;3472.35;5.6484;0;0;0.1;0.01;0;6.10784;0;0;-1
0;213;-28.1454;-57.7294;-40.4603;10.4418;4768.86;6.2785;0;0;0.1;0.01;0;7.09427;0;0;-1
0;214;-25.2961;-38.5046;-42.3695;9.23225;3296.18;5.55122;0;0;0.1;0.01;0;5.32851;0;0;-1
0;215;-25.0111;-22.3784;-39.819;9.9908;4177.24;6.00732;0;0;0.1;0.01;0;6.39052;0;0;-1
0;216;-24.7448;-5.17924;-40.6545;8.87426;2927.42;5.33596;0;0;0.1;0.01;0;5.6155;0;0;-1
0;217;-25.4516;9.7554;-41.0428;8.5;2572.44;5.11093;0;0;0.1;0.01;0;4.04192;1;0;-1
0;218;-28.1764;27.0177;-42.0129;9.3773;3454;5.63843;0;0;0.1;0.01;0;5.49125;0;0;-1
0;219;-27.2176;44.1213;-42.098;9.59228;3697.04;5.7677;0;0;0.1;0.01;0;6.10537;0;0;-1
0;220;-27.5547;60.5363;-40.762;9.41372;3494.4;5.66033;0;0;0.1;0.01;0;7.06659;0;0;-1
0;221;-25.0132;77.1715;-42.077;9.57316;3674.98;5.7562;0;0;0.1;0.01;0;5.2446;0;0;-1
0;222;-12.9882;-83.1424;-42.1709;8.61093;2674.48;5.17763;0;0;0.1;0.01;0;4.03671;0;0;-1
0;223;-12.9505;-67.6062;-39.7419;10.0617;4266.8;6.04995;0;0;0.1;0.01;0;6.69652;0;0;-1
0;224;-12.3961;-49.3796;-41.8378;9.18212;3242.78;5.52108;0;0;0.1;0.01;0;5.31849;0;0;-1
0;225;-9.78687;-33.3266;-39.8342;9.50911;3601.71;5.71769;0;0;0.1;0.01;0;6.11812;0;0;-1
0;226;-13.0704;-15.5127;-40.7615;8.69144;2750.2;5.22604;0;0;0.1;0.01;0;6.37324;0;0;-1
0;227;-11.0667;0.255201;-41.4521;8.66025;2720.7;5.20728;0;0;0.1;0.01;0;5.45317;0;0;-1
0;228;-12.5388;20.0324;-39.3431;9.95302;4130.03;5.98461;0;0;0.1;0.01;0;6.16112;0;0;-1
0;229;-9.96231;34.3152;-39.7633;8.5;2572.44;5.11093;0;0;0.1;0.01;0;6.08933;1;0;-1
0;230;-11.5597;52.9628;-39.3576;10.1789;4417.65;6.12042;0;0;0.1;0.01;0;6.47215;0;0;-1
0;231;-11.0983;70.7611;-40.0427;9.43087;3513.53;5.67065;0;0;0.1;0.01;0;5.57642;0;0;-1
0;232;-9.79124;87.1013;-39.9588;8.5;2572.44;5.11093;0;0;0.1;0.01;0;2.3891;1;0;-1
0;233;2.81883;-89.546;-42.0549;9.11671;3173.97;5.48175;0;0;0.1;0.01;0;2.87942;0;0;-1
0;234;4.67795;-74.929;-41.1622;8.55271;2620.59;5.14262;0;0;0.1;0.01;0;5.17718;0;0;-1
0;235;2.01055;-59.7569;-39.3764;9.47364;3561.55;5.69636;0;0;0.1;0.01;0;5.41836;0;0;-1
0;236;3.62854;-40.7638;-39.804;8.5;2572.44;5.11093;0;0;0.1;0.01;0;4.8495;1;0;-1
0;237;4.67504;-25.279;-39.5148;9.5216;3615.92;5.7252;0;0;0.1;0.01;0;6.13878;0;0;-1
0;238;1.23461;-8.08097;-42.4274;10.2613;4525.8;6.16997;0;0;0.1;0.01;0;6.26712;0;0;-1
0;239;3.21977;10.4509;-41.011;8.61838;2681.42;5.18211;0;0;0.1;0.01;0;4.37;0;0;-1
0;240;4.06973;27.1859;-39.4785;8.90471;2957.66;5.35427;0;0;0.1;0.01;0;6.7286;0;0;-1
0;241;1.22535;43.0304;-40.274;10.0973;4312.25;6.07136;0;0;0.1;0.01;0;7.97809;0;0;-1
0;242;1.52044;60.6201;-40.9762;8.5;2572.44;5.11093;0;0;0.1;0.01;0;5.36277;1;0;-1
0;243;3.95706;76.3837;-41.0793;9.14274;3201.24;5.4974;0;0;0.1;0.01;0;5.26546;0;0;-1
0;244;17.6734;-82.3251;-42.0973;8.5;2572.44;5.11093;0;0;0.1;0.01;0;3.29312;1;0;-1
0;245;18.2143;-65.4541;-39.2878;10.2625;4527.39;6.17069;0;0;0.1;0.01;0;5.88422;0;0;-1
0;246;17.9187;-46.4597;-40.8053;8.89095;2943.97;5.346;0;0;0.1;0.01;0;5.26573;0;0;-1
0;247;17.8374;-31.7623;-41.1573;8.5;2572.44;5.11093;0;0;0.1;0.01;0;5.83873;1;0;-1
0;248;19.0983;-15.4975;-41.771;9.48375;3572.97;5.70244;0;0;0.1;0.01;0;5.92493;0;0;-1
0;249;19.754;1.94213;-42.1585;9.10927;3166.21;5.47727;0;0;0.1;0.01;0;4.69209;0;0;-1
0;250;17.6632;17.73;-40.5187;9.27102;3337.88;5.57453;0;0;0.1;0.01;0;5.59866;0;0;-1
0;251;19.0256;36.7169;-42.8394;9.9124;4079.67;5.96018;0;0;0.1;0.01;0;7.63369;0;0;-1
0;252;16.7949;52.0134;-39.6917;10.0976;4312.64;6.07154;0;0;0.1;0.01;0;7.44197;0;0;-1
0;253;18.7611;68.4654;-41.1964;10.3155;4597.9;6.20256;0;0;0.1;0.01;0;5.94332;0;0;-1
0;254;16.4108;87.4186;-41.1262;10.0767;4285.92;6.05897;0;0;0.1;0.01;0;3.14754;0;0;-1
0;255;32.9485;-75.6295;-42.5058;8.64912;2710.22;5.20059;0;0;0.1;0.01;0;2.25304;0;0;-1
0;256;30.5648;-56.4938;-40.5194;9.0958;3152.18;5.46917;0;0;0.1;0.01;0;6.27901;0;0;-1
0;257;33.7141;-41.1789;-40.4678;10.005;4195.08;6.01586;0;0;0.1;0.01;0;7.6534;0;0;-1
0;258;32.7734;-25.2877;-41.5692;10.1242;4346.81;6.08753;0;0;0.1;0.01;0;7.40546;0;0;-1
0;259;33.7366;-8.04855;-42.0295;8.5;2572.44;5.11093;0;0;0.1;0.01;0;4.72551;1;0;-1
0;260;33.8442;10.0412;-42.2921;8.5;2572.44;5.11093;0;0;0.1;0.01;0;5.10269;1;0;-1
0;261;33.8494;29.521;-39.8783;8.93213;2985.06;5.37076;0;0;0.1;0.01;0;6.03397;0;0;-1
0;262;32.9453;46.1526;-39.4251;10.038;4236.72;6.0357;0;0;0.1;0.01;0;7.76841;0;0;-1
0;263;33.9183;60.0864;-39.7087;9.38769;3465.49;5.64468;0;0;0.1;0.01;0;6.2079;0;0;-1
0;264;33.5505;79.838;-40.4333;8.95437;3007.42;5.38413;0;0;0.1;0.01;0;2.74423;0;0;-1
0;265;47.8259;-65.2721;-41.6063;8.94443;2997.41;5.37816;0;0;0.1;0.01;0;2.46488;0;0;-1
0;266;47.1417;-47.7062;-39.9466;9.52788;3623.08;5.72898;0;0;0.1;0.01;0;5.80304;0;0;-1
0;267;47.7652;-30.2401;-39.2215;10.3176;4600.71;6.20382;0;0;0.1;0.01;0;7.65961;0;0;-1
0;268;46.791;-14.9403;-42.5867;10.067;4273.55;6.05314;0;0;0.1;0.01;0;7.77814;0;0;-1
0;269;46.0829;2.87816;-42.184;8.5;2572.44;5.11093;0;0;0.1;0.01;0;6.19935;1;0;-1
0;270;47.7588;16.8721;-43.0418;10.1627;4396.59;6.11068;0;0;0.1;0.01;0;7.43937;0;0;-1
0;271;46.8469;37.9668;-41.099;9.52653;3621.54;5.72816;0;0;0.1;0.01;0;6.19207;0;0;-1
0;272;46.7012;52.141;-42.8734;9.67637;3795.12;5.81826;0;0;0.1;0.01;0;6.6057;0;0;-1
0;273;46.8334;69.2631;-39.8955;9.92643;4097.02;5.96862;0;0;0.1;0.01;0;4.49682;0;0;-1
0;274;60.3769;-55.3618;-39.3274;9.8308;3979.74;5.91112;0;0;0.1;0.01;0;4.74518;0;0;-1
0;275;63.9919;-41.6896;-39.8248;8.94562;2998.61;5.37887;0;0;0.1;0.01;0;4.28094;0;0;-1
0;276;61.2073;-23.3548;-39.834;8.55006;2618.16;5.14103;0;0;0.1;0.01;0;5.54362;0;0;-1
0;277;63.418;-7.79485;-42.3304;9.67674;3795.56;5.81848;0;0;0.1;0.01;0;6.80329;0;0;-1
0;278;63.5978;8.22711;-39.4651;10.0114;4203.13;6.01971;0;0;0.1;0.01;0;6.56072;0;0;-1
0;279;63.022;26.1927;-42.2779;10.0357;4233.81;6.03432;0;0;0.1;0.01;0;6.07595;0;0;-1
0;280;61.5516;42.1371;-41.2004;8.88075;2933.85;5.33987;0;0;0.1;0.01;0;5.08226;0;0;-1
0;281;61.9956;60.4267;-42.4667;9.23144;3295.32;5.55073;0;0;0.1;0.01;0;3.6765;0;0;-1
0;282;74.9451;-32.4944;-43.169;9.0112;3065.04;5.4183;0;0;0.1;0.01;0;3.21751;0;0;-1
0;283;77.7419;-15;-41.1254;8.62851;2690.89;5.1882;0;0;0.1;0.01;0;4.46549;0;0;-1
0;284;76.3291;-0.084966;-41.47;10.2851;4557.37;6.18428;0;0;0.1;0.01;0;6.87606;0;0;-1
0;285;78.743;19.7246;-42.8217;8.99017;3043.63;5.40566;0;0;0.1;0.01;0;3.33012;0;0;-1
0;286;76.5365;34.3401;-41.9458;9.23964;3304.1;5.55566;0;0;0.1;0.01;0;3.54145;0;0;-1
0;287;90.5154;-4.55748;-40.537;8.7003;2758.62;5.23136;0;0;0.1;0.01;0;2.2315;0;0;-1
0;288;-95.1332;-13.5078;-24.7012;8.77145;2826.85;5.27415;0;0;0.1;0.01;0;3.17526;0;0;-1
0;289;-95.6345;1.25073;-26.0984;9.92316;4092.97;5.96665;0;0;0.1;0.01;0;3.87532;0;0;-1
0;290;-80.8671;-41.5026;-24.6593;9.90428;4069.65;5.9553;0;0;0.1;0.01;0;2.88693;0;0;-1
0;291;-81.7979;-23.4401;-27.3424;9.5595;3659.27;5.74799;0;0;0.1;0.01;0;3.86457;0;0;-1
0;292;-78.9078;-4.65333;-26.4856;10.0423;4242.17;6.03829;0;0;0.1;0.01;0;5.59218;0;0;-1
0;293;-82.5741;10.9688;-26.4484;10.1274;4350.93;6.08946;0;0;0.1;0.01;0;6.2863;0;0;-1
0;294;-82.4133;27.6793;-25.1464;10.0349;4232.8;6.03384;0;0;0.1;0.01;0;5.02753;0;0;-1
0;295;-80.4021;44.5609;-28.113;9.88358;4044.19;5.94285;0;0;0.1;0.01;0;3.28454;0;0;-1
0;296;-64.0851;-67.8772;-26.0005;8.5;2572.44;5.11093;0;0;0.1;0.01;0;2.51609;1;0;-1
0;297;-64.3807;-48.9978;-26.1313;8.77835;2833.53;5.27829;0;0;0.1;0.01;0;4.35819;0;0;-1
0;298;-64.5308;-31.2641;-25.4633;9.74862;3880.77;5.8617;0;0;0.1;0.01;0;5.46705;0;0;-1
0;299;-64.4852;-12.8934;-26.9885;9.28066;3348.31;5.58033;0;0;0.1;0.01;0;5.55748;0;0;-1
0;300;-66.0798;4.44488;-26.0283;8.5;2572.44;5.11093;0;0;0.1;0.01;0;5.93894;1;0;-1
0;301;-65.4714;20.2185;-26.9361;8.59094;2655.89;5.16561;0;0;0.1;0.01;0;5.7133;0;0;-1
0;302;-64.6865;35.2174;-27.1737;10.0497;4251.56;6.04274;0;0;0.1;0.01;0;6.31;0;0;-1
0;303;-64.5523;50.9158;-26.2282;9.27992;3347.51;5.57988;0;0;0.1;0.01;0;5.75008;0;0;-1
0;304;-66.6793;68.6699;-26.7147;9.4554;3541.02;5.68539;0;0;0.1;0.01;0;2.15062;0;0;-1
0;305;-49.7107;-72.4975;-27.791;8.99661;3050.18;5.40953;0;0;0.1;0.01;0;5.22939;0;0;-1
0;306;-49.6178;-58.1739;-26.2898;9.25063;3315.91;5.56227;0;0;0.1;0.01;0;6.29352;0;0;-1
0;307;-51.5421;-39.7119;-26.3483;9.3425;3415.69;5.61751;0;0;0.1;0.01;0;6.0081;0;0;-1
0;308;-52.4116;-23.1177;-27.5487;9.77632;3913.95;5.87836;0;0;0.1;0.01;0;6.5548;0;0;-1
0;309;-50.4824;-7.03384;-27.8123;9.73264;3861.72;5.8521;0;0;0.1;0.01;0;6.60965;0;0;-1
0;310;-53.0206;8.65499;-26.3228;8.9409;2993.87;5.37603;0;0;0.1;0.01;0;5.48652;0;0;-1
0;311;-51.1173;26.7854;-24.4699;9.14375;3202.3;5.498;0;0;0.1;0.01;0;5.57689;0;0;-1
0;312;-49.9893;45.5104;-24.8743;9.78011;3918.5;5.88064;0;0;0.1;0.01;0;7.3365;0;0;-1
0;313;-50.6677;62.4895;-25.5794;8.75947;2815.28;5.26694;0;0;0.1;0.01;0;6.08454;0;0;-1
0;314;-51.7922;78.4862;-28.2531;8.72318;2780.44;5.24512;0;0;0.1;0.01;0;2.65224;0;0;-1
0;315;-36.4328;-82.1761;-26.5173;10.3133;4594.96;6.20124;0;0;0.1;0.01;0;6.19577;0;0;-1
0;316;-34.9846;-67.3075;-26.7996;8.88636;2939.41;5.34324;0;0;0.1;0.01;0;6.99115;0;0;-1
0;317;-38.3675;-47.1086;-27.1501;10.1598;4392.83;6.10894;0;0;0.1;0.01;0;5.71216;0;0;-1
0;318;-36.0613;-30.0841;-26.0742;9.32899;3400.89;5.60939;0;0;0.1;0.01;0;6.11532;0;0;-1
0;319;-34.6354;-13.7569;-26.8067;8.77558;2830.85;5.27663;0;0;0.1;0.01;0;5.01474;0;0;-1
0;320;-36.5876;4.31239;-27.453;8.5;2572.44;5.11093;0;0;0.1;0.01;0;4.19252;1;0;-1
0;321;-38.3591;18.5471;-27.4802;9.50184;3593.45;5.71332;0;0;0.1;0.01;0;5.45379;0;0;-1
0;322;-38.2421;34.5891;-25.1812;8.5;2572.44;5.11093;0;0;0.1;0.01;0;5.49877;1;0;-1
0;323;-37.6485;52.2783;-27.8709;9.223;3286.29;5.54566;0;0;0.1;0.01;0;6.0723;0;0;-1
0;324;-38.2104;67.7269;-25.7607;8.5;2572.44;5.11093;0;0;0.1;0.01;0;4.48521;1;0;-1
0;325;-35.5397;85.845;-24.9482;10.2803;4550.99;6.1814;0;0;0.1;0.01;0;3.7471;0;0;-1
0;326;-21.785;-90.7774;-25.2866;10.3383;4628.45;6.21627;0;0;0.1;0.01;0;3.98761;0;0;-1
0;327;-20.5822;-73.0894;-27.0238;10.1729;4409.84;6.11682;0;0;0.1;0.01;0;8.27754;0;0;-1
0;328;-20.3461;-59.1617;-26.3061;9.74517;3876.65;5.85963;0;0;0.1;0.01;0;7.26754;0;0;-1
0;329;-22.0171;-40.5851;-26.6583;8.61701;2680.15;5.18128;0;0;0.1;0.01;0;4.98706;0;0;-1
0;330;-21.3649;-21.1055;-24.9765;10.094;4308.03;6.06938;0;0;0.1;0.01;0;6.84105;0;0;-1
0;331;-19.7218;-5.48165;-28.0797;8.5;2572.44;5.11093;0;0;0.1;0.01;0;4.64839;1;0;-1
0;332;-21.3069;11.8072;-25.7712;8.5;2572.44;5.11093;0;0;0.1;0.01;0;4.00172;1;0;-1
0;333;-22.7743;28.7592;-27.7885;8.64731;2708.52;5.1995;0;0;0.1;0.01;0;5.10312;0;0;-1
0;334;-21.2678;44.7711;-27.8788;9.74786;3879.86;5.86125;0;0;0.1;0.01;0;5.84233;0;0;-1
0;335;-21.6897;62.1732;-26.6116;9.66986;3787.47;5.81435;0;0;0.1;0.01;0;6.33824;0;0;-1
0;336;-22.8401;78.7588;-27.9094;9.43208;3514.88;5.67137;0;0;0.1;0.01;0;5.63121;0;0;-1
0;337;-5.94259;-81.2658;-28.6467;9.37792;3454.68;5.63881;0;0;0.1;0.01;0;6.09277;0;0;-1
0;338;-7.90971;-66.6033;-26.3316;9.47884;3567.42;5.69949;0;0;0.1;0.01;0;6.68921;0;0;-1
0;339;-8.56106;-48.5925;-24.3795;9.13807;3196.33;5.49459;0;0;0.1;0.01;0;5.18585;0;0;-1
0;340;-8.20277;-29.6902;-25.548;8.77274;2828.1;5.27492;0;0;0.1;0.01;0;5.56549;0;0;-1
0;341;-6.01056;-13.3246;-27.8143;9.41095;3491.31;5.65867;0;0;0.1;0.01;0;6.59669;0;0;-1
0;342;-5.49407;1.92959;-27.6457;8.53399;2603.42;5.13136;0;0;0.1;0.01;0;5.70906;0;0;-1
0;343;-6.60822;21.1285;-25.63;9.60397;3710.57;5.77473;0;0;0.1;0.01;0;6.70023;0;0;-1
0;344;-7.09213;35.4061;-27.0975;9.34522;3418.67;5.61915;0;0;0.1;0.01;0;7.48477;0;0;-1
0;345;-7.9308;51.5118;-26.0253;8.65073;2711.73;5.20156;0;0;0.1;0.01;0;5.61204;0;0;-1
0;346;-9.34611;72.1657;-24.4876;8.6207;2683.59;5.1835;0;0;0.1;0.01;0;5.0378;0;0;-1
0;347;-9.09847;88.2448;-25.67;8.64271;2704.2;5.19674;0;0;0.1;0.01;0;3.9703;0;0;-1
0;348;9.34686;-90.4745;-25.4113;10.3115;4592.55;6.20016;0;0;0.1;0.01;0;4.27656;0;0;-1
0;349;6.59399;-75.7938;-25.3185;9.7822;3921.01;5.88189;0;0;0.1;0.01;0;6.67334;0;0;-1
0;350;9.44214;-58.6609;-25.7696;9.33001;3402;5.61;0;0;0.1;0.01;0;5.80814;0;0;-1
0;351;5.72697;-40.028;-25.3954;9.62018;3729.39;5.78447;0;0;0.1;0.01;0;6.09746;0;0;-1
0;352;8.26585;-25.5193;-26.5923;8.72878;2785.8;5.24849;0;0;0.1;0.01;0;5.86082;0;0;-1
0;353;9.02429;-8.76702;-27.6963;10.2426;4501.11;6.15873;0;0;0.1;0.01;0;6.79719;0;0;-1
0;354;5.51629;9.93212;-25.5119;9.14542;3204.05;5.49901;0;0;0.1;0.01;0;4.58353;0;0;-1
0;355;9.43532;29.3303;-27.6627;10.081;4291.4;6.06156;0;0;0.1;0.01;0;6.86129;0;0;-1
0;356;6.25261;44.0476;-25.2401;10.3766;4680.09;6.2393;0;0;0.1;0.01;0;7.2003;0;0;-1
0;357;6.8674;63.4071;-24.6238;10.1832;4423.25;6.12301;0;0;0.1;0.01;0;6.80502;0;0;-1
0;358;5.89907;78.2832;-28.0067;9.05381;3108.73;5.44392;0;0;0.1;0.01;0;5.55596;0;0;-1
0;359;8.24542;95.6206;-26.8431;10.0208;4214.98;6.02536;0;0;0.1;0.01;0;2.9962;0;0;-1
0;360;22.5791;-82.3671;-25.2171;9.14669;3205.39;5.49977;0;0;0.1;0.01;0;4.65886;0;0;-1
0;361;23.6995;-65.8968;-25.4746;9.51617;3609.73;5.72193;0;0;0.1;0.01;0;5.43886;0;0;-1
0;362;23.2769;-47.2909;-27.4324;10.114;4333.69;6.0814;0;0;0.1;0.01;0;6.25967;0;0;-1
0;363;22.7933;-31.7614;-26.05;9.7203;3847.05;5.84468;0;0;0.1;0.01;0;6.89911;0;0;-1
0;364;22.1275;-16.093;-25.5839;10.0142;4206.66;6.02139;0;0;0.1;0.01;0;6.7311;0;0;-1
0;365;22.3182;1.01178;-26.8025;9.03568;3090.09;5.43302;0;0;0.1;0.01;0;5.1713;0;0;-1
0;366;23.3867;18.1904;-28.014;9.62583;3735.97;5.78787;0;0;0.1;0.01;0;6.25365;0;0;-1
0;367;23.249;34.9365;-27.5213;9.48752;3577.23;5.70471;0;0;0.1;0.01;0;7.41905;0;0;-1
0;368;20.5954;51.1125;-24.5162;9.78732;3927.17;5.88497;0;0;0.1;0.01;0;6.26055;0;0;-1
0;369;20.2901;69.1552;-26.9534;9.41126;3491.66;5.65885;0;0;0.1;0.01;0;5.36014;0;0;-1
0;370;23.3593;84.5719;-24.8051;9.48309;3572.22;5.70204;0;0;0.1;0.01;0;4.89991;0;0;-1
0;371;38.0651;-75.9948;-27.1034;9.08221;3138.07;5.461;0;0;0.1;0.01;0;3.94036;0;0;-1
0;372;35.2268;-56.916;-27.0365;8.68961;2748.46;5.22494;0;0;0.1;0.01;0;5.60715;0;0;-1
0;373;37.5309;-39.9421;-26.8258;9.92192;4091.44;5.96591;0;0;0.1;0.01;0;7.96776;0;0;-1
0;374;37.6917;-23.166;-27.6896;9.98008;4163.81;6.00088;0;0;0.1;0.01;0;7.58996;0;0;-1
0;375;37.4535;-7.21002;-24.8427;9.68117;3800.77;5.82115;0;0;0.1;0.01;0;6.56951;0;0;-1
0;376;35.1297;8.91428;-26.7923;8.8148;2868.97;5.30021;0;0;0.1;0.01;0;5.30824;0;0;-1
0;377;37.2294;25.3903;-24.711;9.96675;4147.15;5.99286;0;0;0.1;0.01;0;6.88031;0;0;-1
0;378;37.0125;42.1383;-27.0985;9.84583;3998.03;5.92015;0;0;0.1;0.01;0;6.57851;0;0;-1
0;379;38.4497;63.6777;-24.9028;8.5;2572.44;5.11093;0;0;0.1;0.01;0;4.58467;1;0;-1
0;380;36.7531;78.813;-24.8752;8.5;2572.44;5.11093;0;0;0.1;0.01;0;4.35107;1;0;-1
0;381;50.4403;-66.651;-24.7847;10.2137;4463.11;6.14135;0;0;0.1;0.01;0;5.57005;0;0;-1
0;382;49.9656;-50.7718;-25.29;10.1728;4409.71;6.11676;0;0;0.1;0.01;0;6.85283;0;0;-1
0;383;50.0708;-33.4183;-25.0349;8.55599;2623.61;5.14459;0;0;0.1;0.01;0;5.20269;0;0;-1
0;384;52.7153;-15.5625;-26.8622;9.21838;3281.35;5.54288;0;0;0.1;0.01;0;6.25777;0;0;-1
0;385;51.8216;1.7352;-28.3359;10.0155;4208.3;6.02217;0;0;0.1;0.01;0;7.16927;0;0;-1
0;386;50.105;17.7971;-28.5156;9.04577;3100.45;5.43909;0;0;0.1;0.01;0;6.16679;0;0;-1
0;387;50.3101;34.8903;-25.0678;9.38364;3461.01;5.64225;0;0;0.1;0.01;0;5.57782;0;0;-1
0;388;52.9795;54.7672;-24.695;8.65695;2717.59;5.2053;0;0;0.1;0.01;0;4.39635;0;0;-1
0;389;52.2021;72.6211;-26.9412;9.78828;3928.33;5.88555;0;0;0.1;0.01;0;4.37821;0;0;-1
0;390;66.3592;-59.2056;-27.6304;8.99162;3045.11;5.40653;0;0;0.1;0.01;0;4.13258;0;0;-1
0;391;66.6306;-42.2263;-25.0356;8.84857;2902.07;5.32052;0;0;0.1;0.01;0;5.48476;0;0;-1
0;392;67.4859;-23.244;-24.8696;10.3678;4668.19;6.23401;0;0;0.1;0.01;0;6.53693;0;0;-1
0;393;65.5567;-5.59703;-26.923;8.9529;3005.94;5.38325;0;0;0.1;0.01;0;6.84043;0;0;-1
0;394;66.5813;9.45153;-25.0899;9.2484;3313.51;5.56093;0;0;0.1;0.01;0;5.82375;0;0;-1
0;395;64.8741;25.4085;-25.608;9.8348;3984.6;5.91352;0;0;0.1;0.01;0;4.80807;0;0;-1
0;396;66.3819;46.5065;-25.9046;10.0347;4232.55;6.03372;0;0;0.1;0.01;0;5.8162;0;0;-1
0;397;65.0719;62.2781;-27.5157;10.0508;4252.95;6.0434;0;0;0.1;0.01;0;4.96839;0;0;-1
0;398;79.4164;-51.2644;-25.8225;10.1042;4321.1;6.07551;0;0;0.1;0.01;0;2.17769;0;0;-1
0;399;81.8799;-34.2041;-24.8311;10.2512;4512.45;6.1639;0;0;0.1;0.01;0;3.41448;0;0;-1
0;400;80.7498;-16.811;-25.3525;8.88357;2936.64;5.34156;0;0;0.1;0.01;0;4.46801;0;0;-1
0;401;79.7989;-0.230811;-26.2393;9.30496;3374.68;5.59494;0;0;0.1;0.01;0;4.87144;0;0;-1
0;402;83.2175;17.7962;-25.2692;9.79833;3940.44;5.89159;0;0;0.1;0.01;0;4.14635;0;0;-1
0;403;79.0988;33.7614;-27.9938;8.5;2572.44;5.11093;0;0;0.1;0.01;0;3.3659;1;0;-1
0;404;79.3714;54.6205;-26.5405;10.3516;4646.34;6.22427;0;0;0.1;0.01;0;2.70834;0;0;-1
0;405;-98.444;0.959881;-11.8085;10.2755;4544.62;6.17851;0;0;0.1;0.01;0;3.70424;0;0;-1
0;406;-84.2846;-42.0887;-11.248;9.08598;3141.98;5.46327;0;0;0.1;0.01;0;3.46755;0;0;-1
0;407;-84.3744;-23.5378;-10.3061;10.4098;4725.15;6.25926;0;0;0.1;0.01;0;5.70399;0;0;-1
0;408;-85.217;-7.13541;-12.4887;8.91246;2965.39;5.35893;0;0;0.1;0.01;0;5.26859;0;0;-1
0;409;-83.3449;11.6462;-11.9341;10.149;4378.83;6.10245;0;0;0.1;0.01;0;5.92332;0;0;-1
0;410;-84.8119;29.1414;-12.434;8.5;2572.44;5.11093;0;0;0.1;0.01;0;4.12987;1;0;-1
0;411;-84.0298;42.4982;-11.3127;9.39125;3469.44;5.64682;0;0;0.1;0.01;0;4.12668;0;0;-1
0;412;-70.8135;-68.439;-10.0653;8.78734;2842.24;5.2837;0;0;0.1;0.01;0;2.13424;0;0;-1
0;413;-69.2282;-49.2648;-11.9969;9.51949;3613.51;5.72393;0;0;0.1;0.01;0;4.76846;0;0;-1
0;414;-69.8921;-32.5568;-10.1393;9.37135;3447.43;5.63486;0;0;0.1;0.01;0;6.79709;0;0;-1
0;415;-72.1643;-15.739;-11.6913;9.40543;3485.17;5.65535;0;0;0.1;0.01;0;6.58679;0;0;-1
0;416;-70.799;3.17469;-10.3095;8.76929;2824.76;5.27285;0;0;0.1;0.01;0;6.07294;0;0;-1
0;417;-68.3516;17.3767;-12.949;8.58719;2652.42;5.16335;0;0;0.1;0.01;0;4.9332;0;0;-1
0;418;-69.4951;36.4732;-11.9856;9.59908;3704.91;5.77179;0;0;0.1;0.01;0;6.34174;0;0;-1
0;419;-71.9152;53.7832;-13.0255;8.9755;3028.76;5.39684;0;0;0.1;0.01;0;4.41701;0;0;-1
0;420;-54.289;-75.1332;-9.72185;8.85847;2911.82;5.32647;0;0;0.1;0.01;0;3.81292;0;0;-1
0;421;-56.6184;-58.2389;-12.3476;9.39962;3478.72;5.65186;0;0;0.1;0.01;0;5.38497;0;0;-1
0;422;-57.3314;-39.2015;-10.3199;8.57706;2643.04;5.15726;0;0;0.1;0.01;0;5.56547;0;0;-1
0;423;-57.312;-23.9594;-11.861;8.5;2572.44;5.11093;0;0;0.1;0.01;0;5.49107;1;0;-1
0;424;-55.2381;-7.21847;-11.8101;9.00601;3059.75;5.41518;0;0;0.1;0.01;0;5.49986;0;0;-1
0;425;-54.3059;8.60333;-12.5437;10.0595;4264.01;6.04863;0;0;0.1;0.01;0;5.98804;0;0;-1
0;426;-57.3426;29.7694;-12.8194;8.5;2572.44;5.11093;0;0;0.1;0.01;0;5.63855;1;0;-1
0;427;-55.1124;44.7235;-11.8328;9.28257;3350.37;5.58147;0;0;0.1;0.01;0;6.85621;0;0;-1
0;428;-57.9506;60.0344;-10.6888;9.74725;3879.14;5.86088;0;0;0.1;0.01;0;5.44868;0;0;-1
0;429;-42.789;-83.6433;-13.2569;10.0889;4301.5;6.06631;0;0;0.1;0.01;0;4.25777;0;0;-1
0;430;-39.3578;-64.6258;-11.5697;9.79525;3936.73;5.88974;0;0;0.1;0.01;0;5.61023;0;0;-1
0;431;-41.0515;-49.3537;-10.6871;8.52157;2592.07;5.1239;0;0;0.1;0.01;0;5.07821;0;0;-1
0;432;-41.2213;-32.6077;-12.3635;9.80366;3946.87;5.8948;0;0;0.1;0.01;0;6.13852;0;0;-1
0;433;-42.081;-14.3452;-13.5235;10.014;4206.41;6.02127;0;0;0.1;0.01;0;6.08265;0;0;-1
0;434;-40.9242;3.07268;-10.7806;9.48602;3575.53;5.70381;0;0;0.1;0.01;0;5.76966;0;0;-1
0;435;-39.403;20.0863;-11.2064;10.0097;4200.99;6.01869;0;0;0.1;0.01;0;6.27609;0;0;-1
0;436;-42.1311;36.9045;-13.1654;9.33057;3402.62;5.61034;0;0;0.1;0.01;0;7.19772;0;0;-1
0;437;-42.6525;52.2118;-12.6241;8.5;2572.44;5.11093;0;0;0.1;0.01;0;5.05097;1;0;-1
0;438;-43.0055;70.6887;-12.5502;8.74544;2801.78;5.25851;0;0;0.1;0.01;0;4.72253;0;0;-1
0;439;-43.2525;85.1324;-13.3317;8.5;2572.44;5.11093;0;0;0.1;0.01;0;3.42649;1;0;-1
0;440;-27.9016;-93.1809;-13.0846;9.62079;3730.1;5.78484;0;0;0.1;0.01;0;4.31755;0;0;-1
0;441;-28.1457;-76.8695;-13.0038;10.1441;4372.49;6.0995;0;0;0.1;0.01;0;7.05597;0;0;-1
0;442;-24.6947;-56.5735;-12.2872;10.3899;4698.1;6.2473;0;0;0.1;0.01;0;7.30703;0;0;-1
0;443;-27.3671;-41.7554;-10.1913;10.4383;4764.07;6.2764;0;0;0.1;0.01;0;7.63245;0;0;-1
0;444;-26.6312;-22.2883;-11.862;10.2193;4470.46;6.14472;0;0;0.1;0.01;0;6.64804;0;0;-1
0;445;-24.953;-7.30668;-10.3212;8.54228;2611.02;5.13635;0;0;0.1;0.01;0;4.69683;0;0;-1
0;446;-25.1415;9.14755;-10.2559;9.43114;3513.83;5.67081;0;0;0.1;0.01;0;5.17356;0;0;-1
0;447;-27.4304;28.4656;-10.5828;10.2555;4518.13;6.16648;0;0;0.1;0.01;0;6.14924;0;0;-1
0;448;-28.3049;42.959;-10.7797;9.06343;3118.65;5.44971;0;0;0.1;0.01;0;5.62464;0;0;-1
0;449;-24.4424;59.0707;-12.8449;8.80537;2859.77;5.29454;0;0;0.1;0.01;0;4.53512;0;0;-1
0;450;-24.773;77.7002;-12.2478;9.85517;4009.41;5.92577;0;0;0.1;0.01;0;6.45293;0;0;-1
0;451;-24.8578;94.6738;-14.0135;10.1999;4445.05;6.13305;0;0;0.1;0.01;0;3.54389;0;0;-1
0;452;-13.5462;-83.3082;-11.0899;8.5;2572.44;5.11093;0;0;0.1;0.01;0;4.45402;1;0;-1
0;453;-12.7714;-65.451;-13.2532;8.5;2572.44;5.11093;0;0;0.1;0.01;0;5.52554;1;0;-1
0;454;-12.6931;-48.437;-9.71313;9.49539;3586.14;5.70944;0;0;0.1;0.01;0;6.60777;0;0;-1
0;455;-11.4447;-32.3661;-11.7607;10.4018;4714.27;6.25445;0;0;0.1;0.01;0;7.25728;0;0;-1
0;456;-10.3985;-14.27;-10.7255;8.5;2572.44;5.11093;0;0;0.1;0.01;0;6.05912;1;0;-1
0;457;-10.7142;0.964646;-11.602;10.2021;4447.92;6.13437;0;0;0.1;0.01;0;7.16067;0;0;-1
0;458;-10.7297;16.9709;-11.6203;9.08701;3143.05;5.46389;0;0;0.1;0.01;0;5.76991;0;0;-1
0;459;-11.5934;34.2434;-12.5422;8.56015;2627.44;5.14709;0;0;0.1;0.01;0;4.61943;0;0;-1
0;460;-10.3537;50.9704;-10.6125;8.54843;2616.66;5.14005;0;0;0.1;0.01;0;5.22032;0;0;-1
0;461;-10.5266;67.4198;-11.6337;9.0735;3129.05;5.45576;0;0;0.1;0.01;0;5.91102;0;0;-1
0;462;-11.6997;87.2555;-12.4388;8.5;2572.44;5.11093;0;0;0.1;0.01;0;4.79365;1;0;-1
0;463;4.39283;-91.5496;-10.5883;8.69412;2752.74;5.22765;0;0;0.1;0.01;0;3.76682;0;0;-1
0;464;1.54607;-75.9985;-12.1264;8.5;2572.44;5.11093;0;0;0.1;0.01;0;5.49095;1;0;-1
0;465;1.34451;-59.475;-12.8526;8.86284;2916.13;5.3291;0;0;0.1;0.01;0;6.06291;0;0;-1
0;466;1.68264;-41.2624;-12.6207;9.63019;3741.05;5.79049;0;0;0.1;0.01;0;6.53678;0;0;-1
0;467;1.26576;-21.5708;-10.4653;9.21799;3280.93;5.54264;0;0;0.1;0.01;0;6.60745;0;0;-1
0;468;1.59623;-7.44669;-12.1227;8.63646;2698.34;5.19298;0;0;0.1;0.01;0;6.12519;0;0;-1
0;469;3.27993;8.17294;-12.2803;10.1133;4332.79;6.08098;0;0;0.1;0.01;0;6.21268;0;0;-1
0;470;3.19139;25.1295;-13.5527;9.05314;3108.04;5.44352;0;0;0.1;0.01;0;4.72449;0;0;-1
0;471;1.98852;43.7643;-10.4942;9.3009;3370.26;5.5925;0;0;0.1;0.01;0;5.57765;0;0;-1
0;472;2.33395;59.5245;-10.75;9.45512;3540.71;5.68523;0;0;0.1;0.01;0;6.587;0;0;-1
0;473;2.7081;76.7505;-10.3906;8.91847;2971.39;5.36255;0;0;0.1;0.01;0;6.03126;0;0;-1
0;474;3.09677;94.042;-11.4638;10.2647;4530.3;6.17202;0;0;0.1;0.01;0;4.45861;0;0;-1
0;475;18.8166;-85.1786;-10.5379;9.35595;3430.46;5.6256;0;0;0.1;0.01;0;5.80022;0;0;-1
0;476;16.0689;-68.1933;-10.5169;9.47166;3559.32;5.69517;0;0;0.1;0.01;0;6.35385;0;0;-1
0;477;15.9642;-51.4707;-9.87172;9.86583;4022.44;5.93218;0;0;0.1;0.01;0;5.77875;0;0;-1
0;478;15.5261;-33.3889;-10.5197;9.65096;3765.3;5.80298;0;0;0.1;0.01;0;5.74366;0;0;-1
0;479;16.0353;-16.2978;-11.4668;8.57311;2639.39;5.15489;0;0;0.1;0.01;0;5.91003;0;0;-1
0;480;16.4197;1.11776;-11.4563;9.38448;3461.94;5.64275;0;0;0.1;0.01;0;5.57989;0;0;-1
0;481;19.4881;20.9045;-10.8796;9.88972;4051.73;5.94655;0;0;0.1;0.01;0;6.04939;0;0;-1
0;482;19.6255;38.1908;-13.1679;8.5;2572.44;5.11093;0;0;0.1;0.01;0;5.08495;1;0;-1
0;483;18.1856;54.5296;-11.4735;8.5;2572.44;5.11093;0;0;0.1;0.01;0;4.92999;1;0;-1
0;484;17.3058;71.4365;-10.3206;10.3965;4707.06;6.25126;0;0;0.1;0.01;0;7.10958;0;0;-1
0;485;15.6974;84.9744;-12.5711;8.5;2572.44;5.11093;0;0;0.1;0.01;0;5.4504;1;0;-1
0;486;31.9456;-93.7274;-12.043;8.83098;2884.8;5.30994;0;0;0.1;0.01;0;1.85625;0;0;-1
0;487;33.3609;-76.6514;-12.3273;9.41174;3492.19;5.65914;0;0;0.1;0.01;0;5.6532;0;0;-1
0;488;32.8885;-55.3916;-10.3536;9.45135;3536.47;5.68296;0;0;0.1;0.01;0;4.99229;0;0;-1
0;489;34.1656;-38.8911;-10.1245;9.62386;3733.67;5.78669;0;0;0.1;0.01;0;6.14501;0;0;-1
0;490;31.2305;-21.3581;-12.2793;9.89423;4057.28;5.94926;0;0;0.1;0.01;0;7.10895;0;0;-1
0;491;33.1374;-6.33906;-10.7784;8.88235;2935.43;5.34083;0;0;0.1;0.01;0;5.56313;0;0;-1
0;492;33.5009;11.7947;-12.9126;10.3784;4682.52;6.24038;0;0;0.1;0.01;0;7.01779;0;0;-1
0;493;31.4726;29.0499;-10.8321;9.24443;3309.25;5.55854;0;0;0.1;0.01;0;6.82118;0;0;-1
0;494;33.5385;46.2615;-13.2468;9.56238;3662.58;5.74972;0;0;0.1;0.01;0;5.98782;0;0;-1
0;495;32.7943;63.4886;-10.3666;8.6173;2680.42;5.18146;0;0;0.1;0.01;0;5.98317;0;0;-1
0;496;32.2663;79.3828;-10.1256;10.0567;4260.45;6.04695;0;0;0.1;0.01;0;6.38534;0;0;-1
0;497;45.9686;-82.9343;-10.7981;8.5;2572.44;5.11093;0;0;0.1;0.01;0;4.15739;1;0;-1
0;498;48.131;-67.8872;-11.4506;9.53328;3629.24;5.73222;0;0;0.1;0.01;0;6.01342;0;0;-1
0;499;47.6976;-47.731;-11.9637;9.34097;3414.01;5.61659;0;0;0.1;0.01;0;6.11526;0;0;-1
0;500;48.6172;-31.708;-12.5198;9.05733;3112.36;5.44604;0;0;0.1;0.01;0;5.53936;0;0;-1
0;501;45.5533;-14.7409;-10.9474;9.15165;3210.6;5.50275;0;0;0.1;0.01;0;6.26582;0;0;-1
0;502;46.5946;0.437672;-11.0242;10.1585;4391.14;6.10816;0;0;0.1;0.01;0;7.44427;0;0;-1
0;503;47.7358;18.115;-13.4328;10.1742;4411.53;6.1176;0;0;0.1;0.01;0;7.74539;0;0;-1
0;504;47.901;34.6483;-10.5481;9.51622;3609.79;5.72196;0;0;0.1;0.01;0;6.42838;0;0;-1
0;505;45.9448;55.1943;-12.4973;8.5;2572.44;5.11093;0;0;0.1;0.01;0;5.01875;1;0;-1
0;506;46.2862;68.4936;-10.0122;9.24156;3306.16;5.55682;0;0;0.1;0.01;0;6.16976;0;0;-1
0;507;47.698;85.6461;-13.0994;8.6403;2701.94;5.19529;0;0;0.1;0.01;0;2.33792;0;0;-1
0;508;61.0943;-74.2489;-11.2904;10.3036;4582.01;6.19541;0;0;0.1;0.01;0;3.19895;0;0;-1
0;509;60.3099;-56.0678;-13.2996;9.61516;3723.56;5.78146;0;0;0.1;0.01;0;6.39388;0;0;-1
0;510;61.4412;-42.1466;-11.6197;9.39919;3478.24;5.6516;0;0;0.1;0.01;0;6.41267;0;0;-1
0;511;62.5787;-25.781;-11.8619;9.28468;3352.66;5.58274;0;0;0.1;0.01;0;5.84156;0;0;-1
0;512;62.7432;-7.65129;-11.502;9.83406;3983.7;5.91308;0;0;0.1;0.01;0;6.46743;0;0;-1
0;513;60.7344;9.37391;-12.8116;10.2245;4477.29;6.14784;0;0;0.1;0.01;0;6.65839;0;0;-1
0;514;61.9716;28.7545;-10.2204;9.92591;4096.37;5.96831;0;0;0.1;0.01;0;6.30833;0;0;-1
0;515;62.672;45.9886;-11.1292;9.50542;3597.51;5.71547;0;0;0.1;0.01;0;5.703;0;0;-1
0;516;63.2354;63.5913;-10.8031;10.0981;4313.28;6.07184;0;0;0.1;0.01;0;5.33314;0;0;-1
0;517;61.0505;77.9244;-13.7905;8.90529;2958.24;5.35462;0;0;0.1;0.01;0;2.7716;0;0;-1
0;518;77.6007;-47.5308;-10.8049;8.5;2572.44;5.11093;0;0;0.1;0.01;0;3.8916;1;0;-1
0;519;77.3346;-30.0343;-11.244;8.60685;2670.68;5.17517;0;0;0.1;0.01;0;5.62839;0;0;-1
0;520;75.3007;-14.4435;-10.8526;10.4528;4783.95;6.28512;0;0;0.1;0.01;0;7.80089;0;0;-1
0;521;74.9421;1.11981;-10.9923;8.5;2572.44;5.11093;0;0;0.1;0.01;0;6.16623;1;0;-1
0;522;76.6092;18.0092;-13.3367;8.69993;2758.26;5.23114;0;0;0.1;0.01;0;5.74874;0;0;-1
0;523;75.0659;34.8522;-12.7132;8.5;2572.44;5.11093;0;0;0.1;0.01;0;5.2524;1;0;-1
0;524;75.3434;51.4803;-10.2323;9.24246;3307.13;5.55736;0;0;0.1;0.01;0;5.72003;0;0;-1
0;525;89.584;-22.1756;-11.9562;8.5;2572.44;5.11093;0;0;0.1;0.01;0;3.79093;1;0;-1
0;526;90.0704;-4.24936;-10.1485;9.67018;3787.85;5.81454;0;0;0.1;0.01;0;4.12107;0;0;-1
0;527;89.5545;12.0097;-11.0221;8.94815;3001.15;5.38039;0;0;0.1;0.01;0;4.80429;0;0;-1
0;528;89.4268;27.0258;-11.1991;8.57982;2645.59;5.15892;0;0;0.1;0.01;0;4.51432;0;0;-1
0;529;89.237;43.5647;-9.83814;10.0381;4236.85;6.03576;0;0;0.1;0.01;0;3.29442;0;0;-1
0;530;-93.9361;-16.5787;2.39598;9.45997;3546.16;5.68814;0;0;0.1;0.01;0;3.16953;0;0;-1
0;531;-95.6866;2.72771;3.43277;9.65336;3768.11;5.80443;0;0;0.1;0.01;0;3.78324;0;0;-1
0;532;-95.9082;18.6862;2.16269;10.2032;4449.36;6.13504;0;0;0.1;0.01;0;3.23788;0;0;-1
0;533;-79.6765;-55.9231;3.03546;8.5;2572.44;5.11093;0;0;0.1;0.01;0;2.63985;1;0;-1
0;534;-82.6285;-41.523;4.68723;9.80047;3943.02;5.89288;0;0;0.1;0.01;0;4.17445;0;0;-1
0;535;-80.5975;-23.2264;2.97529;9.80139;3944.13;5.89343;0;0;0.1;0.01;0;6.45382;0;0;-1
0;536;-79.8649;-6.13567;3.72325;9.46528;3552.13;5.69134;0;0;0.1;0.01;0;5.92425;0;0;-1
0;537;-81.7965;10.3539;2.71159;8.90491;2957.86;5.35439;0;0;0.1;0.01;0;4.70801;0;0;-1
0;538;-80.6001;25.4919;1.20081;8.5;2572.44;5.11093;0;0;0.1;0.01;0;3.69661;1;0;-1
0;539;-82.6815;44.0734;2.7662;10.2457;4505.19;6.16059;0;0;0.1;0.01;0;4.4225;0;0;-1
0;540;-78.9045;61.1284;3.3764;9.4202;3501.62;5.66423;0;0;0.1;0.01;0;2.55839;0;0;-1
0;541;-63.8875;-65.5072;1.68383;8.86781;2921.04;5.33209;0;0;0.1;0.01;0;4.00813;0;0;-1
0;542;-64.2793;-47.2866;4.39567;10.2617;4526.33;6.17021;0;0;0.1;0.01;0;6.2342;0;0;-1
0;543;-68.394;-33.0502;3.55331;8.92266;2975.58;5.36507;0;0;0.1;0.01;0;5.7584;0;0;-1
0;544;-67.7988;-14.8224;1.72386;10.4365;4761.6;6.27532;0;0;0.1;0.01;0;6.92691;0;0;-1
0;545;-67.1943;0.40001;3.73545;10.3306;4618.12;6.21164;0;0;0.1;0.01;0;6.93276;0;0;-1
0;546;-64.7313;17.1281;3.36565;10.4477;4776.95;6.28205;0;0;0.1;0.01;0;6.01955;0;0;-1
0;547;-65.1798;36.5223;3.09487;10.4249;4745.74;6.26834;0;0;0.1;0.01;0;6.60292;0;0;-1
0;548;-65.5648;52.0301;3.23058;9.47993;3568.65;5.70014;0;0;0.1;0.01;0;5.47938;0;0;-1
0;549;-64.945;70.4117;3.16808;8.5;2572.44;5.11093;0;0;0.1;0.01;0;2.34887;1;0;-1
0;550;-49.9077;-75.3342;3.24077;8.5823;2647.89;5.16041;0;0;0.1;0.01;0;5.00693;0;0;-1
0;551;-50.3442;-59.3887;4.20768;8.71413;2771.79;5.23968;0;0;0.1;0.01;0;5.50733;0;0;-1
0;552;-50.953;-42.3308;3.34274;8.72965;2786.63;5.24901;0;0;0.1;0.01;0;5.46321;0;0;-1
0;553;-52.1131;-24.4731;3.65372;8.58632;2651.61;5.16283;0;0;0.1;0.01;0;4.18582;0;0;-1
0;554;-49.6402;-5.38088;2.14908;8.5;2572.44;5.11093;0;0;0.1;0.01;0;4.35523;1;0;-1
0;555;-52.3003;10.0599;3.74731;8.5;2572.44;5.11093;0;0;0.1;0.01;0;4.98777;1;0;-1
0;556;-52.754;25.8395;2.70217;8.5;2572.44;5.11093;0;0;0.1;0.01;0;5.48499;1;0;-1
0;557;-50.2693;42.9846;5.11601;9.8444;3996.28;5.91929;0;0;0.1;0.01;0;5.97428;0;0;-1
0;558;-50.7555;63.4576;1.83793;9.04923;3104.01;5.44117;0;0;0.1;0.01;0;5.21291;0;0;-1
0;559;-51.4544;78.1204;1.29015;9.76208;3896.87;5.8698;0;0;0.1;0.01;0;4.4379;0;0;-1
0;560;-34.9779;-84.0132;3.44213;9.36644;3442.01;5.6319;0;0;0.1;0.01;0;5.15631;0;0;-1
0;561;-38.5;-67.3872;3.24441;9.15764;3216.91;5.50636;0;0;0.1;0.01;0;5.35608;0;0;-1
0;562;-36.7024;-50.3922;4.12177;8.5;2572.44;5.11093;0;0;0.1;0.01;0;5.17277;1;0;-1
0;563;-35.8317;-32.6225;2.67927;9.95707;4135.07;5.98704;0;0;0.1;0.01;0;6.05372;0;0;-1
0;564;-38.08;-14.0858;3.15214;8.97516;3028.41;5.39663;0;0;0.1;0.01;0;4.98211;0;0;-1
0;565;-36.6362;3.18141;4.03713;8.90095;2953.91;5.35201;0;0;0.1;0.01;0;5.85651;0;0;-1
0;566;-38.1369;19.9749;2.91975;10.1518;4382.46;6.10413;0;0;0.1;0.01;0;6.86732;0;0;-1
0;567;-38.1997;36.3088;1.02871;8.89588;2948.87;5.34896;0;0;0.1;0.01;0;5.9313;0;0;-1
0;568;-35.4161;50.8432;2.86004;9.82839;3976.82;5.90967;0;0;0.1;0.01;0;5.01486;0;0;-1
0;569;-35.747;71.7392;1.34016;10.4423;4769.55;6.2788;0;0;0.1;0.01;0;6.28718;0;0;-1
0;570;-35.3274;87.8923;3.29276;9.58234;3685.56;5.76172;0;0;0.1;0.01;0;5.14476;0;0;-1
0;571;-20.7814;-93.6545;1.6045;9.51832;3612.18;5.72323;0;0;0.1;0.01;0;4.31401;0;0;-1
0;572;-20.5641;-76.6079;4.59265;8.53528;2604.61;5.13214;0;0;0.1;0.01;0;5.26527;0;0;-1
0;573;-23.6198;-57.6381;1.53759;9.2155;3278.27;5.54115;0;0;0.1;0.01;0;6.0038;0;0;-1
0;574;-23.2215;-40.3586;2.14294;9.25268;3318.11;5.5635;0;0;0.1;0.01;0;6.41724;0;0;-1
0;575;-21.1655;-23.0808;3.57111;8.5;2572.44;5.11093;0;0;0.1;0.01;0;5.39807;1;0;-1
0;576;-20.5795;-5.19428;3.34806;8.55675;2624.31;5.14505;0;0;0.1;0.01;0;6.15968;0;0;-1
0;577;-20.1912;9.99267;4.07095;10.1133;4332.79;6.08098;0;0;0.1;0.01;0;6.89939;0;0;-1
0;578;-23.9387;27.5225;1.88946;8.5874;2652.61;5.16348;0;0;0.1;0.01;0;3.99252;0;0;-1
0;579;-19.9306;46.9965;1.83459;9.19996;3261.72;5.5318;0;0;0.1;0.01;0;4.54641;0;0;-1
0;580;-22.0304;63.3228;2.16562;9.89483;4058.01;5.94962;0;0;0.1;0.01;0;6.65943;0;0;-1
0;581;-22.1861;77.5573;1.90774;9.60554;3712.39;5.77567;0;0;0.1;0.01;0;6.19857;0;0;-1
0;582;-23.3667;96.2369;1.35863;9.90756;4073.7;5.95727;0;0;0.1;0.01;0;3.41927;0;0;-1
0;583;-7.07177;-98.9534;0.927523;10.0776;4287.06;6.05951;0;0;0.1;0.01;0;2.97426;0;0;-1
0;584;-5.6441;-81.0581;3.71058;8.73414;2790.93;5.25171;0;0;0.1;0.01;0;5.62666;0;0;-1
0;585;-9.08367;-66.6461;2.77278;10.3839;4689.97;6.24369;0;0;0.1;0.01;0;5.75042;0;0;-1
0;586;-7.63443;-49.2507;2.30929;8.64791;2709.08;5.19986;0;0;0.1;0.01;0;5.09559;0;0;-1
0;587;-7.46597;-29.9726;2.51976;9.4445;3528.79;5.67884;0;0;0.1;0.01;0;6.35161;0;0;-1
0;588;-8.78234;-14.1942;3.11744;9.71029;3835.18;5.83866;0;0;0.1;0.01;0;6.88041;0;0;-1
0;589;-7.88513;1.80859;3.77325;8.5;2572.44;5.11093;0;0;0.1;0.01;0;5.89969;1;0;-1
0;590;-6.29525;17.3593;1.33705;8.51996;2590.61;5.12293;0;0;0.1;0.01;0;5.93233;0;0;-1
0;591;-6.16571;34.6552;3.69874;9.22465;3288.05;5.54665;0;0;0.1;0.01;0;5.50777;0;0;-1
0;592;-5.76385;51.8016;3.54522;8.5;2572.44;5.11093;0;0;0.1;0.01;0;5.86967;1;0;-1
0;593;-7.56726;71.7849;2.32873;10.3283;4615.04;6.21026;0;0;0.1;0.01;0;6.85542;0;0;-1
0;594;-9.20799;88.3788;3.6794;9.77079;3907.31;5.87503;0;0;0.1;0.01;0;4.97447;0;0;-1
0;595;8.04239;-92.1715;3.10302;8.71605;2773.63;5.24083;0;0;0.1;0.01;0;4.70701;0;0;-1
0;596;8.63714;-76.0912;1.82961;9.61678;3725.44;5.78243;0;0;0.1;0.01;0;7.03982;0;0;-1
0;597;5.95482;-58.925;1.6899;10.096;4310.59;6.07058;0;0;0.1;0.01;0;6.92001;0;0;-1
0;598;7.03874;-42.7402;3.59093;9.83689;3987.15;5.91478;0;0;0.1;0.01;0;6.72625;0;0;-1
0;599;7.54751;-24.9356;1.84911;9.5353;3631.55;5.73344;0;0;0.1;0.01;0;6.50614;0;0;-1
0;600;9.35732;-8.46043;4.4442;10.1237;4346.17;6.08723;0;0;0.1;0.01;0;5.931;0;0;-1
0;601;5.73437;10.4468;2.77344;8.89902;2951.99;5.35085;0;0;0.1;0.01;0;4.95888;0;0;-1
0;602;7.62955;25.4188;2.11737;9.91149;4078.55;5.95964;0;0;0.1;0.01;0;6.08802;0;0;-1
0;603;8.38295;44.063;2.34809;8.5;2572.44;5.11093;0;0;0.1;0.01;0;5.04532;1;0;-1
0;604;6.91079;60.3879;1.62467;8.5;2572.44;5.11093;0;0;0.1;0.01;0;5.65792;1;0;-1
0;605;8.80115;76.5017;2.68212;8.62821;2690.61;5.18802;0;0;0.1;0.01;0;5.79815;0;0;-1
0;606;5.61348;97.9039;1.52226;9.70502;3828.93;5.83549;0;0;0.1;0.01;0;2.82624;0;0;-1
0;607;20.4531;-85.2836;2.17615;8.5;2572.44;5.11093;0;0;0.1;0.01;0;4.15304;1;0;-1
0;608;23.7057;-66.3243;2.74089;10.1485;4378.19;6.10215;0;0;0.1;0.01;0;5.92348;0;0;-1
0;609;22.3799;-47.3558;4.37879;8.61569;2678.91;5.18049;0;0;0.1;0.01;0;4.58337;0;0;-1
0;610;21.7431;-31.0893;1.47341;8.5;2572.44;5.11093;0;0;0.1;0.01;0;5.78958;1;0;-1
0;611;21.4323;-14.7083;1.4914;8.5;2572.44;5.11093;0;0;0.1;0.01;0;5.46988;1;0;-1
0;612;23.2041;4.33719;1.19854;9.49255;3582.92;5.70773;0;0;0.1;0.01;0;5.44818;0;0;-1
0;613;23.3902;20.8319;4.67243;9.56391;3664.33;5.75064;0;0;0.1;0.01;0;6.83858;0;0;-1
0;614;21.9834;37.2949;4.9659;8.5;2572.44;5.11093;0;0;0.1;0.01;0;5.66033;1;0;-1
0;615;22.7731;51.4201;3.7269;9.88732;4048.78;5.9451;0;0;0.1;0.01;0;6.64345;0;0;-1
0;616;21.1337;67.7526;1.65633;9.16445;3224.09;5.51045;0;0;0.1;0.01;0;5.95694;0;0;-1
0;617;21.4043;89.4955;1.13829;10.1186;4339.6;6.08417;0;0;0.1;0.01;0;4.04277;0;0;-1
0;618;38.042;-75.9267;1.65421;9.44408;3528.32;5.67859;0;0;0.1;0.01;0;6.03109;0;0;-1
0;619;38.5527;-59.6004;4.02844;8.64248;2703.98;5.1966;0;0;0.1;0.01;0;5.2276;0;0;-1
0;620;34.9035;-40.1489;3.41284;8.9796;3032.91;5.3993;0;0;0.1;0.01;0;5.4498;0;0;-1
0;621;35.0452;-25.7232;1.20171;9.54414;3641.66;5.73875;0;0;0.1;0.01;0;6.1064;0;0;-1
0;622;38.0175;-8.853;4.48503;9.35846;3433.22;5.62711;0;0;0.1;0.01;0;6.01365;0;0;-1
0;623;37.2349;9.08732;1.45699;9.51894;3612.89;5.7236;0;0;0.1;0.01;0;5.74713;0;0;-1
0;624;36.6625;27.2511;2.87545;9.98295;4167.4;6.0026;0;0;0.1;0.01;0;6.51331;0;0;-1
0;625;35.9266;44.5338;1.21407;10.3932;4702.58;6.24928;0;0;0.1;0.01;0;6.87835;0;0;-1
0;626;36.1005;62.707;3.83299;10.293;4567.88;6.18903;0;0;0.1;0.01;0;7.82499;0;0;-1
0;627;37.6654;80.0042;2.52772;10.395;4705.03;6.25036;0;0;0.1;0.01;0;5.13885;0;0;-1
0;628;50.8389;-83.531;2.89264;8.5;2572.44;5.11093;0;0;0.1;0.01;0;2.98791;1;0;-1
0;629;52.1835;-64.6093;4.04811;9.83279;3982.16;5.91231;0;0;0.1;0.01;0;5.5854;0;0;-1
0;630;50.3187;-48.4691;3.26005;10.1367;4362.93;6.09505;0;0;0.1;0.01;0;6.363;0;0;-1
0;631;53.4039;-33.6509;4.79615;8.5;2572.44;5.11093;0;0;0.1;0.01;0;5.81177;1;0;-1
0;632;51.3848;-15.8285;2.9977;8.60239;2666.53;5.17249;0;0;0.1;0.01;0;5.11745;0;0;-1
0;633;52.1585;1.13695;2.46462;8.51441;2585.55;5.11959;0;0;0.1;0.01;0;5.43422;0;0;-1
0;634;52.3745;17.0484;1.66607;9.47502;3563.11;5.69719;0;0;0.1;0.01;0;7.31179;0;0;-1
0;635;50.1852;34.3896;2.73673;9.80689;3950.78;5.89674;0;0;0.1;0.01;0;6.23169;0;0;-1
0;636;51.3767;54.6339;4.70479;8.5;2572.44;5.11093;0;0;0.1;0.01;0;5.01699;1;0;-1
0;637;50.009;67.7101;3.2566;9.09874;3155.24;5.47094;0;0;0.1;0.01;0;4.70086;0;0;-1
0;638;68.0558;-56.0592;4.6868;9.91865;4087.39;5.96394;0;0;0.1;0.01;0;4.38911;0;0;-1
0;639;67.5935;-39.0452;2.40357;9.67029;3787.97;5.81461;0;0;0.1;0.01;0;7.08985;0;0;-1
0;640;64.732;-24.1592;3.89959;8.59961;2663.94;5.17082;0;0;0.1;0.01;0;5.67806;0;0;-1
0;641;67.8273;-6.65462;4.42852;8.5;2572.44;5.11093;0;0;0.1;0.01;0;4.8677;1;0;-1
0;642;65.6281;12.2024;3.83419;10.2544;4516.68;6.16582;0;0;0.1;0.01;0;6.72067;0;0;-1
0;643;65.4868;25.9324;3.94261;8.5;2572.44;5.11093;0;0;0.1;0.01;0;6.09852;1;0;-1
0;644;66.9152;44.3114;4.36111;9.40417;3483.77;5.65459;0;0;0.1;0.01;0;5.69776;0;0;-1
0;645;67.4204;60.1793;4.32033;9.78995;3930.34;5.88655;0;0;0.1;0.01;0;4.4658;0;0;-1
0;646;82.3275;-47.3927;5.10805;9.16647;3226.23;5.51167;0;0;0.1;0.01;0;3.67628;0;0;-1
0;647;82.1687;-33.1086;3.18378;10.4059;4719.84;6.25692;0;0;0.1;0.01;0;5.82414;0;0;-1
0;648;81.3953;-15.7973;3.84157;9.58771;3691.76;5.76495;0;0;0.1;0.01;0;6.48954;0;0;-1
0;649;79.776;0.0550006;1.87725;9.17655;3236.88;5.51773;0;0;0.1;0.01;0;5.72948;0;0;-1
0;650;80.9736;18.2577;2.44793;9.17519;3235.44;5.51691;0;0;0.1;0.01;0;6.64359;0;0;-1
0;651;82.537;36.1056;4.0972;10.3563;4652.67;6.22709;0;0;0.1;0.01;0;5.55303;0;0;-1
0;652;82.8009;55.2991;4.89634;9.98006;4163.78;6.00087;0;0;0.1;0.01;0;2.84923;0;0;-1
0;653;95.8369;-23.3882;2.10111;10.372;4673.86;6.23653;0;0;0.1;0.01;0;3.6282;0;0;-1
0;654;96.3558;-7.5648;4.22613;9.30892;3378.99;5.59732;0;0;0.1;0.01;0;3.40754;0;0;-1
0;655;94.526;12.1139;1.93442;9.59168;3696.35;5.76734;0;0;0.1;0.01;0;4.21301;0;0;-1
0;656;94.3123;26.6305;4.47932;10.0281;4224.2;6.02975;0;0;0.1;0.01;0;4.46463;0;0;-1
0;657;-86.8363;-40.7545;19.2029;10.0139;4206.28;6.02121;0;0;0.1;0.01;0;3.22199;0;0;-1
0;658;-85.0814;-21.1745;18.5609;9.39531;3473.94;5.64926;0;0;0.1;0.01;0;3.2813;0;0;-1
0;659;-84.8764;-4.98957;19.2723;9.9256;4095.99;5.96812;0;0;0.1;0.01;0;4.60321;0;0;-1
0;660;-86.6504;10.4804;17.1885;9.41782;3498.97;5.6628;0;0;0.1;0.01;0;4.71432;0;0;-1
0;661;-85.7243;27.1068;18.305;8.5;2572.44;5.11093;0;0;0.1;0.01;0;3.21677;1;0;-1
0;662;-84.2548;45.3284;18.9218;8.68184;2741.09;5.22026;0;0;0.1;0.01;0;2.72827;0;0;-1
0;663;-72.1082;-63.6421;19.8396;9.46219;3548.65;5.68948;0;0;0.1;0.01;0;3.35692;0;0;-1
0;664;-70.813;-48.5643;16.671;9.04696;3101.68;5.43981;0;0;0.1;0.01;0;6.11175;0;0;-1
0;665;-68.9801;-33.873;19.1874;8.5;2572.44;5.11093;0;0;0.1;0.01;0;5.46655;1;0;-1
0;666;-71.9613;-13.1868;19.0197;9.90376;4069.01;5.95499;0;0;0.1;0.01;0;7.23456;0;0;-1
0;667;-69.3887;2.17468;19.7111;9.7357;3865.36;5.85394;0;0;0.1;0.01;0;6.93208;0;0;-1
0;668;-70.2467;18.6406;19.3016;9.64972;3763.85;5.80224;0;0;0.1;0.01;0;5.80165;0;0;-1
0;669;-70.2931;34.2535;16.7442;8.77909;2834.24;5.27874;0;0;0.1;0.01;0;4.32282;0;0;-1
0;670;-70.2534;52.8834;16.2652;8.5;2572.44;5.11093;0;0;0.1;0.01;0;3.91653;1;0;-1
0;671;-58.0216;-74.9498;17.1202;10.065;4271;6.05194;0;0;0.1;0.01;0;4.51506;0;0;-1
0;672;-57.4973;-58.6533;18.7031;9.47117;3558.77;5.69488;0;0;0.1;0.01;0;6.43824;0;0;-1
0;673;-56.2027;-39.5368;17.4566;10.2399;4497.55;6.1571;0;0;0.1;0.01;0;7.40259;0;0;-1
0;674;-57.0862;-23.2708;16.9109;8.9323;2985.23;5.37086;0;0;0.1;0.01;0;5.73278;0;0;-1
0;675;-55.1855;-6.46382;16.0555;9.97374;4155.88;5.99707;0;0;0.1;0.01;0;6.24432;0;0;-1
0;676;-57.1247;8.61886;17.4107;8.70387;2762.01;5.23351;0;0;0.1;0.01;0;5.38376;0;0;-1
0;677;-55.3826;26.7742;16.7953;9.65507;3770.12;5.80545;0;0;0.1;0.01;0;5.7087;0;0;-1
0;678;-54.9706;46.9031;18.9439;8.5;2572.44;5.11093;0;0;0.1;0.01;0;4.35181;1;0;-1
0;679;-53.9876;61.9312;18.2899;8.67427;2733.93;5.21571;0;0;0.1;0.01;0;3.80856;0;0;-1
0;680;-53.7971;78.0486;19.6599;9.60026;3706.27;5.7725;0;0;0.1;0.01;0;2.63895;0;0;-1
0;681;-41.6956;-84.6153;16.8474;9.64536;3758.75;5.79962;0;0;0.1;0.01;0;4.32958;0;0;-1
0;682;-40.6337;-67.4719;17.7324;8.98447;3037.85;5.40223;0;0;0.1;0.01;0;5.51564;0;0;-1
0;683;-40.4653;-47.7809;16.7378;9.09298;3149.25;5.46748;0;0;0.1;0.01;0;5.26043;0;0;-1
0;684;-42.5314;-33.0289;18.1944;9.56256;3662.78;5.74983;0;0;0.1;0.01;0;6.35472;0;0;-1
0;685;-42.1577;-13.7542;16.488;8.5;2572.44;5.11093;0;0;0.1;0.01;0;4.91514;1;0;-1
0;686;-39.9935;2.2791;17.723;8.8338;2887.56;5.31164;0;0;0.1;0.01;0;5.08285;0;0;-1
0;687;-42.2105;18.6853;18.4646;8.81873;2872.81;5.30257;0;0;0.1;0.01;0;5.43352;0;0;-1
0;688;-41.1642;33.7349;18.2805;8.97255;3025.77;5.39506;0;0;0.1;0.01;0;5.19124;0;0;-1
0;689;-39.7081;53.2111;18.5451;8.97931;3032.62;5.39913;0;0;0.1;0.01;0;4.73899;0;0;-1
0;690;-39.5862;71.4837;16.3996;10.2106;4459.05;6.13949;0;0;0.1;0.01;0;5.90376;0;0;-1
0;691;-41.5985;87.7447;18.5398;8.98874;3042.18;5.4048;0;0;0.1;0.01;0;2.93223;0;0;-1
0;692;-27.7624;-93.4567;16.8239;10.4523;4783.26;6.28482;0;0;0.1;0.01;0;3.97947;0;0;-1
0;693;-27.5083;-72.8535;18.5001;9.83112;3980.13;5.91131;0;0;0.1;0.01;0;6.1659;0;0;-1
0;694;-25.3702;-56.7115;16.2772;8.5;2572.44;5.11093;0;0;0.1;0.01;0;4.44992;1;0;-1
0;695;-24.501;-40.3795;17.8415;8.88227;2935.35;5.34078;0;0;0.1;0.01;0;5.48679;0;0;-1
0;696;-28.3588;-24.7233;16.321;9.59361;3698.58;5.7685;0;0;0.1;0.01;0;6.04737;0;0;-1
0;697;-28.3797;-7.18423;16.0161;9.33032;3402.34;5.61019;0;0;0.1;0.01;0;5.29308;0;0;-1
0;698;-26.9608;10.677;16.4894;9.60486;3711.6;5.77526;0;0;0.1;0.01;0;6.09133;0;0;-1
0;699;-27.4524;28.0498;17.361;9.05772;3112.76;5.44628;0;0;0.1;0.01;0;5.1284;0;0;-1
0;700;-25.46;45.9293;17.6339;9.58543;3689.13;5.76358;0;0;0.1;0.01;0;5.76581;0;0;-1
0;701;-28.1564;62.0569;16.4021;9.01678;3070.74;5.42166;0;0;0.1;0.01;0;5.90322;0;0;-1
0;702;-27.4118;80.4111;16.3113;10.1887;4430.42;6.12632;0;0;0.1;0.01;0;5.89063;0;0;-1
0;703;-13.2912;-83.61;17.6365;9.77088;3907.42;5.87509;0;0;0.1;0.01;0;5.45715;0;0;-1
0;704;-13.7333;-65.6456;17.0234;8.5;2572.44;5.11093;0;0;0.1;0.01;0;4.20805;1;0;-1
0;705;-11.182;-47.5335;16.2701;9.7905;3931;5.88689;0;0;0.1;0.01;0;5.44879;0;0;-1
0;706;-12.353;-30.7877;19.3456;8.63701;2698.85;5.19331;0;0;0.1;0.01;0;5.76359;0;0;-1
0;707;-11.5512;-16.1883;17.4758;9.71429;3839.92;5.84106;0;0;0.1;0.01;0;6.34273;0;0;-1
0;708;-13.6715;1.66313;17.1293;10.0878;4300.09;6.06565;0;0;0.1;0.01;0;7.02431;0;0;-1
0;709;-13.178;20.7901;16.6115;10.0841;4295.36;6.06342;0;0;0.1;0.01;0;6.26884;0;0;-1
0;710;-10.9544;37.3208;17.2905;8.97727;3030.55;5.3979;0;0;0.1;0.01;0;5.49469;0;0;-1
0;711;-10.0203;52.3607;18.2996;10.1287;4352.61;6.09024;0;0;0.1;0.01;0;6.64285;0;0;-1
0;712;-11.6687;68.4249;18.3685;8.59754;2662.02;5.16958;0;0;0.1;0.01;0;5.20858;0;0;-1
0;713;-11.0489;85.2602;18.6706;8.5;2572.44;5.11093;0;0;0.1;0.01;0;3.73659;1;0;-1
0;714;1.68286;-91.986;17.4356;10.248;4508.23;6.16197;0;0;0.1;0.01;0;3.90765;0;0;-1
0;715;4.5843;-72.2692;15.9874;8.68782;2746.76;5.22386;0;0;0.1;0.01;0;5.1541;0;0;-1
0;716;2.81978;-56.9715;17.3336;8.5;2572.44;5.11093;0;0;0.1;0.01;0;5.54573;1;0;-1
0;717;2.96237;-39.8543;16.6709;9.887;4048.39;5.94491;0;0;0.1;0.01;0;6.58494;0;0;-1
0;718;2.38416;-24.4665;16.4662;8.82136;2875.38;5.30416;0;0;0.1;0.01;0;5.63513;0;0;-1
0;719;4.97555;-8.37262;17.1122;8.57217;2638.52;5.15432;0;0;0.1;0.01;0;4.74442;0;0;-1
0;720;4.17368;9.65039;16.387;9.89258;4055.25;5.94826;0;0;0.1;0.01;0;4.89231;0;0;-1
0;721;2.15989;28.5064;16.6399;9.95865;4137.04;5.98799;0;0;0.1;0.01;0;6.2466;0;0;-1
0;722;2.53664;46.1873;15.6194;8.5982;2662.63;5.16997;0;0;0.1;0.01;0;5.8024;0;0;-1
0;723;2.6626;63.4039;15.8951;10.4039;4717.12;6.25571;0;0;0.1;0.01;0;6.71358;0;0;-1
0;724;0.994532;77.9645;15.9327;8.66392;2724.16;5.20949;0;0;0.1;0.01;0;5.68473;0;0;-1
0;725;4.70102;93.0887;17.7741;8.70908;2766.98;5.23664;0;0;0.1;0.01;0;2.8942;0;0;-1
0;726;17.7777;-82.379;17.107;10.0453;4245.97;6.04009;0;0;0.1;0.01;0;5.13172;0;0;-1
0;727;15.7958;-64.4097;16.3785;8.5;2572.44;5.11093;0;0;0.1;0.01;0;4.94495;1;0;-1
0;728;16.0266;-50.0874;18.3095;9.61978;3728.93;5.78423;0;0;0.1;0.01;0;5.55377;0;0;-1
0;729;18.9323;-33.9851;18.1048;8.5;2572.44;5.11093;0;0;0.1;0.01;0;4.31259;1;0;-1
0;730;18.3572;-17.0081;17.3383;9.30503;3374.75;5.59498;0;0;0.1;0.01;0;5.7739;0;0;-1
0;731;17.4612;2.71754;18.4873;8.54447;2613.03;5.13767;0;0;0.1;0.01;0;4.74152;0;0;-1
0;732;16.579;21.1358;16.2193;9.14026;3198.63;5.49591;0;0;0.1;0.01;0;6.27587;0;0;-1
0;733;16.5152;37.0708;17.4451;8.88866;2941.69;5.34462;0;0;0.1;0.01;0;5.88846;0;0;-1
0;734;19.6659;52.9309;17.701;8.85858;2911.93;5.32654;0;0;0.1;0.01;0;5.17012;0;0;-1
0;735;16.4163;69.7752;17.3904;8.51644;2587.4;5.12081;0;0;0.1;0.01;0;5.15692;0;0;-1
0;736;17.9152;85.6753;16.4601;9.17315;3233.29;5.51568;0;0;0.1;0.01;0;3.56785;0;0;-1
0;737;33.1743;-92.4865;15.9399;9.05955;3114.64;5.44738;0;0;0.1;0.01;0;1.68945;0;0;-1
0;738;33.7877;-73.7662;16.1001;9.51316;3606.31;5.72013;0;0;0.1;0.01;0;5.47753;0;0;-1
0;739;33.1789;-55.2496;18.0126;9.15668;3215.9;5.50578;0;0;0.1;0.01;0;4.54227;0;0;-1
0;740;33.6535;-39.0276;18.0757;8.5;2572.44;5.11093;0;0;0.1;0.01;0;5.3287;1;0;-1
0;741;31.4405;-24.4852;16.3374;9.37929;3456.2;5.63963;0;0;0.1;0.01;0;6.48103;0;0;-1
0;742;30.7097;-8.06151;18.5941;9.30862;3378.66;5.59714;0;0;0.1;0.01;0;5.49742;0;0;-1
0;743;30.5301;11.5675;17.0239;8.87722;2930.35;5.33774;0;0;0.1;0.01;0;5.13438;0;0;-1
0;744;32.0948;26.876;16.7678;8.78131;2836.39;5.28007;0;0;0.1;0.01;0;5.40325;0;0;-1
0;745;33.2194;45.7672;16.5228;8.5;2572.44;5.11093;0;0;0.1;0.01;0;5.28966;1;0;-1
0;746;30.487;63.4327;19.4722;9.08213;3137.99;5.46095;0;0;0.1;0.01;0;6.81805;0;0;-1
0;747;30.6512;77.8129;17.8511;9.25776;3323.58;5.56656;0;0;0.1;0.01;0;5.18513;0;0;-1
0;748;45.3103;-81.2486;16.0911;9.99665;4184.58;6.01084;0;0;0.1;0.01;0;4.70732;0;0;-1
0;749;48.9061;-67.6397;17.0084;8.61752;2680.62;5.18159;0;0;0.1;0.01;0;5.08357;0;0;-1
0;750;47.5143;-48.1682;18.5913;8.5;2572.44;5.11093;0;0;0.1;0.01;0;4.60354;1;0;-1
0;751;46.7616;-31.9019;16.6159;9.52674;3621.78;5.72829;0;0;0.1;0.01;0;6.82967;0;0;-1
0;752;46.3625;-15.3167;17.5049;9.96599;4146.2;5.99241;0;0;0.1;0.01;0;6.40158;0;0;-1
0;753;46.2058;4.39383;19.4811;9.61473;3723.06;5.7812;0;0;0.1;0.01;0;5.43065;0;0;-1
0;754;48.7903;20.4712;17.3395;9.77667;3914.37;5.87857;0;0;0.1;0.01;0;6.22904;0;0;-1
0;755;46.8604;34.8831;18.9834;8.5;2572.44;5.11093;0;0;0.1;0.01;0;5.23567;1;0;-1
0;756;45.086;54.092;16.589;10.1386;4365.39;6.09619;0;0;0.1;0.01;0;6.57492;0;0;-1
0;757;46.978;68.9798;17.7774;8.7934;2848.13;5.28734;0;0;0.1;0.01;0;5.04345;0;0;-1
0;758;45.9419;86.0458;19.667;8.5;2572.44;5.11093;0;0;0.1;0.01;0;1.28299;1;0;-1
0;759;61.2238;-75.4416;17.492;9.74749;3879.42;5.86102;0;0;0.1;0.01;0;2.82089;0;0;-1
0;760;62.3057;-57.9518;18.1635;8.5;2572.44;5.11093;0;0;0.1;0.01;0;4.94961;1;0;-1
0;761;62.5619;-38.7128;16.7021;10.097;4311.87;6.07118;0;0;0.1;0.01;0;7.49659;0;0;-1
0;762;60.4201;-24.2768;16.5117;9.90118;4065.83;5.95344;0;0;0.1;0.01;0;7.54665;0;0;-1
0;763;60.377;-7.40119;16.7526;8.93108;2984.01;5.37013;0;0;0.1;0.01;0;4.81124;0;0;-1
0;764;62.459;10.6029;16.9685;9.45392;3539.36;5.6845;0;0;0.1;0.01;0;5.77984;0;0;-1
0;765;61.6897;28.5332;16.4749;10.2254;4478.47;6.14838;0;0;0.1;0.01;0;7.22251;0;0;-1
0;766;61.8703;45.2102;19.0374;8.67367;2733.36;5.21535;0;0;0.1;0.01;0;6.07977;0;0;-1
0;767;62.2934;63.638;19.0438;10.0225;4217.13;6.02638;0;0;0.1;0.01;0;4.83184;0;0;-1
0;768;75.9071;-50.2062;19.5125;8.70096;2759.24;5.23176;0;0;0.1;0.01;0;3.01288;0;0;-1
0;769;76.0479;-33.4776;18.3425;10.0886;4301.12;6.06613;0;0;0.1;0.01;0;6.13435;0;0;-1
0;770;77.6187;-16.9555;16.7413;8.5;2572.44;5.11093;0;0;0.1;0.01;0;4.96269;1;0;-1
0;771;74.8824;0.854571;19.4068;8.71841;2775.88;5.24225;0;0;0.1;0.01;0;4.4446;0;0;-1
0;772;76.491;20.1059;16.1859;9.82373;3971.16;5.90687;0;0;0.1;0.01;0;6.53854;0;0;-1
0;773;74.8199;37.9204;19.0729;10.3722;4674.14;6.23665;0;0;0.1;0.01;0;6.73619;0;0;-1
0;774;76.5223;52.4235;18.7606;8.77615;2831.4;5.27697;0;0;0.1;0.01;0;4.58212;0;0;-1
0;775;91.5295;-22.0693;18.641;9.7875;3927.39;5.88508;0;0;0.1;0.01;0;4.34425;0;0;-1
0;776;92.749;-7.35906;19.9346;8.5;2572.44;5.11093;0;0;0.1;0.01;0;2.61874;1;0;-1
0;777;91.7;9.32812;16.2184;9.05672;3111.73;5.44567;0;0;0.1;0.01;0;2.52699;0;0;-1
0;778;89.4651;26.8434;17.3909;9.35384;3428.14;5.62433;0;0;0.1;0.01;0;4.07901;0;0;-1
0;779;-93.5862;2.40945;34.5641;8.55786;2625.33;5.14572;0;0;0.1;0.01;0;2.8452;0;0;-1
0;780;-82.0381;-39.7095;31.6333;9.85962;4014.85;5.92845;0;0;0.1;0.01;0;3.1553;0;0;-1
0;781;-79.6865;-25.0884;32.4572;9.32437;3395.84;5.60661;0;0;0.1;0.01;0;4.25182;0;0;-1
0;782;-79.0026;-6.09338;34.0289;9.22038;3283.49;5.54408;0;0;0.1;0.01;0;5.97815;0;0;-1
0;783;-80.1787;10.0427;31.8144;8.73128;2788.19;5.24999;0;0;0.1;0.01;0;4.89521;0;0;-1
0;784;-82.6996;25.8709;30.9205;9.40262;3482.05;5.65366;0;0;0.1;0.01;0;2.74909;0;0;-1
0;785;-79.9034;46.0348;31.3421;8.54151;2610.31;5.13589;0;0;0.1;0.01;0;2.20551;0;0;-1
0;786;-65.9591;-66.889;33.9567;9.46889;3556.2;5.69351;0;0;0.1;0.01;0;3.41769;0;0;-1
0;787;-66.6274;-47.6786;32.2352;9.70994;3834.76;5.83845;0;0;0.1;0.01;0;4.7902;0;0;-1
0;788;-64.3033;-30.7698;34.2036;9.95636;4134.19;5.98661;0;0;0.1;0.01;0;6.55625;0;0;-1
0;789;-66.7743;-15.5667;31.0215;8.5;2572.44;5.11093;0;0;0.1;0.01;0;5.95159;1;0;-1
0;790;-65.6105;0.0144914;34.1255;8.9441;2997.08;5.37796;0;0;0.1;0.01;0;5.98689;0;0;-1
0;791;-66.5547;18.1271;33.8906;8.5;2572.44;5.11093;0;0;0.1;0.01;0;4.43053;1;0;-1
0;792;-64.4125;35.17;31.6608;8.58667;2651.94;5.16304;0;0;0.1;0.01;0;4.16552;0;0;-1
0;793;-66.8426;53.0599;33.205;9.91933;4088.23;5.96435;0;0;0.1;0.01;0;3.57298;0;0;-1
0;794;-53.1885;-73.3239;30.6169;10.1149;4334.84;6.08194;0;0;0.1;0.01;0;4.85242;0;0;-1
0;795;-50.1865;-58.7167;30.9879;9.48167;3570.62;5.70119;0;0;0.1;0.01;0;6.02611;0;0;-1
0;796;-49.8366;-38.4017;31.6541;9.72083;3847.68;5.84499;0;0;0.1;0.01;0;6.12715;0;0;-1
0;797;-52.8053;-21.2967;31.1183;8.5;2572.44;5.11093;0;0;0.1;0.01;0;4.91512;1;0;-1
0;798;-52.7085;-7.2893;34.1945;9.66627;3783.25;5.81219;0;0;0.1;0.01;0;4.4772;0;0;-1
0;799;-51.6721;11.8736;31.7802;8.5;2572.44;5.11093;0;0;0.1;0.01;0;4.16066;1;0;-1
0;800;-50.7144;29.4021;32.6054;8.5;2572.44;5.11093;0;0;0.1;0.01;0;5.23816;1;0;-1
0;801;-52.7796;43.3393;33.1281;8.5;2572.44;5.11093;0;0;0.1;0.01;0;5.24056;1;0;-1
0;802;-51.6432;60.0692;33.9692;8.5;2572.44;5.11093;0;0;0.1;0.01;0;4.23756;1;0;-1
0;803;-35.6425;-85.3952;34.2825;10.1766;4414.65;6.11904;0;0;0.1;0.01;0;3.63645;0;0;-1
0;804;-37.9992;-66.375;31.2861;8.5;2572.44;5.11093;0;0;0.1;0.01;0;4.5589;1;0;-1
0;805;-37.9469;-47.2911;33.1263;9.74583;3877.44;5.86003;0;0;0.1;0.01;0;5.96598;0;0;-1
0;806;-34.4721;-33.03;33.0274;10.2533;4515.23;6.16516;0;0;0.1;0.01;0;6.52184;0;0;-1
0;807;-35.1748;-16.2809;32.7161;8.8572;2910.57;5.32571;0;0;0.1;0.01;0;4.13027;0;0;-1
0;808;-35.3352;2.98165;32.2983;8.80953;2863.83;5.29704;0;0;0.1;0.01;0;4.53323;0;0;-1
0;809;-38.3044;17.6731;32.7598;8.96634;3019.49;5.39133;0;0;0.1;0.01;0;4.90084;0;0;-1
0;810;-36.9805;37.9428;31.6612;9.65063;3764.92;5.80278;0;0;0.1;0.01;0;6.08323;0;0;-1
0;811;-36.8416;52.4691;32.419;8.9865;3039.91;5.40345;0;0;0.1;0.01;0;5.22276;0;0;-1
0;812;-37.9039;69.1978;32.1248;8.5;2572.44;5.11093;0;0;0.1;0.01;0;3.35588;1;0;-1
0;813;-20.9644;-91.0275;34.0242;9.86408;4020.3;5.93113;0;0;0.1;0.01;0;3.76457;0;0;-1
0;814;-22.9241;-74.3044;32.2317;8.5;2572.44;5.11093;0;0;0.1;0.01;0;5.11944;1;0;-1
0;815;-22.8353;-57.0519;34.4176;8.61747;2680.57;5.18156;0;0;0.1;0.01;0;4.58589;0;0;-1
0;816;-21.8608;-42.7422;31.8874;8.61331;2676.69;5.17906;0;0;0.1;0.01;0;5.68153;0;0;-1
0;817;-20.4337;-21.6652;31.3839;8.5;2572.44;5.11093;0;0;0.1;0.01;0;3.96038;1;0;-1
0;818;-20.9597;-4.75591;34.0498;9.37895;3455.82;5.63943;0;0;0.1;0.01;0;5.90102;0;0;-1
0;819;-21.7889;11.1948;31.6455;8.93559;2988.53;5.37284;0;0;0.1;0.01;0;5.87739;0;0;-1
0;820;-22.996;29.3681;33.7823;9.49202;3582.32;5.70741;0;0;0.1;0.01;0;5.55429;0;0;-1
0;821;-20.736;44.2968;33.8108;9.19925;3260.96;5.53138;0;0;0.1;0.01;0;6.29367;0;0;-1
0;822;-20.4351;59.7011;30.9829;8.65751;2718.11;5.20564;0;0;0.1;0.01;0;5.11969;0;0;-1
0;823;-21.7719;76.7168;32.6776;10.0526;4255.24;6.04448;0;0;0.1;0.01;0;4.73827;0;0;-1
0;824;-6.81804;-81.4821;33.0039;10.2345;4490.44;6.15386;0;0;0.1;0.01;0;5.73698;0;0;-1
0;825;-7.58164;-65.8494;32.0417;9.11861;3175.96;5.48289;0;0;0.1;0.01;0;4.85339;0;0;-1
0;826;-8.81083;-46.9392;30.7946;9.1191;3176.47;5.48318;0;0;0.1;0.01;0;5.15235;0;0;-1
0;827;-5.46381;-32.6306;31.1709;8.5;2572.44;5.11093;0;0;0.1;0.01;0;4.74365;1;0;-1
0;828;-8.84329;-13.176;31.5887;10.4144;4731.42;6.26203;0;0;0.1;0.01;0;6.59192;0;0;-1
0;829;-7.46791;3.47399;31.9522;9.30981;3379.96;5.59785;0;0;0.1;0.01;0;6.08564;0;0;-1
0;830;-6.85663;20.9987;33.6325;10.0649;4270.88;6.05188;0;0;0.1;0.01;0;5.67544;0;0;-1
0;831;-7.47968;37.7987;34.0838;9.13604;3194.2;5.49337;0;0;0.1;0.01;0;6.14373;0;0;-1
0;832;-5.85133;51.7236;33.694;8.5;2572.44;5.11093;0;0;0.1;0.01;0;5.49211;1;0;-1
0;833;-7.20276;69.7848;32.3952;8.73803;2794.66;5.25405;0;0;0.1;0.01;0;4.34904;0;0;-1
0;834;-6.78308;88.6525;31.1345;8.56897;2635.57;5.1524;0;0;0.1;0.01;0;2.16795;0;0;-1
0;835;8.248;-89.4363;34.6624;8.757;2812.9;5.26546;0;0;0.1;0.01;0;3.18232;0;0;-1
0;836;7.70403;-74.4742;32.4977;10.4534;4784.77;6.28548;0;0;0.1;0.01;0;7.03357;0;0;-1
0;837;6.34403;-58.9471;31.8179;8.79873;2853.31;5.29055;0;0;0.1;0.01;0;5.10405;0;0;-1
0;838;8.48882;-42.9198;33.1998;10.0561;4259.68;6.04659;0;0;0.1;0.01;0;6.75167;0;0;-1
0;839;6.86487;-23.8826;32.7508;8.90408;2957.03;5.35389;0;0;0.1;0.01;0;4.87775;0;0;-1
0;840;7.21032;-6.04617;33.7214;9.87605;4034.95;5.93833;0;0;0.1;0.01;0;6.05134;0;0;-1
0;841;5.6489;8.79222;34.3817;9.10205;3158.68;5.47293;0;0;0.1;0.01;0;4.74174;0;0;-1
0;842;8.33844;27.8176;31.0458;9.25309;3318.55;5.56375;0;0;0.1;0.01;0;5.15892;0;0;-1
0;843;6.7927;42.8929;30.5901;10.1876;4428.99;6.12566;0;0;0.1;0.01;0;6.42169;0;0;-1
0;844;8.63742;61.5733;30.9023;8.68436;2743.48;5.22178;0;0;0.1;0.01;0;4.75637;0;0;-1
0;845;9.12383;78.9353;31.9018;9.46328;3549.88;5.69013;0;0;0.1;0.01;0;4.70567;0;0;-1
0;846;23.1423;-82.6649;33.8512;9.93443;4106.93;5.97343;0;0;0.1;0.01;0;4.76678;0;0;-1
0;847;22.6489;-67.9628;33.008;9.85623;4010.71;5.92641;0;0;0.1;0.01;0;5.40289;0;0;-1
0;848;23.8679;-47.7329;33.3889;8.90151;2954.47;5.35235;0;0;0.1;0.01;0;5.89606;0;0;-1
0;849;21.1368;-32.2894;32.4697;10.1635;4397.63;6.11117;0;0;0.1;0.01;0;7.0386;0;0;-1
0;850;22.1148;-14.0034;32.2143;10.1553;4386.99;6.10623;0;0;0.1;0.01;0;6.79518;0;0;-1
0;851;22.3366;0.483147;30.9386;8.92445;2977.37;5.36614;0;0;0.1;0.01;0;5.1286;0;0;-1
0;852;23.0064;19.3369;30.4839;9.06881;3124.2;5.45294;0;0;0.1;0.01;0;4.82359;0;0;-1
0;853;22.109;37.5585;33.9872;9.3486;3422.38;5.62118;0;0;0.1;0.01;0;5.73666;0;0;-1
0;854;23.7978;51.3888;32.575;9.90615;4071.96;5.95642;0;0;0.1;0.01;0;6.81379;0;0;-1
0;855;22.3278;68.7585;30.9971;8.75237;2808.44;5.26267;0;0;0.1;0.01;0;5.90463;0;0;-1
0;856;20.8554;89.3886;34.2248;9.34689;3420.5;5.62015;0;0;0.1;0.01;0;1.60419;0;0;-1
0;857;35.7819;-74.7246;32.7922;8.5;2572.44;5.11093;0;0;0.1;0.01;0;3.42656;1;0;-1
0;858;37.1872;-55.087;32.84;9.55435;3653.36;5.74489;0;0;0.1;0.01;0;5.76221;0;0;-1
0;859;35.5755;-38.414;30.893;8.5;2572.44;5.11093;0;0;0.1;0.01;0;5.30978;1;0;-1
0;860;37.4977;-21.9802;32.186;8.5;2572.44;5.11093;0;0;0.1;0.01;0;4.75546;1;0;-1
0;861;35.8965;-4.81305;33.2104;9.17157;3231.62;5.51473;0;0;0.1;0.01;0;5.72578;0;0;-1
0;862;38.7386;9.3513;32.4793;8.59517;2659.82;5.16815;0;0;0.1;0.01;0;4.91452;0;0;-1
0;863;38.1031;25.5627;32.9983;9.81869;3965.06;5.90384;0;0;0.1;0.01;0;5.59284;0;0;-1
0;864;38.3507;43.1645;33.0935;9.76301;3897.98;5.87036;0;0;0.1;0.01;0;6.02033;0;0;-1
0;865;35.3793;61.8622;33.7006;9.76121;3895.83;5.86927;0;0;0.1;0.01;0;6.62593;0;0;-1
0;866;36.8559;77.2496;32.1627;10.0224;4217;6.02632;0;0;0.1;0.01;0;5.23569;0;0;-1
0;867;52.8284;-64.6648;31.9358;9.06145;3116.6;5.44852;0;0;0.1;0.01;0;3.97422;0;0;-1
0;868;53.1653;-49.3385;32.124;9.43641;3519.73;5.67398;0;0;0.1;0.01;0;5.65627;0;0;-1
0;869;52.0688;-33.3841;32.4059;9.52844;3623.71;5.72931;0;0;0.1;0.01;0;6.14113;0;0;-1
0;870;51.5466;-17.3177;31.6005;9.93219;4104.15;5.97208;0;0;0.1;0.01;0;6.32157;0;0;-1
0;871;53.2116;0.913001;33.8718;10.0205;4214.6;6.02518;0;0;0.1;0.01;0;6.86714;0;0;-1
0;872;52.4641;17.8185;33.3875;8.9672;3020.36;5.39185;0;0;0.1;0.01;0;6.016;0;0;-1
0;873;53.4744;38.1453;32.2422;8.9671;3020.26;5.39179;0;0;0.1;0.01;0;6.03567;0;0;-1
0;874;53.2633;53.1811;33.3278;9.60563;3712.5;5.77573;0;0;0.1;0.01;0;6.96813;0;0;-1
0;875;51.4238;68.3314;32.4224;9.14929;3208.12;5.50134;0;0;0.1;0.01;0;4.86757;0;0;-1
0;876;67.2583;-58.0726;32.4288;8.83388;2887.64;5.31168;0;0;0.1;0.01;0;3.29109;0;0;-1
0;877;67.6941;-38.6018;31.5528;9.31078;3381.01;5.59844;0;0;0.1;0.01;0;5.34525;0;0;-1
0;878;66.3889;-21.8149;31.9632;9.12977;3187.63;5.4896;0;0;0.1;0.01;0;5.27241;0;0;-1
0;879;66.9428;-4.77008;32.6283;9.85842;4013.38;5.92772;0;0;0.1;0.01;0;5.72516;0;0;-1
0;880;67.2105;10.3562;32.9723;8.94914;3002.15;5.38099;0;0;0.1;0.01;0;6.55167;0;0;-1
0;881;66.2093;28.0107;33.7839;8.61621;2679.4;5.1808;0;0;0.1;0.01;0;5.82059;0;0;-1
0;882;67.3155;45.6467;31.085;9.11558;3172.79;5.48107;0;0;0.1;0.01;0;6.46646;0;0;-1
0;883;67.0148;59.4992;32.0783;9.87652;4035.53;5.93861;0;0;0.1;0.01;0;4.75527;0;0;-1
0;884;79.9448;-30.2562;33.8325;9.91075;4077.63;5.95919;0;0;0.1;0.01;0;4.39827;0;0;-1
0;885;80.1772;-15.9676;30.7218;8.8039;2858.34;5.29366;0;0;0.1;0.01;0;4.50593;0;0;-1
0;886;79.658;3.6878;33.5486;10.0827;4293.58;6.06258;0;0;0.1;0.01;0;4.9474;0;0;-1
0;887;80.7147;19.6991;34.1959;8.73611;2792.82;5.2529;0;0;0.1;0.01;0;3.84911;0;0;-1
0;888;80.543;33.6382;31.9227;8.98096;3034.29;5.40012;0;0;0.1;0.01;0;4.2567;0;0;-1
0;889;-86.3533;-6.44327;47.2339;9.7781;3916.08;5.87943;0;0;0.1;0.01;0;3.24583;0;0;-1
0;890;-85.6623;9.85713;47.7957;10.4049;4718.48;6.25632;0;0;0.1;0.01;0;3.02234;0;0;-1
0;891;-69.0194;-49.983;48.7957;10.4318;4755.17;6.27249;0;0;0.1;0.01;0;2.88082;0;0;-1
0;892;-69.3932;-33.7466;47.9856;8.5;2572.44;5.11093;0;0;0.1;0.01;0;4.09394;1;0;-1
0;893;-69.3646;-13.368;47.6976;9.91875;4087.52;5.964;0;0;0.1;0.01;0;5.72687;0;0;-1
0;894;-71.5176;0.837169;46.7798;8.91111;2964.04;5.35812;0;0;0.1;0.01;0;5.62278;0;0;-1
0;895;-68.5659;18.0387;47.0566;8.75571;2811.66;5.26468;0;0;0.1;0.01;0;3.93361;0;0;-1
0;896;-70.5807;36.4583;49.3654;9.25688;3322.63;5.56603;0;0;0.1;0.01;0;1.72489;0;0;-1
0;897;-56.6373;-59.6075;46.1468;8.92538;2978.3;5.3667;0;0;0.1;0.01;0;4.10213;0;0;-1
0;898;-57.0559;-39.1356;47.6071;9.30218;3371.65;5.59327;0;0;0.1;0.01;0;5.77727;0;0;-1
0;899;-57.0512;-23.2655;47.2608;8.5;2572.44;5.11093;0;0;0.1;0.01;0;5.45202;1;0;-1
0;900;-56.8247;-6.91326;48.8078;9.56046;3660.37;5.74857;0;0;0.1;0.01;0;5.90536;0;0;-1
0;901;-54.5963;12.7539;45.9857;8.6949;2753.48;5.22812;0;0;0.1;0.01;0;4.41986;0;0;-1
0;902;-57.6981;29.7423;45.9839;8.5;2572.44;5.11093;0;0;0.1;0.01;0;4.65858;1;0;-1
0;903;-56.3068;45.9399;47.0276;8.5;2572.44;5.11093;0;0;0.1;0.01;0;4.46007;1;0;-1
0;904;-54.4415;61.3006;46.417;8.73256;2789.42;5.25076;0;0;0.1;0.01;0;3.49857;0;0;-1
0;905;-40.6518;-64.3881;45.8763;8.77308;2828.43;5.27513;0;0;0.1;0.01;0;3.66496;0;0;-1
0;906;-40.4053;-50.5771;48.2085;9.14813;3206.9;5.50064;0;0;0.1;0.01;0;5.15933;0;0;-1
0;907;-43.2002;-30.0712;46.0922;10.1709;4407.24;6.11561;0;0;0.1;0.01;0;6.05269;0;0;-1
0;908;-41.5073;-14.2952;49.0778;8.5;2572.44;5.11093;0;0;0.1;0.01;0;4.98747;1;0;-1
0;909;-41.6396;0.774453;49.2624;8.65928;2719.78;5.2067;0;0;0.1;0.01;0;4.59991;0;0;-1
0;910;-42.0967;16.7764;48.2745;10.2808;4551.66;6.1817;0;0;0.1;0.01;0;5.92348;0;0;-1
0;911;-42.3305;35.8759;45.2261;8.59133;2656.26;5.16584;0;0;0.1;0.01;0;4.94972;0;0;-1
0;912;-41.2203;53.24;48.9047;10.1348;4360.48;6.09391;0;0;0.1;0.01;0;6.53443;0;0;-1
0;913;-42.4844;69.7208;48.0963;9.85071;4003.97;5.92309;0;0;0.1;0.01;0;4.23775;0;0;-1
0;914;-27.8305;-76.7394;46.7402;9.0812;3137.03;5.46039;0;0;0.1;0.01;0;2.96203;0;0;-1
0;915;-26.1712;-55.5066;48.3146;8.59395;2658.69;5.16742;0;0;0.1;0.01;0;5.9947;0;0;-1
0;916;-27.6868;-41.4901;46.5254;9.63897;3751.29;5.79577;0;0;0.1;0.01;0;7.57606;0;0;-1
0;917;-28.0304;-24.2525;49.4381;8.5;2572.44;5.11093;0;0;0.1;0.01;0;4.80425;1;0;-1
0;918;-25.7015;-8.79608;47.3292;8.5;2572.44;5.11093;0;0;0.1;0.01;0;4.63678;1;0;-1
0;919;-26.6746;12.0273;46.5385;9.92574;4096.16;5.9682;0;0;0.1;0.01;0;5.77876;0;0;-1
0;920;-26.9582;29.585;48.5544;10.2075;4454.99;6.13762;0;0;0.1;0.01;0;7.06263;0;0;-1
0;921;-26.3524;45.1521;48.8401;9.22863;3292.31;5.54904;0;0;0.1;0.01;0;6.11663;0;0;-1
0;922;-25.8918;60.8803;46.5231;10.3198;4603.65;6.20515;0;0;0.1;0.01;0;6.87329;0;0;-1
0;923;-25.5704;79.3383;48.4997;9.1597;3219.08;5.50759;0;0;0.1;0.01;0;3.17601;0;0;-1
0;924;-12.3639;-80.7912;46.0131;8.874;2927.16;5.33581;0;0;0.1;0.01;0;3.07104;0;0;-1
0;925;-11.8844;-64.685;47.9614;8.62741;2689.86;5.18754;0;0;0.1;0.01;0;4.45664;0;0;-1
0;926;-13.4961;-47.9746;46.5735;10.3686;4669.27;6.23449;0;0;0.1;0.01;0;7.5204;0;0;-1
0;927;-12.6933;-33.5706;49.1078;10.005;4195.08;6.01586;0;0;0.1;0.01;0;5.88156;0;0;-1
0;928;-11.4131;-13.8821;48.6932;9.93402;4106.42;5.97318;0;0;0.1;0.01;0;6.77231;0;0;-1
0;929;-11.036;0.27015;46.1081;9.49154;3581.78;5.70713;0;0;0.1;0.01;0;6.65012;0;0;-1
0;930;-13.1767;19.5117;47.866;10.0132;4205.4;6.02079;0;0;0.1;0.01;0;6.25836;0;0;-1
0;931;-11.2517;37.0926;49.0546;8.84922;2902.71;5.32091;0;0;0.1;0.01;0;6.44972;0;0;-1
0;932;-12.2002;52.5466;48.789;9.02879;3083.03;5.42888;0;0;0.1;0.01;0;7.2082;0;0;-1
0;933;-11.752;69.7929;48.0766;10.1432;4371.33;6.09896;0;0;0.1;0.01;0;5.86777;0;0;-1
0;934;-12.8153;86.6184;47.9898;8.5;2572.44;5.11093;0;0;0.1;0.01;0;1.66636;1;0;-1
0;935;2.05833;-73.1423;45.8842;8.5;2572.44;5.11093;0;0;0.1;0.01;0;4.91092;1;0;-1
0;936;1.61145;-59.4376;46.6218;8.99434;3047.87;5.40817;0;0;0.1;0.01;0;5.60813;0;0;-1
0;937;2.35498;-42.2779;46.9581;9.40872;3488.83;5.65733;0;0;0.1;0.01;0;5.65092;0;0;-1
0;938;1.44269;-22.4095;48.5073;9.3869;3464.62;5.64421;0;0;0.1;0.01;0;5.82106;0;0;-1
0;939;4.31088;-5.39219;49.0435;9.50215;3593.8;5.7135;0;0;0.1;0.01;0;6.81224;0;0;-1
0;940;3.22294;8.86459;49.2405;9.40384;3483.41;5.65439;0;0;0.1;0.01;0;5.80731;0;0;-1
0;941;1.82571;29.6392;47.3208;8.5;2572.44;5.11093;0;0;0.1;0.01;0;5.04993;1;0;-1
0;942;1.08241;45.5419;47.5978;8.53776;2606.88;5.13363;0;0;0.1;0.01;0;6.17295;0;0;-1
0;943;1.48734;60.6213;45.6722;9.03964;3094.15;5.4354;0;0;0.1;0.01;0;5.43705;0;0;-1
0;944;4.93484;79.7286;48.6605;10.1102;4328.8;6.07912;0;0;0.1;0.01;0;3.00506;0;0;-1
0;945;18.9278;-84.4746;48.896;8.82496;2878.9;5.30632;0;0;0.1;0.01;0;1.95323;0;0;-1
0;946;18.2843;-65.9284;46.7095;9.13393;3191.99;5.4921;0;0;0.1;0.01;0;4.69278;0;0;-1
0;947;16.9286;-49.4124;46.2898;8.5;2572.44;5.11093;0;0;0.1;0.01;0;4.61342;1;0;-1
0;948;19.3957;-34.4016;45.9314;10.2763;4545.68;6.17899;0;0;0.1;0.01;0;6.56768;0;0;-1
0;949;16.1467;-14.863;48.4597;9.22523;3288.67;5.547;0;0;0.1;0.01;0;6.34088;0;0;-1
0;950;18.7808;1.80633;48.5147;8.50641;2578.26;5.11478;0;0;0.1;0.01;0;5.65858;0;0;-1
0;951;17.3917;17.4865;46.7737;9.55479;3653.86;5.74516;0;0;0.1;0.01;0;5.23418;0;0;-1
0;952;16.023;36.3977;49.0136;8.5;2572.44;5.11093;0;0;0.1;0.01;0;4.95174;1;0;-1
0;953;19.2375;50.8473;45.5672;9.03341;3087.76;5.43166;0;0;0.1;0.01;0;5.113;0;0;-1
0;954;17.4139;71.0986;46.7949;9.52319;3617.73;5.72616;0;0;0.1;0.01;0;4.54322;0;0;-1
0;955;33.2095;-74.2785;48.7909;8.9766;3029.87;5.3975;0;0;0.1;0.01;0;3.24207;0;0;-1
0;956;33.1122;-57.1319;47.828;9.60965;3717.16;5.77814;0;0;0.1;0.01;0;6.04737;0;0;-1
0;957;33.4767;-39.2134;45.8198;9.85133;4004.73;5.92346;0;0;0.1;0.01;0;6.54221;0;0;-1
0;958;30.7953;-22.5159;46.1727;9.98303;4167.5;6.00265;0;0;0.1;0.01;0;6.38901;0;0;-1
0;959;31.9826;-5.03527;47.7728;9.48791;3577.67;5.70494;0;0;0.1;0.01;0;5.83347;0;0;-1
0;960;33.256;12.0594;47.6427;9.44032;3524.1;5.67633;0;0;0.1;0.01;0;5.47769;0;0;-1
0;961;30.686;25.7842;46.98;9.75134;3884.02;5.86334;0;0;0.1;0.01;0;6.52735;0;0;-1
0;962;32.7063;43.2052;48.5146;8.95476;3007.81;5.38437;0;0;0.1;0.01;0;6.11648;0;0;-1
0;963;31.886;59.3304;48.6118;9.99243;4179.28;6.0083;0;0;0.1;0.01;0;6.93042;0;0;-1
0;964;30.9343;76.252;47.696;9.44588;3530.33;5.67967;0;0;0.1;0.01;0;4.12627;0;0;-1
0;965;45.9661;-63.7015;46.5634;8.50235;2574.57;5.11234;0;0;0.1;0.01;0;3.31035;0;0;-1
0;966;46.1769;-47.4749;47.5687;10.2055;4452.37;6.13642;0;0;0.1;0.01;0;6.43037;0;0;-1
0;967;47.6499;-31.4603;46.2909;8.5;2572.44;5.11093;0;0;0.1;0.01;0;5.04526;1;0;-1
0;968;45.2327;-13.943;49.0322;9.26855;3335.22;5.57304;0;0;0.1;0.01;0;5.8895;0;0;-1
0;969;45.8977;-0.223502;45.3785;8.5;2572.44;5.11093;0;0;0.1;0.01;0;5.34648;1;0;-1
0;970;47.716;20.7869;46.8826;10.0206;4214.73;6.02524;0;0;0.1;0.01;0;7.16536;0;0;-1
0;971;45.302;36.6194;48.5888;9.44979;3534.72;5.68202;0;0;0.1;0.01;0;6.80019;0;0;-1
0;972;46.4682;54.7684;49.1054;9.69619;3818.49;5.83018;0;0;0.1;0.01;0;5.88079;0;0;-1
0;973;45.6637;72.0071;48.4236;9.86394;4020.13;5.93104;0;0;0.1;0.01;0;3.34228;0;0;-1
0;974;63.6998;-58.7675;46.4836;8.74716;2803.43;5.25954;0;0;0.1;0.01;0;2.38297;0;0;-1
0;975;62.014;-42.3734;47.6425;9.36522;3440.67;5.63117;0;0;0.1;0.01;0;5.04914;0;0;-1
0;976;59.8939;-24.0716;48.5182;8.5;2572.44;5.11093;0;0;0.1;0.01;0;4.86124;1;0;-1
0;977;63.6068;-8.70031;46.8164;10.1425;4370.42;6.09854;0;0;0.1;0.01;0;6.67347;0;0;-1
0;978;60.6648;8.13153;47.1516;9.86993;4027.46;5.93465;0;0;0.1;0.01;0;6.38192;0;0;-1
0;979;61.5253;26.806;46.1121;9.90075;4065.3;5.95318;0;0;0.1;0.01;0;6.42556;0;0;-1
0;980;60.1737;43.6499;46.0424;10.1384;4365.13;6.09607;0;0;0.1;0.01;0;6.24329;0;0;-1
0;981;61.1682;61.0004;46.9986;9.12844;3186.24;5.4888;0;0;0.1;0.01;0;3.76039;0;0;-1
0;982;77.2957;-30.3716;48.6461;8.61289;2676.3;5.17881;0;0;0.1;0.01;0;2.62358;0;0;-1
0;983;77.1324;-17.0998;47.7292;8.5;2572.44;5.11093;0;0;0.1;0.01;0;3.16176;1;0;-1
0;984;75.5687;1.82973;46.5485;9.84126;3992.46;5.91741;0;0;0.1;0.01;0;5.04737;0;0;-1
0;985;78.69;17.3396;48.7976;10.0526;4255.24;6.04448;0;0;0.1;0.01;0;4.18577;0;0;-1
0;986;75.2851;34.6953;45.9216;10.2898;4563.62;6.18711;0;0;0.1;0.01;0;4.40668;0;0;-1
0;987;-65.6111;-30.2897;62.2635;8.57744;2643.39;5.15749;0;0;0.1;0.01;0;3.43874;0;0;-1
0;988;-66.5747;-15.4245;63.5493;8.87947;2932.58;5.3391;0;0;0.1;0.01;0;3.54152;0;0;-1
0;989;-66.6918;0.548465;61.3333;8.52153;2592.04;5.12387;0;0;0.1;0.01;0;3.47975;0;0;-1
0;990;-66.1515;19.5133;63.9371;9.60852;3715.85;5.77746;0;0;0.1;0.01;0;3.35571;0;0;-1
0;991;-51.8217;-58.4784;60.4489;9.06277;3117.97;5.44931;0;0;0.1;0.01;0;2.13703;0;0;-1
0;992;-51.4179;-38.7577;63.6239;10.4312;4754.35;6.27213;0;0;0.1;0.01;0;5.19842;0;0;-1
0;993;-50.7465;-24.4993;63.3015;8.99047;3043.94;5.40584;0;0;0.1;0.01;0;6.41204;0;0;-1
0;994;-52.705;-8.79173;61.3363;8.75928;2815.1;5.26683;0;0;0.1;0.01;0;4.57292;0;0;-1
0;995;-53.4873;10.3281;61.6455;10.3467;4639.75;6.22132;0;0;0.1;0.01;0;5.60459;0;0;-1
0;996;-53.0226;27.1274;62.1045;8.5119;2583.26;5.11808;0;0;0.1;0.01;0;4.04299;0;0;-1
0;997;-51.752;46.5258;61.8007;9.49673;3587.66;5.71025;0;0;0.1;0.01;0;3.0286;0;0;-1
0;998;-36.3728;-47.5535;60.5205;9.31429;3384.84;5.60055;0;0;0.1;0.01;0;6.18495;0;0;-1
0;999;-36.9169;-33.1659;64.1666;8.56914;2635.73;5.1525;0;0;0.1;0.01;0;5.89158;0;0;-1
0;1000;-35.4731;-15.6578;62.6783;9.77893;3917.08;5.87993;0;0;0.1;0.01;0;6.61917;0;0;-1
0;1001;-36.1659;1.45361;63.9657;8.73934;2795.92;5.25484;0;0;0.1;0.01;0;4.87544;0;0;-1
0;1002;-35.0692;19.5909;62.2178;8.80965;2863.94;5.29711;0;0;0.1;0.01;0;5.88715;0;0;-1
0;1003;-35.227;37.0913;60.662;9.96828;4149.06;5.99378;0;0;0.1;0.01;0;6.29304;0;0;-1
0;1004;-38.3044;52.2584;63.8413;9.47991;3568.63;5.70013;0;0;0.1;0.01;0;3.94623;0;0;-1
0;1005;-38.3149;67.9553;60.6985;9.61487;3723.22;5.78128;0;0;0.1;0.01;0;3.18462;0;0;-1
0;1006;-21.3201;-73.2362;63.764;8.5;2572.44;5.11093;0;0;0.1;0.01;0;1.71298;1;0;-1
0;1007;-23.2923;-57.0277;62.2436;10.4;4711.82;6.25337;0;0;0.1;0.01;0;6.18587;0;0;-1
0;1008;-22.2428;-40.8631;61.3928;10.2717;4539.58;6.17622;0;0;0.1;0.01;0;8.0287;0;0;-1
0;1009;-21.3006;-22.7336;63.6612;8.53442;2603.82;5.13162;0;0;0.1;0.01;0;6.24308;0;0;-1
0;1010;-21.9755;-5.56543;62.1296;10.3597;4657.26;6.22914;0;0;0.1;0.01;0;6.43819;0;0;-1
0;1011;-22.1186;10.5231;60.8525;8.5;2572.44;5.11093;0;0;0.1;0.01;0;3.63326;1;0;-1
0;1012;-23.786;26.8099;63.5296;9.01866;3072.66;5.42279;0;0;0.1;0.01;0;4.6935;0;0;-1
0;1013;-22.4084;44.4775;62.8107;9.87176;4029.7;5.93575;0;0;0.1;0.01;0;6.77181;0;0;-1
0;1014;-21.8323;59.7002;60.1808;8.81698;2871.1;5.30152;0;0;0.1;0.01;0;5.43892;0;0;-1
0;1015;-7.87241;-67.6934;60.3438;8.52518;2595.37;5.12607;0;0;0.1;0.01;0;3.8909;0;0;-1
0;1016;-7.87203;-47.7037;63.1308;10.2311;4485.96;6.15181;0;0;0.1;0.01;0;6.71443;0;0;-1
0;1017;-5.56209;-29.8853;63.3934;9.05885;3113.92;5.44696;0;0;0.1;0.01;0;6.57648;0;0;-1
0;1018;-6.85022;-15.3342;60.9693;8.54701;2615.36;5.13919;0;0;0.1;0.01;0;6.62662;0;0;-1
0;1019;-8.78543;0.621264;60.7703;8.5;2572.44;5.11093;0;0;0.1;0.01;0;4.71348;1;0;-1
0;1020;-6.95767;20.8286;60.3894;8.92528;2978.2;5.36664;0;0;0.1;0.01;0;4.61639;0;0;-1
0;1021;-8.83155;36.0084;63.5809;9.68264;3802.51;5.82203;0;0;0.1;0.01;0;7.04739;0;0;-1
0;1022;-6.4765;52.1436;61.0306;9.64341;3756.48;5.79844;0;0;0.1;0.01;0;7.5812;0;0;-1
0;1023;-7.43392;67.6722;60.8726;10.3052;4584.14;6.19637;0;0;0.1;0.01;0;4.93682;0;0;-1
0;1024;5.31741;-73.7718;61.9489;8.5;2572.44;5.11093;0;0;0.1;0.01;0;2.2377;1;0;-1
0;1025;6.87333;-57.4087;62.3022;10.176;4413.87;6.11868;0;0;0.1;0.01;0;5.81622;0;0;-1
0;1026;7.74248;-39.3507;61.0361;8.5;2572.44;5.11093;0;0;0.1;0.01;0;4.55323;1;0;-1
0;1027;6.38391;-22.6923;62.3451;9.92312;4092.92;5.96663;0;0;0.1;0.01;0;6.71321;0;0;-1
0;1028;9.17587;-6.37429;62.4713;10.2402;4497.94;6.15728;0;0;0.1;0.01;0;6.85765;0;0;-1
0;1029;8.7826;12.1936;62.2439;8.66534;2725.5;5.21034;0;0;0.1;0.01;0;4.78864;0;0;-1
0;1030;7.91802;26.32;63.415;8.5;2572.44;5.11093;0;0;0.1;0.01;0;5.49297;1;0;-1
0;1031;7.42355;42.0736;60.0832;10.2988;4575.6;6.19252;0;0;0.1;0.01;0;6.63387;0;0;-1
0;1032;6.63769;63.0867;63.2934;9.3194;3390.41;5.60362;0;0;0.1;0.01;0;4.62198;0;0;-1
0;1033;21.3054;-63.8639;60.9581;8.5;2572.44;5.11093;0;0;0.1;0.01;0;3.70075;1;0;-1
0;1034;23.2563;-50.2963;61.9489;8.5;2572.44;5.11093;0;0;0.1;0.01;0;4.43463;1;0;-1
0;1035;20.937;-32.3594;61.033;8.5;2572.44;5.11093;0;0;0.1;0.01;0;3.83319;1;0;-1
0;1036;24.2162;-12.6696;60.3659;8.5;2572.44;5.11093;0;0;0.1;0.01;0;5.40701;1;0;-1
0;1037;20.6113;2.94959;61.7757;8.5;2572.44;5.11093;0;0;0.1;0.01;0;5.06448;1;0;-1
0;1038;23.0788;19.798;63.7337;10.3275;4613.96;6.20978;0;0;0.1;0.01;0;7.34237;0;0;-1
0;1039;21.9232;37.8441;63.1525;8.70203;2760.26;5.2324;0;0;0.1;0.01;0;5.68832;0;0;-1
0;1040;21.5762;53.1551;60.4218;8.5;2572.44;5.11093;0;0;0.1;0.01;0;5.29514;1;0;-1
0;1041;22.1336;69.1083;61.3929;9.0674;3122.75;5.4521;0;0;0.1;0.01;0;3.38994;0;0;-1
0;1042;34.6694;-59.7305;63.5385;8.5;2572.44;5.11093;0;0;0.1;0.01;0;2.17296;1;0;-1
0;1043;36.1553;-39.3426;62.5763;9.23923;3303.66;5.55541;0;0;0.1;0.01;0;4.51085;0;0;-1
0;1044;38.1802;-22.8126;61.8913;8.81792;2872.02;5.30209;0;0;0.1;0.01;0;4.89333;0;0;-1
0;1045;35.7944;-5.05951;62.6079;8.95321;3006.25;5.38344;0;0;0.1;0.01;0;4.80322;0;0;-1
0;1046;38.2676;12.2893;61.3811;9.45337;3538.74;5.68417;0;0;0.1;0.01;0;5.64898;0;0;-1
0;1047;37.9482;26.2118;60.2525;8.5;2572.44;5.11093;0;0;0.1;0.01;0;6.73269;1;0;-1
0;1048;35.5203;43.3589;63.5239;9.23679;3301.05;5.55395;0;0;0.1;0.01;0;5.62903;0;0;-1
0;1049;38.6621;60.4743;63.3821;9.72555;3853.28;5.84783;0;0;0.1;0.01;0;3.94691;0;0;-1
0;1050;53.4533;-48.7342;61.7421;9.52246;3616.9;5.72572;0;0;0.1;0.01;0;3.22384;0;0;-1
0;1051;50.3686;-33.3925;60.8801;8.5;2572.44;5.11093;0;0;0.1;0.01;0;4.87399;1;0;-1
0;1052;51.0248;-15.284;62.1406;9.58171;3684.83;5.76134;0;0;0.1;0.01;0;5.69716;0;0;-1
0;1053;50.0326;0.79444;62.6954;8.5;2572.44;5.11093;0;0;0.1;0.01;0;4.12863;1;0;-1
0;1054;50.5507;20.6949;60.9268;8.5;2572.44;5.11093;0;0;0.1;0.01;0;5.72329;1;0;-1
0;1055;50.8712;34.8018;61.8197;9.8158;3961.56;5.9021;0;0;0.1;0.01;0;6.01716;0;0;-1
0;1056;53.6954;53.0083;62.7376;10.1404;4367.71;6.09728;0;0;0.1;0.01;0;3.1423;0;0;-1
0;1057;67.0775;-40.8571;60.8969;10.4293;4751.76;6.27099;0;0;0.1;0.01;0;2.85185;0;0;-1
0;1058;64.455;-21.5143;62.1454;8.5;2572.44;5.11093;0;0;0.1;0.01;0;2.95788;1;0;-1
0;1059;64.4439;-5.43782;61.8713;8.5;2572.44;5.11093;0;0;0.1;0.01;0;4.08048;1;0;-1
0;1060;66.7713;9.19633;60.6558;9.7064;3830.57;5.83632;0;0;0.1;0.01;0;3.28655;0;0;-1
0;1061;65.172;25.0284;60.1631;8.80062;2855.15;5.29169;0;0;0.1;0.01;0;2.81918;0;0;-1
0;1062;-54.421;-23.7672;75.9876;9.34551;3418.99;5.61932;0;0;0.1;0.01;0;3.60128;0;0;-1
0;1063;-56.5104;-4.70148;78.7108;8.5;2572.44;5.11093;0;0;0.1;0.01;0;1.66154;1;0;-1
0;1064;-54.9465;10.6811;76.2418;9.32397;3395.4;5.60637;0;0;0.1;0.01;0;3.90507;0;0;-1
0;1065;-56.4408;29.7256;75.015;10.447;4775.99;6.28163;0;0;0.1;0.01;0;3.23454;0;0;-1
0;1066;-40.0271;-48.9655;77.0261;8.5;2572.44;5.11093;0;0;0.1;0.01;0;2.2457;1;0;-1
0;1067;-42.2519;-30.7991;77.793;8.79456;2849.25;5.28804;0;0;0.1;0.01;0;4.74858;0;0;-1
0;1068;-40.3979;-15.927;75.0995;9.98709;4172.59;6.00509;0;0;0.1;0.01;0;6.5466;0;0;-1
0;1069;-40.4538;2.86947;77.9483;9.51488;3608.27;5.72116;0;0;0.1;0.01;0;5.73093;0;0;-1
0;1070;-41.634;17.779;74.6442;8.54694;2615.29;5.13915;0;0;0.1;0.01;0;5.55008;0;0;-1
0;1071;-39.3206;33.6791;76.4804;9.87209;4030.1;5.93594;0;0;0.1;0.01;0;4.14307;0;0;-1
0;1072;-24.3923;-55.1592;76.9412;9.73996;3870.44;5.8565;0;0;0.1;0.01;0;3.46836;0;0;-1
0;1073;-26.2708;-40.8448;74.9486;9.02504;3079.19;5.42663;0;0;0.1;0.01;0;5.5058;0;0;-1
0;1074;-27.4688;-23.1575;76.5336;10.0637;4269.35;6.05116;0;0;0.1;0.01;0;7.0148;0;0;-1
0;1075;-27.2498;-4.51733;77.8992;9.34698;3420.6;5.6202;0;0;0.1;0.01;0;6.55031;0;0;-1
0;1076;-24.9837;12.2875;77.043;9.04555;3100.23;5.43896;0;0;0.1;0.01;0;5.77513;0;0;-1
0;1077;-25.7896;26.5304;77.3057;9.31413;3384.66;5.60045;0;0;0.1;0.01;0;5.89774;0;0;-1
0;1078;-25.3439;43.7288;77.7657;9.28589;3353.97;5.58347;0;0;0.1;0.01;0;3.80701;0;0;-1
0;1079;-10.0652;-47.8136;76.4039;8.80812;2862.45;5.29619;0;0;0.1;0.01;0;4.9225;0;0;-1
0;1080;-12.4515;-31.1421;76.4117;10.2266;4480.05;6.14911;0;0;0.1;0.01;0;7.4786;0;0;-1
0;1081;-12.8038;-16.1731;74.6142;9.40462;3484.27;5.65486;0;0;0.1;0.01;0;7.3511;0;0;-1
0;1082;-13.5655;0.328474;78.5003;10.2202;4471.64;6.14526;0;0;0.1;0.01;0;6.59511;0;0;-1
0;1083;-11.4841;20.5734;78.3169;8.95194;3004.97;5.38267;0;0;0.1;0.01;0;5.81045;0;0;-1
0;1084;-10.8854;36.5082;76.7789;10.0821;4292.81;6.06222;0;0;0.1;0.01;0;7.27508;0;0;-1
0;1085;-11.9923;51.5988;76.3132;9.93362;4105.93;5.97294;0;0;0.1;0.01;0;4.78275;0;0;-1
0;1086;3.54564;-58.8438;76.6037;10.3992;4710.73;6.25289;0;0;0.1;0.01;0;3.37217;0;0;-1
0;1087;1.37992;-42.23;78.4773;8.5;2572.44;5.11093;0;0;0.1;0.01;0;4.97658;1;0;-1
0;1088;4.76971;-23.243;76.3312;10.0445;4244.96;6.03961;0;0;0.1;0.01;0;6.80685;0;0;-1
0;1089;1.29818;-7.59304;78.2461;9.92445;4094.57;5.96743;0;0;0.1;0.01;0;6.26887;0;0;-1
0;1090;3.27525;11.416;77.6377;8.90179;2954.75;5.35252;0;0;0.1;0.01;0;4.54046;0;0;-1
0;1091;1.50672;27.3596;77.7785;9.65841;3774.03;5.80746;0;0;0.1;0.01;0;7.23856;0;0;-1
0;1092;2.53969;42.494;76.4677;10.3015;4579.2;6.19414;0;0;0.1;0.01;0;6.33578;0;0;-1
0;1093;4.044;61.3707;76.5691;9.70352;3827.16;5.83459;0;0;0.1;0.01;0;3.29072;0;0;-1
0;1094;16.4762;-49.5992;74.9921;8.82222;2876.22;5.30467;0;0;0.1;0.01;0;3.51515;0;0;-1
0;1095;17.4669;-30.7363;77.8432;9.94785;4123.6;5.9815;0;0;0.1;0.01;0;6.04407;0;0;-1
0;1096;18.4981;-13.1237;74.608;9.11763;3174.93;5.4823;0;0;0.1;0.01;0;6.14145;0;0;-1
0;1097;16.721;3.33915;76.3063;8.78297;2838;5.28107;0;0;0.1;0.01;0;5.25127;0;0;-1
0;1098;18.4106;20.1269;76.7569;8.5;2572.44;5.11093;0;0;0.1;0.01;0;5.81187;1;0;-1
0;1099;18.6021;33.9784;76.0096;10.0972;4312.13;6.0713;0;0;0.1;0.01;0;7.30824;0;0;-1
0;1100;18.5684;54.4262;76.1428;9.59276;3697.6;5.76799;0;0;0.1;0.01;0;3.60093;0;0;-1
0;1101;32.5511;-40.2012;76.4292;10.1849;4425.47;6.12403;0;0;0.1;0.01;0;3.81255;0;0;-1
0;1102;31.2475;-22.9439;78.5534;10.1291;4353.13;6.09048;0;0;0.1;0.01;0;5.58323;0;0;-1
0;1103;31.1796;-5.9882;77.3422;8.5572;2624.72;5.14532;0;0;0.1;0.01;0;5.20022;0;0;-1
0;1104;32.3733;11.7444;76.1695;9.07028;3125.72;5.45383;0;0;0.1;0.01;0;4.46256;0;0;-1
0;1105;34.5155;28.4084;76.6475;10.3011;4578.67;6.1939;0;0;0.1;0.01;0;5.87658;0;0;-1
0;1106;30.9549;46.4963;78.1583;10.3268;4613.03;6.20935;0;0;0.1;0.01;0;4.17029;0;0;-1
0;1107;49.0855;-30.3957;78.673;9.26179;3327.92;5.56898;0;0;0.1;0.01;0;1.68822;0;0;-1
0;1108;45.4465;-13.884;75.3089;8.5304;2600.14;5.12921;0;0;0.1;0.01;0;4.76135;0;0;-1
0;1109;47.443;0.401827;77.9817;8.55106;2619.08;5.14163;0;0;0.1;0.01;0;3.45373;0;0;-1
0;1110;48.3169;20.0365;74.9206;9.58572;3689.46;5.76375;0;0;0.1;0.01;0;3.87049;0;0;-1
0;1111;49.0111;36.2434;77.4638;8.5;2572.44;5.11093;0;0;0.1;0.01;0;2.34192;1;0;-1
0;1112;60.4388;-6.10801;78.4444;8.5;2572.44;5.11093;0;0;0.1;0.01;0;1.5943;1;0;-1
0;1113;-36.2712;-15.7297;89.6412;9.8315;3980.59;5.91154;0;0;0.1;0.01;0;4.24634;0;0;-1
0;1114;-36.4131;1.56752;91.2411;8.5;2572.44;5.11093;0;0;0.1;0.01;0;3.9215;1;0;-1
0;1115;-38.4457;16.9512;89.8877;10.0141;4206.53;6.02133;0;0;0.1;0.01;0;3.77095;0;0;-1
0;1116;-21.1023;-24.4708;90.0464;10.4526;4783.67;6.285;0;0;0.1;0.01;0;4.9495;0;0;-1
0;1117;-23.4154;-6.36436;93.0762;10.0382;4236.98;6.03582;0;0;0.1;0.01;0;4.54076;0;0;-1
0;1118;-22.7334;11.6923;89.7658;8.5;2572.44;5.11093;0;0;0.1;0.01;0;4.56559;1;0;-1
0;1119;-21.6279;27.6349;93.373;10.1704;4406.59;6.11531;0;0;0.1;0.01;0;3.63915;0;0;-1
0;1120;-7.4775;-31.4733;90.7943;9.99572;4183.41;6.01028;0;0;0.1;0.01;0;4.74508;0;0;-1
0;1121;-8.53352;-14.0115;89.4482;9.49792;3589.01;5.71096;0;0;0.1;0.01;0;6.43216;0;0;-1
0;1122;-6.5128;1.18133;92.6597;9.92513;4095.41;5.96784;0;0;0.1;0.01;0;5.31398;0;0;-1
0;1123;-5.81039;19.1304;93.3218;10.3778;4681.71;6.24002;0;0;0.1;0.01;0;5.37712;0;0;-1
0;1124;-7.61201;35.0399;92.3635;8.5;2572.44;5.11093;0;0;0.1;0.01;0;3.70818;1;0;-1
0;1125;5.41852;-38.5689;92.1454;8.64182;2703.36;5.1962;0;0;0.1;0.01;0;2.77274;0;0;-1
0;1126;6.63295;-23.3664;92.1211;9.97299;4154.94;5.99661;0;0;0.1;0.01;0;4.85924;0;0;-1
0;1127;7.32558;-5.04263;91.6059;9.76217;3896.98;5.86985;0;0;0.1;0.01;0;4.37159;0;0;-1
0;1128;6.6672;10.8071;91.2154;9.29955;3368.79;5.59168;0;0;0.1;0.01;0;4.12279;0;0;-1
0;1129;6.0983;28.7487;90.0538;9.47028;3557.76;5.69434;0;0;0.1;0.01;0;5.33564;0;0;-1
0;1130;23.7557;-31.975;89.8591;8.5;2572.44;5.11093;0;0;0.1;0.01;0;2.94843;1;0;-1
0;1131;20.7082;-13.4759;89.3599;8.96289;3016.01;5.38926;0;0;0.1;0.01;0;4.82088;0;0;-1
0;1132;22.794;0.117872;90.169;8.56343;2630.46;5.14907;0;0;0.1;0.01;0;3.46717;0;0;-1
0;1133;20.0084;20.8216;90.9654;8.88242;2935.5;5.34087;0;0;0.1;0.01;0;3.25134;0;0;-1
0;1134;20.8914;36.7146;90.3454;8.61361;2676.97;5.17924;0;0;0.1;0.01;0;2.71941;0;0;-1
0;1135;37.3233;-7.80639;89.7322;9.767;3902.76;5.87276;0;0;0.1;0.01;0;3.63647;0;0;-1
0;1136;35.4298;9.72445;91.1687;8.5238;2594.11;5.12524;0;0;0.1;0.01;0;1.96269;0;0;-1
