Time;ID;x;y;z;radius;volume_total;radius_nuclear;contact_ECM;freezer;polarized_fraction;motility;cell_line;Cell_cell;phase;Cycle;NFkB
0;0;-51.3205;-4.61001;-83.4192;8.5;2572.44;5.11093;0;0;0.1;0.01;0;2.64517;1;0;-1
0;1;-37.4349;-33.3439;-84.6863;9.8791;4038.69;5.94016;0;0;0.1;0.01;0;2.67568;0;0;-1
0;2;-37.6562;-13.8259;-86.4835;8.5;2572.44;5.11093;0;0;0.1;0.01;0;2.65213;1;0;-1
0;3;-38.5106;0.471182;-85.5929;8.93259;2985.53;5.37104;0;0;0.1;0.01;0;2.4952;0;0;-1
0;4;-35.4908;20.6076;-84.3357;10.0373;4235.84;6.03528;0;0;0.1;0.01;0;3.05493;0;0;-1
0;5;-21.803;-40.6278;-87.2578;9.31441;3384.97;5.60062;0;0;0.1;0.01;0;2.80816;0;0;-1
0;6;-20.5468;-22.3991;-85.9332;8.72424;2781.45;5.24576;0;0;0.1;0.01;0;4.24004;0;0;-1
0;7;-21.0273;-8.41838;-84.5116;8.68751;2746.47;5.22367;0;0;0.1;0.01;0;4.10771;0;0;-1
0;8;-20.3027;10.7137;-85.9778;8.9461;2999.09;5.37916;0;0;0.1;0.01;0;3.39316;0;0;-1
0;9;-22.3003;28.7588;-84.0057;9.1147;3171.87;5.48054;0;0;0.1;0.01;0;3.81246;0;0;-1
0;10;-8.8437;-49.3346;-83.419;10.3831;4688.89;6.24321;0;0;0.1;0.01;0;3.60822;0;0;-1
0;11;-7.09567;-30.7492;-87.1641;9.25676;3322.5;5.56596;0;0;0.1;0.01;0;4.75226;0;0;-1
0;12;-6.80784;-16.6197;-86.2499;8.92614;2979.06;5.36716;0;0;0.1;0.01;0;5.07832;0;0;-1
0;13;-6.59021;0.140234;-85.5122;10.1914;4433.94;6.12794;0;0;0.1;0.01;0;5.02087;0;0;-1
0;14;-7.56715;20.0304;-83.7583;10.1998;4444.92;6.13299;0;0;0.1;0.01;0;5.00735;0;0;-1
0;15;-7.67796;38.2912;-83.9334;9.71243;3837.71;5.83994;0;0;0.1;0.01;0;3.32003;0;0;-1
0;16;7.4442;-40.8702;-85.9516;10.0896;4302.4;6.06673;0;0;0.1;0.01;0;4.84733;0;0;-1
0;17;6.40449;-24.2355;-83.4876;10.0954;4309.82;6.07022;0;0;0.1;0.01;0;6.0375;0;0;-1
0;18;8.72885;-6.01949;-85.8363;8.76963;2825.09;5.27305;0;0;0.1;0.01;0;3.8945;0;0;-1
0;19;6.48114;10.9348;-86.7584;8.73724;2793.9;5.25358;0;0;0.1;0.01;0;2.66781;0;0;-1
0;20;7.75771;27.7516;-87.3888;8.84193;2895.54;5.31652;0;0;0.1;0.01;0;3.18393;0;0;-1
0;21;8.87868;45.3825;-83.5814;10.2972;4573.47;6.19156;0;0;0.1;0.01;0;3.80074;0;0;-1
0;22;20.2445;-49.1539;-84.4961;9.44966;3534.57;5.68194;0;0;0.1;0.01;0;3.23449;0;0;-1
0;23;23.3366;-34.0347;-86.6651;10.0918;4305.21;6.06805;0;0;0.1;0.01;0;5.12397;0;0;-1
0;24;20.6079;-15.7296;-84.9661;8.5;2572.44;5.11093;0;0;0.1;0.01;0;3.2829;1;0;-1
0;25;22.4806;3.44891;-86.8676;8.58914;2654.22;5.16453;0;0;0.1;0.01;0;3.58971;0;0;-1
0;26;23.6331;20.3922;-84.486;8.88816;2941.2;5.34432;0;0;0.1;0.01;0;4.47684;0;0;-1
0;27;23.5512;37.7426;-84.863;9.8457;3997.87;5.92008;0;0;0.1;0.01;0;3.69384;0;0;-1
0;28;36.3536;-40.193;-83.6449;9.99562;4183.29;6.01022;0;0;0.1;0.01;0;3.7692;0;0;-1
0;29;35.4702;-25.5483;-86.1278;8.5;2572.44;5.11093;0;0;0.1;0.01;0;3.01572;1;0;-1
0;30;37.2091;-5.59844;-85.2982;10.2046;4451.19;6.13588;0;0;0.1;0.01;0;2.52985;0;0;-1
0;31;36.5605;10.8584;-83.9702;10.2277;4481.49;6.14977;0;0;0.1;0.01;0;3.9384;0;0;-1
0;32;37.5864;26.9782;-83.9299;10.0868;4298.82;6.06505;0;0;0.1;0.01;0;4.358;0;0;-1
0;33;-70.526;-14.763;-69.3733;9.3986;3477.59;5.65124;0;0;0.1;0.01;0;2.28163;0;0;-1
0;34;-57.8105;-39.4499;-71.3428;9.97762;4160.73;5.9994;0;0;0.1;0.01;0;3.106;0;0;-1
0;35;-56.6689;-25.1902;-72.493;9.30194;3371.39;5.59312;0;0;0.1;0.01;0;3.99609;0;0;-1
0;36;-54.7627;-8.89934;-70.8524;8.5;2572.44;5.11093;0;0;0.1;0.01;0;4.50414;1;0;-1
0;37;-56.2947;9.85618;-69.7935;10.3383;4628.45;6.21627;0;0;0.1;0.01;0;3.50688;0;0;-1
0;38;-57.788;28.4782;-71.5055;8.5;2572.44;5.11093;0;0;0.1;0.01;0;2.15731;1;0;-1
0;39;-54.6558;46.9032;-68.5804;9.52835;3623.61;5.72926;0;0;0.1;0.01;0;3.23981;0;0;-1
0;40;-41.5499;-51.3142;-72.6761;9.08313;3139.03;5.46155;0;0;0.1;0.01;0;2.11257;0;0;-1
0;41;-41.3989;-30.4518;-70.9905;9.44447;3528.75;5.67882;0;0;0.1;0.01;0;5.73655;0;0;-1
0;42;-42.2303;-16.6256;-69.6724;10.4347;4759.14;6.27423;0;0;0.1;0.01;0;6.85572;0;0;-1
0;43;-39.4108;1.73434;-69.0951;8.5;2572.44;5.11093;0;0;0.1;0.01;0;4.22038;1;0;-1
0;44;-42.3625;16.7592;-69.0652;8.5;2572.44;5.11093;0;0;0.1;0.01;0;5.51315;1;0;-1
0;45;-42.4184;34.2489;-69.865;9.48534;3574.76;5.7034;0;0;0.1;0.01;0;5.21278;0;0;-1
0;46;-41.2116;53.4637;-69.4127;8.5;2572.44;5.11093;0;0;0.1;0.01;0;3.8046;1;0;-1
0;47;-26.5848;-57.1974;-70.3603;8.69547;2754.02;5.22846;0;0;0.1;0.01;0;4.02353;0;0;-1
0;48;-28.5596;-42.5888;-68.4928;10.4235;4743.83;6.2675;0;0;0.1;0.01;0;6.38688;0;0;-1
0;49;-26.2503;-24.7392;-70.6785;8.78999;2844.81;5.28529;0;0;0.1;0.01;0;5.81317;0;0;-1
0;50;-24.7248;-8.811;-71.8685;8.5;2572.44;5.11093;0;0;0.1;0.01;0;4.47457;1;0;-1
0;51;-26.8785;11.1037;-69.6508;9.33999;3412.93;5.616;0;0;0.1;0.01;0;5.35013;0;0;-1
0;52;-26.0041;26.9257;-69.2381;10.0291;4225.46;6.03035;0;0;0.1;0.01;0;6.56976;0;0;-1
0;53;-27.614;43.7325;-70.6719;9.33376;3406.11;5.61225;0;0;0.1;0.01;0;4.60113;0;0;-1
0;54;-27.1639;62.1956;-69.8059;9.79464;3935.99;5.88937;0;0;0.1;0.01;0;3.73847;0;0;-1
0;55;-13.568;-63.8494;-69.0136;9.87774;4037.02;5.93934;0;0;0.1;0.01;0;4.04086;0;0;-1
0;56;-13.8239;-48.1335;-68.3402;8.5;2572.44;5.11093;0;0;0.1;0.01;0;5.7205;1;0;-1
0;57;-11.3468;-31.1855;-72.6127;8.91585;2968.77;5.36097;0;0;0.1;0.01;0;5.09893;0;0;-1
0;58;-12.696;-15.0513;-70.9644;9.29638;3365.35;5.58978;0;0;0.1;0.01;0;6.59069;0;0;-1
0;59;-9.95076;1.96272;-71.7763;9.45092;3535.99;5.6827;0;0;0.1;0.01;0;5.80996;0;0;-1
0;60;-11.647;16.5865;-70.148;8.82064;2874.68;5.30372;0;0;0.1;0.01;0;5.3461;0;0;-1
0;61;-11.8813;36.6287;-70.9309;9.09843;3154.92;5.47075;0;0;0.1;0.01;0;4.65076;0;0;-1
0;62;-10.75;55.0817;-70.3568;9.75011;3882.55;5.8626;0;0;0.1;0.01;0;3.31442;0;0;-1
0;63;2.17675;-56.2441;-69.0639;9.01971;3073.73;5.42342;0;0;0.1;0.01;0;4.73879;0;0;-1
0;64;3.94346;-40.1521;-72.0469;8.76763;2823.16;5.27185;0;0;0.1;0.01;0;5.19862;0;0;-1
0;65;2.71794;-22.899;-68.5033;10.2393;4496.76;6.15674;0;0;0.1;0.01;0;7.07174;0;0;-1
0;66;4.34213;-7.98006;-72.019;9.90275;4067.77;5.95438;0;0;0.1;0.01;0;6.5965;0;0;-1
0;67;2.35102;10.17;-69.2193;8.5;2572.44;5.11093;0;0;0.1;0.01;0;4.96754;1;0;-1
0;68;4.40427;26.7933;-69.6927;8.5;2572.44;5.11093;0;0;0.1;0.01;0;4.49202;1;0;-1
0;69;4.43783;45.7968;-70.5457;9.40266;3482.1;5.65368;0;0;0.1;0.01;0;6.07093;0;0;-1
0;70;3.50667;63.7167;-70.1471;9.87208;4030.09;5.93594;0;0;0.1;0.01;0;3.45287;0;0;-1
0;71;16.3321;-66.2682;-69.9007;9.33398;3406.35;5.61239;0;0;0.1;0.01;0;2.89164;0;0;-1
0;72;15.9657;-47.1705;-70.9275;8.71329;2770.99;5.23917;0;0;0.1;0.01;0;4.75213;0;0;-1
0;73;19.2571;-30.2031;-70.8797;10.2304;4485.04;6.15139;0;0;0.1;0.01;0;6.89103;0;0;-1
0;74;16.4075;-14.0901;-69.2241;8.5;2572.44;5.11093;0;0;0.1;0.01;0;6.69971;1;0;-1
0;75;16.9944;1.22004;-71.3296;9.24351;3308.26;5.55799;0;0;0.1;0.01;0;5.44126;0;0;-1
0;76;16.003;18.205;-69.2059;8.72477;2781.96;5.24608;0;0;0.1;0.01;0;4.98713;0;0;-1
0;77;17.3077;35.4425;-70.6352;9.03495;3089.34;5.43258;0;0;0.1;0.01;0;5.48938;0;0;-1
0;78;19.4576;55.0742;-70.278;10.194;4437.34;6.1295;0;0;0.1;0.01;0;4.06599;0;0;-1
0;79;31.0842;-57.7994;-69.4682;8.5;2572.44;5.11093;0;0;0.1;0.01;0;3.35857;1;0;-1
0;80;31.7643;-38.5286;-68.4289;9.87873;4038.24;5.93994;0;0;0.1;0.01;0;6.27405;0;0;-1
0;81;32.0187;-21.8253;-69.6534;8.5;2572.44;5.11093;0;0;0.1;0.01;0;4.93323;1;0;-1
0;82;33.3352;-6.34138;-68.8067;9.53103;3626.67;5.73087;0;0;0.1;0.01;0;5.57013;0;0;-1
0;83;30.5725;12.4395;-71.2972;9.73152;3860.39;5.85142;0;0;0.1;0.01;0;6.45234;0;0;-1
0;84;33.6232;28.6039;-68.5229;10.0382;4236.98;6.03582;0;0;0.1;0.01;0;6.88708;0;0;-1
0;85;34.007;43.7452;-71.9753;8.5;2572.44;5.11093;0;0;0.1;0.01;0;4.23454;1;0;-1
0;86;46.3672;-51.2948;-68.908;9.61922;3728.28;5.7839;0;0;0.1;0.01;0;2.7584;0;0;-1
0;87;45.9814;-30.4843;-71.9472;9.01313;3067.01;5.41946;0;0;0.1;0.01;0;4.33422;0;0;-1
0;88;47.5583;-13.4221;-72.0032;9.9526;4129.51;5.98435;0;0;0.1;0.01;0;4.86511;0;0;-1
0;89;45.3303;1.65076;-69.0596;8.5;2572.44;5.11093;0;0;0.1;0.01;0;5.76328;1;0;-1
0;90;47.3089;17.1277;-68.9536;10.3912;4699.87;6.24808;0;0;0.1;0.01;0;6.38316;0;0;-1
0;91;48.9685;36.8849;-71.9524;10.2103;4458.66;6.13931;0;0;0.1;0.01;0;3.53397;0;0;-1
0;92;46.7048;54.1106;-69.0032;8.5;2572.44;5.11093;0;0;0.1;0.01;0;2.53647;1;0;-1
0;93;60.0262;-25.6673;-72.0499;10.0688;4275.84;6.05422;0;0;0.1;0.01;0;2.75324;0;0;-1
0;94;62.5662;-5.6056;-71.9225;8.73835;2794.97;5.25424;0;0;0.1;0.01;0;2.33516;0;0;-1
0;95;61.3302;9.87389;-68.8361;9.81409;3959.49;5.90107;0;0;0.1;0.01;0;3.63618;0;0;-1
0;96;-80.3938;-8.31314;-55.411;9.69228;3813.88;5.82783;0;0;0.1;0.01;0;2.96155;0;0;-1
0;97;-80.1264;12.4626;-54.3351;8.7296;2786.58;5.24898;0;0;0.1;0.01;0;2.61238;0;0;-1
0;98;-65.7606;-48.4244;-54.2737;10.1245;4347.2;6.08771;0;0;0.1;0.01;0;4.68042;0;0;-1
0;99;-67.7041;-33.8791;-55.4101;8.95215;3005.18;5.3828;0;0;0.1;0.01;0;3.30466;0;0;-1
0;100;-65.5536;-12.6498;-56.3823;8.50736;2579.13;5.11535;0;0;0.1;0.01;0;4.00069;0;0;-1
0;101;-64.5968;1.73402;-53.9672;9.72048;3847.26;5.84478;0;0;0.1;0.01;0;5.33445;0;0;-1
0;102;-68.0127;19.6485;-57.7792;8.68328;2742.46;5.22113;0;0;0.1;0.01;0;3.53552;0;0;-1
0;103;-66.4427;35.442;-55.5497;8.5;2572.44;5.11093;0;0;0.1;0.01;0;3.49264;1;0;-1
0;104;-52.2507;-59.344;-54.871;9.7421;3872.99;5.85778;0;0;0.1;0.01;0;4.06064;0;0;-1
0;105;-52.9154;-42.3675;-57.5559;8.54632;2614.73;5.13878;0;0;0.1;0.01;0;4.59245;0;0;-1
0;106;-51.3194;-24.6973;-57.806;8.5;2572.44;5.11093;0;0;0.1;0.01;0;4.56841;1;0;-1
0;107;-49.8623;-4.79477;-57.1174;9.83619;3986.29;5.91436;0;0;0.1;0.01;0;6.4216;0;0;-1
0;108;-51.7488;12.0411;-54.3889;9.7551;3888.52;5.8656;0;0;0.1;0.01;0;7.06106;0;0;-1
0;109;-51.032;27.8541;-57.811;10.3779;4681.85;6.24008;0;0;0.1;0.01;0;6.92786;0;0;-1
0;110;-52.1429;44.8088;-54.0104;9.75705;3890.85;5.86677;0;0;0.1;0.01;0;6.19793;0;0;-1
0;111;-50.578;59.7328;-54.4366;10.0947;4308.92;6.0698;0;0;0.1;0.01;0;5.15092;0;0;-1
0;112;-38.6598;-66.5821;-56.3467;9.78686;3926.62;5.8847;0;0;0.1;0.01;0;4.10273;0;0;-1
0;113;-38.3712;-51.0453;-54.5644;9.22818;3291.83;5.54877;0;0;0.1;0.01;0;5.19118;0;0;-1
0;114;-36.5523;-31.2278;-56.2491;9.62245;3732.03;5.78584;0;0;0.1;0.01;0;6.18158;0;0;-1
0;115;-36.5246;-14.8548;-55.7934;10.2702;4537.59;6.17532;0;0;0.1;0.01;0;6.81644;0;0;-1
0;116;-37.7523;2.43866;-54.3684;8.98033;3033.65;5.39974;0;0;0.1;0.01;0;5.52239;0;0;-1
0;117;-36.0794;20.9932;-57.0215;10.2728;4541.04;6.17689;0;0;0.1;0.01;0;7.54093;0;0;-1
0;118;-35.2043;36.6494;-55.0692;8.75833;2814.18;5.26626;0;0;0.1;0.01;0;6.65392;0;0;-1
0;119;-36.9986;51.2821;-56.5083;10.0445;4244.96;6.03961;0;0;0.1;0.01;0;6.94488;0;0;-1
0;120;-35.9262;70.3134;-57.9268;10.4064;4720.52;6.25722;0;0;0.1;0.01;0;4.27384;0;0;-1
0;121;-23.9309;-76.0254;-57.3275;9.56038;3660.28;5.74852;0;0;0.1;0.01;0;3.14448;0;0;-1
0;122;-21.8275;-56.2156;-56.4046;9.42137;3502.92;5.66493;0;0;0.1;0.01;0;6.51116;0;0;-1
0;123;-21.0892;-40.4621;-54.8427;10.0066;4197.09;6.01682;0;0;0.1;0.01;0;6.98319;0;0;-1
0;124;-23.6228;-22.5389;-56.7417;9.91108;4078.04;5.95939;0;0;0.1;0.01;0;6.87713;0;0;-1
0;125;-21.5822;-7.15432;-56.3434;8.98657;3039.98;5.40349;0;0;0.1;0.01;0;5.63095;0;0;-1
0;126;-22.4101;9.00079;-55.9838;9.44496;3529.3;5.67912;0;0;0.1;0.01;0;4.7997;0;0;-1
0;127;-21.4026;25.5929;-55.5855;8.61865;2681.68;5.18227;0;0;0.1;0.01;0;5.2648;0;0;-1
0;128;-21.78;42.308;-56.7048;8.5;2572.44;5.11093;0;0;0.1;0.01;0;5.12235;1;0;-1
0;129;-22.1126;63.2049;-54.4596;10.3642;4663.33;6.23184;0;0;0.1;0.01;0;7.13778;0;0;-1
0;130;-22.0256;77.9765;-57.0113;9.14647;3205.16;5.49964;0;0;0.1;0.01;0;3.52712;0;0;-1
0;131;-9.28612;-80.7866;-56.0094;8.5;2572.44;5.11093;0;0;0.1;0.01;0;2.46969;1;0;-1
0;132;-5.77051;-65.6685;-55.7458;9.0412;3095.76;5.43634;0;0;0.1;0.01;0;4.74625;0;0;-1
0;133;-6.23426;-47.1129;-55.1204;9.62786;3738.33;5.78909;0;0;0.1;0.01;0;5.88237;0;0;-1
0;134;-8.77246;-29.92;-54.6171;9.80216;3945.06;5.8939;0;0;0.1;0.01;0;5.57613;0;0;-1
0;135;-8.94489;-14.1404;-55.4255;8.61231;2675.76;5.17846;0;0;0.1;0.01;0;5.84205;0;0;-1
0;136;-7.06885;0.369413;-56.718;8.5;2572.44;5.11093;0;0;0.1;0.01;0;5.33852;1;0;-1
0;137;-5.92366;20.9924;-55.1509;10.3787;4682.93;6.24056;0;0;0.1;0.01;0;6.33352;0;0;-1
0;138;-8.23778;36.9552;-55.4903;10.3709;4672.38;6.23587;0;0;0.1;0.01;0;6.41213;0;0;-1
0;139;-5.82934;54.9373;-55.1064;10.4463;4775.03;6.28121;0;0;0.1;0.01;0;6.18524;0;0;-1
0;140;-8.7181;70.3289;-55.1338;8.9171;2970.02;5.36172;0;0;0.1;0.01;0;3.30309;0;0;-1
0;141;8.98801;-74.324;-56.9053;8.95921;3012.3;5.38704;0;0;0.1;0.01;0;3.4664;0;0;-1
0;142;6.86081;-58.0816;-56.2133;9.9375;4110.74;5.97527;0;0;0.1;0.01;0;6.12476;0;0;-1
0;143;7.34358;-41.7077;-54.9343;8.5;2572.44;5.11093;0;0;0.1;0.01;0;4.38;1;0;-1
0;144;9.40192;-22.7176;-56.6049;9.348;3421.72;5.62082;0;0;0.1;0.01;0;6.49475;0;0;-1
0;145;6.03105;-8.01907;-56.8627;9.37777;3454.52;5.63872;0;0;0.1;0.01;0;6.47278;0;0;-1
0;146;5.60914;9.72287;-55.2396;8.95394;3006.98;5.38387;0;0;0.1;0.01;0;4.279;0;0;-1
0;147;8.44232;27.753;-53.9546;10.1128;4332.14;6.08068;0;0;0.1;0.01;0;6.67564;0;0;-1
0;148;8.53531;44.9761;-55.979;10.2821;4553.38;6.18248;0;0;0.1;0.01;0;7.63939;0;0;-1
0;149;8.8394;59.8464;-57.7088;8.76315;2818.83;5.26915;0;0;0.1;0.01;0;5.81107;0;0;-1
0;150;8.57216;79.8432;-54.3416;9.33081;3402.88;5.61048;0;0;0.1;0.01;0;2.80882;0;0;-1
0;151;22.2773;-64.2625;-56.6609;9.79249;3933.4;5.88808;0;0;0.1;0.01;0;4.96721;0;0;-1
0;152;24.1796;-49.9862;-53.72;8.97699;3030.27;5.39773;0;0;0.1;0.01;0;5.39998;0;0;-1
0;153;20.2911;-32.6127;-55.2887;9.10775;3164.62;5.47636;0;0;0.1;0.01;0;5.15405;0;0;-1
0;154;20.5205;-12.716;-57.3687;9.31056;3380.77;5.5983;0;0;0.1;0.01;0;6.00829;0;0;-1
0;155;23.6282;1.42093;-56.4456;9.29185;3360.43;5.58705;0;0;0.1;0.01;0;5.67932;0;0;-1
0;156;23.7518;20.6599;-55.7393;10.1452;4373.92;6.10016;0;0;0.1;0.01;0;6.42634;0;0;-1
0;157;22.6873;38.2404;-56.2093;10.0929;4306.62;6.06871;0;0;0.1;0.01;0;7.04074;0;0;-1
0;158;22.9266;54.376;-53.9781;10.4336;4757.64;6.27357;0;0;0.1;0.01;0;7.09841;0;0;-1
0;159;22.0545;70.5668;-57.6873;9.08793;3144.01;5.46444;0;0;0.1;0.01;0;2.47116;0;0;-1
0;160;38.5699;-56.026;-56.421;9.06067;3115.8;5.44805;0;0;0.1;0.01;0;4.55475;0;0;-1
0;161;34.935;-38.3572;-54.7262;8.60039;2664.67;5.17129;0;0;0.1;0.01;0;5.32466;0;0;-1
0;162;38.5277;-25.1003;-56.4567;9.04343;3098.05;5.43768;0;0;0.1;0.01;0;5.60482;0;0;-1
0;163;37.2079;-5.69085;-54.8345;8.57831;2644.2;5.15801;0;0;0.1;0.01;0;5.96542;0;0;-1
0;164;38.4584;8.33384;-55.4115;9.23354;3297.56;5.55199;0;0;0.1;0.01;0;6.96479;0;0;-1
0;165;38.8671;25.4338;-54.6046;9.85015;4003.29;5.92275;0;0;0.1;0.01;0;6.3265;0;0;-1
0;166;36.7832;46.1475;-56.6479;9.17439;3234.6;5.51643;0;0;0.1;0.01;0;5.85502;0;0;-1
0;167;36.3639;60.7347;-54.1156;8.5;2572.44;5.11093;0;0;0.1;0.01;0;4.54039;1;0;-1
0;168;52.8854;-50.9603;-56.0561;8.97539;3028.65;5.39677;0;0;0.1;0.01;0;3.28778;0;0;-1
0;169;52.0664;-31.0885;-54.1338;9.95776;4135.93;5.98746;0;0;0.1;0.01;0;5.73233;0;0;-1
0;170;52.9108;-15.065;-54.3828;8.5;2572.44;5.11093;0;0;0.1;0.01;0;5.22901;1;0;-1
0;171;52.2477;0.0384372;-54.3896;9.99184;4178.54;6.00795;0;0;0.1;0.01;0;7.51505;0;0;-1
0;172;51.1915;18.0871;-56.045;9.0008;3054.44;5.41205;0;0;0.1;0.01;0;6.79143;0;0;-1
0;173;52.9429;34.0757;-55.7663;9.24176;3306.38;5.55694;0;0;0.1;0.01;0;5.31048;0;0;-1
0;174;52.6965;55.2593;-56.5063;10.1122;4331.37;6.08032;0;0;0.1;0.01;0;4.26893;0;0;-1
0;175;64.6173;-40.8708;-56.6793;9.03274;3087.07;5.43126;0;0;0.1;0.01;0;2.99479;0;0;-1
0;176;67.2815;-25.0841;-56.1106;9.38578;3463.38;5.64353;0;0;0.1;0.01;0;4.42155;0;0;-1
0;177;67.7708;-4.49851;-55.1313;8.5;2572.44;5.11093;0;0;0.1;0.01;0;5.13946;1;0;-1
0;178;65.8308;11.9969;-53.8073;9.54477;3642.38;5.73913;0;0;0.1;0.01;0;5.87502;0;0;-1
0;179;66.0083;26.6437;-55.2808;8.5;2572.44;5.11093;0;0;0.1;0.01;0;3.88985;1;0;-1
0;180;64.7668;46.0616;-54.3238;9.81335;3958.59;5.90062;0;0;0.1;0.01;0;3.39719;0;0;-1
0;181;79.7188;-16.8494;-56.7538;10.1836;4423.77;6.12325;0;0;0.1;0.01;0;2.82802;0;0;-1
0;182;82.219;1.12179;-54.4659;8.92226;2975.18;5.36483;0;0;0.1;0.01;0;2.82781;0;0;-1
0;183;-87.5133;-21.6645;-40.6263;9.37018;3446.14;5.63415;0;0;0.1;0.01;0;3.14619;0;0;-1
0;184;-84.119;-8.17177;-40.1222;10.0307;4227.49;6.03131;0;0;0.1;0.01;0;5.21958;0;0;-1
0;185;-86.3086;12.3504;-39.6283;9.63572;3747.5;5.79382;0;0;0.1;0.01;0;4.44019;0;0;-1
0;186;-86.6562;29.3372;-39.2334;9.84885;4001.71;5.92197;0;0;0.1;0.01;0;3.00345;0;0;-1
0;187;-70.1802;-48.0377;-39.6417;8.5;2572.44;5.11093;0;0;0.1;0.01;0;4.05699;1;0;-1
0;188;-72.1207;-33.9442;-41.5651;10.2288;4482.94;6.15043;0;0;0.1;0.01;0;5.02677;0;0;-1
0;189;-71.5946;-14.5663;-41.629;8.5;2572.44;5.11093;0;0;0.1;0.01;0;5.38727;1;0;-1
0;190;-72.6812;3.61431;-40.932;10.2704;4537.86;6.17544;0;0;0.1;0.01;0;7.38596;0;0;-1
0;191;-70.5089;19.0737;-42.0708;9.73679;3866.66;5.85459;0;0;0.1;0.01;0;6.2415;0;0;-1
0;192;-69.9861;37.0808;-42.919;9.92192;4091.44;5.96591;0;0;0.1;0.01;0;5.68341;0;0;-1
0;193;-72.6574;51.3921;-41.1017;9.59208;3696.81;5.76758;0;0;0.1;0.01;0;3.09368;0;0;-1
0;194;-56.9508;-59.2055;-39.931;10.3288;4615.71;6.21056;0;0;0.1;0.01;0;5.24935;0;0;-1
0;195;-56.7253;-39.4549;-41.8789;9.50868;3601.22;5.71743;0;0;0.1;0.01;0;6.63975;0;0;-1
0;196;-54.1645;-24.6448;-40.905;9.31218;3382.54;5.59928;0;0;0.1;0.01;0;5.42131;0;0;-1
0;197;-57.4665;-7.33066;-42.0177;10.0834;4294.47;6.063;0;0;0.1;0.01;0;6.99077;0;0;-1
0;198;-55.0635;9.53617;-39.855;10.2811;4552.05;6.18188;0;0;0.1;0.01;0;6.7142;0;0;-1
0;199;-55.5425;25.871;-41.5483;9.89022;4052.35;5.94685;0;0;0.1;0.01;0;6.11539;0;0;-1
0;200;-56.9705;42.6519;-40.1059;9.6706;3788.34;5.81479;0;0;0.1;0.01;0;6.52672;0;0;-1
0;201;-54.2556;60.448;-39.5919;9.62047;3729.73;5.78465;0;0;0.1;0.01;0;5.2409;0;0;-1
0;202;-40.5179;-80.6254;-40.9819;8.5;2572.44;5.11093;0;0;0.1;0.01;0;2.97103;1;0;-1
0;203;-41.6797;-65.9023;-39.2276;9.46189;3548.32;5.6893;0;0;0.1;0.01;0;6.38313;0;0;-1
0;204;-43.0541;-47.5209;-41.7159;8.5;2572.44;5.11093;0;0;0.1;0.01;0;4.90183;1;0;-1
0;205;-42.5716;-31.6918;-42.2014;8.64528;2706.61;5.19828;0;0;0.1;0.01;0;5.09471;0;0;-1
0;206;-40.2486;-13.4518;-40.6552;9.60474;3711.47;5.77519;0;0;0.1;0.01;0;6.10342;0;0;-1
0;207;-42.0103;1.95148;-39.9894;9.25091;3316.21;5.56244;0;0;0.1;0.01;0;6.47493;0;0;-1
0;208;-41.7827;19.6607;-42.4204;8.59492;2659.59;5.168;0;0;0.1;0.01;0;5.91375;0;0;-1
0;209;-41.4534;34.4591;-41.4092;8.78789;2842.77;5.28403;0;0;0.1;0.01;0;5.64276;0;0;-1
0;210;-40.2724;53.6158;-41.2215;9.53739;3633.94;5.73469;0;0;0.1;0.01;0;7.07228;0;0;-1
0;211;-40.8074;68.4797;-42.1356;10.3601;4657.8;6.22938;0;0;0.1;0.01;0;6.08072;0;0;-1
0;212;-27.663;-72.9657;-42.8778;9.39388;3472.35;5.6484;0;0;0.1;0.01;0;6.10779;0;0;-1
0;213;-28.1454;-57.731;-40.4581;10.4418;4768.86;6.2785;0;0;0.1;0.01;0;7.09485;0;0;-1
0;214;-25.2999;-38.504;-42.3702;9.23225;3296.18;5.55122;0;0;0.1;0.01;0;5.3283;0;0;-1
0;215;-25.0121;-22.374;-39.8166;9.9908;4177.24;6.00732;0;0;0.1;0.01;0;6.38962;0;0;-1
0;216;-24.7414;-5.17993;-40.6535;8.87426;2927.42;5.33596;0;0;0.1;0.01;0;5.61304;0;0;-1
0;217;-25.4513;9.76006;-41.0408;8.5;2572.44;5.11093;0;0;0.1;0.01;0;4.04274;1;0;-1
0;218;-28.1739;27.0151;-42.0171;9.3773;3454;5.63843;0;0;0.1;0.01;0;5.49027;0;0;-1
0;219;-27.2194;44.121;-42.0976;9.59228;3697.04;5.7677;0;0;0.1;0.01;0;6.10501;0;0;-1
0;220;-27.5573;60.5347;-40.7658;9.41372;3494.4;5.66033;0;0;0.1;0.01;0;7.06813;0;0;-1
0;221;-25.0135;77.1693;-42.0796;9.57316;3674.98;5.7562;0;0;0.1;0.01;0;5.24721;0;0;-1
0;222;-12.9875;-83.1445;-42.1681;8.61093;2674.48;5.17763;0;0;0.1;0.01;0;4.03608;0;0;-1
0;223;-12.9516;-67.6071;-39.7406;10.0617;4266.8;6.04995;0;0;0.1;0.01;0;6.69624;0;0;-1
0;224;-12.3953;-49.3804;-41.8318;9.18212;3242.78;5.52108;0;0;0.1;0.01;0;5.32009;0;0;-1
0;225;-9.78519;-33.3282;-39.8329;9.50911;3601.71;5.71769;0;0;0.1;0.01;0;6.11624;0;0;-1
0;226;-13.0697;-15.5115;-40.7655;8.69144;2750.2;5.22604;0;0;0.1;0.01;0;6.37283;0;0;-1
0;227;-11.0634;0.255552;-41.4481;8.66025;2720.7;5.20728;0;0;0.1;0.01;0;5.45322;0;0;-1
0;228;-12.5353;20.0328;-39.3449;9.95302;4130.03;5.98461;0;0;0.1;0.01;0;6.16121;0;0;-1
0;229;-9.96062;34.3137;-39.7689;8.5;2572.44;5.11093;0;0;0.1;0.01;0;6.08757;1;0;-1
0;230;-11.5623;52.9651;-39.3583;10.1789;4417.65;6.12042;0;0;0.1;0.01;0;6.47161;0;0;-1
0;231;-11.098;70.7587;-40.0371;9.43087;3513.53;5.67065;0;0;0.1;0.01;0;5.57661;0;0;-1
0;232;-9.79001;87.1013;-39.9598;8.5;2572.44;5.11093;0;0;0.1;0.01;0;2.3884;1;0;-1
0;233;2.81842;-89.5413;-42.0533;9.11671;3173.97;5.48175;0;0;0.1;0.01;0;2.88208;0;0;-1
0;234;4.67932;-74.9303;-41.1612;8.55271;2620.59;5.14262;0;0;0.1;0.01;0;5.17711;0;0;-1
0;235;2.01337;-59.7579;-39.3745;9.47364;3561.55;5.69636;0;0;0.1;0.01;0;5.41879;0;0;-1
0;236;3.62629;-40.7675;-39.7992;8.5;2572.44;5.11093;0;0;0.1;0.01;0;4.84979;1;0;-1
0;237;4.67522;-25.2817;-39.5131;9.5216;3615.92;5.7252;0;0;0.1;0.01;0;6.13659;0;0;-1
0;238;1.23378;-8.0788;-42.4281;10.2613;4525.8;6.16997;0;0;0.1;0.01;0;6.26669;0;0;-1
0;239;3.21429;10.4498;-41.0082;8.61838;2681.42;5.18211;0;0;0.1;0.01;0;4.36959;0;0;-1
0;240;4.0744;27.19;-39.4761;8.90471;2957.66;5.35427;0;0;0.1;0.01;0;6.72769;0;0;-1
0;241;1.22436;43.0339;-40.2761;10.0973;4312.25;6.07136;0;0;0.1;0.01;0;7.97786;0;0;-1
0;242;1.52451;60.6181;-40.976;8.5;2572.44;5.11093;0;0;0.1;0.01;0;5.3639;1;0;-1
0;243;3.9549;76.3836;-41.0749;9.14274;3201.24;5.4974;0;0;0.1;0.01;0;5.26502;0;0;-1
0;244;17.6741;-82.3246;-42.0906;8.5;2572.44;5.11093;0;0;0.1;0.01;0;3.29408;1;0;-1
0;245;18.2133;-65.4531;-39.2872;10.2625;4527.39;6.17069;0;0;0.1;0.01;0;5.88429;0;0;-1
0;246;17.9201;-46.4585;-40.8016;8.89095;2943.97;5.346;0;0;0.1;0.01;0;5.26717;0;0;-1
0;247;17.8396;-31.7623;-41.1625;8.5;2572.44;5.11093;0;0;0.1;0.01;0;5.83724;1;0;-1
0;248;19.0975;-15.4956;-41.7711;9.48375;3572.97;5.70244;0;0;0.1;0.01;0;5.92307;0;0;-1
0;249;19.7515;1.94128;-42.1567;9.10927;3166.21;5.47727;0;0;0.1;0.01;0;4.6916;0;0;-1
0;250;17.6646;17.7318;-40.518;9.27102;3337.88;5.57453;0;0;0.1;0.01;0;5.59787;0;0;-1
0;251;19.0285;36.7177;-42.8393;9.9124;4079.67;5.96018;0;0;0.1;0.01;0;7.63337;0;0;-1
0;252;16.7943;52.0125;-39.6902;10.0976;4312.64;6.07154;0;0;0.1;0.01;0;7.44172;0;0;-1
0;253;18.7582;68.4672;-41.1967;10.3155;4597.9;6.20256;0;0;0.1;0.01;0;5.94314;0;0;-1
0;254;16.4119;87.4199;-41.1321;10.0767;4285.92;6.05897;0;0;0.1;0.01;0;3.14605;0;0;-1
0;255;32.9526;-75.6345;-42.5031;8.64912;2710.22;5.20059;0;0;0.1;0.01;0;2.25037;0;0;-1
0;256;30.5623;-56.4912;-40.5214;9.0958;3152.18;5.46917;0;0;0.1;0.01;0;6.27912;0;0;-1
0;257;33.7127;-41.1822;-40.4686;10.005;4195.08;6.01586;0;0;0.1;0.01;0;7.65369;0;0;-1
0;258;32.7745;-25.2894;-41.5692;10.1242;4346.81;6.08753;0;0;0.1;0.01;0;7.40612;0;0;-1
0;259;33.7379;-8.05203;-42.0305;8.5;2572.44;5.11093;0;0;0.1;0.01;0;4.72571;1;0;-1
0;260;33.847;10.0397;-42.2941;8.5;2572.44;5.11093;0;0;0.1;0.01;0;5.10292;1;0;-1
0;261;33.8496;29.5189;-39.8809;8.93213;2985.06;5.37076;0;0;0.1;0.01;0;6.03387;0;0;-1
0;262;32.9458;46.153;-39.4191;10.038;4236.72;6.0357;0;0;0.1;0.01;0;7.76788;0;0;-1
0;263;33.9212;60.0852;-39.7086;9.38769;3465.49;5.64468;0;0;0.1;0.01;0;6.20691;0;0;-1
0;264;33.5494;79.8398;-40.4282;8.95437;3007.42;5.38413;0;0;0.1;0.01;0;2.74579;0;0;-1
0;265;47.8266;-65.2764;-41.609;8.94443;2997.41;5.37816;0;0;0.1;0.01;0;2.46533;0;0;-1
0;266;47.1413;-47.705;-39.9502;9.52788;3623.08;5.72898;0;0;0.1;0.01;0;5.80345;0;0;-1
0;267;47.7626;-30.2395;-39.2186;10.3176;4600.71;6.20382;0;0;0.1;0.01;0;7.65871;0;0;-1
0;268;46.7879;-14.9394;-42.5857;10.067;4273.55;6.05314;0;0;0.1;0.01;0;7.77876;0;0;-1
0;269;46.0827;2.87701;-42.1828;8.5;2572.44;5.11093;0;0;0.1;0.01;0;6.20052;1;0;-1
0;270;47.756;16.8711;-43.0424;10.1627;4396.59;6.11068;0;0;0.1;0.01;0;7.4392;0;0;-1
0;271;46.8463;37.9693;-41.0993;9.52653;3621.54;5.72816;0;0;0.1;0.01;0;6.19168;0;0;-1
0;272;46.7053;52.1395;-42.8751;9.67637;3795.12;5.81826;0;0;0.1;0.01;0;6.60613;0;0;-1
0;273;46.8351;69.2625;-39.8955;9.92643;4097.02;5.96862;0;0;0.1;0.01;0;4.49593;0;0;-1
0;274;60.3716;-55.3627;-39.3248;9.8308;3979.74;5.91112;0;0;0.1;0.01;0;4.7459;0;0;-1
0;275;63.9954;-41.6887;-39.827;8.94562;2998.61;5.37887;0;0;0.1;0.01;0;4.27883;0;0;-1
0;276;61.2054;-23.3551;-39.8377;8.55006;2618.16;5.14103;0;0;0.1;0.01;0;5.54305;0;0;-1
0;277;63.4169;-7.79479;-42.3295;9.67674;3795.56;5.81848;0;0;0.1;0.01;0;6.80197;0;0;-1
0;278;63.5984;8.22771;-39.4687;10.0114;4203.13;6.01971;0;0;0.1;0.01;0;6.56075;0;0;-1
0;279;63.0225;26.1894;-42.2747;10.0357;4233.81;6.03432;0;0;0.1;0.01;0;6.07426;0;0;-1
0;280;61.5524;42.1375;-41.1958;8.88075;2933.85;5.33987;0;0;0.1;0.01;0;5.08205;0;0;-1
0;281;61.9974;60.4227;-42.4649;9.23144;3295.32;5.55073;0;0;0.1;0.01;0;3.67661;0;0;-1
0;282;74.9441;-32.4962;-43.1754;9.0112;3065.04;5.4183;0;0;0.1;0.01;0;3.21729;0;0;-1
0;283;77.7415;-15.0026;-41.1208;8.62851;2690.89;5.1882;0;0;0.1;0.01;0;4.46624;0;0;-1
0;284;76.3303;-0.0847768;-41.4687;10.2851;4557.37;6.18428;0;0;0.1;0.01;0;6.87688;0;0;-1
0;285;78.7381;19.7236;-42.8214;8.99017;3043.63;5.40566;0;0;0.1;0.01;0;3.33221;0;0;-1
0;286;76.5339;34.3396;-41.9426;9.23964;3304.1;5.55566;0;0;0.1;0.01;0;3.54149;0;0;-1
0;287;90.5159;-4.5629;-40.5369;8.7003;2758.62;5.23136;0;0;0.1;0.01;0;2.2325;0;0;-1
0;288;-95.1283;-13.5096;-24.7008;8.77145;2826.85;5.27415;0;0;0.1;0.01;0;3.17538;0;0;-1
0;289;-95.6338;1.25108;-26.0975;9.92316;4092.97;5.96665;0;0;0.1;0.01;0;3.87501;0;0;-1
0;290;-80.8664;-41.4999;-24.6597;9.90428;4069.65;5.9553;0;0;0.1;0.01;0;2.88635;0;0;-1
0;291;-81.797;-23.4371;-27.3461;9.5595;3659.27;5.74799;0;0;0.1;0.01;0;3.86575;0;0;-1
0;292;-78.9065;-4.65461;-26.4857;10.0423;4242.17;6.03829;0;0;0.1;0.01;0;5.59256;0;0;-1
0;293;-82.5746;10.969;-26.4516;10.1274;4350.93;6.08946;0;0;0.1;0.01;0;6.28525;0;0;-1
0;294;-82.414;27.6809;-25.1438;10.0349;4232.8;6.03384;0;0;0.1;0.01;0;5.02676;0;0;-1
0;295;-80.4005;44.5633;-28.111;9.88358;4044.19;5.94285;0;0;0.1;0.01;0;3.2843;0;0;-1
0;296;-64.0797;-67.878;-25.9985;8.5;2572.44;5.11093;0;0;0.1;0.01;0;2.51848;1;0;-1
0;297;-64.3825;-48.9948;-26.1272;8.77835;2833.53;5.27829;0;0;0.1;0.01;0;4.35656;0;0;-1
0;298;-64.528;-31.2619;-25.4617;9.74862;3880.77;5.8617;0;0;0.1;0.01;0;5.46751;0;0;-1
0;299;-64.4854;-12.8914;-26.9908;9.28066;3348.31;5.58033;0;0;0.1;0.01;0;5.55912;0;0;-1
0;300;-66.0782;4.44546;-26.0295;8.5;2572.44;5.11093;0;0;0.1;0.01;0;5.9394;1;0;-1
0;301;-65.4692;20.2213;-26.9393;8.59094;2655.89;5.16561;0;0;0.1;0.01;0;5.71167;0;0;-1
0;302;-64.6848;35.2176;-27.1713;10.0497;4251.56;6.04274;0;0;0.1;0.01;0;6.30997;0;0;-1
0;303;-64.5472;50.917;-26.2265;9.27992;3347.51;5.57988;0;0;0.1;0.01;0;5.75081;0;0;-1
0;304;-66.6783;68.6707;-26.7115;9.4554;3541.02;5.68539;0;0;0.1;0.01;0;2.15068;0;0;-1
0;305;-49.7081;-72.4998;-27.7898;8.99661;3050.18;5.40953;0;0;0.1;0.01;0;5.22932;0;0;-1
0;306;-49.6162;-58.1752;-26.2871;9.25063;3315.91;5.56227;0;0;0.1;0.01;0;6.29515;0;0;-1
0;307;-51.5414;-39.7141;-26.346;9.3425;3415.69;5.61751;0;0;0.1;0.01;0;6.00843;0;0;-1
0;308;-52.4112;-23.1162;-27.5477;9.77632;3913.95;5.87836;0;0;0.1;0.01;0;6.55505;0;0;-1
0;309;-50.4836;-7.03271;-27.8116;9.73264;3861.72;5.8521;0;0;0.1;0.01;0;6.60939;0;0;-1
0;310;-53.0184;8.65299;-26.3255;8.9409;2993.87;5.37603;0;0;0.1;0.01;0;5.4866;0;0;-1
0;311;-51.1151;26.7887;-24.4688;9.14375;3202.3;5.498;0;0;0.1;0.01;0;5.57917;0;0;-1
0;312;-49.9898;45.5112;-24.8767;9.78011;3918.5;5.88064;0;0;0.1;0.01;0;7.33839;0;0;-1
0;313;-50.6687;62.4881;-25.5784;8.75947;2815.28;5.26694;0;0;0.1;0.01;0;6.08517;0;0;-1
0;314;-51.7961;78.4819;-28.2532;8.72318;2780.44;5.24512;0;0;0.1;0.01;0;2.65196;0;0;-1
0;315;-36.4301;-82.1753;-26.5186;10.3133;4594.96;6.20124;0;0;0.1;0.01;0;6.19652;0;0;-1
0;316;-34.9845;-67.3057;-26.8022;8.88636;2939.41;5.34324;0;0;0.1;0.01;0;6.99071;0;0;-1
0;317;-38.3709;-47.1089;-27.1485;10.1598;4392.83;6.10894;0;0;0.1;0.01;0;5.71262;0;0;-1
0;318;-36.058;-30.0824;-26.0746;9.32899;3400.89;5.60939;0;0;0.1;0.01;0;6.11529;0;0;-1
0;319;-34.6349;-13.7593;-26.7979;8.77558;2830.85;5.27663;0;0;0.1;0.01;0;5.01473;0;0;-1
0;320;-36.5829;4.31728;-27.4534;8.5;2572.44;5.11093;0;0;0.1;0.01;0;4.19403;1;0;-1
0;321;-38.3557;18.5491;-27.4787;9.50184;3593.45;5.71332;0;0;0.1;0.01;0;5.45488;0;0;-1
0;322;-38.2473;34.5869;-25.1791;8.5;2572.44;5.11093;0;0;0.1;0.01;0;5.5011;1;0;-1
0;323;-37.6468;52.2753;-27.8689;9.223;3286.29;5.54566;0;0;0.1;0.01;0;6.07373;0;0;-1
0;324;-38.2093;67.7226;-25.7605;8.5;2572.44;5.11093;0;0;0.1;0.01;0;4.4859;1;0;-1
0;325;-35.5369;85.8443;-24.9482;10.2803;4550.99;6.1814;0;0;0.1;0.01;0;3.74737;0;0;-1
0;326;-21.7856;-90.775;-25.2858;10.3383;4628.45;6.21627;0;0;0.1;0.01;0;3.98841;0;0;-1
0;327;-20.5825;-73.0888;-27.0245;10.1729;4409.84;6.11682;0;0;0.1;0.01;0;8.27786;0;0;-1
0;328;-20.3439;-59.1611;-26.3078;9.74517;3876.65;5.85963;0;0;0.1;0.01;0;7.26734;0;0;-1
0;329;-22.017;-40.5888;-26.6541;8.61701;2680.15;5.18128;0;0;0.1;0.01;0;4.98745;0;0;-1
0;330;-21.3646;-21.1058;-24.9728;10.094;4308.03;6.06938;0;0;0.1;0.01;0;6.84053;0;0;-1
0;331;-19.722;-5.48235;-28.081;8.5;2572.44;5.11093;0;0;0.1;0.01;0;4.64828;1;0;-1
0;332;-21.3092;11.8058;-25.7758;8.5;2572.44;5.11093;0;0;0.1;0.01;0;4.00167;1;0;-1
0;333;-22.7774;28.7645;-27.7868;8.64731;2708.52;5.1995;0;0;0.1;0.01;0;5.1002;0;0;-1
0;334;-21.2675;44.772;-27.8782;9.74786;3879.86;5.86125;0;0;0.1;0.01;0;5.84066;0;0;-1
0;335;-21.6928;62.1731;-26.6174;9.66986;3787.47;5.81435;0;0;0.1;0.01;0;6.33927;0;0;-1
0;336;-22.8398;78.7613;-27.9103;9.43208;3514.88;5.67137;0;0;0.1;0.01;0;5.63195;0;0;-1
0;337;-5.93942;-81.2658;-28.6497;9.37792;3454.68;5.63881;0;0;0.1;0.01;0;6.09441;0;0;-1
0;338;-7.91006;-66.6066;-26.3313;9.47884;3567.42;5.69949;0;0;0.1;0.01;0;6.69032;0;0;-1
0;339;-8.56281;-48.5917;-24.378;9.13807;3196.33;5.49459;0;0;0.1;0.01;0;5.1862;0;0;-1
0;340;-8.20164;-29.6886;-25.5436;8.77274;2828.1;5.27492;0;0;0.1;0.01;0;5.56562;0;0;-1
0;341;-6.01204;-13.3224;-27.8131;9.41095;3491.31;5.65867;0;0;0.1;0.01;0;6.59664;0;0;-1
0;342;-5.4928;1.93081;-27.6468;8.53399;2603.42;5.13136;0;0;0.1;0.01;0;5.7101;0;0;-1
0;343;-6.60854;21.1279;-25.6286;9.60397;3710.57;5.77473;0;0;0.1;0.01;0;6.69878;0;0;-1
0;344;-7.09483;35.4084;-27.0958;9.34522;3418.67;5.61915;0;0;0.1;0.01;0;7.48326;0;0;-1
0;345;-7.92854;51.5128;-26.0268;8.65073;2711.73;5.20156;0;0;0.1;0.01;0;5.61138;0;0;-1
0;346;-9.34412;72.1632;-24.4877;8.6207;2683.59;5.1835;0;0;0.1;0.01;0;5.03811;0;0;-1
0;347;-9.10344;88.2416;-25.6685;8.64271;2704.2;5.19674;0;0;0.1;0.01;0;3.97142;0;0;-1
0;348;9.34601;-90.4763;-25.4086;10.3115;4592.55;6.20016;0;0;0.1;0.01;0;4.27729;0;0;-1
0;349;6.59592;-75.7926;-25.3169;9.7822;3921.01;5.88189;0;0;0.1;0.01;0;6.67645;0;0;-1
0;350;9.4456;-58.6628;-25.7678;9.33001;3402;5.61;0;0;0.1;0.01;0;5.80912;0;0;-1
0;351;5.72916;-40.0319;-25.3972;9.62018;3729.39;5.78447;0;0;0.1;0.01;0;6.09921;0;0;-1
0;352;8.26658;-25.5191;-26.592;8.72878;2785.8;5.24849;0;0;0.1;0.01;0;5.86051;0;0;-1
0;353;9.02251;-8.7666;-27.6907;10.2426;4501.11;6.15873;0;0;0.1;0.01;0;6.79816;0;0;-1
0;354;5.51871;9.93539;-25.5068;9.14542;3204.05;5.49901;0;0;0.1;0.01;0;4.58455;0;0;-1
0;355;9.43538;29.3293;-27.6657;10.081;4291.4;6.06156;0;0;0.1;0.01;0;6.86124;0;0;-1
0;356;6.25315;44.0466;-25.2395;10.3766;4680.09;6.2393;0;0;0.1;0.01;0;7.20082;0;0;-1
0;357;6.86968;63.409;-24.6229;10.1832;4423.25;6.12301;0;0;0.1;0.01;0;6.80571;0;0;-1
0;358;5.89623;78.2851;-28.0035;9.05381;3108.73;5.44392;0;0;0.1;0.01;0;5.55712;0;0;-1
0;359;8.24567;95.6189;-26.8478;10.0208;4214.98;6.02536;0;0;0.1;0.01;0;2.99575;0;0;-1
0;360;22.5743;-82.3656;-25.2159;9.14669;3205.39;5.49977;0;0;0.1;0.01;0;4.66031;0;0;-1
0;361;23.7018;-65.8977;-25.4736;9.51617;3609.73;5.72193;0;0;0.1;0.01;0;5.43903;0;0;-1
0;362;23.2763;-47.2932;-27.4349;10.114;4333.69;6.0814;0;0;0.1;0.01;0;6.25979;0;0;-1
0;363;22.7918;-31.7632;-26.0479;9.7203;3847.05;5.84468;0;0;0.1;0.01;0;6.89755;0;0;-1
0;364;22.1317;-16.092;-25.5875;10.0142;4206.66;6.02139;0;0;0.1;0.01;0;6.73051;0;0;-1
0;365;22.3192;1.01763;-26.8062;9.03568;3090.09;5.43302;0;0;0.1;0.01;0;5.17077;0;0;-1
0;366;23.386;18.191;-28.0153;9.62583;3735.97;5.78787;0;0;0.1;0.01;0;6.25413;0;0;-1
0;367;23.2496;34.9355;-27.5189;9.48752;3577.23;5.70471;0;0;0.1;0.01;0;7.42036;0;0;-1
0;368;20.5951;51.1112;-24.5152;9.78732;3927.17;5.88497;0;0;0.1;0.01;0;6.2616;0;0;-1
0;369;20.2904;69.1558;-26.9527;9.41126;3491.66;5.65885;0;0;0.1;0.01;0;5.36107;0;0;-1
0;370;23.3588;84.5739;-24.8044;9.48309;3572.22;5.70204;0;0;0.1;0.01;0;4.90015;0;0;-1
0;371;38.0662;-75.9947;-27.1004;9.08221;3138.07;5.461;0;0;0.1;0.01;0;3.9405;0;0;-1
0;372;35.2262;-56.919;-27.0397;8.68961;2748.46;5.22494;0;0;0.1;0.01;0;5.60622;0;0;-1
0;373;37.5317;-39.9444;-26.8248;9.92192;4091.44;5.96591;0;0;0.1;0.01;0;7.96695;0;0;-1
0;374;37.6918;-23.167;-27.6904;9.98008;4163.81;6.00088;0;0;0.1;0.01;0;7.59116;0;0;-1
0;375;37.4566;-7.21118;-24.838;9.68117;3800.77;5.82115;0;0;0.1;0.01;0;6.57112;0;0;-1
0;376;35.1276;8.915;-26.7922;8.8148;2868.97;5.30021;0;0;0.1;0.01;0;5.30816;0;0;-1
0;377;37.2281;25.386;-24.7122;9.96675;4147.15;5.99286;0;0;0.1;0.01;0;6.87897;0;0;-1
0;378;37.0134;42.138;-27.0989;9.84583;3998.03;5.92015;0;0;0.1;0.01;0;6.57856;0;0;-1
0;379;38.4474;63.6792;-24.9034;8.5;2572.44;5.11093;0;0;0.1;0.01;0;4.58449;1;0;-1
0;380;36.7524;78.8151;-24.8763;8.5;2572.44;5.11093;0;0;0.1;0.01;0;4.35177;1;0;-1
0;381;50.4398;-66.6499;-24.7827;10.2137;4463.11;6.14135;0;0;0.1;0.01;0;5.56982;0;0;-1
0;382;49.9649;-50.773;-25.2885;10.1728;4409.71;6.11676;0;0;0.1;0.01;0;6.85148;0;0;-1
0;383;50.0741;-33.4164;-25.0288;8.55599;2623.61;5.14459;0;0;0.1;0.01;0;5.20409;0;0;-1
0;384;52.713;-15.5614;-26.855;9.21838;3281.35;5.54288;0;0;0.1;0.01;0;6.25943;0;0;-1
0;385;51.82;1.73631;-28.3376;10.0155;4208.3;6.02217;0;0;0.1;0.01;0;7.16902;0;0;-1
0;386;50.1086;17.7994;-28.5171;9.04577;3100.45;5.43909;0;0;0.1;0.01;0;6.16758;0;0;-1
0;387;50.3051;34.8918;-25.0692;9.38364;3461.01;5.64225;0;0;0.1;0.01;0;5.57689;0;0;-1
0;388;52.9807;54.7681;-24.6937;8.65695;2717.59;5.2053;0;0;0.1;0.01;0;4.39649;0;0;-1
0;389;52.2034;72.6213;-26.9424;9.78828;3928.33;5.88555;0;0;0.1;0.01;0;4.37815;0;0;-1
0;390;66.3594;-59.2071;-27.6305;8.99162;3045.11;5.40653;0;0;0.1;0.01;0;4.13144;0;0;-1
0;391;66.637;-42.2241;-25.0392;8.84857;2902.07;5.32052;0;0;0.1;0.01;0;5.4837;0;0;-1
0;392;67.4825;-23.246;-24.8722;10.3678;4668.19;6.23401;0;0;0.1;0.01;0;6.53828;0;0;-1
0;393;65.5549;-5.60059;-26.9255;8.9529;3005.94;5.38325;0;0;0.1;0.01;0;6.84109;0;0;-1
0;394;66.5789;9.45464;-25.0955;9.2484;3313.51;5.56093;0;0;0.1;0.01;0;5.82286;0;0;-1
0;395;64.8727;25.4092;-25.601;9.8348;3984.6;5.91352;0;0;0.1;0.01;0;4.81;0;0;-1
0;396;66.3816;46.5056;-25.9021;10.0347;4232.55;6.03372;0;0;0.1;0.01;0;5.81734;0;0;-1
0;397;65.0707;62.278;-27.5169;10.0508;4252.95;6.0434;0;0;0.1;0.01;0;4.9694;0;0;-1
0;398;79.4173;-51.2676;-25.8193;10.1042;4321.1;6.07551;0;0;0.1;0.01;0;2.17849;0;0;-1
0;399;81.8811;-34.2026;-24.8276;10.2512;4512.45;6.1639;0;0;0.1;0.01;0;3.4155;0;0;-1
0;400;80.7447;-16.8096;-25.352;8.88357;2936.64;5.34156;0;0;0.1;0.01;0;4.46929;0;0;-1
0;401;79.7977;-0.22968;-26.2417;9.30496;3374.68;5.59494;0;0;0.1;0.01;0;4.87143;0;0;-1
0;402;83.217;17.7965;-25.2699;9.79833;3940.44;5.89159;0;0;0.1;0.01;0;4.14601;0;0;-1
0;403;79.0959;33.7627;-27.9935;8.5;2572.44;5.11093;0;0;0.1;0.01;0;3.36644;1;0;-1
0;404;79.3738;54.624;-26.5402;10.3516;4646.34;6.22427;0;0;0.1;0.01;0;2.70771;0;0;-1
0;405;-98.4441;0.959005;-11.8084;10.2755;4544.62;6.17851;0;0;0.1;0.01;0;3.70429;0;0;-1
0;406;-84.2815;-42.0837;-11.2517;9.08598;3141.98;5.46327;0;0;0.1;0.01;0;3.46872;0;0;-1
0;407;-84.3758;-23.5385;-10.305;10.4098;4725.15;6.25926;0;0;0.1;0.01;0;5.70323;0;0;-1
0;408;-85.2155;-7.13386;-12.4831;8.91246;2965.39;5.35893;0;0;0.1;0.01;0;5.26853;0;0;-1
0;409;-83.348;11.6461;-11.929;10.149;4378.83;6.10245;0;0;0.1;0.01;0;5.9229;0;0;-1
0;410;-84.8105;29.1404;-12.432;8.5;2572.44;5.11093;0;0;0.1;0.01;0;4.13052;1;0;-1
0;411;-84.033;42.492;-11.3152;9.39125;3469.44;5.64682;0;0;0.1;0.01;0;4.12776;0;0;-1
0;412;-70.811;-68.4409;-10.0661;8.78734;2842.24;5.2837;0;0;0.1;0.01;0;2.13559;0;0;-1
0;413;-69.2302;-49.2663;-11.9934;9.51949;3613.51;5.72393;0;0;0.1;0.01;0;4.76837;0;0;-1
0;414;-69.8904;-32.557;-10.1361;9.37135;3447.43;5.63486;0;0;0.1;0.01;0;6.79688;0;0;-1
0;415;-72.1598;-15.7384;-11.6929;9.40543;3485.17;5.65535;0;0;0.1;0.01;0;6.58606;0;0;-1
0;416;-70.8002;3.17331;-10.3154;8.76929;2824.76;5.27285;0;0;0.1;0.01;0;6.07252;0;0;-1
0;417;-68.3508;17.3763;-12.9505;8.58719;2652.42;5.16335;0;0;0.1;0.01;0;4.93053;0;0;-1
0;418;-69.4945;36.4694;-11.9851;9.59908;3704.91;5.77179;0;0;0.1;0.01;0;6.34026;0;0;-1
0;419;-71.9185;53.7828;-13.021;8.9755;3028.76;5.39684;0;0;0.1;0.01;0;4.41687;0;0;-1
0;420;-54.2906;-75.1338;-9.72274;8.85847;2911.82;5.32647;0;0;0.1;0.01;0;3.81428;0;0;-1
0;421;-56.6211;-58.237;-12.3472;9.39962;3478.72;5.65186;0;0;0.1;0.01;0;5.38509;0;0;-1
0;422;-57.3292;-39.2;-10.3201;8.57706;2643.04;5.15726;0;0;0.1;0.01;0;5.56509;0;0;-1
0;423;-57.3134;-23.9551;-11.8644;8.5;2572.44;5.11093;0;0;0.1;0.01;0;5.49303;1;0;-1
0;424;-55.236;-7.21542;-11.8086;9.00601;3059.75;5.41518;0;0;0.1;0.01;0;5.50005;0;0;-1
0;425;-54.3052;8.60149;-12.5395;10.0595;4264.01;6.04863;0;0;0.1;0.01;0;5.98772;0;0;-1
0;426;-57.3386;29.7679;-12.816;8.5;2572.44;5.11093;0;0;0.1;0.01;0;5.63792;1;0;-1
0;427;-55.1136;44.7237;-11.8317;9.28257;3350.37;5.58147;0;0;0.1;0.01;0;6.85618;0;0;-1
0;428;-57.9511;60.031;-10.6843;9.74725;3879.14;5.86088;0;0;0.1;0.01;0;5.44998;0;0;-1
0;429;-42.7865;-83.641;-13.2542;10.0889;4301.5;6.06631;0;0;0.1;0.01;0;4.2585;0;0;-1
0;430;-39.3549;-64.6238;-11.5694;9.79525;3936.73;5.88974;0;0;0.1;0.01;0;5.61;0;0;-1
0;431;-41.0507;-49.3537;-10.6988;8.52157;2592.07;5.1239;0;0;0.1;0.01;0;5.07825;0;0;-1
0;432;-41.2231;-32.6058;-12.3642;9.80366;3946.87;5.8948;0;0;0.1;0.01;0;6.13958;0;0;-1
0;433;-42.0808;-14.3478;-13.5229;10.014;4206.41;6.02127;0;0;0.1;0.01;0;6.08438;0;0;-1
0;434;-40.9212;3.07395;-10.7857;9.48602;3575.53;5.70381;0;0;0.1;0.01;0;5.76956;0;0;-1
0;435;-39.4037;20.09;-11.2061;10.0097;4200.99;6.01869;0;0;0.1;0.01;0;6.27793;0;0;-1
0;436;-42.1287;36.9051;-13.1712;9.33057;3402.62;5.61034;0;0;0.1;0.01;0;7.19977;0;0;-1
0;437;-42.6508;52.2156;-12.6271;8.5;2572.44;5.11093;0;0;0.1;0.01;0;5.05177;1;0;-1
0;438;-43.0035;70.6861;-12.5527;8.74544;2801.78;5.25851;0;0;0.1;0.01;0;4.72366;0;0;-1
0;439;-43.255;85.1312;-13.333;8.5;2572.44;5.11093;0;0;0.1;0.01;0;3.42645;1;0;-1
0;440;-27.8994;-93.1801;-13.0855;9.62079;3730.1;5.78484;0;0;0.1;0.01;0;4.31884;0;0;-1
0;441;-28.1467;-76.8708;-13.0022;10.1441;4372.49;6.0995;0;0;0.1;0.01;0;7.05606;0;0;-1
0;442;-24.694;-56.5735;-12.2841;10.3899;4698.1;6.2473;0;0;0.1;0.01;0;7.30742;0;0;-1
0;443;-27.3642;-41.7526;-10.1897;10.4383;4764.07;6.2764;0;0;0.1;0.01;0;7.63257;0;0;-1
0;444;-26.6304;-22.2858;-11.8596;10.2193;4470.46;6.14472;0;0;0.1;0.01;0;6.64979;0;0;-1
0;445;-24.9559;-7.308;-10.3183;8.54228;2611.02;5.13635;0;0;0.1;0.01;0;4.69818;0;0;-1
0;446;-25.1395;9.14742;-10.2538;9.43114;3513.83;5.67081;0;0;0.1;0.01;0;5.17375;0;0;-1
0;447;-27.4325;28.465;-10.5789;10.2555;4518.13;6.16648;0;0;0.1;0.01;0;6.14973;0;0;-1
0;448;-28.3086;42.9563;-10.7772;9.06343;3118.65;5.44971;0;0;0.1;0.01;0;5.62643;0;0;-1
0;449;-24.4463;59.0692;-12.8442;8.80537;2859.77;5.29454;0;0;0.1;0.01;0;4.53626;0;0;-1
0;450;-24.7745;77.699;-12.2445;9.85517;4009.41;5.92577;0;0;0.1;0.01;0;6.45266;0;0;-1
0;451;-24.8581;94.671;-14.0175;10.1999;4445.05;6.13305;0;0;0.1;0.01;0;3.54537;0;0;-1
0;452;-13.5489;-83.3071;-11.0882;8.5;2572.44;5.11093;0;0;0.1;0.01;0;4.4536;1;0;-1
0;453;-12.772;-65.4555;-13.2565;8.5;2572.44;5.11093;0;0;0.1;0.01;0;5.52608;1;0;-1
0;454;-12.6964;-48.4377;-9.70783;9.49539;3586.14;5.70944;0;0;0.1;0.01;0;6.60777;0;0;-1
0;455;-11.4424;-32.3654;-11.7612;10.4018;4714.27;6.25445;0;0;0.1;0.01;0;7.25842;0;0;-1
0;456;-10.3936;-14.2751;-10.7234;8.5;2572.44;5.11093;0;0;0.1;0.01;0;6.05991;1;0;-1
0;457;-10.7153;0.964569;-11.6011;10.2021;4447.92;6.13437;0;0;0.1;0.01;0;7.16024;0;0;-1
0;458;-10.7325;16.9703;-11.625;9.08701;3143.05;5.46389;0;0;0.1;0.01;0;5.76866;0;0;-1
0;459;-11.5924;34.247;-12.533;8.56015;2627.44;5.14709;0;0;0.1;0.01;0;4.61911;0;0;-1
0;460;-10.3525;50.9691;-10.6066;8.54843;2616.66;5.14005;0;0;0.1;0.01;0;5.2214;0;0;-1
0;461;-10.5283;67.4159;-11.6346;9.0735;3129.05;5.45576;0;0;0.1;0.01;0;5.90944;0;0;-1
0;462;-11.699;87.2562;-12.4361;8.5;2572.44;5.11093;0;0;0.1;0.01;0;4.79453;1;0;-1
0;463;4.39164;-91.5506;-10.5832;8.69412;2752.74;5.22765;0;0;0.1;0.01;0;3.76717;0;0;-1
0;464;1.54758;-75.9957;-12.1285;8.5;2572.44;5.11093;0;0;0.1;0.01;0;5.49201;1;0;-1
0;465;1.34586;-59.4805;-12.8578;8.86284;2916.13;5.3291;0;0;0.1;0.01;0;6.06277;0;0;-1
0;466;1.68139;-41.2615;-12.6235;9.63019;3741.05;5.79049;0;0;0.1;0.01;0;6.53644;0;0;-1
0;467;1.26964;-21.5708;-10.4656;9.21799;3280.93;5.54264;0;0;0.1;0.01;0;6.6107;0;0;-1
0;468;1.59726;-7.44679;-12.1225;8.63646;2698.34;5.19298;0;0;0.1;0.01;0;6.1269;0;0;-1
0;469;3.28;8.1717;-12.2801;10.1133;4332.79;6.08098;0;0;0.1;0.01;0;6.21332;0;0;-1
0;470;3.1902;25.1322;-13.5501;9.05314;3108.04;5.44352;0;0;0.1;0.01;0;4.72452;0;0;-1
0;471;1.98572;43.7658;-10.4972;9.3009;3370.26;5.5925;0;0;0.1;0.01;0;5.57852;0;0;-1
0;472;2.33447;59.5226;-10.7497;9.45512;3540.71;5.68523;0;0;0.1;0.01;0;6.58673;0;0;-1
0;473;2.70814;76.7508;-10.3971;8.91847;2971.39;5.36255;0;0;0.1;0.01;0;6.03131;0;0;-1
0;474;3.09503;94.0401;-11.4678;10.2647;4530.3;6.17202;0;0;0.1;0.01;0;4.4603;0;0;-1
0;475;18.8157;-85.1767;-10.5375;9.35595;3430.46;5.6256;0;0;0.1;0.01;0;5.80227;0;0;-1
0;476;16.0682;-68.1906;-10.5179;9.47166;3559.32;5.69517;0;0;0.1;0.01;0;6.35513;0;0;-1
0;477;15.9637;-51.4669;-9.87611;9.86583;4022.44;5.93218;0;0;0.1;0.01;0;5.77814;0;0;-1
0;478;15.5219;-33.3893;-10.524;9.65096;3765.3;5.80298;0;0;0.1;0.01;0;5.74373;0;0;-1
0;479;16.034;-16.297;-11.469;8.57311;2639.39;5.15489;0;0;0.1;0.01;0;5.90958;0;0;-1
0;480;16.4193;1.12051;-11.4649;9.38448;3461.94;5.64275;0;0;0.1;0.01;0;5.57947;0;0;-1
0;481;19.4885;20.9007;-10.8784;9.88972;4051.73;5.94655;0;0;0.1;0.01;0;6.04938;0;0;-1
0;482;19.6219;38.1892;-13.1727;8.5;2572.44;5.11093;0;0;0.1;0.01;0;5.08444;1;0;-1
0;483;18.1881;54.5307;-11.4703;8.5;2572.44;5.11093;0;0;0.1;0.01;0;4.92965;1;0;-1
0;484;17.306;71.4367;-10.3178;10.3965;4707.06;6.25126;0;0;0.1;0.01;0;7.10973;0;0;-1
0;485;15.6997;84.9763;-12.5719;8.5;2572.44;5.11093;0;0;0.1;0.01;0;5.45085;1;0;-1
0;486;31.9451;-93.7248;-12.0414;8.83098;2884.8;5.30994;0;0;0.1;0.01;0;1.8578;0;0;-1
0;487;33.3603;-76.6495;-12.3235;9.41174;3492.19;5.65914;0;0;0.1;0.01;0;5.65322;0;0;-1
0;488;32.8912;-55.3913;-10.3534;9.45135;3536.47;5.68296;0;0;0.1;0.01;0;4.99274;0;0;-1
0;489;34.1674;-38.8914;-10.1209;9.62386;3733.67;5.78669;0;0;0.1;0.01;0;6.14467;0;0;-1
0;490;31.2313;-21.358;-12.279;9.89423;4057.28;5.94926;0;0;0.1;0.01;0;7.10889;0;0;-1
0;491;33.1401;-6.34174;-10.7776;8.88235;2935.43;5.34083;0;0;0.1;0.01;0;5.56234;0;0;-1
0;492;33.5023;11.7968;-12.9124;10.3784;4682.52;6.24038;0;0;0.1;0.01;0;7.01864;0;0;-1
0;493;31.4712;29.0527;-10.8347;9.24443;3309.25;5.55854;0;0;0.1;0.01;0;6.82086;0;0;-1
0;494;33.5352;46.2596;-13.2472;9.56238;3662.58;5.74972;0;0;0.1;0.01;0;5.98909;0;0;-1
0;495;32.7917;63.4843;-10.3672;8.6173;2680.42;5.18146;0;0;0.1;0.01;0;5.98448;0;0;-1
0;496;32.2668;79.3805;-10.1271;10.0567;4260.45;6.04695;0;0;0.1;0.01;0;6.38588;0;0;-1
0;497;45.9691;-82.939;-10.7922;8.5;2572.44;5.11093;0;0;0.1;0.01;0;4.15579;1;0;-1
0;498;48.1316;-67.8886;-11.4521;9.53328;3629.24;5.73222;0;0;0.1;0.01;0;6.01324;0;0;-1
0;499;47.7006;-47.7295;-11.9623;9.34097;3414.01;5.61659;0;0;0.1;0.01;0;6.11588;0;0;-1
0;500;48.6159;-31.7069;-12.5239;9.05733;3112.36;5.44604;0;0;0.1;0.01;0;5.54087;0;0;-1
0;501;45.5545;-14.737;-10.9519;9.15165;3210.6;5.50275;0;0;0.1;0.01;0;6.26829;0;0;-1
0;502;46.5951;0.437173;-11.0246;10.1585;4391.14;6.10816;0;0;0.1;0.01;0;7.44489;0;0;-1
0;503;47.7359;18.1152;-13.4351;10.1742;4411.53;6.1176;0;0;0.1;0.01;0;7.74636;0;0;-1
0;504;47.9037;34.6482;-10.5447;9.51622;3609.79;5.72196;0;0;0.1;0.01;0;6.42731;0;0;-1
0;505;45.9438;55.1934;-12.4966;8.5;2572.44;5.11093;0;0;0.1;0.01;0;5.01917;1;0;-1
0;506;46.2866;68.497;-10.0158;9.24156;3306.16;5.55682;0;0;0.1;0.01;0;6.17022;0;0;-1
0;507;47.6945;85.6452;-13.0963;8.6403;2701.94;5.19529;0;0;0.1;0.01;0;2.33798;0;0;-1
0;508;61.096;-74.2506;-11.2895;10.3036;4582.01;6.19541;0;0;0.1;0.01;0;3.19842;0;0;-1
0;509;60.3076;-56.0647;-13.3004;9.61516;3723.56;5.78146;0;0;0.1;0.01;0;6.39432;0;0;-1
0;510;61.4394;-42.1471;-11.6203;9.39919;3478.24;5.6516;0;0;0.1;0.01;0;6.41289;0;0;-1
0;511;62.5795;-25.7798;-11.8627;9.28468;3352.66;5.58274;0;0;0.1;0.01;0;5.84192;0;0;-1
0;512;62.7425;-7.65135;-11.5028;9.83406;3983.7;5.91308;0;0;0.1;0.01;0;6.46789;0;0;-1
0;513;60.737;9.37214;-12.8112;10.2245;4477.29;6.14784;0;0;0.1;0.01;0;6.65783;0;0;-1
0;514;61.9674;28.7516;-10.2188;9.92591;4096.37;5.96831;0;0;0.1;0.01;0;6.30844;0;0;-1
0;515;62.6732;45.9896;-11.1292;9.50542;3597.51;5.71547;0;0;0.1;0.01;0;5.70381;0;0;-1
0;516;63.2321;63.5914;-10.8007;10.0981;4313.28;6.07184;0;0;0.1;0.01;0;5.33351;0;0;-1
0;517;61.0491;77.9229;-13.7949;8.90529;2958.24;5.35462;0;0;0.1;0.01;0;2.77256;0;0;-1
0;518;77.6048;-47.5277;-10.8114;8.5;2572.44;5.11093;0;0;0.1;0.01;0;3.89175;1;0;-1
0;519;77.3352;-30.035;-11.2445;8.60685;2670.68;5.17517;0;0;0.1;0.01;0;5.62811;0;0;-1
0;520;75.2993;-14.4417;-10.8555;10.4528;4783.95;6.28512;0;0;0.1;0.01;0;7.8015;0;0;-1
0;521;74.9429;1.11898;-10.9932;8.5;2572.44;5.11093;0;0;0.1;0.01;0;6.16626;1;0;-1
0;522;76.6082;18.0103;-13.3412;8.69993;2758.26;5.23114;0;0;0.1;0.01;0;5.74836;0;0;-1
0;523;75.0657;34.8543;-12.7121;8.5;2572.44;5.11093;0;0;0.1;0.01;0;5.25379;1;0;-1
0;524;75.3441;51.4823;-10.2271;9.24246;3307.13;5.55736;0;0;0.1;0.01;0;5.72125;0;0;-1
0;525;89.5822;-22.1758;-11.9559;8.5;2572.44;5.11093;0;0;0.1;0.01;0;3.79083;1;0;-1
0;526;90.068;-4.25176;-10.1452;9.67018;3787.85;5.81454;0;0;0.1;0.01;0;4.121;0;0;-1
0;527;89.555;12.0069;-11.0199;8.94815;3001.15;5.38039;0;0;0.1;0.01;0;4.80341;0;0;-1
0;528;89.4256;27.0324;-11.2003;8.57982;2645.59;5.15892;0;0;0.1;0.01;0;4.51379;0;0;-1
0;529;89.2358;43.5659;-9.84621;10.0381;4236.85;6.03576;0;0;0.1;0.01;0;3.29508;0;0;-1
0;530;-93.9353;-16.5764;2.39544;9.45997;3546.16;5.68814;0;0;0.1;0.01;0;3.17124;0;0;-1
0;531;-95.6858;2.72679;3.43146;9.65336;3768.11;5.80443;0;0;0.1;0.01;0;3.78485;0;0;-1
0;532;-95.9066;18.6842;2.16055;10.2032;4449.36;6.13504;0;0;0.1;0.01;0;3.23972;0;0;-1
0;533;-79.6784;-55.9214;3.03577;8.5;2572.44;5.11093;0;0;0.1;0.01;0;2.63868;1;0;-1
0;534;-82.6264;-41.5211;4.68315;9.80047;3943.02;5.89288;0;0;0.1;0.01;0;4.17641;0;0;-1
0;535;-80.5993;-23.2256;2.973;9.80139;3944.13;5.89343;0;0;0.1;0.01;0;6.45379;0;0;-1
0;536;-79.867;-6.13559;3.72843;9.46528;3552.13;5.69134;0;0;0.1;0.01;0;5.92561;0;0;-1
0;537;-81.7924;10.3522;2.71593;8.90491;2957.86;5.35439;0;0;0.1;0.01;0;4.70885;0;0;-1
0;538;-80.6003;25.4899;1.20675;8.5;2572.44;5.11093;0;0;0.1;0.01;0;3.69485;1;0;-1
0;539;-82.6835;44.0753;2.7696;10.2457;4505.19;6.16059;0;0;0.1;0.01;0;4.42134;0;0;-1
0;540;-78.9053;61.1259;3.37389;9.4202;3501.62;5.66423;0;0;0.1;0.01;0;2.55957;0;0;-1
0;541;-63.8832;-65.5106;1.68174;8.86781;2921.04;5.33209;0;0;0.1;0.01;0;4.00828;0;0;-1
0;542;-64.2771;-47.2869;4.40144;10.2617;4526.33;6.17021;0;0;0.1;0.01;0;6.23471;0;0;-1
0;543;-68.3927;-33.0503;3.55697;8.92266;2975.58;5.36507;0;0;0.1;0.01;0;5.75861;0;0;-1
0;544;-67.7965;-14.8217;1.72357;10.4365;4761.6;6.27532;0;0;0.1;0.01;0;6.92555;0;0;-1
0;545;-67.1955;0.401345;3.73158;10.3306;4618.12;6.21164;0;0;0.1;0.01;0;6.9344;0;0;-1
0;546;-64.7316;17.127;3.37168;10.4477;4776.95;6.28205;0;0;0.1;0.01;0;6.01939;0;0;-1
0;547;-65.1801;36.5233;3.09547;10.4249;4745.74;6.26834;0;0;0.1;0.01;0;6.60266;0;0;-1
0;548;-65.566;52.0313;3.2278;9.47993;3568.65;5.70014;0;0;0.1;0.01;0;5.47948;0;0;-1
0;549;-64.9416;70.4094;3.16182;8.5;2572.44;5.11093;0;0;0.1;0.01;0;2.35014;1;0;-1
0;550;-49.9105;-75.3336;3.24002;8.5823;2647.89;5.16041;0;0;0.1;0.01;0;5.00608;0;0;-1
0;551;-50.3438;-59.3875;4.20911;8.71413;2771.79;5.23968;0;0;0.1;0.01;0;5.50532;0;0;-1
0;552;-50.9532;-42.3268;3.33894;8.72965;2786.63;5.24901;0;0;0.1;0.01;0;5.46251;0;0;-1
0;553;-52.1131;-24.4748;3.65459;8.58632;2651.61;5.16283;0;0;0.1;0.01;0;4.18399;0;0;-1
0;554;-49.6357;-5.37511;2.14793;8.5;2572.44;5.11093;0;0;0.1;0.01;0;4.35552;1;0;-1
0;555;-52.2964;10.0585;3.75101;8.5;2572.44;5.11093;0;0;0.1;0.01;0;4.98771;1;0;-1
0;556;-52.7573;25.8402;2.70063;8.5;2572.44;5.11093;0;0;0.1;0.01;0;5.48461;1;0;-1
0;557;-50.27;42.9881;5.11643;9.8444;3996.28;5.91929;0;0;0.1;0.01;0;5.97249;0;0;-1
0;558;-50.7522;63.4633;1.83627;9.04923;3104.01;5.44117;0;0;0.1;0.01;0;5.21386;0;0;-1
0;559;-51.4535;78.1202;1.28843;9.76208;3896.87;5.8698;0;0;0.1;0.01;0;4.43852;0;0;-1
0;560;-34.9765;-84.0136;3.44056;9.36644;3442.01;5.6319;0;0;0.1;0.01;0;5.15549;0;0;-1
0;561;-38.5009;-67.3868;3.24793;9.15764;3216.91;5.50636;0;0;0.1;0.01;0;5.35535;0;0;-1
0;562;-36.7028;-50.3919;4.12077;8.5;2572.44;5.11093;0;0;0.1;0.01;0;5.1723;1;0;-1
0;563;-35.8342;-32.6247;2.67684;9.95707;4135.07;5.98704;0;0;0.1;0.01;0;6.05377;0;0;-1
0;564;-38.0801;-14.0879;3.151;8.97516;3028.41;5.39663;0;0;0.1;0.01;0;4.98337;0;0;-1
0;565;-36.6333;3.18005;4.03619;8.90095;2953.91;5.35201;0;0;0.1;0.01;0;5.85724;0;0;-1
0;566;-38.1386;19.9746;2.91744;10.1518;4382.46;6.10413;0;0;0.1;0.01;0;6.86688;0;0;-1
0;567;-38.1977;36.3072;1.02537;8.89588;2948.87;5.34896;0;0;0.1;0.01;0;5.93196;0;0;-1
0;568;-35.4187;50.843;2.86318;9.82839;3976.82;5.90967;0;0;0.1;0.01;0;5.01519;0;0;-1
0;569;-35.7485;71.7408;1.34144;10.4423;4769.55;6.2788;0;0;0.1;0.01;0;6.28794;0;0;-1
0;570;-35.3319;87.8912;3.29136;9.58234;3685.56;5.76172;0;0;0.1;0.01;0;5.14477;0;0;-1
0;571;-20.7818;-93.66;1.60298;9.51832;3612.18;5.72323;0;0;0.1;0.01;0;4.31057;0;0;-1
0;572;-20.5657;-76.6075;4.59577;8.53528;2604.61;5.13214;0;0;0.1;0.01;0;5.26475;0;0;-1
0;573;-23.6219;-57.637;1.53767;9.2155;3278.27;5.54115;0;0;0.1;0.01;0;6.00517;0;0;-1
0;574;-23.2222;-40.3572;2.14436;9.25268;3318.11;5.5635;0;0;0.1;0.01;0;6.41858;0;0;-1
0;575;-21.1674;-23.0794;3.57034;8.5;2572.44;5.11093;0;0;0.1;0.01;0;5.39909;1;0;-1
0;576;-20.5808;-5.19158;3.34122;8.55675;2624.31;5.14505;0;0;0.1;0.01;0;6.16096;0;0;-1
0;577;-20.1899;9.99388;4.07017;10.1133;4332.79;6.08098;0;0;0.1;0.01;0;6.90054;0;0;-1
0;578;-23.9388;27.5248;1.89297;8.5874;2652.61;5.16348;0;0;0.1;0.01;0;3.993;0;0;-1
0;579;-19.9304;46.9962;1.8318;9.19996;3261.72;5.5318;0;0;0.1;0.01;0;4.54817;0;0;-1
0;580;-22.031;63.325;2.16722;9.89483;4058.01;5.94962;0;0;0.1;0.01;0;6.6583;0;0;-1
0;581;-22.185;77.5574;1.90652;9.60554;3712.39;5.77567;0;0;0.1;0.01;0;6.19728;0;0;-1
0;582;-23.3658;96.2382;1.35667;9.90756;4073.7;5.95727;0;0;0.1;0.01;0;3.41784;0;0;-1
0;583;-7.06969;-98.9503;0.928091;10.0776;4287.06;6.05951;0;0;0.1;0.01;0;2.97529;0;0;-1
0;584;-5.64437;-81.0545;3.71442;8.73414;2790.93;5.25171;0;0;0.1;0.01;0;5.62555;0;0;-1
0;585;-9.08315;-66.6478;2.76984;10.3839;4689.97;6.24369;0;0;0.1;0.01;0;5.75181;0;0;-1
0;586;-7.63222;-49.2525;2.31233;8.64791;2709.08;5.19986;0;0;0.1;0.01;0;5.09523;0;0;-1
0;587;-7.46631;-29.9754;2.51818;9.4445;3528.79;5.67884;0;0;0.1;0.01;0;6.35276;0;0;-1
0;588;-8.78099;-14.1931;3.11495;9.71029;3835.18;5.83866;0;0;0.1;0.01;0;6.88125;0;0;-1
0;589;-7.88758;1.80964;3.77448;8.5;2572.44;5.11093;0;0;0.1;0.01;0;5.90103;1;0;-1
0;590;-6.3;17.3594;1.34539;8.51996;2590.61;5.12293;0;0;0.1;0.01;0;5.93163;0;0;-1
0;591;-6.16404;34.6555;3.69929;9.22465;3288.05;5.54665;0;0;0.1;0.01;0;5.50955;0;0;-1
0;592;-5.76145;51.8026;3.5443;8.5;2572.44;5.11093;0;0;0.1;0.01;0;5.87012;1;0;-1
0;593;-7.56772;71.7847;2.33267;10.3283;4615.04;6.21026;0;0;0.1;0.01;0;6.85442;0;0;-1
0;594;-9.20463;88.3803;3.6782;9.77079;3907.31;5.87503;0;0;0.1;0.01;0;4.97567;0;0;-1
0;595;8.04397;-92.1728;3.09877;8.71605;2773.63;5.24083;0;0;0.1;0.01;0;4.70759;0;0;-1
0;596;8.63611;-76.089;1.82837;9.61678;3725.44;5.78243;0;0;0.1;0.01;0;7.03927;0;0;-1
0;597;5.95416;-58.9242;1.68562;10.096;4310.59;6.07058;0;0;0.1;0.01;0;6.91897;0;0;-1
0;598;7.0391;-42.735;3.59114;9.83689;3987.15;5.91478;0;0;0.1;0.01;0;6.72713;0;0;-1
0;599;7.54585;-24.9358;1.8481;9.5353;3631.55;5.73344;0;0;0.1;0.01;0;6.50644;0;0;-1
0;600;9.35594;-8.46159;4.44011;10.1237;4346.17;6.08723;0;0;0.1;0.01;0;5.93088;0;0;-1
0;601;5.73523;10.4507;2.7726;8.89902;2951.99;5.35085;0;0;0.1;0.01;0;4.95966;0;0;-1
0;602;7.6289;25.4195;2.11798;9.91149;4078.55;5.95964;0;0;0.1;0.01;0;6.08836;0;0;-1
0;603;8.38096;44.062;2.34912;8.5;2572.44;5.11093;0;0;0.1;0.01;0;5.04515;1;0;-1
0;604;6.90969;60.3873;1.62711;8.5;2572.44;5.11093;0;0;0.1;0.01;0;5.65659;1;0;-1
0;605;8.80059;76.5065;2.68058;8.62821;2690.61;5.18802;0;0;0.1;0.01;0;5.799;0;0;-1
0;606;5.61236;97.9053;1.52028;9.70502;3828.93;5.83549;0;0;0.1;0.01;0;2.82623;0;0;-1
0;607;20.451;-85.2911;2.17183;8.5;2572.44;5.11093;0;0;0.1;0.01;0;4.15238;1;0;-1
0;608;23.7084;-66.3254;2.73834;10.1485;4378.19;6.10215;0;0;0.1;0.01;0;5.92271;0;0;-1
0;609;22.3812;-47.3588;4.37836;8.61569;2678.91;5.18049;0;0;0.1;0.01;0;4.58425;0;0;-1
0;610;21.7423;-31.0901;1.47435;8.5;2572.44;5.11093;0;0;0.1;0.01;0;5.78935;1;0;-1
0;611;21.4327;-14.7071;1.49731;8.5;2572.44;5.11093;0;0;0.1;0.01;0;5.46853;1;0;-1
0;612;23.2024;4.33814;1.19892;9.49255;3582.92;5.70773;0;0;0.1;0.01;0;5.44734;0;0;-1
0;613;23.3896;20.8336;4.67434;9.56391;3664.33;5.75064;0;0;0.1;0.01;0;6.83847;0;0;-1
0;614;21.9821;37.2966;4.96378;8.5;2572.44;5.11093;0;0;0.1;0.01;0;5.65901;1;0;-1
0;615;22.7785;51.4213;3.7266;9.88732;4048.78;5.9451;0;0;0.1;0.01;0;6.64464;0;0;-1
0;616;21.1357;67.752;1.65781;9.16445;3224.09;5.51045;0;0;0.1;0.01;0;5.95729;0;0;-1
0;617;21.4039;89.4955;1.13512;10.1186;4339.6;6.08417;0;0;0.1;0.01;0;4.04366;0;0;-1
0;618;38.0421;-75.9258;1.66224;9.44408;3528.32;5.67859;0;0;0.1;0.01;0;6.03149;0;0;-1
0;619;38.555;-59.6021;4.02177;8.64248;2703.98;5.1966;0;0;0.1;0.01;0;5.22683;0;0;-1
0;620;34.9;-40.1489;3.41753;8.9796;3032.91;5.3993;0;0;0.1;0.01;0;5.44998;0;0;-1
0;621;35.0451;-25.7238;1.19876;9.54414;3641.66;5.73875;0;0;0.1;0.01;0;6.10674;0;0;-1
0;622;38.0177;-8.85293;4.48555;9.35846;3433.22;5.62711;0;0;0.1;0.01;0;6.01345;0;0;-1
0;623;37.2335;9.08858;1.45332;9.51894;3612.89;5.7236;0;0;0.1;0.01;0;5.74618;0;0;-1
0;624;36.6647;27.2533;2.87366;9.98295;4167.4;6.0026;0;0;0.1;0.01;0;6.51307;0;0;-1
0;625;35.9281;44.5354;1.21385;10.3932;4702.58;6.24928;0;0;0.1;0.01;0;6.87938;0;0;-1
0;626;36.1004;62.7071;3.83173;10.293;4567.88;6.18903;0;0;0.1;0.01;0;7.82509;0;0;-1
0;627;37.6646;80.0042;2.52966;10.395;4705.03;6.25036;0;0;0.1;0.01;0;5.13811;0;0;-1
0;628;50.842;-83.5316;2.8935;8.5;2572.44;5.11093;0;0;0.1;0.01;0;2.98868;1;0;-1
0;629;52.1834;-64.6096;4.04606;9.83279;3982.16;5.91231;0;0;0.1;0.01;0;5.58619;0;0;-1
0;630;50.3184;-48.4687;3.25894;10.1367;4362.93;6.09505;0;0;0.1;0.01;0;6.36331;0;0;-1
0;631;53.4018;-33.6509;4.79239;8.5;2572.44;5.11093;0;0;0.1;0.01;0;5.81145;1;0;-1
0;632;51.3816;-15.8311;2.99449;8.60239;2666.53;5.17249;0;0;0.1;0.01;0;5.11693;0;0;-1
0;633;52.1612;1.13907;2.46597;8.51441;2585.55;5.11959;0;0;0.1;0.01;0;5.43383;0;0;-1
0;634;52.3765;17.048;1.66483;9.47502;3563.11;5.69719;0;0;0.1;0.01;0;7.31226;0;0;-1
0;635;50.1823;34.3889;2.73658;9.80689;3950.78;5.89674;0;0;0.1;0.01;0;6.23257;0;0;-1
0;636;51.3779;54.6295;4.70138;8.5;2572.44;5.11093;0;0;0.1;0.01;0;5.01713;1;0;-1
0;637;50.0033;67.708;3.26094;9.09874;3155.24;5.47094;0;0;0.1;0.01;0;4.69987;0;0;-1
0;638;68.0561;-56.0637;4.68371;9.91865;4087.39;5.96394;0;0;0.1;0.01;0;4.38663;0;0;-1
0;639;67.5915;-39.046;2.40298;9.67029;3787.97;5.81461;0;0;0.1;0.01;0;7.08781;0;0;-1
0;640;64.7317;-24.1593;3.90017;8.59961;2663.94;5.17082;0;0;0.1;0.01;0;5.67568;0;0;-1
0;641;67.8248;-6.65747;4.42706;8.5;2572.44;5.11093;0;0;0.1;0.01;0;4.86657;1;0;-1
0;642;65.6272;12.2009;3.83578;10.2544;4516.68;6.16582;0;0;0.1;0.01;0;6.71953;0;0;-1
0;643;65.4843;25.9335;3.94302;8.5;2572.44;5.11093;0;0;0.1;0.01;0;6.09816;1;0;-1
0;644;66.916;44.3123;4.36148;9.40417;3483.77;5.65459;0;0;0.1;0.01;0;5.69794;0;0;-1
0;645;67.4224;60.1765;4.31927;9.78995;3930.34;5.88655;0;0;0.1;0.01;0;4.4667;0;0;-1
0;646;82.3305;-47.392;5.10514;9.16647;3226.23;5.51167;0;0;0.1;0.01;0;3.67495;0;0;-1
0;647;82.1687;-33.1106;3.18216;10.4059;4719.84;6.25692;0;0;0.1;0.01;0;5.82226;0;0;-1
0;648;81.3964;-15.7961;3.84315;9.58771;3691.76;5.76495;0;0;0.1;0.01;0;6.48915;0;0;-1
0;649;79.7772;0.0567901;1.87676;9.17655;3236.88;5.51773;0;0;0.1;0.01;0;5.72962;0;0;-1
0;650;80.9758;18.2569;2.44561;9.17519;3235.44;5.51691;0;0;0.1;0.01;0;6.64261;0;0;-1
0;651;82.5357;36.1066;4.09159;10.3563;4652.67;6.22709;0;0;0.1;0.01;0;5.55322;0;0;-1
0;652;82.8035;55.2991;4.89614;9.98006;4163.78;6.00087;0;0;0.1;0.01;0;2.84942;0;0;-1
0;653;95.8381;-23.3875;2.10112;10.372;4673.86;6.23653;0;0;0.1;0.01;0;3.62845;0;0;-1
0;654;96.3559;-7.56798;4.22316;9.30892;3378.99;5.59732;0;0;0.1;0.01;0;3.40762;0;0;-1
0;655;94.5222;12.1162;1.93489;9.59168;3696.35;5.76734;0;0;0.1;0.01;0;4.21352;0;0;-1
0;656;94.3099;26.6323;4.4781;10.0281;4224.2;6.02975;0;0;0.1;0.01;0;4.4653;0;0;-1
0;657;-86.8354;-40.7535;19.2019;10.0139;4206.28;6.02121;0;0;0.1;0.01;0;3.22213;0;0;-1
0;658;-85.0808;-21.1738;18.5589;9.39531;3473.94;5.64926;0;0;0.1;0.01;0;3.28227;0;0;-1
0;659;-84.8791;-4.98937;19.2679;9.9256;4095.99;5.96812;0;0;0.1;0.01;0;4.60384;0;0;-1
0;660;-86.6505;10.4783;17.1891;9.41782;3498.97;5.6628;0;0;0.1;0.01;0;4.71461;0;0;-1
0;661;-85.7265;27.1091;18.3096;8.5;2572.44;5.11093;0;0;0.1;0.01;0;3.21575;1;0;-1
0;662;-84.2571;45.3293;18.9288;8.68184;2741.09;5.22026;0;0;0.1;0.01;0;2.72788;0;0;-1
0;663;-72.1111;-63.6392;19.8442;9.46219;3548.65;5.68948;0;0;0.1;0.01;0;3.35563;0;0;-1
0;664;-70.8102;-48.5621;16.6705;9.04696;3101.68;5.43981;0;0;0.1;0.01;0;6.11257;0;0;-1
0;665;-68.9844;-33.8737;19.1838;8.5;2572.44;5.11093;0;0;0.1;0.01;0;5.46765;1;0;-1
0;666;-71.9598;-13.1868;19.0193;9.90376;4069.01;5.95499;0;0;0.1;0.01;0;7.23454;0;0;-1
0;667;-69.3902;2.17409;19.7049;9.7357;3865.36;5.85394;0;0;0.1;0.01;0;6.93241;0;0;-1
0;668;-70.2499;18.6422;19.3015;9.64972;3763.85;5.80224;0;0;0.1;0.01;0;5.80212;0;0;-1
0;669;-70.2951;34.2568;16.7461;8.77909;2834.24;5.27874;0;0;0.1;0.01;0;4.32256;0;0;-1
0;670;-70.2529;52.8849;16.2595;8.5;2572.44;5.11093;0;0;0.1;0.01;0;3.91653;1;0;-1
0;671;-58.0241;-74.9475;17.1215;10.065;4271;6.05194;0;0;0.1;0.01;0;4.51387;0;0;-1
0;672;-57.5;-58.6542;18.704;9.47117;3558.77;5.69488;0;0;0.1;0.01;0;6.43812;0;0;-1
0;673;-56.2028;-39.5385;17.4558;10.2399;4497.55;6.1571;0;0;0.1;0.01;0;7.40263;0;0;-1
0;674;-57.0813;-23.2726;16.9203;8.9323;2985.23;5.37086;0;0;0.1;0.01;0;5.73323;0;0;-1
0;675;-55.1853;-6.46255;16.0503;9.97374;4155.88;5.99707;0;0;0.1;0.01;0;6.24312;0;0;-1
0;676;-57.1258;8.61538;17.4061;8.70387;2762.01;5.23351;0;0;0.1;0.01;0;5.38395;0;0;-1
0;677;-55.3817;26.7736;16.7961;9.65507;3770.12;5.80545;0;0;0.1;0.01;0;5.70796;0;0;-1
0;678;-54.9716;46.9006;18.945;8.5;2572.44;5.11093;0;0;0.1;0.01;0;4.35305;1;0;-1
0;679;-53.9876;61.933;18.2856;8.67427;2733.93;5.21571;0;0;0.1;0.01;0;3.80817;0;0;-1
0;680;-53.7952;78.0469;19.659;9.60026;3706.27;5.7725;0;0;0.1;0.01;0;2.63879;0;0;-1
0;681;-41.6984;-84.6171;16.8523;9.64536;3758.75;5.79962;0;0;0.1;0.01;0;4.32683;0;0;-1
0;682;-40.6314;-67.4659;17.7338;8.98447;3037.85;5.40223;0;0;0.1;0.01;0;5.51388;0;0;-1
0;683;-40.4661;-47.7796;16.7392;9.09298;3149.25;5.46748;0;0;0.1;0.01;0;5.26005;0;0;-1
0;684;-42.5282;-33.0292;18.1967;9.56256;3662.78;5.74983;0;0;0.1;0.01;0;6.355;0;0;-1
0;685;-42.1557;-13.7582;16.493;8.5;2572.44;5.11093;0;0;0.1;0.01;0;4.91594;1;0;-1
0;686;-39.9884;2.28095;17.7212;8.8338;2887.56;5.31164;0;0;0.1;0.01;0;5.08353;0;0;-1
0;687;-42.2092;18.6862;18.4634;8.81873;2872.81;5.30257;0;0;0.1;0.01;0;5.43294;0;0;-1
0;688;-41.1614;33.7344;18.2757;8.97255;3025.77;5.39506;0;0;0.1;0.01;0;5.1903;0;0;-1
0;689;-39.708;53.2133;18.5409;8.97931;3032.62;5.39913;0;0;0.1;0.01;0;4.73876;0;0;-1
0;690;-39.5872;71.4848;16.3988;10.2106;4459.05;6.13949;0;0;0.1;0.01;0;5.90463;0;0;-1
0;691;-41.5963;87.746;18.5427;8.98874;3042.18;5.4048;0;0;0.1;0.01;0;2.93128;0;0;-1
0;692;-27.7616;-93.4543;16.826;10.4523;4783.26;6.28482;0;0;0.1;0.01;0;3.97931;0;0;-1
0;693;-27.5086;-72.8511;18.5011;9.83112;3980.13;5.91131;0;0;0.1;0.01;0;6.16524;0;0;-1
0;694;-25.369;-56.7079;16.2748;8.5;2572.44;5.11093;0;0;0.1;0.01;0;4.45006;1;0;-1
0;695;-24.5041;-40.3785;17.8433;8.88227;2935.35;5.34078;0;0;0.1;0.01;0;5.48694;0;0;-1
0;696;-28.3572;-24.7238;16.3188;9.59361;3698.58;5.7685;0;0;0.1;0.01;0;6.04867;0;0;-1
0;697;-28.3783;-7.18888;16.0119;9.33032;3402.34;5.61019;0;0;0.1;0.01;0;5.29263;0;0;-1
0;698;-26.9593;10.6806;16.487;9.60486;3711.6;5.77526;0;0;0.1;0.01;0;6.0917;0;0;-1
0;699;-27.4518;28.0481;17.3643;9.05772;3112.76;5.44628;0;0;0.1;0.01;0;5.13051;0;0;-1
0;700;-25.4619;45.9296;17.6309;9.58543;3689.13;5.76358;0;0;0.1;0.01;0;5.76536;0;0;-1
0;701;-28.1577;62.0573;16.4056;9.01678;3070.74;5.42166;0;0;0.1;0.01;0;5.90448;0;0;-1
0;702;-27.4144;80.4116;16.312;10.1887;4430.42;6.12632;0;0;0.1;0.01;0;5.89066;0;0;-1
0;703;-13.2895;-83.6067;17.638;9.77088;3907.42;5.87509;0;0;0.1;0.01;0;5.45724;0;0;-1
0;704;-13.7343;-65.6446;17.0219;8.5;2572.44;5.11093;0;0;0.1;0.01;0;4.20887;1;0;-1
0;705;-11.1806;-47.5315;16.2684;9.7905;3931;5.88689;0;0;0.1;0.01;0;5.4483;0;0;-1
0;706;-12.3539;-30.7852;19.3455;8.63701;2698.85;5.19331;0;0;0.1;0.01;0;5.76289;0;0;-1
0;707;-11.5491;-16.1906;17.4728;9.71429;3839.92;5.84106;0;0;0.1;0.01;0;6.34264;0;0;-1
0;708;-13.6675;1.66467;17.1254;10.0878;4300.09;6.06565;0;0;0.1;0.01;0;7.02347;0;0;-1
0;709;-13.1782;20.7889;16.6119;10.0841;4295.36;6.06342;0;0;0.1;0.01;0;6.2701;0;0;-1
0;710;-10.9571;37.3179;17.2899;8.97727;3030.55;5.3979;0;0;0.1;0.01;0;5.49421;0;0;-1
0;711;-10.0177;52.3601;18.3008;10.1287;4352.61;6.09024;0;0;0.1;0.01;0;6.64202;0;0;-1
0;712;-11.6723;68.4247;18.3689;8.59754;2662.02;5.16958;0;0;0.1;0.01;0;5.20846;0;0;-1
0;713;-11.0518;85.2642;18.6701;8.5;2572.44;5.11093;0;0;0.1;0.01;0;3.73631;1;0;-1
0;714;1.68148;-91.986;17.4346;10.248;4508.23;6.16197;0;0;0.1;0.01;0;3.90736;0;0;-1
0;715;4.58268;-72.2716;15.9829;8.68782;2746.76;5.22386;0;0;0.1;0.01;0;5.15341;0;0;-1
0;716;2.81935;-56.9689;17.3329;8.5;2572.44;5.11093;0;0;0.1;0.01;0;5.54371;1;0;-1
0;717;2.96333;-39.8559;16.6744;9.887;4048.39;5.94491;0;0;0.1;0.01;0;6.58526;0;0;-1
0;718;2.38537;-24.4689;16.4659;8.82136;2875.38;5.30416;0;0;0.1;0.01;0;5.63473;0;0;-1
0;719;4.9745;-8.37419;17.1106;8.57217;2638.52;5.15432;0;0;0.1;0.01;0;4.74373;0;0;-1
0;720;4.17584;9.65097;16.3855;9.89258;4055.25;5.94826;0;0;0.1;0.01;0;4.89181;0;0;-1
0;721;2.15996;28.5077;16.6407;9.95865;4137.04;5.98799;0;0;0.1;0.01;0;6.24766;0;0;-1
0;722;2.5349;46.1891;15.6217;8.5982;2662.63;5.16997;0;0;0.1;0.01;0;5.80309;0;0;-1
0;723;2.66193;63.4048;15.8911;10.4039;4717.12;6.25571;0;0;0.1;0.01;0;6.71466;0;0;-1
0;724;0.993786;77.964;15.9345;8.66392;2724.16;5.20949;0;0;0.1;0.01;0;5.68485;0;0;-1
0;725;4.69723;93.0899;17.7736;8.70908;2766.98;5.23664;0;0;0.1;0.01;0;2.8943;0;0;-1
0;726;17.7774;-82.3819;17.1061;10.0453;4245.97;6.04009;0;0;0.1;0.01;0;5.13072;0;0;-1
0;727;15.8018;-64.414;16.379;8.5;2572.44;5.11093;0;0;0.1;0.01;0;4.94311;1;0;-1
0;728;16.0236;-50.0854;18.3053;9.61978;3728.93;5.78423;0;0;0.1;0.01;0;5.5538;0;0;-1
0;729;18.9349;-33.9824;18.1061;8.5;2572.44;5.11093;0;0;0.1;0.01;0;4.31376;1;0;-1
0;730;18.3549;-17.0082;17.3405;9.30503;3374.75;5.59498;0;0;0.1;0.01;0;5.77452;0;0;-1
0;731;17.4596;2.71785;18.4875;8.54447;2613.03;5.13767;0;0;0.1;0.01;0;4.73991;0;0;-1
0;732;16.5795;21.14;16.2216;9.14026;3198.63;5.49591;0;0;0.1;0.01;0;6.2766;0;0;-1
0;733;16.5148;37.0733;17.4403;8.88866;2941.69;5.34462;0;0;0.1;0.01;0;5.8888;0;0;-1
0;734;19.6643;52.9311;17.696;8.85858;2911.93;5.32654;0;0;0.1;0.01;0;5.17015;0;0;-1
0;735;16.4136;69.7773;17.3836;8.51644;2587.4;5.12081;0;0;0.1;0.01;0;5.15652;0;0;-1
0;736;17.9164;85.6762;16.459;9.17315;3233.29;5.51568;0;0;0.1;0.01;0;3.56724;0;0;-1
0;737;33.1723;-92.4865;15.9366;9.05955;3114.64;5.44738;0;0;0.1;0.01;0;1.68932;0;0;-1
0;738;33.7879;-73.766;16.1041;9.51316;3606.31;5.72013;0;0;0.1;0.01;0;5.47796;0;0;-1
0;739;33.1783;-55.2457;18.0126;9.15668;3215.9;5.50578;0;0;0.1;0.01;0;4.5422;0;0;-1
0;740;33.6492;-39.0254;18.0766;8.5;2572.44;5.11093;0;0;0.1;0.01;0;5.3299;1;0;-1
0;741;31.4396;-24.4823;16.3367;9.37929;3456.2;5.63963;0;0;0.1;0.01;0;6.48281;0;0;-1
0;742;30.7114;-8.06061;18.5927;9.30862;3378.66;5.59714;0;0;0.1;0.01;0;5.49834;0;0;-1
0;743;30.5303;11.5682;17.0197;8.87722;2930.35;5.33774;0;0;0.1;0.01;0;5.13363;0;0;-1
0;744;32.0958;26.8726;16.7649;8.78131;2836.39;5.28007;0;0;0.1;0.01;0;5.40272;0;0;-1
0;745;33.2187;45.7705;16.5221;8.5;2572.44;5.11093;0;0;0.1;0.01;0;5.29041;1;0;-1
0;746;30.4883;63.4351;19.4764;9.08213;3137.99;5.46095;0;0;0.1;0.01;0;6.81733;0;0;-1
0;747;30.6492;77.8157;17.8465;9.25776;3323.58;5.56656;0;0;0.1;0.01;0;5.18409;0;0;-1
0;748;45.3107;-81.2486;16.0898;9.99665;4184.58;6.01084;0;0;0.1;0.01;0;4.70799;0;0;-1
0;749;48.9061;-67.6389;17.0044;8.61752;2680.62;5.18159;0;0;0.1;0.01;0;5.08401;0;0;-1
0;750;47.51;-48.1661;18.5939;8.5;2572.44;5.11093;0;0;0.1;0.01;0;4.60254;1;0;-1
0;751;46.7624;-31.8984;16.6107;9.52674;3621.78;5.72829;0;0;0.1;0.01;0;6.82911;0;0;-1
0;752;46.3603;-15.3192;17.504;9.96599;4146.2;5.99241;0;0;0.1;0.01;0;6.40204;0;0;-1
0;753;46.2073;4.39473;19.4819;9.61473;3723.06;5.7812;0;0;0.1;0.01;0;5.42966;0;0;-1
0;754;48.7887;20.4702;17.3397;9.77667;3914.37;5.87857;0;0;0.1;0.01;0;6.22929;0;0;-1
0;755;46.8587;34.8813;18.9841;8.5;2572.44;5.11093;0;0;0.1;0.01;0;5.2358;1;0;-1
0;756;45.0862;54.0914;16.5888;10.1386;4365.39;6.09619;0;0;0.1;0.01;0;6.57604;0;0;-1
0;757;46.9798;68.9786;17.7818;8.7934;2848.13;5.28734;0;0;0.1;0.01;0;5.04286;0;0;-1
0;758;45.9391;86.0464;19.6709;8.5;2572.44;5.11093;0;0;0.1;0.01;0;1.28341;1;0;-1
0;759;61.2216;-75.4426;17.4912;9.74749;3879.42;5.86102;0;0;0.1;0.01;0;2.82161;0;0;-1
0;760;62.3051;-57.9534;18.1603;8.5;2572.44;5.11093;0;0;0.1;0.01;0;4.94893;1;0;-1
0;761;62.5623;-38.713;16.7031;10.097;4311.87;6.07118;0;0;0.1;0.01;0;7.49596;0;0;-1
0;762;60.4209;-24.2788;16.5104;9.90118;4065.83;5.95344;0;0;0.1;0.01;0;7.5459;0;0;-1
0;763;60.3754;-7.40345;16.7513;8.93108;2984.01;5.37013;0;0;0.1;0.01;0;4.8107;0;0;-1
0;764;62.4589;10.6027;16.9676;9.45392;3539.36;5.6845;0;0;0.1;0.01;0;5.78049;0;0;-1
0;765;61.6854;28.5338;16.4786;10.2254;4478.47;6.14838;0;0;0.1;0.01;0;7.22331;0;0;-1
0;766;61.8668;45.2073;19.0334;8.67367;2733.36;5.21535;0;0;0.1;0.01;0;6.07887;0;0;-1
0;767;62.291;63.6376;19.0474;10.0225;4217.13;6.02638;0;0;0.1;0.01;0;4.83308;0;0;-1
0;768;75.9053;-50.2058;19.5098;8.70096;2759.24;5.23176;0;0;0.1;0.01;0;3.0141;0;0;-1
0;769;76.0471;-33.4787;18.3436;10.0886;4301.12;6.06613;0;0;0.1;0.01;0;6.13394;0;0;-1
0;770;77.619;-16.9533;16.7506;8.5;2572.44;5.11093;0;0;0.1;0.01;0;4.96156;1;0;-1
0;771;74.8832;0.85543;19.4095;8.71841;2775.88;5.24225;0;0;0.1;0.01;0;4.44451;0;0;-1
0;772;76.4894;20.1084;16.1824;9.82373;3971.16;5.90687;0;0;0.1;0.01;0;6.5378;0;0;-1
0;773;74.8217;37.9201;19.0725;10.3722;4674.14;6.23665;0;0;0.1;0.01;0;6.73553;0;0;-1
0;774;76.523;52.4272;18.7536;8.77615;2831.4;5.27697;0;0;0.1;0.01;0;4.58129;0;0;-1
0;775;91.53;-22.0696;18.6415;9.7875;3927.39;5.88508;0;0;0.1;0.01;0;4.34505;0;0;-1
0;776;92.7507;-7.36044;19.9339;8.5;2572.44;5.11093;0;0;0.1;0.01;0;2.6191;1;0;-1
0;777;91.7002;9.3257;16.2222;9.05672;3111.73;5.44567;0;0;0.1;0.01;0;2.52569;0;0;-1
0;778;89.4646;26.8416;17.3914;9.35384;3428.14;5.62433;0;0;0.1;0.01;0;4.07972;0;0;-1
0;779;-93.5853;2.41234;34.5665;8.55786;2625.33;5.14572;0;0;0.1;0.01;0;2.84454;0;0;-1
0;780;-82.0369;-39.7113;31.6338;9.85962;4014.85;5.92845;0;0;0.1;0.01;0;3.15509;0;0;-1
0;781;-79.6849;-25.0896;32.4592;9.32437;3395.84;5.60661;0;0;0.1;0.01;0;4.25141;0;0;-1
0;782;-78.9996;-6.09022;34.0222;9.22038;3283.49;5.54408;0;0;0.1;0.01;0;5.97659;0;0;-1
0;783;-80.1777;10.0438;31.8152;8.73128;2788.19;5.24999;0;0;0.1;0.01;0;4.89385;0;0;-1
0;784;-82.7002;25.8701;30.9237;9.40262;3482.05;5.65366;0;0;0.1;0.01;0;2.74858;0;0;-1
0;785;-79.9014;46.0369;31.3485;8.54151;2610.31;5.13589;0;0;0.1;0.01;0;2.20378;0;0;-1
0;786;-65.9585;-66.8891;33.9555;9.46889;3556.2;5.69351;0;0;0.1;0.01;0;3.41785;0;0;-1
0;787;-66.6258;-47.6778;32.238;9.70994;3834.76;5.83845;0;0;0.1;0.01;0;4.7903;0;0;-1
0;788;-64.301;-30.7699;34.2047;9.95636;4134.19;5.98661;0;0;0.1;0.01;0;6.5573;0;0;-1
0;789;-66.7739;-15.5686;31.0209;8.5;2572.44;5.11093;0;0;0.1;0.01;0;5.95142;1;0;-1
0;790;-65.6085;0.0138827;34.123;8.9441;2997.08;5.37796;0;0;0.1;0.01;0;5.98555;0;0;-1
0;791;-66.5533;18.1316;33.8904;8.5;2572.44;5.11093;0;0;0.1;0.01;0;4.42998;1;0;-1
0;792;-64.4086;35.1684;31.6569;8.58667;2651.94;5.16304;0;0;0.1;0.01;0;4.16644;0;0;-1
0;793;-66.8395;53.0568;33.2014;9.91933;4088.23;5.96435;0;0;0.1;0.01;0;3.57446;0;0;-1
0;794;-53.1863;-73.3235;30.6212;10.1149;4334.84;6.08194;0;0;0.1;0.01;0;4.85213;0;0;-1
0;795;-50.1812;-58.7189;30.9857;9.48167;3570.62;5.70119;0;0;0.1;0.01;0;6.02619;0;0;-1
0;796;-49.838;-38.4026;31.6509;9.72083;3847.68;5.84499;0;0;0.1;0.01;0;6.12877;0;0;-1
0;797;-52.8056;-21.2948;31.1156;8.5;2572.44;5.11093;0;0;0.1;0.01;0;4.91666;1;0;-1
0;798;-52.7053;-7.29118;34.1947;9.66627;3783.25;5.81219;0;0;0.1;0.01;0;4.4788;0;0;-1
0;799;-51.6683;11.8671;31.7807;8.5;2572.44;5.11093;0;0;0.1;0.01;0;4.16012;1;0;-1
0;800;-50.7126;29.4025;32.6096;8.5;2572.44;5.11093;0;0;0.1;0.01;0;5.23718;1;0;-1
0;801;-52.7796;43.3398;33.1239;8.5;2572.44;5.11093;0;0;0.1;0.01;0;5.24035;1;0;-1
0;802;-51.646;60.0687;33.9713;8.5;2572.44;5.11093;0;0;0.1;0.01;0;4.23827;1;0;-1
0;803;-35.6441;-85.399;34.2822;10.1766;4414.65;6.11904;0;0;0.1;0.01;0;3.63577;0;0;-1
0;804;-37.9983;-66.3781;31.2844;8.5;2572.44;5.11093;0;0;0.1;0.01;0;4.56045;1;0;-1
0;805;-37.9483;-47.2916;33.1281;9.74583;3877.44;5.86003;0;0;0.1;0.01;0;5.96643;0;0;-1
0;806;-34.4729;-33.0301;33.0312;10.2533;4515.23;6.16516;0;0;0.1;0.01;0;6.52054;0;0;-1
0;807;-35.1768;-16.2767;32.7108;8.8572;2910.57;5.32571;0;0;0.1;0.01;0;4.12947;0;0;-1
0;808;-35.3376;2.97894;32.2955;8.80953;2863.83;5.29704;0;0;0.1;0.01;0;4.53393;0;0;-1
0;809;-38.3053;17.6744;32.7568;8.96634;3019.49;5.39133;0;0;0.1;0.01;0;4.90173;0;0;-1
0;810;-36.9785;37.944;31.6624;9.65063;3764.92;5.80278;0;0;0.1;0.01;0;6.08324;0;0;-1
0;811;-36.846;52.4724;32.4156;8.9865;3039.91;5.40345;0;0;0.1;0.01;0;5.2226;0;0;-1
0;812;-37.906;69.1948;32.1168;8.5;2572.44;5.11093;0;0;0.1;0.01;0;3.35693;1;0;-1
0;813;-20.9662;-91.0253;34.0189;9.86408;4020.3;5.93113;0;0;0.1;0.01;0;3.76494;0;0;-1
0;814;-22.9265;-74.2984;32.2308;8.5;2572.44;5.11093;0;0;0.1;0.01;0;5.1194;1;0;-1
0;815;-22.833;-57.0537;34.4197;8.61747;2680.57;5.18156;0;0;0.1;0.01;0;4.58665;0;0;-1
0;816;-21.8621;-42.744;31.8884;8.61331;2676.69;5.17906;0;0;0.1;0.01;0;5.67935;0;0;-1
0;817;-20.4288;-21.6613;31.3749;8.5;2572.44;5.11093;0;0;0.1;0.01;0;3.95887;1;0;-1
0;818;-20.9579;-4.75724;34.0479;9.37895;3455.82;5.63943;0;0;0.1;0.01;0;5.89938;0;0;-1
0;819;-21.7892;11.1933;31.6491;8.93559;2988.53;5.37284;0;0;0.1;0.01;0;5.87687;0;0;-1
0;820;-22.9966;29.3677;33.7792;9.49202;3582.32;5.70741;0;0;0.1;0.01;0;5.55569;0;0;-1
0;821;-20.7397;44.2973;33.812;9.19925;3260.96;5.53138;0;0;0.1;0.01;0;6.29394;0;0;-1
0;822;-20.432;59.6997;30.9831;8.65751;2718.11;5.20564;0;0;0.1;0.01;0;5.12081;0;0;-1
0;823;-21.7688;76.7157;32.6721;10.0526;4255.24;6.04448;0;0;0.1;0.01;0;4.7388;0;0;-1
0;824;-6.81832;-81.4828;33.0059;10.2345;4490.44;6.15386;0;0;0.1;0.01;0;5.73677;0;0;-1
0;825;-7.58313;-65.8518;32.0415;9.11861;3175.96;5.48289;0;0;0.1;0.01;0;4.85249;0;0;-1
0;826;-8.80797;-46.9404;30.7967;9.1191;3176.47;5.48318;0;0;0.1;0.01;0;5.15057;0;0;-1
0;827;-5.45907;-32.6262;31.1743;8.5;2572.44;5.11093;0;0;0.1;0.01;0;4.74332;1;0;-1
0;828;-8.84295;-13.1775;31.5865;10.4144;4731.42;6.26203;0;0;0.1;0.01;0;6.59128;0;0;-1
0;829;-7.46492;3.47748;31.947;9.30981;3379.96;5.59785;0;0;0.1;0.01;0;6.08498;0;0;-1
0;830;-6.85306;20.9976;33.6361;10.0649;4270.88;6.05188;0;0;0.1;0.01;0;5.67632;0;0;-1
0;831;-7.47958;37.7947;34.086;9.13604;3194.2;5.49337;0;0;0.1;0.01;0;6.14338;0;0;-1
0;832;-5.85244;51.7234;33.6894;8.5;2572.44;5.11093;0;0;0.1;0.01;0;5.49293;1;0;-1
0;833;-7.2007;69.781;32.4008;8.73803;2794.66;5.25405;0;0;0.1;0.01;0;4.35188;0;0;-1
0;834;-6.77957;88.6487;31.1354;8.56897;2635.57;5.1524;0;0;0.1;0.01;0;2.16843;0;0;-1
0;835;8.24644;-89.4355;34.6639;8.757;2812.9;5.26546;0;0;0.1;0.01;0;3.18303;0;0;-1
0;836;7.70453;-74.4744;32.4973;10.4534;4784.77;6.28548;0;0;0.1;0.01;0;7.03342;0;0;-1
0;837;6.34195;-58.946;31.8179;8.79873;2853.31;5.29055;0;0;0.1;0.01;0;5.10199;0;0;-1
0;838;8.48776;-42.9167;33.201;10.0561;4259.68;6.04659;0;0;0.1;0.01;0;6.75156;0;0;-1
0;839;6.86288;-23.8828;32.7546;8.90408;2957.03;5.35389;0;0;0.1;0.01;0;4.87922;0;0;-1
0;840;7.21385;-6.04503;33.7268;9.87605;4034.95;5.93833;0;0;0.1;0.01;0;6.05128;0;0;-1
0;841;5.65062;8.78975;34.3855;9.10205;3158.68;5.47293;0;0;0.1;0.01;0;4.74232;0;0;-1
0;842;8.33709;27.8185;31.0459;9.25309;3318.55;5.56375;0;0;0.1;0.01;0;5.15908;0;0;-1
0;843;6.78996;42.8918;30.5881;10.1876;4428.99;6.12566;0;0;0.1;0.01;0;6.42048;0;0;-1
0;844;8.63615;61.5735;30.898;8.68436;2743.48;5.22178;0;0;0.1;0.01;0;4.75682;0;0;-1
0;845;9.11856;78.9329;31.9042;9.46328;3549.88;5.69013;0;0;0.1;0.01;0;4.70628;0;0;-1
0;846;23.144;-82.6637;33.8537;9.93443;4106.93;5.97343;0;0;0.1;0.01;0;4.76756;0;0;-1
0;847;22.649;-67.9639;33.0054;9.85623;4010.71;5.92641;0;0;0.1;0.01;0;5.40295;0;0;-1
0;848;23.8656;-47.737;33.3868;8.90151;2954.47;5.35235;0;0;0.1;0.01;0;5.89467;0;0;-1
0;849;21.1374;-32.2865;32.4682;10.1635;4397.63;6.11117;0;0;0.1;0.01;0;7.03892;0;0;-1
0;850;22.1173;-14.0037;32.2147;10.1553;4386.99;6.10623;0;0;0.1;0.01;0;6.79614;0;0;-1
0;851;22.3359;0.481773;30.9409;8.92445;2977.37;5.36614;0;0;0.1;0.01;0;5.12673;0;0;-1
0;852;23.0079;19.3369;30.4823;9.06881;3124.2;5.45294;0;0;0.1;0.01;0;4.82354;0;0;-1
0;853;22.1091;37.5583;33.9867;9.3486;3422.38;5.62118;0;0;0.1;0.01;0;5.73527;0;0;-1
0;854;23.7966;51.389;32.5695;9.90615;4071.96;5.95642;0;0;0.1;0.01;0;6.81307;0;0;-1
0;855;22.3261;68.7563;31.0006;8.75237;2808.44;5.26267;0;0;0.1;0.01;0;5.90353;0;0;-1
0;856;20.8538;89.3908;34.2234;9.34689;3420.5;5.62015;0;0;0.1;0.01;0;1.60259;0;0;-1
0;857;35.784;-74.7229;32.7963;8.5;2572.44;5.11093;0;0;0.1;0.01;0;3.42651;1;0;-1
0;858;37.1888;-55.0851;32.8419;9.55435;3653.36;5.74489;0;0;0.1;0.01;0;5.76127;0;0;-1
0;859;35.5721;-38.4167;30.893;8.5;2572.44;5.11093;0;0;0.1;0.01;0;5.30847;1;0;-1
0;860;37.4977;-21.9794;32.1832;8.5;2572.44;5.11093;0;0;0.1;0.01;0;4.75402;1;0;-1
0;861;35.8993;-4.81122;33.2066;9.17157;3231.62;5.51473;0;0;0.1;0.01;0;5.7253;0;0;-1
0;862;38.741;9.35532;32.4853;8.59517;2659.82;5.16815;0;0;0.1;0.01;0;4.91383;0;0;-1
0;863;38.1027;25.5625;32.9986;9.81869;3965.06;5.90384;0;0;0.1;0.01;0;5.59315;0;0;-1
0;864;38.3505;43.1672;33.094;9.76301;3897.98;5.87036;0;0;0.1;0.01;0;6.01935;0;0;-1
0;865;35.3789;61.8615;33.7032;9.76121;3895.83;5.86927;0;0;0.1;0.01;0;6.62546;0;0;-1
0;866;36.8532;77.2521;32.1627;10.0224;4217;6.02632;0;0;0.1;0.01;0;5.23567;0;0;-1
0;867;52.8281;-64.6644;31.9336;9.06145;3116.6;5.44852;0;0;0.1;0.01;0;3.97321;0;0;-1
0;868;53.168;-49.3363;32.1236;9.43641;3519.73;5.67398;0;0;0.1;0.01;0;5.65595;0;0;-1
0;869;52.0686;-33.3872;32.4073;9.52844;3623.71;5.72931;0;0;0.1;0.01;0;6.13974;0;0;-1
0;870;51.5479;-17.3171;31.5967;9.93219;4104.15;5.97208;0;0;0.1;0.01;0;6.32009;0;0;-1
0;871;53.2135;0.915734;33.8725;10.0205;4214.6;6.02518;0;0;0.1;0.01;0;6.86786;0;0;-1
0;872;52.4642;17.8217;33.3887;8.9672;3020.36;5.39185;0;0;0.1;0.01;0;6.01767;0;0;-1
0;873;53.4736;38.1461;32.2435;8.9671;3020.26;5.39179;0;0;0.1;0.01;0;6.03776;0;0;-1
0;874;53.2628;53.1799;33.323;9.60563;3712.5;5.77573;0;0;0.1;0.01;0;6.96843;0;0;-1
0;875;51.4233;68.332;32.4193;9.14929;3208.12;5.50134;0;0;0.1;0.01;0;4.86836;0;0;-1
0;876;67.2602;-58.0717;32.4258;8.83388;2887.64;5.31168;0;0;0.1;0.01;0;3.29108;0;0;-1
0;877;67.6947;-38.6012;31.5534;9.31078;3381.01;5.59844;0;0;0.1;0.01;0;5.34676;0;0;-1
0;878;66.3863;-21.8173;31.9646;9.12977;3187.63;5.4896;0;0;0.1;0.01;0;5.27297;0;0;-1
0;879;66.9437;-4.76818;32.6234;9.85842;4013.38;5.92772;0;0;0.1;0.01;0;5.72608;0;0;-1
0;880;67.2109;10.3579;32.9716;8.94914;3002.15;5.38099;0;0;0.1;0.01;0;6.5516;0;0;-1
0;881;66.2083;28.011;33.7828;8.61621;2679.4;5.1808;0;0;0.1;0.01;0;5.82151;0;0;-1
0;882;67.3174;45.6464;31.0881;9.11558;3172.79;5.48107;0;0;0.1;0.01;0;6.46559;0;0;-1
0;883;67.0139;59.5019;32.081;9.87652;4035.53;5.93861;0;0;0.1;0.01;0;4.75346;0;0;-1
0;884;79.9415;-30.2592;33.8269;9.91075;4077.63;5.95919;0;0;0.1;0.01;0;4.3997;0;0;-1
0;885;80.1754;-15.9647;30.7235;8.8039;2858.34;5.29366;0;0;0.1;0.01;0;4.50605;0;0;-1
0;886;79.6579;3.68676;33.5496;10.0827;4293.58;6.06258;0;0;0.1;0.01;0;4.94819;0;0;-1
0;887;80.7177;19.7019;34.1946;8.73611;2792.82;5.2529;0;0;0.1;0.01;0;3.84839;0;0;-1
0;888;80.5435;33.6392;31.9244;8.98096;3034.29;5.40012;0;0;0.1;0.01;0;4.2572;0;0;-1
0;889;-86.354;-6.4449;47.2328;9.7781;3916.08;5.87943;0;0;0.1;0.01;0;3.24471;0;0;-1
0;890;-85.6616;9.85683;47.7991;10.4049;4718.48;6.25632;0;0;0.1;0.01;0;3.02205;0;0;-1
0;891;-69.0183;-49.9832;48.7949;10.4318;4755.17;6.27249;0;0;0.1;0.01;0;2.8806;0;0;-1
0;892;-69.3895;-33.7458;47.9869;8.5;2572.44;5.11093;0;0;0.1;0.01;0;4.0937;1;0;-1
0;893;-69.3635;-13.3661;47.6979;9.91875;4087.52;5.964;0;0;0.1;0.01;0;5.72586;0;0;-1
0;894;-71.5205;0.839813;46.7801;8.91111;2964.04;5.35812;0;0;0.1;0.01;0;5.62225;0;0;-1
0;895;-68.567;18.038;47.056;8.75571;2811.66;5.26468;0;0;0.1;0.01;0;3.93443;0;0;-1
0;896;-70.5807;36.4593;49.3648;9.25688;3322.63;5.56603;0;0;0.1;0.01;0;1.7235;0;0;-1
0;897;-56.6392;-59.6044;46.1532;8.92538;2978.3;5.3667;0;0;0.1;0.01;0;4.102;0;0;-1
0;898;-57.0566;-39.1319;47.6009;9.30218;3371.65;5.59327;0;0;0.1;0.01;0;5.77879;0;0;-1
0;899;-57.0488;-23.266;47.2582;8.5;2572.44;5.11093;0;0;0.1;0.01;0;5.45222;1;0;-1
0;900;-56.826;-6.91247;48.806;9.56046;3660.37;5.74857;0;0;0.1;0.01;0;5.9046;0;0;-1
0;901;-54.5952;12.7536;45.9845;8.6949;2753.48;5.22812;0;0;0.1;0.01;0;4.4195;0;0;-1
0;902;-57.7025;29.7384;45.9863;8.5;2572.44;5.11093;0;0;0.1;0.01;0;4.65779;1;0;-1
0;903;-56.3022;45.942;47.0287;8.5;2572.44;5.11093;0;0;0.1;0.01;0;4.45889;1;0;-1
0;904;-54.441;61.3027;46.4152;8.73256;2789.42;5.25076;0;0;0.1;0.01;0;3.49877;0;0;-1
0;905;-40.6519;-64.3903;45.876;8.77308;2828.43;5.27513;0;0;0.1;0.01;0;3.66437;0;0;-1
0;906;-40.405;-50.5772;48.2067;9.14813;3206.9;5.50064;0;0;0.1;0.01;0;5.16033;0;0;-1
0;907;-43.1983;-30.0709;46.0958;10.1709;4407.24;6.11561;0;0;0.1;0.01;0;6.05392;0;0;-1
0;908;-41.5107;-14.2973;49.0741;8.5;2572.44;5.11093;0;0;0.1;0.01;0;4.98727;1;0;-1
0;909;-41.6374;0.772311;49.2611;8.65928;2719.78;5.2067;0;0;0.1;0.01;0;4.59901;0;0;-1
0;910;-42.0966;16.7771;48.2707;10.2808;4551.66;6.1817;0;0;0.1;0.01;0;5.92359;0;0;-1
0;911;-42.3294;35.8758;45.2341;8.59133;2656.26;5.16584;0;0;0.1;0.01;0;4.94947;0;0;-1
0;912;-41.2214;53.2416;48.9014;10.1348;4360.48;6.09391;0;0;0.1;0.01;0;6.53528;0;0;-1
0;913;-42.4856;69.7178;48.0971;9.85071;4003.97;5.92309;0;0;0.1;0.01;0;4.23795;0;0;-1
0;914;-27.8256;-76.7444;46.7385;9.0812;3137.03;5.46039;0;0;0.1;0.01;0;2.96301;0;0;-1
0;915;-26.172;-55.5087;48.3127;8.59395;2658.69;5.16742;0;0;0.1;0.01;0;5.99495;0;0;-1
0;916;-27.6871;-41.4912;46.527;9.63897;3751.29;5.79577;0;0;0.1;0.01;0;7.57737;0;0;-1
0;917;-28.0302;-24.257;49.4396;8.5;2572.44;5.11093;0;0;0.1;0.01;0;4.80395;1;0;-1
0;918;-25.7002;-8.79414;47.3246;8.5;2572.44;5.11093;0;0;0.1;0.01;0;4.63638;1;0;-1
0;919;-26.6739;12.0292;46.5373;9.92574;4096.16;5.9682;0;0;0.1;0.01;0;5.77858;0;0;-1
0;920;-26.9586;29.5849;48.5539;10.2075;4454.99;6.13762;0;0;0.1;0.01;0;7.0639;0;0;-1
0;921;-26.3524;45.1521;48.8351;9.22863;3292.31;5.54904;0;0;0.1;0.01;0;6.11864;0;0;-1
0;922;-25.8911;60.8811;46.519;10.3198;4603.65;6.20515;0;0;0.1;0.01;0;6.87244;0;0;-1
0;923;-25.5702;79.3366;48.4979;9.1597;3219.08;5.50759;0;0;0.1;0.01;0;3.17614;0;0;-1
0;924;-12.3613;-80.789;46.0166;8.874;2927.16;5.33581;0;0;0.1;0.01;0;3.07169;0;0;-1
0;925;-11.8858;-64.6863;47.9577;8.62741;2689.86;5.18754;0;0;0.1;0.01;0;4.45739;0;0;-1
0;926;-13.4945;-47.9716;46.5726;10.3686;4669.27;6.23449;0;0;0.1;0.01;0;7.51986;0;0;-1
0;927;-12.6924;-33.5679;49.1078;10.005;4195.08;6.01586;0;0;0.1;0.01;0;5.88086;0;0;-1
0;928;-11.4145;-13.8843;48.6934;9.93402;4106.42;5.97318;0;0;0.1;0.01;0;6.77214;0;0;-1
0;929;-11.0343;0.268454;46.1092;9.49154;3581.78;5.70713;0;0;0.1;0.01;0;6.65079;0;0;-1
0;930;-13.1771;19.511;47.8666;10.0132;4205.4;6.02079;0;0;0.1;0.01;0;6.25803;0;0;-1
0;931;-11.2548;37.0955;49.0547;8.84922;2902.71;5.32091;0;0;0.1;0.01;0;6.45183;0;0;-1
0;932;-12.2039;52.5402;48.7854;9.02879;3083.03;5.42888;0;0;0.1;0.01;0;7.21022;0;0;-1
0;933;-11.7502;69.7909;48.0788;10.1432;4371.33;6.09896;0;0;0.1;0.01;0;5.86795;0;0;-1
0;934;-12.8172;86.6147;47.9934;8.5;2572.44;5.11093;0;0;0.1;0.01;0;1.66604;1;0;-1
0;935;2.05613;-73.1401;45.8821;8.5;2572.44;5.11093;0;0;0.1;0.01;0;4.91224;1;0;-1
0;936;1.61383;-59.4343;46.6243;8.99434;3047.87;5.40817;0;0;0.1;0.01;0;5.60781;0;0;-1
0;937;2.35354;-42.2797;46.9566;9.40872;3488.83;5.65733;0;0;0.1;0.01;0;5.65151;0;0;-1
0;938;1.44742;-22.4097;48.5131;9.3869;3464.62;5.64421;0;0;0.1;0.01;0;5.82084;0;0;-1
0;939;4.30781;-5.38952;49.0457;9.50215;3593.8;5.7135;0;0;0.1;0.01;0;6.81407;0;0;-1
0;940;3.22421;8.86439;49.2417;9.40384;3483.41;5.65439;0;0;0.1;0.01;0;5.80885;0;0;-1
0;941;1.82565;29.6374;47.3208;8.5;2572.44;5.11093;0;0;0.1;0.01;0;5.05104;1;0;-1
0;942;1.08525;45.5443;47.5999;8.53776;2606.88;5.13363;0;0;0.1;0.01;0;6.17231;0;0;-1
0;943;1.48966;60.6201;45.6701;9.03964;3094.15;5.4354;0;0;0.1;0.01;0;5.43656;0;0;-1
0;944;4.934;79.7261;48.6588;10.1102;4328.8;6.07912;0;0;0.1;0.01;0;3.0057;0;0;-1
0;945;18.928;-84.475;48.8895;8.82496;2878.9;5.30632;0;0;0.1;0.01;0;1.95568;0;0;-1
0;946;18.2813;-65.9308;46.71;9.13393;3191.99;5.4921;0;0;0.1;0.01;0;4.69411;0;0;-1
0;947;16.931;-49.4152;46.294;8.5;2572.44;5.11093;0;0;0.1;0.01;0;4.61286;1;0;-1
0;948;19.3931;-34.3997;45.9292;10.2763;4545.68;6.17899;0;0;0.1;0.01;0;6.56801;0;0;-1
0;949;16.1465;-14.8579;48.4576;9.22523;3288.67;5.547;0;0;0.1;0.01;0;6.34219;0;0;-1
0;950;18.7766;1.80818;48.5202;8.50641;2578.26;5.11478;0;0;0.1;0.01;0;5.65851;0;0;-1
0;951;17.393;17.4859;46.7731;9.55479;3653.86;5.74516;0;0;0.1;0.01;0;5.23392;0;0;-1
0;952;16.0223;36.3948;49.0173;8.5;2572.44;5.11093;0;0;0.1;0.01;0;4.95197;1;0;-1
0;953;19.2407;50.8493;45.5647;9.03341;3087.76;5.43166;0;0;0.1;0.01;0;5.1097;0;0;-1
0;954;17.416;71.0976;46.7919;9.52319;3617.73;5.72616;0;0;0.1;0.01;0;4.5433;0;0;-1
0;955;33.2084;-74.2758;48.7905;8.9766;3029.87;5.3975;0;0;0.1;0.01;0;3.24434;0;0;-1
0;956;33.115;-57.1332;47.8294;9.60965;3717.16;5.77814;0;0;0.1;0.01;0;6.04774;0;0;-1
0;957;33.4751;-39.2152;45.8193;9.85133;4004.73;5.92346;0;0;0.1;0.01;0;6.54207;0;0;-1
0;958;30.7945;-22.5154;46.1783;9.98303;4167.5;6.00265;0;0;0.1;0.01;0;6.38887;0;0;-1
0;959;31.9795;-5.04259;47.773;9.48791;3577.67;5.70494;0;0;0.1;0.01;0;5.83412;0;0;-1
0;960;33.2564;12.0625;47.6423;9.44032;3524.1;5.67633;0;0;0.1;0.01;0;5.47776;0;0;-1
0;961;30.6856;25.7855;46.9798;9.75134;3884.02;5.86334;0;0;0.1;0.01;0;6.52757;0;0;-1
0;962;32.7079;43.2077;48.5167;8.95476;3007.81;5.38437;0;0;0.1;0.01;0;6.11524;0;0;-1
0;963;31.8858;59.3301;48.6155;9.99243;4179.28;6.0083;0;0;0.1;0.01;0;6.93124;0;0;-1
0;964;30.9339;76.2522;47.6986;9.44588;3530.33;5.67967;0;0;0.1;0.01;0;4.12564;0;0;-1
0;965;45.9662;-63.7032;46.5732;8.50235;2574.57;5.11234;0;0;0.1;0.01;0;3.3083;0;0;-1
0;966;46.1773;-47.4734;47.569;10.2055;4452.37;6.13642;0;0;0.1;0.01;0;6.42949;0;0;-1
0;967;47.6517;-31.464;46.2922;8.5;2572.44;5.11093;0;0;0.1;0.01;0;5.04249;1;0;-1
0;968;45.2264;-13.9413;49.0304;9.26855;3335.22;5.57304;0;0;0.1;0.01;0;5.88872;0;0;-1
0;969;45.8993;-0.224672;45.3758;8.5;2572.44;5.11093;0;0;0.1;0.01;0;5.34642;1;0;-1
0;970;47.7166;20.7867;46.8811;10.0206;4214.73;6.02524;0;0;0.1;0.01;0;7.16605;0;0;-1
0;971;45.3046;36.6189;48.587;9.44979;3534.72;5.68202;0;0;0.1;0.01;0;6.80114;0;0;-1
0;972;46.4713;54.7673;49.106;9.69619;3818.49;5.83018;0;0;0.1;0.01;0;5.88063;0;0;-1
0;973;45.6627;72.0072;48.4196;9.86394;4020.13;5.93104;0;0;0.1;0.01;0;3.3426;0;0;-1
0;974;63.7029;-58.7669;46.4829;8.74716;2803.43;5.25954;0;0;0.1;0.01;0;2.38163;0;0;-1
0;975;62.0116;-42.3763;47.6494;9.36522;3440.67;5.63117;0;0;0.1;0.01;0;5.04841;0;0;-1
0;976;59.8945;-24.0712;48.522;8.5;2572.44;5.11093;0;0;0.1;0.01;0;4.85998;1;0;-1
0;977;63.6085;-8.69728;46.8161;10.1425;4370.42;6.09854;0;0;0.1;0.01;0;6.67312;0;0;-1
0;978;60.6633;8.13316;47.151;9.86993;4027.46;5.93465;0;0;0.1;0.01;0;6.38278;0;0;-1
0;979;61.5216;26.8114;46.1102;9.90075;4065.3;5.95318;0;0;0.1;0.01;0;6.42729;0;0;-1
0;980;60.1728;43.6487;46.0417;10.1384;4365.13;6.09607;0;0;0.1;0.01;0;6.24424;0;0;-1
0;981;61.1673;61.004;46.9984;9.12844;3186.24;5.4888;0;0;0.1;0.01;0;3.7599;0;0;-1
0;982;77.2938;-30.3703;48.6414;8.61289;2676.3;5.17881;0;0;0.1;0.01;0;2.62377;0;0;-1
0;983;77.129;-17.1012;47.7303;8.5;2572.44;5.11093;0;0;0.1;0.01;0;3.16237;1;0;-1
0;984;75.5651;1.83043;46.5473;9.84126;3992.46;5.91741;0;0;0.1;0.01;0;5.04747;0;0;-1
0;985;78.6888;17.3414;48.7991;10.0526;4255.24;6.04448;0;0;0.1;0.01;0;4.18525;0;0;-1
0;986;75.2837;34.6952;45.9234;10.2898;4563.62;6.18711;0;0;0.1;0.01;0;4.40709;0;0;-1
0;987;-65.6107;-30.2876;62.2674;8.57744;2643.39;5.15749;0;0;0.1;0.01;0;3.43765;0;0;-1
0;988;-66.5763;-15.4228;63.5532;8.87947;2932.58;5.3391;0;0;0.1;0.01;0;3.54099;0;0;-1
0;989;-66.6897;0.5479;61.3367;8.52153;2592.04;5.12387;0;0;0.1;0.01;0;3.48049;0;0;-1
0;990;-66.153;19.5112;63.9344;9.60852;3715.85;5.77746;0;0;0.1;0.01;0;3.35499;0;0;-1
0;991;-51.8186;-58.4792;60.4527;9.06277;3117.97;5.44931;0;0;0.1;0.01;0;2.1382;0;0;-1
0;992;-51.419;-38.7596;63.624;10.4312;4754.35;6.27213;0;0;0.1;0.01;0;5.19887;0;0;-1
0;993;-50.746;-24.5019;63.302;8.99047;3043.94;5.40584;0;0;0.1;0.01;0;6.41243;0;0;-1
0;994;-52.7049;-8.79152;61.3413;8.75928;2815.1;5.26683;0;0;0.1;0.01;0;4.57269;0;0;-1
0;995;-53.4869;10.3277;61.6488;10.3467;4639.75;6.22132;0;0;0.1;0.01;0;5.60392;0;0;-1
0;996;-53.0231;27.1226;62.1059;8.5119;2583.26;5.11808;0;0;0.1;0.01;0;4.04295;0;0;-1
0;997;-51.752;46.5205;61.8049;9.49673;3587.66;5.71025;0;0;0.1;0.01;0;3.02813;0;0;-1
0;998;-36.372;-47.5604;60.5196;9.31429;3384.84;5.60055;0;0;0.1;0.01;0;6.18612;0;0;-1
0;999;-36.9143;-33.1677;64.1616;8.56914;2635.73;5.1525;0;0;0.1;0.01;0;5.89309;0;0;-1
0;1000;-35.4707;-15.6551;62.6731;9.77893;3917.08;5.87993;0;0;0.1;0.01;0;6.61984;0;0;-1
0;1001;-36.1678;1.45907;63.964;8.73934;2795.92;5.25484;0;0;0.1;0.01;0;4.87662;0;0;-1
0;1002;-35.0679;19.5898;62.2214;8.80965;2863.94;5.29711;0;0;0.1;0.01;0;5.88852;0;0;-1
0;1003;-35.2253;37.0897;60.6605;9.96828;4149.06;5.99378;0;0;0.1;0.01;0;6.29352;0;0;-1
0;1004;-38.305;52.2582;63.8429;9.47991;3568.63;5.70013;0;0;0.1;0.01;0;3.94447;0;0;-1
0;1005;-38.3154;67.9571;60.6957;9.61487;3723.22;5.78128;0;0;0.1;0.01;0;3.18396;0;0;-1
0;1006;-21.3172;-73.2358;63.7623;8.5;2572.44;5.11093;0;0;0.1;0.01;0;1.7132;1;0;-1
0;1007;-23.295;-57.0299;62.2447;10.4;4711.82;6.25337;0;0;0.1;0.01;0;6.18498;0;0;-1
0;1008;-22.2419;-40.8638;61.3922;10.2717;4539.58;6.17622;0;0;0.1;0.01;0;8.02915;0;0;-1
0;1009;-21.3026;-22.7347;63.6583;8.53442;2603.82;5.13162;0;0;0.1;0.01;0;6.24448;0;0;-1
0;1010;-21.9763;-5.56683;62.1266;10.3597;4657.26;6.22914;0;0;0.1;0.01;0;6.43877;0;0;-1
0;1011;-22.1217;10.5168;60.8553;8.5;2572.44;5.11093;0;0;0.1;0.01;0;3.6329;1;0;-1
0;1012;-23.7875;26.8072;63.5251;9.01866;3072.66;5.42279;0;0;0.1;0.01;0;4.69316;0;0;-1
0;1013;-22.407;44.4767;62.8093;9.87176;4029.7;5.93575;0;0;0.1;0.01;0;6.77268;0;0;-1
0;1014;-21.8328;59.6994;60.1742;8.81698;2871.1;5.30152;0;0;0.1;0.01;0;5.43862;0;0;-1
0;1015;-7.87545;-67.6932;60.3435;8.52518;2595.37;5.12607;0;0;0.1;0.01;0;3.89152;0;0;-1
0;1016;-7.87091;-47.7033;63.133;10.2311;4485.96;6.15181;0;0;0.1;0.01;0;6.71337;0;0;-1
0;1017;-5.5626;-29.884;63.3987;9.05885;3113.92;5.44696;0;0;0.1;0.01;0;6.5756;0;0;-1
0;1018;-6.85253;-15.3332;60.9688;8.54701;2615.36;5.13919;0;0;0.1;0.01;0;6.62744;0;0;-1
0;1019;-8.7858;0.619499;60.7674;8.5;2572.44;5.11093;0;0;0.1;0.01;0;4.7143;1;0;-1
0;1020;-6.95506;20.8322;60.3849;8.92528;2978.2;5.36664;0;0;0.1;0.01;0;4.61548;0;0;-1
0;1021;-8.8349;36.0122;63.5785;9.68264;3802.51;5.82203;0;0;0.1;0.01;0;7.04833;0;0;-1
0;1022;-6.47289;52.1438;61.0276;9.64341;3756.48;5.79844;0;0;0.1;0.01;0;7.58171;0;0;-1
0;1023;-7.43528;67.6676;60.8776;10.3052;4584.14;6.19637;0;0;0.1;0.01;0;4.93554;0;0;-1
0;1024;5.31584;-73.775;61.9494;8.5;2572.44;5.11093;0;0;0.1;0.01;0;2.23671;1;0;-1
0;1025;6.8751;-57.4066;62.3026;10.176;4413.87;6.11868;0;0;0.1;0.01;0;5.81628;0;0;-1
0;1026;7.74117;-39.3513;61.0321;8.5;2572.44;5.11093;0;0;0.1;0.01;0;4.55251;1;0;-1
0;1027;6.38183;-22.6899;62.345;9.92312;4092.92;5.96663;0;0;0.1;0.01;0;6.7123;0;0;-1
0;1028;9.17444;-6.37508;62.4697;10.2402;4497.94;6.15728;0;0;0.1;0.01;0;6.85776;0;0;-1
0;1029;8.78118;12.1955;62.2479;8.66534;2725.5;5.21034;0;0;0.1;0.01;0;4.78861;0;0;-1
0;1030;7.91642;26.3237;63.4108;8.5;2572.44;5.11093;0;0;0.1;0.01;0;5.49487;1;0;-1
0;1031;7.42223;42.0727;60.0841;10.2988;4575.6;6.19252;0;0;0.1;0.01;0;6.63451;0;0;-1
0;1032;6.6385;63.0845;63.2908;9.3194;3390.41;5.60362;0;0;0.1;0.01;0;4.62278;0;0;-1
0;1033;21.3045;-63.8651;60.9524;8.5;2572.44;5.11093;0;0;0.1;0.01;0;3.70144;1;0;-1
0;1034;23.2561;-50.296;61.9495;8.5;2572.44;5.11093;0;0;0.1;0.01;0;4.43523;1;0;-1
0;1035;20.9384;-32.3626;61.0341;8.5;2572.44;5.11093;0;0;0.1;0.01;0;3.8329;1;0;-1
0;1036;24.2167;-12.6683;60.3676;8.5;2572.44;5.11093;0;0;0.1;0.01;0;5.40681;1;0;-1
0;1037;20.6122;2.95105;61.7845;8.5;2572.44;5.11093;0;0;0.1;0.01;0;5.06542;1;0;-1
0;1038;23.082;19.7979;63.733;10.3275;4613.96;6.20978;0;0;0.1;0.01;0;7.34225;0;0;-1
0;1039;21.9245;37.8394;63.1491;8.70203;2760.26;5.2324;0;0;0.1;0.01;0;5.68843;0;0;-1
0;1040;21.5765;53.159;60.4259;8.5;2572.44;5.11093;0;0;0.1;0.01;0;5.29654;1;0;-1
0;1041;22.1342;69.1063;61.3878;9.0674;3122.75;5.4521;0;0;0.1;0.01;0;3.39262;0;0;-1
0;1042;34.6679;-59.73;63.5355;8.5;2572.44;5.11093;0;0;0.1;0.01;0;2.17456;1;0;-1
0;1043;36.1547;-39.3437;62.5753;9.23923;3303.66;5.55541;0;0;0.1;0.01;0;4.51155;0;0;-1
0;1044;38.182;-22.812;61.8916;8.81792;2872.02;5.30209;0;0;0.1;0.01;0;4.89399;0;0;-1
0;1045;35.7959;-5.05695;62.6091;8.95321;3006.25;5.38344;0;0;0.1;0.01;0;4.80319;0;0;-1
0;1046;38.2693;12.288;61.3825;9.45337;3538.74;5.68417;0;0;0.1;0.01;0;5.64839;0;0;-1
0;1047;37.9501;26.2072;60.2519;8.5;2572.44;5.11093;0;0;0.1;0.01;0;6.73287;1;0;-1
0;1048;35.5209;43.3596;63.5177;9.23679;3301.05;5.55395;0;0;0.1;0.01;0;5.62877;0;0;-1
0;1049;38.6601;60.4748;63.3827;9.72555;3853.28;5.84783;0;0;0.1;0.01;0;3.94804;0;0;-1
0;1050;53.4569;-48.7353;61.746;9.52246;3616.9;5.72572;0;0;0.1;0.01;0;3.22326;0;0;-1
0;1051;50.365;-33.3925;60.8843;8.5;2572.44;5.11093;0;0;0.1;0.01;0;4.87422;1;0;-1
0;1052;51.0243;-15.2816;62.1384;9.58171;3684.83;5.76134;0;0;0.1;0.01;0;5.69701;0;0;-1
0;1053;50.0366;0.797184;62.6935;8.5;2572.44;5.11093;0;0;0.1;0.01;0;4.12894;1;0;-1
0;1054;50.5499;20.7002;60.9311;8.5;2572.44;5.11093;0;0;0.1;0.01;0;5.7226;1;0;-1
0;1055;50.8685;34.8025;61.8182;9.8158;3961.56;5.9021;0;0;0.1;0.01;0;6.01787;0;0;-1
0;1056;53.6954;53.0085;62.7359;10.1404;4367.71;6.09728;0;0;0.1;0.01;0;3.14197;0;0;-1
0;1057;67.0762;-40.8576;60.8949;10.4293;4751.76;6.27099;0;0;0.1;0.01;0;2.85252;0;0;-1
0;1058;64.4576;-21.5174;62.1464;8.5;2572.44;5.11093;0;0;0.1;0.01;0;2.95658;1;0;-1
0;1059;64.4449;-5.43894;61.873;8.5;2572.44;5.11093;0;0;0.1;0.01;0;4.08012;1;0;-1
0;1060;66.7712;9.19706;60.657;9.7064;3830.57;5.83632;0;0;0.1;0.01;0;3.28686;0;0;-1
0;1061;65.1751;25.0315;60.1639;8.80062;2855.15;5.29169;0;0;0.1;0.01;0;2.81921;0;0;-1
0;1062;-54.4204;-23.7678;75.981;9.34551;3418.99;5.61932;0;0;0.1;0.01;0;3.60446;0;0;-1
0;1063;-56.5096;-4.7008;78.7087;8.5;2572.44;5.11093;0;0;0.1;0.01;0;1.66245;1;0;-1
0;1064;-54.9441;10.6831;76.2467;9.32397;3395.4;5.60637;0;0;0.1;0.01;0;3.90543;0;0;-1
0;1065;-56.4404;29.7245;75.0171;10.447;4775.99;6.28163;0;0;0.1;0.01;0;3.2351;0;0;-1
0;1066;-40.0297;-48.9626;77.0249;8.5;2572.44;5.11093;0;0;0.1;0.01;0;2.24783;1;0;-1
0;1067;-42.2521;-30.8005;77.7871;8.79456;2849.25;5.28804;0;0;0.1;0.01;0;4.75065;0;0;-1
0;1068;-40.3974;-15.9271;75.0974;9.98709;4172.59;6.00509;0;0;0.1;0.01;0;6.54569;0;0;-1
0;1069;-40.4553;2.87079;77.9464;9.51488;3608.27;5.72116;0;0;0.1;0.01;0;5.73093;0;0;-1
0;1070;-41.6319;17.7803;74.6455;8.54694;2615.29;5.13915;0;0;0.1;0.01;0;5.55082;0;0;-1
0;1071;-39.3213;33.6823;76.4743;9.87209;4030.1;5.93594;0;0;0.1;0.01;0;4.14426;0;0;-1
0;1072;-24.393;-55.16;76.9422;9.73996;3870.44;5.8565;0;0;0.1;0.01;0;3.46804;0;0;-1
0;1073;-26.2772;-40.8474;74.9509;9.02504;3079.19;5.42663;0;0;0.1;0.01;0;5.50566;0;0;-1
0;1074;-27.4698;-23.156;76.5299;10.0637;4269.35;6.05116;0;0;0.1;0.01;0;7.01421;0;0;-1
0;1075;-27.2516;-4.51914;77.9;9.34698;3420.6;5.6202;0;0;0.1;0.01;0;6.54951;0;0;-1
0;1076;-24.9804;12.2885;77.0422;9.04555;3100.23;5.43896;0;0;0.1;0.01;0;5.77403;0;0;-1
0;1077;-25.789;26.5324;77.3028;9.31413;3384.66;5.60045;0;0;0.1;0.01;0;5.89736;0;0;-1
0;1078;-25.3411;43.7274;77.765;9.28589;3353.97;5.58347;0;0;0.1;0.01;0;3.80706;0;0;-1
0;1079;-10.0663;-47.8096;76.401;8.80812;2862.45;5.29619;0;0;0.1;0.01;0;4.92378;0;0;-1
0;1080;-12.4529;-31.1431;76.4171;10.2266;4480.05;6.14911;0;0;0.1;0.01;0;7.47856;0;0;-1
0;1081;-12.8033;-16.1729;74.6099;9.40462;3484.27;5.65486;0;0;0.1;0.01;0;7.35082;0;0;-1
0;1082;-13.5653;0.327124;78.5003;10.2202;4471.64;6.14526;0;0;0.1;0.01;0;6.5944;0;0;-1
0;1083;-11.4847;20.5769;78.3191;8.95194;3004.97;5.38267;0;0;0.1;0.01;0;5.81087;0;0;-1
0;1084;-10.885;36.5071;76.7769;10.0821;4292.81;6.06222;0;0;0.1;0.01;0;7.27576;0;0;-1
0;1085;-11.992;51.5974;76.3127;9.93362;4105.93;5.97294;0;0;0.1;0.01;0;4.78204;0;0;-1
0;1086;3.54402;-58.8477;76.6011;10.3992;4710.73;6.25289;0;0;0.1;0.01;0;3.37119;0;0;-1
0;1087;1.37788;-42.2301;78.4827;8.5;2572.44;5.11093;0;0;0.1;0.01;0;4.97578;1;0;-1
0;1088;4.76864;-23.2434;76.332;10.0445;4244.96;6.03961;0;0;0.1;0.01;0;6.8074;0;0;-1
0;1089;1.29836;-7.59486;78.2476;9.92445;4094.57;5.96743;0;0;0.1;0.01;0;6.26815;0;0;-1
0;1090;3.27343;11.4151;77.6348;8.90179;2954.75;5.35252;0;0;0.1;0.01;0;4.53999;0;0;-1
0;1091;1.5043;27.3575;77.7772;9.65841;3774.03;5.80746;0;0;0.1;0.01;0;7.23866;0;0;-1
0;1092;2.54184;42.4944;76.4665;10.3015;4579.2;6.19414;0;0;0.1;0.01;0;6.33639;0;0;-1
0;1093;4.04469;61.3712;76.5687;9.70352;3827.16;5.83459;0;0;0.1;0.01;0;3.29131;0;0;-1
0;1094;16.474;-49.5981;74.9918;8.82222;2876.22;5.30467;0;0;0.1;0.01;0;3.5143;0;0;-1
0;1095;17.4693;-30.7372;77.8423;9.94785;4123.6;5.9815;0;0;0.1;0.01;0;6.04403;0;0;-1
0;1096;18.4975;-13.1199;74.6078;9.11763;3174.93;5.4823;0;0;0.1;0.01;0;6.14175;0;0;-1
0;1097;16.7228;3.34131;76.3038;8.78297;2838;5.28107;0;0;0.1;0.01;0;5.25294;0;0;-1
0;1098;18.4092;20.1294;76.7545;8.5;2572.44;5.11093;0;0;0.1;0.01;0;5.81208;1;0;-1
0;1099;18.6021;33.9803;76.0126;10.0972;4312.13;6.0713;0;0;0.1;0.01;0;7.30719;0;0;-1
0;1100;18.5667;54.4261;76.1421;9.59276;3697.6;5.76799;0;0;0.1;0.01;0;3.6025;0;0;-1
0;1101;32.5531;-40.2008;76.4333;10.1849;4425.47;6.12403;0;0;0.1;0.01;0;3.81281;0;0;-1
0;1102;31.2491;-22.9451;78.5512;10.1291;4353.13;6.09048;0;0;0.1;0.01;0;5.58385;0;0;-1
0;1103;31.1847;-5.98549;77.3422;8.5572;2624.72;5.14532;0;0;0.1;0.01;0;5.20078;0;0;-1
0;1104;32.3728;11.7453;76.1722;9.07028;3125.72;5.45383;0;0;0.1;0.01;0;4.46389;0;0;-1
0;1105;34.5161;28.4106;76.6502;10.3011;4578.67;6.1939;0;0;0.1;0.01;0;5.87499;0;0;-1
0;1106;30.9532;46.4973;78.1612;10.3268;4613.03;6.20935;0;0;0.1;0.01;0;4.16909;0;0;-1
0;1107;49.0862;-30.3944;78.6691;9.26179;3327.92;5.56898;0;0;0.1;0.01;0;1.68996;0;0;-1
0;1108;45.4481;-13.8832;75.3104;8.5304;2600.14;5.12921;0;0;0.1;0.01;0;4.76188;0;0;-1
0;1109;47.4433;0.401426;77.9826;8.55106;2619.08;5.14163;0;0;0.1;0.01;0;3.45407;0;0;-1
0;1110;48.3208;20.0378;74.9232;9.58572;3689.46;5.76375;0;0;0.1;0.01;0;3.87018;0;0;-1
0;1111;49.0111;36.2381;77.4604;8.5;2572.44;5.11093;0;0;0.1;0.01;0;2.34164;1;0;-1
0;1112;60.4366;-6.1091;78.4387;8.5;2572.44;5.11093;0;0;0.1;0.01;0;1.59669;1;0;-1
0;1113;-36.2715;-15.733;89.6376;9.8315;3980.59;5.91154;0;0;0.1;0.01;0;4.24555;0;0;-1
0;1114;-36.4121;1.56962;91.2366;8.5;2572.44;5.11093;0;0;0.1;0.01;0;3.92223;1;0;-1
0;1115;-38.4492;16.9526;89.8869;10.0141;4206.53;6.02133;0;0;0.1;0.01;0;3.76917;0;0;-1
0;1116;-21.1037;-24.4697;90.0497;10.4526;4783.67;6.285;0;0;0.1;0.01;0;4.94785;0;0;-1
0;1117;-23.4175;-6.36313;93.0733;10.0382;4236.98;6.03582;0;0;0.1;0.01;0;4.54067;0;0;-1
0;1118;-22.7331;11.6932;89.7639;8.5;2572.44;5.11093;0;0;0.1;0.01;0;4.56495;1;0;-1
0;1119;-21.6276;27.6354;93.3739;10.1704;4406.59;6.11531;0;0;0.1;0.01;0;3.63793;0;0;-1
0;1120;-7.47923;-31.4733;90.7927;9.99572;4183.41;6.01028;0;0;0.1;0.01;0;4.74536;0;0;-1
0;1121;-8.53363;-14.0107;89.4471;9.49792;3589.01;5.71096;0;0;0.1;0.01;0;6.43254;0;0;-1
0;1122;-6.5151;1.18058;92.6584;9.92513;4095.41;5.96784;0;0;0.1;0.01;0;5.31325;0;0;-1
0;1123;-5.80804;19.1313;93.3218;10.3778;4681.71;6.24002;0;0;0.1;0.01;0;5.37694;0;0;-1
0;1124;-7.61365;35.0393;92.3547;8.5;2572.44;5.11093;0;0;0.1;0.01;0;3.71074;1;0;-1
0;1125;5.41939;-38.5709;92.1452;8.64182;2703.36;5.1962;0;0;0.1;0.01;0;2.77243;0;0;-1
0;1126;6.63401;-23.366;92.119;9.97299;4154.94;5.99661;0;0;0.1;0.01;0;4.85921;0;0;-1
0;1127;7.32496;-5.0424;91.6116;9.76217;3896.98;5.86985;0;0;0.1;0.01;0;4.3695;0;0;-1
0;1128;6.66628;10.8038;91.2141;9.29955;3368.79;5.59168;0;0;0.1;0.01;0;4.12317;0;0;-1
0;1129;6.09906;28.7487;90.0562;9.47028;3557.76;5.69434;0;0;0.1;0.01;0;5.3348;0;0;-1
0;1130;23.7587;-31.9714;89.8575;8.5;2572.44;5.11093;0;0;0.1;0.01;0;2.94989;1;0;-1
0;1131;20.7093;-13.4741;89.3542;8.96289;3016.01;5.38926;0;0;0.1;0.01;0;4.82248;0;0;-1
0;1132;22.7953;0.119653;90.163;8.56343;2630.46;5.14907;0;0;0.1;0.01;0;3.47021;0;0;-1
0;1133;20.0061;20.8173;90.9627;8.88242;2935.5;5.34087;0;0;0.1;0.01;0;3.25299;0;0;-1
0;1134;20.8894;36.7159;90.3457;8.61361;2676.97;5.17924;0;0;0.1;0.01;0;2.71881;0;0;-1
0;1135;37.3222;-7.80846;89.7313;9.767;3902.76;5.87276;0;0;0.1;0.01;0;3.63759;0;0;-1
0;1136;35.4255;9.725;91.1655;8.5238;2594.11;5.12524;0;0;0.1;0.01;0;1.9632;0;0;-1
