Time;ID;x;y;z;radius;volume_total;radius_nuclear;contact_ECM;freezer;polarized_fraction;motility;cell_line;Cell_cell;phase;Cycle;NFkB
0;0;-51.3202;-4.61399;-83.4217;8.5;2572.44;5.11093;0;0;0.1;0.01;0;2.64571;1;0;-1
0;1;-37.4342;-33.3438;-84.6856;9.8791;4038.69;5.94016;0;0;0.1;0.01;0;2.67572;0;0;-1
0;2;-37.6588;-13.8278;-86.4872;8.5;2572.44;5.11093;0;0;0.1;0.01;0;2.65115;1;0;-1
0;3;-38.5112;0.472052;-85.5906;8.93259;2985.53;5.37104;0;0;0.1;0.01;0;2.49589;0;0;-1
0;4;-35.489;20.6088;-84.3368;10.0373;4235.84;6.03528;0;0;0.1;0.01;0;3.05482;0;0;-1
0;5;-21.7997;-40.6331;-87.2603;9.31441;3384.97;5.60062;0;0;0.1;0.01;0;2.80632;0;0;-1
0;6;-20.5467;-22.3983;-85.9321;8.72424;2781.45;5.24576;0;0;0.1;0.01;0;4.23917;0;0;-1
0;7;-21.0307;-8.41716;-84.5108;8.68751;2746.47;5.22367;0;0;0.1;0.01;0;4.10711;0;0;-1
0;8;-20.3066;10.7145;-85.9757;8.9461;2999.09;5.37916;0;0;0.1;0.01;0;3.39465;0;0;-1
0;9;-22.3002;28.759;-84.0061;9.1147;3171.87;5.48054;0;0;0.1;0.01;0;3.81338;0;0;-1
0;10;-8.84221;-49.3362;-83.4142;10.3831;4688.89;6.24321;0;0;0.1;0.01;0;3.60937;0;0;-1
0;11;-7.09835;-30.7521;-87.1624;9.25676;3322.5;5.56596;0;0;0.1;0.01;0;4.75316;0;0;-1
0;12;-6.80734;-16.6189;-86.2479;8.92614;2979.06;5.36716;0;0;0.1;0.01;0;5.07898;0;0;-1
0;13;-6.59166;0.141651;-85.513;10.1914;4433.94;6.12794;0;0;0.1;0.01;0;5.02082;0;0;-1
0;14;-7.56754;20.03;-83.762;10.1998;4444.92;6.13299;0;0;0.1;0.01;0;5.0069;0;0;-1
0;15;-7.67691;38.2909;-83.9365;9.71243;3837.71;5.83994;0;0;0.1;0.01;0;3.32046;0;0;-1
0;16;7.44457;-40.87;-85.9474;10.0896;4302.4;6.06673;0;0;0.1;0.01;0;4.84805;0;0;-1
0;17;6.40619;-24.2355;-83.4876;10.0954;4309.82;6.07022;0;0;0.1;0.01;0;6.03701;0;0;-1
0;18;8.72715;-6.01876;-85.8377;8.76963;2825.09;5.27305;0;0;0.1;0.01;0;3.89294;0;0;-1
0;19;6.4777;10.9342;-86.7576;8.73724;2793.9;5.25358;0;0;0.1;0.01;0;2.66828;0;0;-1
0;20;7.75401;27.7522;-87.3901;8.84193;2895.54;5.31652;0;0;0.1;0.01;0;3.18416;0;0;-1
0;21;8.87845;45.3806;-83.5745;10.2972;4573.47;6.19156;0;0;0.1;0.01;0;3.80242;0;0;-1
0;22;20.2448;-49.1535;-84.4968;9.44966;3534.57;5.68194;0;0;0.1;0.01;0;3.23401;0;0;-1
0;23;23.3372;-34.0343;-86.6681;10.0918;4305.21;6.06805;0;0;0.1;0.01;0;5.12269;0;0;-1
0;24;20.6112;-15.7279;-84.9697;8.5;2572.44;5.11093;0;0;0.1;0.01;0;3.28077;1;0;-1
0;25;22.4781;3.45245;-86.8697;8.58914;2654.22;5.16453;0;0;0.1;0.01;0;3.58995;0;0;-1
0;26;23.6318;20.3924;-84.4812;8.88816;2941.2;5.34432;0;0;0.1;0.01;0;4.47821;0;0;-1
0;27;23.5459;37.7409;-84.8653;9.8457;3997.87;5.92008;0;0;0.1;0.01;0;3.69324;0;0;-1
0;28;36.3558;-40.1925;-83.6471;9.99562;4183.29;6.01022;0;0;0.1;0.01;0;3.76949;0;0;-1
0;29;35.4713;-25.545;-86.1226;8.5;2572.44;5.11093;0;0;0.1;0.01;0;3.01658;1;0;-1
0;30;37.2076;-5.59773;-85.3033;10.2046;4451.19;6.13588;0;0;0.1;0.01;0;2.52853;0;0;-1
0;31;36.5618;10.8585;-83.9695;10.2277;4481.49;6.14977;0;0;0.1;0.01;0;3.93866;0;0;-1
0;32;37.5876;26.9802;-83.9271;10.0868;4298.82;6.06505;0;0;0.1;0.01;0;4.35838;0;0;-1
0;33;-70.5273;-14.7632;-69.3739;9.3986;3477.59;5.65124;0;0;0.1;0.01;0;2.28104;0;0;-1
0;34;-57.8114;-39.4473;-71.3414;9.97762;4160.73;5.9994;0;0;0.1;0.01;0;3.1067;0;0;-1
0;35;-56.6647;-25.1896;-72.4943;9.30194;3371.39;5.59312;0;0;0.1;0.01;0;3.99617;0;0;-1
0;36;-54.7629;-8.89941;-70.8529;8.5;2572.44;5.11093;0;0;0.1;0.01;0;4.50343;1;0;-1
0;37;-56.2929;9.85786;-69.7925;10.3383;4628.45;6.21627;0;0;0.1;0.01;0;3.50665;0;0;-1
0;38;-57.7899;28.4729;-71.5045;8.5;2572.44;5.11093;0;0;0.1;0.01;0;2.15701;1;0;-1
0;39;-54.6525;46.9027;-68.5803;9.52835;3623.61;5.72926;0;0;0.1;0.01;0;3.24001;0;0;-1
0;40;-41.5479;-51.3139;-72.6778;9.08313;3139.03;5.46155;0;0;0.1;0.01;0;2.11149;0;0;-1
0;41;-41.3956;-30.4533;-70.9871;9.44447;3528.75;5.67882;0;0;0.1;0.01;0;5.73767;0;0;-1
0;42;-42.2305;-16.6226;-69.6724;10.4347;4759.14;6.27423;0;0;0.1;0.01;0;6.85586;0;0;-1
0;43;-39.4123;1.73269;-69.0953;8.5;2572.44;5.11093;0;0;0.1;0.01;0;4.2218;1;0;-1
0;44;-42.3636;16.7605;-69.0672;8.5;2572.44;5.11093;0;0;0.1;0.01;0;5.51239;1;0;-1
0;45;-42.4241;34.2492;-69.8656;9.48534;3574.76;5.7034;0;0;0.1;0.01;0;5.21168;0;0;-1
0;46;-41.2121;53.4672;-69.4132;8.5;2572.44;5.11093;0;0;0.1;0.01;0;3.80389;1;0;-1
0;47;-26.5808;-57.1965;-70.3578;8.69547;2754.02;5.22846;0;0;0.1;0.01;0;4.02579;0;0;-1
0;48;-28.5618;-42.5904;-68.4902;10.4235;4743.83;6.2675;0;0;0.1;0.01;0;6.38758;0;0;-1
0;49;-26.2516;-24.7439;-70.6807;8.78999;2844.81;5.28529;0;0;0.1;0.01;0;5.81325;0;0;-1
0;50;-24.7287;-8.81182;-71.8632;8.5;2572.44;5.11093;0;0;0.1;0.01;0;4.47417;1;0;-1
0;51;-26.8792;11.1056;-69.6518;9.33999;3412.93;5.616;0;0;0.1;0.01;0;5.35094;0;0;-1
0;52;-26.0026;26.9251;-69.2393;10.0291;4225.46;6.03035;0;0;0.1;0.01;0;6.56898;0;0;-1
0;53;-27.6115;43.7345;-70.6736;9.33376;3406.11;5.61225;0;0;0.1;0.01;0;4.5997;0;0;-1
0;54;-27.1649;62.1957;-69.8076;9.79464;3935.99;5.88937;0;0;0.1;0.01;0;3.73874;0;0;-1
0;55;-13.5686;-63.85;-69.0151;9.87774;4037.02;5.93934;0;0;0.1;0.01;0;4.04082;0;0;-1
0;56;-13.8256;-48.1377;-68.335;8.5;2572.44;5.11093;0;0;0.1;0.01;0;5.72065;1;0;-1
0;57;-11.3432;-31.185;-72.6115;8.91585;2968.77;5.36097;0;0;0.1;0.01;0;5.09839;0;0;-1
0;58;-12.6982;-15.0515;-70.9658;9.29638;3365.35;5.58978;0;0;0.1;0.01;0;6.58929;0;0;-1
0;59;-9.95307;1.96495;-71.7766;9.45092;3535.99;5.6827;0;0;0.1;0.01;0;5.80912;0;0;-1
0;60;-11.649;16.588;-70.151;8.82064;2874.68;5.30372;0;0;0.1;0.01;0;5.34632;0;0;-1
0;61;-11.8837;36.6286;-70.9318;9.09843;3154.92;5.47075;0;0;0.1;0.01;0;4.64966;0;0;-1
0;62;-10.7486;55.08;-70.3609;9.75011;3882.55;5.8626;0;0;0.1;0.01;0;3.31257;0;0;-1
0;63;2.18137;-56.2455;-69.0665;9.01971;3073.73;5.42342;0;0;0.1;0.01;0;4.73735;0;0;-1
0;64;3.94358;-40.1488;-72.0464;8.76763;2823.16;5.27185;0;0;0.1;0.01;0;5.19998;0;0;-1
0;65;2.71717;-22.9006;-68.5014;10.2393;4496.76;6.15674;0;0;0.1;0.01;0;7.07154;0;0;-1
0;66;4.34165;-7.97943;-72.0192;9.90275;4067.77;5.95438;0;0;0.1;0.01;0;6.59477;0;0;-1
0;67;2.35154;10.1685;-69.2189;8.5;2572.44;5.11093;0;0;0.1;0.01;0;4.96718;1;0;-1
0;68;4.4031;26.7919;-69.694;8.5;2572.44;5.11093;0;0;0.1;0.01;0;4.49041;1;0;-1
0;69;4.43662;45.7955;-70.5451;9.40266;3482.1;5.65368;0;0;0.1;0.01;0;6.07138;0;0;-1
0;70;3.50794;63.7159;-70.1489;9.87208;4030.09;5.93594;0;0;0.1;0.01;0;3.4539;0;0;-1
0;71;16.3322;-66.2682;-69.8962;9.33398;3406.35;5.61239;0;0;0.1;0.01;0;2.89257;0;0;-1
0;72;15.9683;-47.1679;-70.9255;8.71329;2770.99;5.23917;0;0;0.1;0.01;0;4.7522;0;0;-1
0;73;19.26;-30.2074;-70.8773;10.2304;4485.04;6.15139;0;0;0.1;0.01;0;6.89006;0;0;-1
0;74;16.4059;-14.0915;-69.2231;8.5;2572.44;5.11093;0;0;0.1;0.01;0;6.69844;1;0;-1
0;75;16.9952;1.22316;-71.3288;9.24351;3308.26;5.55799;0;0;0.1;0.01;0;5.44079;0;0;-1
0;76;16.0039;18.2078;-69.2033;8.72477;2781.96;5.24608;0;0;0.1;0.01;0;4.98914;0;0;-1
0;77;17.3089;35.4406;-70.6374;9.03495;3089.34;5.43258;0;0;0.1;0.01;0;5.49;0;0;-1
0;78;19.4548;55.0747;-70.2789;10.194;4437.34;6.1295;0;0;0.1;0.01;0;4.067;0;0;-1
0;79;31.083;-57.7969;-69.4707;8.5;2572.44;5.11093;0;0;0.1;0.01;0;3.35948;1;0;-1
0;80;31.7667;-38.5271;-68.4299;9.87873;4038.24;5.93994;0;0;0.1;0.01;0;6.27475;0;0;-1
0;81;32.0154;-21.826;-69.6519;8.5;2572.44;5.11093;0;0;0.1;0.01;0;4.93366;1;0;-1
0;82;33.3339;-6.34254;-68.8065;9.53103;3626.67;5.73087;0;0;0.1;0.01;0;5.56968;0;0;-1
0;83;30.5723;12.4418;-71.2985;9.73152;3860.39;5.85142;0;0;0.1;0.01;0;6.4536;0;0;-1
0;84;33.6213;28.6041;-68.5228;10.0382;4236.98;6.03582;0;0;0.1;0.01;0;6.88869;0;0;-1
0;85;34.0073;43.7448;-71.9728;8.5;2572.44;5.11093;0;0;0.1;0.01;0;4.23475;1;0;-1
0;86;46.3649;-51.2919;-68.9106;9.61922;3728.28;5.7839;0;0;0.1;0.01;0;2.75988;0;0;-1
0;87;45.9813;-30.4847;-71.9458;9.01313;3067.01;5.41946;0;0;0.1;0.01;0;4.33419;0;0;-1
0;88;47.5556;-13.4211;-71.9998;9.9526;4129.51;5.98435;0;0;0.1;0.01;0;4.86375;0;0;-1
0;89;45.3321;1.65191;-69.0596;8.5;2572.44;5.11093;0;0;0.1;0.01;0;5.76221;1;0;-1
0;90;47.3068;17.128;-68.9489;10.3912;4699.87;6.24808;0;0;0.1;0.01;0;6.38539;0;0;-1
0;91;48.97;36.8821;-71.953;10.2103;4458.66;6.13931;0;0;0.1;0.01;0;3.53474;0;0;-1
0;92;46.7049;54.1085;-69.0035;8.5;2572.44;5.11093;0;0;0.1;0.01;0;2.53644;1;0;-1
0;93;60.0232;-25.6667;-72.0487;10.0688;4275.84;6.05422;0;0;0.1;0.01;0;2.75178;0;0;-1
0;94;62.5674;-5.6094;-71.9228;8.73835;2794.97;5.25424;0;0;0.1;0.01;0;2.33435;0;0;-1
0;95;61.3301;9.87385;-68.8402;9.81409;3959.49;5.90107;0;0;0.1;0.01;0;3.63439;0;0;-1
0;96;-80.3936;-8.31103;-55.4092;9.69228;3813.88;5.82783;0;0;0.1;0.01;0;2.96211;0;0;-1
0;97;-80.1277;12.459;-54.3328;8.7296;2786.58;5.24898;0;0;0.1;0.01;0;2.61224;0;0;-1
0;98;-65.7594;-48.4235;-54.2777;10.1245;4347.2;6.08771;0;0;0.1;0.01;0;4.67984;0;0;-1
0;99;-67.7012;-33.8786;-55.411;8.95215;3005.18;5.3828;0;0;0.1;0.01;0;3.30564;0;0;-1
0;100;-65.5543;-12.6476;-56.3793;8.50736;2579.13;5.11535;0;0;0.1;0.01;0;4.00118;0;0;-1
0;101;-64.6001;1.7351;-53.9638;9.72048;3847.26;5.84478;0;0;0.1;0.01;0;5.33458;0;0;-1
0;102;-68.012;19.6473;-57.7786;8.68328;2742.46;5.22113;0;0;0.1;0.01;0;3.53433;0;0;-1
0;103;-66.4434;35.4406;-55.548;8.5;2572.44;5.11093;0;0;0.1;0.01;0;3.49292;1;0;-1
0;104;-52.2503;-59.346;-54.8747;9.7421;3872.99;5.85778;0;0;0.1;0.01;0;4.05935;0;0;-1
0;105;-52.9132;-42.3684;-57.5568;8.54632;2614.73;5.13878;0;0;0.1;0.01;0;4.59312;0;0;-1
0;106;-51.3215;-24.6973;-57.8035;8.5;2572.44;5.11093;0;0;0.1;0.01;0;4.56931;1;0;-1
0;107;-49.8613;-4.79409;-57.1192;9.83619;3986.29;5.91436;0;0;0.1;0.01;0;6.42164;0;0;-1
0;108;-51.7465;12.0411;-54.3853;9.7551;3888.52;5.8656;0;0;0.1;0.01;0;7.0608;0;0;-1
0;109;-51.0316;27.8566;-57.8111;10.3779;4681.85;6.24008;0;0;0.1;0.01;0;6.92873;0;0;-1
0;110;-52.1436;44.8072;-54.0104;9.75705;3890.85;5.86677;0;0;0.1;0.01;0;6.19869;0;0;-1
0;111;-50.5765;59.7306;-54.4338;10.0947;4308.92;6.0698;0;0;0.1;0.01;0;5.15132;0;0;-1
0;112;-38.6577;-66.5841;-56.3459;9.78686;3926.62;5.8847;0;0;0.1;0.01;0;4.10294;0;0;-1
0;113;-38.3709;-51.0459;-54.5666;9.22818;3291.83;5.54877;0;0;0.1;0.01;0;5.19173;0;0;-1
0;114;-36.5521;-31.2293;-56.2483;9.62245;3732.03;5.78584;0;0;0.1;0.01;0;6.18251;0;0;-1
0;115;-36.525;-14.8568;-55.7947;10.2702;4537.59;6.17532;0;0;0.1;0.01;0;6.8168;0;0;-1
0;116;-37.7521;2.43749;-54.3774;8.98033;3033.65;5.39974;0;0;0.1;0.01;0;5.52342;0;0;-1
0;117;-36.0771;20.9947;-57.0199;10.2728;4541.04;6.17689;0;0;0.1;0.01;0;7.54024;0;0;-1
0;118;-35.2017;36.6501;-55.067;8.75833;2814.18;5.26626;0;0;0.1;0.01;0;6.65494;0;0;-1
0;119;-36.9965;51.2804;-56.5072;10.0445;4244.96;6.03961;0;0;0.1;0.01;0;6.94461;0;0;-1
0;120;-35.9259;70.312;-57.9302;10.4064;4720.52;6.25722;0;0;0.1;0.01;0;4.27296;0;0;-1
0;121;-23.9324;-76.0249;-57.3278;9.56038;3660.28;5.74852;0;0;0.1;0.01;0;3.14433;0;0;-1
0;122;-21.8304;-56.2133;-56.4062;9.42137;3502.92;5.66493;0;0;0.1;0.01;0;6.51168;0;0;-1
0;123;-21.0929;-40.4607;-54.8459;10.0066;4197.09;6.01682;0;0;0.1;0.01;0;6.98349;0;0;-1
0;124;-23.6231;-22.5385;-56.7406;9.91108;4078.04;5.95939;0;0;0.1;0.01;0;6.87638;0;0;-1
0;125;-21.5845;-7.15081;-56.341;8.98657;3039.98;5.40349;0;0;0.1;0.01;0;5.63065;0;0;-1
0;126;-22.4057;9.00085;-55.9858;9.44496;3529.3;5.67912;0;0;0.1;0.01;0;4.80186;0;0;-1
0;127;-21.4013;25.6006;-55.5848;8.61865;2681.68;5.18227;0;0;0.1;0.01;0;5.26589;0;0;-1
0;128;-21.783;42.3089;-56.7014;8.5;2572.44;5.11093;0;0;0.1;0.01;0;5.12182;1;0;-1
0;129;-22.1131;63.2073;-54.4592;10.3642;4663.33;6.23184;0;0;0.1;0.01;0;7.13653;0;0;-1
0;130;-22.0266;77.9764;-57.0156;9.14647;3205.16;5.49964;0;0;0.1;0.01;0;3.52668;0;0;-1
0;131;-9.28283;-80.7865;-56.0049;8.5;2572.44;5.11093;0;0;0.1;0.01;0;2.46997;1;0;-1
0;132;-5.76703;-65.6725;-55.7458;9.0412;3095.76;5.43634;0;0;0.1;0.01;0;4.74722;0;0;-1
0;133;-6.23438;-47.1118;-55.1199;9.62786;3738.33;5.78909;0;0;0.1;0.01;0;5.88196;0;0;-1
0;134;-8.77216;-29.9184;-54.6162;9.80216;3945.06;5.8939;0;0;0.1;0.01;0;5.57571;0;0;-1
0;135;-8.94524;-14.1385;-55.4237;8.61231;2675.76;5.17846;0;0;0.1;0.01;0;5.84062;0;0;-1
0;136;-7.06881;0.369805;-56.7154;8.5;2572.44;5.11093;0;0;0.1;0.01;0;5.3385;1;0;-1
0;137;-5.92364;20.9934;-55.151;10.3787;4682.93;6.24056;0;0;0.1;0.01;0;6.33232;0;0;-1
0;138;-8.24029;36.9525;-55.4903;10.3709;4672.38;6.23587;0;0;0.1;0.01;0;6.41074;0;0;-1
0;139;-5.83095;54.9378;-55.1072;10.4463;4775.03;6.28121;0;0;0.1;0.01;0;6.18338;0;0;-1
0;140;-8.71868;70.3304;-55.136;8.9171;2970.02;5.36172;0;0;0.1;0.01;0;3.30186;0;0;-1
0;141;8.98362;-74.3211;-56.8999;8.95921;3012.3;5.38704;0;0;0.1;0.01;0;3.46845;0;0;-1
0;142;6.85922;-58.0812;-56.2101;9.9375;4110.74;5.97527;0;0;0.1;0.01;0;6.12587;0;0;-1
0;143;7.34217;-41.7026;-54.9336;8.5;2572.44;5.11093;0;0;0.1;0.01;0;4.38006;1;0;-1
0;144;9.40388;-22.7164;-56.6022;9.348;3421.72;5.62082;0;0;0.1;0.01;0;6.49593;0;0;-1
0;145;6.03092;-8.01958;-56.8628;9.37777;3454.52;5.63872;0;0;0.1;0.01;0;6.47338;0;0;-1
0;146;5.61126;9.72198;-55.2393;8.95394;3006.98;5.38387;0;0;0.1;0.01;0;4.27907;0;0;-1
0;147;8.445;27.7517;-53.9529;10.1128;4332.14;6.08068;0;0;0.1;0.01;0;6.67547;0;0;-1
0;148;8.53594;44.9758;-55.9736;10.2821;4553.38;6.18248;0;0;0.1;0.01;0;7.63826;0;0;-1
0;149;8.84355;59.8448;-57.7152;8.76315;2818.83;5.26915;0;0;0.1;0.01;0;5.80997;0;0;-1
0;150;8.5682;79.8435;-54.3434;9.33081;3402.88;5.61048;0;0;0.1;0.01;0;2.80692;0;0;-1
0;151;22.2766;-64.2588;-56.6575;9.79249;3933.4;5.88808;0;0;0.1;0.01;0;4.96801;0;0;-1
0;152;24.1796;-49.9873;-53.7208;8.97699;3030.27;5.39773;0;0;0.1;0.01;0;5.40006;0;0;-1
0;153;20.2902;-32.6159;-55.289;9.10775;3164.62;5.47636;0;0;0.1;0.01;0;5.15431;0;0;-1
0;154;20.52;-12.7149;-57.3687;9.31056;3380.77;5.5983;0;0;0.1;0.01;0;6.01007;0;0;-1
0;155;23.6285;1.42234;-56.4447;9.29185;3360.43;5.58705;0;0;0.1;0.01;0;5.68007;0;0;-1
0;156;23.7535;20.6592;-55.7389;10.1452;4373.92;6.10016;0;0;0.1;0.01;0;6.42727;0;0;-1
0;157;22.6859;38.2439;-56.2098;10.0929;4306.62;6.06871;0;0;0.1;0.01;0;7.04054;0;0;-1
0;158;22.9278;54.3754;-53.979;10.4336;4757.64;6.27357;0;0;0.1;0.01;0;7.09836;0;0;-1
0;159;22.0554;70.565;-57.6917;9.08793;3144.01;5.46444;0;0;0.1;0.01;0;2.47127;0;0;-1
0;160;38.5719;-56.0284;-56.4266;9.06067;3115.8;5.44805;0;0;0.1;0.01;0;4.55299;0;0;-1
0;161;34.9368;-38.3558;-54.7198;8.60039;2664.67;5.17129;0;0;0.1;0.01;0;5.32581;0;0;-1
0;162;38.523;-25.1043;-56.4565;9.04343;3098.05;5.43768;0;0;0.1;0.01;0;5.60381;0;0;-1
0;163;37.2051;-5.69199;-54.8336;8.57831;2644.2;5.15801;0;0;0.1;0.01;0;5.96506;0;0;-1
0;164;38.4596;8.33402;-55.4124;9.23354;3297.56;5.55199;0;0;0.1;0.01;0;6.9654;0;0;-1
0;165;38.869;25.4349;-54.6087;9.85015;4003.29;5.92275;0;0;0.1;0.01;0;6.32802;0;0;-1
0;166;36.7859;46.1512;-56.6478;9.17439;3234.6;5.51643;0;0;0.1;0.01;0;5.85603;0;0;-1
0;167;36.3644;60.7342;-54.1132;8.5;2572.44;5.11093;0;0;0.1;0.01;0;4.54195;1;0;-1
0;168;52.8838;-50.9595;-56.0599;8.97539;3028.65;5.39677;0;0;0.1;0.01;0;3.28688;0;0;-1
0;169;52.0667;-31.0897;-54.1352;9.95776;4135.93;5.98746;0;0;0.1;0.01;0;5.73108;0;0;-1
0;170;52.9083;-15.0619;-54.3759;8.5;2572.44;5.11093;0;0;0.1;0.01;0;5.22844;1;0;-1
0;171;52.2496;0.0394557;-54.3866;9.99184;4178.54;6.00795;0;0;0.1;0.01;0;7.51563;0;0;-1
0;172;51.1907;18.0883;-56.04;9.0008;3054.44;5.41205;0;0;0.1;0.01;0;6.79199;0;0;-1
0;173;52.9424;34.0729;-55.7674;9.24176;3306.38;5.55694;0;0;0.1;0.01;0;5.31149;0;0;-1
0;174;52.6964;55.2605;-56.5056;10.1122;4331.37;6.08032;0;0;0.1;0.01;0;4.26989;0;0;-1
0;175;64.6174;-40.8733;-56.6704;9.03274;3087.07;5.43126;0;0;0.1;0.01;0;2.99508;0;0;-1
0;176;67.2843;-25.0836;-56.1098;9.38578;3463.38;5.64353;0;0;0.1;0.01;0;4.42046;0;0;-1
0;177;67.7701;-4.49585;-55.1305;8.5;2572.44;5.11093;0;0;0.1;0.01;0;5.14;1;0;-1
0;178;65.8304;11.9947;-53.8052;9.54477;3642.38;5.73913;0;0;0.1;0.01;0;5.87435;0;0;-1
0;179;66.0108;26.6436;-55.2786;8.5;2572.44;5.11093;0;0;0.1;0.01;0;3.88983;1;0;-1
0;180;64.7673;46.0631;-54.3234;9.81335;3958.59;5.90062;0;0;0.1;0.01;0;3.3963;0;0;-1
0;181;79.7145;-16.8491;-56.757;10.1836;4423.77;6.12325;0;0;0.1;0.01;0;2.82806;0;0;-1
0;182;82.2207;1.12008;-54.4714;8.92226;2975.18;5.36483;0;0;0.1;0.01;0;2.82756;0;0;-1
0;183;-87.514;-21.662;-40.6305;9.37018;3446.14;5.63415;0;0;0.1;0.01;0;3.14601;0;0;-1
0;184;-84.1178;-8.17205;-40.1236;10.0307;4227.49;6.03131;0;0;0.1;0.01;0;5.21966;0;0;-1
0;185;-86.3093;12.3501;-39.6259;9.63572;3747.5;5.79382;0;0;0.1;0.01;0;4.43993;0;0;-1
0;186;-86.6589;29.338;-39.2272;9.84885;4001.71;5.92197;0;0;0.1;0.01;0;3.004;0;0;-1
0;187;-70.1804;-48.0431;-39.64;8.5;2572.44;5.11093;0;0;0.1;0.01;0;4.05695;1;0;-1
0;188;-72.1218;-33.9459;-41.5631;10.2288;4482.94;6.15043;0;0;0.1;0.01;0;5.02565;0;0;-1
0;189;-71.5925;-14.5698;-41.63;8.5;2572.44;5.11093;0;0;0.1;0.01;0;5.38723;1;0;-1
0;190;-72.6789;3.61667;-40.9314;10.2704;4537.86;6.17544;0;0;0.1;0.01;0;7.38599;0;0;-1
0;191;-70.5079;19.0727;-42.0642;9.73679;3866.66;5.85459;0;0;0.1;0.01;0;6.2408;0;0;-1
0;192;-69.986;37.0817;-42.9172;9.92192;4091.44;5.96591;0;0;0.1;0.01;0;5.68406;0;0;-1
0;193;-72.6582;51.39;-41.104;9.59208;3696.81;5.76758;0;0;0.1;0.01;0;3.09362;0;0;-1
0;194;-56.9532;-59.2024;-39.9322;10.3288;4615.71;6.21056;0;0;0.1;0.01;0;5.24961;0;0;-1
0;195;-56.7272;-39.4582;-41.8719;9.50868;3601.22;5.71743;0;0;0.1;0.01;0;6.64079;0;0;-1
0;196;-54.1631;-24.6424;-40.9053;9.31218;3382.54;5.59928;0;0;0.1;0.01;0;5.42106;0;0;-1
0;197;-57.4667;-7.32853;-42.0214;10.0834;4294.47;6.063;0;0;0.1;0.01;0;6.99038;0;0;-1
0;198;-55.062;9.53876;-39.8501;10.2811;4552.05;6.18188;0;0;0.1;0.01;0;6.7148;0;0;-1
0;199;-55.5438;25.8741;-41.5495;9.89022;4052.35;5.94685;0;0;0.1;0.01;0;6.11516;0;0;-1
0;200;-56.9731;42.6524;-40.1096;9.6706;3788.34;5.81479;0;0;0.1;0.01;0;6.52747;0;0;-1
0;201;-54.2541;60.4488;-39.5902;9.62047;3729.73;5.78465;0;0;0.1;0.01;0;5.24091;0;0;-1
0;202;-40.5199;-80.6264;-40.9883;8.5;2572.44;5.11093;0;0;0.1;0.01;0;2.96911;1;0;-1
0;203;-41.6798;-65.9025;-39.2286;9.46189;3548.32;5.6893;0;0;0.1;0.01;0;6.38094;0;0;-1
0;204;-43.0526;-47.5206;-41.7187;8.5;2572.44;5.11093;0;0;0.1;0.01;0;4.90025;1;0;-1
0;205;-42.5732;-31.6905;-42.2027;8.64528;2706.61;5.19828;0;0;0.1;0.01;0;5.09425;0;0;-1
0;206;-40.2489;-13.4508;-40.6538;9.60474;3711.47;5.77519;0;0;0.1;0.01;0;6.10359;0;0;-1
0;207;-42.0101;1.95172;-39.9959;9.25091;3316.21;5.56244;0;0;0.1;0.01;0;6.47489;0;0;-1
0;208;-41.7854;19.6621;-42.4197;8.59492;2659.59;5.168;0;0;0.1;0.01;0;5.91327;0;0;-1
0;209;-41.4517;34.4597;-41.4129;8.78789;2842.77;5.28403;0;0;0.1;0.01;0;5.64202;0;0;-1
0;210;-40.2692;53.6182;-41.2232;9.53739;3633.94;5.73469;0;0;0.1;0.01;0;7.07236;0;0;-1
0;211;-40.8068;68.4783;-42.1354;10.3601;4657.8;6.22938;0;0;0.1;0.01;0;6.08217;0;0;-1
0;212;-27.6595;-72.9664;-42.8746;9.39388;3472.35;5.6484;0;0;0.1;0.01;0;6.10818;0;0;-1
0;213;-28.1446;-57.7299;-40.4605;10.4418;4768.86;6.2785;0;0;0.1;0.01;0;7.09509;0;0;-1
0;214;-25.2939;-38.5045;-42.3682;9.23225;3296.18;5.55122;0;0;0.1;0.01;0;5.32933;0;0;-1
0;215;-25.0116;-22.3776;-39.8177;9.9908;4177.24;6.00732;0;0;0.1;0.01;0;6.39087;0;0;-1
0;216;-24.7466;-5.18168;-40.6556;8.87426;2927.42;5.33596;0;0;0.1;0.01;0;5.61411;0;0;-1
0;217;-25.4484;9.75674;-41.0453;8.5;2572.44;5.11093;0;0;0.1;0.01;0;4.04081;1;0;-1
0;218;-28.1743;27.0174;-42.0177;9.3773;3454;5.63843;0;0;0.1;0.01;0;5.49022;0;0;-1
0;219;-27.2183;44.1217;-42.0984;9.59228;3697.04;5.7677;0;0;0.1;0.01;0;6.10617;0;0;-1
0;220;-27.5548;60.5348;-40.7624;9.41372;3494.4;5.66033;0;0;0.1;0.01;0;7.06814;0;0;-1
0;221;-25.014;77.1707;-42.0781;9.57316;3674.98;5.7562;0;0;0.1;0.01;0;5.24517;0;0;-1
0;222;-12.9915;-83.1485;-42.1706;8.61093;2674.48;5.17763;0;0;0.1;0.01;0;4.03561;0;0;-1
0;223;-12.9511;-67.6065;-39.739;10.0617;4266.8;6.04995;0;0;0.1;0.01;0;6.69582;0;0;-1
0;224;-12.396;-49.3766;-41.8345;9.18212;3242.78;5.52108;0;0;0.1;0.01;0;5.32062;0;0;-1
0;225;-9.78776;-33.3292;-39.8331;9.50911;3601.71;5.71769;0;0;0.1;0.01;0;6.11967;0;0;-1
0;226;-13.0715;-15.514;-40.7587;8.69144;2750.2;5.22604;0;0;0.1;0.01;0;6.37218;0;0;-1
0;227;-11.0668;0.258454;-41.4476;8.66025;2720.7;5.20728;0;0;0.1;0.01;0;5.4534;0;0;-1
0;228;-12.5331;20.031;-39.3439;9.95302;4130.03;5.98461;0;0;0.1;0.01;0;6.16069;0;0;-1
0;229;-9.96419;34.3164;-39.7661;8.5;2572.44;5.11093;0;0;0.1;0.01;0;6.08813;1;0;-1
0;230;-11.5614;52.9631;-39.3531;10.1789;4417.65;6.12042;0;0;0.1;0.01;0;6.47292;0;0;-1
0;231;-11.1017;70.7602;-40.0385;9.43087;3513.53;5.67065;0;0;0.1;0.01;0;5.57742;0;0;-1
0;232;-9.78424;87.1067;-39.9621;8.5;2572.44;5.11093;0;0;0.1;0.01;0;2.3868;1;0;-1
0;233;2.81625;-89.5439;-42.0478;9.11671;3173.97;5.48175;0;0;0.1;0.01;0;2.88142;0;0;-1
0;234;4.68037;-74.9284;-41.1636;8.55271;2620.59;5.14262;0;0;0.1;0.01;0;5.17649;0;0;-1
0;235;2.01238;-59.7596;-39.3804;9.47364;3561.55;5.69636;0;0;0.1;0.01;0;5.41902;0;0;-1
0;236;3.62694;-40.7626;-39.802;8.5;2572.44;5.11093;0;0;0.1;0.01;0;4.85035;1;0;-1
0;237;4.67632;-25.281;-39.5134;9.5216;3615.92;5.7252;0;0;0.1;0.01;0;6.13854;0;0;-1
0;238;1.23471;-8.0784;-42.4287;10.2613;4525.8;6.16997;0;0;0.1;0.01;0;6.2664;0;0;-1
0;239;3.21929;10.4514;-41.0096;8.61838;2681.42;5.18211;0;0;0.1;0.01;0;4.36921;0;0;-1
0;240;4.0765;27.1876;-39.4735;8.90471;2957.66;5.35427;0;0;0.1;0.01;0;6.72775;0;0;-1
0;241;1.22561;43.0314;-40.2766;10.0973;4312.25;6.07136;0;0;0.1;0.01;0;7.97747;0;0;-1
0;242;1.5214;60.6225;-40.9747;8.5;2572.44;5.11093;0;0;0.1;0.01;0;5.36215;1;0;-1
0;243;3.95069;76.3804;-41.0724;9.14274;3201.24;5.4974;0;0;0.1;0.01;0;5.26593;0;0;-1
0;244;17.6726;-82.3287;-42.0899;8.5;2572.44;5.11093;0;0;0.1;0.01;0;3.29321;1;0;-1
0;245;18.2128;-65.4517;-39.2872;10.2625;4527.39;6.17069;0;0;0.1;0.01;0;5.8847;0;0;-1
0;246;17.9217;-46.4591;-40.8058;8.89095;2943.97;5.346;0;0;0.1;0.01;0;5.26619;0;0;-1
0;247;17.8401;-31.761;-41.1614;8.5;2572.44;5.11093;0;0;0.1;0.01;0;5.83708;1;0;-1
0;248;19.0981;-15.4975;-41.7724;9.48375;3572.97;5.70244;0;0;0.1;0.01;0;5.92408;0;0;-1
0;249;19.7541;1.93817;-42.159;9.10927;3166.21;5.47727;0;0;0.1;0.01;0;4.69281;0;0;-1
0;250;17.6647;17.733;-40.512;9.27102;3337.88;5.57453;0;0;0.1;0.01;0;5.59988;0;0;-1
0;251;19.0258;36.7152;-42.8399;9.9124;4079.67;5.96018;0;0;0.1;0.01;0;7.63418;0;0;-1
0;252;16.7949;52.0145;-39.6871;10.0976;4312.64;6.07154;0;0;0.1;0.01;0;7.44171;0;0;-1
0;253;18.761;68.4672;-41.1962;10.3155;4597.9;6.20256;0;0;0.1;0.01;0;5.94143;0;0;-1
0;254;16.4121;87.4173;-41.1252;10.0767;4285.92;6.05897;0;0;0.1;0.01;0;3.14648;0;0;-1
0;255;32.9538;-75.63;-42.5068;8.64912;2710.22;5.20059;0;0;0.1;0.01;0;2.25095;0;0;-1
0;256;30.562;-56.493;-40.5245;9.0958;3152.18;5.46917;0;0;0.1;0.01;0;6.27874;0;0;-1
0;257;33.7162;-41.1824;-40.4686;10.005;4195.08;6.01586;0;0;0.1;0.01;0;7.65246;0;0;-1
0;258;32.7748;-25.2906;-41.5674;10.1242;4346.81;6.08753;0;0;0.1;0.01;0;7.40574;0;0;-1
0;259;33.7353;-8.05414;-42.0308;8.5;2572.44;5.11093;0;0;0.1;0.01;0;4.72524;1;0;-1
0;260;33.8432;10.0407;-42.2958;8.5;2572.44;5.11093;0;0;0.1;0.01;0;5.10275;1;0;-1
0;261;33.8491;29.5201;-39.882;8.93213;2985.06;5.37076;0;0;0.1;0.01;0;6.03346;0;0;-1
0;262;32.9448;46.1529;-39.4223;10.038;4236.72;6.0357;0;0;0.1;0.01;0;7.76857;0;0;-1
0;263;33.9187;60.0819;-39.7022;9.38769;3465.49;5.64468;0;0;0.1;0.01;0;6.20821;0;0;-1
0;264;33.5532;79.8396;-40.4235;8.95437;3007.42;5.38413;0;0;0.1;0.01;0;2.74531;0;0;-1
0;265;47.8272;-65.2749;-41.6031;8.94443;2997.41;5.37816;0;0;0.1;0.01;0;2.46603;0;0;-1
0;266;47.1402;-47.7054;-39.9484;9.52788;3623.08;5.72898;0;0;0.1;0.01;0;5.80335;0;0;-1
0;267;47.7639;-30.2388;-39.2216;10.3176;4600.71;6.20382;0;0;0.1;0.01;0;7.66012;0;0;-1
0;268;46.7911;-14.9374;-42.5827;10.067;4273.55;6.05314;0;0;0.1;0.01;0;7.77807;0;0;-1
0;269;46.0821;2.87696;-42.1807;8.5;2572.44;5.11093;0;0;0.1;0.01;0;6.1992;1;0;-1
0;270;47.7578;16.8713;-43.0404;10.1627;4396.59;6.11068;0;0;0.1;0.01;0;7.43876;0;0;-1
0;271;46.845;37.9668;-41.1026;9.52653;3621.54;5.72816;0;0;0.1;0.01;0;6.19138;0;0;-1
0;272;46.7008;52.1413;-42.8761;9.67637;3795.12;5.81826;0;0;0.1;0.01;0;6.60695;0;0;-1
0;273;46.8352;69.2611;-39.8964;9.92643;4097.02;5.96862;0;0;0.1;0.01;0;4.49661;0;0;-1
0;274;60.3722;-55.3635;-39.3266;9.8308;3979.74;5.91112;0;0;0.1;0.01;0;4.74611;0;0;-1
0;275;63.9921;-41.6904;-39.8307;8.94562;2998.61;5.37887;0;0;0.1;0.01;0;4.2811;0;0;-1
0;276;61.2111;-23.358;-39.8346;8.55006;2618.16;5.14103;0;0;0.1;0.01;0;5.54346;0;0;-1
0;277;63.4141;-7.79396;-42.3278;9.67674;3795.56;5.81848;0;0;0.1;0.01;0;6.80348;0;0;-1
0;278;63.5984;8.22842;-39.4663;10.0114;4203.13;6.01971;0;0;0.1;0.01;0;6.56072;0;0;-1
0;279;63.0235;26.193;-42.2743;10.0357;4233.81;6.03432;0;0;0.1;0.01;0;6.07423;0;0;-1
0;280;61.5533;42.1383;-41.1985;8.88075;2933.85;5.33987;0;0;0.1;0.01;0;5.08166;0;0;-1
0;281;61.9952;60.4238;-42.4633;9.23144;3295.32;5.55073;0;0;0.1;0.01;0;3.67812;0;0;-1
0;282;74.9431;-32.4943;-43.17;9.0112;3065.04;5.4183;0;0;0.1;0.01;0;3.21793;0;0;-1
0;283;77.7389;-14.9964;-41.1231;8.62851;2690.89;5.1882;0;0;0.1;0.01;0;4.46756;0;0;-1
0;284;76.3304;-0.0850908;-41.4688;10.2851;4557.37;6.18428;0;0;0.1;0.01;0;6.87729;0;0;-1
0;285;78.7415;19.7258;-42.8211;8.99017;3043.63;5.40566;0;0;0.1;0.01;0;3.33035;0;0;-1
0;286;76.5352;34.3365;-41.9425;9.23964;3304.1;5.55566;0;0;0.1;0.01;0;3.54055;0;0;-1
0;287;90.5154;-4.56004;-40.5357;8.7003;2758.62;5.23136;0;0;0.1;0.01;0;2.23239;0;0;-1
0;288;-95.1296;-13.51;-24.7019;8.77145;2826.85;5.27415;0;0;0.1;0.01;0;3.17525;0;0;-1
0;289;-95.6359;1.24909;-26.0988;9.92316;4092.97;5.96665;0;0;0.1;0.01;0;3.87399;0;0;-1
0;290;-80.8683;-41.4981;-24.6608;9.90428;4069.65;5.9553;0;0;0.1;0.01;0;2.88709;0;0;-1
0;291;-81.7953;-23.438;-27.3446;9.5595;3659.27;5.74799;0;0;0.1;0.01;0;3.86548;0;0;-1
0;292;-78.9079;-4.65451;-26.4828;10.0423;4242.17;6.03829;0;0;0.1;0.01;0;5.59143;0;0;-1
0;293;-82.5746;10.9689;-26.4503;10.1274;4350.93;6.08946;0;0;0.1;0.01;0;6.2858;0;0;-1
0;294;-82.4147;27.6783;-25.1449;10.0349;4232.8;6.03384;0;0;0.1;0.01;0;5.02699;0;0;-1
0;295;-80.4016;44.561;-28.1094;9.88358;4044.19;5.94285;0;0;0.1;0.01;0;3.28527;0;0;-1
0;296;-64.0816;-67.8744;-25.9974;8.5;2572.44;5.11093;0;0;0.1;0.01;0;2.51774;1;0;-1
0;297;-64.3804;-48.9964;-26.1306;8.77835;2833.53;5.27829;0;0;0.1;0.01;0;4.35863;0;0;-1
0;298;-64.529;-31.2625;-25.4642;9.74862;3880.77;5.8617;0;0;0.1;0.01;0;5.46695;0;0;-1
0;299;-64.4874;-12.8914;-26.9911;9.28066;3348.31;5.58033;0;0;0.1;0.01;0;5.5578;0;0;-1
0;300;-66.0778;4.4443;-26.0305;8.5;2572.44;5.11093;0;0;0.1;0.01;0;5.94033;1;0;-1
0;301;-65.4711;20.2155;-26.9303;8.59094;2655.89;5.16561;0;0;0.1;0.01;0;5.71321;0;0;-1
0;302;-64.6866;35.2165;-27.1726;10.0497;4251.56;6.04274;0;0;0.1;0.01;0;6.30957;0;0;-1
0;303;-64.5484;50.9146;-26.2283;9.27992;3347.51;5.57988;0;0;0.1;0.01;0;5.75047;0;0;-1
0;304;-66.6827;68.6705;-26.713;9.4554;3541.02;5.68539;0;0;0.1;0.01;0;2.14929;0;0;-1
0;305;-49.7106;-72.4988;-27.7903;8.99661;3050.18;5.40953;0;0;0.1;0.01;0;5.22825;0;0;-1
0;306;-49.6164;-58.1745;-26.2854;9.25063;3315.91;5.56227;0;0;0.1;0.01;0;6.29418;0;0;-1
0;307;-51.5407;-39.713;-26.341;9.3425;3415.69;5.61751;0;0;0.1;0.01;0;6.00824;0;0;-1
0;308;-52.4096;-23.1167;-27.5492;9.77632;3913.95;5.87836;0;0;0.1;0.01;0;6.55537;0;0;-1
0;309;-50.4826;-7.03549;-27.8088;9.73264;3861.72;5.8521;0;0;0.1;0.01;0;6.60961;0;0;-1
0;310;-53.0194;8.65139;-26.3271;8.9409;2993.87;5.37603;0;0;0.1;0.01;0;5.4883;0;0;-1
0;311;-51.1148;26.7863;-24.4689;9.14375;3202.3;5.498;0;0;0.1;0.01;0;5.57712;0;0;-1
0;312;-49.989;45.5145;-24.8759;9.78011;3918.5;5.88064;0;0;0.1;0.01;0;7.33695;0;0;-1
0;313;-50.6669;62.487;-25.5778;8.75947;2815.28;5.26694;0;0;0.1;0.01;0;6.08614;0;0;-1
0;314;-51.7899;78.4816;-28.2603;8.72318;2780.44;5.24512;0;0;0.1;0.01;0;2.65372;0;0;-1
0;315;-36.4304;-82.1766;-26.5193;10.3133;4594.96;6.20124;0;0;0.1;0.01;0;6.19591;0;0;-1
0;316;-34.984;-67.3075;-26.7991;8.88636;2939.41;5.34324;0;0;0.1;0.01;0;6.99106;0;0;-1
0;317;-38.3693;-47.1096;-27.1467;10.1598;4392.83;6.10894;0;0;0.1;0.01;0;5.71198;0;0;-1
0;318;-36.0585;-30.0838;-26.0747;9.32899;3400.89;5.60939;0;0;0.1;0.01;0;6.11635;0;0;-1
0;319;-34.6355;-13.7609;-26.8;8.77558;2830.85;5.27663;0;0;0.1;0.01;0;5.01571;0;0;-1
0;320;-36.5851;4.3191;-27.448;8.5;2572.44;5.11093;0;0;0.1;0.01;0;4.19214;1;0;-1
0;321;-38.3602;18.5479;-27.4791;9.50184;3593.45;5.71332;0;0;0.1;0.01;0;5.45341;0;0;-1
0;322;-38.242;34.5859;-25.1795;8.5;2572.44;5.11093;0;0;0.1;0.01;0;5.5007;1;0;-1
0;323;-37.6453;52.2757;-27.8674;9.223;3286.29;5.54566;0;0;0.1;0.01;0;6.07549;0;0;-1
0;324;-38.212;67.7225;-25.7633;8.5;2572.44;5.11093;0;0;0.1;0.01;0;4.48731;1;0;-1
0;325;-35.5393;85.8469;-24.9494;10.2803;4550.99;6.1814;0;0;0.1;0.01;0;3.74676;0;0;-1
0;326;-21.7845;-90.7782;-25.2865;10.3383;4628.45;6.21627;0;0;0.1;0.01;0;3.98749;0;0;-1
0;327;-20.5845;-73.0882;-27.0249;10.1729;4409.84;6.11682;0;0;0.1;0.01;0;8.27774;0;0;-1
0;328;-20.3483;-59.1642;-26.3077;9.74517;3876.65;5.85963;0;0;0.1;0.01;0;7.26829;0;0;-1
0;329;-22.0181;-40.5891;-26.6654;8.61701;2680.15;5.18128;0;0;0.1;0.01;0;4.98776;0;0;-1
0;330;-21.3628;-21.1059;-24.9754;10.094;4308.03;6.06938;0;0;0.1;0.01;0;6.84187;0;0;-1
0;331;-19.7232;-5.48386;-28.0827;8.5;2572.44;5.11093;0;0;0.1;0.01;0;4.64896;1;0;-1
0;332;-21.3072;11.8048;-25.7711;8.5;2572.44;5.11093;0;0;0.1;0.01;0;4.00287;1;0;-1
0;333;-22.7771;28.7588;-27.7812;8.64731;2708.52;5.1995;0;0;0.1;0.01;0;5.10088;0;0;-1
0;334;-21.2693;44.7701;-27.8786;9.74786;3879.86;5.86125;0;0;0.1;0.01;0;5.84259;0;0;-1
0;335;-21.6935;62.1724;-26.6161;9.66986;3787.47;5.81435;0;0;0.1;0.01;0;6.34016;0;0;-1
0;336;-22.8416;78.7591;-27.907;9.43208;3514.88;5.67137;0;0;0.1;0.01;0;5.63025;0;0;-1
0;337;-5.94107;-81.2667;-28.649;9.37792;3454.68;5.63881;0;0;0.1;0.01;0;6.09266;0;0;-1
0;338;-7.90712;-66.6042;-26.3323;9.47884;3567.42;5.69949;0;0;0.1;0.01;0;6.68964;0;0;-1
0;339;-8.5622;-48.5914;-24.3822;9.13807;3196.33;5.49459;0;0;0.1;0.01;0;5.1859;0;0;-1
0;340;-8.20261;-29.6883;-25.5444;8.77274;2828.1;5.27492;0;0;0.1;0.01;0;5.56656;0;0;-1
0;341;-6.01134;-13.3248;-27.8137;9.41095;3491.31;5.65867;0;0;0.1;0.01;0;6.59682;0;0;-1
0;342;-5.49689;1.92992;-27.6445;8.53399;2603.42;5.13136;0;0;0.1;0.01;0;5.70885;0;0;-1
0;343;-6.60874;21.1278;-25.6312;9.60397;3710.57;5.77473;0;0;0.1;0.01;0;6.69968;0;0;-1
0;344;-7.09392;35.409;-27.0999;9.34522;3418.67;5.61915;0;0;0.1;0.01;0;7.48448;0;0;-1
0;345;-7.93426;51.5146;-26.0262;8.65073;2711.73;5.20156;0;0;0.1;0.01;0;5.61093;0;0;-1
0;346;-9.3441;72.1639;-24.4905;8.6207;2683.59;5.1835;0;0;0.1;0.01;0;5.03769;0;0;-1
0;347;-9.1018;88.2418;-25.6709;8.64271;2704.2;5.19674;0;0;0.1;0.01;0;3.96962;0;0;-1
0;348;9.34689;-90.4739;-25.4096;10.3115;4592.55;6.20016;0;0;0.1;0.01;0;4.27725;0;0;-1
0;349;6.59572;-75.7941;-25.3173;9.7822;3921.01;5.88189;0;0;0.1;0.01;0;6.67399;0;0;-1
0;350;9.44571;-58.6613;-25.7695;9.33001;3402;5.61;0;0;0.1;0.01;0;5.80852;0;0;-1
0;351;5.72659;-40.03;-25.3986;9.62018;3729.39;5.78447;0;0;0.1;0.01;0;6.09878;0;0;-1
0;352;8.26236;-25.5199;-26.5959;8.72878;2785.8;5.24849;0;0;0.1;0.01;0;5.86055;0;0;-1
0;353;9.02206;-8.7658;-27.693;10.2426;4501.11;6.15873;0;0;0.1;0.01;0;6.7966;0;0;-1
0;354;5.51733;9.93616;-25.5101;9.14542;3204.05;5.49901;0;0;0.1;0.01;0;4.58391;0;0;-1
0;355;9.43652;29.3296;-27.6622;10.081;4291.4;6.06156;0;0;0.1;0.01;0;6.86215;0;0;-1
0;356;6.25148;44.0454;-25.2396;10.3766;4680.09;6.2393;0;0;0.1;0.01;0;7.20115;0;0;-1
0;357;6.86909;63.4095;-24.62;10.1832;4423.25;6.12301;0;0;0.1;0.01;0;6.80635;0;0;-1
0;358;5.89969;78.2873;-28.0081;9.05381;3108.73;5.44392;0;0;0.1;0.01;0;5.55672;0;0;-1
0;359;8.24644;95.6219;-26.8436;10.0208;4214.98;6.02536;0;0;0.1;0.01;0;2.99574;0;0;-1
0;360;22.5747;-82.368;-25.2196;9.14669;3205.39;5.49977;0;0;0.1;0.01;0;4.65797;0;0;-1
0;361;23.7037;-65.897;-25.4759;9.51617;3609.73;5.72193;0;0;0.1;0.01;0;5.43786;0;0;-1
0;362;23.2746;-47.2911;-27.433;10.114;4333.69;6.0814;0;0;0.1;0.01;0;6.25833;0;0;-1
0;363;22.7903;-31.7613;-26.0451;9.7203;3847.05;5.84468;0;0;0.1;0.01;0;6.89581;0;0;-1
0;364;22.1271;-16.0907;-25.5874;10.0142;4206.66;6.02139;0;0;0.1;0.01;0;6.72989;0;0;-1
0;365;22.3177;1.01371;-26.8041;9.03568;3090.09;5.43302;0;0;0.1;0.01;0;5.17139;0;0;-1
0;366;23.3884;18.1875;-28.0152;9.62583;3735.97;5.78787;0;0;0.1;0.01;0;6.25369;0;0;-1
0;367;23.2504;34.9347;-27.5224;9.48752;3577.23;5.70471;0;0;0.1;0.01;0;7.4196;0;0;-1
0;368;20.5942;51.1097;-24.5154;9.78732;3927.17;5.88497;0;0;0.1;0.01;0;6.26094;0;0;-1
0;369;20.2908;69.1534;-26.9548;9.41126;3491.66;5.65885;0;0;0.1;0.01;0;5.36087;0;0;-1
0;370;23.3606;84.5742;-24.8026;9.48309;3572.22;5.70204;0;0;0.1;0.01;0;4.90019;0;0;-1
0;371;38.0666;-75.9946;-27.1022;9.08221;3138.07;5.461;0;0;0.1;0.01;0;3.94111;0;0;-1
0;372;35.228;-56.9164;-27.0357;8.68961;2748.46;5.22494;0;0;0.1;0.01;0;5.60636;0;0;-1
0;373;37.5345;-39.9436;-26.8269;9.92192;4091.44;5.96591;0;0;0.1;0.01;0;7.96739;0;0;-1
0;374;37.6929;-23.1689;-27.6883;9.98008;4163.81;6.00088;0;0;0.1;0.01;0;7.59003;0;0;-1
0;375;37.4574;-7.2092;-24.837;9.68117;3800.77;5.82115;0;0;0.1;0.01;0;6.57085;0;0;-1
0;376;35.1309;8.91518;-26.7862;8.8148;2868.97;5.30021;0;0;0.1;0.01;0;5.30896;0;0;-1
0;377;37.229;25.3888;-24.7138;9.96675;4147.15;5.99286;0;0;0.1;0.01;0;6.87948;0;0;-1
0;378;37.0146;42.1395;-27.1;9.84583;3998.03;5.92015;0;0;0.1;0.01;0;6.57901;0;0;-1
0;379;38.4505;63.6765;-24.9014;8.5;2572.44;5.11093;0;0;0.1;0.01;0;4.58563;1;0;-1
0;380;36.7523;78.8119;-24.8804;8.5;2572.44;5.11093;0;0;0.1;0.01;0;4.35333;1;0;-1
0;381;50.4391;-66.6516;-24.7856;10.2137;4463.11;6.14135;0;0;0.1;0.01;0;5.5707;0;0;-1
0;382;49.9653;-50.7716;-25.2878;10.1728;4409.71;6.11676;0;0;0.1;0.01;0;6.85245;0;0;-1
0;383;50.0733;-33.4156;-25.0293;8.55599;2623.61;5.14459;0;0;0.1;0.01;0;5.20364;0;0;-1
0;384;52.7126;-15.5621;-26.8597;9.21838;3281.35;5.54288;0;0;0.1;0.01;0;6.25969;0;0;-1
0;385;51.8232;1.73576;-28.3355;10.0155;4208.3;6.02217;0;0;0.1;0.01;0;7.17011;0;0;-1
0;386;50.1064;17.7988;-28.5155;9.04577;3100.45;5.43909;0;0;0.1;0.01;0;6.16778;0;0;-1
0;387;50.3092;34.891;-25.0712;9.38364;3461.01;5.64225;0;0;0.1;0.01;0;5.57713;0;0;-1
0;388;52.9796;54.7672;-24.6929;8.65695;2717.59;5.2053;0;0;0.1;0.01;0;4.39635;0;0;-1
0;389;52.2023;72.6214;-26.9386;9.78828;3928.33;5.88555;0;0;0.1;0.01;0;4.37972;0;0;-1
0;390;66.3601;-59.2054;-27.6349;8.99162;3045.11;5.40653;0;0;0.1;0.01;0;4.1315;0;0;-1
0;391;66.6333;-42.2234;-25.0413;8.84857;2902.07;5.32052;0;0;0.1;0.01;0;5.48351;0;0;-1
0;392;67.4845;-23.2437;-24.8693;10.3678;4668.19;6.23401;0;0;0.1;0.01;0;6.538;0;0;-1
0;393;65.5566;-5.60147;-26.9231;8.9529;3005.94;5.38325;0;0;0.1;0.01;0;6.84113;0;0;-1
0;394;66.5838;9.4543;-25.0972;9.2484;3313.51;5.56093;0;0;0.1;0.01;0;5.82223;0;0;-1
0;395;64.874;25.4065;-25.5998;9.8348;3984.6;5.91352;0;0;0.1;0.01;0;4.80933;0;0;-1
0;396;66.3843;46.5064;-25.9037;10.0347;4232.55;6.03372;0;0;0.1;0.01;0;5.81693;0;0;-1
0;397;65.0725;62.2754;-27.5195;10.0508;4252.95;6.0434;0;0;0.1;0.01;0;4.96911;0;0;-1
0;398;79.4158;-51.2654;-25.8179;10.1042;4321.1;6.07551;0;0;0.1;0.01;0;2.17853;0;0;-1
0;399;81.8824;-34.2047;-24.8273;10.2512;4512.45;6.1639;0;0;0.1;0.01;0;3.41473;0;0;-1
0;400;80.7518;-16.8108;-25.3544;8.88357;2936.64;5.34156;0;0;0.1;0.01;0;4.4683;0;0;-1
0;401;79.7964;-0.229081;-26.2413;9.30496;3374.68;5.59494;0;0;0.1;0.01;0;4.87292;0;0;-1
0;402;83.2166;17.7934;-25.2693;9.79833;3940.44;5.89159;0;0;0.1;0.01;0;4.14675;0;0;-1
0;403;79.0964;33.7623;-27.9859;8.5;2572.44;5.11093;0;0;0.1;0.01;0;3.36616;1;0;-1
0;404;79.3738;54.6236;-26.542;10.3516;4646.34;6.22427;0;0;0.1;0.01;0;2.70805;0;0;-1
0;405;-98.4418;0.963025;-11.809;10.2755;4544.62;6.17851;0;0;0.1;0.01;0;3.70451;0;0;-1
0;406;-84.2827;-42.0855;-11.2486;9.08598;3141.98;5.46327;0;0;0.1;0.01;0;3.46781;0;0;-1
0;407;-84.3756;-23.5387;-10.3061;10.4098;4725.15;6.25926;0;0;0.1;0.01;0;5.70357;0;0;-1
0;408;-85.2159;-7.13479;-12.4826;8.91246;2965.39;5.35893;0;0;0.1;0.01;0;5.26843;0;0;-1
0;409;-83.3464;11.6474;-11.9292;10.149;4378.83;6.10245;0;0;0.1;0.01;0;5.92246;0;0;-1
0;410;-84.8114;29.1377;-12.4317;8.5;2572.44;5.11093;0;0;0.1;0.01;0;4.12946;1;0;-1
0;411;-84.0331;42.4963;-11.3182;9.39125;3469.44;5.64682;0;0;0.1;0.01;0;4.12617;0;0;-1
0;412;-70.8108;-68.4436;-10.0648;8.78734;2842.24;5.2837;0;0;0.1;0.01;0;2.13536;0;0;-1
0;413;-69.2293;-49.2673;-11.9964;9.51949;3613.51;5.72393;0;0;0.1;0.01;0;4.76642;0;0;-1
0;414;-69.8927;-32.556;-10.1384;9.37135;3447.43;5.63486;0;0;0.1;0.01;0;6.79565;0;0;-1
0;415;-72.1628;-15.7397;-11.6896;9.40543;3485.17;5.65535;0;0;0.1;0.01;0;6.58696;0;0;-1
0;416;-70.7977;3.17016;-10.3133;8.76929;2824.76;5.27285;0;0;0.1;0.01;0;6.07287;0;0;-1
0;417;-68.3521;17.3736;-12.9498;8.58719;2652.42;5.16335;0;0;0.1;0.01;0;4.93217;0;0;-1
0;418;-69.4909;36.4707;-11.9831;9.59908;3704.91;5.77179;0;0;0.1;0.01;0;6.33939;0;0;-1
0;419;-71.9181;53.7839;-13.0275;8.9755;3028.76;5.39684;0;0;0.1;0.01;0;4.41674;0;0;-1
0;420;-54.2885;-75.1322;-9.71754;8.85847;2911.82;5.32647;0;0;0.1;0.01;0;3.81474;0;0;-1
0;421;-56.6192;-58.2381;-12.3435;9.39962;3478.72;5.65186;0;0;0.1;0.01;0;5.38631;0;0;-1
0;422;-57.3322;-39.2039;-10.32;8.57706;2643.04;5.15726;0;0;0.1;0.01;0;5.5647;0;0;-1
0;423;-57.3103;-23.9567;-11.8613;8.5;2572.44;5.11093;0;0;0.1;0.01;0;5.49132;1;0;-1
0;424;-55.2382;-7.2187;-11.8105;9.00601;3059.75;5.41518;0;0;0.1;0.01;0;5.50016;0;0;-1
0;425;-54.3082;8.60213;-12.5464;10.0595;4264.01;6.04863;0;0;0.1;0.01;0;5.98851;0;0;-1
0;426;-57.3404;29.7697;-12.8192;8.5;2572.44;5.11093;0;0;0.1;0.01;0;5.63874;1;0;-1
0;427;-55.1155;44.7216;-11.8301;9.28257;3350.37;5.58147;0;0;0.1;0.01;0;6.85719;0;0;-1
0;428;-57.9496;60.0321;-10.6873;9.74725;3879.14;5.86088;0;0;0.1;0.01;0;5.45013;0;0;-1
0;429;-42.7884;-83.6439;-13.2563;10.0889;4301.5;6.06631;0;0;0.1;0.01;0;4.25806;0;0;-1
0;430;-39.3552;-64.6278;-11.5707;9.79525;3936.73;5.88974;0;0;0.1;0.01;0;5.61027;0;0;-1
0;431;-41.0539;-49.3548;-10.6939;8.52157;2592.07;5.1239;0;0;0.1;0.01;0;5.07836;0;0;-1
0;432;-41.2224;-32.6027;-12.3621;9.80366;3946.87;5.8948;0;0;0.1;0.01;0;6.13954;0;0;-1
0;433;-42.0825;-14.3478;-13.5228;10.014;4206.41;6.02127;0;0;0.1;0.01;0;6.08453;0;0;-1
0;434;-40.9252;3.07101;-10.7837;9.48602;3575.53;5.70381;0;0;0.1;0.01;0;5.76871;0;0;-1
0;435;-39.4026;20.0906;-11.2058;10.0097;4200.99;6.01869;0;0;0.1;0.01;0;6.2774;0;0;-1
0;436;-42.1298;36.9057;-13.1696;9.33057;3402.62;5.61034;0;0;0.1;0.01;0;7.19953;0;0;-1
0;437;-42.6528;52.2124;-12.629;8.5;2572.44;5.11093;0;0;0.1;0.01;0;5.053;1;0;-1
0;438;-43.0071;70.6836;-12.5558;8.74544;2801.78;5.25851;0;0;0.1;0.01;0;4.72321;0;0;-1
0;439;-43.2525;85.1289;-13.3367;8.5;2572.44;5.11093;0;0;0.1;0.01;0;3.42568;1;0;-1
0;440;-27.9041;-93.182;-13.0864;9.62079;3730.1;5.78484;0;0;0.1;0.01;0;4.31813;0;0;-1
0;441;-28.1463;-76.871;-13.0055;10.1441;4372.49;6.0995;0;0;0.1;0.01;0;7.05617;0;0;-1
0;442;-24.6947;-56.5716;-12.285;10.3899;4698.1;6.2473;0;0;0.1;0.01;0;7.30712;0;0;-1
0;443;-27.3685;-41.7518;-10.1899;10.4383;4764.07;6.2764;0;0;0.1;0.01;0;7.63191;0;0;-1
0;444;-26.6304;-22.2866;-11.8661;10.2193;4470.46;6.14472;0;0;0.1;0.01;0;6.64879;0;0;-1
0;445;-24.956;-7.30601;-10.3211;8.54228;2611.02;5.13635;0;0;0.1;0.01;0;4.69665;0;0;-1
0;446;-25.1381;9.15094;-10.2583;9.43114;3513.83;5.67081;0;0;0.1;0.01;0;5.17302;0;0;-1
0;447;-27.4312;28.4661;-10.5832;10.2555;4518.13;6.16648;0;0;0.1;0.01;0;6.15026;0;0;-1
0;448;-28.3081;42.9635;-10.7747;9.06343;3118.65;5.44971;0;0;0.1;0.01;0;5.62717;0;0;-1
0;449;-24.4469;59.0673;-12.8478;8.80537;2859.77;5.29454;0;0;0.1;0.01;0;4.53644;0;0;-1
0;450;-24.7748;77.7017;-12.2437;9.85517;4009.41;5.92577;0;0;0.1;0.01;0;6.45141;0;0;-1
0;451;-24.8559;94.6739;-14.0134;10.1999;4445.05;6.13305;0;0;0.1;0.01;0;3.54419;0;0;-1
0;452;-13.5508;-83.307;-11.0862;8.5;2572.44;5.11093;0;0;0.1;0.01;0;4.45375;1;0;-1
0;453;-12.7682;-65.4491;-13.2553;8.5;2572.44;5.11093;0;0;0.1;0.01;0;5.52541;1;0;-1
0;454;-12.6941;-48.4389;-9.71418;9.49539;3586.14;5.70944;0;0;0.1;0.01;0;6.60665;0;0;-1
0;455;-11.445;-32.368;-11.7615;10.4018;4714.27;6.25445;0;0;0.1;0.01;0;7.25651;0;0;-1
0;456;-10.3923;-14.2747;-10.7228;8.5;2572.44;5.11093;0;0;0.1;0.01;0;6.05806;1;0;-1
0;457;-10.7168;0.964651;-11.6026;10.2021;4447.92;6.13437;0;0;0.1;0.01;0;7.15986;0;0;-1
0;458;-10.7316;16.9694;-11.6229;9.08701;3143.05;5.46389;0;0;0.1;0.01;0;5.7692;0;0;-1
0;459;-11.5912;34.2435;-12.5402;8.56015;2627.44;5.14709;0;0;0.1;0.01;0;4.61786;0;0;-1
0;460;-10.3549;50.9672;-10.6076;8.54843;2616.66;5.14005;0;0;0.1;0.01;0;5.22183;0;0;-1
0;461;-10.5248;67.4139;-11.634;9.0735;3129.05;5.45576;0;0;0.1;0.01;0;5.90978;0;0;-1
0;462;-11.6967;87.2568;-12.4331;8.5;2572.44;5.11093;0;0;0.1;0.01;0;4.79367;1;0;-1
0;463;4.39126;-91.5511;-10.5879;8.69412;2752.74;5.22765;0;0;0.1;0.01;0;3.76601;0;0;-1
0;464;1.54186;-75.9918;-12.1265;8.5;2572.44;5.11093;0;0;0.1;0.01;0;5.49105;1;0;-1
0;465;1.34504;-59.4779;-12.8559;8.86284;2916.13;5.3291;0;0;0.1;0.01;0;6.06362;0;0;-1
0;466;1.68034;-41.2608;-12.6238;9.63019;3741.05;5.79049;0;0;0.1;0.01;0;6.53602;0;0;-1
0;467;1.2678;-21.5709;-10.461;9.21799;3280.93;5.54264;0;0;0.1;0.01;0;6.60854;0;0;-1
0;468;1.5961;-7.44672;-12.1239;8.63646;2698.34;5.19298;0;0;0.1;0.01;0;6.12552;0;0;-1
0;469;3.28158;8.17434;-12.2743;10.1133;4332.79;6.08098;0;0;0.1;0.01;0;6.21158;0;0;-1
0;470;3.18888;25.1293;-13.5558;9.05314;3108.04;5.44352;0;0;0.1;0.01;0;4.72236;0;0;-1
0;471;1.98619;43.7653;-10.4975;9.3009;3370.26;5.5925;0;0;0.1;0.01;0;5.5774;0;0;-1
0;472;2.33551;59.5222;-10.7474;9.45512;3540.71;5.68523;0;0;0.1;0.01;0;6.58792;0;0;-1
0;473;2.7078;76.7483;-10.3992;8.91847;2971.39;5.36255;0;0;0.1;0.01;0;6.03234;0;0;-1
0;474;3.09901;94.0416;-11.464;10.2647;4530.3;6.17202;0;0;0.1;0.01;0;4.45858;0;0;-1
0;475;18.818;-85.1793;-10.5426;9.35595;3430.46;5.6256;0;0;0.1;0.01;0;5.79925;0;0;-1
0;476;16.0699;-68.1889;-10.5125;9.47166;3559.32;5.69517;0;0;0.1;0.01;0;6.35293;0;0;-1
0;477;15.9634;-51.4701;-9.87354;9.86583;4022.44;5.93218;0;0;0.1;0.01;0;5.77846;0;0;-1
0;478;15.5226;-33.3879;-10.5206;9.65096;3765.3;5.80298;0;0;0.1;0.01;0;5.74389;0;0;-1
0;479;16.0407;-16.2992;-11.4627;8.57311;2639.39;5.15489;0;0;0.1;0.01;0;5.90983;0;0;-1
0;480;16.4171;1.11885;-11.46;9.38448;3461.94;5.64275;0;0;0.1;0.01;0;5.57973;0;0;-1
0;481;19.4898;20.9016;-10.8791;9.88972;4051.73;5.94655;0;0;0.1;0.01;0;6.0485;0;0;-1
0;482;19.6227;38.1913;-13.1654;8.5;2572.44;5.11093;0;0;0.1;0.01;0;5.08552;1;0;-1
0;483;18.184;54.5341;-11.4703;8.5;2572.44;5.11093;0;0;0.1;0.01;0;4.93031;1;0;-1
0;484;17.305;71.4366;-10.3191;10.3965;4707.06;6.25126;0;0;0.1;0.01;0;7.11004;0;0;-1
0;485;15.6968;84.9733;-12.5734;8.5;2572.44;5.11093;0;0;0.1;0.01;0;5.45062;1;0;-1
0;486;31.9438;-93.7267;-12.0417;8.83098;2884.8;5.30994;0;0;0.1;0.01;0;1.85595;0;0;-1
0;487;33.3608;-76.6519;-12.3229;9.41174;3492.19;5.65914;0;0;0.1;0.01;0;5.6516;0;0;-1
0;488;32.8885;-55.3924;-10.35;9.45135;3536.47;5.68296;0;0;0.1;0.01;0;4.9921;0;0;-1
0;489;34.1677;-38.8883;-10.1265;9.62386;3733.67;5.78669;0;0;0.1;0.01;0;6.14316;0;0;-1
0;490;31.2304;-21.3553;-12.2791;9.89423;4057.28;5.94926;0;0;0.1;0.01;0;7.10918;0;0;-1
0;491;33.1388;-6.34134;-10.7778;8.88235;2935.43;5.34083;0;0;0.1;0.01;0;5.56287;0;0;-1
0;492;33.5011;11.7961;-12.9142;10.3784;4682.52;6.24038;0;0;0.1;0.01;0;7.01833;0;0;-1
0;493;31.4721;29.0519;-10.8329;9.24443;3309.25;5.55854;0;0;0.1;0.01;0;6.82121;0;0;-1
0;494;33.5347;46.2614;-13.2498;9.56238;3662.58;5.74972;0;0;0.1;0.01;0;5.98849;0;0;-1
0;495;32.7928;63.4879;-10.3672;8.6173;2680.42;5.18146;0;0;0.1;0.01;0;5.98456;0;0;-1
0;496;32.2637;79.3812;-10.1304;10.0567;4260.45;6.04695;0;0;0.1;0.01;0;6.38623;0;0;-1
0;497;45.9707;-82.9327;-10.7935;8.5;2572.44;5.11093;0;0;0.1;0.01;0;4.1569;1;0;-1
0;498;48.1308;-67.885;-11.4528;9.53328;3629.24;5.73222;0;0;0.1;0.01;0;6.01356;0;0;-1
0;499;47.7006;-47.7308;-11.9669;9.34097;3414.01;5.61659;0;0;0.1;0.01;0;6.11576;0;0;-1
0;500;48.6181;-31.709;-12.5209;9.05733;3112.36;5.44604;0;0;0.1;0.01;0;5.54063;0;0;-1
0;501;45.5598;-14.7369;-10.9559;9.15165;3210.6;5.50275;0;0;0.1;0.01;0;6.26822;0;0;-1
0;502;46.5942;0.436523;-11.0284;10.1585;4391.14;6.10816;0;0;0.1;0.01;0;7.44563;0;0;-1
0;503;47.7328;18.1163;-13.4381;10.1742;4411.53;6.1176;0;0;0.1;0.01;0;7.74661;0;0;-1
0;504;47.8995;34.6525;-10.5458;9.51622;3609.79;5.72196;0;0;0.1;0.01;0;6.42726;0;0;-1
0;505;45.9435;55.1945;-12.4973;8.5;2572.44;5.11093;0;0;0.1;0.01;0;5.0199;1;0;-1
0;506;46.2849;68.4982;-10.0171;9.24156;3306.16;5.55682;0;0;0.1;0.01;0;6.17129;0;0;-1
0;507;47.6983;85.6464;-13.0993;8.6403;2701.94;5.19529;0;0;0.1;0.01;0;2.33764;0;0;-1
0;508;61.0948;-74.2485;-11.2929;10.3036;4582.01;6.19541;0;0;0.1;0.01;0;3.19871;0;0;-1
0;509;60.3084;-56.067;-13.3013;9.61516;3723.56;5.78146;0;0;0.1;0.01;0;6.39412;0;0;-1
0;510;61.4415;-42.1491;-11.6171;9.39919;3478.24;5.6516;0;0;0.1;0.01;0;6.41323;0;0;-1
0;511;62.5807;-25.7811;-11.8645;9.28468;3352.66;5.58274;0;0;0.1;0.01;0;5.843;0;0;-1
0;512;62.7413;-7.65237;-11.501;9.83406;3983.7;5.91308;0;0;0.1;0.01;0;6.46898;0;0;-1
0;513;60.7344;9.37287;-12.8108;10.2245;4477.29;6.14784;0;0;0.1;0.01;0;6.65675;0;0;-1
0;514;61.9718;28.7531;-10.22;9.92591;4096.37;5.96831;0;0;0.1;0.01;0;6.30714;0;0;-1
0;515;62.6742;45.9897;-11.1284;9.50542;3597.51;5.71547;0;0;0.1;0.01;0;5.70308;0;0;-1
0;516;63.2386;63.5903;-10.8007;10.0981;4313.28;6.07184;0;0;0.1;0.01;0;5.33257;0;0;-1
0;517;61.0468;77.9224;-13.7917;8.90529;2958.24;5.35462;0;0;0.1;0.01;0;2.7734;0;0;-1
0;518;77.603;-47.5304;-10.8074;8.5;2572.44;5.11093;0;0;0.1;0.01;0;3.89241;1;0;-1
0;519;77.3367;-30.0351;-11.2425;8.60685;2670.68;5.17517;0;0;0.1;0.01;0;5.62911;0;0;-1
0;520;75.2984;-14.441;-10.8553;10.4528;4783.95;6.28512;0;0;0.1;0.01;0;7.80208;0;0;-1
0;521;74.941;1.11837;-10.9905;8.5;2572.44;5.11093;0;0;0.1;0.01;0;6.16594;1;0;-1
0;522;76.6116;18.0114;-13.3386;8.69993;2758.26;5.23114;0;0;0.1;0.01;0;5.74868;0;0;-1
0;523;75.0697;34.8498;-12.7097;8.5;2572.44;5.11093;0;0;0.1;0.01;0;5.25444;1;0;-1
0;524;75.3418;51.479;-10.2297;9.24246;3307.13;5.55736;0;0;0.1;0.01;0;5.72122;0;0;-1
0;525;89.5827;-22.1743;-11.9553;8.5;2572.44;5.11093;0;0;0.1;0.01;0;3.79077;1;0;-1
0;526;90.07;-4.25141;-10.1464;9.67018;3787.85;5.81454;0;0;0.1;0.01;0;4.12057;0;0;-1
0;527;89.5554;12.0086;-11.0212;8.94815;3001.15;5.38039;0;0;0.1;0.01;0;4.80305;0;0;-1
0;528;89.4306;27.028;-11.2041;8.57982;2645.59;5.15892;0;0;0.1;0.01;0;4.51282;0;0;-1
0;529;89.238;43.5626;-9.84382;10.0381;4236.85;6.03576;0;0;0.1;0.01;0;3.29489;0;0;-1
0;530;-93.9387;-16.5783;2.39575;9.45997;3546.16;5.68814;0;0;0.1;0.01;0;3.17036;0;0;-1
0;531;-95.6836;2.72627;3.43312;9.65336;3768.11;5.80443;0;0;0.1;0.01;0;3.78459;0;0;-1
0;532;-95.9059;18.689;2.16074;10.2032;4449.36;6.13504;0;0;0.1;0.01;0;3.23981;0;0;-1
0;533;-79.6766;-55.9206;3.038;8.5;2572.44;5.11093;0;0;0.1;0.01;0;2.63926;1;0;-1
0;534;-82.6266;-41.5233;4.68638;9.80047;3943.02;5.89288;0;0;0.1;0.01;0;4.17526;0;0;-1
0;535;-80.599;-23.225;2.97342;9.80139;3944.13;5.89343;0;0;0.1;0.01;0;6.45435;0;0;-1
0;536;-79.8638;-6.13894;3.72533;9.46528;3552.13;5.69134;0;0;0.1;0.01;0;5.92686;0;0;-1
0;537;-81.793;10.3556;2.71612;8.90491;2957.86;5.35439;0;0;0.1;0.01;0;4.70851;0;0;-1
0;538;-80.6017;25.4923;1.21295;8.5;2572.44;5.11093;0;0;0.1;0.01;0;3.6946;1;0;-1
0;539;-82.6823;44.076;2.77028;10.2457;4505.19;6.16059;0;0;0.1;0.01;0;4.42125;0;0;-1
0;540;-78.9061;61.1288;3.37297;9.4202;3501.62;5.66423;0;0;0.1;0.01;0;2.5588;0;0;-1
0;541;-63.8855;-65.5077;1.68364;8.86781;2921.04;5.33209;0;0;0.1;0.01;0;4.00841;0;0;-1
0;542;-64.279;-47.2862;4.40069;10.2617;4526.33;6.17021;0;0;0.1;0.01;0;6.23404;0;0;-1
0;543;-68.3934;-33.051;3.55613;8.92266;2975.58;5.36507;0;0;0.1;0.01;0;5.75915;0;0;-1
0;544;-67.7969;-14.8226;1.7253;10.4365;4761.6;6.27532;0;0;0.1;0.01;0;6.92734;0;0;-1
0;545;-67.1951;0.398827;3.73645;10.3306;4618.12;6.21164;0;0;0.1;0.01;0;6.93451;0;0;-1
0;546;-64.7309;17.1277;3.3634;10.4477;4776.95;6.28205;0;0;0.1;0.01;0;6.0185;0;0;-1
0;547;-65.1776;36.526;3.09586;10.4249;4745.74;6.26834;0;0;0.1;0.01;0;6.60327;0;0;-1
0;548;-65.5671;52.0309;3.22505;9.47993;3568.65;5.70014;0;0;0.1;0.01;0;5.47954;0;0;-1
0;549;-64.944;70.4119;3.16385;8.5;2572.44;5.11093;0;0;0.1;0.01;0;2.3491;1;0;-1
0;550;-49.9062;-75.3333;3.23902;8.5823;2647.89;5.16041;0;0;0.1;0.01;0;5.00603;0;0;-1
0;551;-50.3426;-59.387;4.2086;8.71413;2771.79;5.23968;0;0;0.1;0.01;0;5.50558;0;0;-1
0;552;-50.955;-42.327;3.33828;8.72965;2786.63;5.24901;0;0;0.1;0.01;0;5.46119;0;0;-1
0;553;-52.1159;-24.475;3.65274;8.58632;2651.61;5.16283;0;0;0.1;0.01;0;4.18607;0;0;-1
0;554;-49.6394;-5.37842;2.1556;8.5;2572.44;5.11093;0;0;0.1;0.01;0;4.35356;1;0;-1
0;555;-52.3023;10.0578;3.75132;8.5;2572.44;5.11093;0;0;0.1;0.01;0;4.98721;1;0;-1
0;556;-52.7546;25.836;2.69907;8.5;2572.44;5.11093;0;0;0.1;0.01;0;5.48503;1;0;-1
0;557;-50.2692;42.9867;5.11589;9.8444;3996.28;5.91929;0;0;0.1;0.01;0;5.97268;0;0;-1
0;558;-50.754;63.4603;1.83376;9.04923;3104.01;5.44117;0;0;0.1;0.01;0;5.21374;0;0;-1
0;559;-51.4583;78.12;1.28633;9.76208;3896.87;5.8698;0;0;0.1;0.01;0;4.43653;0;0;-1
0;560;-34.9782;-84.0131;3.44044;9.36644;3442.01;5.6319;0;0;0.1;0.01;0;5.15499;0;0;-1
0;561;-38.5009;-67.3846;3.24595;9.15764;3216.91;5.50636;0;0;0.1;0.01;0;5.35506;0;0;-1
0;562;-36.7032;-50.3917;4.12257;8.5;2572.44;5.11093;0;0;0.1;0.01;0;5.1729;1;0;-1
0;563;-35.834;-32.6218;2.67955;9.95707;4135.07;5.98704;0;0;0.1;0.01;0;6.05283;0;0;-1
0;564;-38.0809;-14.0887;3.1539;8.97516;3028.41;5.39663;0;0;0.1;0.01;0;4.9825;0;0;-1
0;565;-36.6363;3.18096;4.03461;8.90095;2953.91;5.35201;0;0;0.1;0.01;0;5.85551;0;0;-1
0;566;-38.1402;19.975;2.9189;10.1518;4382.46;6.10413;0;0;0.1;0.01;0;6.86638;0;0;-1
0;567;-38.1965;36.306;1.02687;8.89588;2948.87;5.34896;0;0;0.1;0.01;0;5.93179;0;0;-1
0;568;-35.4178;50.8409;2.86313;9.82839;3976.82;5.90967;0;0;0.1;0.01;0;5.01509;0;0;-1
0;569;-35.7474;71.7385;1.34137;10.4423;4769.55;6.2788;0;0;0.1;0.01;0;6.28635;0;0;-1
0;570;-35.3279;87.8904;3.29401;9.58234;3685.56;5.76172;0;0;0.1;0.01;0;5.14417;0;0;-1
0;571;-20.7788;-93.6582;1.60068;9.51832;3612.18;5.72323;0;0;0.1;0.01;0;4.31181;0;0;-1
0;572;-20.5655;-76.6058;4.59528;8.53528;2604.61;5.13214;0;0;0.1;0.01;0;5.26439;0;0;-1
0;573;-23.6224;-57.6356;1.53953;9.2155;3278.27;5.54115;0;0;0.1;0.01;0;6.00428;0;0;-1
0;574;-23.2224;-40.3598;2.14402;9.25268;3318.11;5.5635;0;0;0.1;0.01;0;6.41755;0;0;-1
0;575;-21.1665;-23.0773;3.57123;8.5;2572.44;5.11093;0;0;0.1;0.01;0;5.39776;1;0;-1
0;576;-20.5812;-5.19415;3.34079;8.55675;2624.31;5.14505;0;0;0.1;0.01;0;6.15972;0;0;-1
0;577;-20.1897;9.99242;4.07068;10.1133;4332.79;6.08098;0;0;0.1;0.01;0;6.89939;0;0;-1
0;578;-23.9414;27.5245;1.88761;8.5874;2652.61;5.16348;0;0;0.1;0.01;0;3.99195;0;0;-1
0;579;-19.9345;46.9947;1.83341;9.19996;3261.72;5.5318;0;0;0.1;0.01;0;4.54724;0;0;-1
0;580;-22.0274;63.3246;2.16403;9.89483;4058.01;5.94962;0;0;0.1;0.01;0;6.6584;0;0;-1
0;581;-22.1853;77.5567;1.90629;9.60554;3712.39;5.77567;0;0;0.1;0.01;0;6.198;0;0;-1
0;582;-23.3664;96.2355;1.3541;9.90756;4073.7;5.95727;0;0;0.1;0.01;0;3.42031;0;0;-1
0;583;-7.07265;-98.9524;0.926807;10.0776;4287.06;6.05951;0;0;0.1;0.01;0;2.97392;0;0;-1
0;584;-5.64508;-81.0544;3.71472;8.73414;2790.93;5.25171;0;0;0.1;0.01;0;5.62667;0;0;-1
0;585;-9.0815;-66.6486;2.76849;10.3839;4689.97;6.24369;0;0;0.1;0.01;0;5.75233;0;0;-1
0;586;-7.63324;-49.2517;2.30905;8.64791;2709.08;5.19986;0;0;0.1;0.01;0;5.09619;0;0;-1
0;587;-7.46674;-29.9736;2.51877;9.4445;3528.79;5.67884;0;0;0.1;0.01;0;6.3531;0;0;-1
0;588;-8.78125;-14.1946;3.11893;9.71029;3835.18;5.83866;0;0;0.1;0.01;0;6.88097;0;0;-1
0;589;-7.88628;1.80454;3.7753;8.5;2572.44;5.11093;0;0;0.1;0.01;0;5.90082;1;0;-1
0;590;-6.29905;17.3574;1.34559;8.51996;2590.61;5.12293;0;0;0.1;0.01;0;5.93131;0;0;-1
0;591;-6.16806;34.6529;3.70427;9.22465;3288.05;5.54665;0;0;0.1;0.01;0;5.50728;0;0;-1
0;592;-5.76273;51.7973;3.53632;8.5;2572.44;5.11093;0;0;0.1;0.01;0;5.86954;1;0;-1
0;593;-7.56688;71.7867;2.3309;10.3283;4615.04;6.21026;0;0;0.1;0.01;0;6.85564;0;0;-1
0;594;-9.20848;88.3788;3.67929;9.77079;3907.31;5.87503;0;0;0.1;0.01;0;4.97503;0;0;-1
0;595;8.04142;-92.1752;3.10109;8.71605;2773.63;5.24083;0;0;0.1;0.01;0;4.70643;0;0;-1
0;596;8.63403;-76.0909;1.82516;9.61678;3725.44;5.78243;0;0;0.1;0.01;0;7.03985;0;0;-1
0;597;5.95556;-58.9249;1.68836;10.096;4310.59;6.07058;0;0;0.1;0.01;0;6.91965;0;0;-1
0;598;7.03722;-42.7384;3.58779;9.83689;3987.15;5.91478;0;0;0.1;0.01;0;6.72598;0;0;-1
0;599;7.5461;-24.9349;1.84796;9.5353;3631.55;5.73344;0;0;0.1;0.01;0;6.50788;0;0;-1
0;600;9.35713;-8.46058;4.44199;10.1237;4346.17;6.08723;0;0;0.1;0.01;0;5.93145;0;0;-1
0;601;5.73199;10.4488;2.77778;8.89902;2951.99;5.35085;0;0;0.1;0.01;0;4.95881;0;0;-1
0;602;7.62885;25.4202;2.12152;9.91149;4078.55;5.95964;0;0;0.1;0.01;0;6.08744;0;0;-1
0;603;8.38615;44.0627;2.35137;8.5;2572.44;5.11093;0;0;0.1;0.01;0;5.04479;1;0;-1
0;604;6.90907;60.3897;1.62662;8.5;2572.44;5.11093;0;0;0.1;0.01;0;5.65737;1;0;-1
0;605;8.8003;76.5036;2.68132;8.62821;2690.61;5.18802;0;0;0.1;0.01;0;5.79857;0;0;-1
0;606;5.61212;97.9064;1.52452;9.70502;3828.93;5.83549;0;0;0.1;0.01;0;2.82539;0;0;-1
0;607;20.4512;-85.2878;2.17813;8.5;2572.44;5.11093;0;0;0.1;0.01;0;4.15117;1;0;-1
0;608;23.7053;-66.3217;2.74244;10.1485;4378.19;6.10215;0;0;0.1;0.01;0;5.92266;0;0;-1
0;609;22.3819;-47.3568;4.38352;8.61569;2678.91;5.18049;0;0;0.1;0.01;0;4.58225;0;0;-1
0;610;21.7407;-31.0903;1.47762;8.5;2572.44;5.11093;0;0;0.1;0.01;0;5.79;1;0;-1
0;611;21.43;-14.7084;1.49316;8.5;2572.44;5.11093;0;0;0.1;0.01;0;5.46869;1;0;-1
0;612;23.2011;4.34004;1.19859;9.49255;3582.92;5.70773;0;0;0.1;0.01;0;5.44653;0;0;-1
0;613;23.3892;20.8355;4.67711;9.56391;3664.33;5.75064;0;0;0.1;0.01;0;6.83861;0;0;-1
0;614;21.9851;37.2945;4.96032;8.5;2572.44;5.11093;0;0;0.1;0.01;0;5.6614;1;0;-1
0;615;22.7759;51.4235;3.72573;9.88732;4048.78;5.9451;0;0;0.1;0.01;0;6.64428;0;0;-1
0;616;21.1337;67.7554;1.65931;9.16445;3224.09;5.51045;0;0;0.1;0.01;0;5.95866;0;0;-1
0;617;21.4056;89.4948;1.13641;10.1186;4339.6;6.08417;0;0;0.1;0.01;0;4.04394;0;0;-1
0;618;38.0422;-75.9273;1.66018;9.44408;3528.32;5.67859;0;0;0.1;0.01;0;6.03087;0;0;-1
0;619;38.5578;-59.6036;4.02302;8.64248;2703.98;5.1966;0;0;0.1;0.01;0;5.22726;0;0;-1
0;620;34.903;-40.149;3.41391;8.9796;3032.91;5.3993;0;0;0.1;0.01;0;5.44892;0;0;-1
0;621;35.0472;-25.7257;1.20057;9.54414;3641.66;5.73875;0;0;0.1;0.01;0;6.10596;0;0;-1
0;622;38.0212;-8.85106;4.48018;9.35846;3433.22;5.62711;0;0;0.1;0.01;0;6.01272;0;0;-1
0;623;37.2328;9.08823;1.45537;9.51894;3612.89;5.7236;0;0;0.1;0.01;0;5.7453;0;0;-1
0;624;36.665;27.2506;2.87069;9.98295;4167.4;6.0026;0;0;0.1;0.01;0;6.51446;0;0;-1
0;625;35.9273;44.5346;1.21265;10.3932;4702.58;6.24928;0;0;0.1;0.01;0;6.87933;0;0;-1
0;626;36.1001;62.7065;3.83188;10.293;4567.88;6.18903;0;0;0.1;0.01;0;7.8246;0;0;-1
0;627;37.664;80.0032;2.52734;10.395;4705.03;6.25036;0;0;0.1;0.01;0;5.13882;0;0;-1
0;628;50.8421;-83.5292;2.89847;8.5;2572.44;5.11093;0;0;0.1;0.01;0;2.98807;1;0;-1
0;629;52.1841;-64.6113;4.04773;9.83279;3982.16;5.91231;0;0;0.1;0.01;0;5.58613;0;0;-1
0;630;50.3218;-48.4683;3.26001;10.1367;4362.93;6.09505;0;0;0.1;0.01;0;6.36336;0;0;-1
0;631;53.4018;-33.6508;4.79537;8.5;2572.44;5.11093;0;0;0.1;0.01;0;5.81167;1;0;-1
0;632;51.3823;-15.8293;2.99197;8.60239;2666.53;5.17249;0;0;0.1;0.01;0;5.119;0;0;-1
0;633;52.1573;1.1364;2.46789;8.51441;2585.55;5.11959;0;0;0.1;0.01;0;5.4348;0;0;-1
0;634;52.3763;17.049;1.66831;9.47502;3563.11;5.69719;0;0;0.1;0.01;0;7.31123;0;0;-1
0;635;50.1821;34.3888;2.73803;9.80689;3950.78;5.89674;0;0;0.1;0.01;0;6.23248;0;0;-1
0;636;51.3748;54.6281;4.70092;8.5;2572.44;5.11093;0;0;0.1;0.01;0;5.01643;1;0;-1
0;637;50.0056;67.7079;3.25608;9.09874;3155.24;5.47094;0;0;0.1;0.01;0;4.69947;0;0;-1
0;638;68.0568;-56.0621;4.68447;9.91865;4087.39;5.96394;0;0;0.1;0.01;0;4.38795;0;0;-1
0;639;67.5926;-39.046;2.40332;9.67029;3787.97;5.81461;0;0;0.1;0.01;0;7.08919;0;0;-1
0;640;64.729;-24.1589;3.89814;8.59961;2663.94;5.17082;0;0;0.1;0.01;0;5.67615;0;0;-1
0;641;67.8241;-6.6554;4.42398;8.5;2572.44;5.11093;0;0;0.1;0.01;0;4.86848;1;0;-1
0;642;65.6257;12.2031;3.83517;10.2544;4516.68;6.16582;0;0;0.1;0.01;0;6.72067;0;0;-1
0;643;65.4894;25.9358;3.94247;8.5;2572.44;5.11093;0;0;0.1;0.01;0;6.09833;1;0;-1
0;644;66.9144;44.3115;4.35831;9.40417;3483.77;5.65459;0;0;0.1;0.01;0;5.6984;0;0;-1
0;645;67.4205;60.1774;4.32449;9.78995;3930.34;5.88655;0;0;0.1;0.01;0;4.46658;0;0;-1
0;646;82.3272;-47.3948;5.10605;9.16647;3226.23;5.51167;0;0;0.1;0.01;0;3.67542;0;0;-1
0;647;82.1695;-33.1118;3.18162;10.4059;4719.84;6.25692;0;0;0.1;0.01;0;5.82291;0;0;-1
0;648;81.3986;-15.8002;3.83935;9.58771;3691.76;5.76495;0;0;0.1;0.01;0;6.48963;0;0;-1
0;649;79.7742;0.0571085;1.87359;9.17655;3236.88;5.51773;0;0;0.1;0.01;0;5.72962;0;0;-1
0;650;80.9772;18.2535;2.44675;9.17519;3235.44;5.51691;0;0;0.1;0.01;0;6.64279;0;0;-1
0;651;82.5375;36.106;4.09174;10.3563;4652.67;6.22709;0;0;0.1;0.01;0;5.55316;0;0;-1
0;652;82.7993;55.3;4.89526;9.98006;4163.78;6.00087;0;0;0.1;0.01;0;2.84946;0;0;-1
0;653;95.838;-23.3891;2.10257;10.372;4673.86;6.23653;0;0;0.1;0.01;0;3.62827;0;0;-1
0;654;96.356;-7.5648;4.22348;9.30892;3378.99;5.59732;0;0;0.1;0.01;0;3.40658;0;0;-1
0;655;94.527;12.1153;1.9378;9.59168;3696.35;5.76734;0;0;0.1;0.01;0;4.21236;0;0;-1
0;656;94.3104;26.6311;4.47886;10.0281;4224.2;6.02975;0;0;0.1;0.01;0;4.46486;0;0;-1
0;657;-86.8354;-40.7488;19.2008;10.0139;4206.28;6.02121;0;0;0.1;0.01;0;3.22323;0;0;-1
0;658;-85.0791;-21.1734;18.5578;9.39531;3473.94;5.64926;0;0;0.1;0.01;0;3.2831;0;0;-1
0;659;-84.8784;-4.98854;19.2735;9.9256;4095.99;5.96812;0;0;0.1;0.01;0;4.60407;0;0;-1
0;660;-86.6472;10.4799;17.19;9.41782;3498.97;5.6628;0;0;0.1;0.01;0;4.71558;0;0;-1
0;661;-85.7254;27.1045;18.3039;8.5;2572.44;5.11093;0;0;0.1;0.01;0;3.21787;1;0;-1
0;662;-84.2584;45.3305;18.9286;8.68184;2741.09;5.22026;0;0;0.1;0.01;0;2.72757;0;0;-1
0;663;-72.1073;-63.6404;19.8431;9.46219;3548.65;5.68948;0;0;0.1;0.01;0;3.35725;0;0;-1
0;664;-70.8137;-48.5648;16.6677;9.04696;3101.68;5.43981;0;0;0.1;0.01;0;6.11345;0;0;-1
0;665;-68.9868;-33.8716;19.1877;8.5;2572.44;5.11093;0;0;0.1;0.01;0;5.46919;1;0;-1
0;666;-71.9578;-13.1859;19.017;9.90376;4069.01;5.95499;0;0;0.1;0.01;0;7.23645;0;0;-1
0;667;-69.3888;2.17332;19.7048;9.7357;3865.36;5.85394;0;0;0.1;0.01;0;6.93219;0;0;-1
0;668;-70.2527;18.6415;19.2995;9.64972;3763.85;5.80224;0;0;0.1;0.01;0;5.80152;0;0;-1
0;669;-70.2951;34.2593;16.7429;8.77909;2834.24;5.27874;0;0;0.1;0.01;0;4.32312;0;0;-1
0;670;-70.2528;52.8872;16.2604;8.5;2572.44;5.11093;0;0;0.1;0.01;0;3.9151;1;0;-1
0;671;-58.0203;-74.9495;17.1222;10.065;4271;6.05194;0;0;0.1;0.01;0;4.51514;0;0;-1
0;672;-57.5003;-58.653;18.7052;9.47117;3558.77;5.69488;0;0;0.1;0.01;0;6.4382;0;0;-1
0;673;-56.2037;-39.5372;17.4591;10.2399;4497.55;6.1571;0;0;0.1;0.01;0;7.40237;0;0;-1
0;674;-57.0875;-23.2705;16.9115;8.9323;2985.23;5.37086;0;0;0.1;0.01;0;5.73366;0;0;-1
0;675;-55.1859;-6.46339;16.0496;9.97374;4155.88;5.99707;0;0;0.1;0.01;0;6.24566;0;0;-1
0;676;-57.1302;8.61565;17.4083;8.70387;2762.01;5.23351;0;0;0.1;0.01;0;5.38349;0;0;-1
0;677;-55.3821;26.772;16.7926;9.65507;3770.12;5.80545;0;0;0.1;0.01;0;5.70809;0;0;-1
0;678;-54.9733;46.8995;18.9439;8.5;2572.44;5.11093;0;0;0.1;0.01;0;4.35216;1;0;-1
0;679;-53.9881;61.9328;18.2849;8.67427;2733.93;5.21571;0;0;0.1;0.01;0;3.80722;0;0;-1
0;680;-53.7937;78.0471;19.6585;9.60026;3706.27;5.7725;0;0;0.1;0.01;0;2.63912;0;0;-1
0;681;-41.6964;-84.6168;16.8507;9.64536;3758.75;5.79962;0;0;0.1;0.01;0;4.32906;0;0;-1
0;682;-40.6308;-67.4698;17.7326;8.98447;3037.85;5.40223;0;0;0.1;0.01;0;5.51468;0;0;-1
0;683;-40.4635;-47.783;16.7434;9.09298;3149.25;5.46748;0;0;0.1;0.01;0;5.25985;0;0;-1
0;684;-42.529;-33.0301;18.196;9.56256;3662.78;5.74983;0;0;0.1;0.01;0;6.35468;0;0;-1
0;685;-42.1601;-13.7559;16.4916;8.5;2572.44;5.11093;0;0;0.1;0.01;0;4.91591;1;0;-1
0;686;-39.9939;2.28149;17.7263;8.8338;2887.56;5.31164;0;0;0.1;0.01;0;5.08451;0;0;-1
0;687;-42.2088;18.685;18.4631;8.81873;2872.81;5.30257;0;0;0.1;0.01;0;5.43325;0;0;-1
0;688;-41.1638;33.736;18.2819;8.97255;3025.77;5.39506;0;0;0.1;0.01;0;5.19047;0;0;-1
0;689;-39.7094;53.2114;18.5414;8.97931;3032.62;5.39913;0;0;0.1;0.01;0;4.73957;0;0;-1
0;690;-39.5884;71.4851;16.3967;10.2106;4459.05;6.13949;0;0;0.1;0.01;0;5.90369;0;0;-1
0;691;-41.5965;87.7436;18.5412;8.98874;3042.18;5.4048;0;0;0.1;0.01;0;2.93114;0;0;-1
0;692;-27.7631;-93.4536;16.826;10.4523;4783.26;6.28482;0;0;0.1;0.01;0;3.97942;0;0;-1
0;693;-27.5099;-72.8534;18.5022;9.83112;3980.13;5.91131;0;0;0.1;0.01;0;6.16595;0;0;-1
0;694;-25.3724;-56.7083;16.2758;8.5;2572.44;5.11093;0;0;0.1;0.01;0;4.45023;1;0;-1
0;695;-24.5036;-40.3801;17.8392;8.88227;2935.35;5.34078;0;0;0.1;0.01;0;5.48612;0;0;-1
0;696;-28.3622;-24.7238;16.318;9.59361;3698.58;5.7685;0;0;0.1;0.01;0;6.04681;0;0;-1
0;697;-28.3808;-7.1858;16.0135;9.33032;3402.34;5.61019;0;0;0.1;0.01;0;5.29149;0;0;-1
0;698;-26.9614;10.6767;16.4889;9.60486;3711.6;5.77526;0;0;0.1;0.01;0;6.09226;0;0;-1
0;699;-27.4514;28.0489;17.3678;9.05772;3112.76;5.44628;0;0;0.1;0.01;0;5.12904;0;0;-1
0;700;-25.4599;45.9301;17.6336;9.58543;3689.13;5.76358;0;0;0.1;0.01;0;5.76679;0;0;-1
0;701;-28.1552;62.0547;16.4014;9.01678;3070.74;5.42166;0;0;0.1;0.01;0;5.90351;0;0;-1
0;702;-27.4132;80.4118;16.3125;10.1887;4430.42;6.12632;0;0;0.1;0.01;0;5.88963;0;0;-1
0;703;-13.2917;-83.6081;17.6377;9.77088;3907.42;5.87509;0;0;0.1;0.01;0;5.45694;0;0;-1
0;704;-13.733;-65.6476;17.0244;8.5;2572.44;5.11093;0;0;0.1;0.01;0;4.20835;1;0;-1
0;705;-11.1812;-47.5353;16.268;9.7905;3931;5.88689;0;0;0.1;0.01;0;5.44868;0;0;-1
0;706;-12.3522;-30.7835;19.3452;8.63701;2698.85;5.19331;0;0;0.1;0.01;0;5.76222;0;0;-1
0;707;-11.5503;-16.1882;17.4757;9.71429;3839.92;5.84106;0;0;0.1;0.01;0;6.34194;0;0;-1
0;708;-13.6689;1.66444;17.1265;10.0878;4300.09;6.06565;0;0;0.1;0.01;0;7.02391;0;0;-1
0;709;-13.1777;20.7896;16.6164;10.0841;4295.36;6.06342;0;0;0.1;0.01;0;6.27059;0;0;-1
0;710;-10.9524;37.3173;17.2907;8.97727;3030.55;5.3979;0;0;0.1;0.01;0;5.49553;0;0;-1
0;711;-10.0213;52.3583;18.2977;10.1287;4352.61;6.09024;0;0;0.1;0.01;0;6.64253;0;0;-1
0;712;-11.668;68.4237;18.365;8.59754;2662.02;5.16958;0;0;0.1;0.01;0;5.20751;0;0;-1
0;713;-11.0511;85.2597;18.6733;8.5;2572.44;5.11093;0;0;0.1;0.01;0;3.73712;1;0;-1
0;714;1.68446;-91.9837;17.4321;10.248;4508.23;6.16197;0;0;0.1;0.01;0;3.90881;0;0;-1
0;715;4.585;-72.2718;15.98;8.68782;2746.76;5.22386;0;0;0.1;0.01;0;5.15395;0;0;-1
0;716;2.81682;-56.9718;17.3365;8.5;2572.44;5.11093;0;0;0.1;0.01;0;5.54387;1;0;-1
0;717;2.96215;-39.8533;16.6707;9.887;4048.39;5.94491;0;0;0.1;0.01;0;6.58493;0;0;-1
0;718;2.38572;-24.4687;16.4672;8.82136;2875.38;5.30416;0;0;0.1;0.01;0;5.63508;0;0;-1
0;719;4.97626;-8.3747;17.1107;8.57217;2638.52;5.15432;0;0;0.1;0.01;0;4.74303;0;0;-1
0;720;4.17086;9.64929;16.3841;9.89258;4055.25;5.94826;0;0;0.1;0.01;0;4.89323;0;0;-1
0;721;2.1598;28.5078;16.6431;9.95865;4137.04;5.98799;0;0;0.1;0.01;0;6.24841;0;0;-1
0;722;2.53463;46.1867;15.6189;8.5982;2662.63;5.16997;0;0;0.1;0.01;0;5.80163;0;0;-1
0;723;2.6606;63.4035;15.8938;10.4039;4717.12;6.25571;0;0;0.1;0.01;0;6.71234;0;0;-1
0;724;0.993445;77.9672;15.9363;8.66392;2724.16;5.20949;0;0;0.1;0.01;0;5.68515;0;0;-1
0;725;4.69782;93.0895;17.7747;8.70908;2766.98;5.23664;0;0;0.1;0.01;0;2.89351;0;0;-1
0;726;17.7761;-82.3801;17.1062;10.0453;4245.97;6.04009;0;0;0.1;0.01;0;5.13206;0;0;-1
0;727;15.7963;-64.4074;16.3767;8.5;2572.44;5.11093;0;0;0.1;0.01;0;4.94396;1;0;-1
0;728;16.0239;-50.0852;18.3102;9.61978;3728.93;5.78423;0;0;0.1;0.01;0;5.55334;0;0;-1
0;729;18.9344;-33.9798;18.1014;8.5;2572.44;5.11093;0;0;0.1;0.01;0;4.31451;1;0;-1
0;730;18.3548;-17.0114;17.3414;9.30503;3374.75;5.59498;0;0;0.1;0.01;0;5.77342;0;0;-1
0;731;17.4603;2.71862;18.49;8.54447;2613.03;5.13767;0;0;0.1;0.01;0;4.73958;0;0;-1
0;732;16.5783;21.1426;16.2198;9.14026;3198.63;5.49591;0;0;0.1;0.01;0;6.27631;0;0;-1
0;733;16.5169;37.0714;17.4441;8.88866;2941.69;5.34462;0;0;0.1;0.01;0;5.88894;0;0;-1
0;734;19.668;52.9295;17.693;8.85858;2911.93;5.32654;0;0;0.1;0.01;0;5.16707;0;0;-1
0;735;16.4146;69.7768;17.3853;8.51644;2587.4;5.12081;0;0;0.1;0.01;0;5.15641;0;0;-1
0;736;17.9171;85.6747;16.4539;9.17315;3233.29;5.51568;0;0;0.1;0.01;0;3.5669;0;0;-1
0;737;33.174;-92.4839;15.9384;9.05955;3114.64;5.44738;0;0;0.1;0.01;0;1.69028;0;0;-1
0;738;33.7888;-73.7674;16.1032;9.51316;3606.31;5.72013;0;0;0.1;0.01;0;5.47776;0;0;-1
0;739;33.1809;-55.2489;18.015;9.15668;3215.9;5.50578;0;0;0.1;0.01;0;4.54295;0;0;-1
0;740;33.6524;-39.0266;18.0724;8.5;2572.44;5.11093;0;0;0.1;0.01;0;5.33062;1;0;-1
0;741;31.437;-24.4818;16.3373;9.37929;3456.2;5.63963;0;0;0.1;0.01;0;6.48113;0;0;-1
0;742;30.7091;-8.05748;18.596;9.30862;3378.66;5.59714;0;0;0.1;0.01;0;5.49613;0;0;-1
0;743;30.5291;11.5662;17.0181;8.87722;2930.35;5.33774;0;0;0.1;0.01;0;5.13287;0;0;-1
0;744;32.0968;26.8759;16.7637;8.78131;2836.39;5.28007;0;0;0.1;0.01;0;5.40275;0;0;-1
0;745;33.2212;45.7685;16.5235;8.5;2572.44;5.11093;0;0;0.1;0.01;0;5.28863;1;0;-1
0;746;30.4873;63.4362;19.4731;9.08213;3137.99;5.46095;0;0;0.1;0.01;0;6.8174;0;0;-1
0;747;30.6505;77.8141;17.8503;9.25776;3323.58;5.56656;0;0;0.1;0.01;0;5.18549;0;0;-1
0;748;45.3101;-81.2486;16.0893;9.99665;4184.58;6.01084;0;0;0.1;0.01;0;4.70863;0;0;-1
0;749;48.9045;-67.6368;17.0083;8.61752;2680.62;5.18159;0;0;0.1;0.01;0;5.08397;0;0;-1
0;750;47.5113;-48.1694;18.5927;8.5;2572.44;5.11093;0;0;0.1;0.01;0;4.60375;1;0;-1
0;751;46.7625;-31.8969;16.6142;9.52674;3621.78;5.72829;0;0;0.1;0.01;0;6.82907;0;0;-1
0;752;46.3591;-15.3159;17.5044;9.96599;4146.2;5.99241;0;0;0.1;0.01;0;6.40203;0;0;-1
0;753;46.2081;4.39441;19.4785;9.61473;3723.06;5.7812;0;0;0.1;0.01;0;5.43061;0;0;-1
0;754;48.7892;20.4699;17.3383;9.77667;3914.37;5.87857;0;0;0.1;0.01;0;6.23091;0;0;-1
0;755;46.8621;34.8769;18.9841;8.5;2572.44;5.11093;0;0;0.1;0.01;0;5.23689;1;0;-1
0;756;45.0853;54.0926;16.5881;10.1386;4365.39;6.09619;0;0;0.1;0.01;0;6.57534;0;0;-1
0;757;46.9754;68.9763;17.7822;8.7934;2848.13;5.28734;0;0;0.1;0.01;0;5.04544;0;0;-1
0;758;45.9426;86.0481;19.6653;8.5;2572.44;5.11093;0;0;0.1;0.01;0;1.28261;1;0;-1
0;759;61.2191;-75.4434;17.4873;9.74749;3879.42;5.86102;0;0;0.1;0.01;0;2.82205;0;0;-1
0;760;62.3046;-57.952;18.1625;8.5;2572.44;5.11093;0;0;0.1;0.01;0;4.94929;1;0;-1
0;761;62.562;-38.7138;16.705;10.097;4311.87;6.07118;0;0;0.1;0.01;0;7.49613;0;0;-1
0;762;60.4205;-24.2752;16.5111;9.90118;4065.83;5.95344;0;0;0.1;0.01;0;7.54537;0;0;-1
0;763;60.3777;-7.40147;16.7458;8.93108;2984.01;5.37013;0;0;0.1;0.01;0;4.81065;0;0;-1
0;764;62.4571;10.6023;16.9668;9.45392;3539.36;5.6845;0;0;0.1;0.01;0;5.78058;0;0;-1
0;765;61.6851;28.5338;16.4756;10.2254;4478.47;6.14838;0;0;0.1;0.01;0;7.22414;0;0;-1
0;766;61.8671;45.2094;19.0367;8.67367;2733.36;5.21535;0;0;0.1;0.01;0;6.08109;0;0;-1
0;767;62.2898;63.6354;19.0477;10.0225;4217.13;6.02638;0;0;0.1;0.01;0;4.83418;0;0;-1
0;768;75.9061;-50.2076;19.513;8.70096;2759.24;5.23176;0;0;0.1;0.01;0;3.01376;0;0;-1
0;769;76.0464;-33.4774;18.3425;10.0886;4301.12;6.06613;0;0;0.1;0.01;0;6.13394;0;0;-1
0;770;77.62;-16.9554;16.7451;8.5;2572.44;5.11093;0;0;0.1;0.01;0;4.9609;1;0;-1
0;771;74.8801;0.857124;19.4086;8.71841;2775.88;5.24225;0;0;0.1;0.01;0;4.44462;0;0;-1
0;772;76.4894;20.1052;16.1838;9.82373;3971.16;5.90687;0;0;0.1;0.01;0;6.53701;0;0;-1
0;773;74.8219;37.9196;19.0715;10.3722;4674.14;6.23665;0;0;0.1;0.01;0;6.73536;0;0;-1
0;774;76.5224;52.4218;18.7575;8.77615;2831.4;5.27697;0;0;0.1;0.01;0;4.5819;0;0;-1
0;775;91.5289;-22.0696;18.6402;9.7875;3927.39;5.88508;0;0;0.1;0.01;0;4.34471;0;0;-1
0;776;92.7478;-7.3583;19.9341;8.5;2572.44;5.11093;0;0;0.1;0.01;0;2.61803;1;0;-1
0;777;91.6978;9.32737;16.2202;9.05672;3111.73;5.44567;0;0;0.1;0.01;0;2.52738;0;0;-1
0;778;89.4645;26.8416;17.3915;9.35384;3428.14;5.62433;0;0;0.1;0.01;0;4.07875;0;0;-1
0;779;-93.586;2.40749;34.5653;8.55786;2625.33;5.14572;0;0;0.1;0.01;0;2.84563;0;0;-1
0;780;-82.0384;-39.7119;31.631;9.85962;4014.85;5.92845;0;0;0.1;0.01;0;3.15541;0;0;-1
0;781;-79.6855;-25.0866;32.4566;9.32437;3395.84;5.60661;0;0;0.1;0.01;0;4.25319;0;0;-1
0;782;-79.0021;-6.09166;34.0229;9.22038;3283.49;5.54408;0;0;0.1;0.01;0;5.97798;0;0;-1
0;783;-80.1804;10.0406;31.8157;8.73128;2788.19;5.24999;0;0;0.1;0.01;0;4.89339;0;0;-1
0;784;-82.6999;25.8716;30.9218;9.40262;3482.05;5.65366;0;0;0.1;0.01;0;2.74818;0;0;-1
0;785;-79.9016;46.0366;31.3464;8.54151;2610.31;5.13589;0;0;0.1;0.01;0;2.20335;0;0;-1
0;786;-65.9587;-66.8867;33.9545;9.46889;3556.2;5.69351;0;0;0.1;0.01;0;3.41769;0;0;-1
0;787;-66.6287;-47.6772;32.2365;9.70994;3834.76;5.83845;0;0;0.1;0.01;0;4.79074;0;0;-1
0;788;-64.305;-30.7691;34.2018;9.95636;4134.19;5.98661;0;0;0.1;0.01;0;6.55714;0;0;-1
0;789;-66.7747;-15.5631;31.0197;8.5;2572.44;5.11093;0;0;0.1;0.01;0;5.95328;1;0;-1
0;790;-65.6084;0.0127993;34.1262;8.9441;2997.08;5.37796;0;0;0.1;0.01;0;5.98637;0;0;-1
0;791;-66.5492;18.1323;33.8902;8.5;2572.44;5.11093;0;0;0.1;0.01;0;4.42979;1;0;-1
0;792;-64.4068;35.1654;31.6564;8.58667;2651.94;5.16304;0;0;0.1;0.01;0;4.16639;0;0;-1
0;793;-66.841;53.061;33.2046;9.91933;4088.23;5.96435;0;0;0.1;0.01;0;3.57253;0;0;-1
0;794;-53.1858;-73.3266;30.6156;10.1149;4334.84;6.08194;0;0;0.1;0.01;0;4.85166;0;0;-1
0;795;-50.1844;-58.7155;30.982;9.48167;3570.62;5.70119;0;0;0.1;0.01;0;6.02547;0;0;-1
0;796;-49.8365;-38.4021;31.6498;9.72083;3847.68;5.84499;0;0;0.1;0.01;0;6.12807;0;0;-1
0;797;-52.806;-21.2937;31.1159;8.5;2572.44;5.11093;0;0;0.1;0.01;0;4.91623;1;0;-1
0;798;-52.7041;-7.29077;34.1945;9.66627;3783.25;5.81219;0;0;0.1;0.01;0;4.47928;0;0;-1
0;799;-51.6698;11.871;31.7832;8.5;2572.44;5.11093;0;0;0.1;0.01;0;4.16151;1;0;-1
0;800;-50.7144;29.4025;32.6097;8.5;2572.44;5.11093;0;0;0.1;0.01;0;5.23905;1;0;-1
0;801;-52.7777;43.3412;33.1247;8.5;2572.44;5.11093;0;0;0.1;0.01;0;5.24072;1;0;-1
0;802;-51.6397;60.0673;33.9691;8.5;2572.44;5.11093;0;0;0.1;0.01;0;4.2398;1;0;-1
0;803;-35.6421;-85.395;34.286;10.1766;4414.65;6.11904;0;0;0.1;0.01;0;3.63694;0;0;-1
0;804;-37.9988;-66.3771;31.2848;8.5;2572.44;5.11093;0;0;0.1;0.01;0;4.55948;1;0;-1
0;805;-37.9467;-47.292;33.1285;9.74583;3877.44;5.86003;0;0;0.1;0.01;0;5.9655;0;0;-1
0;806;-34.4727;-33.0328;33.0314;10.2533;4515.23;6.16516;0;0;0.1;0.01;0;6.52112;0;0;-1
0;807;-35.1768;-16.2805;32.7182;8.8572;2910.57;5.32571;0;0;0.1;0.01;0;4.13002;0;0;-1
0;808;-35.3364;2.97953;32.2925;8.80953;2863.83;5.29704;0;0;0.1;0.01;0;4.53397;0;0;-1
0;809;-38.3053;17.6725;32.7571;8.96634;3019.49;5.39133;0;0;0.1;0.01;0;4.90156;0;0;-1
0;810;-36.9817;37.9436;31.6611;9.65063;3764.92;5.80278;0;0;0.1;0.01;0;6.08265;0;0;-1
0;811;-36.842;52.4727;32.4147;8.9865;3039.91;5.40345;0;0;0.1;0.01;0;5.22459;0;0;-1
0;812;-37.9066;69.1912;32.1237;8.5;2572.44;5.11093;0;0;0.1;0.01;0;3.35695;1;0;-1
0;813;-20.9667;-91.0258;34.0189;9.86408;4020.3;5.93113;0;0;0.1;0.01;0;3.76536;0;0;-1
0;814;-22.9267;-74.302;32.2364;8.5;2572.44;5.11093;0;0;0.1;0.01;0;5.12012;1;0;-1
0;815;-22.8338;-57.0513;34.4243;8.61747;2680.57;5.18156;0;0;0.1;0.01;0;4.58492;0;0;-1
0;816;-21.8595;-42.7385;31.8902;8.61331;2676.69;5.17906;0;0;0.1;0.01;0;5.67907;0;0;-1
0;817;-20.4313;-21.663;31.3778;8.5;2572.44;5.11093;0;0;0.1;0.01;0;3.95889;1;0;-1
0;818;-20.9547;-4.75324;34.0495;9.37895;3455.82;5.63943;0;0;0.1;0.01;0;5.89956;0;0;-1
0;819;-21.7914;11.1924;31.6428;8.93559;2988.53;5.37284;0;0;0.1;0.01;0;5.87736;0;0;-1
0;820;-22.9953;29.3674;33.7823;9.49202;3582.32;5.70741;0;0;0.1;0.01;0;5.55514;0;0;-1
0;821;-20.7359;44.2986;33.8107;9.19925;3260.96;5.53138;0;0;0.1;0.01;0;6.29423;0;0;-1
0;822;-20.4364;59.6976;30.9808;8.65751;2718.11;5.20564;0;0;0.1;0.01;0;5.12062;0;0;-1
0;823;-21.7702;76.7136;32.6774;10.0526;4255.24;6.04448;0;0;0.1;0.01;0;4.73786;0;0;-1
0;824;-6.81893;-81.4828;33.0059;10.2345;4490.44;6.15386;0;0;0.1;0.01;0;5.73654;0;0;-1
0;825;-7.58105;-65.8532;32.0395;9.11861;3175.96;5.48289;0;0;0.1;0.01;0;4.85262;0;0;-1
0;826;-8.80829;-46.9411;30.7944;9.1191;3176.47;5.48318;0;0;0.1;0.01;0;5.15061;0;0;-1
0;827;-5.46034;-32.6265;31.1743;8.5;2572.44;5.11093;0;0;0.1;0.01;0;4.74314;1;0;-1
0;828;-8.84293;-13.176;31.5894;10.4144;4731.42;6.26203;0;0;0.1;0.01;0;6.59118;0;0;-1
0;829;-7.46508;3.47841;31.9483;9.30981;3379.96;5.59785;0;0;0.1;0.01;0;6.08577;0;0;-1
0;830;-6.85589;20.9981;33.633;10.0649;4270.88;6.05188;0;0;0.1;0.01;0;5.67646;0;0;-1
0;831;-7.47984;37.7954;34.0828;9.13604;3194.2;5.49337;0;0;0.1;0.01;0;6.14339;0;0;-1
0;832;-5.85412;51.725;33.6877;8.5;2572.44;5.11093;0;0;0.1;0.01;0;5.49206;1;0;-1
0;833;-7.20117;69.7843;32.4012;8.73803;2794.66;5.25405;0;0;0.1;0.01;0;4.34861;0;0;-1
0;834;-6.78294;88.6495;31.133;8.56897;2635.57;5.1524;0;0;0.1;0.01;0;2.16805;0;0;-1
0;835;8.24907;-89.4364;34.663;8.757;2812.9;5.26546;0;0;0.1;0.01;0;3.183;0;0;-1
0;836;7.70514;-74.4733;32.4959;10.4534;4784.77;6.28548;0;0;0.1;0.01;0;7.03339;0;0;-1
0;837;6.34582;-58.9451;31.8189;8.79873;2853.31;5.29055;0;0;0.1;0.01;0;5.10429;0;0;-1
0;838;8.48724;-42.916;33.2021;10.0561;4259.68;6.04659;0;0;0.1;0.01;0;6.75179;0;0;-1
0;839;6.86529;-23.883;32.7604;8.90408;2957.03;5.35389;0;0;0.1;0.01;0;4.87993;0;0;-1
0;840;7.21247;-6.04344;33.7248;9.87605;4034.95;5.93833;0;0;0.1;0.01;0;6.05162;0;0;-1
0;841;5.65143;8.7916;34.3813;9.10205;3158.68;5.47293;0;0;0.1;0.01;0;4.74252;0;0;-1
0;842;8.33826;27.8177;31.0499;9.25309;3318.55;5.56375;0;0;0.1;0.01;0;5.15898;0;0;-1
0;843;6.78873;42.8939;30.591;10.1876;4428.99;6.12566;0;0;0.1;0.01;0;6.42118;0;0;-1
0;844;8.63801;61.5744;30.901;8.68436;2743.48;5.22178;0;0;0.1;0.01;0;4.75598;0;0;-1
0;845;9.12248;78.9325;31.9006;9.46328;3549.88;5.69013;0;0;0.1;0.01;0;4.70537;0;0;-1
0;846;23.1437;-82.6666;33.8557;9.93443;4106.93;5.97343;0;0;0.1;0.01;0;4.76789;0;0;-1
0;847;22.6502;-67.9634;33.0039;9.85623;4010.71;5.92641;0;0;0.1;0.01;0;5.40358;0;0;-1
0;848;23.8665;-47.7339;33.3851;8.90151;2954.47;5.35235;0;0;0.1;0.01;0;5.89692;0;0;-1
0;849;21.1384;-32.2909;32.4659;10.1635;4397.63;6.11117;0;0;0.1;0.01;0;7.03914;0;0;-1
0;850;22.1143;-14.0045;32.2165;10.1553;4386.99;6.10623;0;0;0.1;0.01;0;6.79504;0;0;-1
0;851;22.3371;0.483686;30.9389;8.92445;2977.37;5.36614;0;0;0.1;0.01;0;5.12785;0;0;-1
0;852;23.0063;19.3369;30.4842;9.06881;3124.2;5.45294;0;0;0.1;0.01;0;4.82351;0;0;-1
0;853;22.1073;37.5563;33.9869;9.3486;3422.38;5.62118;0;0;0.1;0.01;0;5.73665;0;0;-1
0;854;23.7941;51.3876;32.5748;9.90615;4071.96;5.95642;0;0;0.1;0.01;0;6.81229;0;0;-1
0;855;22.3282;68.7568;30.9991;8.75237;2808.44;5.26267;0;0;0.1;0.01;0;5.90319;0;0;-1
0;856;20.8568;89.3904;34.2253;9.34689;3420.5;5.62015;0;0;0.1;0.01;0;1.60255;0;0;-1
0;857;35.7806;-74.7233;32.7952;8.5;2572.44;5.11093;0;0;0.1;0.01;0;3.42669;1;0;-1
0;858;37.1885;-55.0842;32.8393;9.55435;3653.36;5.74489;0;0;0.1;0.01;0;5.76219;0;0;-1
0;859;35.5734;-38.4168;30.8917;8.5;2572.44;5.11093;0;0;0.1;0.01;0;5.30856;1;0;-1
0;860;37.5006;-21.9786;32.187;8.5;2572.44;5.11093;0;0;0.1;0.01;0;4.75422;1;0;-1
0;861;35.8997;-4.81272;33.2098;9.17157;3231.62;5.51473;0;0;0.1;0.01;0;5.72553;0;0;-1
0;862;38.7434;9.35438;32.4857;8.59517;2659.82;5.16815;0;0;0.1;0.01;0;4.91466;0;0;-1
0;863;38.104;25.5604;33.0004;9.81869;3965.06;5.90384;0;0;0.1;0.01;0;5.59299;0;0;-1
0;864;38.3511;43.1674;33.0893;9.76301;3897.98;5.87036;0;0;0.1;0.01;0;6.01882;0;0;-1
0;865;35.3787;61.8621;33.7018;9.76121;3895.83;5.86927;0;0;0.1;0.01;0;6.6262;0;0;-1
0;866;36.8575;77.2508;32.1596;10.0224;4217;6.02632;0;0;0.1;0.01;0;5.23639;0;0;-1
0;867;52.8298;-64.6646;31.9367;9.06145;3116.6;5.44852;0;0;0.1;0.01;0;3.9731;0;0;-1
0;868;53.1639;-49.3389;32.1246;9.43641;3519.73;5.67398;0;0;0.1;0.01;0;5.65629;0;0;-1
0;869;52.0721;-33.3873;32.4022;9.52844;3623.71;5.72931;0;0;0.1;0.01;0;6.14045;0;0;-1
0;870;51.5481;-17.3169;31.5975;9.93219;4104.15;5.97208;0;0;0.1;0.01;0;6.32063;0;0;-1
0;871;53.2131;0.916975;33.8737;10.0205;4214.6;6.02518;0;0;0.1;0.01;0;6.86788;0;0;-1
0;872;52.4614;17.8223;33.3861;8.9672;3020.36;5.39185;0;0;0.1;0.01;0;6.01683;0;0;-1
0;873;53.4767;38.1442;32.2355;8.9671;3020.26;5.39179;0;0;0.1;0.01;0;6.03664;0;0;-1
0;874;53.2645;53.1789;33.3268;9.60563;3712.5;5.77573;0;0;0.1;0.01;0;6.9691;0;0;-1
0;875;51.4248;68.3304;32.4151;9.14929;3208.12;5.50134;0;0;0.1;0.01;0;4.86896;0;0;-1
0;876;67.2585;-58.0706;32.4294;8.83388;2887.64;5.31168;0;0;0.1;0.01;0;3.29181;0;0;-1
0;877;67.6945;-38.6017;31.5525;9.31078;3381.01;5.59844;0;0;0.1;0.01;0;5.3465;0;0;-1
0;878;66.3894;-21.8179;31.9621;9.12977;3187.63;5.4896;0;0;0.1;0.01;0;5.27331;0;0;-1
0;879;66.9422;-4.76972;32.6246;9.85842;4013.38;5.92772;0;0;0.1;0.01;0;5.72553;0;0;-1
0;880;67.209;10.3603;32.9736;8.94914;3002.15;5.38099;0;0;0.1;0.01;0;6.55182;0;0;-1
0;881;66.213;28.0126;33.7888;8.61621;2679.4;5.1808;0;0;0.1;0.01;0;5.82179;0;0;-1
0;882;67.3145;45.643;31.0837;9.11558;3172.79;5.48107;0;0;0.1;0.01;0;6.46722;0;0;-1
0;883;67.0117;59.5001;32.0808;9.87652;4035.53;5.93861;0;0;0.1;0.01;0;4.75478;0;0;-1
0;884;79.9427;-30.2581;33.8306;9.91075;4077.63;5.95919;0;0;0.1;0.01;0;4.39878;0;0;-1
0;885;80.1742;-15.9657;30.7253;8.8039;2858.34;5.29366;0;0;0.1;0.01;0;4.50568;0;0;-1
0;886;79.6565;3.68909;33.5508;10.0827;4293.58;6.06258;0;0;0.1;0.01;0;4.94866;0;0;-1
0;887;80.7153;19.6986;34.1963;8.73611;2792.82;5.2529;0;0;0.1;0.01;0;3.84963;0;0;-1
0;888;80.5438;33.6375;31.9274;8.98096;3034.29;5.40012;0;0;0.1;0.01;0;4.25591;0;0;-1
0;889;-86.3534;-6.44287;47.238;9.7781;3916.08;5.87943;0;0;0.1;0.01;0;3.2441;0;0;-1
0;890;-85.66;9.85666;47.7994;10.4049;4718.48;6.25632;0;0;0.1;0.01;0;3.02228;0;0;-1
0;891;-69.0174;-49.9842;48.7925;10.4318;4755.17;6.27249;0;0;0.1;0.01;0;2.88097;0;0;-1
0;892;-69.3923;-33.7467;47.9853;8.5;2572.44;5.11093;0;0;0.1;0.01;0;4.09348;1;0;-1
0;893;-69.3636;-13.3647;47.6919;9.91875;4087.52;5.964;0;0;0.1;0.01;0;5.72821;0;0;-1
0;894;-71.5166;0.83763;46.7777;8.91111;2964.04;5.35812;0;0;0.1;0.01;0;5.62314;0;0;-1
0;895;-68.5671;18.0397;47.0542;8.75571;2811.66;5.26468;0;0;0.1;0.01;0;3.93457;0;0;-1
0;896;-70.5788;36.46;49.3627;9.25688;3322.63;5.56603;0;0;0.1;0.01;0;1.72419;0;0;-1
0;897;-56.6357;-59.6053;46.1544;8.92538;2978.3;5.3667;0;0;0.1;0.01;0;4.10101;0;0;-1
0;898;-57.0576;-39.1331;47.6029;9.30218;3371.65;5.59327;0;0;0.1;0.01;0;5.7772;0;0;-1
0;899;-57.0483;-23.2638;47.2562;8.5;2572.44;5.11093;0;0;0.1;0.01;0;5.45169;1;0;-1
0;900;-56.8255;-6.91401;48.8069;9.56046;3660.37;5.74857;0;0;0.1;0.01;0;5.90615;0;0;-1
0;901;-54.5988;12.7584;45.9824;8.6949;2753.48;5.22812;0;0;0.1;0.01;0;4.42059;0;0;-1
0;902;-57.7001;29.7451;45.9858;8.5;2572.44;5.11093;0;0;0.1;0.01;0;4.65877;1;0;-1
0;903;-56.3035;45.9448;47.0272;8.5;2572.44;5.11093;0;0;0.1;0.01;0;4.46064;1;0;-1
0;904;-54.4427;61.3002;46.4124;8.73256;2789.42;5.25076;0;0;0.1;0.01;0;3.49939;0;0;-1
0;905;-40.6526;-64.3881;45.8742;8.77308;2828.43;5.27513;0;0;0.1;0.01;0;3.66363;0;0;-1
0;906;-40.4073;-50.578;48.207;9.14813;3206.9;5.50064;0;0;0.1;0.01;0;5.1587;0;0;-1
0;907;-43.201;-30.0682;46.096;10.1709;4407.24;6.11561;0;0;0.1;0.01;0;6.05319;0;0;-1
0;908;-41.5037;-14.2972;49.0784;8.5;2572.44;5.11093;0;0;0.1;0.01;0;4.98979;1;0;-1
0;909;-41.6399;0.769585;49.2642;8.65928;2719.78;5.2067;0;0;0.1;0.01;0;4.59972;0;0;-1
0;910;-42.0982;16.7759;48.272;10.2808;4551.66;6.1817;0;0;0.1;0.01;0;5.92192;0;0;-1
0;911;-42.3283;35.8746;45.2265;8.59133;2656.26;5.16584;0;0;0.1;0.01;0;4.94972;0;0;-1
0;912;-41.2181;53.2402;48.903;10.1348;4360.48;6.09391;0;0;0.1;0.01;0;6.53496;0;0;-1
0;913;-42.4826;69.7213;48.0965;9.85071;4003.97;5.92309;0;0;0.1;0.01;0;4.23808;0;0;-1
0;914;-27.8273;-76.7448;46.74;9.0812;3137.03;5.46039;0;0;0.1;0.01;0;2.96248;0;0;-1
0;915;-26.1681;-55.5042;48.3203;8.59395;2658.69;5.16742;0;0;0.1;0.01;0;5.99585;0;0;-1
0;916;-27.6843;-41.4896;46.5306;9.63897;3751.29;5.79577;0;0;0.1;0.01;0;7.57681;0;0;-1
0;917;-28.0325;-24.2546;49.4391;8.5;2572.44;5.11093;0;0;0.1;0.01;0;4.80496;1;0;-1
0;918;-25.7072;-8.79504;47.3306;8.5;2572.44;5.11093;0;0;0.1;0.01;0;4.63831;1;0;-1
0;919;-26.6759;12.0294;46.5393;9.92574;4096.16;5.9682;0;0;0.1;0.01;0;5.77777;0;0;-1
0;920;-26.9564;29.5842;48.5562;10.2075;4454.99;6.13762;0;0;0.1;0.01;0;7.06207;0;0;-1
0;921;-26.3521;45.1494;48.8438;9.22863;3292.31;5.54904;0;0;0.1;0.01;0;6.11654;0;0;-1
0;922;-25.8938;60.8788;46.5212;10.3198;4603.65;6.20515;0;0;0.1;0.01;0;6.87367;0;0;-1
0;923;-25.5709;79.3346;48.5004;9.1597;3219.08;5.50759;0;0;0.1;0.01;0;3.17693;0;0;-1
0;924;-12.3645;-80.7847;46.0117;8.874;2927.16;5.33581;0;0;0.1;0.01;0;3.07279;0;0;-1
0;925;-11.8832;-64.6893;47.9608;8.62741;2689.86;5.18754;0;0;0.1;0.01;0;4.45606;0;0;-1
0;926;-13.4927;-47.9726;46.5728;10.3686;4669.27;6.23449;0;0;0.1;0.01;0;7.52055;0;0;-1
0;927;-12.6913;-33.5677;49.1082;10.005;4195.08;6.01586;0;0;0.1;0.01;0;5.88187;0;0;-1
0;928;-11.415;-13.8842;48.6902;9.93402;4106.42;5.97318;0;0;0.1;0.01;0;6.77116;0;0;-1
0;929;-11.0332;0.269642;46.1061;9.49154;3581.78;5.70713;0;0;0.1;0.01;0;6.64952;0;0;-1
0;930;-13.1738;19.5089;47.8648;10.0132;4205.4;6.02079;0;0;0.1;0.01;0;6.25716;0;0;-1
0;931;-11.2562;37.0956;49.0553;8.84922;2902.71;5.32091;0;0;0.1;0.01;0;6.45006;0;0;-1
0;932;-12.2009;52.5432;48.7868;9.02879;3083.03;5.42888;0;0;0.1;0.01;0;7.20839;0;0;-1
0;933;-11.7503;69.7912;48.0774;10.1432;4371.33;6.09896;0;0;0.1;0.01;0;5.86766;0;0;-1
0;934;-12.8194;86.6139;47.9959;8.5;2572.44;5.11093;0;0;0.1;0.01;0;1.66533;1;0;-1
0;935;2.05832;-73.14;45.88;8.5;2572.44;5.11093;0;0;0.1;0.01;0;4.91088;1;0;-1
0;936;1.61182;-59.4353;46.6221;8.99434;3047.87;5.40817;0;0;0.1;0.01;0;5.60839;0;0;-1
0;937;2.3547;-42.2781;46.9531;9.40872;3488.83;5.65733;0;0;0.1;0.01;0;5.6515;0;0;-1
0;938;1.44676;-22.4101;48.5071;9.3869;3464.62;5.64421;0;0;0.1;0.01;0;5.82124;0;0;-1
0;939;4.30908;-5.38679;49.0448;9.50215;3593.8;5.7135;0;0;0.1;0.01;0;6.81167;0;0;-1
0;940;3.22299;8.86689;49.2416;9.40384;3483.41;5.65439;0;0;0.1;0.01;0;5.80825;0;0;-1
0;941;1.82474;29.6382;47.3212;8.5;2572.44;5.11093;0;0;0.1;0.01;0;5.04982;1;0;-1
0;942;1.08892;45.5449;47.5949;8.53776;2606.88;5.13363;0;0;0.1;0.01;0;6.17208;0;0;-1
0;943;1.48786;60.6211;45.6722;9.03964;3094.15;5.4354;0;0;0.1;0.01;0;5.43714;0;0;-1
0;944;4.9328;79.7292;48.6605;10.1102;4328.8;6.07912;0;0;0.1;0.01;0;3.00475;0;0;-1
0;945;18.9279;-84.4733;48.8892;8.82496;2878.9;5.30632;0;0;0.1;0.01;0;1.95614;0;0;-1
0;946;18.2801;-65.9323;46.7094;9.13393;3191.99;5.4921;0;0;0.1;0.01;0;4.69437;0;0;-1
0;947;16.928;-49.4172;46.2862;8.5;2572.44;5.11093;0;0;0.1;0.01;0;4.61447;1;0;-1
0;948;19.3938;-34.4002;45.9316;10.2763;4545.68;6.17899;0;0;0.1;0.01;0;6.56767;0;0;-1
0;949;16.1474;-14.859;48.4545;9.22523;3288.67;5.547;0;0;0.1;0.01;0;6.34217;0;0;-1
0;950;18.7795;1.80606;48.5206;8.50641;2578.26;5.11478;0;0;0.1;0.01;0;5.6582;0;0;-1
0;951;17.3929;17.4882;46.7748;9.55479;3653.86;5.74516;0;0;0.1;0.01;0;5.23418;0;0;-1
0;952;16.0252;36.3959;49.0139;8.5;2572.44;5.11093;0;0;0.1;0.01;0;4.95198;1;0;-1
0;953;19.2389;50.8476;45.5639;9.03341;3087.76;5.43166;0;0;0.1;0.01;0;5.11281;0;0;-1
0;954;17.415;71.0971;46.7954;9.52319;3617.73;5.72616;0;0;0.1;0.01;0;4.54276;0;0;-1
0;955;33.2062;-74.277;48.7934;8.9766;3029.87;5.3975;0;0;0.1;0.01;0;3.24365;0;0;-1
0;956;33.1111;-57.134;47.8284;9.60965;3717.16;5.77814;0;0;0.1;0.01;0;6.04678;0;0;-1
0;957;33.4734;-39.2156;45.8224;9.85133;4004.73;5.92346;0;0;0.1;0.01;0;6.54263;0;0;-1
0;958;30.7972;-22.5142;46.1743;9.98303;4167.5;6.00265;0;0;0.1;0.01;0;6.38814;0;0;-1
0;959;31.9809;-5.04241;47.7739;9.48791;3577.67;5.70494;0;0;0.1;0.01;0;5.83433;0;0;-1
0;960;33.2574;12.0668;47.6419;9.44032;3524.1;5.67633;0;0;0.1;0.01;0;5.47892;0;0;-1
0;961;30.688;25.7838;46.9797;9.75134;3884.02;5.86334;0;0;0.1;0.01;0;6.52813;0;0;-1
0;962;32.7099;43.2057;48.5162;8.95476;3007.81;5.38437;0;0;0.1;0.01;0;6.116;0;0;-1
0;963;31.8868;59.3282;48.6123;9.99243;4179.28;6.0083;0;0;0.1;0.01;0;6.93092;0;0;-1
0;964;30.9329;76.2526;47.6988;9.44588;3530.33;5.67967;0;0;0.1;0.01;0;4.12582;0;0;-1
0;965;45.9653;-63.7051;46.5659;8.50235;2574.57;5.11234;0;0;0.1;0.01;0;3.30892;0;0;-1
0;966;46.176;-47.4734;47.5687;10.2055;4452.37;6.13642;0;0;0.1;0.01;0;6.42895;0;0;-1
0;967;47.6497;-31.4619;46.293;8.5;2572.44;5.11093;0;0;0.1;0.01;0;5.04314;1;0;-1
0;968;45.2322;-13.9404;49.0276;9.26855;3335.22;5.57304;0;0;0.1;0.01;0;5.88919;0;0;-1
0;969;45.8974;-0.223757;45.3753;8.5;2572.44;5.11093;0;0;0.1;0.01;0;5.34685;1;0;-1
0;970;47.7163;20.7876;46.8822;10.0206;4214.73;6.02524;0;0;0.1;0.01;0;7.16722;0;0;-1
0;971;45.3031;36.6191;48.591;9.44979;3534.72;5.68202;0;0;0.1;0.01;0;6.79972;0;0;-1
0;972;46.47;54.771;49.1028;9.69619;3818.49;5.83018;0;0;0.1;0.01;0;5.88069;0;0;-1
0;973;45.6616;72.0069;48.4232;9.86394;4020.13;5.93104;0;0;0.1;0.01;0;3.34167;0;0;-1
0;974;63.7038;-58.7701;46.4841;8.74716;2803.43;5.25954;0;0;0.1;0.01;0;2.38123;0;0;-1
0;975;62.0146;-42.3749;47.6447;9.36522;3440.67;5.63117;0;0;0.1;0.01;0;5.04889;0;0;-1
0;976;59.8928;-24.0739;48.5213;8.5;2572.44;5.11093;0;0;0.1;0.01;0;4.86001;1;0;-1
0;977;63.607;-8.69959;46.8183;10.1425;4370.42;6.09854;0;0;0.1;0.01;0;6.67305;0;0;-1
0;978;60.6619;8.13234;47.1509;9.86993;4027.46;5.93465;0;0;0.1;0.01;0;6.38306;0;0;-1
0;979;61.5234;26.8096;46.1099;9.90075;4065.3;5.95318;0;0;0.1;0.01;0;6.42643;0;0;-1
0;980;60.1724;43.6479;46.0423;10.1384;4365.13;6.09607;0;0;0.1;0.01;0;6.24334;0;0;-1
0;981;61.1701;61.0015;46.9949;9.12844;3186.24;5.4888;0;0;0.1;0.01;0;3.76014;0;0;-1
0;982;77.2945;-30.3705;48.6476;8.61289;2676.3;5.17881;0;0;0.1;0.01;0;2.62373;0;0;-1
0;983;77.1315;-17.0973;47.7265;8.5;2572.44;5.11093;0;0;0.1;0.01;0;3.1624;1;0;-1
0;984;75.5661;1.83137;46.5451;9.84126;3992.46;5.91741;0;0;0.1;0.01;0;5.04814;0;0;-1
0;985;78.6929;17.3391;48.7994;10.0526;4255.24;6.04448;0;0;0.1;0.01;0;4.18505;0;0;-1
0;986;75.2842;34.6932;45.9226;10.2898;4563.62;6.18711;0;0;0.1;0.01;0;4.40756;0;0;-1
0;987;-65.6127;-30.2879;62.2633;8.57744;2643.39;5.15749;0;0;0.1;0.01;0;3.43716;0;0;-1
0;988;-66.5757;-15.423;63.5455;8.87947;2932.58;5.3391;0;0;0.1;0.01;0;3.54063;0;0;-1
0;989;-66.6911;0.548036;61.3306;8.52153;2592.04;5.12387;0;0;0.1;0.01;0;3.48017;0;0;-1
0;990;-66.1519;19.515;63.9329;9.60852;3715.85;5.77746;0;0;0.1;0.01;0;3.3555;0;0;-1
0;991;-51.8168;-58.4798;60.4495;9.06277;3117.97;5.44931;0;0;0.1;0.01;0;2.13878;0;0;-1
0;992;-51.4193;-38.7582;63.6253;10.4312;4754.35;6.27213;0;0;0.1;0.01;0;5.19766;0;0;-1
0;993;-50.7478;-24.5012;63.3035;8.99047;3043.94;5.40584;0;0;0.1;0.01;0;6.41055;0;0;-1
0;994;-52.7036;-8.79098;61.3358;8.75928;2815.1;5.26683;0;0;0.1;0.01;0;4.57226;0;0;-1
0;995;-53.4875;10.3306;61.6417;10.3467;4639.75;6.22132;0;0;0.1;0.01;0;5.60367;0;0;-1
0;996;-53.0226;27.1254;62.111;8.5119;2583.26;5.11808;0;0;0.1;0.01;0;4.04342;0;0;-1
0;997;-51.7522;46.522;61.8005;9.49673;3587.66;5.71025;0;0;0.1;0.01;0;3.02859;0;0;-1
0;998;-36.3735;-47.5568;60.5204;9.31429;3384.84;5.60055;0;0;0.1;0.01;0;6.18565;0;0;-1
0;999;-36.9166;-33.1689;64.168;8.56914;2635.73;5.1525;0;0;0.1;0.01;0;5.89176;0;0;-1
0;1000;-35.4744;-15.6543;62.6762;9.77893;3917.08;5.87993;0;0;0.1;0.01;0;6.62115;0;0;-1
0;1001;-36.1657;1.45562;63.9649;8.73934;2795.92;5.25484;0;0;0.1;0.01;0;4.87646;0;0;-1
0;1002;-35.0648;19.588;62.2278;8.80965;2863.94;5.29711;0;0;0.1;0.01;0;5.88929;0;0;-1
0;1003;-35.2284;37.0918;60.6602;9.96828;4149.06;5.99378;0;0;0.1;0.01;0;6.29398;0;0;-1
0;1004;-38.3067;52.2606;63.8404;9.47991;3568.63;5.70013;0;0;0.1;0.01;0;3.94479;0;0;-1
0;1005;-38.3136;67.9571;60.6949;9.61487;3723.22;5.78128;0;0;0.1;0.01;0;3.1854;0;0;-1
0;1006;-21.3189;-73.2308;63.7655;8.5;2572.44;5.11093;0;0;0.1;0.01;0;1.71363;1;0;-1
0;1007;-23.2941;-57.0282;62.2456;10.4;4711.82;6.25337;0;0;0.1;0.01;0;6.18628;0;0;-1
0;1008;-22.2421;-40.8621;61.3907;10.2717;4539.58;6.17622;0;0;0.1;0.01;0;8.0294;0;0;-1
0;1009;-21.3041;-22.7363;63.66;8.53442;2603.82;5.13162;0;0;0.1;0.01;0;6.24312;0;0;-1
0;1010;-21.9767;-5.56883;62.1267;10.3597;4657.26;6.22914;0;0;0.1;0.01;0;6.43842;0;0;-1
0;1011;-22.1201;10.5235;60.8535;8.5;2572.44;5.11093;0;0;0.1;0.01;0;3.63276;1;0;-1
0;1012;-23.7881;26.81;63.5241;9.01866;3072.66;5.42279;0;0;0.1;0.01;0;4.69332;0;0;-1
0;1013;-22.4077;44.4749;62.8115;9.87176;4029.7;5.93575;0;0;0.1;0.01;0;6.77189;0;0;-1
0;1014;-21.8322;59.7002;60.1783;8.81698;2871.1;5.30152;0;0;0.1;0.01;0;5.43831;0;0;-1
0;1015;-7.87784;-67.6895;60.344;8.52518;2595.37;5.12607;0;0;0.1;0.01;0;3.89118;0;0;-1
0;1016;-7.86968;-47.7055;63.1283;10.2311;4485.96;6.15181;0;0;0.1;0.01;0;6.71305;0;0;-1
0;1017;-5.5631;-29.8832;63.3985;9.05885;3113.92;5.44696;0;0;0.1;0.01;0;6.57546;0;0;-1
0;1018;-6.85226;-15.3351;60.9666;8.54701;2615.36;5.13919;0;0;0.1;0.01;0;6.62586;0;0;-1
0;1019;-8.78744;0.619979;60.7715;8.5;2572.44;5.11093;0;0;0.1;0.01;0;4.71314;1;0;-1
0;1020;-6.95386;20.8307;60.3909;8.92528;2978.2;5.36664;0;0;0.1;0.01;0;4.61502;0;0;-1
0;1021;-8.83194;36.011;63.5764;9.68264;3802.51;5.82203;0;0;0.1;0.01;0;7.04692;0;0;-1
0;1022;-6.4725;52.1417;61.0303;9.64341;3756.48;5.79844;0;0;0.1;0.01;0;7.58163;0;0;-1
0;1023;-7.43583;67.6709;60.8755;10.3052;4584.14;6.19637;0;0;0.1;0.01;0;4.93696;0;0;-1
0;1024;5.32028;-73.7702;61.9557;8.5;2572.44;5.11093;0;0;0.1;0.01;0;2.23723;1;0;-1
0;1025;6.87355;-57.4044;62.3019;10.176;4413.87;6.11868;0;0;0.1;0.01;0;5.81726;0;0;-1
0;1026;7.7419;-39.3549;61.0371;8.5;2572.44;5.11093;0;0;0.1;0.01;0;4.55394;1;0;-1
0;1027;6.38217;-22.6927;62.3483;9.92312;4092.92;5.96663;0;0;0.1;0.01;0;6.71118;0;0;-1
0;1028;9.17482;-6.3759;62.4737;10.2402;4497.94;6.15728;0;0;0.1;0.01;0;6.85733;0;0;-1
0;1029;8.78158;12.1972;62.2469;8.66534;2725.5;5.21034;0;0;0.1;0.01;0;4.78811;0;0;-1
0;1030;7.92061;26.325;63.4142;8.5;2572.44;5.11093;0;0;0.1;0.01;0;5.49297;1;0;-1
0;1031;7.42427;42.0723;60.0807;10.2988;4575.6;6.19252;0;0;0.1;0.01;0;6.63286;0;0;-1
0;1032;6.6401;63.0824;63.2901;9.3194;3390.41;5.60362;0;0;0.1;0.01;0;4.62422;0;0;-1
0;1033;21.3034;-63.8668;60.9605;8.5;2572.44;5.11093;0;0;0.1;0.01;0;3.7008;1;0;-1
0;1034;23.2544;-50.2973;61.9492;8.5;2572.44;5.11093;0;0;0.1;0.01;0;4.43499;1;0;-1
0;1035;20.9406;-32.3615;61.0321;8.5;2572.44;5.11093;0;0;0.1;0.01;0;3.83451;1;0;-1
0;1036;24.2149;-12.6694;60.3701;8.5;2572.44;5.11093;0;0;0.1;0.01;0;5.40659;1;0;-1
0;1037;20.6147;2.95395;61.7809;8.5;2572.44;5.11093;0;0;0.1;0.01;0;5.0652;1;0;-1
0;1038;23.083;19.7946;63.7375;10.3275;4613.96;6.20978;0;0;0.1;0.01;0;7.34237;0;0;-1
0;1039;21.9296;37.8435;63.1544;8.70203;2760.26;5.2324;0;0;0.1;0.01;0;5.68813;0;0;-1
0;1040;21.5778;53.1598;60.4237;8.5;2572.44;5.11093;0;0;0.1;0.01;0;5.29605;1;0;-1
0;1041;22.137;69.1085;61.392;9.0674;3122.75;5.4521;0;0;0.1;0.01;0;3.39106;0;0;-1
0;1042;34.6692;-59.732;63.5395;8.5;2572.44;5.11093;0;0;0.1;0.01;0;2.17272;1;0;-1
0;1043;36.1549;-39.3406;62.5707;9.23923;3303.66;5.55541;0;0;0.1;0.01;0;4.51293;0;0;-1
0;1044;38.1813;-22.8164;61.8987;8.81792;2872.02;5.30209;0;0;0.1;0.01;0;4.89432;0;0;-1
0;1045;35.7959;-5.05949;62.6094;8.95321;3006.25;5.38344;0;0;0.1;0.01;0;4.80287;0;0;-1
0;1046;38.2693;12.2896;61.3821;9.45337;3538.74;5.68417;0;0;0.1;0.01;0;5.64943;0;0;-1
0;1047;37.9521;26.2113;60.2538;8.5;2572.44;5.11093;0;0;0.1;0.01;0;6.73379;1;0;-1
0;1048;35.524;43.3576;63.5189;9.23679;3301.05;5.55395;0;0;0.1;0.01;0;5.63064;0;0;-1
0;1049;38.6621;60.4714;63.3834;9.72555;3853.28;5.84783;0;0;0.1;0.01;0;3.94826;0;0;-1
0;1050;53.4572;-48.733;61.7419;9.52246;3616.9;5.72572;0;0;0.1;0.01;0;3.22454;0;0;-1
0;1051;50.3651;-33.3923;60.8861;8.5;2572.44;5.11093;0;0;0.1;0.01;0;4.87467;1;0;-1
0;1052;51.0262;-15.2811;62.1392;9.58171;3684.83;5.76134;0;0;0.1;0.01;0;5.69768;0;0;-1
0;1053;50.0378;0.79223;62.6957;8.5;2572.44;5.11093;0;0;0.1;0.01;0;4.12994;1;0;-1
0;1054;50.5524;20.6951;60.9288;8.5;2572.44;5.11093;0;0;0.1;0.01;0;5.72395;1;0;-1
0;1055;50.8709;34.8025;61.8207;9.8158;3961.56;5.9021;0;0;0.1;0.01;0;6.01828;0;0;-1
0;1056;53.6976;53.0106;62.7381;10.1404;4367.71;6.09728;0;0;0.1;0.01;0;3.14076;0;0;-1
0;1057;67.0795;-40.8576;60.893;10.4293;4751.76;6.27099;0;0;0.1;0.01;0;2.85315;0;0;-1
0;1058;64.4559;-21.5162;62.1464;8.5;2572.44;5.11093;0;0;0.1;0.01;0;2.956;1;0;-1
0;1059;64.4388;-5.43852;61.8685;8.5;2572.44;5.11093;0;0;0.1;0.01;0;4.08167;1;0;-1
0;1060;66.7706;9.19407;60.6579;9.7064;3830.57;5.83632;0;0;0.1;0.01;0;3.28735;0;0;-1
0;1061;65.1705;25.0294;60.1623;8.80062;2855.15;5.29169;0;0;0.1;0.01;0;2.82043;0;0;-1
0;1062;-54.4233;-23.7643;75.9878;9.34551;3418.99;5.61932;0;0;0.1;0.01;0;3.60059;0;0;-1
0;1063;-56.5096;-4.70209;78.7118;8.5;2572.44;5.11093;0;0;0.1;0.01;0;1.66114;1;0;-1
0;1064;-54.9453;10.6789;76.2411;9.32397;3395.4;5.60637;0;0;0.1;0.01;0;3.90407;0;0;-1
0;1065;-56.4416;29.7289;75.0186;10.447;4775.99;6.28163;0;0;0.1;0.01;0;3.23384;0;0;-1
0;1066;-40.0326;-48.965;77.0268;8.5;2572.44;5.11093;0;0;0.1;0.01;0;2.24591;1;0;-1
0;1067;-42.2478;-30.7985;77.793;8.79456;2849.25;5.28804;0;0;0.1;0.01;0;4.74971;0;0;-1
0;1068;-40.3989;-15.927;75.1009;9.98709;4172.59;6.00509;0;0;0.1;0.01;0;6.54611;0;0;-1
0;1069;-40.4531;2.86736;77.9468;9.51488;3608.27;5.72116;0;0;0.1;0.01;0;5.73082;0;0;-1
0;1070;-41.6376;17.7785;74.6415;8.54694;2615.29;5.13915;0;0;0.1;0.01;0;5.55049;0;0;-1
0;1071;-39.3233;33.6805;76.4751;9.87209;4030.1;5.93594;0;0;0.1;0.01;0;4.14501;0;0;-1
0;1072;-24.3932;-55.1583;76.9432;9.73996;3870.44;5.8565;0;0;0.1;0.01;0;3.46724;0;0;-1
0;1073;-26.2739;-40.8433;74.9516;9.02504;3079.19;5.42663;0;0;0.1;0.01;0;5.50478;0;0;-1
0;1074;-27.4707;-23.1549;76.5331;10.0637;4269.35;6.05116;0;0;0.1;0.01;0;7.01459;0;0;-1
0;1075;-27.2515;-4.51735;77.903;9.34698;3420.6;5.6202;0;0;0.1;0.01;0;6.55046;0;0;-1
0;1076;-24.9812;12.2912;77.043;9.04555;3100.23;5.43896;0;0;0.1;0.01;0;5.77473;0;0;-1
0;1077;-25.7876;26.5317;77.303;9.31413;3384.66;5.60045;0;0;0.1;0.01;0;5.8974;0;0;-1
0;1078;-25.3449;43.7255;77.7653;9.28589;3353.97;5.58347;0;0;0.1;0.01;0;3.80706;0;0;-1
0;1079;-10.0642;-47.8145;76.4019;8.80812;2862.45;5.29619;0;0;0.1;0.01;0;4.92247;0;0;-1
0;1080;-12.4529;-31.145;76.4168;10.2266;4480.05;6.14911;0;0;0.1;0.01;0;7.47808;0;0;-1
0;1081;-12.8035;-16.1746;74.612;9.40462;3484.27;5.65486;0;0;0.1;0.01;0;7.35161;0;0;-1
0;1082;-13.5644;0.325289;78.4952;10.2202;4471.64;6.14526;0;0;0.1;0.01;0;6.59414;0;0;-1
0;1083;-11.4808;20.5739;78.3212;8.95194;3004.97;5.38267;0;0;0.1;0.01;0;5.81062;0;0;-1
0;1084;-10.8866;36.5085;76.7785;10.0821;4292.81;6.06222;0;0;0.1;0.01;0;7.27594;0;0;-1
0;1085;-11.9903;51.6007;76.3137;9.93362;4105.93;5.97294;0;0;0.1;0.01;0;4.78176;0;0;-1
0;1086;3.54456;-58.8459;76.5995;10.3992;4710.73;6.25289;0;0;0.1;0.01;0;3.37276;0;0;-1
0;1087;1.38032;-42.2292;78.4776;8.5;2572.44;5.11093;0;0;0.1;0.01;0;4.97766;1;0;-1
0;1088;4.76941;-23.243;76.334;10.0445;4244.96;6.03961;0;0;0.1;0.01;0;6.80785;0;0;-1
0;1089;1.30161;-7.59715;78.2438;9.92445;4094.57;5.96743;0;0;0.1;0.01;0;6.26981;0;0;-1
0;1090;3.2696;11.4188;77.6341;8.90179;2954.75;5.35252;0;0;0.1;0.01;0;4.53966;0;0;-1
0;1091;1.50445;27.361;77.7797;9.65841;3774.03;5.80746;0;0;0.1;0.01;0;7.23843;0;0;-1
0;1092;2.53943;42.4939;76.469;10.3015;4579.2;6.19414;0;0;0.1;0.01;0;6.33621;0;0;-1
0;1093;4.04615;61.3702;76.5646;9.70352;3827.16;5.83459;0;0;0.1;0.01;0;3.29288;0;0;-1
0;1094;16.4734;-49.5974;74.9896;8.82222;2876.22;5.30467;0;0;0.1;0.01;0;3.51739;0;0;-1
0;1095;17.4676;-30.7373;77.8424;9.94785;4123.6;5.9815;0;0;0.1;0.01;0;6.04491;0;0;-1
0;1096;18.4983;-13.1236;74.6063;9.11763;3174.93;5.4823;0;0;0.1;0.01;0;6.14355;0;0;-1
0;1097;16.7178;3.33748;76.3031;8.78297;2838;5.28107;0;0;0.1;0.01;0;5.25221;0;0;-1
0;1098;18.4127;20.1253;76.7538;8.5;2572.44;5.11093;0;0;0.1;0.01;0;5.81015;1;0;-1
0;1099;18.6051;33.9795;76.0151;10.0972;4312.13;6.0713;0;0;0.1;0.01;0;7.30639;0;0;-1
0;1100;18.5657;54.4273;76.1414;9.59276;3697.6;5.76799;0;0;0.1;0.01;0;3.60264;0;0;-1
0;1101;32.5494;-40.2025;76.4265;10.1849;4425.47;6.12403;0;0;0.1;0.01;0;3.813;0;0;-1
0;1102;31.2476;-22.9447;78.5537;10.1291;4353.13;6.09048;0;0;0.1;0.01;0;5.58428;0;0;-1
0;1103;31.1786;-5.98726;77.3432;8.5572;2624.72;5.14532;0;0;0.1;0.01;0;5.20186;0;0;-1
0;1104;32.3742;11.7439;76.1713;9.07028;3125.72;5.45383;0;0;0.1;0.01;0;4.46419;0;0;-1
0;1105;34.5157;28.4084;76.65;10.3011;4578.67;6.1939;0;0;0.1;0.01;0;5.87706;0;0;-1
0;1106;30.9538;46.4967;78.1568;10.3268;4613.03;6.20935;0;0;0.1;0.01;0;4.17043;0;0;-1
0;1107;49.0821;-30.3942;78.6657;9.26179;3327.92;5.56898;0;0;0.1;0.01;0;1.69259;0;0;-1
0;1108;45.4503;-13.8849;75.3063;8.5304;2600.14;5.12921;0;0;0.1;0.01;0;4.76198;0;0;-1
0;1109;47.4418;0.399422;77.9798;8.55106;2619.08;5.14163;0;0;0.1;0.01;0;3.45451;0;0;-1
0;1110;48.3206;20.0361;74.9198;9.58572;3689.46;5.76375;0;0;0.1;0.01;0;3.87164;0;0;-1
0;1111;49.0079;36.2388;77.4588;8.5;2572.44;5.11093;0;0;0.1;0.01;0;2.34343;1;0;-1
0;1112;60.4371;-6.10534;78.446;8.5;2572.44;5.11093;0;0;0.1;0.01;0;1.59457;1;0;-1
0;1113;-36.2695;-15.7308;89.6394;9.8315;3980.59;5.91154;0;0;0.1;0.01;0;4.24713;0;0;-1
0;1114;-36.4163;1.56454;91.2378;8.5;2572.44;5.11093;0;0;0.1;0.01;0;3.9217;1;0;-1
0;1115;-38.4482;16.9513;89.8833;10.0141;4206.53;6.02133;0;0;0.1;0.01;0;3.77027;0;0;-1
0;1116;-21.1024;-24.4703;90.0497;10.4526;4783.67;6.285;0;0;0.1;0.01;0;4.94948;0;0;-1
0;1117;-23.4144;-6.36323;93.0786;10.0382;4236.98;6.03582;0;0;0.1;0.01;0;4.54016;0;0;-1
0;1118;-22.7395;11.6936;89.7628;8.5;2572.44;5.11093;0;0;0.1;0.01;0;4.56455;1;0;-1
0;1119;-21.6275;27.6354;93.3735;10.1704;4406.59;6.11531;0;0;0.1;0.01;0;3.63838;0;0;-1
0;1120;-7.4798;-31.4732;90.7895;9.99572;4183.41;6.01028;0;0;0.1;0.01;0;4.74668;0;0;-1
0;1121;-8.53614;-14.0114;89.4448;9.49792;3589.01;5.71096;0;0;0.1;0.01;0;6.43309;0;0;-1
0;1122;-6.51441;1.18183;92.6595;9.92513;4095.41;5.96784;0;0;0.1;0.01;0;5.31215;0;0;-1
0;1123;-5.81043;19.1316;93.3232;10.3778;4681.71;6.24002;0;0;0.1;0.01;0;5.37709;0;0;-1
0;1124;-7.61174;35.0424;92.3619;8.5;2572.44;5.11093;0;0;0.1;0.01;0;3.7095;1;0;-1
0;1125;5.41958;-38.5703;92.1421;8.64182;2703.36;5.1962;0;0;0.1;0.01;0;2.77286;0;0;-1
0;1126;6.63242;-23.3661;92.1252;9.97299;4154.94;5.99661;0;0;0.1;0.01;0;4.85771;0;0;-1
0;1127;7.32657;-5.04246;91.6065;9.76217;3896.98;5.86985;0;0;0.1;0.01;0;4.37076;0;0;-1
0;1128;6.66486;10.8074;91.2163;9.29955;3368.79;5.59168;0;0;0.1;0.01;0;4.12212;0;0;-1
0;1129;6.09469;28.7509;90.0576;9.47028;3557.76;5.69434;0;0;0.1;0.01;0;5.33293;0;0;-1
0;1130;23.7544;-31.9678;89.8586;8.5;2572.44;5.11093;0;0;0.1;0.01;0;2.94916;1;0;-1
0;1131;20.7098;-13.4723;89.3529;8.96289;3016.01;5.38926;0;0;0.1;0.01;0;4.82301;0;0;-1
0;1132;22.7926;0.116735;90.1636;8.56343;2630.46;5.14907;0;0;0.1;0.01;0;3.46939;0;0;-1
0;1133;20.0098;20.818;90.9607;8.88242;2935.5;5.34087;0;0;0.1;0.01;0;3.2518;0;0;-1
0;1134;20.8914;36.7173;90.3451;8.61361;2676.97;5.17924;0;0;0.1;0.01;0;2.71849;0;0;-1
0;1135;37.3241;-7.80455;89.7335;9.767;3902.76;5.87276;0;0;0.1;0.01;0;3.6368;0;0;-1
0;1136;35.4266;9.72573;91.1657;8.5238;2594.11;5.12524;0;0;0.1;0.01;0;1.9636;0;0;-1
