Time;ID;x;y;z;radius;volume_total;radius_nuclear;contact_ECM;freezer;polarized_fraction;motility;cell_line;Cell_cell;phase;Cycle;NFkB
0;0;-51.3182;-4.61252;-83.4229;8.5;2572.44;5.11093;0;0;0.1;0.01;0;2.64526;1;0;-1
0;1;-37.4337;-33.3442;-84.6843;9.8791;4038.69;5.94016;0;0;0.1;0.01;0;2.67536;0;0;-1
0;2;-37.6615;-13.8288;-86.4866;8.5;2572.44;5.11093;0;0;0.1;0.01;0;2.65023;1;0;-1
0;3;-38.5089;0.470858;-85.5926;8.93259;2985.53;5.37104;0;0;0.1;0.01;0;2.49553;0;0;-1
0;4;-35.4884;20.608;-84.3382;10.0373;4235.84;6.03528;0;0;0.1;0.01;0;3.05496;0;0;-1
0;5;-21.799;-40.629;-87.2542;9.31441;3384.97;5.60062;0;0;0.1;0.01;0;2.80867;0;0;-1
0;6;-20.5455;-22.3994;-85.9384;8.72424;2781.45;5.24576;0;0;0.1;0.01;0;4.23763;0;0;-1
0;7;-21.0297;-8.41784;-84.5084;8.68751;2746.47;5.22367;0;0;0.1;0.01;0;4.1083;0;0;-1
0;8;-20.3058;10.7163;-85.972;8.9461;2999.09;5.37916;0;0;0.1;0.01;0;3.39505;0;0;-1
0;9;-22.2975;28.762;-84.0078;9.1147;3171.87;5.48054;0;0;0.1;0.01;0;3.81307;0;0;-1
0;10;-8.84423;-49.3349;-83.416;10.3831;4688.89;6.24321;0;0;0.1;0.01;0;3.60975;0;0;-1
0;11;-7.0945;-30.7492;-87.1645;9.25676;3322.5;5.56596;0;0;0.1;0.01;0;4.75215;0;0;-1
0;12;-6.80603;-16.6145;-86.2503;8.92614;2979.06;5.36716;0;0;0.1;0.01;0;5.07873;0;0;-1
0;13;-6.59361;0.140028;-85.5135;10.1914;4433.94;6.12794;0;0;0.1;0.01;0;5.02179;0;0;-1
0;14;-7.5668;20.0302;-83.7591;10.1998;4444.92;6.13299;0;0;0.1;0.01;0;5.00728;0;0;-1
0;15;-7.67665;38.2915;-83.9353;9.71243;3837.71;5.83994;0;0;0.1;0.01;0;3.32162;0;0;-1
0;16;7.44469;-40.8722;-85.9507;10.0896;4302.4;6.06673;0;0;0.1;0.01;0;4.8479;0;0;-1
0;17;6.40506;-24.2334;-83.4909;10.0954;4309.82;6.07022;0;0;0.1;0.01;0;6.03804;0;0;-1
0;18;8.72428;-6.02113;-85.8385;8.76963;2825.09;5.27305;0;0;0.1;0.01;0;3.89415;0;0;-1
0;19;6.4773;10.9326;-86.7588;8.73724;2793.9;5.25358;0;0;0.1;0.01;0;2.66756;0;0;-1
0;20;7.7543;27.756;-87.3866;8.84193;2895.54;5.31652;0;0;0.1;0.01;0;3.18454;0;0;-1
0;21;8.87755;45.3846;-83.5814;10.2972;4573.47;6.19156;0;0;0.1;0.01;0;3.80094;0;0;-1
0;22;20.2448;-49.1537;-84.4968;9.44966;3534.57;5.68194;0;0;0.1;0.01;0;3.23443;0;0;-1
0;23;23.3355;-34.0347;-86.6665;10.0918;4305.21;6.06805;0;0;0.1;0.01;0;5.12288;0;0;-1
0;24;20.6085;-15.7275;-84.9676;8.5;2572.44;5.11093;0;0;0.1;0.01;0;3.28209;1;0;-1
0;25;22.4806;3.45203;-86.8668;8.58914;2654.22;5.16453;0;0;0.1;0.01;0;3.59021;0;0;-1
0;26;23.6304;20.3905;-84.4879;8.88816;2941.2;5.34432;0;0;0.1;0.01;0;4.47596;0;0;-1
0;27;23.5471;37.7398;-84.8611;9.8457;3997.87;5.92008;0;0;0.1;0.01;0;3.69448;0;0;-1
0;28;36.3521;-40.194;-83.6448;9.99562;4183.29;6.01022;0;0;0.1;0.01;0;3.77003;0;0;-1
0;29;35.47;-25.5492;-86.124;8.5;2572.44;5.11093;0;0;0.1;0.01;0;3.01506;1;0;-1
0;30;37.2081;-5.59703;-85.298;10.2046;4451.19;6.13588;0;0;0.1;0.01;0;2.53023;0;0;-1
0;31;36.5581;10.8569;-83.9699;10.2277;4481.49;6.14977;0;0;0.1;0.01;0;3.93904;0;0;-1
0;32;37.5897;26.9805;-83.9277;10.0868;4298.82;6.06505;0;0;0.1;0.01;0;4.35788;0;0;-1
0;33;-70.5243;-14.7622;-69.3754;9.3986;3477.59;5.65124;0;0;0.1;0.01;0;2.28075;0;0;-1
0;34;-57.8112;-39.449;-71.3441;9.97762;4160.73;5.9994;0;0;0.1;0.01;0;3.10566;0;0;-1
0;35;-56.6672;-25.1916;-72.4921;9.30194;3371.39;5.59312;0;0;0.1;0.01;0;3.99635;0;0;-1
0;36;-54.7619;-8.89811;-70.8535;8.5;2572.44;5.11093;0;0;0.1;0.01;0;4.50397;1;0;-1
0;37;-56.2948;9.85785;-69.7938;10.3383;4628.45;6.21627;0;0;0.1;0.01;0;3.50661;0;0;-1
0;38;-57.7893;28.4757;-71.5093;8.5;2572.44;5.11093;0;0;0.1;0.01;0;2.1553;1;0;-1
0;39;-54.6548;46.9029;-68.5766;9.52835;3623.61;5.72926;0;0;0.1;0.01;0;3.24124;0;0;-1
0;40;-41.5521;-51.3127;-72.6746;9.08313;3139.03;5.46155;0;0;0.1;0.01;0;2.11152;0;0;-1
0;41;-41.3972;-30.4535;-70.9843;9.44447;3528.75;5.67882;0;0;0.1;0.01;0;5.73753;0;0;-1
0;42;-42.2325;-16.6237;-69.6703;10.4347;4759.14;6.27423;0;0;0.1;0.01;0;6.85622;0;0;-1
0;43;-39.4154;1.73166;-69.0983;8.5;2572.44;5.11093;0;0;0.1;0.01;0;4.22028;1;0;-1
0;44;-42.3797;16.7546;-69.068;8.5;2572.44;5.11093;0;0;0.1;0.01;0;4.68218;1;0;-1
0;45;-42.4235;34.2529;-69.8647;9.48534;3574.76;5.7034;0;0;0.1;0.01;0;5.21278;0;0;-1
0;46;-41.2139;53.4602;-69.4147;8.5;2572.44;5.11093;0;0;0.1;0.01;0;3.80426;1;0;-1
0;47;-26.5778;-57.1959;-70.3602;8.69547;2754.02;5.22846;0;0;0.1;0.01;0;4.02253;0;0;-1
0;48;-28.5579;-42.5894;-68.492;10.4235;4743.83;6.2675;0;0;0.1;0.01;0;6.38707;0;0;-1
0;49;-26.25;-24.7407;-70.6786;8.78999;2844.81;5.28529;0;0;0.1;0.01;0;5.81265;0;0;-1
0;50;-24.7227;-8.80973;-71.8639;8.5;2572.44;5.11093;0;0;0.1;0.01;0;4.47278;1;0;-1
0;51;-26.879;11.1054;-69.6522;9.33999;3412.93;5.616;0;0;0.1;0.01;0;5.35041;0;0;-1
0;52;-26.0029;26.9261;-69.2432;10.0291;4225.46;6.03035;0;0;0.1;0.01;0;6.56803;0;0;-1
0;53;-27.6152;43.7307;-70.6731;9.33376;3406.11;5.61225;0;0;0.1;0.01;0;4.60028;0;0;-1
0;54;-27.1654;62.1949;-69.8109;9.79464;3935.99;5.88937;0;0;0.1;0.01;0;3.73814;0;0;-1
0;55;-13.5685;-63.8515;-69.0185;9.87774;4037.02;5.93934;0;0;0.1;0.01;0;4.04152;0;0;-1
0;56;-13.8223;-48.1399;-68.3344;8.5;2572.44;5.11093;0;0;0.1;0.01;0;5.72191;1;0;-1
0;57;-11.3413;-31.1864;-72.6104;8.91585;2968.77;5.36097;0;0;0.1;0.01;0;5.09686;0;0;-1
0;58;-12.6972;-15.0532;-70.971;9.29638;3365.35;5.58978;0;0;0.1;0.01;0;6.58896;0;0;-1
0;59;-9.95244;1.96433;-71.7766;9.45092;3535.99;5.6827;0;0;0.1;0.01;0;5.80981;0;0;-1
0;60;-11.6478;16.5855;-70.1447;8.82064;2874.68;5.30372;0;0;0.1;0.01;0;5.3457;0;0;-1
0;61;-11.8822;36.6306;-70.9338;9.09843;3154.92;5.47075;0;0;0.1;0.01;0;4.65008;0;0;-1
0;62;-10.7519;55.0817;-70.3604;9.75011;3882.55;5.8626;0;0;0.1;0.01;0;3.31219;0;0;-1
0;63;2.17774;-56.2434;-69.0636;9.01971;3073.73;5.42342;0;0;0.1;0.01;0;4.73906;0;0;-1
0;64;3.9427;-40.1517;-72.0519;8.76763;2823.16;5.27185;0;0;0.1;0.01;0;5.19908;0;0;-1
0;65;2.71662;-22.8983;-68.5037;10.2393;4496.76;6.15674;0;0;0.1;0.01;0;7.07028;0;0;-1
0;66;4.34136;-7.97636;-72.0194;9.90275;4067.77;5.95438;0;0;0.1;0.01;0;6.59557;0;0;-1
0;67;2.35452;10.1711;-69.2182;8.5;2572.44;5.11093;0;0;0.1;0.01;0;4.9685;1;0;-1
0;68;4.40181;26.7892;-69.6907;8.5;2572.44;5.11093;0;0;0.1;0.01;0;4.49297;1;0;-1
0;69;4.43418;45.7963;-70.5455;9.40266;3482.1;5.65368;0;0;0.1;0.01;0;6.07134;0;0;-1
0;70;3.50656;63.7163;-70.1485;9.87208;4030.09;5.93594;0;0;0.1;0.01;0;3.45331;0;0;-1
0;71;16.3333;-66.2682;-69.8978;9.33398;3406.35;5.61239;0;0;0.1;0.01;0;2.89206;0;0;-1
0;72;15.968;-47.1704;-70.923;8.71329;2770.99;5.23917;0;0;0.1;0.01;0;4.7529;0;0;-1
0;73;19.2569;-30.2038;-70.8766;10.2304;4485.04;6.15139;0;0;0.1;0.01;0;6.88986;0;0;-1
0;74;16.4043;-14.0937;-69.2308;8.5;2572.44;5.11093;0;0;0.1;0.01;0;6.69979;1;0;-1
0;75;16.9936;1.22417;-71.3271;9.24351;3308.26;5.55799;0;0;0.1;0.01;0;5.44143;0;0;-1
0;76;16.0012;18.2055;-69.2056;8.72477;2781.96;5.24608;0;0;0.1;0.01;0;4.98899;0;0;-1
0;77;17.3081;35.4419;-70.6349;9.03495;3089.34;5.43258;0;0;0.1;0.01;0;5.48907;0;0;-1
0;78;19.4562;55.0708;-70.2791;10.194;4437.34;6.1295;0;0;0.1;0.01;0;4.06585;0;0;-1
0;79;31.0814;-57.7935;-69.4706;8.5;2572.44;5.11093;0;0;0.1;0.01;0;3.36006;1;0;-1
0;80;31.7651;-38.5288;-68.4297;9.87873;4038.24;5.93994;0;0;0.1;0.01;0;6.27467;0;0;-1
0;81;32.0162;-21.8259;-69.647;8.5;2572.44;5.11093;0;0;0.1;0.01;0;4.93331;1;0;-1
0;82;33.3328;-6.34388;-68.8077;9.53103;3626.67;5.73087;0;0;0.1;0.01;0;5.57094;0;0;-1
0;83;30.5717;12.4432;-71.2986;9.73152;3860.39;5.85142;0;0;0.1;0.01;0;6.45285;0;0;-1
0;84;33.6239;28.6035;-68.5223;10.0382;4236.98;6.03582;0;0;0.1;0.01;0;6.8874;0;0;-1
0;85;34.0082;43.7463;-71.971;8.5;2572.44;5.11093;0;0;0.1;0.01;0;4.23497;1;0;-1
0;86;46.3643;-51.2912;-68.9057;9.61922;3728.28;5.7839;0;0;0.1;0.01;0;2.76016;0;0;-1
0;87;45.9823;-30.4868;-71.9441;9.01313;3067.01;5.41946;0;0;0.1;0.01;0;4.33292;0;0;-1
0;88;47.557;-13.4215;-71.9995;9.9526;4129.51;5.98435;0;0;0.1;0.01;0;4.86428;0;0;-1
0;89;45.3296;1.64978;-69.0582;8.5;2572.44;5.11093;0;0;0.1;0.01;0;5.76209;1;0;-1
0;90;47.307;17.1275;-68.955;10.3912;4699.87;6.24808;0;0;0.1;0.01;0;6.38463;0;0;-1
0;91;48.9715;36.8779;-71.95;10.2103;4458.66;6.13931;0;0;0.1;0.01;0;3.53464;0;0;-1
0;92;46.7044;54.1079;-69.0014;8.5;2572.44;5.11093;0;0;0.1;0.01;0;2.53738;1;0;-1
0;93;60.0237;-25.667;-72.0452;10.0688;4275.84;6.05422;0;0;0.1;0.01;0;2.75327;0;0;-1
0;94;62.5683;-5.60602;-71.9182;8.73835;2794.97;5.25424;0;0;0.1;0.01;0;2.33553;0;0;-1
0;95;61.3295;9.87282;-68.8411;9.81409;3959.49;5.90107;0;0;0.1;0.01;0;3.6345;0;0;-1
0;96;-80.3919;-8.31646;-55.4084;9.69228;3813.88;5.82783;0;0;0.1;0.01;0;2.96267;0;0;-1
0;97;-80.1263;12.46;-54.3334;8.7296;2786.58;5.24898;0;0;0.1;0.01;0;2.61292;0;0;-1
0;98;-65.7588;-48.4205;-54.2734;10.1245;4347.2;6.08771;0;0;0.1;0.01;0;4.68061;0;0;-1
0;99;-67.6998;-33.8788;-55.4097;8.95215;3005.18;5.3828;0;0;0.1;0.01;0;3.30583;0;0;-1
0;100;-65.5568;-12.6518;-56.3785;8.50736;2579.13;5.11535;0;0;0.1;0.01;0;4.0003;0;0;-1
0;101;-64.5987;1.73483;-53.9668;9.72048;3847.26;5.84478;0;0;0.1;0.01;0;5.33362;0;0;-1
0;102;-68.011;19.6457;-57.7801;8.68328;2742.46;5.22113;0;0;0.1;0.01;0;3.53437;0;0;-1
0;103;-66.4451;35.4406;-55.5512;8.5;2572.44;5.11093;0;0;0.1;0.01;0;3.49184;1;0;-1
0;104;-52.25;-59.3449;-54.8733;9.7421;3872.99;5.85778;0;0;0.1;0.01;0;4.06167;0;0;-1
0;105;-52.9145;-42.3716;-57.5566;8.54632;2614.73;5.13878;0;0;0.1;0.01;0;4.593;0;0;-1
0;106;-51.3167;-24.6929;-57.804;8.5;2572.44;5.11093;0;0;0.1;0.01;0;4.56959;1;0;-1
0;107;-49.8638;-4.79668;-57.1177;9.83619;3986.29;5.91436;0;0;0.1;0.01;0;6.42088;0;0;-1
0;108;-51.7472;12.0424;-54.3863;9.7551;3888.52;5.8656;0;0;0.1;0.01;0;7.06049;0;0;-1
0;109;-51.0323;27.8561;-57.813;10.3779;4681.85;6.24008;0;0;0.1;0.01;0;6.92826;0;0;-1
0;110;-52.1454;44.8077;-54.0103;9.75705;3890.85;5.86677;0;0;0.1;0.01;0;6.19903;0;0;-1
0;111;-50.5754;59.731;-54.4349;10.0947;4308.92;6.0698;0;0;0.1;0.01;0;5.15134;0;0;-1
0;112;-38.6602;-66.5832;-56.3421;9.78686;3926.62;5.8847;0;0;0.1;0.01;0;4.10258;0;0;-1
0;113;-38.3746;-51.0454;-54.5664;9.22818;3291.83;5.54877;0;0;0.1;0.01;0;5.19144;0;0;-1
0;114;-36.5534;-31.2272;-56.2466;9.62245;3732.03;5.78584;0;0;0.1;0.01;0;6.18263;0;0;-1
0;115;-36.5251;-14.8549;-55.7933;10.2702;4537.59;6.17532;0;0;0.1;0.01;0;6.81749;0;0;-1
0;116;-37.7483;2.43667;-54.3734;8.98033;3033.65;5.39974;0;0;0.1;0.01;0;5.52333;0;0;-1
0;117;-36.077;20.9943;-57.0204;10.2728;4541.04;6.17689;0;0;0.1;0.01;0;7.53971;0;0;-1
0;118;-35.2068;36.6525;-55.064;8.75833;2814.18;5.26626;0;0;0.1;0.01;0;6.65385;0;0;-1
0;119;-36.9983;51.2793;-56.5078;10.0445;4244.96;6.03961;0;0;0.1;0.01;0;6.94517;0;0;-1
0;120;-35.9262;70.3125;-57.9316;10.4064;4720.52;6.25722;0;0;0.1;0.01;0;4.27332;0;0;-1
0;121;-23.9312;-76.0216;-57.3302;9.56038;3660.28;5.74852;0;0;0.1;0.01;0;3.14518;0;0;-1
0;122;-21.8289;-56.2136;-56.4039;9.42137;3502.92;5.66493;0;0;0.1;0.01;0;6.51178;0;0;-1
0;123;-21.0895;-40.462;-54.8456;10.0066;4197.09;6.01682;0;0;0.1;0.01;0;6.98342;0;0;-1
0;124;-23.6245;-22.5391;-56.7439;9.91108;4078.04;5.95939;0;0;0.1;0.01;0;6.87632;0;0;-1
0;125;-21.5862;-7.15183;-56.338;8.98657;3039.98;5.40349;0;0;0.1;0.01;0;5.63113;0;0;-1
0;126;-22.409;8.99998;-55.9867;9.44496;3529.3;5.67912;0;0;0.1;0.01;0;4.80126;0;0;-1
0;127;-21.4025;25.5979;-55.5888;8.61865;2681.68;5.18227;0;0;0.1;0.01;0;5.26439;0;0;-1
0;128;-21.7816;42.3098;-56.7;8.5;2572.44;5.11093;0;0;0.1;0.01;0;5.12157;1;0;-1
0;129;-22.1156;63.2064;-54.4629;10.3642;4663.33;6.23184;0;0;0.1;0.01;0;7.13549;0;0;-1
0;130;-22.0276;77.9763;-57.0179;9.14647;3205.16;5.49964;0;0;0.1;0.01;0;3.52556;0;0;-1
0;131;-9.28143;-80.7889;-56.0096;8.5;2572.44;5.11093;0;0;0.1;0.01;0;2.47014;1;0;-1
0;132;-5.76877;-65.6725;-55.7494;9.0412;3095.76;5.43634;0;0;0.1;0.01;0;4.74628;0;0;-1
0;133;-6.23335;-47.1149;-55.1202;9.62786;3738.33;5.78909;0;0;0.1;0.01;0;5.8826;0;0;-1
0;134;-8.77196;-29.9191;-54.6117;9.80216;3945.06;5.8939;0;0;0.1;0.01;0;5.57525;0;0;-1
0;135;-8.94851;-14.1377;-55.4262;8.61231;2675.76;5.17846;0;0;0.1;0.01;0;5.8397;0;0;-1
0;136;-7.06662;0.365628;-56.7181;8.5;2572.44;5.11093;0;0;0.1;0.01;0;5.33866;1;0;-1
0;137;-5.92388;20.9927;-55.1528;10.3787;4682.93;6.24056;0;0;0.1;0.01;0;6.33294;0;0;-1
0;138;-8.23878;36.953;-55.4914;10.3709;4672.38;6.23587;0;0;0.1;0.01;0;6.41114;0;0;-1
0;139;-5.83055;54.9388;-55.1057;10.4463;4775.03;6.28121;0;0;0.1;0.01;0;6.18422;0;0;-1
0;140;-8.71531;70.3293;-55.1293;8.9171;2970.02;5.36172;0;0;0.1;0.01;0;3.30179;0;0;-1
0;141;8.98573;-74.3231;-56.9009;8.95921;3012.3;5.38704;0;0;0.1;0.01;0;3.46797;0;0;-1
0;142;6.86431;-58.0798;-56.2162;9.9375;4110.74;5.97527;0;0;0.1;0.01;0;6.12641;0;0;-1
0;143;7.34224;-41.7059;-54.9316;8.5;2572.44;5.11093;0;0;0.1;0.01;0;4.38035;1;0;-1
0;144;9.40343;-22.7139;-56.605;9.348;3421.72;5.62082;0;0;0.1;0.01;0;6.49436;0;0;-1
0;145;6.03023;-8.01941;-56.8622;9.37777;3454.52;5.63872;0;0;0.1;0.01;0;6.47325;0;0;-1
0;146;5.61052;9.72064;-55.2399;8.95394;3006.98;5.38387;0;0;0.1;0.01;0;4.27938;0;0;-1
0;147;8.44762;27.7479;-53.9545;10.1128;4332.14;6.08068;0;0;0.1;0.01;0;6.67684;0;0;-1
0;148;8.53406;44.9736;-55.9731;10.2821;4553.38;6.18248;0;0;0.1;0.01;0;7.63864;0;0;-1
0;149;8.8389;59.8443;-57.7112;8.76315;2818.83;5.26915;0;0;0.1;0.01;0;5.81013;0;0;-1
0;150;8.56869;79.8457;-54.3423;9.33081;3402.88;5.61048;0;0;0.1;0.01;0;2.80705;0;0;-1
0;151;22.278;-64.2587;-56.6581;9.79249;3933.4;5.88808;0;0;0.1;0.01;0;4.96822;0;0;-1
0;152;24.1801;-49.9832;-53.7208;8.97699;3030.27;5.39773;0;0;0.1;0.01;0;5.40091;0;0;-1
0;153;20.2916;-32.6131;-55.2851;9.10775;3164.62;5.47636;0;0;0.1;0.01;0;5.15406;0;0;-1
0;154;20.5231;-12.7123;-57.3714;9.31056;3380.77;5.5983;0;0;0.1;0.01;0;6.01108;0;0;-1
0;155;23.6288;1.41876;-56.4472;9.29185;3360.43;5.58705;0;0;0.1;0.01;0;5.67921;0;0;-1
0;156;23.7527;20.6594;-55.7372;10.1452;4373.92;6.10016;0;0;0.1;0.01;0;6.42723;0;0;-1
0;157;22.6861;38.2428;-56.2113;10.0929;4306.62;6.06871;0;0;0.1;0.01;0;7.04063;0;0;-1
0;158;22.9268;54.3779;-53.9778;10.4336;4757.64;6.27357;0;0;0.1;0.01;0;7.09815;0;0;-1
0;159;22.0539;70.5679;-57.6895;9.08793;3144.01;5.46444;0;0;0.1;0.01;0;2.46987;0;0;-1
0;160;38.5651;-56.0268;-56.4252;9.06067;3115.8;5.44805;0;0;0.1;0.01;0;4.5553;0;0;-1
0;161;34.936;-38.36;-54.7215;8.60039;2664.67;5.17129;0;0;0.1;0.01;0;5.32416;0;0;-1
0;162;38.5249;-25.0973;-56.4547;9.04343;3098.05;5.43768;0;0;0.1;0.01;0;5.60497;0;0;-1
0;163;37.2069;-5.69556;-54.8343;8.57831;2644.2;5.15801;0;0;0.1;0.01;0;5.96672;0;0;-1
0;164;38.4616;8.33413;-55.4138;9.23354;3297.56;5.55199;0;0;0.1;0.01;0;6.96356;0;0;-1
0;165;38.8678;25.4349;-54.6043;9.85015;4003.29;5.92275;0;0;0.1;0.01;0;6.32729;0;0;-1
0;166;36.7804;46.1494;-56.6439;9.17439;3234.6;5.51643;0;0;0.1;0.01;0;5.85603;0;0;-1
0;167;36.367;60.7319;-54.1185;8.5;2572.44;5.11093;0;0;0.1;0.01;0;4.54066;1;0;-1
0;168;52.8822;-50.9604;-56.0568;8.97539;3028.65;5.39677;0;0;0.1;0.01;0;3.2879;0;0;-1
0;169;52.0682;-31.0862;-54.135;9.95776;4135.93;5.98746;0;0;0.1;0.01;0;5.73192;0;0;-1
0;170;52.9079;-15.0648;-54.3764;8.5;2572.44;5.11093;0;0;0.1;0.01;0;5.23076;1;0;-1
0;171;52.2488;0.0416864;-54.3879;9.99184;4178.54;6.00795;0;0;0.1;0.01;0;7.51514;0;0;-1
0;172;51.1917;18.0881;-56.0422;9.0008;3054.44;5.41205;0;0;0.1;0.01;0;6.7916;0;0;-1
0;173;52.9398;34.0742;-55.7652;9.24176;3306.38;5.55694;0;0;0.1;0.01;0;5.31174;0;0;-1
0;174;52.6975;55.258;-56.5061;10.1122;4331.37;6.08032;0;0;0.1;0.01;0;4.26943;0;0;-1
0;175;64.6182;-40.8732;-56.672;9.03274;3087.07;5.43126;0;0;0.1;0.01;0;2.9946;0;0;-1
0;176;67.2831;-25.0844;-56.1105;9.38578;3463.38;5.64353;0;0;0.1;0.01;0;4.42135;0;0;-1
0;177;67.7692;-4.49862;-55.1332;8.5;2572.44;5.11093;0;0;0.1;0.01;0;5.13868;1;0;-1
0;178;65.8327;11.9946;-53.8054;9.54477;3642.38;5.73913;0;0;0.1;0.01;0;5.87487;0;0;-1
0;179;66.0115;26.645;-55.283;8.5;2572.44;5.11093;0;0;0.1;0.01;0;3.88912;1;0;-1
0;180;64.7675;46.0625;-54.319;9.81335;3958.59;5.90062;0;0;0.1;0.01;0;3.39697;0;0;-1
0;181;79.7186;-16.8488;-56.7591;10.1836;4423.77;6.12325;0;0;0.1;0.01;0;2.82704;0;0;-1
0;182;82.2202;1.12462;-54.4651;8.92226;2975.18;5.36483;0;0;0.1;0.01;0;2.82747;0;0;-1
0;183;-87.5124;-21.6632;-40.6305;9.37018;3446.14;5.63415;0;0;0.1;0.01;0;3.14603;0;0;-1
0;184;-84.1181;-8.17488;-40.1261;10.0307;4227.49;6.03131;0;0;0.1;0.01;0;5.21878;0;0;-1
0;185;-86.308;12.353;-39.629;9.63572;3747.5;5.79382;0;0;0.1;0.01;0;4.43966;0;0;-1
0;186;-86.6582;29.3382;-39.2276;9.84885;4001.71;5.92197;0;0;0.1;0.01;0;3.00467;0;0;-1
0;187;-70.1825;-48.0415;-39.642;8.5;2572.44;5.11093;0;0;0.1;0.01;0;4.05698;1;0;-1
0;188;-72.1211;-33.9451;-41.5623;10.2288;4482.94;6.15043;0;0;0.1;0.01;0;5.02699;0;0;-1
0;189;-71.5893;-14.569;-41.6285;8.5;2572.44;5.11093;0;0;0.1;0.01;0;5.38665;1;0;-1
0;190;-72.6818;3.61605;-40.9311;10.2704;4537.86;6.17544;0;0;0.1;0.01;0;7.38482;0;0;-1
0;191;-70.5091;19.0722;-42.0645;9.73679;3866.66;5.85459;0;0;0.1;0.01;0;6.24111;0;0;-1
0;192;-69.9853;37.0794;-42.9189;9.92192;4091.44;5.96591;0;0;0.1;0.01;0;5.68403;0;0;-1
0;193;-72.6584;51.391;-41.1036;9.59208;3696.81;5.76758;0;0;0.1;0.01;0;3.09309;0;0;-1
0;194;-56.951;-59.2042;-39.9354;10.3288;4615.71;6.21056;0;0;0.1;0.01;0;5.24991;0;0;-1
0;195;-56.7263;-39.4604;-41.8694;9.50868;3601.22;5.71743;0;0;0.1;0.01;0;6.64265;0;0;-1
0;196;-54.1638;-24.6427;-40.9107;9.31218;3382.54;5.59928;0;0;0.1;0.01;0;5.42072;0;0;-1
0;197;-57.4629;-7.32879;-42.0154;10.0834;4294.47;6.063;0;0;0.1;0.01;0;6.99117;0;0;-1
0;198;-55.0621;9.5387;-39.8517;10.2811;4552.05;6.18188;0;0;0.1;0.01;0;6.71485;0;0;-1
0;199;-55.541;25.8738;-41.5515;9.89022;4052.35;5.94685;0;0;0.1;0.01;0;6.11523;0;0;-1
0;200;-56.9723;42.65;-40.108;9.6706;3788.34;5.81479;0;0;0.1;0.01;0;6.52694;0;0;-1
0;201;-54.2546;60.4493;-39.5894;9.62047;3729.73;5.78465;0;0;0.1;0.01;0;5.24231;0;0;-1
0;202;-40.517;-80.6228;-40.9854;8.5;2572.44;5.11093;0;0;0.1;0.01;0;2.97134;1;0;-1
0;203;-41.6795;-65.8977;-39.2308;9.46189;3548.32;5.6893;0;0;0.1;0.01;0;6.38305;0;0;-1
0;204;-43.049;-47.5215;-41.7172;8.5;2572.44;5.11093;0;0;0.1;0.01;0;4.90227;1;0;-1
0;205;-42.5721;-31.6915;-42.2046;8.64528;2706.61;5.19828;0;0;0.1;0.01;0;5.09555;0;0;-1
0;206;-40.2504;-13.4534;-40.6527;9.60474;3711.47;5.77519;0;0;0.1;0.01;0;6.10429;0;0;-1
0;207;-42.0123;1.95182;-39.9959;9.25091;3316.21;5.56244;0;0;0.1;0.01;0;6.47452;0;0;-1
0;208;-41.7861;19.6623;-42.4187;8.59492;2659.59;5.168;0;0;0.1;0.01;0;5.91363;0;0;-1
0;209;-41.4524;34.4578;-41.4097;8.78789;2842.77;5.28403;0;0;0.1;0.01;0;5.64184;0;0;-1
0;210;-40.2737;53.6161;-41.2221;9.53739;3633.94;5.73469;0;0;0.1;0.01;0;7.07392;0;0;-1
0;211;-40.806;68.4805;-42.1374;10.3601;4657.8;6.22938;0;0;0.1;0.01;0;6.08199;0;0;-1
0;212;-27.6597;-72.9648;-42.8769;9.39388;3472.35;5.6484;0;0;0.1;0.01;0;6.10816;0;0;-1
0;213;-28.1434;-57.731;-40.4619;10.4418;4768.86;6.2785;0;0;0.1;0.01;0;7.09546;0;0;-1
0;214;-25.2989;-38.5097;-42.3679;9.23225;3296.18;5.55122;0;0;0.1;0.01;0;5.32934;0;0;-1
0;215;-25.0135;-22.3776;-39.816;9.9908;4177.24;6.00732;0;0;0.1;0.01;0;6.39127;0;0;-1
0;216;-24.7458;-5.17972;-40.653;8.87426;2927.42;5.33596;0;0;0.1;0.01;0;5.61473;0;0;-1
0;217;-25.4501;9.75739;-41.0429;8.5;2572.44;5.11093;0;0;0.1;0.01;0;4.04164;1;0;-1
0;218;-28.1774;27.0149;-42.0178;9.3773;3454;5.63843;0;0;0.1;0.01;0;5.48939;0;0;-1
0;219;-27.2181;44.1199;-42.1015;9.59228;3697.04;5.7677;0;0;0.1;0.01;0;6.10604;0;0;-1
0;220;-27.5584;60.5339;-40.7635;9.41372;3494.4;5.66033;0;0;0.1;0.01;0;7.06738;0;0;-1
0;221;-25.0145;77.1721;-42.0786;9.57316;3674.98;5.7562;0;0;0.1;0.01;0;5.24514;0;0;-1
0;222;-12.9857;-83.1403;-42.1713;8.61093;2674.48;5.17763;0;0;0.1;0.01;0;4.03665;0;0;-1
0;223;-12.9501;-67.607;-39.7413;10.0617;4266.8;6.04995;0;0;0.1;0.01;0;6.69709;0;0;-1
0;224;-12.3938;-49.3762;-41.8351;9.18212;3242.78;5.52108;0;0;0.1;0.01;0;5.31949;0;0;-1
0;225;-9.78915;-33.3269;-39.8348;9.50911;3601.71;5.71769;0;0;0.1;0.01;0;6.11668;0;0;-1
0;226;-13.0725;-15.5083;-40.7602;8.69144;2750.2;5.22604;0;0;0.1;0.01;0;6.37442;0;0;-1
0;227;-11.063;0.261082;-41.4542;8.66025;2720.7;5.20728;0;0;0.1;0.01;0;5.4544;0;0;-1
0;228;-12.5374;20.0311;-39.3432;9.95302;4130.03;5.98461;0;0;0.1;0.01;0;6.16022;0;0;-1
0;229;-9.96016;34.3146;-39.7684;8.5;2572.44;5.11093;0;0;0.1;0.01;0;6.0866;1;0;-1
0;230;-11.5617;52.9647;-39.3552;10.1789;4417.65;6.12042;0;0;0.1;0.01;0;6.47112;0;0;-1
0;231;-11.1015;70.7612;-40.0344;9.43087;3513.53;5.67065;0;0;0.1;0.01;0;5.57621;0;0;-1
0;232;-9.79095;87.1039;-39.9647;8.5;2572.44;5.11093;0;0;0.1;0.01;0;2.38688;1;0;-1
0;233;2.82024;-89.5431;-42.0556;9.11671;3173.97;5.48175;0;0;0.1;0.01;0;2.88068;0;0;-1
0;234;4.67943;-74.9295;-41.1624;8.55271;2620.59;5.14262;0;0;0.1;0.01;0;5.17859;0;0;-1
0;235;2.01221;-59.76;-39.3803;9.47364;3561.55;5.69636;0;0;0.1;0.01;0;5.41891;0;0;-1
0;236;3.62706;-40.7694;-39.8056;8.5;2572.44;5.11093;0;0;0.1;0.01;0;4.84951;1;0;-1
0;237;4.67335;-25.2806;-39.5138;9.5216;3615.92;5.7252;0;0;0.1;0.01;0;6.13802;0;0;-1
0;238;1.23355;-8.08003;-42.4313;10.2613;4525.8;6.16997;0;0;0.1;0.01;0;6.26719;0;0;-1
0;239;3.21864;10.4515;-41.0086;8.61838;2681.42;5.18211;0;0;0.1;0.01;0;4.37073;0;0;-1
0;240;4.07364;27.1873;-39.4759;8.90471;2957.66;5.35427;0;0;0.1;0.01;0;6.72705;0;0;-1
0;241;1.22607;43.0315;-40.2777;10.0973;4312.25;6.07136;0;0;0.1;0.01;0;7.97747;0;0;-1
0;242;1.52179;60.6241;-40.9774;8.5;2572.44;5.11093;0;0;0.1;0.01;0;5.36373;1;0;-1
0;243;3.95663;76.3875;-41.0724;9.14274;3201.24;5.4974;0;0;0.1;0.01;0;5.26514;0;0;-1
0;244;17.6736;-82.3263;-42.0922;8.5;2572.44;5.11093;0;0;0.1;0.01;0;3.29402;1;0;-1
0;245;18.213;-65.453;-39.289;10.2625;4527.39;6.17069;0;0;0.1;0.01;0;5.88495;0;0;-1
0;246;17.9198;-46.4589;-40.806;8.89095;2943.97;5.346;0;0;0.1;0.01;0;5.26802;0;0;-1
0;247;17.8358;-31.7663;-41.1586;8.5;2572.44;5.11093;0;0;0.1;0.01;0;5.83837;1;0;-1
0;248;19.0986;-15.4953;-41.7732;9.48375;3572.97;5.70244;0;0;0.1;0.01;0;5.92322;0;0;-1
0;249;19.755;1.94211;-42.1599;9.10927;3166.21;5.47727;0;0;0.1;0.01;0;4.69155;0;0;-1
0;250;17.6646;17.7334;-40.5184;9.27102;3337.88;5.57453;0;0;0.1;0.01;0;5.59974;0;0;-1
0;251;19.0274;36.7158;-42.8427;9.9124;4079.67;5.96018;0;0;0.1;0.01;0;7.63332;0;0;-1
0;252;16.7917;52.0131;-39.6889;10.0976;4312.64;6.07154;0;0;0.1;0.01;0;7.44153;0;0;-1
0;253;18.7585;68.4668;-41.196;10.3155;4597.9;6.20256;0;0;0.1;0.01;0;5.94185;0;0;-1
0;254;16.4137;87.4202;-41.1298;10.0767;4285.92;6.05897;0;0;0.1;0.01;0;3.14576;0;0;-1
0;255;32.9537;-75.63;-42.5014;8.64912;2710.22;5.20059;0;0;0.1;0.01;0;2.25219;0;0;-1
0;256;30.5625;-56.4929;-40.5258;9.0958;3152.18;5.46917;0;0;0.1;0.01;0;6.27874;0;0;-1
0;257;33.7161;-41.1818;-40.4633;10.005;4195.08;6.01586;0;0;0.1;0.01;0;7.65416;0;0;-1
0;258;32.7737;-25.289;-41.569;10.1242;4346.81;6.08753;0;0;0.1;0.01;0;7.40556;0;0;-1
0;259;33.7364;-8.04784;-42.0321;8.5;2572.44;5.11093;0;0;0.1;0.01;0;4.72634;1;0;-1
0;260;33.8443;10.0418;-42.2894;8.5;2572.44;5.11093;0;0;0.1;0.01;0;5.103;1;0;-1
0;261;33.8482;29.518;-39.8775;8.93213;2985.06;5.37076;0;0;0.1;0.01;0;6.03383;0;0;-1
0;262;32.9451;46.1521;-39.4215;10.038;4236.72;6.0357;0;0;0.1;0.01;0;7.767;0;0;-1
0;263;33.9212;60.0856;-39.7048;9.38769;3465.49;5.64468;0;0;0.1;0.01;0;6.20636;0;0;-1
0;264;33.553;79.839;-40.4295;8.95437;3007.42;5.38413;0;0;0.1;0.01;0;2.74349;0;0;-1
0;265;47.828;-65.2733;-41.606;8.94443;2997.41;5.37816;0;0;0.1;0.01;0;2.46611;0;0;-1
0;266;47.1425;-47.7071;-39.9496;9.52788;3623.08;5.72898;0;0;0.1;0.01;0;5.80325;0;0;-1
0;267;47.7643;-30.2392;-39.2228;10.3176;4600.71;6.20382;0;0;0.1;0.01;0;7.65908;0;0;-1
0;268;46.7883;-14.9369;-42.5849;10.067;4273.55;6.05314;0;0;0.1;0.01;0;7.77984;0;0;-1
0;269;46.0785;2.87526;-42.1853;8.5;2572.44;5.11093;0;0;0.1;0.01;0;6.19927;1;0;-1
0;270;47.757;16.8704;-43.0434;10.1627;4396.59;6.11068;0;0;0.1;0.01;0;7.43839;0;0;-1
0;271;46.8462;37.9652;-41.1;9.52653;3621.54;5.72816;0;0;0.1;0.01;0;6.19148;0;0;-1
0;272;46.7018;52.1415;-42.8754;9.67637;3795.12;5.81826;0;0;0.1;0.01;0;6.60559;0;0;-1
0;273;46.8347;69.2622;-39.8984;9.92643;4097.02;5.96862;0;0;0.1;0.01;0;4.49617;0;0;-1
0;274;60.3718;-55.3633;-39.3253;9.8308;3979.74;5.91112;0;0;0.1;0.01;0;4.74653;0;0;-1
0;275;63.9957;-41.6937;-39.8255;8.94562;2998.61;5.37887;0;0;0.1;0.01;0;4.28094;0;0;-1
0;276;61.2097;-23.3556;-39.8337;8.55006;2618.16;5.14103;0;0;0.1;0.01;0;5.54279;0;0;-1
0;277;63.4148;-7.79568;-42.3314;9.67674;3795.56;5.81848;0;0;0.1;0.01;0;6.80255;0;0;-1
0;278;63.6002;8.22887;-39.463;10.0114;4203.13;6.01971;0;0;0.1;0.01;0;6.56015;0;0;-1
0;279;63.0232;26.1921;-42.2787;10.0357;4233.81;6.03432;0;0;0.1;0.01;0;6.07465;0;0;-1
0;280;61.5499;42.1379;-41.1966;8.88075;2933.85;5.33987;0;0;0.1;0.01;0;5.08246;0;0;-1
0;281;61.9976;60.4229;-42.4625;9.23144;3295.32;5.55073;0;0;0.1;0.01;0;3.67778;0;0;-1
0;282;74.9427;-32.4949;-43.1711;9.0112;3065.04;5.4183;0;0;0.1;0.01;0;3.21749;0;0;-1
0;283;77.7463;-15.0007;-41.1262;8.62851;2690.89;5.1882;0;0;0.1;0.01;0;4.46462;0;0;-1
0;284;76.3266;-0.0864515;-41.4671;10.2851;4557.37;6.18428;0;0;0.1;0.01;0;6.87779;0;0;-1
0;285;78.737;19.7272;-42.8216;8.99017;3043.63;5.40566;0;0;0.1;0.01;0;3.33222;0;0;-1
0;286;76.5345;34.3363;-41.943;9.23964;3304.1;5.55566;0;0;0.1;0.01;0;3.54183;0;0;-1
0;287;90.514;-4.55859;-40.5315;8.7003;2758.62;5.23136;0;0;0.1;0.01;0;2.2332;0;0;-1
0;288;-95.1272;-13.5096;-24.7021;8.77145;2826.85;5.27415;0;0;0.1;0.01;0;3.17465;0;0;-1
0;289;-95.6328;1.25065;-26.0946;9.92316;4092.97;5.96665;0;0;0.1;0.01;0;3.87445;0;0;-1
0;290;-80.8666;-41.5004;-24.6597;9.90428;4069.65;5.9553;0;0;0.1;0.01;0;2.88723;0;0;-1
0;291;-81.7953;-23.4428;-27.3453;9.5595;3659.27;5.74799;0;0;0.1;0.01;0;3.86475;0;0;-1
0;292;-78.9078;-4.65523;-26.4847;10.0423;4242.17;6.03829;0;0;0.1;0.01;0;5.5903;0;0;-1
0;293;-82.5745;10.97;-26.449;10.1274;4350.93;6.08946;0;0;0.1;0.01;0;6.2856;0;0;-1
0;294;-82.4111;27.6793;-25.1444;10.0349;4232.8;6.03384;0;0;0.1;0.01;0;5.02824;0;0;-1
0;295;-80.4039;44.5621;-28.1128;9.88358;4044.19;5.94285;0;0;0.1;0.01;0;3.28465;0;0;-1
0;296;-64.0835;-67.8793;-26.0012;8.5;2572.44;5.11093;0;0;0.1;0.01;0;2.51558;1;0;-1
0;297;-64.3792;-48.9904;-26.1307;8.77835;2833.53;5.27829;0;0;0.1;0.01;0;4.35882;0;0;-1
0;298;-64.5292;-31.2631;-25.4641;9.74862;3880.77;5.8617;0;0;0.1;0.01;0;5.46795;0;0;-1
0;299;-64.4851;-12.8918;-26.9885;9.28066;3348.31;5.58033;0;0;0.1;0.01;0;5.55791;0;0;-1
0;300;-66.0767;4.44527;-26.0268;8.5;2572.44;5.11093;0;0;0.1;0.01;0;5.9408;1;0;-1
0;301;-65.4682;20.2184;-26.933;8.59094;2655.89;5.16561;0;0;0.1;0.01;0;5.71453;0;0;-1
0;302;-64.6869;35.2183;-27.1745;10.0497;4251.56;6.04274;0;0;0.1;0.01;0;6.3091;0;0;-1
0;303;-64.5487;50.9154;-26.2243;9.27992;3347.51;5.57988;0;0;0.1;0.01;0;5.75035;0;0;-1
0;304;-66.6757;68.6695;-26.7126;9.4554;3541.02;5.68539;0;0;0.1;0.01;0;2.15139;0;0;-1
0;305;-49.7063;-72.5;-27.7892;8.99661;3050.18;5.40953;0;0;0.1;0.01;0;5.22954;0;0;-1
0;306;-49.6185;-58.177;-26.2904;9.25063;3315.91;5.56227;0;0;0.1;0.01;0;6.29372;0;0;-1
0;307;-51.5438;-39.7157;-26.3447;9.3425;3415.69;5.61751;0;0;0.1;0.01;0;6.0076;0;0;-1
0;308;-52.4125;-23.1212;-27.5508;9.77632;3913.95;5.87836;0;0;0.1;0.01;0;6.55526;0;0;-1
0;309;-50.4846;-7.03507;-27.8128;9.73264;3861.72;5.8521;0;0;0.1;0.01;0;6.60892;0;0;-1
0;310;-53.0193;8.65275;-26.3262;8.9409;2993.87;5.37603;0;0;0.1;0.01;0;5.48869;0;0;-1
0;311;-51.1167;26.785;-24.4657;9.14375;3202.3;5.498;0;0;0.1;0.01;0;5.57792;0;0;-1
0;312;-49.9889;45.5129;-24.8747;9.78011;3918.5;5.88064;0;0;0.1;0.01;0;7.33684;0;0;-1
0;313;-50.6671;62.4882;-25.5818;8.75947;2815.28;5.26694;0;0;0.1;0.01;0;6.08627;0;0;-1
0;314;-51.7918;78.4808;-28.2585;8.72318;2780.44;5.24512;0;0;0.1;0.01;0;2.65385;0;0;-1
0;315;-36.4323;-82.1731;-26.5192;10.3133;4594.96;6.20124;0;0;0.1;0.01;0;6.19564;0;0;-1
0;316;-34.9845;-67.3066;-26.8022;8.88636;2939.41;5.34324;0;0;0.1;0.01;0;6.99084;0;0;-1
0;317;-38.3682;-47.1076;-27.149;10.1598;4392.83;6.10894;0;0;0.1;0.01;0;5.7122;0;0;-1
0;318;-36.0584;-30.0826;-26.0738;9.32899;3400.89;5.60939;0;0;0.1;0.01;0;6.11583;0;0;-1
0;319;-34.6356;-13.7612;-26.8047;8.77558;2830.85;5.27663;0;0;0.1;0.01;0;5.01389;0;0;-1
0;320;-36.5857;4.3201;-27.4517;8.5;2572.44;5.11093;0;0;0.1;0.01;0;4.19263;1;0;-1
0;321;-38.3586;18.5462;-27.4774;9.50184;3593.45;5.71332;0;0;0.1;0.01;0;5.45373;0;0;-1
0;322;-38.2434;34.5873;-25.1752;8.5;2572.44;5.11093;0;0;0.1;0.01;0;5.50087;1;0;-1
0;323;-37.6475;52.2742;-27.8706;9.223;3286.29;5.54566;0;0;0.1;0.01;0;6.0735;0;0;-1
0;324;-38.2104;67.7221;-25.7621;8.5;2572.44;5.11093;0;0;0.1;0.01;0;4.48678;1;0;-1
0;325;-35.5385;85.8451;-24.9498;10.2803;4550.99;6.1814;0;0;0.1;0.01;0;3.74767;0;0;-1
0;326;-21.7841;-90.775;-25.2864;10.3383;4628.45;6.21627;0;0;0.1;0.01;0;3.98758;0;0;-1
0;327;-20.5813;-73.0879;-27.0228;10.1729;4409.84;6.11682;0;0;0.1;0.01;0;8.2781;0;0;-1
0;328;-20.3482;-59.1628;-26.3115;9.74517;3876.65;5.85963;0;0;0.1;0.01;0;7.26767;0;0;-1
0;329;-22.022;-40.588;-26.6545;8.61701;2680.15;5.18128;0;0;0.1;0.01;0;4.98666;0;0;-1
0;330;-21.362;-21.1043;-24.9728;10.094;4308.03;6.06938;0;0;0.1;0.01;0;6.84193;0;0;-1
0;331;-19.7193;-5.48697;-28.0882;8.5;2572.44;5.11093;0;0;0.1;0.01;0;4.65098;1;0;-1
0;332;-21.3127;11.8059;-25.7752;8.5;2572.44;5.11093;0;0;0.1;0.01;0;4.0016;1;0;-1
0;333;-22.7766;28.7644;-27.7833;8.64731;2708.52;5.1995;0;0;0.1;0.01;0;5.10002;0;0;-1
0;334;-21.2686;44.7712;-27.8816;9.74786;3879.86;5.86125;0;0;0.1;0.01;0;5.84087;0;0;-1
0;335;-21.6914;62.1736;-26.6147;9.66986;3787.47;5.81435;0;0;0.1;0.01;0;6.34065;0;0;-1
0;336;-22.8412;78.7562;-27.9086;9.43208;3514.88;5.67137;0;0;0.1;0.01;0;5.63103;0;0;-1
0;337;-5.94185;-81.2639;-28.6508;9.37792;3454.68;5.63881;0;0;0.1;0.01;0;6.09381;0;0;-1
0;338;-7.90707;-66.6049;-26.3335;9.47884;3567.42;5.69949;0;0;0.1;0.01;0;6.69034;0;0;-1
0;339;-8.56376;-48.5921;-24.3758;9.13807;3196.33;5.49459;0;0;0.1;0.01;0;5.18349;0;0;-1
0;340;-8.20306;-29.6889;-25.5446;8.77274;2828.1;5.27492;0;0;0.1;0.01;0;5.56552;0;0;-1
0;341;-6.01156;-13.3261;-27.8153;9.41095;3491.31;5.65867;0;0;0.1;0.01;0;6.59776;0;0;-1
0;342;-5.49566;1.92768;-27.6525;8.53399;2603.42;5.13136;0;0;0.1;0.01;0;5.70916;0;0;-1
0;343;-6.60856;21.1287;-25.6296;9.60397;3710.57;5.77473;0;0;0.1;0.01;0;6.69871;0;0;-1
0;344;-7.09572;35.4084;-27.0975;9.34522;3418.67;5.61915;0;0;0.1;0.01;0;7.48309;0;0;-1
0;345;-7.92835;51.5144;-26.024;8.65073;2711.73;5.20156;0;0;0.1;0.01;0;5.61159;0;0;-1
0;346;-9.34288;72.1584;-24.4879;8.6207;2683.59;5.1835;0;0;0.1;0.01;0;5.03781;0;0;-1
0;347;-9.10028;88.2435;-25.6682;8.64271;2704.2;5.19674;0;0;0.1;0.01;0;3.96931;0;0;-1
0;348;9.34699;-90.4768;-25.4123;10.3115;4592.55;6.20016;0;0;0.1;0.01;0;4.27598;0;0;-1
0;349;6.59421;-75.7934;-25.3208;9.7822;3921.01;5.88189;0;0;0.1;0.01;0;6.67353;0;0;-1
0;350;9.4442;-58.6601;-25.7704;9.33001;3402;5.61;0;0;0.1;0.01;0;5.80769;0;0;-1
0;351;5.72655;-40.0296;-25.3989;9.62018;3729.39;5.78447;0;0;0.1;0.01;0;6.09692;0;0;-1
0;352;8.26587;-25.5169;-26.5945;8.72878;2785.8;5.24849;0;0;0.1;0.01;0;5.8595;0;0;-1
0;353;9.0226;-8.76449;-27.692;10.2426;4501.11;6.15873;0;0;0.1;0.01;0;6.79732;0;0;-1
0;354;5.51598;9.93633;-25.5137;9.14542;3204.05;5.49901;0;0;0.1;0.01;0;4.58393;0;0;-1
0;355;9.43403;29.3324;-27.6642;10.081;4291.4;6.06156;0;0;0.1;0.01;0;6.86091;0;0;-1
0;356;6.25328;44.0471;-25.2433;10.3766;4680.09;6.2393;0;0;0.1;0.01;0;7.20122;0;0;-1
0;357;6.86876;63.4072;-24.6239;10.1832;4423.25;6.12301;0;0;0.1;0.01;0;6.80836;0;0;-1
0;358;5.89751;78.285;-28.0033;9.05381;3108.73;5.44392;0;0;0.1;0.01;0;5.55866;0;0;-1
0;359;8.24443;95.6198;-26.8415;10.0208;4214.98;6.02536;0;0;0.1;0.01;0;2.99664;0;0;-1
0;360;22.5773;-82.3705;-25.2163;9.14669;3205.39;5.49977;0;0;0.1;0.01;0;4.65777;0;0;-1
0;361;23.7029;-65.8992;-25.4757;9.51617;3609.73;5.72193;0;0;0.1;0.01;0;5.43771;0;0;-1
0;362;23.2761;-47.2923;-27.4342;10.114;4333.69;6.0814;0;0;0.1;0.01;0;6.25928;0;0;-1
0;363;22.7917;-31.7602;-26.0459;9.7203;3847.05;5.84468;0;0;0.1;0.01;0;6.89766;0;0;-1
0;364;22.1283;-16.0901;-25.5876;10.0142;4206.66;6.02139;0;0;0.1;0.01;0;6.72979;0;0;-1
0;365;22.3193;1.01463;-26.8029;9.03568;3090.09;5.43302;0;0;0.1;0.01;0;5.17262;0;0;-1
0;366;23.387;18.1868;-28.0106;9.62583;3735.97;5.78787;0;0;0.1;0.01;0;6.25516;0;0;-1
0;367;23.2502;34.9334;-27.5181;9.48752;3577.23;5.70471;0;0;0.1;0.01;0;7.41953;0;0;-1
0;368;20.5948;51.1121;-24.5153;9.78732;3927.17;5.88497;0;0;0.1;0.01;0;6.26157;0;0;-1
0;369;20.2871;69.1542;-26.9547;9.41126;3491.66;5.65885;0;0;0.1;0.01;0;5.361;0;0;-1
0;370;23.3587;84.5726;-24.8041;9.48309;3572.22;5.70204;0;0;0.1;0.01;0;4.90014;0;0;-1
0;371;38.0654;-75.9943;-27.1032;9.08221;3138.07;5.461;0;0;0.1;0.01;0;3.94066;0;0;-1
0;372;35.2293;-56.9158;-27.0377;8.68961;2748.46;5.22494;0;0;0.1;0.01;0;5.6067;0;0;-1
0;373;37.5323;-39.9414;-26.8219;9.92192;4091.44;5.96591;0;0;0.1;0.01;0;7.96805;0;0;-1
0;374;37.6913;-23.1685;-27.6908;9.98008;4163.81;6.00088;0;0;0.1;0.01;0;7.58956;0;0;-1
0;375;37.4565;-7.20669;-24.8423;9.68117;3800.77;5.82115;0;0;0.1;0.01;0;6.56872;0;0;-1
0;376;35.1273;8.91251;-26.7888;8.8148;2868.97;5.30021;0;0;0.1;0.01;0;5.30919;0;0;-1
0;377;37.2288;25.3883;-24.7135;9.96675;4147.15;5.99286;0;0;0.1;0.01;0;6.87984;0;0;-1
0;378;37.0113;42.1372;-27.0955;9.84583;3998.03;5.92015;0;0;0.1;0.01;0;6.57853;0;0;-1
0;379;38.4506;63.6776;-24.9016;8.5;2572.44;5.11093;0;0;0.1;0.01;0;4.58458;1;0;-1
0;380;36.7509;78.8103;-24.8776;8.5;2572.44;5.11093;0;0;0.1;0.01;0;4.3504;1;0;-1
0;381;50.4391;-66.6524;-24.7848;10.2137;4463.11;6.14135;0;0;0.1;0.01;0;5.56951;0;0;-1
0;382;49.9623;-50.7728;-25.2892;10.1728;4409.71;6.11676;0;0;0.1;0.01;0;6.85297;0;0;-1
0;383;50.0729;-33.4148;-25.0307;8.55599;2623.61;5.14459;0;0;0.1;0.01;0;5.20357;0;0;-1
0;384;52.714;-15.5641;-26.8564;9.21838;3281.35;5.54288;0;0;0.1;0.01;0;6.25831;0;0;-1
0;385;51.8239;1.73546;-28.3366;10.0155;4208.3;6.02217;0;0;0.1;0.01;0;7.16889;0;0;-1
0;386;50.1067;17.7961;-28.5125;9.04577;3100.45;5.43909;0;0;0.1;0.01;0;6.16664;0;0;-1
0;387;50.3092;34.8922;-25.0676;9.38364;3461.01;5.64225;0;0;0.1;0.01;0;5.57686;0;0;-1
0;388;52.9828;54.7699;-24.6955;8.65695;2717.59;5.2053;0;0;0.1;0.01;0;4.39644;0;0;-1
0;389;52.2046;72.6202;-26.9407;9.78828;3928.33;5.88555;0;0;0.1;0.01;0;4.37898;0;0;-1
0;390;66.3597;-59.2053;-27.6314;8.99162;3045.11;5.40653;0;0;0.1;0.01;0;4.13261;0;0;-1
0;391;66.6361;-42.2233;-25.0408;8.84857;2902.07;5.32052;0;0;0.1;0.01;0;5.48338;0;0;-1
0;392;67.4844;-23.2445;-24.868;10.3678;4668.19;6.23401;0;0;0.1;0.01;0;6.53806;0;0;-1
0;393;65.5589;-5.60271;-26.9263;8.9529;3005.94;5.38325;0;0;0.1;0.01;0;6.84001;0;0;-1
0;394;66.5844;9.4548;-25.0944;9.2484;3313.51;5.56093;0;0;0.1;0.01;0;5.8224;0;0;-1
0;395;64.8755;25.407;-25.6017;9.8348;3984.6;5.91352;0;0;0.1;0.01;0;4.80876;0;0;-1
0;396;66.3813;46.5063;-25.8998;10.0347;4232.55;6.03372;0;0;0.1;0.01;0;5.81851;0;0;-1
0;397;65.0714;62.2775;-27.5184;10.0508;4252.95;6.0434;0;0;0.1;0.01;0;4.97046;0;0;-1
0;398;79.417;-51.2664;-25.8227;10.1042;4321.1;6.07551;0;0;0.1;0.01;0;2.17794;0;0;-1
0;399;81.8801;-34.2032;-24.831;10.2512;4512.45;6.1639;0;0;0.1;0.01;0;3.41397;0;0;-1
0;400;80.7484;-16.8103;-25.3536;8.88357;2936.64;5.34156;0;0;0.1;0.01;0;4.46899;0;0;-1
0;401;79.7992;-0.232196;-26.2432;9.30496;3374.68;5.59494;0;0;0.1;0.01;0;4.87227;0;0;-1
0;402;83.2176;17.7951;-25.2701;9.79833;3940.44;5.89159;0;0;0.1;0.01;0;4.14516;0;0;-1
0;403;79.0929;33.7664;-27.9927;8.5;2572.44;5.11093;0;0;0.1;0.01;0;3.3667;1;0;-1
0;404;79.3705;54.6234;-26.5448;10.3516;4646.34;6.22427;0;0;0.1;0.01;0;2.70909;0;0;-1
0;405;-98.4432;0.958317;-11.8058;10.2755;4544.62;6.17851;0;0;0.1;0.01;0;3.70394;0;0;-1
0;406;-84.2818;-42.0875;-11.2477;9.08598;3141.98;5.46327;0;0;0.1;0.01;0;3.46933;0;0;-1
0;407;-84.3758;-23.5396;-10.3023;10.4098;4725.15;6.25926;0;0;0.1;0.01;0;5.70415;0;0;-1
0;408;-85.2161;-7.13459;-12.4853;8.91246;2965.39;5.35893;0;0;0.1;0.01;0;5.26867;0;0;-1
0;409;-83.346;11.6472;-11.9308;10.149;4378.83;6.10245;0;0;0.1;0.01;0;5.9231;0;0;-1
0;410;-84.8102;29.1391;-12.4286;8.5;2572.44;5.11093;0;0;0.1;0.01;0;4.13085;1;0;-1
0;411;-84.0315;42.4944;-11.314;9.39125;3469.44;5.64682;0;0;0.1;0.01;0;4.12722;0;0;-1
0;412;-70.8142;-68.4389;-10.0669;8.78734;2842.24;5.2837;0;0;0.1;0.01;0;2.13483;0;0;-1
0;413;-69.2296;-49.2656;-11.9951;9.51949;3613.51;5.72393;0;0;0.1;0.01;0;4.76845;0;0;-1
0;414;-69.8922;-32.5587;-10.1391;9.37135;3447.43;5.63486;0;0;0.1;0.01;0;6.79692;0;0;-1
0;415;-72.1667;-15.7403;-11.6946;9.40543;3485.17;5.65535;0;0;0.1;0.01;0;6.58654;0;0;-1
0;416;-70.7983;3.17356;-10.3127;8.76929;2824.76;5.27285;0;0;0.1;0.01;0;6.07273;0;0;-1
0;417;-68.3552;17.3732;-12.9556;8.58719;2652.42;5.16335;0;0;0.1;0.01;0;4.93407;0;0;-1
0;418;-69.4922;36.4722;-11.9871;9.59908;3704.91;5.77179;0;0;0.1;0.01;0;6.34033;0;0;-1
0;419;-71.9181;53.7847;-13.0247;8.9755;3028.76;5.39684;0;0;0.1;0.01;0;4.41615;0;0;-1
0;420;-54.2933;-75.1329;-9.72336;8.85847;2911.82;5.32647;0;0;0.1;0.01;0;3.81348;0;0;-1
0;421;-56.6174;-58.2364;-12.3481;9.39962;3478.72;5.65186;0;0;0.1;0.01;0;5.38425;0;0;-1
0;422;-57.3295;-39.2002;-10.3169;8.57706;2643.04;5.15726;0;0;0.1;0.01;0;5.56515;0;0;-1
0;423;-57.3096;-23.9578;-11.8652;8.5;2572.44;5.11093;0;0;0.1;0.01;0;5.49244;1;0;-1
0;424;-55.2391;-7.2184;-11.8067;9.00601;3059.75;5.41518;0;0;0.1;0.01;0;5.50183;0;0;-1
0;425;-54.3065;8.60052;-12.5446;10.0595;4264.01;6.04863;0;0;0.1;0.01;0;5.98833;0;0;-1
0;426;-57.3387;29.7643;-12.8165;8.5;2572.44;5.11093;0;0;0.1;0.01;0;5.63847;1;0;-1
0;427;-55.1127;44.7222;-11.8296;9.28257;3350.37;5.58147;0;0;0.1;0.01;0;6.85703;0;0;-1
0;428;-57.9514;60.0318;-10.685;9.74725;3879.14;5.86088;0;0;0.1;0.01;0;5.44955;0;0;-1
0;429;-42.7854;-83.6453;-13.2559;10.0889;4301.5;6.06631;0;0;0.1;0.01;0;4.25746;0;0;-1
0;430;-39.3546;-64.6287;-11.5705;9.79525;3936.73;5.88974;0;0;0.1;0.01;0;5.60879;0;0;-1
0;431;-41.0523;-49.3557;-10.6917;8.52157;2592.07;5.1239;0;0;0.1;0.01;0;5.07683;0;0;-1
0;432;-41.2237;-32.6057;-12.3599;9.80366;3946.87;5.8948;0;0;0.1;0.01;0;6.13943;0;0;-1
0;433;-42.0843;-14.3467;-13.5207;10.014;4206.41;6.02127;0;0;0.1;0.01;0;6.08356;0;0;-1
0;434;-40.9209;3.07103;-10.7869;9.48602;3575.53;5.70381;0;0;0.1;0.01;0;5.76819;0;0;-1
0;435;-39.4026;20.0875;-11.2081;10.0097;4200.99;6.01869;0;0;0.1;0.01;0;6.27774;0;0;-1
0;436;-42.1298;36.9056;-13.1683;9.33057;3402.62;5.61034;0;0;0.1;0.01;0;7.19979;0;0;-1
0;437;-42.6519;52.2169;-12.6287;8.5;2572.44;5.11093;0;0;0.1;0.01;0;5.05259;1;0;-1
0;438;-43.0059;70.6882;-12.5539;8.74544;2801.78;5.25851;0;0;0.1;0.01;0;4.72239;0;0;-1
0;439;-43.254;85.136;-13.3369;8.5;2572.44;5.11093;0;0;0.1;0.01;0;3.42488;1;0;-1
0;440;-27.9015;-93.1797;-13.0841;9.62079;3730.1;5.78484;0;0;0.1;0.01;0;4.3187;0;0;-1
0;441;-28.1456;-76.8697;-13.0042;10.1441;4372.49;6.0995;0;0;0.1;0.01;0;7.05512;0;0;-1
0;442;-24.6966;-56.5743;-12.2841;10.3899;4698.1;6.2473;0;0;0.1;0.01;0;7.30862;0;0;-1
0;443;-27.3628;-41.7542;-10.1932;10.4383;4764.07;6.2764;0;0;0.1;0.01;0;7.63234;0;0;-1
0;444;-26.6334;-22.288;-11.8625;10.2193;4470.46;6.14472;0;0;0.1;0.01;0;6.64839;0;0;-1
0;445;-24.9528;-7.30968;-10.3211;8.54228;2611.02;5.13635;0;0;0.1;0.01;0;4.69666;0;0;-1
0;446;-25.1384;9.14908;-10.2554;9.43114;3513.83;5.67081;0;0;0.1;0.01;0;5.17385;0;0;-1
0;447;-27.4313;28.4664;-10.5801;10.2555;4518.13;6.16648;0;0;0.1;0.01;0;6.15052;0;0;-1
0;448;-28.3103;42.9589;-10.776;9.06343;3118.65;5.44971;0;0;0.1;0.01;0;5.62562;0;0;-1
0;449;-24.4423;59.0703;-12.8501;8.80537;2859.77;5.29454;0;0;0.1;0.01;0;4.53482;0;0;-1
0;450;-24.7741;77.7003;-12.2478;9.85517;4009.41;5.92577;0;0;0.1;0.01;0;6.45191;0;0;-1
0;451;-24.8587;94.6725;-14.0139;10.1999;4445.05;6.13305;0;0;0.1;0.01;0;3.54518;0;0;-1
0;452;-13.5484;-83.3087;-11.0874;8.5;2572.44;5.11093;0;0;0.1;0.01;0;4.45276;1;0;-1
0;453;-12.7702;-65.4493;-13.2586;8.5;2572.44;5.11093;0;0;0.1;0.01;0;5.5256;1;0;-1
0;454;-12.6944;-48.4393;-9.71325;9.49539;3586.14;5.70944;0;0;0.1;0.01;0;6.60748;0;0;-1
0;455;-11.4445;-32.3659;-11.7623;10.4018;4714.27;6.25445;0;0;0.1;0.01;0;7.25739;0;0;-1
0;456;-10.3933;-14.2713;-10.7199;8.5;2572.44;5.11093;0;0;0.1;0.01;0;6.05998;1;0;-1
0;457;-10.7178;0.962176;-11.6046;10.2021;4447.92;6.13437;0;0;0.1;0.01;0;7.15904;0;0;-1
0;458;-10.7312;16.9707;-11.6249;9.08701;3143.05;5.46389;0;0;0.1;0.01;0;5.76952;0;0;-1
0;459;-11.5922;34.2433;-12.5374;8.56015;2627.44;5.14709;0;0;0.1;0.01;0;4.6188;0;0;-1
0;460;-10.3543;50.9689;-10.6037;8.54843;2616.66;5.14005;0;0;0.1;0.01;0;5.22114;0;0;-1
0;461;-10.5237;67.4133;-11.6351;9.0735;3129.05;5.45576;0;0;0.1;0.01;0;5.91062;0;0;-1
0;462;-11.697;87.2584;-12.4322;8.5;2572.44;5.11093;0;0;0.1;0.01;0;4.79439;1;0;-1
0;463;4.39293;-91.5494;-10.5864;8.69412;2752.74;5.22765;0;0;0.1;0.01;0;3.76622;0;0;-1
0;464;1.54342;-75.9926;-12.1264;8.5;2572.44;5.11093;0;0;0.1;0.01;0;5.48982;1;0;-1
0;465;1.34744;-59.478;-12.8566;8.86284;2916.13;5.3291;0;0;0.1;0.01;0;6.0625;0;0;-1
0;466;1.68131;-41.2633;-12.6235;9.63019;3741.05;5.79049;0;0;0.1;0.01;0;6.53565;0;0;-1
0;467;1.26873;-21.5684;-10.4671;9.21799;3280.93;5.54264;0;0;0.1;0.01;0;6.60857;0;0;-1
0;468;1.59697;-7.44577;-12.1266;8.63646;2698.34;5.19298;0;0;0.1;0.01;0;6.1258;0;0;-1
0;469;3.28064;8.17221;-12.278;10.1133;4332.79;6.08098;0;0;0.1;0.01;0;6.21134;0;0;-1
0;470;3.18883;25.1283;-13.5541;9.05314;3108.04;5.44352;0;0;0.1;0.01;0;4.72274;0;0;-1
0;471;1.99022;43.7648;-10.4996;9.3009;3370.26;5.5925;0;0;0.1;0.01;0;5.57731;0;0;-1
0;472;2.33554;59.5207;-10.7521;9.45512;3540.71;5.68523;0;0;0.1;0.01;0;6.58789;0;0;-1
0;473;2.70432;76.7458;-10.3921;8.91847;2971.39;5.36255;0;0;0.1;0.01;0;6.03316;0;0;-1
0;474;3.09565;94.0407;-11.4648;10.2647;4530.3;6.17202;0;0;0.1;0.01;0;4.45969;0;0;-1
0;475;18.8189;-85.1799;-10.5363;9.35595;3430.46;5.6256;0;0;0.1;0.01;0;5.79858;0;0;-1
0;476;16.072;-68.1918;-10.5133;9.47166;3559.32;5.69517;0;0;0.1;0.01;0;6.35263;0;0;-1
0;477;15.9659;-51.471;-9.87218;9.86583;4022.44;5.93218;0;0;0.1;0.01;0;5.77795;0;0;-1
0;478;15.5251;-33.3899;-10.5239;9.65096;3765.3;5.80298;0;0;0.1;0.01;0;5.7423;0;0;-1
0;479;16.0379;-16.2975;-11.4625;8.57311;2639.39;5.15489;0;0;0.1;0.01;0;5.90978;0;0;-1
0;480;16.4173;1.11961;-11.4601;9.38448;3461.94;5.64275;0;0;0.1;0.01;0;5.57994;0;0;-1
0;481;19.4905;20.9031;-10.8794;9.88972;4051.73;5.94655;0;0;0.1;0.01;0;6.05023;0;0;-1
0;482;19.6228;38.1871;-13.1677;8.5;2572.44;5.11093;0;0;0.1;0.01;0;5.08386;1;0;-1
0;483;18.1862;54.5321;-11.4738;8.5;2572.44;5.11093;0;0;0.1;0.01;0;4.93065;1;0;-1
0;484;17.307;71.4367;-10.3236;10.3965;4707.06;6.25126;0;0;0.1;0.01;0;7.1109;0;0;-1
0;485;15.6956;84.9715;-12.5732;8.5;2572.44;5.11093;0;0;0.1;0.01;0;5.45175;1;0;-1
0;486;31.9465;-93.7278;-12.0416;8.83098;2884.8;5.30994;0;0;0.1;0.01;0;1.8563;0;0;-1
0;487;33.3593;-76.6504;-12.3263;9.41174;3492.19;5.65914;0;0;0.1;0.01;0;5.65285;0;0;-1
0;488;32.8906;-55.3918;-10.3495;9.45135;3536.47;5.68296;0;0;0.1;0.01;0;4.99368;0;0;-1
0;489;34.1686;-38.8911;-10.1244;9.62386;3733.67;5.78669;0;0;0.1;0.01;0;6.14407;0;0;-1
0;490;31.2317;-21.3576;-12.2787;9.89423;4057.28;5.94926;0;0;0.1;0.01;0;7.10781;0;0;-1
0;491;33.1371;-6.33834;-10.7832;8.88235;2935.43;5.34083;0;0;0.1;0.01;0;5.56209;0;0;-1
0;492;33.4989;11.7938;-12.9145;10.3784;4682.52;6.24038;0;0;0.1;0.01;0;7.0194;0;0;-1
0;493;31.4745;29.0508;-10.8321;9.24443;3309.25;5.55854;0;0;0.1;0.01;0;6.8215;0;0;-1
0;494;33.5365;46.2636;-13.2514;9.56238;3662.58;5.74972;0;0;0.1;0.01;0;5.98932;0;0;-1
0;495;32.7906;63.4856;-10.3658;8.6173;2680.42;5.18146;0;0;0.1;0.01;0;5.98511;0;0;-1
0;496;32.2641;79.3782;-10.1275;10.0567;4260.45;6.04695;0;0;0.1;0.01;0;6.38606;0;0;-1
0;497;45.9675;-82.9352;-10.7911;8.5;2572.44;5.11093;0;0;0.1;0.01;0;4.15594;1;0;-1
0;498;48.1278;-67.8861;-11.4491;9.53328;3629.24;5.73222;0;0;0.1;0.01;0;6.01326;0;0;-1
0;499;47.6989;-47.7314;-11.9682;9.34097;3414.01;5.61659;0;0;0.1;0.01;0;6.11635;0;0;-1
0;500;48.6162;-31.7072;-12.5223;9.05733;3112.36;5.44604;0;0;0.1;0.01;0;5.5404;0;0;-1
0;501;45.5572;-14.7379;-10.9468;9.15165;3210.6;5.50275;0;0;0.1;0.01;0;6.26596;0;0;-1
0;502;46.595;0.437055;-11.0257;10.1585;4391.14;6.10816;0;0;0.1;0.01;0;7.44486;0;0;-1
0;503;47.7355;18.117;-13.4364;10.1742;4411.53;6.1176;0;0;0.1;0.01;0;7.74713;0;0;-1
0;504;47.9011;34.6494;-10.549;9.51622;3609.79;5.72196;0;0;0.1;0.01;0;6.42834;0;0;-1
0;505;45.9419;55.1934;-12.4968;8.5;2572.44;5.11093;0;0;0.1;0.01;0;5.01835;1;0;-1
0;506;46.2883;68.4965;-10.0129;9.24156;3306.16;5.55682;0;0;0.1;0.01;0;6.1692;0;0;-1
0;507;47.6975;85.6468;-13.0937;8.6403;2701.94;5.19529;0;0;0.1;0.01;0;2.33677;0;0;-1
0;508;61.0949;-74.2484;-11.2908;10.3036;4582.01;6.19541;0;0;0.1;0.01;0;3.19815;0;0;-1
0;509;60.3089;-56.0639;-13.3042;9.61516;3723.56;5.78146;0;0;0.1;0.01;0;6.39379;0;0;-1
0;510;61.4396;-42.1503;-11.6146;9.39919;3478.24;5.6516;0;0;0.1;0.01;0;6.41245;0;0;-1
0;511;62.5788;-25.7834;-11.8645;9.28468;3352.66;5.58274;0;0;0.1;0.01;0;5.84271;0;0;-1
0;512;62.7421;-7.65406;-11.5015;9.83406;3983.7;5.91308;0;0;0.1;0.01;0;6.46719;0;0;-1
0;513;60.7353;9.3751;-12.8115;10.2245;4477.29;6.14784;0;0;0.1;0.01;0;6.65757;0;0;-1
0;514;61.971;28.7516;-10.2202;9.92591;4096.37;5.96831;0;0;0.1;0.01;0;6.30861;0;0;-1
0;515;62.6752;45.9864;-11.1294;9.50542;3597.51;5.71547;0;0;0.1;0.01;0;5.70348;0;0;-1
0;516;63.2355;63.591;-10.8029;10.0981;4313.28;6.07184;0;0;0.1;0.01;0;5.33401;0;0;-1
0;517;61.0473;77.9223;-13.7937;8.90529;2958.24;5.35462;0;0;0.1;0.01;0;2.77331;0;0;-1
0;518;77.602;-47.5335;-10.8096;8.5;2572.44;5.11093;0;0;0.1;0.01;0;3.89005;1;0;-1
0;519;77.3339;-30.0337;-11.2428;8.60685;2670.68;5.17517;0;0;0.1;0.01;0;5.62832;0;0;-1
0;520;75.2994;-14.4417;-10.8573;10.4528;4783.95;6.28512;0;0;0.1;0.01;0;7.80062;0;0;-1
0;521;74.9395;1.12051;-10.9939;8.5;2572.44;5.11093;0;0;0.1;0.01;0;6.16544;1;0;-1
0;522;76.6081;18.0096;-13.3363;8.69993;2758.26;5.23114;0;0;0.1;0.01;0;5.75019;0;0;-1
0;523;75.0699;34.8525;-12.7089;8.5;2572.44;5.11093;0;0;0.1;0.01;0;5.25395;1;0;-1
0;524;75.3413;51.4806;-10.2326;9.24246;3307.13;5.55736;0;0;0.1;0.01;0;5.72189;0;0;-1
0;525;89.5847;-22.1729;-11.9495;8.5;2572.44;5.11093;0;0;0.1;0.01;0;3.79135;1;0;-1
0;526;90.0672;-4.25064;-10.1492;9.67018;3787.85;5.81454;0;0;0.1;0.01;0;4.12011;0;0;-1
0;527;89.5544;12.0078;-11.0215;8.94815;3001.15;5.38039;0;0;0.1;0.01;0;4.80408;0;0;-1
0;528;89.4268;27.0283;-11.1952;8.57982;2645.59;5.15892;0;0;0.1;0.01;0;4.51609;0;0;-1
0;529;89.2353;43.5659;-9.84614;10.0381;4236.85;6.03576;0;0;0.1;0.01;0;3.29443;0;0;-1
0;530;-93.9386;-16.5792;2.40011;9.45997;3546.16;5.68814;0;0;0.1;0.01;0;3.17088;0;0;-1
0;531;-95.6876;2.72622;3.43618;9.65336;3768.11;5.80443;0;0;0.1;0.01;0;3.78338;0;0;-1
0;532;-95.9092;18.689;2.1609;10.2032;4449.36;6.13504;0;0;0.1;0.01;0;3.23816;0;0;-1
0;533;-79.6781;-55.9211;3.04031;8.5;2572.44;5.11093;0;0;0.1;0.01;0;2.63994;1;0;-1
0;534;-82.6256;-41.5254;4.68274;9.80047;3943.02;5.89288;0;0;0.1;0.01;0;4.1759;0;0;-1
0;535;-80.5998;-23.2262;2.97277;9.80139;3944.13;5.89343;0;0;0.1;0.01;0;6.45371;0;0;-1
0;536;-79.8661;-6.13688;3.72402;9.46528;3552.13;5.69134;0;0;0.1;0.01;0;5.92469;0;0;-1
0;537;-81.7955;10.3523;2.71271;8.90491;2957.86;5.35439;0;0;0.1;0.01;0;4.70753;0;0;-1
0;538;-80.6001;25.493;1.20463;8.5;2572.44;5.11093;0;0;0.1;0.01;0;3.69637;1;0;-1
0;539;-82.6815;44.0756;2.77073;10.2457;4505.19;6.16059;0;0;0.1;0.01;0;4.42255;0;0;-1
0;540;-78.9042;61.1285;3.37522;9.4202;3501.62;5.66423;0;0;0.1;0.01;0;2.5587;0;0;-1
0;541;-63.8863;-65.5055;1.6787;8.86781;2921.04;5.33209;0;0;0.1;0.01;0;4.00733;0;0;-1
0;542;-64.2787;-47.2866;4.39948;10.2617;4526.33;6.17021;0;0;0.1;0.01;0;6.23397;0;0;-1
0;543;-68.3929;-33.0457;3.5545;8.92266;2975.58;5.36507;0;0;0.1;0.01;0;5.75789;0;0;-1
0;544;-67.7965;-14.8242;1.72204;10.4365;4761.6;6.27532;0;0;0.1;0.01;0;6.92606;0;0;-1
0;545;-67.1946;0.398404;3.73354;10.3306;4618.12;6.21164;0;0;0.1;0.01;0;6.93408;0;0;-1
0;546;-64.7299;17.128;3.36929;10.4477;4776.95;6.28205;0;0;0.1;0.01;0;6.0195;0;0;-1
0;547;-65.1789;36.5245;3.09553;10.4249;4745.74;6.26834;0;0;0.1;0.01;0;6.60329;0;0;-1
0;548;-65.5634;52.0313;3.22724;9.47993;3568.65;5.70014;0;0;0.1;0.01;0;5.47905;0;0;-1
0;549;-64.9434;70.4082;3.16917;8.5;2572.44;5.11093;0;0;0.1;0.01;0;2.35033;1;0;-1
0;550;-49.9086;-75.3366;3.23843;8.5823;2647.89;5.16041;0;0;0.1;0.01;0;5.0056;0;0;-1
0;551;-50.3429;-59.3881;4.21092;8.71413;2771.79;5.23968;0;0;0.1;0.01;0;5.50641;0;0;-1
0;552;-50.9515;-42.3314;3.34317;8.72965;2786.63;5.24901;0;0;0.1;0.01;0;5.46306;0;0;-1
0;553;-52.1128;-24.4784;3.65393;8.58632;2651.61;5.16283;0;0;0.1;0.01;0;4.18521;0;0;-1
0;554;-49.6436;-5.37934;2.14983;8.5;2572.44;5.11093;0;0;0.1;0.01;0;4.35321;1;0;-1
0;555;-52.3018;10.0567;3.75383;8.5;2572.44;5.11093;0;0;0.1;0.01;0;4.98685;1;0;-1
0;556;-52.7545;25.8387;2.69522;8.5;2572.44;5.11093;0;0;0.1;0.01;0;5.48604;1;0;-1
0;557;-50.269;42.9888;5.10842;9.8444;3996.28;5.91929;0;0;0.1;0.01;0;5.97408;0;0;-1
0;558;-50.7502;63.4604;1.8339;9.04923;3104.01;5.44117;0;0;0.1;0.01;0;5.21544;0;0;-1
0;559;-51.4559;78.1193;1.28583;9.76208;3896.87;5.8698;0;0;0.1;0.01;0;4.43721;0;0;-1
0;560;-34.9771;-84.0173;3.44025;9.36644;3442.01;5.6319;0;0;0.1;0.01;0;5.15482;0;0;-1
0;561;-38.4995;-67.3813;3.2501;9.15764;3216.91;5.50636;0;0;0.1;0.01;0;5.35491;0;0;-1
0;562;-36.7012;-50.3904;4.12535;8.5;2572.44;5.11093;0;0;0.1;0.01;0;5.17274;1;0;-1
0;563;-35.8344;-32.6238;2.68135;9.95707;4135.07;5.98704;0;0;0.1;0.01;0;6.05338;0;0;-1
0;564;-38.0777;-14.0875;3.15332;8.97516;3028.41;5.39663;0;0;0.1;0.01;0;4.98231;0;0;-1
0;565;-36.6349;3.18043;4.03376;8.90095;2953.91;5.35201;0;0;0.1;0.01;0;5.85484;0;0;-1
0;566;-38.1397;19.9723;2.9188;10.1518;4382.46;6.10413;0;0;0.1;0.01;0;6.86684;0;0;-1
0;567;-38.1982;36.3059;1.03065;8.89588;2948.87;5.34896;0;0;0.1;0.01;0;5.93227;0;0;-1
0;568;-35.4191;50.8428;2.85983;9.82839;3976.82;5.90967;0;0;0.1;0.01;0;5.01464;0;0;-1
0;569;-35.7482;71.7396;1.33896;10.4423;4769.55;6.2788;0;0;0.1;0.01;0;6.28681;0;0;-1
0;570;-35.332;87.8901;3.29168;9.58234;3685.56;5.76172;0;0;0.1;0.01;0;5.14449;0;0;-1
0;571;-20.7823;-93.6572;1.60265;9.51832;3612.18;5.72323;0;0;0.1;0.01;0;4.31182;0;0;-1
0;572;-20.5667;-76.6052;4.60025;8.53528;2604.61;5.13214;0;0;0.1;0.01;0;5.26308;0;0;-1
0;573;-23.6187;-57.6381;1.5394;9.2155;3278.27;5.54115;0;0;0.1;0.01;0;6.00501;0;0;-1
0;574;-23.2259;-40.3618;2.14281;9.25268;3318.11;5.5635;0;0;0.1;0.01;0;6.41646;0;0;-1
0;575;-21.1676;-23.0802;3.5707;8.5;2572.44;5.11093;0;0;0.1;0.01;0;5.39744;1;0;-1
0;576;-20.5764;-5.19349;3.34137;8.55675;2624.31;5.14505;0;0;0.1;0.01;0;6.16173;0;0;-1
0;577;-20.1929;9.99359;4.07001;10.1133;4332.79;6.08098;0;0;0.1;0.01;0;6.90033;0;0;-1
0;578;-23.9386;27.5209;1.88574;8.5874;2652.61;5.16348;0;0;0.1;0.01;0;3.99367;0;0;-1
0;579;-19.9324;46.9954;1.83008;9.19996;3261.72;5.5318;0;0;0.1;0.01;0;4.54639;0;0;-1
0;580;-22.0329;63.3242;2.16411;9.89483;4058.01;5.94962;0;0;0.1;0.01;0;6.65751;0;0;-1
0;581;-22.1863;77.5562;1.90755;9.60554;3712.39;5.77567;0;0;0.1;0.01;0;6.19828;0;0;-1
0;582;-23.3655;96.2349;1.35632;9.90756;4073.7;5.95727;0;0;0.1;0.01;0;3.42012;0;0;-1
0;583;-7.07401;-98.9508;0.930586;10.0776;4287.06;6.05951;0;0;0.1;0.01;0;2.97465;0;0;-1
0;584;-5.64475;-81.0569;3.70846;8.73414;2790.93;5.25171;0;0;0.1;0.01;0;5.62601;0;0;-1
0;585;-9.08255;-66.6456;2.77015;10.3839;4689.97;6.24369;0;0;0.1;0.01;0;5.75018;0;0;-1
0;586;-7.63068;-49.2499;2.31133;8.64791;2709.08;5.19986;0;0;0.1;0.01;0;5.09682;0;0;-1
0;587;-7.46569;-29.9724;2.51663;9.4445;3528.79;5.67884;0;0;0.1;0.01;0;6.35106;0;0;-1
0;588;-8.78053;-14.1943;3.11543;9.71029;3835.18;5.83866;0;0;0.1;0.01;0;6.88084;0;0;-1
0;589;-7.88825;1.80681;3.77584;8.5;2572.44;5.11093;0;0;0.1;0.01;0;5.89942;1;0;-1
0;590;-6.30077;17.3616;1.33974;8.51996;2590.61;5.12293;0;0;0.1;0.01;0;5.93136;0;0;-1
0;591;-6.16577;34.6534;3.70059;9.22465;3288.05;5.54665;0;0;0.1;0.01;0;5.50813;0;0;-1
0;592;-5.76324;51.7985;3.54021;8.5;2572.44;5.11093;0;0;0.1;0.01;0;5.86908;1;0;-1
0;593;-7.56626;71.7823;2.32886;10.3283;4615.04;6.21026;0;0;0.1;0.01;0;6.85476;0;0;-1
0;594;-9.2072;88.376;3.67884;9.77079;3907.31;5.87503;0;0;0.1;0.01;0;4.97615;0;0;-1
0;595;8.03791;-92.1738;3.10059;8.71605;2773.63;5.24083;0;0;0.1;0.01;0;4.70717;0;0;-1
0;596;8.6351;-76.0903;1.83054;9.61678;3725.44;5.78243;0;0;0.1;0.01;0;7.03995;0;0;-1
0;597;5.95602;-58.9228;1.6864;10.096;4310.59;6.07058;0;0;0.1;0.01;0;6.92089;0;0;-1
0;598;7.03617;-42.7405;3.58995;9.83689;3987.15;5.91478;0;0;0.1;0.01;0;6.72716;0;0;-1
0;599;7.55089;-24.9346;1.84696;9.5353;3631.55;5.73344;0;0;0.1;0.01;0;6.50691;0;0;-1
0;600;9.35813;-8.46207;4.44201;10.1237;4346.17;6.08723;0;0;0.1;0.01;0;5.93103;0;0;-1
0;601;5.73391;10.4514;2.77147;8.89902;2951.99;5.35085;0;0;0.1;0.01;0;4.95914;0;0;-1
0;602;7.62863;25.4183;2.11794;9.91149;4078.55;5.95964;0;0;0.1;0.01;0;6.08774;0;0;-1
0;603;8.38559;44.0585;2.35003;8.5;2572.44;5.11093;0;0;0.1;0.01;0;5.04399;1;0;-1
0;604;6.91132;60.387;1.62632;8.5;2572.44;5.11093;0;0;0.1;0.01;0;5.65663;1;0;-1
0;605;8.80418;76.5062;2.6766;8.62821;2690.61;5.18802;0;0;0.1;0.01;0;5.79772;0;0;-1
0;606;5.61215;97.9045;1.52349;9.70502;3828.93;5.83549;0;0;0.1;0.01;0;2.82627;0;0;-1
0;607;20.4531;-85.2871;2.17493;8.5;2572.44;5.11093;0;0;0.1;0.01;0;4.15184;1;0;-1
0;608;23.7066;-66.3215;2.73716;10.1485;4378.19;6.10215;0;0;0.1;0.01;0;5.9241;0;0;-1
0;609;22.3824;-47.3554;4.38713;8.61569;2678.91;5.18049;0;0;0.1;0.01;0;4.58334;0;0;-1
0;610;21.7424;-31.0875;1.48214;8.5;2572.44;5.11093;0;0;0.1;0.01;0;5.79001;1;0;-1
0;611;21.4314;-14.711;1.49916;8.5;2572.44;5.11093;0;0;0.1;0.01;0;5.46988;1;0;-1
0;612;23.204;4.33538;1.19815;9.49255;3582.92;5.70773;0;0;0.1;0.01;0;5.44699;0;0;-1
0;613;23.3889;20.8352;4.67614;9.56391;3664.33;5.75064;0;0;0.1;0.01;0;6.83827;0;0;-1
0;614;21.9836;37.2968;4.9645;8.5;2572.44;5.11093;0;0;0.1;0.01;0;5.66024;1;0;-1
0;615;22.7769;51.4227;3.72292;9.88732;4048.78;5.9451;0;0;0.1;0.01;0;6.6437;0;0;-1
0;616;21.1354;67.7516;1.65665;9.16445;3224.09;5.51045;0;0;0.1;0.01;0;5.95759;0;0;-1
0;617;21.4036;89.4951;1.13648;10.1186;4339.6;6.08417;0;0;0.1;0.01;0;4.04384;0;0;-1
0;618;38.0402;-75.9285;1.65926;9.44408;3528.32;5.67859;0;0;0.1;0.01;0;6.03156;0;0;-1
0;619;38.5536;-59.6028;4.02579;8.64248;2703.98;5.1966;0;0;0.1;0.01;0;5.22696;0;0;-1
0;620;34.9007;-40.1485;3.40937;8.9796;3032.91;5.3993;0;0;0.1;0.01;0;5.44885;0;0;-1
0;621;35.0459;-25.724;1.20225;9.54414;3641.66;5.73875;0;0;0.1;0.01;0;6.10674;0;0;-1
0;622;38.017;-8.85302;4.48269;9.35846;3433.22;5.62711;0;0;0.1;0.01;0;6.01325;0;0;-1
0;623;37.2355;9.08844;1.45408;9.51894;3612.89;5.7236;0;0;0.1;0.01;0;5.74587;0;0;-1
0;624;36.6654;27.2511;2.87169;9.98295;4167.4;6.0026;0;0;0.1;0.01;0;6.51379;0;0;-1
0;625;35.9295;44.5366;1.21685;10.3932;4702.58;6.24928;0;0;0.1;0.01;0;6.87841;0;0;-1
0;626;36.1002;62.7057;3.83331;10.293;4567.88;6.18903;0;0;0.1;0.01;0;7.82532;0;0;-1
0;627;37.6608;80.0017;2.52616;10.395;4705.03;6.25036;0;0;0.1;0.01;0;5.1395;0;0;-1
0;628;50.842;-83.5298;2.89734;8.5;2572.44;5.11093;0;0;0.1;0.01;0;2.98859;1;0;-1
0;629;52.183;-64.6103;4.04705;9.83279;3982.16;5.91231;0;0;0.1;0.01;0;5.58501;0;0;-1
0;630;50.3225;-48.4677;3.25802;10.1367;4362.93;6.09505;0;0;0.1;0.01;0;6.36208;0;0;-1
0;631;53.4018;-33.6524;4.79737;8.5;2572.44;5.11093;0;0;0.1;0.01;0;5.81171;1;0;-1
0;632;51.3817;-15.8277;2.99545;8.60239;2666.53;5.17249;0;0;0.1;0.01;0;5.1186;0;0;-1
0;633;52.1557;1.13819;2.46334;8.51441;2585.55;5.11959;0;0;0.1;0.01;0;5.43441;0;0;-1
0;634;52.3741;17.0482;1.66756;9.47502;3563.11;5.69719;0;0;0.1;0.01;0;7.31245;0;0;-1
0;635;50.1838;34.3893;2.73434;9.80689;3950.78;5.89674;0;0;0.1;0.01;0;6.23163;0;0;-1
0;636;51.3752;54.6328;4.70164;8.5;2572.44;5.11093;0;0;0.1;0.01;0;5.01617;1;0;-1
0;637;50.006;67.7081;3.26165;9.09874;3155.24;5.47094;0;0;0.1;0.01;0;4.69975;0;0;-1
0;638;68.0565;-56.0619;4.68767;9.91865;4087.39;5.96394;0;0;0.1;0.01;0;4.38815;0;0;-1
0;639;67.5931;-39.0402;2.4047;9.67029;3787.97;5.81461;0;0;0.1;0.01;0;7.09035;0;0;-1
0;640;64.7295;-24.1628;3.90256;8.59961;2663.94;5.17082;0;0;0.1;0.01;0;5.67658;0;0;-1
0;641;67.8254;-6.65619;4.43062;8.5;2572.44;5.11093;0;0;0.1;0.01;0;4.86714;1;0;-1
0;642;65.6277;12.1998;3.83377;10.2544;4516.68;6.16582;0;0;0.1;0.01;0;6.72169;0;0;-1
0;643;65.4861;25.933;3.94128;8.5;2572.44;5.11093;0;0;0.1;0.01;0;6.09778;1;0;-1
0;644;66.9196;44.3099;4.36122;9.40417;3483.77;5.65459;0;0;0.1;0.01;0;5.69852;0;0;-1
0;645;67.4247;60.1775;4.32096;9.78995;3930.34;5.88655;0;0;0.1;0.01;0;4.46625;0;0;-1
0;646;82.3295;-47.394;5.1004;9.16647;3226.23;5.51167;0;0;0.1;0.01;0;3.67481;0;0;-1
0;647;82.1713;-33.108;3.18472;10.4059;4719.84;6.25692;0;0;0.1;0.01;0;5.82348;0;0;-1
0;648;81.3948;-15.7979;3.84246;9.58771;3691.76;5.76495;0;0;0.1;0.01;0;6.48926;0;0;-1
0;649;79.7727;0.0590533;1.87794;9.17655;3236.88;5.51773;0;0;0.1;0.01;0;5.72961;0;0;-1
0;650;80.9756;18.2534;2.44179;9.17519;3235.44;5.51691;0;0;0.1;0.01;0;6.6444;0;0;-1
0;651;82.5353;36.1043;4.09457;10.3563;4652.67;6.22709;0;0;0.1;0.01;0;5.55336;0;0;-1
0;652;82.8022;55.2995;4.89269;9.98006;4163.78;6.00087;0;0;0.1;0.01;0;2.84981;0;0;-1
0;653;95.84;-23.387;2.10051;10.372;4673.86;6.23653;0;0;0.1;0.01;0;3.62893;0;0;-1
0;654;96.3593;-7.56366;4.22581;9.30892;3378.99;5.59732;0;0;0.1;0.01;0;3.4064;0;0;-1
0;655;94.5262;12.117;1.93355;9.59168;3696.35;5.76734;0;0;0.1;0.01;0;4.21426;0;0;-1
0;656;94.3105;26.632;4.48095;10.0281;4224.2;6.02975;0;0;0.1;0.01;0;4.46498;0;0;-1
0;657;-86.8353;-40.7526;19.1999;10.0139;4206.28;6.02121;0;0;0.1;0.01;0;3.22197;0;0;-1
0;658;-85.0804;-21.1758;18.5575;9.39531;3473.94;5.64926;0;0;0.1;0.01;0;3.28179;0;0;-1
0;659;-84.8774;-4.98946;19.2697;9.9256;4095.99;5.96812;0;0;0.1;0.01;0;4.60323;0;0;-1
0;660;-86.6485;10.4793;17.1915;9.41782;3498.97;5.6628;0;0;0.1;0.01;0;4.71446;0;0;-1
0;661;-85.7257;27.1114;18.3043;8.5;2572.44;5.11093;0;0;0.1;0.01;0;3.21723;1;0;-1
0;662;-84.2602;45.3269;18.9238;8.68184;2741.09;5.22026;0;0;0.1;0.01;0;2.72939;0;0;-1
0;663;-72.1098;-63.6394;19.8466;9.46219;3548.65;5.68948;0;0;0.1;0.01;0;3.35601;0;0;-1
0;664;-70.8107;-48.5629;16.6702;9.04696;3101.68;5.43981;0;0;0.1;0.01;0;6.11277;0;0;-1
0;665;-68.9822;-33.8746;19.1899;8.5;2572.44;5.11093;0;0;0.1;0.01;0;5.46687;1;0;-1
0;666;-71.9587;-13.1872;19.0211;9.90376;4069.01;5.95499;0;0;0.1;0.01;0;7.23334;0;0;-1
0;667;-69.3891;2.17394;19.7077;9.7357;3865.36;5.85394;0;0;0.1;0.01;0;6.93161;0;0;-1
0;668;-70.2513;18.6416;19.3031;9.64972;3763.85;5.80224;0;0;0.1;0.01;0;5.80191;0;0;-1
0;669;-70.2934;34.2578;16.7453;8.77909;2834.24;5.27874;0;0;0.1;0.01;0;4.32338;0;0;-1
0;670;-70.2568;52.884;16.2682;8.5;2572.44;5.11093;0;0;0.1;0.01;0;3.91581;1;0;-1
0;671;-58.0207;-74.9486;17.1175;10.065;4271;6.05194;0;0;0.1;0.01;0;4.51461;0;0;-1
0;672;-57.4998;-58.6524;18.7054;9.47117;3558.77;5.69488;0;0;0.1;0.01;0;6.43845;0;0;-1
0;673;-56.2004;-39.5371;17.4584;10.2399;4497.55;6.1571;0;0;0.1;0.01;0;7.40283;0;0;-1
0;674;-57.0832;-23.2681;16.9152;8.9323;2985.23;5.37086;0;0;0.1;0.01;0;5.73298;0;0;-1
0;675;-55.1871;-6.46047;16.0494;9.97374;4155.88;5.99707;0;0;0.1;0.01;0;6.24333;0;0;-1
0;676;-57.1305;8.61719;17.4068;8.70387;2762.01;5.23351;0;0;0.1;0.01;0;5.38443;0;0;-1
0;677;-55.3837;26.7707;16.7916;9.65507;3770.12;5.80545;0;0;0.1;0.01;0;5.70776;0;0;-1
0;678;-54.9706;46.8991;18.9438;8.5;2572.44;5.11093;0;0;0.1;0.01;0;4.35028;1;0;-1
0;679;-53.9878;61.9338;18.2813;8.67427;2733.93;5.21571;0;0;0.1;0.01;0;3.80709;0;0;-1
0;680;-53.7956;78.0473;19.6581;9.60026;3706.27;5.7725;0;0;0.1;0.01;0;2.63973;0;0;-1
0;681;-41.6975;-84.6137;16.8486;9.64536;3758.75;5.79962;0;0;0.1;0.01;0;4.32968;0;0;-1
0;682;-40.6327;-67.4689;17.7347;8.98447;3037.85;5.40223;0;0;0.1;0.01;0;5.51586;0;0;-1
0;683;-40.4658;-47.7817;16.7441;9.09298;3149.25;5.46748;0;0;0.1;0.01;0;5.26237;0;0;-1
0;684;-42.5266;-33.0284;18.1956;9.56256;3662.78;5.74983;0;0;0.1;0.01;0;6.35611;0;0;-1
0;685;-42.1557;-13.7562;16.494;8.5;2572.44;5.11093;0;0;0.1;0.01;0;4.91631;1;0;-1
0;686;-39.9901;2.27933;17.7258;8.8338;2887.56;5.31164;0;0;0.1;0.01;0;5.08238;0;0;-1
0;687;-42.212;18.6836;18.4585;8.81873;2872.81;5.30257;0;0;0.1;0.01;0;5.43312;0;0;-1
0;688;-41.1643;33.7367;18.2735;8.97255;3025.77;5.39506;0;0;0.1;0.01;0;5.18988;0;0;-1
0;689;-39.7061;53.2106;18.5429;8.97931;3032.62;5.39913;0;0;0.1;0.01;0;4.73827;0;0;-1
0;690;-39.5883;71.4853;16.3999;10.2106;4459.05;6.13949;0;0;0.1;0.01;0;5.90375;0;0;-1
0;691;-41.5953;87.7493;18.5438;8.98874;3042.18;5.4048;0;0;0.1;0.01;0;2.93002;0;0;-1
0;692;-27.7611;-93.4538;16.8272;10.4523;4783.26;6.28482;0;0;0.1;0.01;0;3.97985;0;0;-1
0;693;-27.5112;-72.8527;18.5017;9.83112;3980.13;5.91131;0;0;0.1;0.01;0;6.16651;0;0;-1
0;694;-25.3713;-56.7105;16.2757;8.5;2572.44;5.11093;0;0;0.1;0.01;0;4.44965;1;0;-1
0;695;-24.5034;-40.3783;17.8438;8.88227;2935.35;5.34078;0;0;0.1;0.01;0;5.48616;0;0;-1
0;696;-28.36;-24.7215;16.3217;9.59361;3698.58;5.7685;0;0;0.1;0.01;0;6.0477;0;0;-1
0;697;-28.3789;-7.18394;16.0133;9.33032;3402.34;5.61019;0;0;0.1;0.01;0;5.29268;0;0;-1
0;698;-26.9593;10.6795;16.4889;9.60486;3711.6;5.77526;0;0;0.1;0.01;0;6.09167;0;0;-1
0;699;-27.45;28.0516;17.3626;9.05772;3112.76;5.44628;0;0;0.1;0.01;0;5.12784;0;0;-1
0;700;-25.4582;45.9293;17.6345;9.58543;3689.13;5.76358;0;0;0.1;0.01;0;5.76673;0;0;-1
0;701;-28.157;62.0582;16.4013;9.01678;3070.74;5.42166;0;0;0.1;0.01;0;5.90367;0;0;-1
0;702;-27.4134;80.4115;16.3127;10.1887;4430.42;6.12632;0;0;0.1;0.01;0;5.89084;0;0;-1
0;703;-13.2889;-83.6089;17.6409;9.77088;3907.42;5.87509;0;0;0.1;0.01;0;5.45639;0;0;-1
0;704;-13.7303;-65.6481;17.0286;8.5;2572.44;5.11093;0;0;0.1;0.01;0;4.20887;1;0;-1
0;705;-11.1814;-47.5349;16.27;9.7905;3931;5.88689;0;0;0.1;0.01;0;5.44776;0;0;-1
0;706;-12.3548;-30.7855;19.3484;8.63701;2698.85;5.19331;0;0;0.1;0.01;0;5.76066;0;0;-1
0;707;-11.5526;-16.1866;17.4786;9.71429;3839.92;5.84106;0;0;0.1;0.01;0;6.34249;0;0;-1
0;708;-13.6687;1.66471;17.1268;10.0878;4300.09;6.06565;0;0;0.1;0.01;0;7.02412;0;0;-1
0;709;-13.1785;20.7882;16.6098;10.0841;4295.36;6.06342;0;0;0.1;0.01;0;6.27014;0;0;-1
0;710;-10.953;37.3193;17.2882;8.97727;3030.55;5.3979;0;0;0.1;0.01;0;5.49459;0;0;-1
0;711;-10.0188;52.3599;18.3021;10.1287;4352.61;6.09024;0;0;0.1;0.01;0;6.64248;0;0;-1
0;712;-11.6695;68.4261;18.3689;8.59754;2662.02;5.16958;0;0;0.1;0.01;0;5.20788;0;0;-1
0;713;-11.0502;85.2617;18.6705;8.5;2572.44;5.11093;0;0;0.1;0.01;0;3.73677;1;0;-1
0;714;1.68336;-91.9856;17.4366;10.248;4508.23;6.16197;0;0;0.1;0.01;0;3.90751;0;0;-1
0;715;4.5806;-72.2722;15.986;8.68782;2746.76;5.22386;0;0;0.1;0.01;0;5.15487;0;0;-1
0;716;2.81702;-56.9693;17.3348;8.5;2572.44;5.11093;0;0;0.1;0.01;0;5.54573;1;0;-1
0;717;2.96345;-39.8543;16.6679;9.887;4048.39;5.94491;0;0;0.1;0.01;0;6.58481;0;0;-1
0;718;2.38689;-24.4678;16.4682;8.82136;2875.38;5.30416;0;0;0.1;0.01;0;5.63502;0;0;-1
0;719;4.97121;-8.37362;17.1084;8.57217;2638.52;5.15432;0;0;0.1;0.01;0;4.74387;0;0;-1
0;720;4.17219;9.65051;16.3855;9.89258;4055.25;5.94826;0;0;0.1;0.01;0;4.8916;0;0;-1
0;721;2.16111;28.5077;16.643;9.95865;4137.04;5.98799;0;0;0.1;0.01;0;6.24793;0;0;-1
0;722;2.53538;46.19;15.619;8.5982;2662.63;5.16997;0;0;0.1;0.01;0;5.80252;0;0;-1
0;723;2.66327;63.4032;15.8892;10.4039;4717.12;6.25571;0;0;0.1;0.01;0;6.71218;0;0;-1
0;724;0.995948;77.9638;15.935;8.66392;2724.16;5.20949;0;0;0.1;0.01;0;5.68459;0;0;-1
0;725;4.69516;93.0891;17.7706;8.70908;2766.98;5.23664;0;0;0.1;0.01;0;2.8952;0;0;-1
0;726;17.7779;-82.3778;17.1019;10.0453;4245.97;6.04009;0;0;0.1;0.01;0;5.13077;0;0;-1
0;727;15.796;-64.411;16.3782;8.5;2572.44;5.11093;0;0;0.1;0.01;0;4.94347;1;0;-1
0;728;16.0245;-50.0871;18.3091;9.61978;3728.93;5.78423;0;0;0.1;0.01;0;5.55358;0;0;-1
0;729;18.9288;-33.9789;18.1025;8.5;2572.44;5.11093;0;0;0.1;0.01;0;4.31547;1;0;-1
0;730;18.3551;-17.012;17.342;9.30503;3374.75;5.59498;0;0;0.1;0.01;0;5.77565;0;0;-1
0;731;17.4616;2.71534;18.4888;8.54447;2613.03;5.13767;0;0;0.1;0.01;0;4.7402;0;0;-1
0;732;16.5752;21.14;16.222;9.14026;3198.63;5.49591;0;0;0.1;0.01;0;6.27582;0;0;-1
0;733;16.5151;37.0694;17.44;8.88866;2941.69;5.34462;0;0;0.1;0.01;0;5.88871;0;0;-1
0;734;19.6666;52.933;17.6959;8.85858;2911.93;5.32654;0;0;0.1;0.01;0;5.16812;0;0;-1
0;735;16.4187;69.7746;17.3891;8.51644;2587.4;5.12081;0;0;0.1;0.01;0;5.15625;0;0;-1
0;736;17.9159;85.6753;16.4595;9.17315;3233.29;5.51568;0;0;0.1;0.01;0;3.56696;0;0;-1
0;737;33.1768;-92.4876;15.9403;9.05955;3114.64;5.44738;0;0;0.1;0.01;0;1.68851;0;0;-1
0;738;33.7879;-73.7663;16.0992;9.51316;3606.31;5.72013;0;0;0.1;0.01;0;5.4769;0;0;-1
0;739;33.179;-55.2458;18.0163;9.15668;3215.9;5.50578;0;0;0.1;0.01;0;4.54279;0;0;-1
0;740;33.653;-39.026;18.0708;8.5;2572.44;5.11093;0;0;0.1;0.01;0;5.32989;1;0;-1
0;741;31.4374;-24.4866;16.339;9.37929;3456.2;5.63963;0;0;0.1;0.01;0;6.48369;0;0;-1
0;742;30.7127;-8.061;18.5963;9.30862;3378.66;5.59714;0;0;0.1;0.01;0;5.49833;0;0;-1
0;743;30.5276;11.5674;17.0215;8.87722;2930.35;5.33774;0;0;0.1;0.01;0;5.13224;0;0;-1
0;744;32.0971;26.8766;16.7614;8.78131;2836.39;5.28007;0;0;0.1;0.01;0;5.40225;0;0;-1
0;745;33.2174;45.7675;16.5241;8.5;2572.44;5.11093;0;0;0.1;0.01;0;5.28988;1;0;-1
0;746;30.4865;63.4363;19.4797;9.08213;3137.99;5.46095;0;0;0.1;0.01;0;6.81727;0;0;-1
0;747;30.6488;77.8136;17.8482;9.25776;3323.58;5.56656;0;0;0.1;0.01;0;5.18532;0;0;-1
0;748;45.3101;-81.2474;16.0899;9.99665;4184.58;6.01084;0;0;0.1;0.01;0;4.70831;0;0;-1
0;749;48.9044;-67.6373;17.0099;8.61752;2680.62;5.18159;0;0;0.1;0.01;0;5.08324;0;0;-1
0;750;47.5122;-48.168;18.593;8.5;2572.44;5.11093;0;0;0.1;0.01;0;4.60321;1;0;-1
0;751;46.7621;-31.8979;16.6135;9.52674;3621.78;5.72829;0;0;0.1;0.01;0;6.83054;0;0;-1
0;752;46.3616;-15.3184;17.5033;9.96599;4146.2;5.99241;0;0;0.1;0.01;0;6.40255;0;0;-1
0;753;46.2078;4.39378;19.4804;9.61473;3723.06;5.7812;0;0;0.1;0.01;0;5.42988;0;0;-1
0;754;48.7917;20.4685;17.3404;9.77667;3914.37;5.87857;0;0;0.1;0.01;0;6.22842;0;0;-1
0;755;46.86;34.8809;18.9807;8.5;2572.44;5.11093;0;0;0.1;0.01;0;5.23427;1;0;-1
0;756;45.0825;54.0916;16.5907;10.1386;4365.39;6.09619;0;0;0.1;0.01;0;6.57496;0;0;-1
0;757;46.9788;68.9804;17.7776;8.7934;2848.13;5.28734;0;0;0.1;0.01;0;5.04325;0;0;-1
0;758;45.9387;86.0492;19.6647;8.5;2572.44;5.11093;0;0;0.1;0.01;0;1.28302;1;0;-1
0;759;61.2216;-75.444;17.4863;9.74749;3879.42;5.86102;0;0;0.1;0.01;0;2.82195;0;0;-1
0;760;62.307;-57.9535;18.1616;8.5;2572.44;5.11093;0;0;0.1;0.01;0;4.94829;1;0;-1
0;761;62.5635;-38.7121;16.7019;10.097;4311.87;6.07118;0;0;0.1;0.01;0;7.49652;0;0;-1
0;762;60.4197;-24.28;16.5141;9.90118;4065.83;5.95344;0;0;0.1;0.01;0;7.54744;0;0;-1
0;763;60.3748;-7.40413;16.7484;8.93108;2984.01;5.37013;0;0;0.1;0.01;0;4.8127;0;0;-1
0;764;62.4578;10.6034;16.9649;9.45392;3539.36;5.6845;0;0;0.1;0.01;0;5.7802;0;0;-1
0;765;61.6884;28.5288;16.4785;10.2254;4478.47;6.14838;0;0;0.1;0.01;0;7.22229;0;0;-1
0;766;61.8698;45.2069;19.0368;8.67367;2733.36;5.21535;0;0;0.1;0.01;0;6.07885;0;0;-1
0;767;62.291;63.637;19.0442;10.0225;4217.13;6.02638;0;0;0.1;0.01;0;4.83323;0;0;-1
0;768;75.9064;-50.2101;19.5123;8.70096;2759.24;5.23176;0;0;0.1;0.01;0;3.01309;0;0;-1
0;769;76.0476;-33.4804;18.3396;10.0886;4301.12;6.06613;0;0;0.1;0.01;0;6.13311;0;0;-1
0;770;77.6201;-16.9521;16.7454;8.5;2572.44;5.11093;0;0;0.1;0.01;0;4.96209;1;0;-1
0;771;74.8827;0.849058;19.4053;8.71841;2775.88;5.24225;0;0;0.1;0.01;0;4.44629;0;0;-1
0;772;76.4911;20.107;16.1874;9.82373;3971.16;5.90687;0;0;0.1;0.01;0;6.5375;0;0;-1
0;773;74.8216;37.9228;19.073;10.3722;4674.14;6.23665;0;0;0.1;0.01;0;6.73561;0;0;-1
0;774;76.5214;52.4263;18.7569;8.77615;2831.4;5.27697;0;0;0.1;0.01;0;4.58198;0;0;-1
0;775;91.5285;-22.0691;18.6376;9.7875;3927.39;5.88508;0;0;0.1;0.01;0;4.34574;0;0;-1
0;776;92.7476;-7.35699;19.9354;8.5;2572.44;5.11093;0;0;0.1;0.01;0;2.62019;1;0;-1
0;777;91.6983;9.32591;16.2156;9.05672;3111.73;5.44567;0;0;0.1;0.01;0;2.52677;0;0;-1
0;778;89.4641;26.841;17.394;9.35384;3428.14;5.62433;0;0;0.1;0.01;0;4.07893;0;0;-1
0;779;-93.5874;2.41077;34.5621;8.55786;2625.33;5.14572;0;0;0.1;0.01;0;2.84391;0;0;-1
0;780;-82.0378;-39.7131;31.6327;9.85962;4014.85;5.92845;0;0;0.1;0.01;0;3.15509;0;0;-1
0;781;-79.6836;-25.0885;32.4587;9.32437;3395.84;5.60661;0;0;0.1;0.01;0;4.25169;0;0;-1
0;782;-78.9985;-6.09112;34.0267;9.22038;3283.49;5.54408;0;0;0.1;0.01;0;5.97757;0;0;-1
0;783;-80.1781;10.0469;31.8159;8.73128;2788.19;5.24999;0;0;0.1;0.01;0;4.8945;0;0;-1
0;784;-82.7002;25.8693;30.9192;9.40262;3482.05;5.65366;0;0;0.1;0.01;0;2.74926;0;0;-1
0;785;-79.902;46.0348;31.3457;8.54151;2610.31;5.13589;0;0;0.1;0.01;0;2.20436;0;0;-1
0;786;-65.9596;-66.8901;33.9563;9.46889;3556.2;5.69351;0;0;0.1;0.01;0;3.41729;0;0;-1
0;787;-66.6267;-47.6765;32.2373;9.70994;3834.76;5.83845;0;0;0.1;0.01;0;4.79065;0;0;-1
0;788;-64.3019;-30.7694;34.2056;9.95636;4134.19;5.98661;0;0;0.1;0.01;0;6.5571;0;0;-1
0;789;-66.7745;-15.5652;31.0194;8.5;2572.44;5.11093;0;0;0.1;0.01;0;5.9518;1;0;-1
0;790;-65.6079;0.0160821;34.1289;8.9441;2997.08;5.37796;0;0;0.1;0.01;0;5.98568;0;0;-1
0;791;-66.553;18.1329;33.8921;8.5;2572.44;5.11093;0;0;0.1;0.01;0;4.43;1;0;-1
0;792;-64.4094;35.1692;31.6643;8.58667;2651.94;5.16304;0;0;0.1;0.01;0;4.166;0;0;-1
0;793;-66.8393;53.0576;33.2055;9.91933;4088.23;5.96435;0;0;0.1;0.01;0;3.57401;0;0;-1
0;794;-53.1879;-73.3269;30.6198;10.1149;4334.84;6.08194;0;0;0.1;0.01;0;4.85011;0;0;-1
0;795;-50.1842;-58.718;30.9843;9.48167;3570.62;5.70119;0;0;0.1;0.01;0;6.02544;0;0;-1
0;796;-49.836;-38.4012;31.6494;9.72083;3847.68;5.84499;0;0;0.1;0.01;0;6.12886;0;0;-1
0;797;-52.8039;-21.2961;31.1179;8.5;2572.44;5.11093;0;0;0.1;0.01;0;4.91536;1;0;-1
0;798;-52.7048;-7.2897;34.1921;9.66627;3783.25;5.81219;0;0;0.1;0.01;0;4.47793;0;0;-1
0;799;-51.6673;11.8679;31.7782;8.5;2572.44;5.11093;0;0;0.1;0.01;0;4.16073;1;0;-1
0;800;-50.7123;29.4049;32.609;8.5;2572.44;5.11093;0;0;0.1;0.01;0;5.23602;1;0;-1
0;801;-52.7812;43.3436;33.1329;8.5;2572.44;5.11093;0;0;0.1;0.01;0;5.24272;1;0;-1
0;802;-51.6409;60.0658;33.9744;8.5;2572.44;5.11093;0;0;0.1;0.01;0;4.2396;1;0;-1
0;803;-35.6413;-85.3961;34.2793;10.1766;4414.65;6.11904;0;0;0.1;0.01;0;3.6375;0;0;-1
0;804;-37.9975;-66.3768;31.2832;8.5;2572.44;5.11093;0;0;0.1;0.01;0;4.55995;1;0;-1
0;805;-37.9466;-47.2902;33.1272;9.74583;3877.44;5.86003;0;0;0.1;0.01;0;5.96652;0;0;-1
0;806;-34.4741;-33.0326;33.0285;10.2533;4515.23;6.16516;0;0;0.1;0.01;0;6.52161;0;0;-1
0;807;-35.1748;-16.2766;32.7132;8.8572;2910.57;5.32571;0;0;0.1;0.01;0;4.13058;0;0;-1
0;808;-35.3363;2.98284;32.2956;8.80953;2863.83;5.29704;0;0;0.1;0.01;0;4.53563;0;0;-1
0;809;-38.3053;17.6684;32.7563;8.96634;3019.49;5.39133;0;0;0.1;0.01;0;4.90036;0;0;-1
0;810;-36.9768;37.9445;31.6628;9.65063;3764.92;5.80278;0;0;0.1;0.01;0;6.08345;0;0;-1
0;811;-36.8448;52.4696;32.4162;8.9865;3039.91;5.40345;0;0;0.1;0.01;0;5.22421;0;0;-1
0;812;-37.9045;69.1939;32.1226;8.5;2572.44;5.11093;0;0;0.1;0.01;0;3.35701;1;0;-1
0;813;-20.9639;-91.0253;34.0234;9.86408;4020.3;5.93113;0;0;0.1;0.01;0;3.76568;0;0;-1
0;814;-22.9256;-74.2991;32.2324;8.5;2572.44;5.11093;0;0;0.1;0.01;0;5.12033;1;0;-1
0;815;-22.8334;-57.0542;34.4239;8.61747;2680.57;5.18156;0;0;0.1;0.01;0;4.58502;0;0;-1
0;816;-21.8606;-42.742;31.892;8.61331;2676.69;5.17906;0;0;0.1;0.01;0;5.67984;0;0;-1
0;817;-20.4312;-21.6644;31.3823;8.5;2572.44;5.11093;0;0;0.1;0.01;0;3.9601;1;0;-1
0;818;-20.9563;-4.75696;34.0525;9.37895;3455.82;5.63943;0;0;0.1;0.01;0;5.90118;0;0;-1
0;819;-21.7898;11.1923;31.6492;8.93559;2988.53;5.37284;0;0;0.1;0.01;0;5.87749;0;0;-1
0;820;-22.9945;29.3673;33.7815;9.49202;3582.32;5.70741;0;0;0.1;0.01;0;5.55578;0;0;-1
0;821;-20.7387;44.2979;33.81;9.19925;3260.96;5.53138;0;0;0.1;0.01;0;6.29523;0;0;-1
0;822;-20.4294;59.6989;30.9796;8.65751;2718.11;5.20564;0;0;0.1;0.01;0;5.12068;0;0;-1
0;823;-21.7706;76.7139;32.6725;10.0526;4255.24;6.04448;0;0;0.1;0.01;0;4.73842;0;0;-1
0;824;-6.81777;-81.4813;33.0094;10.2345;4490.44;6.15386;0;0;0.1;0.01;0;5.73763;0;0;-1
0;825;-7.57999;-65.8514;32.0407;9.11861;3175.96;5.48289;0;0;0.1;0.01;0;4.85436;0;0;-1
0;826;-8.80917;-46.9414;30.797;9.1191;3176.47;5.48318;0;0;0.1;0.01;0;5.15039;0;0;-1
0;827;-5.45913;-32.6289;31.178;8.5;2572.44;5.11093;0;0;0.1;0.01;0;4.74272;1;0;-1
0;828;-8.84436;-13.1752;31.5895;10.4144;4731.42;6.26203;0;0;0.1;0.01;0;6.59276;0;0;-1
0;829;-7.46444;3.47396;31.949;9.30981;3379.96;5.59785;0;0;0.1;0.01;0;6.0856;0;0;-1
0;830;-6.85659;20.9986;33.6309;10.0649;4270.88;6.05188;0;0;0.1;0.01;0;5.67577;0;0;-1
0;831;-7.47991;37.7964;34.0866;9.13604;3194.2;5.49337;0;0;0.1;0.01;0;6.14317;0;0;-1
0;832;-5.85128;51.7206;33.6912;8.5;2572.44;5.11093;0;0;0.1;0.01;0;5.49155;1;0;-1
0;833;-7.20179;69.7861;32.396;8.73803;2794.66;5.25405;0;0;0.1;0.01;0;4.34864;0;0;-1
0;834;-6.78317;88.6503;31.1329;8.56897;2635.57;5.1524;0;0;0.1;0.01;0;2.16805;0;0;-1
0;835;8.24703;-89.4407;34.6642;8.757;2812.9;5.26546;0;0;0.1;0.01;0;3.18115;0;0;-1
0;836;7.70495;-74.4746;32.497;10.4534;4784.77;6.28548;0;0;0.1;0.01;0;7.03295;0;0;-1
0;837;6.34151;-58.9457;31.819;8.79873;2853.31;5.29055;0;0;0.1;0.01;0;5.10304;0;0;-1
0;838;8.48504;-42.9154;33.2025;10.0561;4259.68;6.04659;0;0;0.1;0.01;0;6.75069;0;0;-1
0;839;6.86463;-23.8784;32.7548;8.90408;2957.03;5.35389;0;0;0.1;0.01;0;4.88012;0;0;-1
0;840;7.21266;-6.04603;33.7259;9.87605;4034.95;5.93833;0;0;0.1;0.01;0;6.05279;0;0;-1
0;841;5.65008;8.7917;34.3841;9.10205;3158.68;5.47293;0;0;0.1;0.01;0;4.74298;0;0;-1
0;842;8.3379;27.8184;31.0472;9.25309;3318.55;5.56375;0;0;0.1;0.01;0;5.15889;0;0;-1
0;843;6.79412;42.8937;30.5882;10.1876;4428.99;6.12566;0;0;0.1;0.01;0;6.41998;0;0;-1
0;844;8.63789;61.5733;30.9065;8.68436;2743.48;5.22178;0;0;0.1;0.01;0;4.75619;0;0;-1
0;845;9.12275;78.9325;31.9023;9.46328;3549.88;5.69013;0;0;0.1;0.01;0;4.70608;0;0;-1
0;846;23.1429;-82.6636;33.8588;9.93443;4106.93;5.97343;0;0;0.1;0.01;0;4.76557;0;0;-1
0;847;22.6489;-67.9653;33.0032;9.85623;4010.71;5.92641;0;0;0.1;0.01;0;5.40228;0;0;-1
0;848;23.8675;-47.7373;33.3855;8.90151;2954.47;5.35235;0;0;0.1;0.01;0;5.8949;0;0;-1
0;849;21.1355;-32.2893;32.4675;10.1635;4397.63;6.11117;0;0;0.1;0.01;0;7.03884;0;0;-1
0;850;22.1168;-14.0035;32.2164;10.1553;4386.99;6.10623;0;0;0.1;0.01;0;6.79671;0;0;-1
0;851;22.3346;0.480555;30.9385;8.92445;2977.37;5.36614;0;0;0.1;0.01;0;5.12848;0;0;-1
0;852;23.0071;19.335;30.4839;9.06881;3124.2;5.45294;0;0;0.1;0.01;0;4.82329;0;0;-1
0;853;22.1113;37.557;33.9879;9.3486;3422.38;5.62118;0;0;0.1;0.01;0;5.73629;0;0;-1
0;854;23.7956;51.3862;32.5731;9.90615;4071.96;5.95642;0;0;0.1;0.01;0;6.8129;0;0;-1
0;855;22.3274;68.7575;31.0035;8.75237;2808.44;5.26267;0;0;0.1;0.01;0;5.90516;0;0;-1
0;856;20.8567;89.3934;34.2286;9.34689;3420.5;5.62015;0;0;0.1;0.01;0;1.60129;0;0;-1
0;857;35.7863;-74.7207;32.7988;8.5;2572.44;5.11093;0;0;0.1;0.01;0;3.427;1;0;-1
0;858;37.1869;-55.0822;32.8367;9.55435;3653.36;5.74489;0;0;0.1;0.01;0;5.7614;0;0;-1
0;859;35.5754;-38.4148;30.8868;8.5;2572.44;5.11093;0;0;0.1;0.01;0;5.30983;1;0;-1
0;860;37.4954;-21.9808;32.178;8.5;2572.44;5.11093;0;0;0.1;0.01;0;4.75631;1;0;-1
0;861;35.8982;-4.81191;33.2095;9.17157;3231.62;5.51473;0;0;0.1;0.01;0;5.72581;0;0;-1
0;862;38.7399;9.35345;32.4867;8.59517;2659.82;5.16815;0;0;0.1;0.01;0;4.91452;0;0;-1
0;863;38.1037;25.5611;33.002;9.81869;3965.06;5.90384;0;0;0.1;0.01;0;5.59282;0;0;-1
0;864;38.3507;43.1677;33.0957;9.76301;3897.98;5.87036;0;0;0.1;0.01;0;6.02106;0;0;-1
0;865;35.3764;61.8619;33.7043;9.76121;3895.83;5.86927;0;0;0.1;0.01;0;6.62555;0;0;-1
0;866;36.8573;77.2502;32.1585;10.0224;4217;6.02632;0;0;0.1;0.01;0;5.23652;0;0;-1
0;867;52.8314;-64.6664;31.9345;9.06145;3116.6;5.44852;0;0;0.1;0.01;0;3.9734;0;0;-1
0;868;53.1652;-49.3362;32.1253;9.43641;3519.73;5.67398;0;0;0.1;0.01;0;5.65582;0;0;-1
0;869;52.069;-33.3844;32.4035;9.52844;3623.71;5.72931;0;0;0.1;0.01;0;6.14114;0;0;-1
0;870;51.5468;-17.3175;31.5986;9.93219;4104.15;5.97208;0;0;0.1;0.01;0;6.32097;0;0;-1
0;871;53.2121;0.914125;33.873;10.0205;4214.6;6.02518;0;0;0.1;0.01;0;6.86715;0;0;-1
0;872;52.4606;17.8229;33.3893;8.9672;3020.36;5.39185;0;0;0.1;0.01;0;6.0163;0;0;-1
0;873;53.4726;38.1489;32.2413;8.9671;3020.26;5.39179;0;0;0.1;0.01;0;6.03594;0;0;-1
0;874;53.2635;53.1807;33.3255;9.60563;3712.5;5.77573;0;0;0.1;0.01;0;6.96841;0;0;-1
0;875;51.4247;68.3308;32.4184;9.14929;3208.12;5.50134;0;0;0.1;0.01;0;4.86785;0;0;-1
0;876;67.2587;-58.0699;32.4278;8.83388;2887.64;5.31168;0;0;0.1;0.01;0;3.29221;0;0;-1
0;877;67.6926;-38.5996;31.5537;9.31078;3381.01;5.59844;0;0;0.1;0.01;0;5.34579;0;0;-1
0;878;66.3907;-21.8157;31.9658;9.12977;3187.63;5.4896;0;0;0.1;0.01;0;5.27345;0;0;-1
0;879;66.9422;-4.76934;32.6213;9.85842;4013.38;5.92772;0;0;0.1;0.01;0;5.72492;0;0;-1
0;880;67.2123;10.358;32.9767;8.94914;3002.15;5.38099;0;0;0.1;0.01;0;6.55064;0;0;-1
0;881;66.212;28.0133;33.7844;8.61621;2679.4;5.1808;0;0;0.1;0.01;0;5.82091;0;0;-1
0;882;67.3147;45.6464;31.0851;9.11558;3172.79;5.48107;0;0;0.1;0.01;0;6.46677;0;0;-1
0;883;67.0135;59.5027;32.0785;9.87652;4035.53;5.93861;0;0;0.1;0.01;0;4.75428;0;0;-1
0;884;79.9459;-30.2572;33.8317;9.91075;4077.63;5.95919;0;0;0.1;0.01;0;4.39819;0;0;-1
0;885;80.1757;-15.9643;30.7252;8.8039;2858.34;5.29366;0;0;0.1;0.01;0;4.50705;0;0;-1
0;886;79.6579;3.68543;33.5506;10.0827;4293.58;6.06258;0;0;0.1;0.01;0;4.94833;0;0;-1
0;887;80.7134;19.697;34.1917;8.73611;2792.82;5.2529;0;0;0.1;0.01;0;3.84909;0;0;-1
0;888;80.5418;33.6391;31.921;8.98096;3034.29;5.40012;0;0;0.1;0.01;0;4.25765;0;0;-1
0;889;-86.3545;-6.44307;47.2353;9.7781;3916.08;5.87943;0;0;0.1;0.01;0;3.24469;0;0;-1
0;890;-85.6618;9.85538;47.7985;10.4049;4718.48;6.25632;0;0;0.1;0.01;0;3.02208;0;0;-1
0;891;-69.0192;-49.9824;48.7954;10.4318;4755.17;6.27249;0;0;0.1;0.01;0;2.88015;0;0;-1
0;892;-69.3893;-33.7434;47.9858;8.5;2572.44;5.11093;0;0;0.1;0.01;0;4.09472;1;0;-1
0;893;-69.3656;-13.3654;47.6949;9.91875;4087.52;5.964;0;0;0.1;0.01;0;5.72731;0;0;-1
0;894;-71.5167;0.838657;46.7798;8.91111;2964.04;5.35812;0;0;0.1;0.01;0;5.62316;0;0;-1
0;895;-68.568;18.0409;47.0505;8.75571;2811.66;5.26468;0;0;0.1;0.01;0;3.93415;0;0;-1
0;896;-70.5815;36.4588;49.366;9.25688;3322.63;5.56603;0;0;0.1;0.01;0;1.72476;0;0;-1
0;897;-56.6362;-59.6071;46.1521;8.92538;2978.3;5.3667;0;0;0.1;0.01;0;4.1003;0;0;-1
0;898;-57.055;-39.1322;47.6043;9.30218;3371.65;5.59327;0;0;0.1;0.01;0;5.7767;0;0;-1
0;899;-57.0511;-23.2622;47.2612;8.5;2572.44;5.11093;0;0;0.1;0.01;0;5.4527;1;0;-1
0;900;-56.8239;-6.91054;48.8045;9.56046;3660.37;5.74857;0;0;0.1;0.01;0;5.90522;0;0;-1
0;901;-54.595;12.7561;45.9849;8.6949;2753.48;5.22812;0;0;0.1;0.01;0;4.41896;0;0;-1
0;902;-57.7007;29.7468;45.986;8.5;2572.44;5.11093;0;0;0.1;0.01;0;4.65902;1;0;-1
0;903;-56.3047;45.9443;47.0306;8.5;2572.44;5.11093;0;0;0.1;0.01;0;4.46173;1;0;-1
0;904;-54.4411;61.3024;46.412;8.73256;2789.42;5.25076;0;0;0.1;0.01;0;3.49966;0;0;-1
0;905;-40.6488;-64.3885;45.8774;8.77308;2828.43;5.27513;0;0;0.1;0.01;0;3.66306;0;0;-1
0;906;-40.4072;-50.5789;48.2054;9.14813;3206.9;5.50064;0;0;0.1;0.01;0;5.15962;0;0;-1
0;907;-43.1985;-30.0714;46.0984;10.1709;4407.24;6.11561;0;0;0.1;0.01;0;6.05229;0;0;-1
0;908;-41.5054;-14.2951;49.0759;8.5;2572.44;5.11093;0;0;0.1;0.01;0;4.98686;1;0;-1
0;909;-41.6383;0.77013;49.2607;8.65928;2719.78;5.2067;0;0;0.1;0.01;0;4.59848;0;0;-1
0;910;-42.0939;16.7769;48.2724;10.2808;4551.66;6.1817;0;0;0.1;0.01;0;5.92209;0;0;-1
0;911;-42.329;35.8792;45.2226;8.59133;2656.26;5.16584;0;0;0.1;0.01;0;4.95088;0;0;-1
0;912;-41.2198;53.2394;48.9035;10.1348;4360.48;6.09391;0;0;0.1;0.01;0;6.53664;0;0;-1
0;913;-42.4851;69.7228;48.0977;9.85071;4003.97;5.92309;0;0;0.1;0.01;0;4.23774;0;0;-1
0;914;-27.8285;-76.7417;46.7398;9.0812;3137.03;5.46039;0;0;0.1;0.01;0;2.96234;0;0;-1
0;915;-26.1722;-55.5069;48.3175;8.59395;2658.69;5.16742;0;0;0.1;0.01;0;5.996;0;0;-1
0;916;-27.6883;-41.4904;46.5283;9.63897;3751.29;5.79577;0;0;0.1;0.01;0;7.57706;0;0;-1
0;917;-28.0321;-24.2528;49.4358;8.5;2572.44;5.11093;0;0;0.1;0.01;0;4.80409;1;0;-1
0;918;-25.7008;-8.79238;47.3268;8.5;2572.44;5.11093;0;0;0.1;0.01;0;4.6379;1;0;-1
0;919;-26.673;12.028;46.5386;9.92574;4096.16;5.9682;0;0;0.1;0.01;0;5.78002;0;0;-1
0;920;-26.9571;29.5834;48.5506;10.2075;4454.99;6.13762;0;0;0.1;0.01;0;7.06387;0;0;-1
0;921;-26.3507;45.1521;48.8379;9.22863;3292.31;5.54904;0;0;0.1;0.01;0;6.11747;0;0;-1
0;922;-25.8917;60.8798;46.5184;10.3198;4603.65;6.20515;0;0;0.1;0.01;0;6.87197;0;0;-1
0;923;-25.5689;79.3368;48.4993;9.1597;3219.08;5.50759;0;0;0.1;0.01;0;3.17581;0;0;-1
0;924;-12.3625;-80.7886;46.0128;8.874;2927.16;5.33581;0;0;0.1;0.01;0;3.07153;0;0;-1
0;925;-11.8819;-64.6845;47.9628;8.62741;2689.86;5.18754;0;0;0.1;0.01;0;4.45665;0;0;-1
0;926;-13.4941;-47.9738;46.5702;10.3686;4669.27;6.23449;0;0;0.1;0.01;0;7.52077;0;0;-1
0;927;-12.6912;-33.5665;49.1068;10.005;4195.08;6.01586;0;0;0.1;0.01;0;5.88173;0;0;-1
0;928;-11.4141;-13.8839;48.691;9.93402;4106.42;5.97318;0;0;0.1;0.01;0;6.77285;0;0;-1
0;929;-11.0347;0.268378;46.1118;9.49154;3581.78;5.70713;0;0;0.1;0.01;0;6.65099;0;0;-1
0;930;-13.1769;19.5112;47.8654;10.0132;4205.4;6.02079;0;0;0.1;0.01;0;6.2596;0;0;-1
0;931;-11.2544;37.0915;49.0529;8.84922;2902.71;5.32091;0;0;0.1;0.01;0;6.45054;0;0;-1
0;932;-12.2005;52.5424;48.7889;9.02879;3083.03;5.42888;0;0;0.1;0.01;0;7.20827;0;0;-1
0;933;-11.7522;69.7928;48.0763;10.1432;4371.33;6.09896;0;0;0.1;0.01;0;5.86728;0;0;-1
0;934;-12.817;86.6139;47.9927;8.5;2572.44;5.11093;0;0;0.1;0.01;0;1.66586;1;0;-1
0;935;2.05804;-73.1393;45.8827;8.5;2572.44;5.11093;0;0;0.1;0.01;0;4.91182;1;0;-1
0;936;1.61067;-59.437;46.6257;8.99434;3047.87;5.40817;0;0;0.1;0.01;0;5.60846;0;0;-1
0;937;2.35501;-42.2771;46.9609;9.40872;3488.83;5.65733;0;0;0.1;0.01;0;5.65263;0;0;-1
0;938;1.4451;-22.4069;48.5037;9.3869;3464.62;5.64421;0;0;0.1;0.01;0;5.82182;0;0;-1
0;939;4.309;-5.38936;49.0457;9.50215;3593.8;5.7135;0;0;0.1;0.01;0;6.81295;0;0;-1
0;940;3.22201;8.86818;49.2358;9.40384;3483.41;5.65439;0;0;0.1;0.01;0;5.80865;0;0;-1
0;941;1.82415;29.6339;47.3305;8.5;2572.44;5.11093;0;0;0.1;0.01;0;5.0495;1;0;-1
0;942;1.08333;45.5421;47.6006;8.53776;2606.88;5.13363;0;0;0.1;0.01;0;6.17204;0;0;-1
0;943;1.48722;60.6208;45.6739;9.03964;3094.15;5.4354;0;0;0.1;0.01;0;5.43716;0;0;-1
0;944;4.93333;79.73;48.6582;10.1102;4328.8;6.07912;0;0;0.1;0.01;0;3.00477;0;0;-1
0;945;18.9301;-84.4743;48.8976;8.82496;2878.9;5.30632;0;0;0.1;0.01;0;1.95299;0;0;-1
0;946;18.2819;-65.932;46.7107;9.13393;3191.99;5.4921;0;0;0.1;0.01;0;4.69268;0;0;-1
0;947;16.9284;-49.4133;46.2846;8.5;2572.44;5.11093;0;0;0.1;0.01;0;4.61388;1;0;-1
0;948;19.3942;-34.3995;45.9319;10.2763;4545.68;6.17899;0;0;0.1;0.01;0;6.56759;0;0;-1
0;949;16.147;-14.8606;48.4602;9.22523;3288.67;5.547;0;0;0.1;0.01;0;6.3427;0;0;-1
0;950;18.7753;1.80431;48.52;8.50641;2578.26;5.11478;0;0;0.1;0.01;0;5.6585;0;0;-1
0;951;17.3898;17.489;46.7707;9.55479;3653.86;5.74516;0;0;0.1;0.01;0;5.23455;0;0;-1
0;952;16.0228;36.396;49.0151;8.5;2572.44;5.11093;0;0;0.1;0.01;0;4.95137;1;0;-1
0;953;19.2412;50.8463;45.5678;9.03341;3087.76;5.43166;0;0;0.1;0.01;0;5.11177;0;0;-1
0;954;17.4135;71.0932;46.7922;9.52319;3617.73;5.72616;0;0;0.1;0.01;0;4.54463;0;0;-1
0;955;33.2122;-74.2721;48.7894;8.9766;3029.87;5.3975;0;0;0.1;0.01;0;3.24477;0;0;-1
0;956;33.1129;-57.1332;47.8272;9.60965;3717.16;5.77814;0;0;0.1;0.01;0;6.04696;0;0;-1
0;957;33.4737;-39.2145;45.8228;9.85133;4004.73;5.92346;0;0;0.1;0.01;0;6.54164;0;0;-1
0;958;30.7972;-22.513;46.1751;9.98303;4167.5;6.00265;0;0;0.1;0.01;0;6.3888;0;0;-1
0;959;31.9795;-5.0412;47.7747;9.48791;3577.67;5.70494;0;0;0.1;0.01;0;5.83394;0;0;-1
0;960;33.2565;12.0623;47.6429;9.44032;3524.1;5.67633;0;0;0.1;0.01;0;5.4788;0;0;-1
0;961;30.6869;25.7858;46.9854;9.75134;3884.02;5.86334;0;0;0.1;0.01;0;6.52846;0;0;-1
0;962;32.7108;43.2087;48.5158;8.95476;3007.81;5.38437;0;0;0.1;0.01;0;6.11705;0;0;-1
0;963;31.8873;59.3295;48.6134;9.99243;4179.28;6.0083;0;0;0.1;0.01;0;6.93228;0;0;-1
0;964;30.9335;76.2509;47.6948;9.44588;3530.33;5.67967;0;0;0.1;0.01;0;4.12714;0;0;-1
0;965;45.9663;-63.7025;46.5667;8.50235;2574.57;5.11234;0;0;0.1;0.01;0;3.30953;0;0;-1
0;966;46.1757;-47.4731;47.5719;10.2055;4452.37;6.13642;0;0;0.1;0.01;0;6.42862;0;0;-1
0;967;47.649;-31.4625;46.2887;8.5;2572.44;5.11093;0;0;0.1;0.01;0;5.04332;1;0;-1
0;968;45.2321;-13.9413;49.031;9.26855;3335.22;5.57304;0;0;0.1;0.01;0;5.88759;0;0;-1
0;969;45.8977;-0.227499;45.3766;8.5;2572.44;5.11093;0;0;0.1;0.01;0;5.34589;1;0;-1
0;970;47.7168;20.7837;46.8815;10.0206;4214.73;6.02524;0;0;0.1;0.01;0;7.16666;0;0;-1
0;971;45.2998;36.6207;48.5867;9.44979;3534.72;5.68202;0;0;0.1;0.01;0;6.80053;0;0;-1
0;972;46.4711;54.7688;49.1064;9.69619;3818.49;5.83018;0;0;0.1;0.01;0;5.88157;0;0;-1
0;973;45.6633;72.0072;48.423;9.86394;4020.13;5.93104;0;0;0.1;0.01;0;3.34163;0;0;-1
0;974;63.7022;-58.7688;46.4812;8.74716;2803.43;5.25954;0;0;0.1;0.01;0;2.38185;0;0;-1
0;975;62.0105;-42.3733;47.6447;9.36522;3440.67;5.63117;0;0;0.1;0.01;0;5.04831;0;0;-1
0;976;59.8936;-24.0699;48.5178;8.5;2572.44;5.11093;0;0;0.1;0.01;0;4.85941;1;0;-1
0;977;63.6092;-8.70241;46.8166;10.1425;4370.42;6.09854;0;0;0.1;0.01;0;6.67241;0;0;-1
0;978;60.6617;8.13278;47.1512;9.86993;4027.46;5.93465;0;0;0.1;0.01;0;6.38219;0;0;-1
0;979;61.5215;26.8099;46.1122;9.90075;4065.3;5.95318;0;0;0.1;0.01;0;6.42572;0;0;-1
0;980;60.1719;43.6495;46.0402;10.1384;4365.13;6.09607;0;0;0.1;0.01;0;6.2442;0;0;-1
0;981;61.1679;61.0027;46.9982;9.12844;3186.24;5.4888;0;0;0.1;0.01;0;3.75937;0;0;-1
0;982;77.3007;-30.3715;48.6469;8.61289;2676.3;5.17881;0;0;0.1;0.01;0;2.62289;0;0;-1
0;983;77.1346;-17.1009;47.7253;8.5;2572.44;5.11093;0;0;0.1;0.01;0;3.16237;1;0;-1
0;984;75.5677;1.83305;46.5515;9.84126;3992.46;5.91741;0;0;0.1;0.01;0;5.04683;0;0;-1
0;985;78.6929;17.338;48.7983;10.0526;4255.24;6.04448;0;0;0.1;0.01;0;4.18427;0;0;-1
0;986;75.2832;34.6963;45.9205;10.2898;4563.62;6.18711;0;0;0.1;0.01;0;4.40619;0;0;-1
0;987;-65.6133;-30.2895;62.2625;8.57744;2643.39;5.15749;0;0;0.1;0.01;0;3.4377;0;0;-1
0;988;-66.5746;-15.4219;63.547;8.87947;2932.58;5.3391;0;0;0.1;0.01;0;3.54156;0;0;-1
0;989;-66.6929;0.551236;61.3326;8.52153;2592.04;5.12387;0;0;0.1;0.01;0;3.48047;0;0;-1
0;990;-66.1479;19.512;63.9355;9.60852;3715.85;5.77746;0;0;0.1;0.01;0;3.35628;0;0;-1
0;991;-51.8189;-58.479;60.4481;9.06277;3117.97;5.44931;0;0;0.1;0.01;0;2.13856;0;0;-1
0;992;-51.4178;-38.7611;63.6278;10.4312;4754.35;6.27213;0;0;0.1;0.01;0;5.19757;0;0;-1
0;993;-50.7478;-24.5028;63.2989;8.99047;3043.94;5.40584;0;0;0.1;0.01;0;6.41153;0;0;-1
0;994;-52.706;-8.79156;61.3392;8.75928;2815.1;5.26683;0;0;0.1;0.01;0;4.57215;0;0;-1
0;995;-53.487;10.3282;61.6451;10.3467;4639.75;6.22132;0;0;0.1;0.01;0;5.60357;0;0;-1
0;996;-53.0183;27.1252;62.1072;8.5119;2583.26;5.11808;0;0;0.1;0.01;0;4.04437;0;0;-1
0;997;-51.7514;46.5225;61.8003;9.49673;3587.66;5.71025;0;0;0.1;0.01;0;3.029;0;0;-1
0;998;-36.3723;-47.5561;60.5174;9.31429;3384.84;5.60055;0;0;0.1;0.01;0;6.18531;0;0;-1
0;999;-36.9126;-33.1675;64.1675;8.56914;2635.73;5.1525;0;0;0.1;0.01;0;5.89174;0;0;-1
0;1000;-35.4702;-15.6562;62.6734;9.77893;3917.08;5.87993;0;0;0.1;0.01;0;6.61957;0;0;-1
0;1001;-36.1635;1.4558;63.9671;8.73934;2795.92;5.25484;0;0;0.1;0.01;0;4.87474;0;0;-1
0;1002;-35.0667;19.5907;62.2188;8.80965;2863.94;5.29711;0;0;0.1;0.01;0;5.88677;0;0;-1
0;1003;-35.2268;37.0906;60.6601;9.96828;4149.06;5.99378;0;0;0.1;0.01;0;6.29289;0;0;-1
0;1004;-38.3068;52.2604;63.8386;9.47991;3568.63;5.70013;0;0;0.1;0.01;0;3.94526;0;0;-1
0;1005;-38.3162;67.9554;60.7007;9.61487;3723.22;5.78128;0;0;0.1;0.01;0;3.18327;0;0;-1
0;1006;-21.3212;-73.2323;63.765;8.5;2572.44;5.11093;0;0;0.1;0.01;0;1.71292;1;0;-1
0;1007;-23.2928;-57.0295;62.244;10.4;4711.82;6.25337;0;0;0.1;0.01;0;6.18651;0;0;-1
0;1008;-22.242;-40.8632;61.3896;10.2717;4539.58;6.17622;0;0;0.1;0.01;0;8.02939;0;0;-1
0;1009;-21.3001;-22.7349;63.6582;8.53442;2603.82;5.13162;0;0;0.1;0.01;0;6.24417;0;0;-1
0;1010;-21.9776;-5.56732;62.1274;10.3597;4657.26;6.22914;0;0;0.1;0.01;0;6.43821;0;0;-1
0;1011;-22.1212;10.5195;60.8542;8.5;2572.44;5.11093;0;0;0.1;0.01;0;3.63341;1;0;-1
0;1012;-23.786;26.8088;63.5236;9.01866;3072.66;5.42279;0;0;0.1;0.01;0;4.69237;0;0;-1
0;1013;-22.4094;44.4771;62.8083;9.87176;4029.7;5.93575;0;0;0.1;0.01;0;6.77081;0;0;-1
0;1014;-21.8287;59.6998;60.1811;8.81698;2871.1;5.30152;0;0;0.1;0.01;0;5.43774;0;0;-1
0;1015;-7.87506;-67.6938;60.3451;8.52518;2595.37;5.12607;0;0;0.1;0.01;0;3.89044;0;0;-1
0;1016;-7.87291;-47.7012;63.1264;10.2311;4485.96;6.15181;0;0;0.1;0.01;0;6.71434;0;0;-1
0;1017;-5.56285;-29.8849;63.3995;9.05885;3113.92;5.44696;0;0;0.1;0.01;0;6.57604;0;0;-1
0;1018;-6.85096;-15.3334;60.9724;8.54701;2615.36;5.13919;0;0;0.1;0.01;0;6.62591;0;0;-1
0;1019;-8.78253;0.619775;60.7663;8.5;2572.44;5.11093;0;0;0.1;0.01;0;4.71362;1;0;-1
0;1020;-6.95807;20.8297;60.3898;8.92528;2978.2;5.36664;0;0;0.1;0.01;0;4.61694;0;0;-1
0;1021;-8.8318;36.0087;63.5792;9.68264;3802.51;5.82203;0;0;0.1;0.01;0;7.04799;0;0;-1
0;1022;-6.47423;52.1423;61.03;9.64341;3756.48;5.79844;0;0;0.1;0.01;0;7.58111;0;0;-1
0;1023;-7.43397;67.6715;60.8758;10.3052;4584.14;6.19637;0;0;0.1;0.01;0;4.93568;0;0;-1
0;1024;5.3184;-73.7742;61.9571;8.5;2572.44;5.11093;0;0;0.1;0.01;0;2.23626;1;0;-1
0;1025;6.87368;-57.4038;62.3027;10.176;4413.87;6.11868;0;0;0.1;0.01;0;5.8156;0;0;-1
0;1026;7.74223;-39.351;61.0311;8.5;2572.44;5.11093;0;0;0.1;0.01;0;4.55353;1;0;-1
0;1027;6.38219;-22.6928;62.3477;9.92312;4092.92;5.96663;0;0;0.1;0.01;0;6.71203;0;0;-1
0;1028;9.17512;-6.37644;62.4689;10.2402;4497.94;6.15728;0;0;0.1;0.01;0;6.85727;0;0;-1
0;1029;8.77901;12.1955;62.2454;8.66534;2725.5;5.21034;0;0;0.1;0.01;0;4.78756;0;0;-1
0;1030;7.91635;26.3205;63.4146;8.5;2572.44;5.11093;0;0;0.1;0.01;0;5.49405;1;0;-1
0;1031;7.42208;42.0727;60.0806;10.2988;4575.6;6.19252;0;0;0.1;0.01;0;6.63379;0;0;-1
0;1032;6.63939;63.086;63.2883;9.3194;3390.41;5.60362;0;0;0.1;0.01;0;4.62259;0;0;-1
0;1033;21.3027;-63.8666;60.9613;8.5;2572.44;5.11093;0;0;0.1;0.01;0;3.70002;1;0;-1
0;1034;23.2548;-50.2953;61.9486;8.5;2572.44;5.11093;0;0;0.1;0.01;0;4.43405;1;0;-1
0;1035;20.9365;-32.3598;61.0313;8.5;2572.44;5.11093;0;0;0.1;0.01;0;3.83435;1;0;-1
0;1036;24.2126;-12.6723;60.3672;8.5;2572.44;5.11093;0;0;0.1;0.01;0;5.40678;1;0;-1
0;1037;20.6087;2.95148;61.7792;8.5;2572.44;5.11093;0;0;0.1;0.01;0;5.06382;1;0;-1
0;1038;23.0784;19.7975;63.734;10.3275;4613.96;6.20978;0;0;0.1;0.01;0;7.34231;0;0;-1
0;1039;21.925;37.8413;63.1543;8.70203;2760.26;5.2324;0;0;0.1;0.01;0;5.68834;0;0;-1
0;1040;21.5782;53.1563;60.4216;8.5;2572.44;5.11093;0;0;0.1;0.01;0;5.29636;1;0;-1
0;1041;22.134;69.1098;61.391;9.0674;3122.75;5.4521;0;0;0.1;0.01;0;3.39047;0;0;-1
0;1042;34.6668;-59.7307;63.5363;8.5;2572.44;5.11093;0;0;0.1;0.01;0;2.17389;1;0;-1
0;1043;36.1547;-39.3409;62.5777;9.23923;3303.66;5.55541;0;0;0.1;0.01;0;4.51202;0;0;-1
0;1044;38.1839;-22.8136;61.8973;8.81792;2872.02;5.30209;0;0;0.1;0.01;0;4.8938;0;0;-1
0;1045;35.7936;-5.05874;62.6106;8.95321;3006.25;5.38344;0;0;0.1;0.01;0;4.80272;0;0;-1
0;1046;38.2725;12.2872;61.3819;9.45337;3538.74;5.68417;0;0;0.1;0.01;0;5.64822;0;0;-1
0;1047;37.9538;26.2066;60.2508;8.5;2572.44;5.11093;0;0;0.1;0.01;0;6.73254;1;0;-1
0;1048;35.5187;43.3646;63.5188;9.23679;3301.05;5.55395;0;0;0.1;0.01;0;5.62904;0;0;-1
0;1049;38.6622;60.4765;63.381;9.72555;3853.28;5.84783;0;0;0.1;0.01;0;3.94754;0;0;-1
0;1050;53.4556;-48.7333;61.7451;9.52246;3616.9;5.72572;0;0;0.1;0.01;0;3.22229;0;0;-1
0;1051;50.3668;-33.3889;60.8818;8.5;2572.44;5.11093;0;0;0.1;0.01;0;4.87419;1;0;-1
0;1052;51.0268;-15.2804;62.1429;9.58171;3684.83;5.76134;0;0;0.1;0.01;0;5.6977;0;0;-1
0;1053;50.0344;0.79411;62.7018;8.5;2572.44;5.11093;0;0;0.1;0.01;0;4.12962;1;0;-1
0;1054;50.5532;20.6983;60.9278;8.5;2572.44;5.11093;0;0;0.1;0.01;0;5.72436;1;0;-1
0;1055;50.8716;34.8043;61.8181;9.8158;3961.56;5.9021;0;0;0.1;0.01;0;6.01669;0;0;-1
0;1056;53.6975;53.0069;62.7416;10.1404;4367.71;6.09728;0;0;0.1;0.01;0;3.14085;0;0;-1
0;1057;67.0797;-40.8596;60.894;10.4293;4751.76;6.27099;0;0;0.1;0.01;0;2.85138;0;0;-1
0;1058;64.4542;-21.5153;62.1451;8.5;2572.44;5.11093;0;0;0.1;0.01;0;2.95655;1;0;-1
0;1059;64.4406;-5.43644;61.8687;8.5;2572.44;5.11093;0;0;0.1;0.01;0;4.08065;1;0;-1
0;1060;66.772;9.19667;60.6555;9.7064;3830.57;5.83632;0;0;0.1;0.01;0;3.28715;0;0;-1
0;1061;65.1733;25.0299;60.1643;8.80062;2855.15;5.29169;0;0;0.1;0.01;0;2.81848;0;0;-1
0;1062;-54.4224;-23.7673;75.987;9.34551;3418.99;5.61932;0;0;0.1;0.01;0;3.60233;0;0;-1
0;1063;-56.5084;-4.70524;78.7101;8.5;2572.44;5.11093;0;0;0.1;0.01;0;1.66273;1;0;-1
0;1064;-54.943;10.681;76.2423;9.32397;3395.4;5.60637;0;0;0.1;0.01;0;3.90594;0;0;-1
0;1065;-56.4401;29.7234;75.0165;10.447;4775.99;6.28163;0;0;0.1;0.01;0;3.2365;0;0;-1
0;1066;-40.0294;-48.961;77.0314;8.5;2572.44;5.11093;0;0;0.1;0.01;0;2.24507;1;0;-1
0;1067;-42.2513;-30.7966;77.7946;8.79456;2849.25;5.28804;0;0;0.1;0.01;0;4.74867;0;0;-1
0;1068;-40.4007;-15.9255;75.0969;9.98709;4172.59;6.00509;0;0;0.1;0.01;0;6.54686;0;0;-1
0;1069;-40.4564;2.86609;77.9488;9.51488;3608.27;5.72116;0;0;0.1;0.01;0;5.73108;0;0;-1
0;1070;-41.6356;17.7824;74.6462;8.54694;2615.29;5.13915;0;0;0.1;0.01;0;5.5486;0;0;-1
0;1071;-39.323;33.6834;76.4777;9.87209;4030.1;5.93594;0;0;0.1;0.01;0;4.14185;0;0;-1
0;1072;-24.3903;-55.163;76.9416;9.73996;3870.44;5.8565;0;0;0.1;0.01;0;3.46726;0;0;-1
0;1073;-26.2721;-40.8492;74.9473;9.02504;3079.19;5.42663;0;0;0.1;0.01;0;5.50547;0;0;-1
0;1074;-27.4694;-23.1544;76.5302;10.0637;4269.35;6.05116;0;0;0.1;0.01;0;7.01442;0;0;-1
0;1075;-27.2498;-4.52086;77.9039;9.34698;3420.6;5.6202;0;0;0.1;0.01;0;6.5502;0;0;-1
0;1076;-24.9796;12.2892;77.0417;9.04555;3100.23;5.43896;0;0;0.1;0.01;0;5.77323;0;0;-1
0;1077;-25.7831;26.5331;77.3048;9.31413;3384.66;5.60045;0;0;0.1;0.01;0;5.8966;0;0;-1
0;1078;-25.3449;43.7251;77.7614;9.28589;3353.97;5.58347;0;0;0.1;0.01;0;3.8076;0;0;-1
0;1079;-10.0635;-47.8099;76.4003;8.80812;2862.45;5.29619;0;0;0.1;0.01;0;4.92334;0;0;-1
0;1080;-12.4504;-31.1426;76.4195;10.2266;4480.05;6.14911;0;0;0.1;0.01;0;7.47893;0;0;-1
0;1081;-12.8005;-16.1727;74.6137;9.40462;3484.27;5.65486;0;0;0.1;0.01;0;7.35148;0;0;-1
0;1082;-13.564;0.327713;78.4963;10.2202;4471.64;6.14526;0;0;0.1;0.01;0;6.59423;0;0;-1
0;1083;-11.4793;20.5758;78.3207;8.95194;3004.97;5.38267;0;0;0.1;0.01;0;5.81151;0;0;-1
0;1084;-10.8858;36.5081;76.7809;10.0821;4292.81;6.06222;0;0;0.1;0.01;0;7.27625;0;0;-1
0;1085;-11.9921;51.599;76.3129;9.93362;4105.93;5.97294;0;0;0.1;0.01;0;4.7825;0;0;-1
0;1086;3.54325;-58.8462;76.6057;10.3992;4710.73;6.25289;0;0;0.1;0.01;0;3.37116;0;0;-1
0;1087;1.37994;-42.23;78.4814;8.5;2572.44;5.11093;0;0;0.1;0.01;0;4.97705;1;0;-1
0;1088;4.7693;-23.2444;76.3342;10.0445;4244.96;6.03961;0;0;0.1;0.01;0;6.80891;0;0;-1
0;1089;1.29862;-7.59374;78.2447;9.92445;4094.57;5.96743;0;0;0.1;0.01;0;6.26845;0;0;-1
0;1090;3.2729;11.4175;77.6333;8.90179;2954.75;5.35252;0;0;0.1;0.01;0;4.53961;0;0;-1
0;1091;1.50465;27.3603;77.7774;9.65841;3774.03;5.80746;0;0;0.1;0.01;0;7.23946;0;0;-1
0;1092;2.53874;42.4965;76.4689;10.3015;4579.2;6.19414;0;0;0.1;0.01;0;6.33655;0;0;-1
0;1093;4.04742;61.3703;76.5707;9.70352;3827.16;5.83459;0;0;0.1;0.01;0;3.29038;0;0;-1
0;1094;16.4766;-49.5979;74.9933;8.82222;2876.22;5.30467;0;0;0.1;0.01;0;3.51475;0;0;-1
0;1095;17.4688;-30.7401;77.8405;9.94785;4123.6;5.9815;0;0;0.1;0.01;0;6.04458;0;0;-1
0;1096;18.4977;-13.1229;74.6076;9.11763;3174.93;5.4823;0;0;0.1;0.01;0;6.14135;0;0;-1
0;1097;16.7254;3.33933;76.3055;8.78297;2838;5.28107;0;0;0.1;0.01;0;5.2517;0;0;-1
0;1098;18.4124;20.1276;76.756;8.5;2572.44;5.11093;0;0;0.1;0.01;0;5.81171;1;0;-1
0;1099;18.6029;33.9805;76.0075;10.0972;4312.13;6.0713;0;0;0.1;0.01;0;7.30787;0;0;-1
0;1100;18.5661;54.4284;76.1441;9.59276;3697.6;5.76799;0;0;0.1;0.01;0;3.60044;0;0;-1
0;1101;32.5509;-40.2003;76.4259;10.1849;4425.47;6.12403;0;0;0.1;0.01;0;3.81325;0;0;-1
0;1102;31.2487;-22.945;78.5569;10.1291;4353.13;6.09048;0;0;0.1;0.01;0;5.58332;0;0;-1
0;1103;31.1793;-5.98498;77.3434;8.5572;2624.72;5.14532;0;0;0.1;0.01;0;5.20071;0;0;-1
0;1104;32.372;11.7465;76.1688;9.07028;3125.72;5.45383;0;0;0.1;0.01;0;4.4635;0;0;-1
0;1105;34.5146;28.4124;76.6478;10.3011;4578.67;6.1939;0;0;0.1;0.01;0;5.87589;0;0;-1
0;1106;30.9554;46.4961;78.1612;10.3268;4613.03;6.20935;0;0;0.1;0.01;0;4.1694;0;0;-1
0;1107;49.0843;-30.3931;78.6672;9.26179;3327.92;5.56898;0;0;0.1;0.01;0;1.69123;0;0;-1
0;1108;45.447;-13.88;75.3064;8.5304;2600.14;5.12921;0;0;0.1;0.01;0;4.7632;0;0;-1
0;1109;47.443;0.402123;77.9801;8.55106;2619.08;5.14163;0;0;0.1;0.01;0;3.45434;0;0;-1
0;1110;48.319;20.0337;74.9172;9.58572;3689.46;5.76375;0;0;0.1;0.01;0;3.87142;0;0;-1
0;1111;49.0104;36.2411;77.461;8.5;2572.44;5.11093;0;0;0.1;0.01;0;2.34123;1;0;-1
0;1112;60.438;-6.10412;78.4459;8.5;2572.44;5.11093;0;0;0.1;0.01;0;1.59449;1;0;-1
0;1113;-36.2697;-15.7305;89.6379;9.8315;3980.59;5.91154;0;0;0.1;0.01;0;4.24761;0;0;-1
0;1114;-36.4135;1.56412;91.2364;8.5;2572.44;5.11093;0;0;0.1;0.01;0;3.92304;1;0;-1
0;1115;-38.4464;16.9502;89.8868;10.0141;4206.53;6.02133;0;0;0.1;0.01;0;3.77001;0;0;-1
0;1116;-21.1033;-24.4726;90.0467;10.4526;4783.67;6.285;0;0;0.1;0.01;0;4.94824;0;0;-1
0;1117;-23.415;-6.36279;93.0753;10.0382;4236.98;6.03582;0;0;0.1;0.01;0;4.53976;0;0;-1
0;1118;-22.7362;11.69;89.7675;8.5;2572.44;5.11093;0;0;0.1;0.01;0;4.56404;1;0;-1
0;1119;-21.6268;27.6346;93.3771;10.1704;4406.59;6.11531;0;0;0.1;0.01;0;3.63741;0;0;-1
0;1120;-7.47487;-31.4727;90.7931;9.99572;4183.41;6.01028;0;0;0.1;0.01;0;4.74614;0;0;-1
0;1121;-8.53269;-14.0098;89.4461;9.49792;3589.01;5.71096;0;0;0.1;0.01;0;6.43241;0;0;-1
0;1122;-6.5141;1.18176;92.659;9.92513;4095.41;5.96784;0;0;0.1;0.01;0;5.31323;0;0;-1
0;1123;-5.80753;19.1291;93.3172;10.3778;4681.71;6.24002;0;0;0.1;0.01;0;5.37743;0;0;-1
0;1124;-7.61096;35.037;92.3562;8.5;2572.44;5.11093;0;0;0.1;0.01;0;3.71221;1;0;-1
0;1125;5.42062;-38.5688;92.1453;8.64182;2703.36;5.1962;0;0;0.1;0.01;0;2.77359;0;0;-1
0;1126;6.63707;-23.3655;92.1205;9.97299;4154.94;5.99661;0;0;0.1;0.01;0;4.85996;0;0;-1
0;1127;7.32844;-5.0416;91.6097;9.76217;3896.98;5.86985;0;0;0.1;0.01;0;4.37034;0;0;-1
0;1128;6.66613;10.8038;91.213;9.29955;3368.79;5.59168;0;0;0.1;0.01;0;4.12208;0;0;-1
0;1129;6.09605;28.7532;90.0559;9.47028;3557.76;5.69434;0;0;0.1;0.01;0;5.33414;0;0;-1
0;1130;23.7558;-31.9725;89.8613;8.5;2572.44;5.11093;0;0;0.1;0.01;0;2.94885;1;0;-1
0;1131;20.7078;-13.4765;89.356;8.96289;3016.01;5.38926;0;0;0.1;0.01;0;4.82329;0;0;-1
0;1132;22.7945;0.121139;90.17;8.56343;2630.46;5.14907;0;0;0.1;0.01;0;3.46764;0;0;-1
0;1133;20.0082;20.8169;90.9597;8.88242;2935.5;5.34087;0;0;0.1;0.01;0;3.25292;0;0;-1
0;1134;20.889;36.7163;90.3469;8.61361;2676.97;5.17924;0;0;0.1;0.01;0;2.71876;0;0;-1
0;1135;37.3244;-7.80543;89.7323;9.767;3902.76;5.87276;0;0;0.1;0.01;0;3.63633;0;0;-1
0;1136;35.4247;9.72529;91.1713;8.5238;2594.11;5.12524;0;0;0.1;0.01;0;1.96272;0;0;-1
