Time;ID;x;y;z;radius;volume_total;radius_nuclear;contact_ECM;freezer;polarized_fraction;motility;cell_line;Cell_cell;phase;Cycle;NFkB
0;0;-51.3195;-4.61048;-83.4236;8.5;2572.44;5.11093;0;0;0.1;0.01;0;2.64592;1;0;-1
0;1;-37.4349;-33.3451;-84.6851;9.8791;4038.69;5.94016;0;0;0.1;0.01;0;2.67439;0;0;-1
0;2;-37.6618;-13.8265;-86.4855;8.5;2572.44;5.11093;0;0;0.1;0.01;0;2.65117;1;0;-1
0;3;-38.5089;0.469918;-85.588;8.93259;2985.53;5.37104;0;0;0.1;0.01;0;2.49675;0;0;-1
0;4;-35.4896;20.6076;-84.3324;10.0373;4235.84;6.03528;0;0;0.1;0.01;0;3.05547;0;0;-1
0;5;-21.8013;-40.6303;-87.2605;9.31441;3384.97;5.60062;0;0;0.1;0.01;0;2.80729;0;0;-1
0;6;-20.5474;-22.3982;-85.9324;8.72424;2781.45;5.24576;0;0;0.1;0.01;0;4.23924;0;0;-1
0;7;-21.0314;-8.42072;-84.509;8.68751;2746.47;5.22367;0;0;0.1;0.01;0;4.10825;0;0;-1
0;8;-20.3032;10.7203;-85.9716;8.9461;2999.09;5.37916;0;0;0.1;0.01;0;3.3963;0;0;-1
0;9;-22.2972;28.7585;-84.0029;9.1147;3171.87;5.48054;0;0;0.1;0.01;0;3.81414;0;0;-1
0;10;-8.84285;-49.3358;-83.4163;10.3831;4688.89;6.24321;0;0;0.1;0.01;0;3.60904;0;0;-1
0;11;-7.0965;-30.7523;-87.159;9.25676;3322.5;5.56596;0;0;0.1;0.01;0;4.75314;0;0;-1
0;12;-6.80802;-16.6166;-86.2489;8.92614;2979.06;5.36716;0;0;0.1;0.01;0;5.07812;0;0;-1
0;13;-6.59017;0.140012;-85.5128;10.1914;4433.94;6.12794;0;0;0.1;0.01;0;5.02091;0;0;-1
0;14;-7.56518;20.0317;-83.7632;10.1998;4444.92;6.13299;0;0;0.1;0.01;0;5.00776;0;0;-1
0;15;-7.67482;38.2913;-83.9315;9.71243;3837.71;5.83994;0;0;0.1;0.01;0;3.3221;0;0;-1
0;16;7.44652;-40.8713;-85.9504;10.0896;4302.4;6.06673;0;0;0.1;0.01;0;4.84795;0;0;-1
0;17;6.40454;-24.2353;-83.4884;10.0954;4309.82;6.07022;0;0;0.1;0.01;0;6.03697;0;0;-1
0;18;8.72421;-6.01831;-85.8401;8.76963;2825.09;5.27305;0;0;0.1;0.01;0;3.89211;0;0;-1
0;19;6.48048;10.9316;-86.7597;8.73724;2793.9;5.25358;0;0;0.1;0.01;0;2.66723;0;0;-1
0;20;7.75293;27.7538;-87.3926;8.84193;2895.54;5.31652;0;0;0.1;0.01;0;3.18382;0;0;-1
0;21;8.87592;45.3862;-83.5782;10.2972;4573.47;6.19156;0;0;0.1;0.01;0;3.8021;0;0;-1
0;22;20.2445;-49.1555;-84.4937;9.44966;3534.57;5.68194;0;0;0.1;0.01;0;3.23552;0;0;-1
0;23;23.338;-34.0351;-86.6665;10.0918;4305.21;6.06805;0;0;0.1;0.01;0;5.12319;0;0;-1
0;24;20.6073;-15.7274;-84.9689;8.5;2572.44;5.11093;0;0;0.1;0.01;0;3.28118;1;0;-1
0;25;22.4814;3.45281;-86.8667;8.58914;2654.22;5.16453;0;0;0.1;0.01;0;3.59103;0;0;-1
0;26;23.6315;20.3902;-84.4834;8.88816;2941.2;5.34432;0;0;0.1;0.01;0;4.47789;0;0;-1
0;27;23.549;37.7407;-84.8646;9.8457;3997.87;5.92008;0;0;0.1;0.01;0;3.69347;0;0;-1
0;28;36.3531;-40.1935;-83.6426;9.99562;4183.29;6.01022;0;0;0.1;0.01;0;3.7701;0;0;-1
0;29;35.4689;-25.5452;-86.1261;8.5;2572.44;5.11093;0;0;0.1;0.01;0;3.01421;1;0;-1
0;30;37.2102;-5.59891;-85.3;10.2046;4451.19;6.13588;0;0;0.1;0.01;0;2.53005;0;0;-1
0;31;36.5593;10.8588;-83.9761;10.2277;4481.49;6.14977;0;0;0.1;0.01;0;3.93861;0;0;-1
0;32;37.5873;26.9778;-83.9262;10.0868;4298.82;6.06505;0;0;0.1;0.01;0;4.35965;0;0;-1
0;33;-70.5278;-14.7644;-69.3766;9.3986;3477.59;5.65124;0;0;0.1;0.01;0;2.27952;0;0;-1
0;34;-57.8113;-39.4461;-71.3467;9.97762;4160.73;5.9994;0;0;0.1;0.01;0;3.10492;0;0;-1
0;35;-56.669;-25.1897;-72.4944;9.30194;3371.39;5.59312;0;0;0.1;0.01;0;3.99525;0;0;-1
0;36;-54.7609;-8.8946;-70.8558;8.5;2572.44;5.11093;0;0;0.1;0.01;0;4.50362;1;0;-1
0;37;-56.294;9.85499;-69.7955;10.3383;4628.45;6.21627;0;0;0.1;0.01;0;3.5078;0;0;-1
0;38;-57.7873;28.4779;-71.5062;8.5;2572.44;5.11093;0;0;0.1;0.01;0;2.15745;1;0;-1
0;39;-54.6547;46.9051;-68.5769;9.52835;3623.61;5.72926;0;0;0.1;0.01;0;3.24171;0;0;-1
0;40;-41.5515;-51.315;-72.6789;9.08313;3139.03;5.46155;0;0;0.1;0.01;0;2.11097;0;0;-1
0;41;-41.3956;-30.4514;-70.9843;9.44447;3528.75;5.67882;0;0;0.1;0.01;0;5.73777;0;0;-1
0;42;-42.231;-16.625;-69.6696;10.4347;4759.14;6.27423;0;0;0.1;0.01;0;6.85653;0;0;-1
0;43;-39.4127;1.72955;-69.1022;8.5;2572.44;5.11093;0;0;0.1;0.01;0;4.22246;1;0;-1
0;44;-42.3632;16.7593;-69.0655;8.5;2572.44;5.11093;0;0;0.1;0.01;0;5.51225;1;0;-1
0;45;-42.424;34.2508;-69.8631;9.48534;3574.76;5.7034;0;0;0.1;0.01;0;5.21369;0;0;-1
0;46;-41.2114;53.4613;-69.4113;8.5;2572.44;5.11093;0;0;0.1;0.01;0;3.80567;1;0;-1
0;47;-26.5809;-57.1993;-70.3612;8.69547;2754.02;5.22846;0;0;0.1;0.01;0;4.02358;0;0;-1
0;48;-28.559;-42.5901;-68.4914;10.4235;4743.83;6.2675;0;0;0.1;0.01;0;6.38693;0;0;-1
0;49;-26.25;-24.7421;-70.678;8.78999;2844.81;5.28529;0;0;0.1;0.01;0;5.81396;0;0;-1
0;50;-24.7285;-8.81309;-71.8625;8.5;2572.44;5.11093;0;0;0.1;0.01;0;4.4756;1;0;-1
0;51;-26.878;11.1025;-69.6487;9.33999;3412.93;5.616;0;0;0.1;0.01;0;5.34919;0;0;-1
0;52;-26.0044;26.9285;-69.2377;10.0291;4225.46;6.03035;0;0;0.1;0.01;0;6.5692;0;0;-1
0;53;-27.6134;43.7363;-70.669;9.33376;3406.11;5.61225;0;0;0.1;0.01;0;4.60049;0;0;-1
0;54;-27.1642;62.1981;-69.8077;9.79464;3935.99;5.88937;0;0;0.1;0.01;0;3.73795;0;0;-1
0;55;-13.5684;-63.8507;-69.0148;9.87774;4037.02;5.93934;0;0;0.1;0.01;0;4.04206;0;0;-1
0;56;-13.8208;-48.1382;-68.338;8.5;2572.44;5.11093;0;0;0.1;0.01;0;5.72075;1;0;-1
0;57;-11.3439;-31.1831;-72.6118;8.91585;2968.77;5.36097;0;0;0.1;0.01;0;5.09798;0;0;-1
0;58;-12.6988;-15.054;-70.971;9.29638;3365.35;5.58978;0;0;0.1;0.01;0;6.58949;0;0;-1
0;59;-9.95071;1.96322;-71.7797;9.45092;3535.99;5.6827;0;0;0.1;0.01;0;5.80913;0;0;-1
0;60;-11.6474;16.5885;-70.1492;8.82064;2874.68;5.30372;0;0;0.1;0.01;0;5.34569;0;0;-1
0;61;-11.8802;36.6264;-70.9327;9.09843;3154.92;5.47075;0;0;0.1;0.01;0;4.65095;0;0;-1
0;62;-10.7476;55.0824;-70.3619;9.75011;3882.55;5.8626;0;0;0.1;0.01;0;3.31313;0;0;-1
0;63;2.17998;-56.244;-69.0711;9.01971;3073.73;5.42342;0;0;0.1;0.01;0;4.73767;0;0;-1
0;64;3.94473;-40.1512;-72.044;8.76763;2823.16;5.27185;0;0;0.1;0.01;0;5.19898;0;0;-1
0;65;2.71871;-22.8983;-68.5033;10.2393;4496.76;6.15674;0;0;0.1;0.01;0;7.07011;0;0;-1
0;66;4.34061;-7.97655;-72.0141;9.90275;4067.77;5.95438;0;0;0.1;0.01;0;6.59447;0;0;-1
0;67;2.34949;10.1691;-69.2132;8.5;2572.44;5.11093;0;0;0.1;0.01;0;4.96774;1;0;-1
0;68;4.40306;26.7916;-69.6941;8.5;2572.44;5.11093;0;0;0.1;0.01;0;4.49104;1;0;-1
0;69;4.4376;45.7944;-70.5445;9.40266;3482.1;5.65368;0;0;0.1;0.01;0;6.07193;0;0;-1
0;70;3.50474;63.7154;-70.1492;9.87208;4030.09;5.93594;0;0;0.1;0.01;0;3.45365;0;0;-1
0;71;16.3314;-66.268;-69.9002;9.33398;3406.35;5.61239;0;0;0.1;0.01;0;2.89256;0;0;-1
0;72;15.9714;-47.1713;-70.9281;8.71329;2770.99;5.23917;0;0;0.1;0.01;0;4.75321;0;0;-1
0;73;19.2577;-30.2035;-70.88;10.2304;4485.04;6.15139;0;0;0.1;0.01;0;6.88978;0;0;-1
0;74;16.4087;-14.0913;-69.2296;8.5;2572.44;5.11093;0;0;0.1;0.01;0;6.69801;1;0;-1
0;75;16.9949;1.22447;-71.3251;9.24351;3308.26;5.55799;0;0;0.1;0.01;0;5.44121;0;0;-1
0;76;16.0016;18.2063;-69.2061;8.72477;2781.96;5.24608;0;0;0.1;0.01;0;4.98773;0;0;-1
0;77;17.3093;35.4433;-70.6405;9.03495;3089.34;5.43258;0;0;0.1;0.01;0;5.48751;0;0;-1
0;78;19.4535;55.0734;-70.2795;10.194;4437.34;6.1295;0;0;0.1;0.01;0;4.06633;0;0;-1
0;79;31.0772;-57.7973;-69.4703;8.5;2572.44;5.11093;0;0;0.1;0.01;0;3.36152;1;0;-1
0;80;31.7651;-38.5316;-68.4296;9.87873;4038.24;5.93994;0;0;0.1;0.01;0;6.27538;0;0;-1
0;81;32.02;-21.8263;-69.6468;8.5;2572.44;5.11093;0;0;0.1;0.01;0;4.93291;1;0;-1
0;82;33.3335;-6.3413;-68.8073;9.53103;3626.67;5.73087;0;0;0.1;0.01;0;5.57112;0;0;-1
0;83;30.5726;12.4391;-71.3011;9.73152;3860.39;5.85142;0;0;0.1;0.01;0;6.45309;0;0;-1
0;84;33.6249;28.6048;-68.5245;10.0382;4236.98;6.03582;0;0;0.1;0.01;0;6.88732;0;0;-1
0;85;34.0115;43.7482;-71.9771;8.5;2572.44;5.11093;0;0;0.1;0.01;0;4.23406;1;0;-1
0;86;46.3628;-51.2894;-68.9096;9.61922;3728.28;5.7839;0;0;0.1;0.01;0;2.75981;0;0;-1
0;87;45.98;-30.4847;-71.943;9.01313;3067.01;5.41946;0;0;0.1;0.01;0;4.33431;0;0;-1
0;88;47.5569;-13.4245;-71.9982;9.9526;4129.51;5.98435;0;0;0.1;0.01;0;4.86577;0;0;-1
0;89;45.3297;1.65129;-69.061;8.5;2572.44;5.11093;0;0;0.1;0.01;0;5.76214;1;0;-1
0;90;47.3075;17.1263;-68.9542;10.3912;4699.87;6.24808;0;0;0.1;0.01;0;6.38372;0;0;-1
0;91;48.9698;36.8798;-71.9482;10.2103;4458.66;6.13931;0;0;0.1;0.01;0;3.53592;0;0;-1
0;92;46.7022;54.109;-69.0035;8.5;2572.44;5.11093;0;0;0.1;0.01;0;2.53732;1;0;-1
0;93;60.0264;-25.6656;-72.0469;10.0688;4275.84;6.05422;0;0;0.1;0.01;0;2.75252;0;0;-1
0;94;62.5661;-5.60736;-71.9169;8.73835;2794.97;5.25424;0;0;0.1;0.01;0;2.33535;0;0;-1
0;95;61.3281;9.87254;-68.8379;9.81409;3959.49;5.90107;0;0;0.1;0.01;0;3.6355;0;0;-1
0;96;-80.3929;-8.31408;-55.4044;9.69228;3813.88;5.82783;0;0;0.1;0.01;0;2.96258;0;0;-1
0;97;-80.1232;12.4639;-54.3375;8.7296;2786.58;5.24898;0;0;0.1;0.01;0;2.6136;0;0;-1
0;98;-65.7578;-48.425;-54.2731;10.1245;4347.2;6.08771;0;0;0.1;0.01;0;4.6795;0;0;-1
0;99;-67.7055;-33.8801;-55.4118;8.95215;3005.18;5.3828;0;0;0.1;0.01;0;3.30283;0;0;-1
0;100;-65.5537;-12.6476;-56.3778;8.50736;2579.13;5.11535;0;0;0.1;0.01;0;3.99989;0;0;-1
0;101;-64.5974;1.7353;-53.9633;9.72048;3847.26;5.84478;0;0;0.1;0.01;0;5.3351;0;0;-1
0;102;-68.0137;19.6474;-57.7843;8.68328;2742.46;5.22113;0;0;0.1;0.01;0;3.53372;0;0;-1
0;103;-66.4413;35.4381;-55.549;8.5;2572.44;5.11093;0;0;0.1;0.01;0;3.49278;1;0;-1
0;104;-52.2516;-59.3456;-54.8746;9.7421;3872.99;5.85778;0;0;0.1;0.01;0;4.0599;0;0;-1
0;105;-52.9155;-42.3747;-57.5608;8.54632;2614.73;5.13878;0;0;0.1;0.01;0;4.59094;0;0;-1
0;106;-51.3201;-24.6931;-57.8029;8.5;2572.44;5.11093;0;0;0.1;0.01;0;4.56758;1;0;-1
0;107;-49.8599;-4.79354;-57.1174;9.83619;3986.29;5.91436;0;0;0.1;0.01;0;6.4221;0;0;-1
0;108;-51.749;12.0417;-54.389;9.7551;3888.52;5.8656;0;0;0.1;0.01;0;7.06032;0;0;-1
0;109;-51.0323;27.8557;-57.8109;10.3779;4681.85;6.24008;0;0;0.1;0.01;0;6.92806;0;0;-1
0;110;-52.1414;44.807;-54.0112;9.75705;3890.85;5.86677;0;0;0.1;0.01;0;6.19834;0;0;-1
0;111;-50.5773;59.7321;-54.437;10.0947;4308.92;6.0698;0;0;0.1;0.01;0;5.15109;0;0;-1
0;112;-38.6596;-66.5835;-56.3482;9.78686;3926.62;5.8847;0;0;0.1;0.01;0;4.10098;0;0;-1
0;113;-38.3695;-51.0447;-54.5684;9.22818;3291.83;5.54877;0;0;0.1;0.01;0;5.1913;0;0;-1
0;114;-36.5546;-31.2288;-56.2483;9.62245;3732.03;5.78584;0;0;0.1;0.01;0;6.18242;0;0;-1
0;115;-36.5282;-14.8538;-55.7944;10.2702;4537.59;6.17532;0;0;0.1;0.01;0;6.81705;0;0;-1
0;116;-37.7511;2.43954;-54.3748;8.98033;3033.65;5.39974;0;0;0.1;0.01;0;5.52265;0;0;-1
0;117;-36.0779;20.9981;-57.0222;10.2728;4541.04;6.17689;0;0;0.1;0.01;0;7.53949;0;0;-1
0;118;-35.2023;36.6519;-55.0705;8.75833;2814.18;5.26626;0;0;0.1;0.01;0;6.65494;0;0;-1
0;119;-36.9987;51.28;-56.5061;10.0445;4244.96;6.03961;0;0;0.1;0.01;0;6.94546;0;0;-1
0;120;-35.928;70.312;-57.9322;10.4064;4720.52;6.25722;0;0;0.1;0.01;0;4.27284;0;0;-1
0;121;-23.9313;-76.024;-57.3284;9.56038;3660.28;5.74852;0;0;0.1;0.01;0;3.14457;0;0;-1
0;122;-21.829;-56.2131;-56.4044;9.42137;3502.92;5.66493;0;0;0.1;0.01;0;6.51128;0;0;-1
0;123;-21.091;-40.4599;-54.8478;10.0066;4197.09;6.01682;0;0;0.1;0.01;0;6.98319;0;0;-1
0;124;-23.6231;-22.5404;-56.7427;9.91108;4078.04;5.95939;0;0;0.1;0.01;0;6.87728;0;0;-1
0;125;-21.5848;-7.15172;-56.3457;8.98657;3039.98;5.40349;0;0;0.1;0.01;0;5.6298;0;0;-1
0;126;-22.4083;9.00057;-55.9789;9.44496;3529.3;5.67912;0;0;0.1;0.01;0;4.80052;0;0;-1
0;127;-21.4024;25.5995;-55.5835;8.61865;2681.68;5.18227;0;0;0.1;0.01;0;5.26449;0;0;-1
0;128;-21.7816;42.3096;-56.702;8.5;2572.44;5.11093;0;0;0.1;0.01;0;5.12214;1;0;-1
0;129;-22.1154;63.2065;-54.4629;10.3642;4663.33;6.23184;0;0;0.1;0.01;0;7.13716;0;0;-1
0;130;-22.0251;77.9768;-57.0124;9.14647;3205.16;5.49964;0;0;0.1;0.01;0;3.52682;0;0;-1
0;131;-9.28358;-80.7852;-56.0043;8.5;2572.44;5.11093;0;0;0.1;0.01;0;2.46995;1;0;-1
0;132;-5.7707;-65.6697;-55.7485;9.0412;3095.76;5.43634;0;0;0.1;0.01;0;4.74541;0;0;-1
0;133;-6.23296;-47.1166;-55.1213;9.62786;3738.33;5.78909;0;0;0.1;0.01;0;5.88217;0;0;-1
0;134;-8.7697;-29.9195;-54.6124;9.80216;3945.06;5.8939;0;0;0.1;0.01;0;5.5754;0;0;-1
0;135;-8.94925;-14.1422;-55.422;8.61231;2675.76;5.17846;0;0;0.1;0.01;0;5.83981;0;0;-1
0;136;-7.06742;0.36703;-56.719;8.5;2572.44;5.11093;0;0;0.1;0.01;0;5.33893;1;0;-1
0;137;-5.92337;20.9934;-55.1506;10.3787;4682.93;6.24056;0;0;0.1;0.01;0;6.33279;0;0;-1
0;138;-8.23968;36.9533;-55.4926;10.3709;4672.38;6.23587;0;0;0.1;0.01;0;6.41035;0;0;-1
0;139;-5.83278;54.938;-55.1058;10.4463;4775.03;6.28121;0;0;0.1;0.01;0;6.18407;0;0;-1
0;140;-8.7169;70.3246;-55.1356;8.9171;2970.02;5.36172;0;0;0.1;0.01;0;3.30218;0;0;-1
0;141;8.98943;-74.3234;-56.9021;8.95921;3012.3;5.38704;0;0;0.1;0.01;0;3.46732;0;0;-1
0;142;6.86218;-58.0826;-56.2114;9.9375;4110.74;5.97527;0;0;0.1;0.01;0;6.12515;0;0;-1
0;143;7.34371;-41.7024;-54.9297;8.5;2572.44;5.11093;0;0;0.1;0.01;0;4.3801;1;0;-1
0;144;9.4017;-22.7171;-56.6009;9.348;3421.72;5.62082;0;0;0.1;0.01;0;6.49437;0;0;-1
0;145;6.03413;-8.01892;-56.8557;9.37777;3454.52;5.63872;0;0;0.1;0.01;0;6.47249;0;0;-1
0;146;5.60843;9.71988;-55.2384;8.95394;3006.98;5.38387;0;0;0.1;0.01;0;4.27936;0;0;-1
0;147;8.44404;27.75;-53.9521;10.1128;4332.14;6.08068;0;0;0.1;0.01;0;6.67572;0;0;-1
0;148;8.5363;44.9742;-55.9739;10.2821;4553.38;6.18248;0;0;0.1;0.01;0;7.63859;0;0;-1
0;149;8.84141;59.8412;-57.7125;8.76315;2818.83;5.26915;0;0;0.1;0.01;0;5.81033;0;0;-1
0;150;8.56891;79.8421;-54.3438;9.33081;3402.88;5.61048;0;0;0.1;0.01;0;2.80687;0;0;-1
0;151;22.2791;-64.2595;-56.6555;9.79249;3933.4;5.88808;0;0;0.1;0.01;0;4.96895;0;0;-1
0;152;24.1818;-49.986;-53.7226;8.97699;3030.27;5.39773;0;0;0.1;0.01;0;5.40066;0;0;-1
0;153;20.2919;-32.6145;-55.2847;9.10775;3164.62;5.47636;0;0;0.1;0.01;0;5.15473;0;0;-1
0;154;20.5191;-12.7145;-57.3718;9.31056;3380.77;5.5983;0;0;0.1;0.01;0;6.00996;0;0;-1
0;155;23.6302;1.4176;-56.4441;9.29185;3360.43;5.58705;0;0;0.1;0.01;0;5.67979;0;0;-1
0;156;23.7521;20.6608;-55.7398;10.1452;4373.92;6.10016;0;0;0.1;0.01;0;6.42586;0;0;-1
0;157;22.6888;38.2408;-56.2067;10.0929;4306.62;6.06871;0;0;0.1;0.01;0;7.0407;0;0;-1
0;158;22.9288;54.3779;-53.9815;10.4336;4757.64;6.27357;0;0;0.1;0.01;0;7.0989;0;0;-1
0;159;22.0568;70.5666;-57.6919;9.08793;3144.01;5.46444;0;0;0.1;0.01;0;2.47024;0;0;-1
0;160;38.568;-56.0277;-56.428;9.06067;3115.8;5.44805;0;0;0.1;0.01;0;4.55417;0;0;-1
0;161;34.9352;-38.359;-54.7259;8.60039;2664.67;5.17129;0;0;0.1;0.01;0;5.32481;0;0;-1
0;162;38.5243;-25.0999;-56.4521;9.04343;3098.05;5.43768;0;0;0.1;0.01;0;5.60577;0;0;-1
0;163;37.209;-5.69133;-54.8313;8.57831;2644.2;5.15801;0;0;0.1;0.01;0;5.96583;0;0;-1
0;164;38.4596;8.33367;-55.4133;9.23354;3297.56;5.55199;0;0;0.1;0.01;0;6.96364;0;0;-1
0;165;38.8675;25.4349;-54.6079;9.85015;4003.29;5.92275;0;0;0.1;0.01;0;6.32621;0;0;-1
0;166;36.7813;46.1514;-56.6485;9.17439;3234.6;5.51643;0;0;0.1;0.01;0;5.85522;0;0;-1
0;167;36.3647;60.7347;-54.119;8.5;2572.44;5.11093;0;0;0.1;0.01;0;4.54009;1;0;-1
0;168;52.8848;-50.9582;-56.0592;8.97539;3028.65;5.39677;0;0;0.1;0.01;0;3.28684;0;0;-1
0;169;52.0654;-31.0881;-54.138;9.95776;4135.93;5.98746;0;0;0.1;0.01;0;5.73188;0;0;-1
0;170;52.9091;-15.068;-54.3811;8.5;2572.44;5.11093;0;0;0.1;0.01;0;5.23056;1;0;-1
0;171;52.2501;0.0393444;-54.3876;9.99184;4178.54;6.00795;0;0;0.1;0.01;0;7.51495;0;0;-1
0;172;51.1918;18.0855;-56.0399;9.0008;3054.44;5.41205;0;0;0.1;0.01;0;6.7913;0;0;-1
0;173;52.9397;34.0754;-55.7659;9.24176;3306.38;5.55694;0;0;0.1;0.01;0;5.31146;0;0;-1
0;174;52.6981;55.2613;-56.5059;10.1122;4331.37;6.08032;0;0;0.1;0.01;0;4.26801;0;0;-1
0;175;64.6176;-40.8703;-56.6727;9.03274;3087.07;5.43126;0;0;0.1;0.01;0;2.99494;0;0;-1
0;176;67.2801;-25.084;-56.1075;9.38578;3463.38;5.64353;0;0;0.1;0.01;0;4.42137;0;0;-1
0;177;67.7728;-4.49964;-55.1291;8.5;2572.44;5.11093;0;0;0.1;0.01;0;5.13841;1;0;-1
0;178;65.8319;11.9959;-53.8088;9.54477;3642.38;5.73913;0;0;0.1;0.01;0;5.87302;0;0;-1
0;179;66.0085;26.6448;-55.2782;8.5;2572.44;5.11093;0;0;0.1;0.01;0;3.89063;1;0;-1
0;180;64.769;46.0625;-54.3217;9.81335;3958.59;5.90062;0;0;0.1;0.01;0;3.39677;0;0;-1
0;181;79.7192;-16.8495;-56.7557;10.1836;4423.77;6.12325;0;0;0.1;0.01;0;2.82669;0;0;-1
0;182;82.2241;1.12287;-54.4656;8.92226;2975.18;5.36483;0;0;0.1;0.01;0;2.82694;0;0;-1
0;183;-87.5126;-21.6625;-40.627;9.37018;3446.14;5.63415;0;0;0.1;0.01;0;3.14635;0;0;-1
0;184;-84.1182;-8.17444;-40.1203;10.0307;4227.49;6.03131;0;0;0.1;0.01;0;5.22025;0;0;-1
0;185;-86.3114;12.3481;-39.6311;9.63572;3747.5;5.79382;0;0;0.1;0.01;0;4.43915;0;0;-1
0;186;-86.6565;29.3365;-39.2279;9.84885;4001.71;5.92197;0;0;0.1;0.01;0;3.00458;0;0;-1
0;187;-70.1829;-48.0395;-39.6412;8.5;2572.44;5.11093;0;0;0.1;0.01;0;4.05752;1;0;-1
0;188;-72.1206;-33.9465;-41.5608;10.2288;4482.94;6.15043;0;0;0.1;0.01;0;5.02632;0;0;-1
0;189;-71.5927;-14.5678;-41.6304;8.5;2572.44;5.11093;0;0;0.1;0.01;0;5.38843;1;0;-1
0;190;-72.6824;3.61492;-40.9322;10.2704;4537.86;6.17544;0;0;0.1;0.01;0;7.38573;0;0;-1
0;191;-70.51;19.0698;-42.0676;9.73679;3866.66;5.85459;0;0;0.1;0.01;0;6.24047;0;0;-1
0;192;-69.9891;37.0811;-42.9205;9.92192;4091.44;5.96591;0;0;0.1;0.01;0;5.68194;0;0;-1
0;193;-72.6597;51.3927;-41.1039;9.59208;3696.81;5.76758;0;0;0.1;0.01;0;3.09304;0;0;-1
0;194;-56.953;-59.205;-39.9326;10.3288;4615.71;6.21056;0;0;0.1;0.01;0;5.24987;0;0;-1
0;195;-56.7266;-39.4584;-41.8702;9.50868;3601.22;5.71743;0;0;0.1;0.01;0;6.64011;0;0;-1
0;196;-54.1683;-24.64;-40.9047;9.31218;3382.54;5.59928;0;0;0.1;0.01;0;5.4238;0;0;-1
0;197;-57.4636;-7.33013;-42.0161;10.0834;4294.47;6.063;0;0;0.1;0.01;0;6.99322;0;0;-1
0;198;-55.0614;9.53927;-39.8535;10.2811;4552.05;6.18188;0;0;0.1;0.01;0;6.71475;0;0;-1
0;199;-55.5394;25.8733;-41.5486;9.89022;4052.35;5.94685;0;0;0.1;0.01;0;6.11334;0;0;-1
0;200;-56.9729;42.652;-40.1085;9.6706;3788.34;5.81479;0;0;0.1;0.01;0;6.52607;0;0;-1
0;201;-54.2549;60.4501;-39.5916;9.62047;3729.73;5.78465;0;0;0.1;0.01;0;5.2404;0;0;-1
0;202;-40.5196;-80.6262;-40.9864;8.5;2572.44;5.11093;0;0;0.1;0.01;0;2.96889;1;0;-1
0;203;-41.6811;-65.8979;-39.2299;9.46189;3548.32;5.6893;0;0;0.1;0.01;0;6.381;0;0;-1
0;204;-43.0536;-47.5204;-41.7189;8.5;2572.44;5.11093;0;0;0.1;0.01;0;4.90074;1;0;-1
0;205;-42.5737;-31.6883;-42.2045;8.64528;2706.61;5.19828;0;0;0.1;0.01;0;5.09468;0;0;-1
0;206;-40.2515;-13.4547;-40.6527;9.60474;3711.47;5.77519;0;0;0.1;0.01;0;6.10446;0;0;-1
0;207;-42.0122;1.95123;-39.995;9.25091;3316.21;5.56244;0;0;0.1;0.01;0;6.47536;0;0;-1
0;208;-41.7835;19.6585;-42.4206;8.59492;2659.59;5.168;0;0;0.1;0.01;0;5.91368;0;0;-1
0;209;-41.4528;34.4603;-41.4083;8.78789;2842.77;5.28403;0;0;0.1;0.01;0;5.64061;0;0;-1
0;210;-40.2719;53.6171;-41.2165;9.53739;3633.94;5.73469;0;0;0.1;0.01;0;7.07317;0;0;-1
0;211;-40.8042;68.4812;-42.1398;10.3601;4657.8;6.22938;0;0;0.1;0.01;0;6.08147;0;0;-1
0;212;-27.6588;-72.9635;-42.8788;9.39388;3472.35;5.6484;0;0;0.1;0.01;0;6.10626;0;0;-1
0;213;-28.1434;-57.7309;-40.4597;10.4418;4768.86;6.2785;0;0;0.1;0.01;0;7.09379;0;0;-1
0;214;-25.2994;-38.5074;-42.3716;9.23225;3296.18;5.55122;0;0;0.1;0.01;0;5.32912;0;0;-1
0;215;-25.0114;-22.3763;-39.8187;9.9908;4177.24;6.00732;0;0;0.1;0.01;0;6.3906;0;0;-1
0;216;-24.7447;-5.18325;-40.651;8.87426;2927.42;5.33596;0;0;0.1;0.01;0;5.61463;0;0;-1
0;217;-25.4514;9.75579;-41.0395;8.5;2572.44;5.11093;0;0;0.1;0.01;0;4.04224;1;0;-1
0;218;-28.1765;27.0148;-42.0151;9.3773;3454;5.63843;0;0;0.1;0.01;0;5.48914;0;0;-1
0;219;-27.2162;44.1209;-42.0995;9.59228;3697.04;5.7677;0;0;0.1;0.01;0;6.10534;0;0;-1
0;220;-27.5568;60.5307;-40.7636;9.41372;3494.4;5.66033;0;0;0.1;0.01;0;7.06772;0;0;-1
0;221;-25.0141;77.1724;-42.0778;9.57316;3674.98;5.7562;0;0;0.1;0.01;0;5.24558;0;0;-1
0;222;-12.9899;-83.145;-42.169;8.61093;2674.48;5.17763;0;0;0.1;0.01;0;4.03676;0;0;-1
0;223;-12.9525;-67.6054;-39.741;10.0617;4266.8;6.04995;0;0;0.1;0.01;0;6.69625;0;0;-1
0;224;-12.3946;-49.3778;-41.8356;9.18212;3242.78;5.52108;0;0;0.1;0.01;0;5.31952;0;0;-1
0;225;-9.78823;-33.328;-39.8332;9.50911;3601.71;5.71769;0;0;0.1;0.01;0;6.11738;0;0;-1
0;226;-13.0722;-15.5102;-40.7591;8.69144;2750.2;5.22604;0;0;0.1;0.01;0;6.37424;0;0;-1
0;227;-11.0633;0.253808;-41.4546;8.66025;2720.7;5.20728;0;0;0.1;0.01;0;5.45564;0;0;-1
0;228;-12.5359;20.0292;-39.3423;9.95302;4130.03;5.98461;0;0;0.1;0.01;0;6.16083;0;0;-1
0;229;-9.95917;34.3127;-39.7652;8.5;2572.44;5.11093;0;0;0.1;0.01;0;6.08797;1;0;-1
0;230;-11.5617;52.9638;-39.3579;10.1789;4417.65;6.12042;0;0;0.1;0.01;0;6.47173;0;0;-1
0;231;-11.0971;70.756;-40.0419;9.43087;3513.53;5.67065;0;0;0.1;0.01;0;5.57543;0;0;-1
0;232;-9.78808;87.1018;-39.9627;8.5;2572.44;5.11093;0;0;0.1;0.01;0;2.38712;1;0;-1
0;233;2.82154;-89.5428;-42.0512;9.11671;3173.97;5.48175;0;0;0.1;0.01;0;2.88166;0;0;-1
0;234;4.67589;-74.9309;-41.1584;8.55271;2620.59;5.14262;0;0;0.1;0.01;0;5.17759;0;0;-1
0;235;2.01213;-59.7566;-39.3801;9.47364;3561.55;5.69636;0;0;0.1;0.01;0;5.4194;0;0;-1
0;236;3.63037;-40.766;-39.8022;8.5;2572.44;5.11093;0;0;0.1;0.01;0;4.8511;1;0;-1
0;237;4.6764;-25.283;-39.513;9.5216;3615.92;5.7252;0;0;0.1;0.01;0;6.13797;0;0;-1
0;238;1.23308;-8.08071;-42.4272;10.2613;4525.8;6.16997;0;0;0.1;0.01;0;6.26715;0;0;-1
0;239;3.21444;10.4473;-41.01;8.61838;2681.42;5.18211;0;0;0.1;0.01;0;4.37007;0;0;-1
0;240;4.0755;27.1877;-39.4738;8.90471;2957.66;5.35427;0;0;0.1;0.01;0;6.72772;0;0;-1
0;241;1.22608;43.0314;-40.2749;10.0973;4312.25;6.07136;0;0;0.1;0.01;0;7.97757;0;0;-1
0;242;1.5199;60.6191;-40.979;8.5;2572.44;5.11093;0;0;0.1;0.01;0;5.36293;1;0;-1
0;243;3.95766;76.3844;-41.0705;9.14274;3201.24;5.4974;0;0;0.1;0.01;0;5.26437;0;0;-1
0;244;17.6703;-82.3285;-42.0936;8.5;2572.44;5.11093;0;0;0.1;0.01;0;3.29392;1;0;-1
0;245;18.2148;-65.4545;-39.2909;10.2625;4527.39;6.17069;0;0;0.1;0.01;0;5.88442;0;0;-1
0;246;17.9176;-46.4597;-40.8073;8.89095;2943.97;5.346;0;0;0.1;0.01;0;5.26755;0;0;-1
0;247;17.8354;-31.7655;-41.156;8.5;2572.44;5.11093;0;0;0.1;0.01;0;5.84041;1;0;-1
0;248;19.0993;-15.4954;-41.7709;9.48375;3572.97;5.70244;0;0;0.1;0.01;0;5.92337;0;0;-1
0;249;19.7515;1.94377;-42.1559;9.10927;3166.21;5.47727;0;0;0.1;0.01;0;4.69152;0;0;-1
0;250;17.6646;17.7344;-40.5193;9.27102;3337.88;5.57453;0;0;0.1;0.01;0;5.59957;0;0;-1
0;251;19.0269;36.7164;-42.8397;9.9124;4079.67;5.96018;0;0;0.1;0.01;0;7.63432;0;0;-1
0;252;16.7943;52.0134;-39.6925;10.0976;4312.64;6.07154;0;0;0.1;0.01;0;7.44176;0;0;-1
0;253;18.7604;68.4691;-41.1985;10.3155;4597.9;6.20256;0;0;0.1;0.01;0;5.94154;0;0;-1
0;254;16.4109;87.4191;-41.1262;10.0767;4285.92;6.05897;0;0;0.1;0.01;0;3.14695;0;0;-1
0;255;32.9569;-75.6299;-42.503;8.64912;2710.22;5.20059;0;0;0.1;0.01;0;2.25158;0;0;-1
0;256;30.5652;-56.4935;-40.5236;9.0958;3152.18;5.46917;0;0;0.1;0.01;0;6.27867;0;0;-1
0;257;33.7158;-41.1798;-40.4679;10.005;4195.08;6.01586;0;0;0.1;0.01;0;7.65218;0;0;-1
0;258;32.7738;-25.2904;-41.571;10.1242;4346.81;6.08753;0;0;0.1;0.01;0;7.40588;0;0;-1
0;259;33.7379;-8.05066;-42.0275;8.5;2572.44;5.11093;0;0;0.1;0.01;0;4.72507;1;0;-1
0;260;33.8419;10.0432;-42.2893;8.5;2572.44;5.11093;0;0;0.1;0.01;0;5.10324;1;0;-1
0;261;33.845;29.5175;-39.8773;8.93213;2985.06;5.37076;0;0;0.1;0.01;0;6.03462;0;0;-1
0;262;32.9465;46.1513;-39.4231;10.038;4236.72;6.0357;0;0;0.1;0.01;0;7.7671;0;0;-1
0;263;33.9165;60.0849;-39.7076;9.38769;3465.49;5.64468;0;0;0.1;0.01;0;6.20721;0;0;-1
0;264;33.5508;79.8401;-40.427;8.95437;3007.42;5.38413;0;0;0.1;0.01;0;2.74547;0;0;-1
0;265;47.8233;-65.2728;-41.6054;8.94443;2997.41;5.37816;0;0;0.1;0.01;0;2.46731;0;0;-1
0;266;47.14;-47.7051;-39.9524;9.52788;3623.08;5.72898;0;0;0.1;0.01;0;5.80293;0;0;-1
0;267;47.7641;-30.2392;-39.2214;10.3176;4600.71;6.20382;0;0;0.1;0.01;0;7.66019;0;0;-1
0;268;46.7909;-14.9378;-42.5846;10.067;4273.55;6.05314;0;0;0.1;0.01;0;7.77953;0;0;-1
0;269;46.0841;2.87826;-42.1846;8.5;2572.44;5.11093;0;0;0.1;0.01;0;6.2004;1;0;-1
0;270;47.7565;16.8709;-43.0414;10.1627;4396.59;6.11068;0;0;0.1;0.01;0;7.43831;0;0;-1
0;271;46.8473;37.9652;-41.1006;9.52653;3621.54;5.72816;0;0;0.1;0.01;0;6.19093;0;0;-1
0;272;46.7028;52.1393;-42.873;9.67637;3795.12;5.81826;0;0;0.1;0.01;0;6.60457;0;0;-1
0;273;46.8361;69.2619;-39.8979;9.92643;4097.02;5.96862;0;0;0.1;0.01;0;4.49614;0;0;-1
0;274;60.3763;-55.3634;-39.3271;9.8308;3979.74;5.91112;0;0;0.1;0.01;0;4.74479;0;0;-1
0;275;63.9949;-41.6907;-39.8236;8.94562;2998.61;5.37887;0;0;0.1;0.01;0;4.28077;0;0;-1
0;276;61.2055;-23.3583;-39.8326;8.55006;2618.16;5.14103;0;0;0.1;0.01;0;5.54356;0;0;-1
0;277;63.4156;-7.793;-42.3295;9.67674;3795.56;5.81848;0;0;0.1;0.01;0;6.80365;0;0;-1
0;278;63.599;8.22717;-39.4699;10.0114;4203.13;6.01971;0;0;0.1;0.01;0;6.5601;0;0;-1
0;279;63.0232;26.191;-42.2772;10.0357;4233.81;6.03432;0;0;0.1;0.01;0;6.07567;0;0;-1
0;280;61.5535;42.1356;-41.1955;8.88075;2933.85;5.33987;0;0;0.1;0.01;0;5.08193;0;0;-1
0;281;61.996;60.4232;-42.4596;9.23144;3295.32;5.55073;0;0;0.1;0.01;0;3.67752;0;0;-1
0;282;74.9421;-32.4991;-43.1701;9.0112;3065.04;5.4183;0;0;0.1;0.01;0;3.21721;0;0;-1
0;283;77.7434;-15.0006;-41.1164;8.62851;2690.89;5.1882;0;0;0.1;0.01;0;4.46557;0;0;-1
0;284;76.3307;-0.0863433;-41.4649;10.2851;4557.37;6.18428;0;0;0.1;0.01;0;6.87676;0;0;-1
0;285;78.7401;19.7243;-42.8236;8.99017;3043.63;5.40566;0;0;0.1;0.01;0;3.33137;0;0;-1
0;286;76.5355;34.337;-41.9394;9.23964;3304.1;5.55566;0;0;0.1;0.01;0;3.54225;0;0;-1
0;287;90.5159;-4.55683;-40.5329;8.7003;2758.62;5.23136;0;0;0.1;0.01;0;2.23274;0;0;-1
0;288;-95.1289;-13.5099;-24.7005;8.77145;2826.85;5.27415;0;0;0.1;0.01;0;3.17546;0;0;-1
0;289;-95.6341;1.25032;-26.0968;9.92316;4092.97;5.96665;0;0;0.1;0.01;0;3.876;0;0;-1
0;290;-80.8679;-41.5003;-24.6596;9.90428;4069.65;5.9553;0;0;0.1;0.01;0;2.88812;0;0;-1
0;291;-81.7965;-23.4427;-27.3446;9.5595;3659.27;5.74799;0;0;0.1;0.01;0;3.86546;0;0;-1
0;292;-78.9078;-4.65564;-26.4864;10.0423;4242.17;6.03829;0;0;0.1;0.01;0;5.59141;0;0;-1
0;293;-82.5768;10.97;-26.4489;10.1274;4350.93;6.08946;0;0;0.1;0.01;0;6.28543;0;0;-1
0;294;-82.4137;27.6768;-25.1456;10.0349;4232.8;6.03384;0;0;0.1;0.01;0;5.02687;0;0;-1
0;295;-80.4007;44.5629;-28.1115;9.88358;4044.19;5.94285;0;0;0.1;0.01;0;3.28353;0;0;-1
0;296;-64.0832;-67.881;-25.999;8.5;2572.44;5.11093;0;0;0.1;0.01;0;2.51606;1;0;-1
0;297;-64.3818;-48.9961;-26.1304;8.77835;2833.53;5.27829;0;0;0.1;0.01;0;4.35817;0;0;-1
0;298;-64.5274;-31.2639;-25.4588;9.74862;3880.77;5.8617;0;0;0.1;0.01;0;5.46895;0;0;-1
0;299;-64.4845;-12.8955;-26.9958;9.28066;3348.31;5.58033;0;0;0.1;0.01;0;5.55998;0;0;-1
0;300;-66.0785;4.44373;-26.0286;8.5;2572.44;5.11093;0;0;0.1;0.01;0;5.9394;1;0;-1
0;301;-65.4692;20.2158;-26.9323;8.59094;2655.89;5.16561;0;0;0.1;0.01;0;5.71335;0;0;-1
0;302;-64.6866;35.2162;-27.1757;10.0497;4251.56;6.04274;0;0;0.1;0.01;0;6.3087;0;0;-1
0;303;-64.5484;50.9172;-26.2294;9.27992;3347.51;5.57988;0;0;0.1;0.01;0;5.74949;0;0;-1
0;304;-66.6771;68.6719;-26.7129;9.4554;3541.02;5.68539;0;0;0.1;0.01;0;2.15135;0;0;-1
0;305;-49.7098;-72.4959;-27.7877;8.99661;3050.18;5.40953;0;0;0.1;0.01;0;5.2297;0;0;-1
0;306;-49.6164;-58.1746;-26.2913;9.25063;3315.91;5.56227;0;0;0.1;0.01;0;6.29431;0;0;-1
0;307;-51.5413;-39.7131;-26.3467;9.3425;3415.69;5.61751;0;0;0.1;0.01;0;6.0086;0;0;-1
0;308;-52.4115;-23.117;-27.5505;9.77632;3913.95;5.87836;0;0;0.1;0.01;0;6.55729;0;0;-1
0;309;-50.4833;-7.03598;-27.8119;9.73264;3861.72;5.8521;0;0;0.1;0.01;0;6.61035;0;0;-1
0;310;-53.0201;8.64964;-26.3274;8.9409;2993.87;5.37603;0;0;0.1;0.01;0;5.48844;0;0;-1
0;311;-51.1178;26.7869;-24.4711;9.14375;3202.3;5.498;0;0;0.1;0.01;0;5.57819;0;0;-1
0;312;-49.9872;45.5112;-24.8732;9.78011;3918.5;5.88064;0;0;0.1;0.01;0;7.33731;0;0;-1
0;313;-50.6711;62.489;-25.5815;8.75947;2815.28;5.26694;0;0;0.1;0.01;0;6.08597;0;0;-1
0;314;-51.7947;78.4814;-28.2615;8.72318;2780.44;5.24512;0;0;0.1;0.01;0;2.65412;0;0;-1
0;315;-36.4331;-82.1744;-26.5165;10.3133;4594.96;6.20124;0;0;0.1;0.01;0;6.19514;0;0;-1
0;316;-34.9851;-67.3087;-26.8028;8.88636;2939.41;5.34324;0;0;0.1;0.01;0;6.99027;0;0;-1
0;317;-38.3681;-47.1072;-27.148;10.1598;4392.83;6.10894;0;0;0.1;0.01;0;5.7125;0;0;-1
0;318;-36.0583;-30.0832;-26.0705;9.32899;3400.89;5.60939;0;0;0.1;0.01;0;6.11573;0;0;-1
0;319;-34.632;-13.7595;-26.8019;8.77558;2830.85;5.27663;0;0;0.1;0.01;0;5.01593;0;0;-1
0;320;-36.5837;4.31927;-27.446;8.5;2572.44;5.11093;0;0;0.1;0.01;0;4.19313;1;0;-1
0;321;-38.3597;18.5464;-27.4778;9.50184;3593.45;5.71332;0;0;0.1;0.01;0;5.45415;0;0;-1
0;322;-38.2445;34.5872;-25.1748;8.5;2572.44;5.11093;0;0;0.1;0.01;0;5.50122;1;0;-1
0;323;-37.6475;52.2756;-27.8649;9.223;3286.29;5.54566;0;0;0.1;0.01;0;6.07288;0;0;-1
0;324;-38.2126;67.7236;-25.7627;8.5;2572.44;5.11093;0;0;0.1;0.01;0;4.48696;1;0;-1
0;325;-35.5398;85.8458;-24.9522;10.2803;4550.99;6.1814;0;0;0.1;0.01;0;3.74721;0;0;-1
0;326;-21.7846;-90.7768;-25.2892;10.3383;4628.45;6.21627;0;0;0.1;0.01;0;3.98742;0;0;-1
0;327;-20.5802;-73.0891;-27.0221;10.1729;4409.84;6.11682;0;0;0.1;0.01;0;8.2779;0;0;-1
0;328;-20.3465;-59.1627;-26.3082;9.74517;3876.65;5.85963;0;0;0.1;0.01;0;7.26766;0;0;-1
0;329;-22.0192;-40.587;-26.6601;8.61701;2680.15;5.18128;0;0;0.1;0.01;0;4.98675;0;0;-1
0;330;-21.3653;-21.1051;-24.9751;10.094;4308.03;6.06938;0;0;0.1;0.01;0;6.84284;0;0;-1
0;331;-19.72;-5.48512;-28.087;8.5;2572.44;5.11093;0;0;0.1;0.01;0;4.65126;1;0;-1
0;332;-21.3116;11.807;-25.7739;8.5;2572.44;5.11093;0;0;0.1;0.01;0;4.00279;1;0;-1
0;333;-22.773;28.7623;-27.7861;8.64731;2708.52;5.1995;0;0;0.1;0.01;0;5.10202;0;0;-1
0;334;-21.2677;44.7694;-27.8788;9.74786;3879.86;5.86125;0;0;0.1;0.01;0;5.84154;0;0;-1
0;335;-21.6913;62.1723;-26.6162;9.66986;3787.47;5.81435;0;0;0.1;0.01;0;6.33935;0;0;-1
0;336;-22.8411;78.7575;-27.9123;9.43208;3514.88;5.67137;0;0;0.1;0.01;0;5.63036;0;0;-1
0;337;-5.94202;-81.2666;-28.6508;9.37792;3454.68;5.63881;0;0;0.1;0.01;0;6.09294;0;0;-1
0;338;-7.90863;-66.6014;-26.3312;9.47884;3567.42;5.69949;0;0;0.1;0.01;0;6.69011;0;0;-1
0;339;-8.56215;-48.5909;-24.378;9.13807;3196.33;5.49459;0;0;0.1;0.01;0;5.18578;0;0;-1
0;340;-8.20356;-29.6901;-25.5435;8.77274;2828.1;5.27492;0;0;0.1;0.01;0;5.56578;0;0;-1
0;341;-6.01243;-13.3242;-27.8151;9.41095;3491.31;5.65867;0;0;0.1;0.01;0;6.59827;0;0;-1
0;342;-5.49778;1.92968;-27.6486;8.53399;2603.42;5.13136;0;0;0.1;0.01;0;5.70967;0;0;-1
0;343;-6.60877;21.1263;-25.6283;9.60397;3710.57;5.77473;0;0;0.1;0.01;0;6.70028;0;0;-1
0;344;-7.09362;35.4082;-27.0986;9.34522;3418.67;5.61915;0;0;0.1;0.01;0;7.48467;0;0;-1
0;345;-7.93212;51.5157;-26.0274;8.65073;2711.73;5.20156;0;0;0.1;0.01;0;5.61067;0;0;-1
0;346;-9.34479;72.1608;-24.4886;8.6207;2683.59;5.1835;0;0;0.1;0.01;0;5.0368;0;0;-1
0;347;-9.10248;88.2405;-25.6677;8.64271;2704.2;5.19674;0;0;0.1;0.01;0;3.96947;0;0;-1
0;348;9.34752;-90.4762;-25.4112;10.3115;4592.55;6.20016;0;0;0.1;0.01;0;4.27643;0;0;-1
0;349;6.59474;-75.7913;-25.3207;9.7822;3921.01;5.88189;0;0;0.1;0.01;0;6.67408;0;0;-1
0;350;9.44107;-58.6609;-25.7711;9.33001;3402;5.61;0;0;0.1;0.01;0;5.80829;0;0;-1
0;351;5.72955;-40.0309;-25.395;9.62018;3729.39;5.78447;0;0;0.1;0.01;0;6.09963;0;0;-1
0;352;8.26562;-25.5191;-26.589;8.72878;2785.8;5.24849;0;0;0.1;0.01;0;5.86177;0;0;-1
0;353;9.02111;-8.76641;-27.6947;10.2426;4501.11;6.15873;0;0;0.1;0.01;0;6.79848;0;0;-1
0;354;5.51403;9.93509;-25.5151;9.14542;3204.05;5.49901;0;0;0.1;0.01;0;4.58344;0;0;-1
0;355;9.43514;29.331;-27.6618;10.081;4291.4;6.06156;0;0;0.1;0.01;0;6.86197;0;0;-1
0;356;6.25223;44.0457;-25.2382;10.3766;4680.09;6.2393;0;0;0.1;0.01;0;7.20054;0;0;-1
0;357;6.86626;63.4114;-24.6227;10.1832;4423.25;6.12301;0;0;0.1;0.01;0;6.80576;0;0;-1
0;358;5.90009;78.2886;-28.0018;9.05381;3108.73;5.44392;0;0;0.1;0.01;0;5.55846;0;0;-1
0;359;8.24417;95.6191;-26.8441;10.0208;4214.98;6.02536;0;0;0.1;0.01;0;2.99656;0;0;-1
0;360;22.5762;-82.3645;-25.217;9.14669;3205.39;5.49977;0;0;0.1;0.01;0;4.65914;0;0;-1
0;361;23.7013;-65.8991;-25.4714;9.51617;3609.73;5.72193;0;0;0.1;0.01;0;5.43812;0;0;-1
0;362;23.2751;-47.29;-27.4353;10.114;4333.69;6.0814;0;0;0.1;0.01;0;6.25886;0;0;-1
0;363;22.7888;-31.7606;-26.0458;9.7203;3847.05;5.84468;0;0;0.1;0.01;0;6.89697;0;0;-1
0;364;22.1293;-16.0908;-25.5864;10.0142;4206.66;6.02139;0;0;0.1;0.01;0;6.73068;0;0;-1
0;365;22.3176;1.01516;-26.8044;9.03568;3090.09;5.43302;0;0;0.1;0.01;0;5.17144;0;0;-1
0;366;23.3882;18.1885;-28.0158;9.62583;3735.97;5.78787;0;0;0.1;0.01;0;6.25493;0;0;-1
0;367;23.2468;34.9346;-27.521;9.48752;3577.23;5.70471;0;0;0.1;0.01;0;7.41994;0;0;-1
0;368;20.5938;51.112;-24.5141;9.78732;3927.17;5.88497;0;0;0.1;0.01;0;6.26091;0;0;-1
0;369;20.2919;69.1509;-26.9556;9.41126;3491.66;5.65885;0;0;0.1;0.01;0;5.3627;0;0;-1
0;370;23.359;84.5743;-24.8063;9.48309;3572.22;5.70204;0;0;0.1;0.01;0;4.90061;0;0;-1
0;371;38.0646;-75.9958;-27.1034;9.08221;3138.07;5.461;0;0;0.1;0.01;0;3.94104;0;0;-1
0;372;35.2268;-56.9185;-27.0346;8.68961;2748.46;5.22494;0;0;0.1;0.01;0;5.60592;0;0;-1
0;373;37.532;-39.9446;-26.8274;9.92192;4091.44;5.96591;0;0;0.1;0.01;0;7.96687;0;0;-1
0;374;37.6901;-23.1677;-27.6895;9.98008;4163.81;6.00088;0;0;0.1;0.01;0;7.59063;0;0;-1
0;375;37.4569;-7.21123;-24.8374;9.68117;3800.77;5.82115;0;0;0.1;0.01;0;6.57102;0;0;-1
0;376;35.1306;8.91147;-26.7873;8.8148;2868.97;5.30021;0;0;0.1;0.01;0;5.30949;0;0;-1
0;377;37.2254;25.3896;-24.712;9.96675;4147.15;5.99286;0;0;0.1;0.01;0;6.88048;0;0;-1
0;378;37.0133;42.1382;-27.0982;9.84583;3998.03;5.92015;0;0;0.1;0.01;0;6.57823;0;0;-1
0;379;38.449;63.6752;-24.9;8.5;2572.44;5.11093;0;0;0.1;0.01;0;4.58477;1;0;-1
0;380;36.746;78.8075;-24.8815;8.5;2572.44;5.11093;0;0;0.1;0.01;0;4.35186;1;0;-1
0;381;50.4402;-66.651;-24.7878;10.2137;4463.11;6.14135;0;0;0.1;0.01;0;5.56945;0;0;-1
0;382;49.9667;-50.7707;-25.2924;10.1728;4409.71;6.11676;0;0;0.1;0.01;0;6.85169;0;0;-1
0;383;50.0694;-33.4154;-25.0325;8.55599;2623.61;5.14459;0;0;0.1;0.01;0;5.20317;0;0;-1
0;384;52.7125;-15.5631;-26.8588;9.21838;3281.35;5.54288;0;0;0.1;0.01;0;6.26028;0;0;-1
0;385;51.8204;1.73337;-28.3357;10.0155;4208.3;6.02217;0;0;0.1;0.01;0;7.1694;0;0;-1
0;386;50.107;17.7997;-28.5186;9.04577;3100.45;5.43909;0;0;0.1;0.01;0;6.16658;0;0;-1
0;387;50.308;34.8911;-25.0709;9.38364;3461.01;5.64225;0;0;0.1;0.01;0;5.5769;0;0;-1
0;388;52.9794;54.7725;-24.6941;8.65695;2717.59;5.2053;0;0;0.1;0.01;0;4.39725;0;0;-1
0;389;52.2005;72.6242;-26.9388;9.78828;3928.33;5.88555;0;0;0.1;0.01;0;4.37893;0;0;-1
0;390;66.3583;-59.2054;-27.6308;8.99162;3045.11;5.40653;0;0;0.1;0.01;0;4.13286;0;0;-1
0;391;66.6354;-42.223;-25.0375;8.84857;2902.07;5.32052;0;0;0.1;0.01;0;5.48443;0;0;-1
0;392;67.4827;-23.2424;-24.8745;10.3678;4668.19;6.23401;0;0;0.1;0.01;0;6.53839;0;0;-1
0;393;65.5575;-5.6016;-26.9253;8.9529;3005.94;5.38325;0;0;0.1;0.01;0;6.84144;0;0;-1
0;394;66.5827;9.45442;-25.0942;9.2484;3313.51;5.56093;0;0;0.1;0.01;0;5.82234;0;0;-1
0;395;64.8721;25.4067;-25.6034;9.8348;3984.6;5.91352;0;0;0.1;0.01;0;4.80931;0;0;-1
0;396;66.3801;46.5037;-25.9008;10.0347;4232.55;6.03372;0;0;0.1;0.01;0;5.81733;0;0;-1
0;397;65.0715;62.2784;-27.5166;10.0508;4252.95;6.0434;0;0;0.1;0.01;0;4.96911;0;0;-1
0;398;79.4168;-51.2634;-25.82;10.1042;4321.1;6.07551;0;0;0.1;0.01;0;2.17861;0;0;-1
0;399;81.8821;-34.2049;-24.8269;10.2512;4512.45;6.1639;0;0;0.1;0.01;0;3.41375;0;0;-1
0;400;80.7487;-16.8112;-25.3467;8.88357;2936.64;5.34156;0;0;0.1;0.01;0;4.47038;0;0;-1
0;401;79.7972;-0.231171;-26.2417;9.30496;3374.68;5.59494;0;0;0.1;0.01;0;4.87349;0;0;-1
0;402;83.2154;17.7957;-25.2698;9.79833;3940.44;5.89159;0;0;0.1;0.01;0;4.1466;0;0;-1
0;403;79.0959;33.7641;-27.9917;8.5;2572.44;5.11093;0;0;0.1;0.01;0;3.36655;1;0;-1
0;404;79.371;54.6252;-26.544;10.3516;4646.34;6.22427;0;0;0.1;0.01;0;2.70714;0;0;-1
0;405;-98.4438;0.961001;-11.8092;10.2755;4544.62;6.17851;0;0;0.1;0.01;0;3.70479;0;0;-1
0;406;-84.281;-42.0887;-11.252;9.08598;3141.98;5.46327;0;0;0.1;0.01;0;3.46874;0;0;-1
0;407;-84.3747;-23.54;-10.3063;10.4098;4725.15;6.25926;0;0;0.1;0.01;0;5.70341;0;0;-1
0;408;-85.2199;-7.13441;-12.4876;8.91246;2965.39;5.35893;0;0;0.1;0.01;0;5.2689;0;0;-1
0;409;-83.3471;11.6481;-11.9314;10.149;4378.83;6.10245;0;0;0.1;0.01;0;5.92278;0;0;-1
0;410;-84.8126;29.1423;-12.433;8.5;2572.44;5.11093;0;0;0.1;0.01;0;4.12926;1;0;-1
0;411;-84.0319;42.4953;-11.312;9.39125;3469.44;5.64682;0;0;0.1;0.01;0;4.12633;0;0;-1
0;412;-70.8127;-68.4371;-10.0688;8.78734;2842.24;5.2837;0;0;0.1;0.01;0;2.13529;0;0;-1
0;413;-69.2269;-49.2632;-11.9948;9.51949;3613.51;5.72393;0;0;0.1;0.01;0;4.76913;0;0;-1
0;414;-69.89;-32.5567;-10.1377;9.37135;3447.43;5.63486;0;0;0.1;0.01;0;6.79644;0;0;-1
0;415;-72.163;-15.737;-11.6935;9.40543;3485.17;5.65535;0;0;0.1;0.01;0;6.58622;0;0;-1
0;416;-70.7976;3.17328;-10.3131;8.76929;2824.76;5.27285;0;0;0.1;0.01;0;6.07237;0;0;-1
0;417;-68.3516;17.3759;-12.9492;8.58719;2652.42;5.16335;0;0;0.1;0.01;0;4.93231;0;0;-1
0;418;-69.493;36.4678;-11.9861;9.59908;3704.91;5.77179;0;0;0.1;0.01;0;6.33884;0;0;-1
0;419;-71.9174;53.7835;-13.0258;8.9755;3028.76;5.39684;0;0;0.1;0.01;0;4.41585;0;0;-1
0;420;-54.2877;-75.1306;-9.72045;8.85847;2911.82;5.32647;0;0;0.1;0.01;0;3.81364;0;0;-1
0;421;-56.6183;-58.2365;-12.348;9.39962;3478.72;5.65186;0;0;0.1;0.01;0;5.3848;0;0;-1
0;422;-57.3261;-39.2034;-10.3196;8.57706;2643.04;5.15726;0;0;0.1;0.01;0;5.56434;0;0;-1
0;423;-57.3122;-23.9532;-11.8639;8.5;2572.44;5.11093;0;0;0.1;0.01;0;5.49249;1;0;-1
0;424;-55.2377;-7.22021;-11.8063;9.00601;3059.75;5.41518;0;0;0.1;0.01;0;5.50095;0;0;-1
0;425;-54.3077;8.60287;-12.5451;10.0595;4264.01;6.04863;0;0;0.1;0.01;0;5.98788;0;0;-1
0;426;-57.3421;29.7686;-12.8206;8.5;2572.44;5.11093;0;0;0.1;0.01;0;5.63911;1;0;-1
0;427;-55.1138;44.7226;-11.8286;9.28257;3350.37;5.58147;0;0;0.1;0.01;0;6.85658;0;0;-1
0;428;-57.9517;60.0314;-10.6861;9.74725;3879.14;5.86088;0;0;0.1;0.01;0;5.44968;0;0;-1
0;429;-42.7874;-83.6444;-13.2547;10.0889;4301.5;6.06631;0;0;0.1;0.01;0;4.25729;0;0;-1
0;430;-39.3568;-64.6253;-11.5703;9.79525;3936.73;5.88974;0;0;0.1;0.01;0;5.61024;0;0;-1
0;431;-41.0513;-49.3551;-10.698;8.52157;2592.07;5.1239;0;0;0.1;0.01;0;5.078;0;0;-1
0;432;-41.2212;-32.6029;-12.3626;9.80366;3946.87;5.8948;0;0;0.1;0.01;0;6.13851;0;0;-1
0;433;-42.0834;-14.3473;-13.523;10.014;4206.41;6.02127;0;0;0.1;0.01;0;6.08456;0;0;-1
0;434;-40.9236;3.07025;-10.7833;9.48602;3575.53;5.70381;0;0;0.1;0.01;0;5.76887;0;0;-1
0;435;-39.4041;20.0884;-11.2072;10.0097;4200.99;6.01869;0;0;0.1;0.01;0;6.27706;0;0;-1
0;436;-42.1295;36.9079;-13.1686;9.33057;3402.62;5.61034;0;0;0.1;0.01;0;7.19939;0;0;-1
0;437;-42.6523;52.2165;-12.6244;8.5;2572.44;5.11093;0;0;0.1;0.01;0;5.05118;1;0;-1
0;438;-43.0055;70.6874;-12.5576;8.74544;2801.78;5.25851;0;0;0.1;0.01;0;4.72197;0;0;-1
0;439;-43.2526;85.1311;-13.3363;8.5;2572.44;5.11093;0;0;0.1;0.01;0;3.42463;1;0;-1
0;440;-27.9015;-93.1812;-13.0885;9.62079;3730.1;5.78484;0;0;0.1;0.01;0;4.31791;0;0;-1
0;441;-28.145;-76.8716;-13.006;10.1441;4372.49;6.0995;0;0;0.1;0.01;0;7.05541;0;0;-1
0;442;-24.6961;-56.5733;-12.288;10.3899;4698.1;6.2473;0;0;0.1;0.01;0;7.30816;0;0;-1
0;443;-27.3666;-41.7534;-10.1907;10.4383;4764.07;6.2764;0;0;0.1;0.01;0;7.63308;0;0;-1
0;444;-26.6274;-22.285;-11.8615;10.2193;4470.46;6.14472;0;0;0.1;0.01;0;6.64971;0;0;-1
0;445;-24.9551;-7.30588;-10.3247;8.54228;2611.02;5.13635;0;0;0.1;0.01;0;4.69857;0;0;-1
0;446;-25.1379;9.14749;-10.2564;9.43114;3513.83;5.67081;0;0;0.1;0.01;0;5.17415;0;0;-1
0;447;-27.4314;28.4656;-10.5826;10.2555;4518.13;6.16648;0;0;0.1;0.01;0;6.15073;0;0;-1
0;448;-28.305;42.9602;-10.7723;9.06343;3118.65;5.44971;0;0;0.1;0.01;0;5.62673;0;0;-1
0;449;-24.4456;59.0713;-12.8478;8.80537;2859.77;5.29454;0;0;0.1;0.01;0;4.53484;0;0;-1
0;450;-24.7761;77.7011;-12.2474;9.85517;4009.41;5.92577;0;0;0.1;0.01;0;6.45068;0;0;-1
0;451;-24.8594;94.6748;-14.0158;10.1999;4445.05;6.13305;0;0;0.1;0.01;0;3.54267;0;0;-1
0;452;-13.5499;-83.3068;-11.0864;8.5;2572.44;5.11093;0;0;0.1;0.01;0;4.45326;1;0;-1
0;453;-12.7711;-65.4511;-13.2597;8.5;2572.44;5.11093;0;0;0.1;0.01;0;5.52697;1;0;-1
0;454;-12.6951;-48.439;-9.70926;9.49539;3586.14;5.70944;0;0;0.1;0.01;0;6.60768;0;0;-1
0;455;-11.4474;-32.368;-11.7609;10.4018;4714.27;6.25445;0;0;0.1;0.01;0;7.25746;0;0;-1
0;456;-10.3994;-14.2732;-10.7216;8.5;2572.44;5.11093;0;0;0.1;0.01;0;6.06055;1;0;-1
0;457;-10.7181;0.962085;-11.6019;10.2021;4447.92;6.13437;0;0;0.1;0.01;0;7.15898;0;0;-1
0;458;-10.7321;16.9719;-11.6248;9.08701;3143.05;5.46389;0;0;0.1;0.01;0;5.76878;0;0;-1
0;459;-11.5904;34.2428;-12.5408;8.56015;2627.44;5.14709;0;0;0.1;0.01;0;4.61934;0;0;-1
0;460;-10.3558;50.9685;-10.6094;8.54843;2616.66;5.14005;0;0;0.1;0.01;0;5.22167;0;0;-1
0;461;-10.5248;67.4182;-11.629;9.0735;3129.05;5.45576;0;0;0.1;0.01;0;5.90961;0;0;-1
0;462;-11.6987;87.2572;-12.4358;8.5;2572.44;5.11093;0;0;0.1;0.01;0;4.79258;1;0;-1
0;463;4.39403;-91.5482;-10.5887;8.69412;2752.74;5.22765;0;0;0.1;0.01;0;3.76534;0;0;-1
0;464;1.54312;-75.9922;-12.1251;8.5;2572.44;5.11093;0;0;0.1;0.01;0;5.4893;1;0;-1
0;465;1.34539;-59.4757;-12.8517;8.86284;2916.13;5.3291;0;0;0.1;0.01;0;6.06363;0;0;-1
0;466;1.67978;-41.2627;-12.6251;9.63019;3741.05;5.79049;0;0;0.1;0.01;0;6.53518;0;0;-1
0;467;1.26459;-21.5695;-10.4701;9.21799;3280.93;5.54264;0;0;0.1;0.01;0;6.60827;0;0;-1
0;468;1.59536;-7.45075;-12.1274;8.63646;2698.34;5.19298;0;0;0.1;0.01;0;6.12547;0;0;-1
0;469;3.28206;8.17143;-12.2806;10.1133;4332.79;6.08098;0;0;0.1;0.01;0;6.21058;0;0;-1
0;470;3.19068;25.1305;-13.5543;9.05314;3108.04;5.44352;0;0;0.1;0.01;0;4.7236;0;0;-1
0;471;1.98641;43.7657;-10.4979;9.3009;3370.26;5.5925;0;0;0.1;0.01;0;5.57819;0;0;-1
0;472;2.33304;59.52;-10.7482;9.45512;3540.71;5.68523;0;0;0.1;0.01;0;6.58783;0;0;-1
0;473;2.70709;76.7502;-10.3996;8.91847;2971.39;5.36255;0;0;0.1;0.01;0;6.03233;0;0;-1
0;474;3.09641;94.0431;-11.462;10.2647;4530.3;6.17202;0;0;0.1;0.01;0;4.45808;0;0;-1
0;475;18.8217;-85.1786;-10.5386;9.35595;3430.46;5.6256;0;0;0.1;0.01;0;5.79913;0;0;-1
0;476;16.0691;-68.1902;-10.5149;9.47166;3559.32;5.69517;0;0;0.1;0.01;0;6.35355;0;0;-1
0;477;15.9629;-51.4686;-9.87365;9.86583;4022.44;5.93218;0;0;0.1;0.01;0;5.77799;0;0;-1
0;478;15.522;-33.3903;-10.52;9.65096;3765.3;5.80298;0;0;0.1;0.01;0;5.74325;0;0;-1
0;479;16.0353;-16.2964;-11.4652;8.57311;2639.39;5.15489;0;0;0.1;0.01;0;5.90952;0;0;-1
0;480;16.4189;1.11775;-11.4627;9.38448;3461.94;5.64275;0;0;0.1;0.01;0;5.57961;0;0;-1
0;481;19.4891;20.9014;-10.8803;9.88972;4051.73;5.94655;0;0;0.1;0.01;0;6.04981;0;0;-1
0;482;19.6278;38.19;-13.1719;8.5;2572.44;5.11093;0;0;0.1;0.01;0;5.08549;1;0;-1
0;483;18.1874;54.5327;-11.4768;8.5;2572.44;5.11093;0;0;0.1;0.01;0;4.93121;1;0;-1
0;484;17.3062;71.4372;-10.3216;10.3965;4707.06;6.25126;0;0;0.1;0.01;0;7.11046;0;0;-1
0;485;15.6956;84.9718;-12.573;8.5;2572.44;5.11093;0;0;0.1;0.01;0;5.4512;1;0;-1
0;486;31.9483;-93.7244;-12.044;8.83098;2884.8;5.30994;0;0;0.1;0.01;0;1.8574;0;0;-1
0;487;33.3608;-76.6516;-12.3252;9.41174;3492.19;5.65914;0;0;0.1;0.01;0;5.6529;0;0;-1
0;488;32.8893;-55.3924;-10.3548;9.45135;3536.47;5.68296;0;0;0.1;0.01;0;4.99087;0;0;-1
0;489;34.1672;-38.89;-10.123;9.62386;3733.67;5.78669;0;0;0.1;0.01;0;6.14331;0;0;-1
0;490;31.2314;-21.3577;-12.277;9.89423;4057.28;5.94926;0;0;0.1;0.01;0;7.10827;0;0;-1
0;491;33.1369;-6.33823;-10.7785;8.88235;2935.43;5.34083;0;0;0.1;0.01;0;5.56266;0;0;-1
0;492;33.4998;11.7959;-12.9126;10.3784;4682.52;6.24038;0;0;0.1;0.01;0;7.01897;0;0;-1
0;493;31.4725;29.0495;-10.8356;9.24443;3309.25;5.55854;0;0;0.1;0.01;0;6.82187;0;0;-1
0;494;33.5324;46.2642;-13.2473;9.56238;3662.58;5.74972;0;0;0.1;0.01;0;5.98965;0;0;-1
0;495;32.7915;63.4868;-10.3655;8.6173;2680.42;5.18146;0;0;0.1;0.01;0;5.98554;0;0;-1
0;496;32.2637;79.3811;-10.1274;10.0567;4260.45;6.04695;0;0;0.1;0.01;0;6.38564;0;0;-1
0;497;45.9675;-82.9374;-10.7953;8.5;2572.44;5.11093;0;0;0.1;0.01;0;4.15588;1;0;-1
0;498;48.1318;-67.8897;-11.4515;9.53328;3629.24;5.73222;0;0;0.1;0.01;0;6.01159;0;0;-1
0;499;47.7026;-47.7284;-11.9655;9.34097;3414.01;5.61659;0;0;0.1;0.01;0;6.11405;0;0;-1
0;500;48.6146;-31.7074;-12.5229;9.05733;3112.36;5.44604;0;0;0.1;0.01;0;5.54063;0;0;-1
0;501;45.5555;-14.7392;-10.9487;9.15165;3210.6;5.50275;0;0;0.1;0.01;0;6.26742;0;0;-1
0;502;46.5938;0.437845;-11.0285;10.1585;4391.14;6.10816;0;0;0.1;0.01;0;7.44631;0;0;-1
0;503;47.7359;18.1145;-13.4344;10.1742;4411.53;6.1176;0;0;0.1;0.01;0;7.74587;0;0;-1
0;504;47.8976;34.6491;-10.5451;9.51622;3609.79;5.72196;0;0;0.1;0.01;0;6.42795;0;0;-1
0;505;45.945;55.1909;-12.4975;8.5;2572.44;5.11093;0;0;0.1;0.01;0;5.01849;1;0;-1
0;506;46.2871;68.4983;-10.0112;9.24156;3306.16;5.55682;0;0;0.1;0.01;0;6.16936;0;0;-1
0;507;47.6969;85.6418;-13.0939;8.6403;2701.94;5.19529;0;0;0.1;0.01;0;2.33726;0;0;-1
0;508;61.0947;-74.2494;-11.2935;10.3036;4582.01;6.19541;0;0;0.1;0.01;0;3.1983;0;0;-1
0;509;60.3114;-56.0667;-13.2983;9.61516;3723.56;5.78146;0;0;0.1;0.01;0;6.39366;0;0;-1
0;510;61.4417;-42.1453;-11.619;9.39919;3478.24;5.6516;0;0;0.1;0.01;0;6.41261;0;0;-1
0;511;62.5777;-25.7814;-11.8644;9.28468;3352.66;5.58274;0;0;0.1;0.01;0;5.84192;0;0;-1
0;512;62.7401;-7.65273;-11.5047;9.83406;3983.7;5.91308;0;0;0.1;0.01;0;6.46867;0;0;-1
0;513;60.7355;9.3732;-12.8122;10.2245;4477.29;6.14784;0;0;0.1;0.01;0;6.65759;0;0;-1
0;514;61.9705;28.7549;-10.2195;9.92591;4096.37;5.96831;0;0;0.1;0.01;0;6.30844;0;0;-1
0;515;62.674;45.9896;-11.1316;9.50542;3597.51;5.71547;0;0;0.1;0.01;0;5.7035;0;0;-1
0;516;63.2332;63.5907;-10.8022;10.0981;4313.28;6.07184;0;0;0.1;0.01;0;5.33413;0;0;-1
0;517;61.0483;77.9262;-13.7916;8.90529;2958.24;5.35462;0;0;0.1;0.01;0;2.7727;0;0;-1
0;518;77.601;-47.5321;-10.8079;8.5;2572.44;5.11093;0;0;0.1;0.01;0;3.8919;1;0;-1
0;519;77.3334;-30.0309;-11.2433;8.60685;2670.68;5.17517;0;0;0.1;0.01;0;5.62894;0;0;-1
0;520;75.2995;-14.4383;-10.8532;10.4528;4783.95;6.28512;0;0;0.1;0.01;0;7.80223;0;0;-1
0;521;74.9438;1.11998;-10.996;8.5;2572.44;5.11093;0;0;0.1;0.01;0;6.16626;1;0;-1
0;522;76.6099;18.0115;-13.3403;8.69993;2758.26;5.23114;0;0;0.1;0.01;0;5.7493;0;0;-1
0;523;75.0665;34.8504;-12.7125;8.5;2572.44;5.11093;0;0;0.1;0.01;0;5.25376;1;0;-1
0;524;75.3416;51.4796;-10.2265;9.24246;3307.13;5.55736;0;0;0.1;0.01;0;5.7203;0;0;-1
0;525;89.5865;-22.1742;-11.9575;8.5;2572.44;5.11093;0;0;0.1;0.01;0;3.79059;1;0;-1
0;526;90.0694;-4.24878;-10.1468;9.67018;3787.85;5.81454;0;0;0.1;0.01;0;4.1214;0;0;-1
0;527;89.5592;12.0104;-11.0227;8.94815;3001.15;5.38039;0;0;0.1;0.01;0;4.8026;0;0;-1
0;528;89.4279;27.0283;-11.2037;8.57982;2645.59;5.15892;0;0;0.1;0.01;0;4.5135;0;0;-1
0;529;89.2398;43.5641;-9.84454;10.0381;4236.85;6.03576;0;0;0.1;0.01;0;3.29353;0;0;-1
0;530;-93.9394;-16.5784;2.39794;9.45997;3546.16;5.68814;0;0;0.1;0.01;0;3.16897;0;0;-1
0;531;-95.6866;2.72852;3.43058;9.65336;3768.11;5.80443;0;0;0.1;0.01;0;3.78312;0;0;-1
0;532;-95.9071;18.687;2.15906;10.2032;4449.36;6.13504;0;0;0.1;0.01;0;3.23887;0;0;-1
0;533;-79.6757;-55.9232;3.03537;8.5;2572.44;5.11093;0;0;0.1;0.01;0;2.63944;1;0;-1
0;534;-82.6249;-41.5227;4.68389;9.80047;3943.02;5.89288;0;0;0.1;0.01;0;4.1756;0;0;-1
0;535;-80.5967;-23.2236;2.97359;9.80139;3944.13;5.89343;0;0;0.1;0.01;0;6.45411;0;0;-1
0;536;-79.8653;-6.13529;3.71869;9.46528;3552.13;5.69134;0;0;0.1;0.01;0;5.9244;0;0;-1
0;537;-81.7927;10.354;2.7149;8.90491;2957.86;5.35439;0;0;0.1;0.01;0;4.70798;0;0;-1
0;538;-80.5997;25.4898;1.20778;8.5;2572.44;5.11093;0;0;0.1;0.01;0;3.69527;1;0;-1
0;539;-82.6816;44.0734;2.76701;10.2457;4505.19;6.16059;0;0;0.1;0.01;0;4.42209;0;0;-1
0;540;-78.9064;61.128;3.3795;9.4202;3501.62;5.66423;0;0;0.1;0.01;0;2.55817;0;0;-1
0;541;-63.8892;-65.5062;1.6799;8.86781;2921.04;5.33209;0;0;0.1;0.01;0;4.00741;0;0;-1
0;542;-64.2772;-47.2859;4.39971;10.2617;4526.33;6.17021;0;0;0.1;0.01;0;6.23413;0;0;-1
0;543;-68.392;-33.0491;3.55457;8.92266;2975.58;5.36507;0;0;0.1;0.01;0;5.75856;0;0;-1
0;544;-67.7948;-14.8226;1.72673;10.4365;4761.6;6.27532;0;0;0.1;0.01;0;6.92641;0;0;-1
0;545;-67.1928;0.398981;3.73616;10.3306;4618.12;6.21164;0;0;0.1;0.01;0;6.93379;0;0;-1
0;546;-64.7315;17.1299;3.36616;10.4477;4776.95;6.28205;0;0;0.1;0.01;0;6.01935;0;0;-1
0;547;-65.1786;36.5241;3.09478;10.4249;4745.74;6.26834;0;0;0.1;0.01;0;6.60371;0;0;-1
0;548;-65.5675;52.0301;3.22876;9.47993;3568.65;5.70014;0;0;0.1;0.01;0;5.47931;0;0;-1
0;549;-64.942;70.4106;3.16097;8.5;2572.44;5.11093;0;0;0.1;0.01;0;2.34882;1;0;-1
0;550;-49.9081;-75.333;3.24402;8.5823;2647.89;5.16041;0;0;0.1;0.01;0;5.00599;0;0;-1
0;551;-50.3422;-59.388;4.21168;8.71413;2771.79;5.23968;0;0;0.1;0.01;0;5.50653;0;0;-1
0;552;-50.954;-42.3299;3.34292;8.72965;2786.63;5.24901;0;0;0.1;0.01;0;5.46215;0;0;-1
0;553;-52.1127;-24.4748;3.65721;8.58632;2651.61;5.16283;0;0;0.1;0.01;0;4.18436;0;0;-1
0;554;-49.6377;-5.37851;2.15232;8.5;2572.44;5.11093;0;0;0.1;0.01;0;4.35443;1;0;-1
0;555;-52.3007;10.057;3.75065;8.5;2572.44;5.11093;0;0;0.1;0.01;0;4.98676;1;0;-1
0;556;-52.7581;25.837;2.70008;8.5;2572.44;5.11093;0;0;0.1;0.01;0;5.48489;1;0;-1
0;557;-50.2702;42.9849;5.1136;9.8444;3996.28;5.91929;0;0;0.1;0.01;0;5.97348;0;0;-1
0;558;-50.7521;63.4597;1.83408;9.04923;3104.01;5.44117;0;0;0.1;0.01;0;5.21372;0;0;-1
0;559;-51.4541;78.1193;1.28946;9.76208;3896.87;5.8698;0;0;0.1;0.01;0;4.43686;0;0;-1
0;560;-34.9771;-84.0152;3.44358;9.36644;3442.01;5.6319;0;0;0.1;0.01;0;5.15426;0;0;-1
0;561;-38.5013;-67.3841;3.24541;9.15764;3216.91;5.50636;0;0;0.1;0.01;0;5.35397;0;0;-1
0;562;-36.7031;-50.3937;4.11808;8.5;2572.44;5.11093;0;0;0.1;0.01;0;5.1733;1;0;-1
0;563;-35.8326;-32.6232;2.67884;9.95707;4135.07;5.98704;0;0;0.1;0.01;0;6.05382;0;0;-1
0;564;-38.0795;-14.0872;3.15236;8.97516;3028.41;5.39663;0;0;0.1;0.01;0;4.9826;0;0;-1
0;565;-36.6339;3.17902;4.0337;8.90095;2953.91;5.35201;0;0;0.1;0.01;0;5.85587;0;0;-1
0;566;-38.1377;19.9764;2.91744;10.1518;4382.46;6.10413;0;0;0.1;0.01;0;6.86634;0;0;-1
0;567;-38.1974;36.3052;1.02517;8.89588;2948.87;5.34896;0;0;0.1;0.01;0;5.93307;0;0;-1
0;568;-35.4156;50.8431;2.86586;9.82839;3976.82;5.90967;0;0;0.1;0.01;0;5.01412;0;0;-1
0;569;-35.7468;71.7408;1.33987;10.4423;4769.55;6.2788;0;0;0.1;0.01;0;6.28673;0;0;-1
0;570;-35.3291;87.8902;3.2918;9.58234;3685.56;5.76172;0;0;0.1;0.01;0;5.14484;0;0;-1
0;571;-20.78;-93.6552;1.60205;9.51832;3612.18;5.72323;0;0;0.1;0.01;0;4.31254;0;0;-1
0;572;-20.5608;-76.6079;4.5969;8.53528;2604.61;5.13214;0;0;0.1;0.01;0;5.26405;0;0;-1
0;573;-23.6187;-57.6396;1.53807;9.2155;3278.27;5.54115;0;0;0.1;0.01;0;6.00504;0;0;-1
0;574;-23.2199;-40.3597;2.14163;9.25268;3318.11;5.5635;0;0;0.1;0.01;0;6.41905;0;0;-1
0;575;-21.1658;-23.0808;3.57084;8.5;2572.44;5.11093;0;0;0.1;0.01;0;5.39947;1;0;-1
0;576;-20.5795;-5.19146;3.34076;8.55675;2624.31;5.14505;0;0;0.1;0.01;0;6.16114;0;0;-1
0;577;-20.1924;9.99048;4.06983;10.1133;4332.79;6.08098;0;0;0.1;0.01;0;6.90028;0;0;-1
0;578;-23.9419;27.5241;1.88769;8.5874;2652.61;5.16348;0;0;0.1;0.01;0;3.99328;0;0;-1
0;579;-19.9316;46.9961;1.8279;9.19996;3261.72;5.5318;0;0;0.1;0.01;0;4.54618;0;0;-1
0;580;-22.0299;63.3266;2.16575;9.89483;4058.01;5.94962;0;0;0.1;0.01;0;6.65878;0;0;-1
0;581;-22.1851;77.5552;1.90898;9.60554;3712.39;5.77567;0;0;0.1;0.01;0;6.19864;0;0;-1
0;582;-23.3688;96.237;1.35542;9.90756;4073.7;5.95727;0;0;0.1;0.01;0;3.41958;0;0;-1
0;583;-7.07301;-98.9523;0.93066;10.0776;4287.06;6.05951;0;0;0.1;0.01;0;2.97461;0;0;-1
0;584;-5.64302;-81.0578;3.71701;8.73414;2790.93;5.25171;0;0;0.1;0.01;0;5.62721;0;0;-1
0;585;-9.08125;-66.648;2.76781;10.3839;4689.97;6.24369;0;0;0.1;0.01;0;5.75228;0;0;-1
0;586;-7.63414;-49.2552;2.31172;8.64791;2709.08;5.19986;0;0;0.1;0.01;0;5.09598;0;0;-1
0;587;-7.46555;-29.9738;2.5198;9.4445;3528.79;5.67884;0;0;0.1;0.01;0;6.35229;0;0;-1
0;588;-8.78152;-14.1914;3.11793;9.71029;3835.18;5.83866;0;0;0.1;0.01;0;6.88026;0;0;-1
0;589;-7.88595;1.80765;3.77655;8.5;2572.44;5.11093;0;0;0.1;0.01;0;5.90069;1;0;-1
0;590;-6.30238;17.3612;1.34125;8.51996;2590.61;5.12293;0;0;0.1;0.01;0;5.93007;0;0;-1
0;591;-6.16525;34.6558;3.70087;9.22465;3288.05;5.54665;0;0;0.1;0.01;0;5.5083;0;0;-1
0;592;-5.76345;51.8;3.53944;8.5;2572.44;5.11093;0;0;0.1;0.01;0;5.86945;1;0;-1
0;593;-7.56598;71.7846;2.33027;10.3283;4615.04;6.21026;0;0;0.1;0.01;0;6.85537;0;0;-1
0;594;-9.20799;88.3797;3.67905;9.77079;3907.31;5.87503;0;0;0.1;0.01;0;4.97456;0;0;-1
0;595;8.04015;-92.1745;3.10031;8.71605;2773.63;5.24083;0;0;0.1;0.01;0;4.70658;0;0;-1
0;596;8.63521;-76.0904;1.8298;9.61678;3725.44;5.78243;0;0;0.1;0.01;0;7.04005;0;0;-1
0;597;5.95344;-58.9234;1.68799;10.096;4310.59;6.07058;0;0;0.1;0.01;0;6.91994;0;0;-1
0;598;7.03517;-42.7388;3.58926;9.83689;3987.15;5.91478;0;0;0.1;0.01;0;6.72635;0;0;-1
0;599;7.54692;-24.9334;1.84709;9.5353;3631.55;5.73344;0;0;0.1;0.01;0;6.50589;0;0;-1
0;600;9.35789;-8.46041;4.44488;10.1237;4346.17;6.08723;0;0;0.1;0.01;0;5.93075;0;0;-1
0;601;5.73581;10.4495;2.77446;8.89902;2951.99;5.35085;0;0;0.1;0.01;0;4.9586;0;0;-1
0;602;7.62893;25.4197;2.11948;9.91149;4078.55;5.95964;0;0;0.1;0.01;0;6.08681;0;0;-1
0;603;8.3854;44.0643;2.34492;8.5;2572.44;5.11093;0;0;0.1;0.01;0;5.04381;1;0;-1
0;604;6.91155;60.3917;1.62395;8.5;2572.44;5.11093;0;0;0.1;0.01;0;5.65646;1;0;-1
0;605;8.80111;76.5032;2.6809;8.62821;2690.61;5.18802;0;0;0.1;0.01;0;5.79921;0;0;-1
0;606;5.61234;97.9054;1.52736;9.70502;3828.93;5.83549;0;0;0.1;0.01;0;2.82641;0;0;-1
0;607;20.4518;-85.2884;2.17495;8.5;2572.44;5.11093;0;0;0.1;0.01;0;4.15288;1;0;-1
0;608;23.7068;-66.3248;2.73878;10.1485;4378.19;6.10215;0;0;0.1;0.01;0;5.92264;0;0;-1
0;609;22.3811;-47.3576;4.38273;8.61569;2678.91;5.18049;0;0;0.1;0.01;0;4.58363;0;0;-1
0;610;21.7413;-31.0879;1.47551;8.5;2572.44;5.11093;0;0;0.1;0.01;0;5.78946;1;0;-1
0;611;21.4309;-14.7079;1.49658;8.5;2572.44;5.11093;0;0;0.1;0.01;0;5.46855;1;0;-1
0;612;23.2036;4.33888;1.19763;9.49255;3582.92;5.70773;0;0;0.1;0.01;0;5.44791;0;0;-1
0;613;23.389;20.8323;4.67596;9.56391;3664.33;5.75064;0;0;0.1;0.01;0;6.8382;0;0;-1
0;614;21.9843;37.295;4.96223;8.5;2572.44;5.11093;0;0;0.1;0.01;0;5.65992;1;0;-1
0;615;22.7756;51.422;3.72448;9.88732;4048.78;5.9451;0;0;0.1;0.01;0;6.64425;0;0;-1
0;616;21.134;67.755;1.6574;9.16445;3224.09;5.51045;0;0;0.1;0.01;0;5.95808;0;0;-1
0;617;21.4075;89.4945;1.14077;10.1186;4339.6;6.08417;0;0;0.1;0.01;0;4.04374;0;0;-1
0;618;38.0402;-75.9263;1.65942;9.44408;3528.32;5.67859;0;0;0.1;0.01;0;6.03184;0;0;-1
0;619;38.5536;-59.6013;4.02947;8.64248;2703.98;5.1966;0;0;0.1;0.01;0;5.2259;0;0;-1
0;620;34.9003;-40.1467;3.41628;8.9796;3032.91;5.3993;0;0;0.1;0.01;0;5.4498;0;0;-1
0;621;35.0437;-25.7242;1.20119;9.54414;3641.66;5.73875;0;0;0.1;0.01;0;6.10708;0;0;-1
0;622;38.0208;-8.85234;4.48196;9.35846;3433.22;5.62711;0;0;0.1;0.01;0;6.01291;0;0;-1
0;623;37.2351;9.08803;1.45699;9.51894;3612.89;5.7236;0;0;0.1;0.01;0;5.74711;0;0;-1
0;624;36.6634;27.2501;2.87154;9.98295;4167.4;6.0026;0;0;0.1;0.01;0;6.51374;0;0;-1
0;625;35.9277;44.5352;1.21405;10.3932;4702.58;6.24928;0;0;0.1;0.01;0;6.87954;0;0;-1
0;626;36.0985;62.7044;3.83361;10.293;4567.88;6.18903;0;0;0.1;0.01;0;7.82467;0;0;-1
0;627;37.6645;80.0022;2.52971;10.395;4705.03;6.25036;0;0;0.1;0.01;0;5.13939;0;0;-1
0;628;50.8392;-83.5315;2.89749;8.5;2572.44;5.11093;0;0;0.1;0.01;0;2.98822;1;0;-1
0;629;52.1846;-64.6106;4.04891;9.83279;3982.16;5.91231;0;0;0.1;0.01;0;5.58536;0;0;-1
0;630;50.3201;-48.469;3.26318;10.1367;4362.93;6.09505;0;0;0.1;0.01;0;6.36251;0;0;-1
0;631;53.3982;-33.6528;4.79517;8.5;2572.44;5.11093;0;0;0.1;0.01;0;5.81084;1;0;-1
0;632;51.3822;-15.8255;2.99335;8.60239;2666.53;5.17249;0;0;0.1;0.01;0;5.11837;0;0;-1
0;633;52.1597;1.13455;2.46627;8.51441;2585.55;5.11959;0;0;0.1;0.01;0;5.43398;0;0;-1
0;634;52.3773;17.0452;1.66421;9.47502;3563.11;5.69719;0;0;0.1;0.01;0;7.311;0;0;-1
0;635;50.1838;34.3872;2.73727;9.80689;3950.78;5.89674;0;0;0.1;0.01;0;6.2319;0;0;-1
0;636;51.3767;54.6313;4.70779;8.5;2572.44;5.11093;0;0;0.1;0.01;0;5.01612;1;0;-1
0;637;50.005;67.7111;3.2578;9.09874;3155.24;5.47094;0;0;0.1;0.01;0;4.69985;0;0;-1
0;638;68.0553;-56.0604;4.6838;9.91865;4087.39;5.96394;0;0;0.1;0.01;0;4.38836;0;0;-1
0;639;67.5923;-39.0449;2.40117;9.67029;3787.97;5.81461;0;0;0.1;0.01;0;7.08847;0;0;-1
0;640;64.7294;-24.1611;3.89613;8.59961;2663.94;5.17082;0;0;0.1;0.01;0;5.67583;0;0;-1
0;641;67.828;-6.65668;4.41946;8.5;2572.44;5.11093;0;0;0.1;0.01;0;4.86851;1;0;-1
0;642;65.6291;12.2014;3.83553;10.2544;4516.68;6.16582;0;0;0.1;0.01;0;6.71939;0;0;-1
0;643;65.4869;25.9353;3.94268;8.5;2572.44;5.11093;0;0;0.1;0.01;0;6.09859;1;0;-1
0;644;66.9186;44.3082;4.36153;9.40417;3483.77;5.65459;0;0;0.1;0.01;0;5.69885;0;0;-1
0;645;67.4221;60.1775;4.31869;9.78995;3930.34;5.88655;0;0;0.1;0.01;0;4.46561;0;0;-1
0;646;82.3308;-47.3936;5.10991;9.16647;3226.23;5.51167;0;0;0.1;0.01;0;3.67501;0;0;-1
0;647;82.1692;-33.1087;3.18361;10.4059;4719.84;6.25692;0;0;0.1;0.01;0;5.82254;0;0;-1
0;648;81.3934;-15.7996;3.8426;9.58771;3691.76;5.76495;0;0;0.1;0.01;0;6.49009;0;0;-1
0;649;79.776;0.0549697;1.8748;9.17655;3236.88;5.51773;0;0;0.1;0.01;0;5.72993;0;0;-1
0;650;80.9731;18.2541;2.44573;9.17519;3235.44;5.51691;0;0;0.1;0.01;0;6.64232;0;0;-1
0;651;82.5363;36.1046;4.09384;10.3563;4652.67;6.22709;0;0;0.1;0.01;0;5.55316;0;0;-1
0;652;82.8037;55.2967;4.89529;9.98006;4163.78;6.00087;0;0;0.1;0.01;0;2.84924;0;0;-1
0;653;95.836;-23.3878;2.09803;10.372;4673.86;6.23653;0;0;0.1;0.01;0;3.62949;0;0;-1
0;654;96.3573;-7.56633;4.22392;9.30892;3378.99;5.59732;0;0;0.1;0.01;0;3.40776;0;0;-1
0;655;94.5229;12.1142;1.93199;9.59168;3696.35;5.76734;0;0;0.1;0.01;0;4.21359;0;0;-1
0;656;94.3122;26.6315;4.47647;10.0281;4224.2;6.02975;0;0;0.1;0.01;0;4.46449;0;0;-1
0;657;-86.835;-40.7508;19.2029;10.0139;4206.28;6.02121;0;0;0.1;0.01;0;3.22266;0;0;-1
0;658;-85.0778;-21.1774;18.5553;9.39531;3473.94;5.64926;0;0;0.1;0.01;0;3.28294;0;0;-1
0;659;-84.8798;-4.98865;19.2703;9.9256;4095.99;5.96812;0;0;0.1;0.01;0;4.60229;0;0;-1
0;660;-86.6485;10.4808;17.1908;9.41782;3498.97;5.6628;0;0;0.1;0.01;0;4.71471;0;0;-1
0;661;-85.7233;27.1089;18.3036;8.5;2572.44;5.11093;0;0;0.1;0.01;0;3.21742;1;0;-1
0;662;-84.2607;45.3265;18.9314;8.68184;2741.09;5.22026;0;0;0.1;0.01;0;2.72837;0;0;-1
0;663;-72.1096;-63.6399;19.8464;9.46219;3548.65;5.68948;0;0;0.1;0.01;0;3.35588;0;0;-1
0;664;-70.8102;-48.5626;16.6732;9.04696;3101.68;5.43981;0;0;0.1;0.01;0;6.11234;0;0;-1
0;665;-68.9846;-33.872;19.1834;8.5;2572.44;5.11093;0;0;0.1;0.01;0;5.46803;1;0;-1
0;666;-71.9608;-13.1866;19.0199;9.90376;4069.01;5.95499;0;0;0.1;0.01;0;7.23434;0;0;-1
0;667;-69.3896;2.17361;19.7057;9.7357;3865.36;5.85394;0;0;0.1;0.01;0;6.93087;0;0;-1
0;668;-70.2491;18.6415;19.3014;9.64972;3763.85;5.80224;0;0;0.1;0.01;0;5.80155;0;0;-1
0;669;-70.2917;34.2597;16.7402;8.77909;2834.24;5.27874;0;0;0.1;0.01;0;4.32262;0;0;-1
0;670;-70.2547;52.8851;16.2673;8.5;2572.44;5.11093;0;0;0.1;0.01;0;3.91589;1;0;-1
0;671;-58.0233;-74.9473;17.1185;10.065;4271;6.05194;0;0;0.1;0.01;0;4.51521;0;0;-1
0;672;-57.4993;-58.6538;18.7022;9.47117;3558.77;5.69488;0;0;0.1;0.01;0;6.43847;0;0;-1
0;673;-56.2024;-39.5372;17.4583;10.2399;4497.55;6.1571;0;0;0.1;0.01;0;7.40283;0;0;-1
0;674;-57.0854;-23.2715;16.9169;8.9323;2985.23;5.37086;0;0;0.1;0.01;0;5.73343;0;0;-1
0;675;-55.1862;-6.46313;16.0532;9.97374;4155.88;5.99707;0;0;0.1;0.01;0;6.24417;0;0;-1
0;676;-57.1262;8.62055;17.4131;8.70387;2762.01;5.23351;0;0;0.1;0.01;0;5.38372;0;0;-1
0;677;-55.3836;26.772;16.7917;9.65507;3770.12;5.80545;0;0;0.1;0.01;0;5.70858;0;0;-1
0;678;-54.9711;46.904;18.9412;8.5;2572.44;5.11093;0;0;0.1;0.01;0;4.35075;1;0;-1
0;679;-53.9894;61.9328;18.2829;8.67427;2733.93;5.21571;0;0;0.1;0.01;0;3.80771;0;0;-1
0;680;-53.7932;78.0465;19.6593;9.60026;3706.27;5.7725;0;0;0.1;0.01;0;2.63924;0;0;-1
0;681;-41.6963;-84.6154;16.8495;9.64536;3758.75;5.79962;0;0;0.1;0.01;0;4.32907;0;0;-1
0;682;-40.6304;-67.4698;17.7345;8.98447;3037.85;5.40223;0;0;0.1;0.01;0;5.51495;0;0;-1
0;683;-40.4637;-47.7798;16.7367;9.09298;3149.25;5.46748;0;0;0.1;0.01;0;5.26044;0;0;-1
0;684;-42.5302;-33.0309;18.196;9.56256;3662.78;5.74983;0;0;0.1;0.01;0;6.3565;0;0;-1
0;685;-42.1521;-13.7594;16.4931;8.5;2572.44;5.11093;0;0;0.1;0.01;0;4.91617;1;0;-1
0;686;-39.9928;2.27722;17.7248;8.8338;2887.56;5.31164;0;0;0.1;0.01;0;5.0825;0;0;-1
0;687;-42.2132;18.6816;18.463;8.81873;2872.81;5.30257;0;0;0.1;0.01;0;5.43347;0;0;-1
0;688;-41.1625;33.7399;18.2743;8.97255;3025.77;5.39506;0;0;0.1;0.01;0;5.19076;0;0;-1
0;689;-39.7069;53.2126;18.5428;8.97931;3032.62;5.39913;0;0;0.1;0.01;0;4.73846;0;0;-1
0;690;-39.5866;71.4839;16.3987;10.2106;4459.05;6.13949;0;0;0.1;0.01;0;5.90467;0;0;-1
0;691;-41.5959;87.7458;18.5398;8.98874;3042.18;5.4048;0;0;0.1;0.01;0;2.93203;0;0;-1
0;692;-27.7622;-93.4555;16.8283;10.4523;4783.26;6.28482;0;0;0.1;0.01;0;3.97942;0;0;-1
0;693;-27.5071;-72.8535;18.5047;9.83112;3980.13;5.91131;0;0;0.1;0.01;0;6.16518;0;0;-1
0;694;-25.3694;-56.7095;16.2757;8.5;2572.44;5.11093;0;0;0.1;0.01;0;4.44889;1;0;-1
0;695;-24.5046;-40.3778;17.8423;8.88227;2935.35;5.34078;0;0;0.1;0.01;0;5.48661;0;0;-1
0;696;-28.3598;-24.7252;16.3169;9.59361;3698.58;5.7685;0;0;0.1;0.01;0;6.04832;0;0;-1
0;697;-28.3777;-7.18862;16.0129;9.33032;3402.34;5.61019;0;0;0.1;0.01;0;5.29165;0;0;-1
0;698;-26.9602;10.6822;16.4858;9.60486;3711.6;5.77526;0;0;0.1;0.01;0;6.09039;0;0;-1
0;699;-27.4537;28.0494;17.3683;9.05772;3112.76;5.44628;0;0;0.1;0.01;0;5.12943;0;0;-1
0;700;-25.4601;45.9273;17.6328;9.58543;3689.13;5.76358;0;0;0.1;0.01;0;5.76623;0;0;-1
0;701;-28.1537;62.0603;16.4;9.01678;3070.74;5.42166;0;0;0.1;0.01;0;5.90383;0;0;-1
0;702;-27.4137;80.412;16.3124;10.1887;4430.42;6.12632;0;0;0.1;0.01;0;5.89076;0;0;-1
0;703;-13.2888;-83.6092;17.6399;9.77088;3907.42;5.87509;0;0;0.1;0.01;0;5.45686;0;0;-1
0;704;-13.7338;-65.6422;17.0249;8.5;2572.44;5.11093;0;0;0.1;0.01;0;4.20722;1;0;-1
0;705;-11.1804;-47.5323;16.2695;9.7905;3931;5.88689;0;0;0.1;0.01;0;5.44976;0;0;-1
0;706;-12.354;-30.7863;19.3434;8.63701;2698.85;5.19331;0;0;0.1;0.01;0;5.76117;0;0;-1
0;707;-11.5481;-16.1912;17.4757;9.71429;3839.92;5.84106;0;0;0.1;0.01;0;6.34093;0;0;-1
0;708;-13.6711;1.66284;17.1254;10.0878;4300.09;6.06565;0;0;0.1;0.01;0;7.02339;0;0;-1
0;709;-13.179;20.7914;16.6099;10.0841;4295.36;6.06342;0;0;0.1;0.01;0;6.26928;0;0;-1
0;710;-10.9536;37.3182;17.2942;8.97727;3030.55;5.3979;0;0;0.1;0.01;0;5.49464;0;0;-1
0;711;-10.0213;52.3592;18.3008;10.1287;4352.61;6.09024;0;0;0.1;0.01;0;6.64197;0;0;-1
0;712;-11.6684;68.4235;18.3662;8.59754;2662.02;5.16958;0;0;0.1;0.01;0;5.20762;0;0;-1
0;713;-11.0497;85.258;18.6696;8.5;2572.44;5.11093;0;0;0.1;0.01;0;3.73666;1;0;-1
0;714;1.68276;-91.9813;17.4356;10.248;4508.23;6.16197;0;0;0.1;0.01;0;3.91025;0;0;-1
0;715;4.58353;-72.2726;15.9825;8.68782;2746.76;5.22386;0;0;0.1;0.01;0;5.15353;0;0;-1
0;716;2.81775;-56.9688;17.3316;8.5;2572.44;5.11093;0;0;0.1;0.01;0;5.54473;1;0;-1
0;717;2.96324;-39.8542;16.673;9.887;4048.39;5.94491;0;0;0.1;0.01;0;6.58599;0;0;-1
0;718;2.38712;-24.4653;16.4626;8.82136;2875.38;5.30416;0;0;0.1;0.01;0;5.63636;0;0;-1
0;719;4.97517;-8.37382;17.1114;8.57217;2638.52;5.15432;0;0;0.1;0.01;0;4.74483;0;0;-1
0;720;4.17211;9.64978;16.3844;9.89258;4055.25;5.94826;0;0;0.1;0.01;0;4.89223;0;0;-1
0;721;2.16198;28.5066;16.6405;9.95865;4137.04;5.98799;0;0;0.1;0.01;0;6.24767;0;0;-1
0;722;2.53136;46.1846;15.6143;8.5982;2662.63;5.16997;0;0;0.1;0.01;0;5.80268;0;0;-1
0;723;2.66158;63.4029;15.8915;10.4039;4717.12;6.25571;0;0;0.1;0.01;0;6.71297;0;0;-1
0;724;0.997728;77.9621;15.9377;8.66392;2724.16;5.20949;0;0;0.1;0.01;0;5.68556;0;0;-1
0;725;4.69936;93.0906;17.7688;8.70908;2766.98;5.23664;0;0;0.1;0.01;0;2.89437;0;0;-1
0;726;17.7776;-82.3826;17.1059;10.0453;4245.97;6.04009;0;0;0.1;0.01;0;5.13164;0;0;-1
0;727;15.7988;-64.4154;16.3827;8.5;2572.44;5.11093;0;0;0.1;0.01;0;4.94386;1;0;-1
0;728;16.0266;-50.0889;18.3059;9.61978;3728.93;5.78423;0;0;0.1;0.01;0;5.55451;0;0;-1
0;729;18.9296;-33.9824;18.1041;8.5;2572.44;5.11093;0;0;0.1;0.01;0;4.31485;1;0;-1
0;730;18.3547;-17.0136;17.3423;9.30503;3374.75;5.59498;0;0;0.1;0.01;0;5.7772;0;0;-1
0;731;17.4622;2.71414;18.4893;8.54447;2613.03;5.13767;0;0;0.1;0.01;0;4.74058;0;0;-1
0;732;16.5772;21.141;16.2209;9.14026;3198.63;5.49591;0;0;0.1;0.01;0;6.2762;0;0;-1
0;733;16.5162;37.0733;17.4428;8.88866;2941.69;5.34462;0;0;0.1;0.01;0;5.88853;0;0;-1
0;734;19.6621;52.9291;17.6955;8.85858;2911.93;5.32654;0;0;0.1;0.01;0;5.16728;0;0;-1
0;735;16.4134;69.7763;17.3881;8.51644;2587.4;5.12081;0;0;0.1;0.01;0;5.15599;0;0;-1
0;736;17.9155;85.6731;16.4556;9.17315;3233.29;5.51568;0;0;0.1;0.01;0;3.56873;0;0;-1
0;737;33.1743;-92.4858;15.9328;9.05955;3114.64;5.44738;0;0;0.1;0.01;0;1.69001;0;0;-1
0;738;33.7891;-73.7657;16.0981;9.51316;3606.31;5.72013;0;0;0.1;0.01;0;5.478;0;0;-1
0;739;33.1751;-55.2442;18.0152;9.15668;3215.9;5.50578;0;0;0.1;0.01;0;4.54327;0;0;-1
0;740;33.649;-39.0277;18.0714;8.5;2572.44;5.11093;0;0;0.1;0.01;0;5.33108;1;0;-1
0;741;31.4391;-24.4831;16.3383;9.37929;3456.2;5.63963;0;0;0.1;0.01;0;6.48266;0;0;-1
0;742;30.7085;-8.06085;18.5965;9.30862;3378.66;5.59714;0;0;0.1;0.01;0;5.49715;0;0;-1
0;743;30.5335;11.5673;17.0178;8.87722;2930.35;5.33774;0;0;0.1;0.01;0;5.13299;0;0;-1
0;744;32.0962;26.8732;16.7674;8.78131;2836.39;5.28007;0;0;0.1;0.01;0;5.40341;0;0;-1
0;745;33.2183;45.7666;16.5231;8.5;2572.44;5.11093;0;0;0.1;0.01;0;5.28942;1;0;-1
0;746;30.4895;63.438;19.4789;9.08213;3137.99;5.46095;0;0;0.1;0.01;0;6.81559;0;0;-1
0;747;30.6476;77.8138;17.8476;9.25776;3323.58;5.56656;0;0;0.1;0.01;0;5.18545;0;0;-1
0;748;45.3092;-81.2454;16.0857;9.99665;4184.58;6.01084;0;0;0.1;0.01;0;4.70969;0;0;-1
0;749;48.9071;-67.639;17.0071;8.61752;2680.62;5.18159;0;0;0.1;0.01;0;5.08369;0;0;-1
0;750;47.5126;-48.17;18.5933;8.5;2572.44;5.11093;0;0;0.1;0.01;0;4.60359;1;0;-1
0;751;46.7613;-31.8982;16.6141;9.52674;3621.78;5.72829;0;0;0.1;0.01;0;6.82974;0;0;-1
0;752;46.3619;-15.3168;17.5033;9.96599;4146.2;5.99241;0;0;0.1;0.01;0;6.40106;0;0;-1
0;753;46.2084;4.39666;19.4825;9.61473;3723.06;5.7812;0;0;0.1;0.01;0;5.42928;0;0;-1
0;754;48.7882;20.4695;17.3412;9.77667;3914.37;5.87857;0;0;0.1;0.01;0;6.23022;0;0;-1
0;755;46.8596;34.8774;18.9827;8.5;2572.44;5.11093;0;0;0.1;0.01;0;5.23638;1;0;-1
0;756;45.0817;54.0898;16.5925;10.1386;4365.39;6.09619;0;0;0.1;0.01;0;6.57511;0;0;-1
0;757;46.9793;68.9772;17.776;8.7934;2848.13;5.28734;0;0;0.1;0.01;0;5.04341;0;0;-1
0;758;45.9407;86.0484;19.6693;8.5;2572.44;5.11093;0;0;0.1;0.01;0;1.28312;1;0;-1
0;759;61.2219;-75.4449;17.4848;9.74749;3879.42;5.86102;0;0;0.1;0.01;0;2.8222;0;0;-1
0;760;62.3046;-57.9518;18.1651;8.5;2572.44;5.11093;0;0;0.1;0.01;0;4.94921;1;0;-1
0;761;62.5627;-38.7141;16.7023;10.097;4311.87;6.07118;0;0;0.1;0.01;0;7.49505;0;0;-1
0;762;60.4214;-24.2759;16.5071;9.90118;4065.83;5.95344;0;0;0.1;0.01;0;7.54438;0;0;-1
0;763;60.3784;-7.4038;16.7509;8.93108;2984.01;5.37013;0;0;0.1;0.01;0;4.81045;0;0;-1
0;764;62.4591;10.6047;16.9684;9.45392;3539.36;5.6845;0;0;0.1;0.01;0;5.77962;0;0;-1
0;765;61.6849;28.5316;16.4778;10.2254;4478.47;6.14838;0;0;0.1;0.01;0;7.22394;0;0;-1
0;766;61.8678;45.2057;19.0357;8.67367;2733.36;5.21535;0;0;0.1;0.01;0;6.07951;0;0;-1
0;767;62.2919;63.6371;19.0427;10.0225;4217.13;6.02638;0;0;0.1;0.01;0;4.83273;0;0;-1
0;768;75.9081;-50.2066;19.5104;8.70096;2759.24;5.23176;0;0;0.1;0.01;0;3.01288;0;0;-1
0;769;76.0471;-33.4794;18.3445;10.0886;4301.12;6.06613;0;0;0.1;0.01;0;6.1335;0;0;-1
0;770;77.6166;-16.9543;16.748;8.5;2572.44;5.11093;0;0;0.1;0.01;0;4.96298;1;0;-1
0;771;74.8845;0.848435;19.4078;8.71841;2775.88;5.24225;0;0;0.1;0.01;0;4.44485;0;0;-1
0;772;76.4928;20.1057;16.1837;9.82373;3971.16;5.90687;0;0;0.1;0.01;0;6.53735;0;0;-1
0;773;74.8212;37.9215;19.0683;10.3722;4674.14;6.23665;0;0;0.1;0.01;0;6.73584;0;0;-1
0;774;76.5234;52.4268;18.7593;8.77615;2831.4;5.27697;0;0;0.1;0.01;0;4.57994;0;0;-1
0;775;91.5307;-22.0684;18.6366;9.7875;3927.39;5.88508;0;0;0.1;0.01;0;4.34533;0;0;-1
0;776;92.7494;-7.35792;19.9336;8.5;2572.44;5.11093;0;0;0.1;0.01;0;2.61907;1;0;-1
0;777;91.7016;9.32819;16.2201;9.05672;3111.73;5.44567;0;0;0.1;0.01;0;2.52576;0;0;-1
0;778;89.4677;26.844;17.393;9.35384;3428.14;5.62433;0;0;0.1;0.01;0;4.07827;0;0;-1
0;779;-93.586;2.40972;34.5683;8.55786;2625.33;5.14572;0;0;0.1;0.01;0;2.84504;0;0;-1
0;780;-82.038;-39.7127;31.6344;9.85962;4014.85;5.92845;0;0;0.1;0.01;0;3.15452;0;0;-1
0;781;-79.6871;-25.0878;32.4627;9.32437;3395.84;5.60661;0;0;0.1;0.01;0;4.25068;0;0;-1
0;782;-79.0024;-6.09169;34.0264;9.22038;3283.49;5.54408;0;0;0.1;0.01;0;5.97753;0;0;-1
0;783;-80.1818;10.0427;31.8156;8.73128;2788.19;5.24999;0;0;0.1;0.01;0;4.89414;0;0;-1
0;784;-82.704;25.8711;30.9231;9.40262;3482.05;5.65366;0;0;0.1;0.01;0;2.74748;0;0;-1
0;785;-79.906;46.0371;31.3458;8.54151;2610.31;5.13589;0;0;0.1;0.01;0;2.20438;0;0;-1
0;786;-65.9588;-66.8875;33.9558;9.46889;3556.2;5.69351;0;0;0.1;0.01;0;3.41783;0;0;-1
0;787;-66.626;-47.6764;32.2367;9.70994;3834.76;5.83845;0;0;0.1;0.01;0;4.79129;0;0;-1
0;788;-64.3052;-30.7697;34.2042;9.95636;4134.19;5.98661;0;0;0.1;0.01;0;6.55694;0;0;-1
0;789;-66.7766;-15.5675;31.0205;8.5;2572.44;5.11093;0;0;0.1;0.01;0;5.95109;1;0;-1
0;790;-65.61;0.0153732;34.122;8.9441;2997.08;5.37796;0;0;0.1;0.01;0;5.9858;0;0;-1
0;791;-66.5509;18.1292;33.8918;8.5;2572.44;5.11093;0;0;0.1;0.01;0;4.43033;1;0;-1
0;792;-64.4069;35.1695;31.6588;8.58667;2651.94;5.16304;0;0;0.1;0.01;0;4.1653;0;0;-1
0;793;-66.8417;53.0608;33.2033;9.91933;4088.23;5.96435;0;0;0.1;0.01;0;3.57234;0;0;-1
0;794;-53.188;-73.3237;30.6166;10.1149;4334.84;6.08194;0;0;0.1;0.01;0;4.85122;0;0;-1
0;795;-50.1844;-58.7181;30.9846;9.48167;3570.62;5.70119;0;0;0.1;0.01;0;6.02533;0;0;-1
0;796;-49.8368;-38.4032;31.6526;9.72083;3847.68;5.84499;0;0;0.1;0.01;0;6.12828;0;0;-1
0;797;-52.805;-21.3011;31.1173;8.5;2572.44;5.11093;0;0;0.1;0.01;0;4.91584;1;0;-1
0;798;-52.7036;-7.28941;34.1905;9.66627;3783.25;5.81219;0;0;0.1;0.01;0;4.47733;0;0;-1
0;799;-51.6683;11.8717;31.7821;8.5;2572.44;5.11093;0;0;0.1;0.01;0;4.16218;1;0;-1
0;800;-50.7129;29.4025;32.6053;8.5;2572.44;5.11093;0;0;0.1;0.01;0;5.23774;1;0;-1
0;801;-52.7802;43.3432;33.1342;8.5;2572.44;5.11093;0;0;0.1;0.01;0;5.24144;1;0;-1
0;802;-51.6425;60.07;33.9721;8.5;2572.44;5.11093;0;0;0.1;0.01;0;4.23723;1;0;-1
0;803;-35.6418;-85.3963;34.282;10.1766;4414.65;6.11904;0;0;0.1;0.01;0;3.63783;0;0;-1
0;804;-38.0001;-66.378;31.2847;8.5;2572.44;5.11093;0;0;0.1;0.01;0;4.55953;1;0;-1
0;805;-37.9455;-47.292;33.1279;9.74583;3877.44;5.86003;0;0;0.1;0.01;0;5.9659;0;0;-1
0;806;-34.4744;-33.0294;33.0309;10.2533;4515.23;6.16516;0;0;0.1;0.01;0;6.52066;0;0;-1
0;807;-35.1777;-16.2777;32.7128;8.8572;2910.57;5.32571;0;0;0.1;0.01;0;4.12943;0;0;-1
0;808;-35.341;2.98108;32.2991;8.80953;2863.83;5.29704;0;0;0.1;0.01;0;4.53372;0;0;-1
0;809;-38.3018;17.6728;32.7586;8.96634;3019.49;5.39133;0;0;0.1;0.01;0;4.90177;0;0;-1
0;810;-36.9762;37.9428;31.6637;9.65063;3764.92;5.80278;0;0;0.1;0.01;0;6.08401;0;0;-1
0;811;-36.8417;52.47;32.4167;8.9865;3039.91;5.40345;0;0;0.1;0.01;0;5.22443;0;0;-1
0;812;-37.9046;69.1941;32.1207;8.5;2572.44;5.11093;0;0;0.1;0.01;0;3.35804;1;0;-1
0;813;-20.9668;-91.0273;34.0198;9.86408;4020.3;5.93113;0;0;0.1;0.01;0;3.76516;0;0;-1
0;814;-22.9283;-74.3028;32.2367;8.5;2572.44;5.11093;0;0;0.1;0.01;0;5.11892;1;0;-1
0;815;-22.8358;-57.0512;34.4259;8.61747;2680.57;5.18156;0;0;0.1;0.01;0;4.58626;0;0;-1
0;816;-21.8593;-42.7423;31.89;8.61331;2676.69;5.17906;0;0;0.1;0.01;0;5.67946;0;0;-1
0;817;-20.4321;-21.6627;31.3814;8.5;2572.44;5.11093;0;0;0.1;0.01;0;3.95772;1;0;-1
0;818;-20.9569;-4.75258;34.0499;9.37895;3455.82;5.63943;0;0;0.1;0.01;0;5.90052;0;0;-1
0;819;-21.7909;11.1915;31.6476;8.93559;2988.53;5.37284;0;0;0.1;0.01;0;5.87673;0;0;-1
0;820;-22.9977;29.3668;33.7835;9.49202;3582.32;5.70741;0;0;0.1;0.01;0;5.5556;0;0;-1
0;821;-20.7398;44.2978;33.8119;9.19925;3260.96;5.53138;0;0;0.1;0.01;0;6.2955;0;0;-1
0;822;-20.4308;59.6996;30.9856;8.65751;2718.11;5.20564;0;0;0.1;0.01;0;5.12096;0;0;-1
0;823;-21.772;76.7178;32.6778;10.0526;4255.24;6.04448;0;0;0.1;0.01;0;4.73729;0;0;-1
0;824;-6.81722;-81.4841;33.0076;10.2345;4490.44;6.15386;0;0;0.1;0.01;0;5.73646;0;0;-1
0;825;-7.58152;-65.8482;32.0437;9.11861;3175.96;5.48289;0;0;0.1;0.01;0;4.85173;0;0;-1
0;826;-8.81163;-46.9437;30.7914;9.1191;3176.47;5.48318;0;0;0.1;0.01;0;5.15069;0;0;-1
0;827;-5.45908;-32.6303;31.17;8.5;2572.44;5.11093;0;0;0.1;0.01;0;4.74278;1;0;-1
0;828;-8.8413;-13.1747;31.591;10.4144;4731.42;6.26203;0;0;0.1;0.01;0;6.59095;0;0;-1
0;829;-7.46581;3.47617;31.9537;9.30981;3379.96;5.59785;0;0;0.1;0.01;0;6.08566;0;0;-1
0;830;-6.85469;21.0009;33.6334;10.0649;4270.88;6.05188;0;0;0.1;0.01;0;5.67535;0;0;-1
0;831;-7.47914;37.7946;34.0873;9.13604;3194.2;5.49337;0;0;0.1;0.01;0;6.14336;0;0;-1
0;832;-5.84912;51.7205;33.6899;8.5;2572.44;5.11093;0;0;0.1;0.01;0;5.49271;1;0;-1
0;833;-7.20262;69.7817;32.3958;8.73803;2794.66;5.25405;0;0;0.1;0.01;0;4.3503;0;0;-1
0;834;-6.7837;88.6482;31.1311;8.56897;2635.57;5.1524;0;0;0.1;0.01;0;2.16812;0;0;-1
0;835;8.24858;-89.4353;34.6601;8.757;2812.9;5.26546;0;0;0.1;0.01;0;3.18296;0;0;-1
0;836;7.7046;-74.4735;32.4956;10.4534;4784.77;6.28548;0;0;0.1;0.01;0;7.03396;0;0;-1
0;837;6.34513;-58.9468;31.8204;8.79873;2853.31;5.29055;0;0;0.1;0.01;0;5.1032;0;0;-1
0;838;8.48835;-42.9159;33.1993;10.0561;4259.68;6.04659;0;0;0.1;0.01;0;6.75275;0;0;-1
0;839;6.8666;-23.8832;32.7499;8.90408;2957.03;5.35389;0;0;0.1;0.01;0;4.87969;0;0;-1
0;840;7.21303;-6.04671;33.7187;9.87605;4034.95;5.93833;0;0;0.1;0.01;0;6.05193;0;0;-1
0;841;5.65066;8.79118;34.3807;9.10205;3158.68;5.47293;0;0;0.1;0.01;0;4.74173;0;0;-1
0;842;8.33886;27.816;31.0409;9.25309;3318.55;5.56375;0;0;0.1;0.01;0;5.15937;0;0;-1
0;843;6.79342;42.8935;30.5873;10.1876;4428.99;6.12566;0;0;0.1;0.01;0;6.42074;0;0;-1
0;844;8.63379;61.5736;30.9057;8.68436;2743.48;5.22178;0;0;0.1;0.01;0;4.75592;0;0;-1
0;845;9.12166;78.938;31.9013;9.46328;3549.88;5.69013;0;0;0.1;0.01;0;4.70434;0;0;-1
0;846;23.1429;-82.6623;33.8556;9.93443;4106.93;5.97343;0;0;0.1;0.01;0;4.76697;0;0;-1
0;847;22.6522;-67.9632;33.0084;9.85623;4010.71;5.92641;0;0;0.1;0.01;0;5.40409;0;0;-1
0;848;23.8689;-47.7339;33.3827;8.90151;2954.47;5.35235;0;0;0.1;0.01;0;5.89667;0;0;-1
0;849;21.1377;-32.2878;32.4675;10.1635;4397.63;6.11117;0;0;0.1;0.01;0;7.04032;0;0;-1
0;850;22.1149;-14.0054;32.2174;10.1553;4386.99;6.10623;0;0;0.1;0.01;0;6.79687;0;0;-1
0;851;22.3368;0.480335;30.9364;8.92445;2977.37;5.36614;0;0;0.1;0.01;0;5.12746;0;0;-1
0;852;23.0058;19.3366;30.4852;9.06881;3124.2;5.45294;0;0;0.1;0.01;0;4.82408;0;0;-1
0;853;22.1118;37.5565;33.9846;9.3486;3422.38;5.62118;0;0;0.1;0.01;0;5.73765;0;0;-1
0;854;23.7958;51.3876;32.5777;9.90615;4071.96;5.95642;0;0;0.1;0.01;0;6.8133;0;0;-1
0;855;22.3259;68.7563;31.002;8.75237;2808.44;5.26267;0;0;0.1;0.01;0;5.90283;0;0;-1
0;856;20.8555;89.392;34.2264;9.34689;3420.5;5.62015;0;0;0.1;0.01;0;1.60186;0;0;-1
0;857;35.7808;-74.7214;32.7917;8.5;2572.44;5.11093;0;0;0.1;0.01;0;3.42779;1;0;-1
0;858;37.1872;-55.0854;32.8391;9.55435;3653.36;5.74489;0;0;0.1;0.01;0;5.76215;0;0;-1
0;859;35.5755;-38.4134;30.8854;8.5;2572.44;5.11093;0;0;0.1;0.01;0;5.30961;1;0;-1
0;860;37.4973;-21.9845;32.1827;8.5;2572.44;5.11093;0;0;0.1;0.01;0;4.75572;1;0;-1
0;861;35.8977;-4.81351;33.2083;9.17157;3231.62;5.51473;0;0;0.1;0.01;0;5.72593;0;0;-1
0;862;38.7422;9.35467;32.4884;8.59517;2659.82;5.16815;0;0;0.1;0.01;0;4.91433;0;0;-1
0;863;38.1006;25.5613;32.9968;9.81869;3965.06;5.90384;0;0;0.1;0.01;0;5.59371;0;0;-1
0;864;38.3491;43.1649;33.0906;9.76301;3897.98;5.87036;0;0;0.1;0.01;0;6.01987;0;0;-1
0;865;35.3762;61.8622;33.7059;9.76121;3895.83;5.86927;0;0;0.1;0.01;0;6.62542;0;0;-1
0;866;36.8584;77.2536;32.1576;10.0224;4217;6.02632;0;0;0.1;0.01;0;5.2357;0;0;-1
0;867;52.8276;-64.668;31.9349;9.06145;3116.6;5.44852;0;0;0.1;0.01;0;3.97274;0;0;-1
0;868;53.1666;-49.339;32.1269;9.43641;3519.73;5.67398;0;0;0.1;0.01;0;5.65661;0;0;-1
0;869;52.0716;-33.3873;32.4067;9.52844;3623.71;5.72931;0;0;0.1;0.01;0;6.14048;0;0;-1
0;870;51.5447;-17.3185;31.5993;9.93219;4104.15;5.97208;0;0;0.1;0.01;0;6.31946;0;0;-1
0;871;53.212;0.913017;33.8719;10.0205;4214.6;6.02518;0;0;0.1;0.01;0;6.8677;0;0;-1
0;872;52.463;17.8214;33.3854;8.9672;3020.36;5.39185;0;0;0.1;0.01;0;6.01735;0;0;-1
0;873;53.4763;38.1459;32.239;8.9671;3020.26;5.39179;0;0;0.1;0.01;0;6.03661;0;0;-1
0;874;53.2639;53.1785;33.325;9.60563;3712.5;5.77573;0;0;0.1;0.01;0;6.96778;0;0;-1
0;875;51.4292;68.3332;32.4168;9.14929;3208.12;5.50134;0;0;0.1;0.01;0;4.8661;0;0;-1
0;876;67.2563;-58.0705;32.4288;8.83388;2887.64;5.31168;0;0;0.1;0.01;0;3.29169;0;0;-1
0;877;67.6945;-38.6026;31.5556;9.31078;3381.01;5.59844;0;0;0.1;0.01;0;5.34582;0;0;-1
0;878;66.3897;-21.8148;31.9666;9.12977;3187.63;5.4896;0;0;0.1;0.01;0;5.27222;0;0;-1
0;879;66.9439;-4.76856;32.6251;9.85842;4013.38;5.92772;0;0;0.1;0.01;0;5.72601;0;0;-1
0;880;67.2093;10.3597;32.9746;8.94914;3002.15;5.38099;0;0;0.1;0.01;0;6.55182;0;0;-1
0;881;66.2108;28.0135;33.7839;8.61621;2679.4;5.1808;0;0;0.1;0.01;0;5.82158;0;0;-1
0;882;67.3156;45.6455;31.0845;9.11558;3172.79;5.48107;0;0;0.1;0.01;0;6.46644;0;0;-1
0;883;67.0131;59.4995;32.0786;9.87652;4035.53;5.93861;0;0;0.1;0.01;0;4.75447;0;0;-1
0;884;79.9446;-30.2574;33.8276;9.91075;4077.63;5.95919;0;0;0.1;0.01;0;4.39878;0;0;-1
0;885;80.1759;-15.9649;30.7217;8.8039;2858.34;5.29366;0;0;0.1;0.01;0;4.50735;0;0;-1
0;886;79.6554;3.68513;33.5499;10.0827;4293.58;6.06258;0;0;0.1;0.01;0;4.94884;0;0;-1
0;887;80.7139;19.6983;34.1961;8.73611;2792.82;5.2529;0;0;0.1;0.01;0;3.84855;0;0;-1
0;888;80.5408;33.6366;31.9259;8.98096;3034.29;5.40012;0;0;0.1;0.01;0;4.25642;0;0;-1
0;889;-86.3542;-6.44351;47.2376;9.7781;3916.08;5.87943;0;0;0.1;0.01;0;3.24483;0;0;-1
0;890;-85.6613;9.85596;47.7991;10.4049;4718.48;6.25632;0;0;0.1;0.01;0;3.02277;0;0;-1
0;891;-69.0172;-49.9835;48.7978;10.4318;4755.17;6.27249;0;0;0.1;0.01;0;2.88063;0;0;-1
0;892;-69.3929;-33.7443;47.9873;8.5;2572.44;5.11093;0;0;0.1;0.01;0;4.09491;1;0;-1
0;893;-69.3643;-13.3643;47.6973;9.91875;4087.52;5.964;0;0;0.1;0.01;0;5.72709;0;0;-1
0;894;-71.5186;0.836041;46.7764;8.91111;2964.04;5.35812;0;0;0.1;0.01;0;5.62321;0;0;-1
0;895;-68.5645;18.0379;47.0501;8.75571;2811.66;5.26468;0;0;0.1;0.01;0;3.93363;0;0;-1
0;896;-70.5787;36.4638;49.3662;9.25688;3322.63;5.56603;0;0;0.1;0.01;0;1.72389;0;0;-1
0;897;-56.6358;-59.605;46.152;8.92538;2978.3;5.3667;0;0;0.1;0.01;0;4.10214;0;0;-1
0;898;-57.0599;-39.1322;47.6045;9.30218;3371.65;5.59327;0;0;0.1;0.01;0;5.77908;0;0;-1
0;899;-57.0516;-23.2651;47.2623;8.5;2572.44;5.11093;0;0;0.1;0.01;0;5.45308;1;0;-1
0;900;-56.825;-6.91265;48.8092;9.56046;3660.37;5.74857;0;0;0.1;0.01;0;5.90547;0;0;-1
0;901;-54.5978;12.7547;45.9879;8.6949;2753.48;5.22812;0;0;0.1;0.01;0;4.4202;0;0;-1
0;902;-57.7034;29.746;45.9814;8.5;2572.44;5.11093;0;0;0.1;0.01;0;4.65977;1;0;-1
0;903;-56.3014;45.9419;47.0325;8.5;2572.44;5.11093;0;0;0.1;0.01;0;4.46089;1;0;-1
0;904;-54.4453;61.2993;46.4138;8.73256;2789.42;5.25076;0;0;0.1;0.01;0;3.4987;0;0;-1
0;905;-40.6498;-64.3894;45.8805;8.77308;2828.43;5.27513;0;0;0.1;0.01;0;3.66323;0;0;-1
0;906;-40.406;-50.5765;48.2055;9.14813;3206.9;5.50064;0;0;0.1;0.01;0;5.15941;0;0;-1
0;907;-43.2003;-30.0727;46.0984;10.1709;4407.24;6.11561;0;0;0.1;0.01;0;6.05352;0;0;-1
0;908;-41.5076;-14.2932;49.0771;8.5;2572.44;5.11093;0;0;0.1;0.01;0;4.98848;1;0;-1
0;909;-41.6388;0.771144;49.2629;8.65928;2719.78;5.2067;0;0;0.1;0.01;0;4.60173;0;0;-1
0;910;-42.097;16.7755;48.2707;10.2808;4551.66;6.1817;0;0;0.1;0.01;0;5.92303;0;0;-1
0;911;-42.3289;35.8749;45.2235;8.59133;2656.26;5.16584;0;0;0.1;0.01;0;4.94977;0;0;-1
0;912;-41.2194;53.2399;48.9029;10.1348;4360.48;6.09391;0;0;0.1;0.01;0;6.53498;0;0;-1
0;913;-42.4855;69.721;48.0957;9.85071;4003.97;5.92309;0;0;0.1;0.01;0;4.23742;0;0;-1
0;914;-27.8281;-76.743;46.7375;9.0812;3137.03;5.46039;0;0;0.1;0.01;0;2.96324;0;0;-1
0;915;-26.1684;-55.506;48.3125;8.59395;2658.69;5.16742;0;0;0.1;0.01;0;5.99613;0;0;-1
0;916;-27.6878;-41.492;46.5309;9.63897;3751.29;5.79577;0;0;0.1;0.01;0;7.57781;0;0;-1
0;917;-28.0329;-24.2552;49.4385;8.5;2572.44;5.11093;0;0;0.1;0.01;0;4.80262;1;0;-1
0;918;-25.7026;-8.79008;47.3283;8.5;2572.44;5.11093;0;0;0.1;0.01;0;4.63698;1;0;-1
0;919;-26.674;12.0286;46.5397;9.92574;4096.16;5.9682;0;0;0.1;0.01;0;5.77951;0;0;-1
0;920;-26.9561;29.5863;48.5533;10.2075;4454.99;6.13762;0;0;0.1;0.01;0;7.06303;0;0;-1
0;921;-26.3495;45.152;48.839;9.22863;3292.31;5.54904;0;0;0.1;0.01;0;6.11772;0;0;-1
0;922;-25.8936;60.8804;46.5179;10.3198;4603.65;6.20515;0;0;0.1;0.01;0;6.873;0;0;-1
0;923;-25.5701;79.3356;48.5057;9.1597;3219.08;5.50759;0;0;0.1;0.01;0;3.17641;0;0;-1
0;924;-12.3626;-80.7888;46.0186;8.874;2927.16;5.33581;0;0;0.1;0.01;0;3.07148;0;0;-1
0;925;-11.886;-64.6887;47.9629;8.62741;2689.86;5.18754;0;0;0.1;0.01;0;4.45753;0;0;-1
0;926;-13.4934;-47.9709;46.5717;10.3686;4669.27;6.23449;0;0;0.1;0.01;0;7.52011;0;0;-1
0;927;-12.6939;-33.5674;49.1049;10.005;4195.08;6.01586;0;0;0.1;0.01;0;5.88086;0;0;-1
0;928;-11.4161;-13.8834;48.6911;9.93402;4106.42;5.97318;0;0;0.1;0.01;0;6.7726;0;0;-1
0;929;-11.0376;0.269781;46.1076;9.49154;3581.78;5.70713;0;0;0.1;0.01;0;6.65125;0;0;-1
0;930;-13.175;19.5108;47.8652;10.0132;4205.4;6.02079;0;0;0.1;0.01;0;6.25836;0;0;-1
0;931;-11.2542;37.0958;49.0555;8.84922;2902.71;5.32091;0;0;0.1;0.01;0;6.45107;0;0;-1
0;932;-12.1986;52.5432;48.787;9.02879;3083.03;5.42888;0;0;0.1;0.01;0;7.20869;0;0;-1
0;933;-11.7484;69.7902;48.0771;10.1432;4371.33;6.09896;0;0;0.1;0.01;0;5.86798;0;0;-1
0;934;-12.8195;86.6188;47.9939;8.5;2572.44;5.11093;0;0;0.1;0.01;0;1.66566;1;0;-1
0;935;2.05476;-73.1381;45.8773;8.5;2572.44;5.11093;0;0;0.1;0.01;0;4.91345;1;0;-1
0;936;1.61384;-59.4338;46.6253;8.99434;3047.87;5.40817;0;0;0.1;0.01;0;5.6084;0;0;-1
0;937;2.35512;-42.2779;46.9497;9.40872;3488.83;5.65733;0;0;0.1;0.01;0;5.64967;0;0;-1
0;938;1.44672;-22.4055;48.5071;9.3869;3464.62;5.64421;0;0;0.1;0.01;0;5.82061;0;0;-1
0;939;4.30961;-5.38945;49.0456;9.50215;3593.8;5.7135;0;0;0.1;0.01;0;6.81298;0;0;-1
0;940;3.22283;8.86692;49.2389;9.40384;3483.41;5.65439;0;0;0.1;0.01;0;5.8079;0;0;-1
0;941;1.82277;29.6371;47.3264;8.5;2572.44;5.11093;0;0;0.1;0.01;0;5.04971;1;0;-1
0;942;1.08538;45.5431;47.5962;8.53776;2606.88;5.13363;0;0;0.1;0.01;0;6.17157;0;0;-1
0;943;1.4895;60.6216;45.6687;9.03964;3094.15;5.4354;0;0;0.1;0.01;0;5.43659;0;0;-1
0;944;4.93177;79.7288;48.655;10.1102;4328.8;6.07912;0;0;0.1;0.01;0;3.00454;0;0;-1
0;945;18.927;-84.4702;48.897;8.82496;2878.9;5.30632;0;0;0.1;0.01;0;1.95419;0;0;-1
0;946;18.2826;-65.9309;46.7098;9.13393;3191.99;5.4921;0;0;0.1;0.01;0;4.69401;0;0;-1
0;947;16.9283;-49.4118;46.286;8.5;2572.44;5.11093;0;0;0.1;0.01;0;4.61378;1;0;-1
0;948;19.3948;-34.3995;45.928;10.2763;4545.68;6.17899;0;0;0.1;0.01;0;6.56763;0;0;-1
0;949;16.1458;-14.8587;48.4605;9.22523;3288.67;5.547;0;0;0.1;0.01;0;6.34201;0;0;-1
0;950;18.7763;1.80668;48.5208;8.50641;2578.26;5.11478;0;0;0.1;0.01;0;5.65848;0;0;-1
0;951;17.3908;17.489;46.7734;9.55479;3653.86;5.74516;0;0;0.1;0.01;0;5.23482;0;0;-1
0;952;16.0276;36.3936;49.0154;8.5;2572.44;5.11093;0;0;0.1;0.01;0;4.95078;1;0;-1
0;953;19.2394;50.8475;45.5628;9.03341;3087.76;5.43166;0;0;0.1;0.01;0;5.11242;0;0;-1
0;954;17.4155;71.0945;46.7985;9.52319;3617.73;5.72616;0;0;0.1;0.01;0;4.54239;0;0;-1
0;955;33.2074;-74.2777;48.7889;8.9766;3029.87;5.3975;0;0;0.1;0.01;0;3.24394;0;0;-1
0;956;33.1126;-57.1342;47.828;9.60965;3717.16;5.77814;0;0;0.1;0.01;0;6.0467;0;0;-1
0;957;33.4759;-39.2132;45.8224;9.85133;4004.73;5.92346;0;0;0.1;0.01;0;6.5426;0;0;-1
0;958;30.798;-22.5151;46.176;9.98303;4167.5;6.00265;0;0;0.1;0.01;0;6.38895;0;0;-1
0;959;31.981;-5.04261;47.7692;9.48791;3577.67;5.70494;0;0;0.1;0.01;0;5.83446;0;0;-1
0;960;33.2549;12.0659;47.6415;9.44032;3524.1;5.67633;0;0;0.1;0.01;0;5.47912;0;0;-1
0;961;30.6865;25.7868;46.9776;9.75134;3884.02;5.86334;0;0;0.1;0.01;0;6.52802;0;0;-1
0;962;32.7093;43.206;48.5163;8.95476;3007.81;5.38437;0;0;0.1;0.01;0;6.11604;0;0;-1
0;963;31.8857;59.3282;48.6143;9.99243;4179.28;6.0083;0;0;0.1;0.01;0;6.93188;0;0;-1
0;964;30.9343;76.2505;47.6977;9.44588;3530.33;5.67967;0;0;0.1;0.01;0;4.12606;0;0;-1
0;965;45.9668;-63.7062;46.5659;8.50235;2574.57;5.11234;0;0;0.1;0.01;0;3.30952;0;0;-1
0;966;46.1761;-47.473;47.5721;10.2055;4452.37;6.13642;0;0;0.1;0.01;0;6.42967;0;0;-1
0;967;47.6505;-31.4619;46.2902;8.5;2572.44;5.11093;0;0;0.1;0.01;0;5.04387;1;0;-1
0;968;45.2301;-13.9422;49.0324;9.26855;3335.22;5.57304;0;0;0.1;0.01;0;5.88855;0;0;-1
0;969;45.8994;-0.222389;45.3693;8.5;2572.44;5.11093;0;0;0.1;0.01;0;5.34726;1;0;-1
0;970;47.7159;20.7833;46.8823;10.0206;4214.73;6.02524;0;0;0.1;0.01;0;7.16544;0;0;-1
0;971;45.3036;36.62;48.5863;9.44979;3534.72;5.68202;0;0;0.1;0.01;0;6.79947;0;0;-1
0;972;46.4685;54.7702;49.1052;9.69619;3818.49;5.83018;0;0;0.1;0.01;0;5.87984;0;0;-1
0;973;45.6599;72.0072;48.423;9.86394;4020.13;5.93104;0;0;0.1;0.01;0;3.34197;0;0;-1
0;974;63.7026;-58.7689;46.4868;8.74716;2803.43;5.25954;0;0;0.1;0.01;0;2.38127;0;0;-1
0;975;62.0142;-42.3738;47.6438;9.36522;3440.67;5.63117;0;0;0.1;0.01;0;5.04939;0;0;-1
0;976;59.8955;-24.0714;48.5213;8.5;2572.44;5.11093;0;0;0.1;0.01;0;4.86099;1;0;-1
0;977;63.6087;-8.69991;46.816;10.1425;4370.42;6.09854;0;0;0.1;0.01;0;6.67409;0;0;-1
0;978;60.6621;8.13265;47.1486;9.86993;4027.46;5.93465;0;0;0.1;0.01;0;6.38342;0;0;-1
0;979;61.5231;26.8075;46.1141;9.90075;4065.3;5.95318;0;0;0.1;0.01;0;6.42576;0;0;-1
0;980;60.1712;43.6485;46.0404;10.1384;4365.13;6.09607;0;0;0.1;0.01;0;6.24373;0;0;-1
0;981;61.1706;61.0018;46.9967;9.12844;3186.24;5.4888;0;0;0.1;0.01;0;3.75833;0;0;-1
0;982;77.2957;-30.3711;48.6479;8.61289;2676.3;5.17881;0;0;0.1;0.01;0;2.62337;0;0;-1
0;983;77.1313;-17.1006;47.7238;8.5;2572.44;5.11093;0;0;0.1;0.01;0;3.16311;1;0;-1
0;984;75.5686;1.83032;46.5466;9.84126;3992.46;5.91741;0;0;0.1;0.01;0;5.04795;0;0;-1
0;985;78.6894;17.339;48.7983;10.0526;4255.24;6.04448;0;0;0.1;0.01;0;4.18555;0;0;-1
0;986;75.2812;34.6942;45.924;10.2898;4563.62;6.18711;0;0;0.1;0.01;0;4.40676;0;0;-1
0;987;-65.6105;-30.2904;62.2585;8.57744;2643.39;5.15749;0;0;0.1;0.01;0;3.43885;0;0;-1
0;988;-66.5748;-15.4244;63.5524;8.87947;2932.58;5.3391;0;0;0.1;0.01;0;3.54137;0;0;-1
0;989;-66.6905;0.550024;61.3336;8.52153;2592.04;5.12387;0;0;0.1;0.01;0;3.48041;0;0;-1
0;990;-66.1498;19.5114;63.936;9.60852;3715.85;5.77746;0;0;0.1;0.01;0;3.35657;0;0;-1
0;991;-51.8179;-58.4799;60.4493;9.06277;3117.97;5.44931;0;0;0.1;0.01;0;2.13886;0;0;-1
0;992;-51.4199;-38.7573;63.6242;10.4312;4754.35;6.27213;0;0;0.1;0.01;0;5.19871;0;0;-1
0;993;-50.7493;-24.5009;63.2978;8.99047;3043.94;5.40584;0;0;0.1;0.01;0;6.41302;0;0;-1
0;994;-52.7071;-8.78957;61.3354;8.75928;2815.1;5.26683;0;0;0.1;0.01;0;4.57436;0;0;-1
0;995;-53.487;10.3289;61.6411;10.3467;4639.75;6.22132;0;0;0.1;0.01;0;5.60449;0;0;-1
0;996;-53.0234;27.1233;62.1041;8.5119;2583.26;5.11808;0;0;0.1;0.01;0;4.04084;0;0;-1
0;997;-51.7507;46.5249;61.8019;9.49673;3587.66;5.71025;0;0;0.1;0.01;0;3.02844;0;0;-1
0;998;-36.3734;-47.5555;60.517;9.31429;3384.84;5.60055;0;0;0.1;0.01;0;6.18477;0;0;-1
0;999;-36.9154;-33.1686;64.1644;8.56914;2635.73;5.1525;0;0;0.1;0.01;0;5.89033;0;0;-1
0;1000;-35.4732;-15.6536;62.6729;9.77893;3917.08;5.87993;0;0;0.1;0.01;0;6.61968;0;0;-1
0;1001;-36.1646;1.45473;63.9625;8.73934;2795.92;5.25484;0;0;0.1;0.01;0;4.87555;0;0;-1
0;1002;-35.0668;19.5885;62.2273;8.80965;2863.94;5.29711;0;0;0.1;0.01;0;5.8876;0;0;-1
0;1003;-35.2276;37.0916;60.6629;9.96828;4149.06;5.99378;0;0;0.1;0.01;0;6.29304;0;0;-1
0;1004;-38.3061;52.2592;63.843;9.47991;3568.63;5.70013;0;0;0.1;0.01;0;3.94459;0;0;-1
0;1005;-38.3145;67.9595;60.6996;9.61487;3723.22;5.78128;0;0;0.1;0.01;0;3.18382;0;0;-1
0;1006;-21.3173;-73.2332;63.7651;8.5;2572.44;5.11093;0;0;0.1;0.01;0;1.71284;1;0;-1
0;1007;-23.2928;-57.0285;62.2467;10.4;4711.82;6.25337;0;0;0.1;0.01;0;6.18601;0;0;-1
0;1008;-22.241;-40.8649;61.3908;10.2717;4539.58;6.17622;0;0;0.1;0.01;0;8.02894;0;0;-1
0;1009;-21.2992;-22.7368;63.66;8.53442;2603.82;5.13162;0;0;0.1;0.01;0;6.24323;0;0;-1
0;1010;-21.9758;-5.56792;62.1279;10.3597;4657.26;6.22914;0;0;0.1;0.01;0;6.43824;0;0;-1
0;1011;-22.1209;10.5183;60.8524;8.5;2572.44;5.11093;0;0;0.1;0.01;0;3.63279;1;0;-1
0;1012;-23.7874;26.8075;63.5238;9.01866;3072.66;5.42279;0;0;0.1;0.01;0;4.69322;0;0;-1
0;1013;-22.4061;44.4742;62.813;9.87176;4029.7;5.93575;0;0;0.1;0.01;0;6.77198;0;0;-1
0;1014;-21.8321;59.7007;60.1765;8.81698;2871.1;5.30152;0;0;0.1;0.01;0;5.43728;0;0;-1
0;1015;-7.87262;-67.6937;60.3425;8.52518;2595.37;5.12607;0;0;0.1;0.01;0;3.89248;0;0;-1
0;1016;-7.87149;-47.7044;63.1315;10.2311;4485.96;6.15181;0;0;0.1;0.01;0;6.71385;0;0;-1
0;1017;-5.56597;-29.8845;63.397;9.05885;3113.92;5.44696;0;0;0.1;0.01;0;6.57447;0;0;-1
0;1018;-6.85546;-15.3346;60.9677;8.54701;2615.36;5.13919;0;0;0.1;0.01;0;6.62579;0;0;-1
0;1019;-8.78415;0.619929;60.7715;8.5;2572.44;5.11093;0;0;0.1;0.01;0;4.7136;1;0;-1
0;1020;-6.95616;20.8304;60.3911;8.92528;2978.2;5.36664;0;0;0.1;0.01;0;4.61614;0;0;-1
0;1021;-8.83268;36.0118;63.5773;9.68264;3802.51;5.82203;0;0;0.1;0.01;0;7.0483;0;0;-1
0;1022;-6.47605;52.1423;61.0337;9.64341;3756.48;5.79844;0;0;0.1;0.01;0;7.58131;0;0;-1
0;1023;-7.43418;67.6681;60.8769;10.3052;4584.14;6.19637;0;0;0.1;0.01;0;4.9358;0;0;-1
0;1024;5.31999;-73.7697;61.9528;8.5;2572.44;5.11093;0;0;0.1;0.01;0;2.23751;1;0;-1
0;1025;6.87257;-57.4065;62.3032;10.176;4413.87;6.11868;0;0;0.1;0.01;0;5.81652;0;0;-1
0;1026;7.74671;-39.3565;61.0364;8.5;2572.44;5.11093;0;0;0.1;0.01;0;4.55199;1;0;-1
0;1027;6.38224;-22.6911;62.3444;9.92312;4092.92;5.96663;0;0;0.1;0.01;0;6.71032;0;0;-1
0;1028;9.17377;-6.37547;62.4689;10.2402;4497.94;6.15728;0;0;0.1;0.01;0;6.85796;0;0;-1
0;1029;8.78214;12.1967;62.2429;8.66534;2725.5;5.21034;0;0;0.1;0.01;0;4.78901;0;0;-1
0;1030;7.91444;26.3203;63.4089;8.5;2572.44;5.11093;0;0;0.1;0.01;0;5.49445;1;0;-1
0;1031;7.42305;42.0742;60.0828;10.2988;4575.6;6.19252;0;0;0.1;0.01;0;6.63404;0;0;-1
0;1032;6.6409;63.0844;63.2928;9.3194;3390.41;5.60362;0;0;0.1;0.01;0;4.6224;0;0;-1
0;1033;21.3012;-63.8661;60.9573;8.5;2572.44;5.11093;0;0;0.1;0.01;0;3.70137;1;0;-1
0;1034;23.2579;-50.2971;61.9521;8.5;2572.44;5.11093;0;0;0.1;0.01;0;4.43463;1;0;-1
0;1035;20.9393;-32.362;61.0286;8.5;2572.44;5.11093;0;0;0.1;0.01;0;3.83311;1;0;-1
0;1036;24.2167;-12.6695;60.3638;8.5;2572.44;5.11093;0;0;0.1;0.01;0;5.4059;1;0;-1
0;1037;20.6103;2.95366;61.7815;8.5;2572.44;5.11093;0;0;0.1;0.01;0;5.06442;1;0;-1
0;1038;23.08;19.7978;63.7354;10.3275;4613.96;6.20978;0;0;0.1;0.01;0;7.34241;0;0;-1
0;1039;21.9256;37.8446;63.1522;8.70203;2760.26;5.2324;0;0;0.1;0.01;0;5.6889;0;0;-1
0;1040;21.5769;53.1552;60.4247;8.5;2572.44;5.11093;0;0;0.1;0.01;0;5.29702;1;0;-1
0;1041;22.1354;69.1067;61.3915;9.0674;3122.75;5.4521;0;0;0.1;0.01;0;3.39126;0;0;-1
0;1042;34.665;-59.7295;63.5363;8.5;2572.44;5.11093;0;0;0.1;0.01;0;2.17426;1;0;-1
0;1043;36.1589;-39.3411;62.5697;9.23923;3303.66;5.55541;0;0;0.1;0.01;0;4.51378;0;0;-1
0;1044;38.1836;-22.8157;61.9005;8.81792;2872.02;5.30209;0;0;0.1;0.01;0;4.89446;0;0;-1
0;1045;35.7937;-5.05866;62.6064;8.95321;3006.25;5.38344;0;0;0.1;0.01;0;4.80225;0;0;-1
0;1046;38.2717;12.2889;61.3838;9.45337;3538.74;5.68417;0;0;0.1;0.01;0;5.64866;0;0;-1
0;1047;37.95;26.2065;60.251;8.5;2572.44;5.11093;0;0;0.1;0.01;0;6.73262;1;0;-1
0;1048;35.5231;43.3593;63.5213;9.23679;3301.05;5.55395;0;0;0.1;0.01;0;5.63053;0;0;-1
0;1049;38.6632;60.4744;63.3807;9.72555;3853.28;5.84783;0;0;0.1;0.01;0;3.94796;0;0;-1
0;1050;53.4557;-48.7312;61.7486;9.52246;3616.9;5.72572;0;0;0.1;0.01;0;3.22378;0;0;-1
0;1051;50.368;-33.3937;60.8813;8.5;2572.44;5.11093;0;0;0.1;0.01;0;4.87651;1;0;-1
0;1052;51.0258;-15.281;62.1399;9.58171;3684.83;5.76134;0;0;0.1;0.01;0;5.69716;0;0;-1
0;1053;50.0357;0.794854;62.6951;8.5;2572.44;5.11093;0;0;0.1;0.01;0;4.1285;1;0;-1
0;1054;50.5536;20.6986;60.9311;8.5;2572.44;5.11093;0;0;0.1;0.01;0;5.72235;1;0;-1
0;1055;50.8709;34.8078;61.8198;9.8158;3961.56;5.9021;0;0;0.1;0.01;0;6.017;0;0;-1
0;1056;53.6959;53.0071;62.7381;10.1404;4367.71;6.09728;0;0;0.1;0.01;0;3.14252;0;0;-1
0;1057;67.0777;-40.8573;60.897;10.4293;4751.76;6.27099;0;0;0.1;0.01;0;2.85243;0;0;-1
0;1058;64.4526;-21.519;62.1407;8.5;2572.44;5.11093;0;0;0.1;0.01;0;2.95821;1;0;-1
0;1059;64.4412;-5.43802;61.8691;8.5;2572.44;5.11093;0;0;0.1;0.01;0;4.08061;1;0;-1
0;1060;66.7705;9.19861;60.6537;9.7064;3830.57;5.83632;0;0;0.1;0.01;0;3.28709;0;0;-1
0;1061;65.1762;25.0289;60.1627;8.80062;2855.15;5.29169;0;0;0.1;0.01;0;2.81926;0;0;-1
0;1062;-54.4202;-23.7673;75.9838;9.34551;3418.99;5.61932;0;0;0.1;0.01;0;3.60241;0;0;-1
0;1063;-56.5114;-4.70135;78.7069;8.5;2572.44;5.11093;0;0;0.1;0.01;0;1.66221;1;0;-1
0;1064;-54.9452;10.681;76.241;9.32397;3395.4;5.60637;0;0;0.1;0.01;0;3.90495;0;0;-1
0;1065;-56.4431;29.7236;75.0166;10.447;4775.99;6.28163;0;0;0.1;0.01;0;3.23371;0;0;-1
0;1066;-40.0319;-48.9628;77.0283;8.5;2572.44;5.11093;0;0;0.1;0.01;0;2.24483;1;0;-1
0;1067;-42.2517;-30.7968;77.7912;8.79456;2849.25;5.28804;0;0;0.1;0.01;0;4.74903;0;0;-1
0;1068;-40.4005;-15.9254;75.0959;9.98709;4172.59;6.00509;0;0;0.1;0.01;0;6.54622;0;0;-1
0;1069;-40.4518;2.86686;77.9476;9.51488;3608.27;5.72116;0;0;0.1;0.01;0;5.73003;0;0;-1
0;1070;-41.6338;17.7765;74.6503;8.54694;2615.29;5.13915;0;0;0.1;0.01;0;5.54879;0;0;-1
0;1071;-39.3201;33.6827;76.4766;9.87209;4030.1;5.93594;0;0;0.1;0.01;0;4.14312;0;0;-1
0;1072;-24.3906;-55.1617;76.9402;9.73996;3870.44;5.8565;0;0;0.1;0.01;0;3.46783;0;0;-1
0;1073;-26.2702;-40.8474;74.9541;9.02504;3079.19;5.42663;0;0;0.1;0.01;0;5.50427;0;0;-1
0;1074;-27.4701;-23.1577;76.5348;10.0637;4269.35;6.05116;0;0;0.1;0.01;0;7.01343;0;0;-1
0;1075;-27.2497;-4.52085;77.8996;9.34698;3420.6;5.6202;0;0;0.1;0.01;0;6.55023;0;0;-1
0;1076;-24.9811;12.2897;77.0439;9.04555;3100.23;5.43896;0;0;0.1;0.01;0;5.77438;0;0;-1
0;1077;-25.786;26.5317;77.2984;9.31413;3384.66;5.60045;0;0;0.1;0.01;0;5.89706;0;0;-1
0;1078;-25.343;43.7277;77.7624;9.28589;3353.97;5.58347;0;0;0.1;0.01;0;3.80791;0;0;-1
0;1079;-10.0644;-47.8135;76.4015;8.80812;2862.45;5.29619;0;0;0.1;0.01;0;4.92399;0;0;-1
0;1080;-12.4521;-31.1433;76.4162;10.2266;4480.05;6.14911;0;0;0.1;0.01;0;7.47915;0;0;-1
0;1081;-12.8024;-16.1721;74.6158;9.40462;3484.27;5.65486;0;0;0.1;0.01;0;7.35193;0;0;-1
0;1082;-13.5642;0.325972;78.4967;10.2202;4471.64;6.14526;0;0;0.1;0.01;0;6.59482;0;0;-1
0;1083;-11.4809;20.5711;78.3221;8.95194;3004.97;5.38267;0;0;0.1;0.01;0;5.80988;0;0;-1
0;1084;-10.8855;36.5079;76.7778;10.0821;4292.81;6.06222;0;0;0.1;0.01;0;7.2755;0;0;-1
0;1085;-11.9874;51.5982;76.3127;9.93362;4105.93;5.97294;0;0;0.1;0.01;0;4.78319;0;0;-1
0;1086;3.54455;-58.8473;76.6025;10.3992;4710.73;6.25289;0;0;0.1;0.01;0;3.37165;0;0;-1
0;1087;1.37861;-42.2279;78.4823;8.5;2572.44;5.11093;0;0;0.1;0.01;0;4.97651;1;0;-1
0;1088;4.76811;-23.2452;76.3323;10.0445;4244.96;6.03961;0;0;0.1;0.01;0;6.80644;0;0;-1
0;1089;1.29738;-7.59531;78.247;9.92445;4094.57;5.96743;0;0;0.1;0.01;0;6.26802;0;0;-1
0;1090;3.27267;11.4172;77.6374;8.90179;2954.75;5.35252;0;0;0.1;0.01;0;4.54032;0;0;-1
0;1091;1.50577;27.3581;77.7787;9.65841;3774.03;5.80746;0;0;0.1;0.01;0;7.23884;0;0;-1
0;1092;2.54191;42.4938;76.4675;10.3015;4579.2;6.19414;0;0;0.1;0.01;0;6.33615;0;0;-1
0;1093;4.04413;61.3698;76.5686;9.70352;3827.16;5.83459;0;0;0.1;0.01;0;3.29198;0;0;-1
0;1094;16.4731;-49.6027;74.9929;8.82222;2876.22;5.30467;0;0;0.1;0.01;0;3.51562;0;0;-1
0;1095;17.467;-30.7395;77.8449;9.94785;4123.6;5.9815;0;0;0.1;0.01;0;6.04354;0;0;-1
0;1096;18.4964;-13.1208;74.6094;9.11763;3174.93;5.4823;0;0;0.1;0.01;0;6.14115;0;0;-1
0;1097;16.7236;3.34057;76.3017;8.78297;2838;5.28107;0;0;0.1;0.01;0;5.25237;0;0;-1
0;1098;18.4089;20.1254;76.7548;8.5;2572.44;5.11093;0;0;0.1;0.01;0;5.81118;1;0;-1
0;1099;18.6043;33.9788;76.0075;10.0972;4312.13;6.0713;0;0;0.1;0.01;0;7.30772;0;0;-1
0;1100;18.5698;54.4273;76.1394;9.59276;3697.6;5.76799;0;0;0.1;0.01;0;3.60386;0;0;-1
0;1101;32.5522;-40.2007;76.4289;10.1849;4425.47;6.12403;0;0;0.1;0.01;0;3.81227;0;0;-1
0;1102;31.2468;-22.9466;78.5514;10.1291;4353.13;6.09048;0;0;0.1;0.01;0;5.58352;0;0;-1
0;1103;31.177;-5.9876;77.3433;8.5572;2624.72;5.14532;0;0;0.1;0.01;0;5.20093;0;0;-1
0;1104;32.3729;11.7424;76.1694;9.07028;3125.72;5.45383;0;0;0.1;0.01;0;4.46348;0;0;-1
0;1105;34.5183;28.4093;76.6461;10.3011;4578.67;6.1939;0;0;0.1;0.01;0;5.87678;0;0;-1
0;1106;30.9539;46.4962;78.1574;10.3268;4613.03;6.20935;0;0;0.1;0.01;0;4.17115;0;0;-1
0;1107;49.0852;-30.3967;78.6675;9.26179;3327.92;5.56898;0;0;0.1;0.01;0;1.69066;0;0;-1
0;1108;45.4474;-13.8851;75.3063;8.5304;2600.14;5.12921;0;0;0.1;0.01;0;4.76128;0;0;-1
0;1109;47.4442;0.39863;77.9792;8.55106;2619.08;5.14163;0;0;0.1;0.01;0;3.45274;0;0;-1
0;1110;48.3205;20.0369;74.9176;9.58572;3689.46;5.76375;0;0;0.1;0.01;0;3.87099;0;0;-1
0;1111;49.0084;36.242;77.4629;8.5;2572.44;5.11093;0;0;0.1;0.01;0;2.34345;1;0;-1
0;1112;60.4404;-6.1045;78.4473;8.5;2572.44;5.11093;0;0;0.1;0.01;0;1.5931;1;0;-1
0;1113;-36.2686;-15.7335;89.6394;9.8315;3980.59;5.91154;0;0;0.1;0.01;0;4.24695;0;0;-1
0;1114;-36.4149;1.56566;91.2433;8.5;2572.44;5.11093;0;0;0.1;0.01;0;3.92145;1;0;-1
0;1115;-38.4465;16.9521;89.8843;10.0141;4206.53;6.02133;0;0;0.1;0.01;0;3.77158;0;0;-1
0;1116;-21.1035;-24.4723;90.0497;10.4526;4783.67;6.285;0;0;0.1;0.01;0;4.94957;0;0;-1
0;1117;-23.4155;-6.36249;93.0714;10.0382;4236.98;6.03582;0;0;0.1;0.01;0;4.54147;0;0;-1
0;1118;-22.741;11.6907;89.7669;8.5;2572.44;5.11093;0;0;0.1;0.01;0;4.56356;1;0;-1
0;1119;-21.627;27.6371;93.374;10.1704;4406.59;6.11531;0;0;0.1;0.01;0;3.63754;0;0;-1
0;1120;-7.47976;-31.4713;90.794;9.99572;4183.41;6.01028;0;0;0.1;0.01;0;4.74512;0;0;-1
0;1121;-8.53424;-14.01;89.4488;9.49792;3589.01;5.71096;0;0;0.1;0.01;0;6.43273;0;0;-1
0;1122;-6.51355;1.18151;92.6648;9.92513;4095.41;5.96784;0;0;0.1;0.01;0;5.31154;0;0;-1
0;1123;-5.80716;19.1337;93.3212;10.3778;4681.71;6.24002;0;0;0.1;0.01;0;5.37683;0;0;-1
0;1124;-7.60978;35.0378;92.3593;8.5;2572.44;5.11093;0;0;0.1;0.01;0;3.70961;1;0;-1
0;1125;5.42198;-38.5672;92.1433;8.64182;2703.36;5.1962;0;0;0.1;0.01;0;2.77306;0;0;-1
0;1126;6.63482;-23.3636;92.1223;9.97299;4154.94;5.99661;0;0;0.1;0.01;0;4.85903;0;0;-1
0;1127;7.3287;-5.04361;91.6084;9.76217;3896.98;5.86985;0;0;0.1;0.01;0;4.37099;0;0;-1
0;1128;6.66659;10.8052;91.2102;9.29955;3368.79;5.59168;0;0;0.1;0.01;0;4.12429;0;0;-1
0;1129;6.09903;28.7522;90.0619;9.47028;3557.76;5.69434;0;0;0.1;0.01;0;5.33248;0;0;-1
0;1130;23.7549;-31.9701;89.8635;8.5;2572.44;5.11093;0;0;0.1;0.01;0;2.94902;1;0;-1
0;1131;20.7076;-13.4721;89.3556;8.96289;3016.01;5.38926;0;0;0.1;0.01;0;4.82303;0;0;-1
0;1132;22.7956;0.119063;90.1675;8.56343;2630.46;5.14907;0;0;0.1;0.01;0;3.46913;0;0;-1
0;1133;20.0093;20.8179;90.9651;8.88242;2935.5;5.34087;0;0;0.1;0.01;0;3.25181;0;0;-1
0;1134;20.8922;36.716;90.3429;8.61361;2676.97;5.17924;0;0;0.1;0.01;0;2.7198;0;0;-1
0;1135;37.3209;-7.80351;89.7299;9.767;3902.76;5.87276;0;0;0.1;0.01;0;3.63693;0;0;-1
0;1136;35.4247;9.72552;91.167;8.5238;2594.11;5.12524;0;0;0.1;0.01;0;1.96363;0;0;-1
