Time;ID;x;y;z;radius;volume_total;radius_nuclear;contact_ECM;freezer;polarized_fraction;motility;cell_line;Cell_cell;phase;Cycle;NFkB
0;0;-51.3234;-4.6113;-83.4214;8.5;2572.44;5.11093;0;0;0.1;0.01;0;2.64537;1;0;-1
0;1;-37.4355;-33.3436;-84.6874;9.8791;4038.69;5.94016;0;0;0.1;0.01;0;2.67486;0;0;-1
0;2;-37.66;-13.8264;-86.4863;8.5;2572.44;5.11093;0;0;0.1;0.01;0;2.65128;1;0;-1
0;3;-38.5095;0.471407;-85.5924;8.93259;2985.53;5.37104;0;0;0.1;0.01;0;2.49581;0;0;-1
0;4;-35.4883;20.607;-84.3367;10.0373;4235.84;6.03528;0;0;0.1;0.01;0;3.05409;0;0;-1
0;5;-21.8004;-40.6283;-87.2641;9.31441;3384.97;5.60062;0;0;0.1;0.01;0;2.80693;0;0;-1
0;6;-20.5488;-22.4;-85.931;8.72424;2781.45;5.24576;0;0;0.1;0.01;0;4.23963;0;0;-1
0;7;-21.032;-8.41776;-84.5128;8.68751;2746.47;5.22367;0;0;0.1;0.01;0;4.10687;0;0;-1
0;8;-20.3047;10.7202;-85.9746;8.9461;2999.09;5.37916;0;0;0.1;0.01;0;3.3936;0;0;-1
0;9;-22.2959;28.7631;-84.0047;9.1147;3171.87;5.48054;0;0;0.1;0.01;0;3.81361;0;0;-1
0;10;-8.84332;-49.3341;-83.4177;10.3831;4688.89;6.24321;0;0;0.1;0.01;0;3.61008;0;0;-1
0;11;-7.09699;-30.7527;-87.1655;9.25676;3322.5;5.56596;0;0;0.1;0.01;0;4.75257;0;0;-1
0;12;-6.80704;-16.6187;-86.2519;8.92614;2979.06;5.36716;0;0;0.1;0.01;0;5.07672;0;0;-1
0;13;-6.59233;0.1411;-85.5135;10.1914;4433.94;6.12794;0;0;0.1;0.01;0;5.0208;0;0;-1
0;14;-7.56477;20.0318;-83.76;10.1998;4444.92;6.13299;0;0;0.1;0.01;0;5.00676;0;0;-1
0;15;-7.67841;38.2916;-83.9356;9.71243;3837.71;5.83994;0;0;0.1;0.01;0;3.32137;0;0;-1
0;16;7.44424;-40.8726;-85.9534;10.0896;4302.4;6.06673;0;0;0.1;0.01;0;4.8473;0;0;-1
0;17;6.40194;-24.2365;-83.4888;10.0954;4309.82;6.07022;0;0;0.1;0.01;0;6.03725;0;0;-1
0;18;8.72635;-6.01784;-85.8346;8.76963;2825.09;5.27305;0;0;0.1;0.01;0;3.89407;0;0;-1
0;19;6.4802;10.9345;-86.7603;8.73724;2793.9;5.25358;0;0;0.1;0.01;0;2.66821;0;0;-1
0;20;7.75596;27.7536;-87.3935;8.84193;2895.54;5.31652;0;0;0.1;0.01;0;3.18323;0;0;-1
0;21;8.87663;45.3821;-83.5779;10.2972;4573.47;6.19156;0;0;0.1;0.01;0;3.80166;0;0;-1
0;22;20.2452;-49.1541;-84.4949;9.44966;3534.57;5.68194;0;0;0.1;0.01;0;3.23506;0;0;-1
0;23;23.3356;-34.035;-86.663;10.0918;4305.21;6.06805;0;0;0.1;0.01;0;5.1238;0;0;-1
0;24;20.6076;-15.7262;-84.9676;8.5;2572.44;5.11093;0;0;0.1;0.01;0;3.28172;1;0;-1
0;25;22.4799;3.45176;-86.8699;8.58914;2654.22;5.16453;0;0;0.1;0.01;0;3.59178;0;0;-1
0;26;23.632;20.3892;-84.4884;8.88816;2941.2;5.34432;0;0;0.1;0.01;0;4.47597;0;0;-1
0;27;23.547;37.7414;-84.8664;9.8457;3997.87;5.92008;0;0;0.1;0.01;0;3.69214;0;0;-1
0;28;36.353;-40.1962;-83.6467;9.99562;4183.29;6.01022;0;0;0.1;0.01;0;3.76907;0;0;-1
0;29;35.4686;-25.5469;-86.1205;8.5;2572.44;5.11093;0;0;0.1;0.01;0;3.0164;1;0;-1
0;30;37.2095;-5.59611;-85.2982;10.2046;4451.19;6.13588;0;0;0.1;0.01;0;2.52966;0;0;-1
0;31;36.5592;10.8591;-83.9689;10.2277;4481.49;6.14977;0;0;0.1;0.01;0;3.93974;0;0;-1
0;32;37.5888;26.977;-83.9281;10.0868;4298.82;6.06505;0;0;0.1;0.01;0;4.35781;0;0;-1
0;33;-70.5265;-14.7649;-69.3764;9.3986;3477.59;5.65124;0;0;0.1;0.01;0;2.28022;0;0;-1
0;34;-57.8083;-39.4495;-71.3424;9.97762;4160.73;5.9994;0;0;0.1;0.01;0;3.10604;0;0;-1
0;35;-56.6654;-25.1886;-72.4951;9.30194;3371.39;5.59312;0;0;0.1;0.01;0;3.99555;0;0;-1
0;36;-54.7612;-8.89308;-70.8511;8.5;2572.44;5.11093;0;0;0.1;0.01;0;4.50566;1;0;-1
0;37;-56.292;9.85651;-69.7952;10.3383;4628.45;6.21627;0;0;0.1;0.01;0;3.50799;0;0;-1
0;38;-57.7872;28.4751;-71.5046;8.5;2572.44;5.11093;0;0;0.1;0.01;0;2.15887;1;0;-1
0;39;-54.6542;46.9029;-68.5797;9.52835;3623.61;5.72926;0;0;0.1;0.01;0;3.24158;0;0;-1
0;40;-41.5491;-51.3115;-72.6778;9.08313;3139.03;5.46155;0;0;0.1;0.01;0;2.11193;0;0;-1
0;41;-41.3934;-30.4507;-70.9824;9.44447;3528.75;5.67882;0;0;0.1;0.01;0;5.73848;0;0;-1
0;42;-42.2329;-16.625;-69.6688;10.4347;4759.14;6.27423;0;0;0.1;0.01;0;6.8571;0;0;-1
0;43;-39.416;1.73033;-69.097;8.5;2572.44;5.11093;0;0;0.1;0.01;0;4.22343;1;0;-1
0;44;-42.3651;16.7623;-69.0625;8.5;2572.44;5.11093;0;0;0.1;0.01;0;5.5136;1;0;-1
0;45;-42.4226;34.2496;-69.8602;9.48534;3574.76;5.7034;0;0;0.1;0.01;0;5.21476;0;0;-1
0;46;-41.2141;53.4641;-69.4173;8.5;2572.44;5.11093;0;0;0.1;0.01;0;3.80503;1;0;-1
0;47;-26.5809;-57.1979;-70.3597;8.69547;2754.02;5.22846;0;0;0.1;0.01;0;4.02412;0;0;-1
0;48;-28.558;-42.589;-68.4905;10.4235;4743.83;6.2675;0;0;0.1;0.01;0;6.38739;0;0;-1
0;49;-26.2548;-24.7397;-70.6787;8.78999;2844.81;5.28529;0;0;0.1;0.01;0;5.81446;0;0;-1
0;50;-24.7278;-8.8108;-71.8604;8.5;2572.44;5.11093;0;0;0.1;0.01;0;4.47385;1;0;-1
0;51;-26.8797;11.1051;-69.6489;9.33999;3412.93;5.616;0;0;0.1;0.01;0;5.34989;0;0;-1
0;52;-26.0041;26.9262;-69.2406;10.0291;4225.46;6.03035;0;0;0.1;0.01;0;6.56844;0;0;-1
0;53;-27.6179;43.7324;-70.6722;9.33376;3406.11;5.61225;0;0;0.1;0.01;0;4.6014;0;0;-1
0;54;-27.1629;62.1934;-69.8063;9.79464;3935.99;5.88937;0;0;0.1;0.01;0;3.74008;0;0;-1
0;55;-13.5677;-63.8507;-69.0139;9.87774;4037.02;5.93934;0;0;0.1;0.01;0;4.04132;0;0;-1
0;56;-13.8228;-48.135;-68.3399;8.5;2572.44;5.11093;0;0;0.1;0.01;0;5.7211;1;0;-1
0;57;-11.3458;-31.1846;-72.612;8.91585;2968.77;5.36097;0;0;0.1;0.01;0;5.09837;0;0;-1
0;58;-12.6993;-15.051;-70.9706;9.29638;3365.35;5.58978;0;0;0.1;0.01;0;6.588;0;0;-1
0;59;-9.94963;1.96481;-71.7784;9.45092;3535.99;5.6827;0;0;0.1;0.01;0;5.80847;0;0;-1
0;60;-11.646;16.5859;-70.1477;8.82064;2874.68;5.30372;0;0;0.1;0.01;0;5.34408;0;0;-1
0;61;-11.8846;36.6298;-70.9308;9.09843;3154.92;5.47075;0;0;0.1;0.01;0;4.64964;0;0;-1
0;62;-10.7504;55.0812;-70.3573;9.75011;3882.55;5.8626;0;0;0.1;0.01;0;3.31331;0;0;-1
0;63;2.17587;-56.2439;-69.0654;9.01971;3073.73;5.42342;0;0;0.1;0.01;0;4.73781;0;0;-1
0;64;3.94403;-40.1475;-72.0491;8.76763;2823.16;5.27185;0;0;0.1;0.01;0;5.2006;0;0;-1
0;65;2.71819;-22.8978;-68.5032;10.2393;4496.76;6.15674;0;0;0.1;0.01;0;7.0707;0;0;-1
0;66;4.34214;-7.97715;-72.0181;9.90275;4067.77;5.95438;0;0;0.1;0.01;0;6.59449;0;0;-1
0;67;2.3527;10.1648;-69.2167;8.5;2572.44;5.11093;0;0;0.1;0.01;0;4.96715;1;0;-1
0;68;4.40346;26.793;-69.6952;8.5;2572.44;5.11093;0;0;0.1;0.01;0;4.49028;1;0;-1
0;69;4.43558;45.7946;-70.549;9.40266;3482.1;5.65368;0;0;0.1;0.01;0;6.07079;0;0;-1
0;70;3.50678;63.7166;-70.1497;9.87208;4030.09;5.93594;0;0;0.1;0.01;0;3.45346;0;0;-1
0;71;16.3307;-66.2691;-69.9001;9.33398;3406.35;5.61239;0;0;0.1;0.01;0;2.89102;0;0;-1
0;72;15.9704;-47.1676;-70.9247;8.71329;2770.99;5.23917;0;0;0.1;0.01;0;4.75299;0;0;-1
0;73;19.2591;-30.2026;-70.876;10.2304;4485.04;6.15139;0;0;0.1;0.01;0;6.89101;0;0;-1
0;74;16.4059;-14.0922;-69.2257;8.5;2572.44;5.11093;0;0;0.1;0.01;0;6.69877;1;0;-1
0;75;16.9965;1.22394;-71.3307;9.24351;3308.26;5.55799;0;0;0.1;0.01;0;5.441;0;0;-1
0;76;16.0029;18.2062;-69.2099;8.72477;2781.96;5.24608;0;0;0.1;0.01;0;4.98808;0;0;-1
0;77;17.3111;35.4433;-70.6336;9.03495;3089.34;5.43258;0;0;0.1;0.01;0;5.48858;0;0;-1
0;78;19.4561;55.0774;-70.2781;10.194;4437.34;6.1295;0;0;0.1;0.01;0;4.06584;0;0;-1
0;79;31.0799;-57.7973;-69.4709;8.5;2572.44;5.11093;0;0;0.1;0.01;0;3.35993;1;0;-1
0;80;31.7631;-38.5285;-68.4288;9.87873;4038.24;5.93994;0;0;0.1;0.01;0;6.27518;0;0;-1
0;81;32.0191;-21.827;-69.6516;8.5;2572.44;5.11093;0;0;0.1;0.01;0;4.93436;1;0;-1
0;82;33.3336;-6.34106;-68.8107;9.53103;3626.67;5.73087;0;0;0.1;0.01;0;5.5705;0;0;-1
0;83;30.5683;12.4426;-71.2992;9.73152;3860.39;5.85142;0;0;0.1;0.01;0;6.4539;0;0;-1
0;84;33.6239;28.6027;-68.5228;10.0382;4236.98;6.03582;0;0;0.1;0.01;0;6.88786;0;0;-1
0;85;34.0102;43.7447;-71.9718;8.5;2572.44;5.11093;0;0;0.1;0.01;0;4.23471;1;0;-1
0;86;46.3686;-51.2918;-68.9101;9.61922;3728.28;5.7839;0;0;0.1;0.01;0;2.75889;0;0;-1
0;87;45.9797;-30.4813;-71.9491;9.01313;3067.01;5.41946;0;0;0.1;0.01;0;4.3341;0;0;-1
0;88;47.5541;-13.4209;-71.9999;9.9526;4129.51;5.98435;0;0;0.1;0.01;0;4.86561;0;0;-1
0;89;45.3306;1.65504;-69.0603;8.5;2572.44;5.11093;0;0;0.1;0.01;0;5.76236;1;0;-1
0;90;47.3068;17.1282;-68.9536;10.3912;4699.87;6.24808;0;0;0.1;0.01;0;6.38424;0;0;-1
0;91;48.9684;36.882;-71.9513;10.2103;4458.66;6.13931;0;0;0.1;0.01;0;3.53439;0;0;-1
0;92;46.7;54.113;-69.002;8.5;2572.44;5.11093;0;0;0.1;0.01;0;2.53728;1;0;-1
0;93;60.0248;-25.6665;-72.0508;10.0688;4275.84;6.05422;0;0;0.1;0.01;0;2.75013;0;0;-1
0;94;62.5657;-5.60773;-71.9216;8.73835;2794.97;5.25424;0;0;0.1;0.01;0;2.33372;0;0;-1
0;95;61.3304;9.87433;-68.8434;9.81409;3959.49;5.90107;0;0;0.1;0.01;0;3.63306;0;0;-1
0;96;-80.3925;-8.31364;-55.411;9.69228;3813.88;5.82783;0;0;0.1;0.01;0;2.96196;0;0;-1
0;97;-80.1236;12.4627;-54.3306;8.7296;2786.58;5.24898;0;0;0.1;0.01;0;2.61396;0;0;-1
0;98;-65.7614;-48.4213;-54.2759;10.1245;4347.2;6.08771;0;0;0.1;0.01;0;4.67949;0;0;-1
0;99;-67.7002;-33.8748;-55.4085;8.95215;3005.18;5.3828;0;0;0.1;0.01;0;3.30478;0;0;-1
0;100;-65.552;-12.6509;-56.3778;8.50736;2579.13;5.11535;0;0;0.1;0.01;0;4.00136;0;0;-1
0;101;-64.5991;1.73533;-53.9681;9.72048;3847.26;5.84478;0;0;0.1;0.01;0;5.33351;0;0;-1
0;102;-68.0116;19.6485;-57.7802;8.68328;2742.46;5.22113;0;0;0.1;0.01;0;3.53572;0;0;-1
0;103;-66.4431;35.4415;-55.5554;8.5;2572.44;5.11093;0;0;0.1;0.01;0;3.49143;1;0;-1
0;104;-52.2486;-59.3436;-54.8731;9.7421;3872.99;5.85778;0;0;0.1;0.01;0;4.06051;0;0;-1
0;105;-52.9147;-42.3698;-57.5606;8.54632;2614.73;5.13878;0;0;0.1;0.01;0;4.59127;0;0;-1
0;106;-51.321;-24.6938;-57.8039;8.5;2572.44;5.11093;0;0;0.1;0.01;0;4.56965;1;0;-1
0;107;-49.86;-4.79352;-57.1203;9.83619;3986.29;5.91436;0;0;0.1;0.01;0;6.42209;0;0;-1
0;108;-51.7465;12.0418;-54.388;9.7551;3888.52;5.8656;0;0;0.1;0.01;0;7.06078;0;0;-1
0;109;-51.0331;27.8557;-57.8105;10.3779;4681.85;6.24008;0;0;0.1;0.01;0;6.92957;0;0;-1
0;110;-52.1408;44.806;-54.0123;9.75705;3890.85;5.86677;0;0;0.1;0.01;0;6.19891;0;0;-1
0;111;-50.5761;59.7299;-54.4383;10.0947;4308.92;6.0698;0;0;0.1;0.01;0;5.15086;0;0;-1
0;112;-38.6614;-66.5833;-56.3486;9.78686;3926.62;5.8847;0;0;0.1;0.01;0;4.10207;0;0;-1
0;113;-38.3697;-51.049;-54.5685;9.22818;3291.83;5.54877;0;0;0.1;0.01;0;5.1919;0;0;-1
0;114;-36.5544;-31.2288;-56.246;9.62245;3732.03;5.78584;0;0;0.1;0.01;0;6.18224;0;0;-1
0;115;-36.5234;-14.8546;-55.7956;10.2702;4537.59;6.17532;0;0;0.1;0.01;0;6.81788;0;0;-1
0;116;-37.7547;2.4394;-54.378;8.98033;3033.65;5.39974;0;0;0.1;0.01;0;5.52275;0;0;-1
0;117;-36.0789;20.9956;-57.0192;10.2728;4541.04;6.17689;0;0;0.1;0.01;0;7.54187;0;0;-1
0;118;-35.208;36.6513;-55.0656;8.75833;2814.18;5.26626;0;0;0.1;0.01;0;6.65493;0;0;-1
0;119;-36.9983;51.281;-56.5102;10.0445;4244.96;6.03961;0;0;0.1;0.01;0;6.94599;0;0;-1
0;120;-35.9306;70.3126;-57.9301;10.4064;4720.52;6.25722;0;0;0.1;0.01;0;4.27303;0;0;-1
0;121;-23.9314;-76.0242;-57.3288;9.56038;3660.28;5.74852;0;0;0.1;0.01;0;3.14528;0;0;-1
0;122;-21.8296;-56.2134;-56.4059;9.42137;3502.92;5.66493;0;0;0.1;0.01;0;6.51188;0;0;-1
0;123;-21.0903;-40.4622;-54.8491;10.0066;4197.09;6.01682;0;0;0.1;0.01;0;6.98309;0;0;-1
0;124;-23.6221;-22.5414;-56.7438;9.91108;4078.04;5.95939;0;0;0.1;0.01;0;6.87717;0;0;-1
0;125;-21.5833;-7.15235;-56.3416;8.98657;3039.98;5.40349;0;0;0.1;0.01;0;5.63002;0;0;-1
0;126;-22.4133;9.00175;-55.9831;9.44496;3529.3;5.67912;0;0;0.1;0.01;0;4.79992;0;0;-1
0;127;-21.4033;25.5995;-55.5852;8.61865;2681.68;5.18227;0;0;0.1;0.01;0;5.26481;0;0;-1
0;128;-21.782;42.3086;-56.7039;8.5;2572.44;5.11093;0;0;0.1;0.01;0;5.12189;1;0;-1
0;129;-22.1151;63.2063;-54.4616;10.3642;4663.33;6.23184;0;0;0.1;0.01;0;7.13731;0;0;-1
0;130;-22.0256;77.9742;-57.0149;9.14647;3205.16;5.49964;0;0;0.1;0.01;0;3.52697;0;0;-1
0;131;-9.28548;-80.7875;-56.0074;8.5;2572.44;5.11093;0;0;0.1;0.01;0;2.47043;1;0;-1
0;132;-5.77064;-65.6689;-55.7474;9.0412;3095.76;5.43634;0;0;0.1;0.01;0;4.74689;0;0;-1
0;133;-6.23382;-47.1124;-55.1224;9.62786;3738.33;5.78909;0;0;0.1;0.01;0;5.88199;0;0;-1
0;134;-8.77098;-29.918;-54.6133;9.80216;3945.06;5.8939;0;0;0.1;0.01;0;5.57761;0;0;-1
0;135;-8.94349;-14.1428;-55.4212;8.61231;2675.76;5.17846;0;0;0.1;0.01;0;5.84066;0;0;-1
0;136;-7.069;0.36559;-56.7202;8.5;2572.44;5.11093;0;0;0.1;0.01;0;5.33766;1;0;-1
0;137;-5.92479;20.9939;-55.1483;10.3787;4682.93;6.24056;0;0;0.1;0.01;0;6.33227;0;0;-1
0;138;-8.23944;36.9558;-55.4922;10.3709;4672.38;6.23587;0;0;0.1;0.01;0;6.41039;0;0;-1
0;139;-5.82959;54.9379;-55.1062;10.4463;4775.03;6.28121;0;0;0.1;0.01;0;6.18439;0;0;-1
0;140;-8.71908;70.3295;-55.1305;8.9171;2970.02;5.36172;0;0;0.1;0.01;0;3.30323;0;0;-1
0;141;8.98411;-74.3231;-56.9033;8.95921;3012.3;5.38704;0;0;0.1;0.01;0;3.46724;0;0;-1
0;142;6.86169;-58.0818;-56.2122;9.9375;4110.74;5.97527;0;0;0.1;0.01;0;6.12431;0;0;-1
0;143;7.3424;-41.7045;-54.936;8.5;2572.44;5.11093;0;0;0.1;0.01;0;4.37955;1;0;-1
0;144;9.4015;-22.7166;-56.6014;9.348;3421.72;5.62082;0;0;0.1;0.01;0;6.49713;0;0;-1
0;145;6.03009;-8.01945;-56.8634;9.37777;3454.52;5.63872;0;0;0.1;0.01;0;6.47253;0;0;-1
0;146;5.60606;9.72242;-55.242;8.95394;3006.98;5.38387;0;0;0.1;0.01;0;4.27746;0;0;-1
0;147;8.44582;27.7497;-53.9549;10.1128;4332.14;6.08068;0;0;0.1;0.01;0;6.67561;0;0;-1
0;148;8.534;44.9748;-55.9776;10.2821;4553.38;6.18248;0;0;0.1;0.01;0;7.63818;0;0;-1
0;149;8.84249;59.8444;-57.712;8.76315;2818.83;5.26915;0;0;0.1;0.01;0;5.80967;0;0;-1
0;150;8.56829;79.8445;-54.343;9.33081;3402.88;5.61048;0;0;0.1;0.01;0;2.80727;0;0;-1
0;151;22.28;-64.261;-56.6555;9.79249;3933.4;5.88808;0;0;0.1;0.01;0;4.96704;0;0;-1
0;152;24.1809;-49.9883;-53.7186;8.97699;3030.27;5.39773;0;0;0.1;0.01;0;5.40024;0;0;-1
0;153;20.2901;-32.616;-55.2904;9.10775;3164.62;5.47636;0;0;0.1;0.01;0;5.15268;0;0;-1
0;154;20.5215;-12.7134;-57.3689;9.31056;3380.77;5.5983;0;0;0.1;0.01;0;6.00991;0;0;-1
0;155;23.6288;1.42006;-56.4456;9.29185;3360.43;5.58705;0;0;0.1;0.01;0;5.67914;0;0;-1
0;156;23.7531;20.6596;-55.7403;10.1452;4373.92;6.10016;0;0;0.1;0.01;0;6.42699;0;0;-1
0;157;22.6879;38.2412;-56.2103;10.0929;4306.62;6.06871;0;0;0.1;0.01;0;7.04114;0;0;-1
0;158;22.9272;54.375;-53.978;10.4336;4757.64;6.27357;0;0;0.1;0.01;0;7.09831;0;0;-1
0;159;22.0541;70.5703;-57.6907;9.08793;3144.01;5.46444;0;0;0.1;0.01;0;2.4701;0;0;-1
0;160;38.5715;-56.0251;-56.4275;9.06067;3115.8;5.44805;0;0;0.1;0.01;0;4.55448;0;0;-1
0;161;34.9361;-38.36;-54.7197;8.60039;2664.67;5.17129;0;0;0.1;0.01;0;5.3253;0;0;-1
0;162;38.5246;-25.1;-56.4569;9.04343;3098.05;5.43768;0;0;0.1;0.01;0;5.60503;0;0;-1
0;163;37.2073;-5.69447;-54.8329;8.57831;2644.2;5.15801;0;0;0.1;0.01;0;5.96635;0;0;-1
0;164;38.4585;8.33613;-55.4097;9.23354;3297.56;5.55199;0;0;0.1;0.01;0;6.96373;0;0;-1
0;165;38.8686;25.4358;-54.6077;9.85015;4003.29;5.92275;0;0;0.1;0.01;0;6.32738;0;0;-1
0;166;36.7813;46.1502;-56.6477;9.17439;3234.6;5.51643;0;0;0.1;0.01;0;5.85615;0;0;-1
0;167;36.3646;60.7333;-54.1176;8.5;2572.44;5.11093;0;0;0.1;0.01;0;4.5409;1;0;-1
0;168;52.8865;-50.959;-56.0591;8.97539;3028.65;5.39677;0;0;0.1;0.01;0;3.2865;0;0;-1
0;169;52.0647;-31.086;-54.1354;9.95776;4135.93;5.98746;0;0;0.1;0.01;0;5.73153;0;0;-1
0;170;52.9077;-15.0622;-54.3821;8.5;2572.44;5.11093;0;0;0.1;0.01;0;5.22816;1;0;-1
0;171;52.2468;0.0401834;-54.3872;9.99184;4178.54;6.00795;0;0;0.1;0.01;0;7.51394;0;0;-1
0;172;51.1909;18.0863;-56.0379;9.0008;3054.44;5.41205;0;0;0.1;0.01;0;6.79134;0;0;-1
0;173;52.9403;34.0773;-55.7673;9.24176;3306.38;5.55694;0;0;0.1;0.01;0;5.31134;0;0;-1
0;174;52.6956;55.2594;-56.5071;10.1122;4331.37;6.08032;0;0;0.1;0.01;0;4.26972;0;0;-1
0;175;64.6189;-40.8747;-56.6704;9.03274;3087.07;5.43126;0;0;0.1;0.01;0;2.99402;0;0;-1
0;176;67.2821;-25.0826;-56.1024;9.38578;3463.38;5.64353;0;0;0.1;0.01;0;4.42159;0;0;-1
0;177;67.7745;-4.49766;-55.1296;8.5;2572.44;5.11093;0;0;0.1;0.01;0;5.13832;1;0;-1
0;178;65.8305;11.9937;-53.8078;9.54477;3642.38;5.73913;0;0;0.1;0.01;0;5.87401;0;0;-1
0;179;66.0065;26.6458;-55.2811;8.5;2572.44;5.11093;0;0;0.1;0.01;0;3.89008;1;0;-1
0;180;64.7685;46.0641;-54.3242;9.81335;3958.59;5.90062;0;0;0.1;0.01;0;3.39555;0;0;-1
0;181;79.7175;-16.8513;-56.7575;10.1836;4423.77;6.12325;0;0;0.1;0.01;0;2.82674;0;0;-1
0;182;82.2225;1.12509;-54.4701;8.92226;2975.18;5.36483;0;0;0.1;0.01;0;2.82624;0;0;-1
0;183;-87.5163;-21.6595;-40.63;9.37018;3446.14;5.63415;0;0;0.1;0.01;0;3.14586;0;0;-1
0;184;-84.1192;-8.1735;-40.1217;10.0307;4227.49;6.03131;0;0;0.1;0.01;0;5.21939;0;0;-1
0;185;-86.3099;12.3514;-39.6307;9.63572;3747.5;5.79382;0;0;0.1;0.01;0;4.43972;0;0;-1
0;186;-86.655;29.3364;-39.2321;9.84885;4001.71;5.92197;0;0;0.1;0.01;0;3.00414;0;0;-1
0;187;-70.1805;-48.0406;-39.6422;8.5;2572.44;5.11093;0;0;0.1;0.01;0;4.05777;1;0;-1
0;188;-72.1216;-33.9476;-41.5628;10.2288;4482.94;6.15043;0;0;0.1;0.01;0;5.02631;0;0;-1
0;189;-71.5928;-14.5698;-41.6278;8.5;2572.44;5.11093;0;0;0.1;0.01;0;5.38654;1;0;-1
0;190;-72.6795;3.61544;-40.9295;10.2704;4537.86;6.17544;0;0;0.1;0.01;0;7.38592;0;0;-1
0;191;-70.5085;19.0707;-42.0687;9.73679;3866.66;5.85459;0;0;0.1;0.01;0;6.24089;0;0;-1
0;192;-69.9836;37.0795;-42.9198;9.92192;4091.44;5.96591;0;0;0.1;0.01;0;5.68284;0;0;-1
0;193;-72.6575;51.3897;-41.1029;9.59208;3696.81;5.76758;0;0;0.1;0.01;0;3.09357;0;0;-1
0;194;-56.9509;-59.2014;-39.9333;10.3288;4615.71;6.21056;0;0;0.1;0.01;0;5.25083;0;0;-1
0;195;-56.7268;-39.4562;-41.8727;9.50868;3601.22;5.71743;0;0;0.1;0.01;0;6.64177;0;0;-1
0;196;-54.163;-24.6437;-40.9089;9.31218;3382.54;5.59928;0;0;0.1;0.01;0;5.42132;0;0;-1
0;197;-57.4644;-7.33116;-42.0169;10.0834;4294.47;6.063;0;0;0.1;0.01;0;6.99042;0;0;-1
0;198;-55.0645;9.53829;-39.8519;10.2811;4552.05;6.18188;0;0;0.1;0.01;0;6.71367;0;0;-1
0;199;-55.5411;25.8743;-41.5452;9.89022;4052.35;5.94685;0;0;0.1;0.01;0;6.114;0;0;-1
0;200;-56.9705;42.6501;-40.1069;9.6706;3788.34;5.81479;0;0;0.1;0.01;0;6.52618;0;0;-1
0;201;-54.2553;60.4474;-39.5922;9.62047;3729.73;5.78465;0;0;0.1;0.01;0;5.24126;0;0;-1
0;202;-40.5222;-80.6223;-40.9858;8.5;2572.44;5.11093;0;0;0.1;0.01;0;2.97151;1;0;-1
0;203;-41.6819;-65.8997;-39.2274;9.46189;3548.32;5.6893;0;0;0.1;0.01;0;6.38381;0;0;-1
0;204;-43.0535;-47.5227;-41.716;8.5;2572.44;5.11093;0;0;0.1;0.01;0;4.90104;1;0;-1
0;205;-42.5747;-31.6907;-42.2059;8.64528;2706.61;5.19828;0;0;0.1;0.01;0;5.09501;0;0;-1
0;206;-40.2474;-13.4518;-40.6522;9.60474;3711.47;5.77519;0;0;0.1;0.01;0;6.10265;0;0;-1
0;207;-42.0126;1.95123;-39.9929;9.25091;3316.21;5.56244;0;0;0.1;0.01;0;6.47374;0;0;-1
0;208;-41.7838;19.6641;-42.4177;8.59492;2659.59;5.168;0;0;0.1;0.01;0;5.91399;0;0;-1
0;209;-41.4497;34.4569;-41.411;8.78789;2842.77;5.28403;0;0;0.1;0.01;0;5.64308;0;0;-1
0;210;-40.2693;53.6183;-41.2174;9.53739;3633.94;5.73469;0;0;0.1;0.01;0;7.07289;0;0;-1
0;211;-40.8052;68.4779;-42.137;10.3601;4657.8;6.22938;0;0;0.1;0.01;0;6.08181;0;0;-1
0;212;-27.6612;-72.9645;-42.8774;9.39388;3472.35;5.6484;0;0;0.1;0.01;0;6.10792;0;0;-1
0;213;-28.1438;-57.7304;-40.4608;10.4418;4768.86;6.2785;0;0;0.1;0.01;0;7.09439;0;0;-1
0;214;-25.2988;-38.5046;-42.37;9.23225;3296.18;5.55122;0;0;0.1;0.01;0;5.32837;0;0;-1
0;215;-25.0107;-22.3766;-39.8199;9.9908;4177.24;6.00732;0;0;0.1;0.01;0;6.38978;0;0;-1
0;216;-24.7456;-5.17866;-40.6544;8.87426;2927.42;5.33596;0;0;0.1;0.01;0;5.61339;0;0;-1
0;217;-25.4495;9.75916;-41.0418;8.5;2572.44;5.11093;0;0;0.1;0.01;0;4.04018;1;0;-1
0;218;-28.1767;27.0156;-42.0152;9.3773;3454;5.63843;0;0;0.1;0.01;0;5.49003;0;0;-1
0;219;-27.2194;44.1194;-42.0973;9.59228;3697.04;5.7677;0;0;0.1;0.01;0;6.10516;0;0;-1
0;220;-27.5571;60.5334;-40.7658;9.41372;3494.4;5.66033;0;0;0.1;0.01;0;7.06641;0;0;-1
0;221;-25.0133;77.1713;-42.0773;9.57316;3674.98;5.7562;0;0;0.1;0.01;0;5.24558;0;0;-1
0;222;-12.9894;-83.1398;-42.1716;8.61093;2674.48;5.17763;0;0;0.1;0.01;0;4.03729;0;0;-1
0;223;-12.9512;-67.6055;-39.7446;10.0617;4266.8;6.04995;0;0;0.1;0.01;0;6.6966;0;0;-1
0;224;-12.3931;-49.3775;-41.8334;9.18212;3242.78;5.52108;0;0;0.1;0.01;0;5.31884;0;0;-1
0;225;-9.78543;-33.3291;-39.8369;9.50911;3601.71;5.71769;0;0;0.1;0.01;0;6.11756;0;0;-1
0;226;-13.0696;-15.514;-40.7581;8.69144;2750.2;5.22604;0;0;0.1;0.01;0;6.37414;0;0;-1
0;227;-11.0647;0.257361;-41.4506;8.66025;2720.7;5.20728;0;0;0.1;0.01;0;5.4527;0;0;-1
0;228;-12.5345;20.0332;-39.3431;9.95302;4130.03;5.98461;0;0;0.1;0.01;0;6.16036;0;0;-1
0;229;-9.96322;34.312;-39.7627;8.5;2572.44;5.11093;0;0;0.1;0.01;0;6.088;1;0;-1
0;230;-11.5625;52.9648;-39.3579;10.1789;4417.65;6.12042;0;0;0.1;0.01;0;6.4715;0;0;-1
0;231;-11.0999;70.7627;-40.0392;9.43087;3513.53;5.67065;0;0;0.1;0.01;0;5.57636;0;0;-1
0;232;-9.78732;87.1013;-39.9589;8.5;2572.44;5.11093;0;0;0.1;0.01;0;2.38879;1;0;-1
0;233;2.82063;-89.5451;-42.0506;9.11671;3173.97;5.48175;0;0;0.1;0.01;0;2.88112;0;0;-1
0;234;4.6778;-74.9315;-41.1613;8.55271;2620.59;5.14262;0;0;0.1;0.01;0;5.1776;0;0;-1
0;235;2.01288;-59.7603;-39.3749;9.47364;3561.55;5.69636;0;0;0.1;0.01;0;5.41907;0;0;-1
0;236;3.62407;-40.7683;-39.8014;8.5;2572.44;5.11093;0;0;0.1;0.01;0;4.8495;1;0;-1
0;237;4.67518;-25.2825;-39.5161;9.5216;3615.92;5.7252;0;0;0.1;0.01;0;6.13783;0;0;-1
0;238;1.23413;-8.08131;-42.4296;10.2613;4525.8;6.16997;0;0;0.1;0.01;0;6.26706;0;0;-1
0;239;3.21648;10.4498;-41.0126;8.61838;2681.42;5.18211;0;0;0.1;0.01;0;4.36957;0;0;-1
0;240;4.07541;27.1867;-39.4781;8.90471;2957.66;5.35427;0;0;0.1;0.01;0;6.72705;0;0;-1
0;241;1.2247;43.0318;-40.274;10.0973;4312.25;6.07136;0;0;0.1;0.01;0;7.97705;0;0;-1
0;242;1.52166;60.6233;-40.9773;8.5;2572.44;5.11093;0;0;0.1;0.01;0;5.36335;1;0;-1
0;243;3.95509;76.3831;-41.072;9.14274;3201.24;5.4974;0;0;0.1;0.01;0;5.26538;0;0;-1
0;244;17.6734;-82.3235;-42.0932;8.5;2572.44;5.11093;0;0;0.1;0.01;0;3.29443;1;0;-1
0;245;18.2135;-65.4533;-39.2866;10.2625;4527.39;6.17069;0;0;0.1;0.01;0;5.88477;0;0;-1
0;246;17.9176;-46.4571;-40.803;8.89095;2943.97;5.346;0;0;0.1;0.01;0;5.26596;0;0;-1
0;247;17.836;-31.7584;-41.1599;8.5;2572.44;5.11093;0;0;0.1;0.01;0;5.83634;1;0;-1
0;248;19.0966;-15.495;-41.7729;9.48375;3572.97;5.70244;0;0;0.1;0.01;0;5.92471;0;0;-1
0;249;19.7547;1.93956;-42.1571;9.10927;3166.21;5.47727;0;0;0.1;0.01;0;4.69128;0;0;-1
0;250;17.6635;17.7328;-40.5178;9.27102;3337.88;5.57453;0;0;0.1;0.01;0;5.59933;0;0;-1
0;251;19.0277;36.7124;-42.8391;9.9124;4079.67;5.96018;0;0;0.1;0.01;0;7.63357;0;0;-1
0;252;16.7934;52.0137;-39.6925;10.0976;4312.64;6.07154;0;0;0.1;0.01;0;7.44071;0;0;-1
0;253;18.7591;68.4667;-41.1953;10.3155;4597.9;6.20256;0;0;0.1;0.01;0;5.94094;0;0;-1
0;254;16.4109;87.4204;-41.1278;10.0767;4285.92;6.05897;0;0;0.1;0.01;0;3.14596;0;0;-1
0;255;32.9555;-75.634;-42.5044;8.64912;2710.22;5.20059;0;0;0.1;0.01;0;2.25133;0;0;-1
0;256;30.5643;-56.491;-40.5251;9.0958;3152.18;5.46917;0;0;0.1;0.01;0;6.27968;0;0;-1
0;257;33.7152;-41.1842;-40.4645;10.005;4195.08;6.01586;0;0;0.1;0.01;0;7.65393;0;0;-1
0;258;32.7744;-25.2898;-41.5652;10.1242;4346.81;6.08753;0;0;0.1;0.01;0;7.40596;0;0;-1
0;259;33.7347;-8.05235;-42.0321;8.5;2572.44;5.11093;0;0;0.1;0.01;0;4.72666;1;0;-1
0;260;33.8445;10.0445;-42.2919;8.5;2572.44;5.11093;0;0;0.1;0.01;0;5.10298;1;0;-1
0;261;33.8484;29.5211;-39.8771;8.93213;2985.06;5.37076;0;0;0.1;0.01;0;6.03477;0;0;-1
0;262;32.9442;46.1519;-39.4195;10.038;4236.72;6.0357;0;0;0.1;0.01;0;7.76723;0;0;-1
0;263;33.9222;60.0861;-39.7067;9.38769;3465.49;5.64468;0;0;0.1;0.01;0;6.20626;0;0;-1
0;264;33.5537;79.8418;-40.4269;8.95437;3007.42;5.38413;0;0;0.1;0.01;0;2.74355;0;0;-1
0;265;47.8238;-65.2761;-41.6064;8.94443;2997.41;5.37816;0;0;0.1;0.01;0;2.46645;0;0;-1
0;266;47.1409;-47.7044;-39.9492;9.52788;3623.08;5.72898;0;0;0.1;0.01;0;5.80379;0;0;-1
0;267;47.7649;-30.2406;-39.225;10.3176;4600.71;6.20382;0;0;0.1;0.01;0;7.66036;0;0;-1
0;268;46.7894;-14.9414;-42.584;10.067;4273.55;6.05314;0;0;0.1;0.01;0;7.77948;0;0;-1
0;269;46.0818;2.8768;-42.1807;8.5;2572.44;5.11093;0;0;0.1;0.01;0;6.19841;1;0;-1
0;270;47.7577;16.8737;-43.041;10.1627;4396.59;6.11068;0;0;0.1;0.01;0;7.4386;0;0;-1
0;271;46.8459;37.9672;-41.1029;9.52653;3621.54;5.72816;0;0;0.1;0.01;0;6.19163;0;0;-1
0;272;46.703;52.1435;-42.877;9.67637;3795.12;5.81826;0;0;0.1;0.01;0;6.60611;0;0;-1
0;273;46.8362;69.2587;-39.8983;9.92643;4097.02;5.96862;0;0;0.1;0.01;0;4.4976;0;0;-1
0;274;60.3752;-55.3671;-39.3266;9.8308;3979.74;5.91112;0;0;0.1;0.01;0;4.74465;0;0;-1
0;275;63.9944;-41.6922;-39.8294;8.94562;2998.61;5.37887;0;0;0.1;0.01;0;4.28068;0;0;-1
0;276;61.2091;-23.3548;-39.8323;8.55006;2618.16;5.14103;0;0;0.1;0.01;0;5.54428;0;0;-1
0;277;63.4158;-7.79387;-42.3259;9.67674;3795.56;5.81848;0;0;0.1;0.01;0;6.80308;0;0;-1
0;278;63.6006;8.22819;-39.4667;10.0114;4203.13;6.01971;0;0;0.1;0.01;0;6.56075;0;0;-1
0;279;63.0218;26.1919;-42.2781;10.0357;4233.81;6.03432;0;0;0.1;0.01;0;6.07533;0;0;-1
0;280;61.549;42.1349;-41.201;8.88075;2933.85;5.33987;0;0;0.1;0.01;0;5.08225;0;0;-1
0;281;61.9969;60.4235;-42.4608;9.23144;3295.32;5.55073;0;0;0.1;0.01;0;3.6779;0;0;-1
0;282;74.9421;-32.496;-43.1704;9.0112;3065.04;5.4183;0;0;0.1;0.01;0;3.21906;0;0;-1
0;283;77.7422;-15.0005;-41.1212;8.62851;2690.89;5.1882;0;0;0.1;0.01;0;4.46541;0;0;-1
0;284;76.3295;-0.0867531;-41.4686;10.2851;4557.37;6.18428;0;0;0.1;0.01;0;6.87619;0;0;-1
0;285;78.7404;19.729;-42.8261;8.99017;3043.63;5.40566;0;0;0.1;0.01;0;3.33058;0;0;-1
0;286;76.5344;34.3375;-41.9441;9.23964;3304.1;5.55566;0;0;0.1;0.01;0;3.54138;0;0;-1
0;287;90.5149;-4.5585;-40.5334;8.7003;2758.62;5.23136;0;0;0.1;0.01;0;2.23163;0;0;-1
0;288;-95.1269;-13.5112;-24.6995;8.77145;2826.85;5.27415;0;0;0.1;0.01;0;3.1755;0;0;-1
0;289;-95.6323;1.2498;-26.0927;9.92316;4092.97;5.96665;0;0;0.1;0.01;0;3.87584;0;0;-1
0;290;-80.8673;-41.4997;-24.6587;9.90428;4069.65;5.9553;0;0;0.1;0.01;0;2.88692;0;0;-1
0;291;-81.7964;-23.4412;-27.3447;9.5595;3659.27;5.74799;0;0;0.1;0.01;0;3.86501;0;0;-1
0;292;-78.9068;-4.654;-26.4873;10.0423;4242.17;6.03829;0;0;0.1;0.01;0;5.59145;0;0;-1
0;293;-82.5752;10.9687;-26.4518;10.1274;4350.93;6.08946;0;0;0.1;0.01;0;6.28541;0;0;-1
0;294;-82.4135;27.6805;-25.1463;10.0349;4232.8;6.03384;0;0;0.1;0.01;0;5.02666;0;0;-1
0;295;-80.4042;44.5633;-28.1116;9.88358;4044.19;5.94285;0;0;0.1;0.01;0;3.28283;0;0;-1
0;296;-64.0835;-67.8787;-26.0036;8.5;2572.44;5.11093;0;0;0.1;0.01;0;2.51694;1;0;-1
0;297;-64.3779;-48.9989;-26.1307;8.77835;2833.53;5.27829;0;0;0.1;0.01;0;4.35838;0;0;-1
0;298;-64.5282;-31.2665;-25.4595;9.74862;3880.77;5.8617;0;0;0.1;0.01;0;5.4684;0;0;-1
0;299;-64.4849;-12.8923;-26.9904;9.28066;3348.31;5.58033;0;0;0.1;0.01;0;5.55866;0;0;-1
0;300;-66.0785;4.44582;-26.0288;8.5;2572.44;5.11093;0;0;0.1;0.01;0;5.94075;1;0;-1
0;301;-65.4695;20.2226;-26.9287;8.59094;2655.89;5.16561;0;0;0.1;0.01;0;5.71367;0;0;-1
0;302;-64.6879;35.2192;-27.1715;10.0497;4251.56;6.04274;0;0;0.1;0.01;0;6.30958;0;0;-1
0;303;-64.5499;50.9171;-26.2259;9.27992;3347.51;5.57988;0;0;0.1;0.01;0;5.75013;0;0;-1
0;304;-66.6799;68.6693;-26.7142;9.4554;3541.02;5.68539;0;0;0.1;0.01;0;2.15009;0;0;-1
0;305;-49.708;-72.4986;-27.7939;8.99661;3050.18;5.40953;0;0;0.1;0.01;0;5.23056;0;0;-1
0;306;-49.6191;-58.1793;-26.288;9.25063;3315.91;5.56227;0;0;0.1;0.01;0;6.29409;0;0;-1
0;307;-51.5427;-39.7132;-26.345;9.3425;3415.69;5.61751;0;0;0.1;0.01;0;6.00858;0;0;-1
0;308;-52.4114;-23.1168;-27.5529;9.77632;3913.95;5.87836;0;0;0.1;0.01;0;6.55665;0;0;-1
0;309;-50.4856;-7.03416;-27.8088;9.73264;3861.72;5.8521;0;0;0.1;0.01;0;6.61046;0;0;-1
0;310;-53.022;8.64767;-26.3254;8.9409;2993.87;5.37603;0;0;0.1;0.01;0;5.48848;0;0;-1
0;311;-51.1168;26.7854;-24.4686;9.14375;3202.3;5.498;0;0;0.1;0.01;0;5.5784;0;0;-1
0;312;-49.9886;45.5117;-24.8788;9.78011;3918.5;5.88064;0;0;0.1;0.01;0;7.33767;0;0;-1
0;313;-50.6664;62.4874;-25.581;8.75947;2815.28;5.26694;0;0;0.1;0.01;0;6.08635;0;0;-1
0;314;-51.797;78.4837;-28.2573;8.72318;2780.44;5.24512;0;0;0.1;0.01;0;2.6515;0;0;-1
0;315;-36.433;-82.1722;-26.5216;10.3133;4594.96;6.20124;0;0;0.1;0.01;0;6.19592;0;0;-1
0;316;-34.9843;-67.3088;-26.8063;8.88636;2939.41;5.34324;0;0;0.1;0.01;0;6.99044;0;0;-1
0;317;-38.3683;-47.1074;-27.1501;10.1598;4392.83;6.10894;0;0;0.1;0.01;0;5.71178;0;0;-1
0;318;-36.0611;-30.0834;-26.0699;9.32899;3400.89;5.60939;0;0;0.1;0.01;0;6.11599;0;0;-1
0;319;-34.6349;-13.7594;-26.8003;8.77558;2830.85;5.27663;0;0;0.1;0.01;0;5.01511;0;0;-1
0;320;-36.5881;4.31434;-27.4462;8.5;2572.44;5.11093;0;0;0.1;0.01;0;4.19172;1;0;-1
0;321;-38.3603;18.5443;-27.4799;9.50184;3593.45;5.71332;0;0;0.1;0.01;0;5.45338;0;0;-1
0;322;-38.2423;34.5874;-25.1704;8.5;2572.44;5.11093;0;0;0.1;0.01;0;5.50176;1;0;-1
0;323;-37.6479;52.278;-27.8671;9.223;3286.29;5.54566;0;0;0.1;0.01;0;6.07453;0;0;-1
0;324;-38.2128;67.7264;-25.7631;8.5;2572.44;5.11093;0;0;0.1;0.01;0;4.48538;1;0;-1
0;325;-35.5408;85.8423;-24.9529;10.2803;4550.99;6.1814;0;0;0.1;0.01;0;3.74656;0;0;-1
0;326;-21.7849;-90.7775;-25.2892;10.3383;4628.45;6.21627;0;0;0.1;0.01;0;3.9872;0;0;-1
0;327;-20.5817;-73.0889;-27.024;10.1729;4409.84;6.11682;0;0;0.1;0.01;0;8.27697;0;0;-1
0;328;-20.3461;-59.1608;-26.3062;9.74517;3876.65;5.85963;0;0;0.1;0.01;0;7.26553;0;0;-1
0;329;-22.0206;-40.5837;-26.6614;8.61701;2680.15;5.18128;0;0;0.1;0.01;0;4.98605;0;0;-1
0;330;-21.3648;-21.1033;-24.976;10.094;4308.03;6.06938;0;0;0.1;0.01;0;6.84221;0;0;-1
0;331;-19.7225;-5.48354;-28.0838;8.5;2572.44;5.11093;0;0;0.1;0.01;0;4.64912;1;0;-1
0;332;-21.3051;11.8066;-25.7697;8.5;2572.44;5.11093;0;0;0.1;0.01;0;4.00209;1;0;-1
0;333;-22.7737;28.7622;-27.7831;8.64731;2708.52;5.1995;0;0;0.1;0.01;0;5.1021;0;0;-1
0;334;-21.2687;44.7711;-27.8789;9.74786;3879.86;5.86125;0;0;0.1;0.01;0;5.84241;0;0;-1
0;335;-21.6917;62.1713;-26.6111;9.66986;3787.47;5.81435;0;0;0.1;0.01;0;6.33809;0;0;-1
0;336;-22.8402;78.7612;-27.911;9.43208;3514.88;5.67137;0;0;0.1;0.01;0;5.63101;0;0;-1
0;337;-5.9404;-81.2651;-28.6475;9.37792;3454.68;5.63881;0;0;0.1;0.01;0;6.09369;0;0;-1
0;338;-7.90796;-66.6036;-26.3334;9.47884;3567.42;5.69949;0;0;0.1;0.01;0;6.68948;0;0;-1
0;339;-8.56181;-48.591;-24.3797;9.13807;3196.33;5.49459;0;0;0.1;0.01;0;5.18602;0;0;-1
0;340;-8.20218;-29.6902;-25.5445;8.77274;2828.1;5.27492;0;0;0.1;0.01;0;5.56596;0;0;-1
0;341;-6.01513;-13.325;-27.8141;9.41095;3491.31;5.65867;0;0;0.1;0.01;0;6.59777;0;0;-1
0;342;-5.49753;1.92858;-27.6488;8.53399;2603.42;5.13136;0;0;0.1;0.01;0;5.70926;0;0;-1
0;343;-6.60959;21.1287;-25.6285;9.60397;3710.57;5.77473;0;0;0.1;0.01;0;6.69955;0;0;-1
0;344;-7.09395;35.4115;-27.0961;9.34522;3418.67;5.61915;0;0;0.1;0.01;0;7.48321;0;0;-1
0;345;-7.93011;51.5129;-26.0316;8.65073;2711.73;5.20156;0;0;0.1;0.01;0;5.6109;0;0;-1
0;346;-9.34436;72.1616;-24.4861;8.6207;2683.59;5.1835;0;0;0.1;0.01;0;5.03743;0;0;-1
0;347;-9.10189;88.2397;-25.6673;8.64271;2704.2;5.19674;0;0;0.1;0.01;0;3.97079;0;0;-1
0;348;9.34667;-90.4765;-25.4112;10.3115;4592.55;6.20016;0;0;0.1;0.01;0;4.2769;0;0;-1
0;349;6.59536;-75.7946;-25.3198;9.7822;3921.01;5.88189;0;0;0.1;0.01;0;6.67424;0;0;-1
0;350;9.44348;-58.6597;-25.7692;9.33001;3402;5.61;0;0;0.1;0.01;0;5.80973;0;0;-1
0;351;5.72634;-40.0281;-25.3949;9.62018;3729.39;5.78447;0;0;0.1;0.01;0;6.09832;0;0;-1
0;352;8.26293;-25.5196;-26.5943;8.72878;2785.8;5.24849;0;0;0.1;0.01;0;5.85963;0;0;-1
0;353;9.0239;-8.76413;-27.6944;10.2426;4501.11;6.15873;0;0;0.1;0.01;0;6.79808;0;0;-1
0;354;5.51719;9.93354;-25.5089;9.14542;3204.05;5.49901;0;0;0.1;0.01;0;4.58381;0;0;-1
0;355;9.43333;29.3286;-27.6648;10.081;4291.4;6.06156;0;0;0.1;0.01;0;6.86074;0;0;-1
0;356;6.25317;44.0466;-25.2415;10.3766;4680.09;6.2393;0;0;0.1;0.01;0;7.20005;0;0;-1
0;357;6.86978;63.4081;-24.6208;10.1832;4423.25;6.12301;0;0;0.1;0.01;0;6.80641;0;0;-1
0;358;5.89768;78.2878;-28.0035;9.05381;3108.73;5.44392;0;0;0.1;0.01;0;5.55725;0;0;-1
0;359;8.2442;95.6186;-26.8454;10.0208;4214.98;6.02536;0;0;0.1;0.01;0;2.99616;0;0;-1
0;360;22.5774;-82.3673;-25.2181;9.14669;3205.39;5.49977;0;0;0.1;0.01;0;4.65876;0;0;-1
0;361;23.6997;-65.8947;-25.4737;9.51617;3609.73;5.72193;0;0;0.1;0.01;0;5.43828;0;0;-1
0;362;23.2763;-47.293;-27.435;10.114;4333.69;6.0814;0;0;0.1;0.01;0;6.25843;0;0;-1
0;363;22.7915;-31.7618;-26.0478;9.7203;3847.05;5.84468;0;0;0.1;0.01;0;6.89674;0;0;-1
0;364;22.128;-16.0896;-25.5892;10.0142;4206.66;6.02139;0;0;0.1;0.01;0;6.72989;0;0;-1
0;365;22.3155;1.01627;-26.799;9.03568;3090.09;5.43302;0;0;0.1;0.01;0;5.1722;0;0;-1
0;366;23.3883;18.1879;-28.0114;9.62583;3735.97;5.78787;0;0;0.1;0.01;0;6.25471;0;0;-1
0;367;23.251;34.9336;-27.5215;9.48752;3577.23;5.70471;0;0;0.1;0.01;0;7.41968;0;0;-1
0;368;20.5949;51.1097;-24.52;9.78732;3927.17;5.88497;0;0;0.1;0.01;0;6.2612;0;0;-1
0;369;20.2894;69.1533;-26.9511;9.41126;3491.66;5.65885;0;0;0.1;0.01;0;5.36162;0;0;-1
0;370;23.3586;84.5744;-24.8066;9.48309;3572.22;5.70204;0;0;0.1;0.01;0;4.90013;0;0;-1
0;371;38.0638;-75.9934;-27.1055;9.08221;3138.07;5.461;0;0;0.1;0.01;0;3.94158;0;0;-1
0;372;35.2248;-56.915;-27.0398;8.68961;2748.46;5.22494;0;0;0.1;0.01;0;5.60795;0;0;-1
0;373;37.5322;-39.9438;-26.8247;9.92192;4091.44;5.96591;0;0;0.1;0.01;0;7.96681;0;0;-1
0;374;37.6924;-23.168;-27.6923;9.98008;4163.81;6.00088;0;0;0.1;0.01;0;7.59067;0;0;-1
0;375;37.4544;-7.21014;-24.8407;9.68117;3800.77;5.82115;0;0;0.1;0.01;0;6.56941;0;0;-1
0;376;35.1296;8.91587;-26.7864;8.8148;2868.97;5.30021;0;0;0.1;0.01;0;5.30897;0;0;-1
0;377;37.2294;25.3875;-24.7098;9.96675;4147.15;5.99286;0;0;0.1;0.01;0;6.8795;0;0;-1
0;378;37.0153;42.1379;-27.099;9.84583;3998.03;5.92015;0;0;0.1;0.01;0;6.57727;0;0;-1
0;379;38.4485;63.6784;-24.9041;8.5;2572.44;5.11093;0;0;0.1;0.01;0;4.58437;1;0;-1
0;380;36.7519;78.8097;-24.8751;8.5;2572.44;5.11093;0;0;0.1;0.01;0;4.35229;1;0;-1
0;381;50.4388;-66.6513;-24.7849;10.2137;4463.11;6.14135;0;0;0.1;0.01;0;5.57036;0;0;-1
0;382;49.9641;-50.7735;-25.2881;10.1728;4409.71;6.11676;0;0;0.1;0.01;0;6.85189;0;0;-1
0;383;50.0736;-33.4135;-25.0344;8.55599;2623.61;5.14459;0;0;0.1;0.01;0;5.20286;0;0;-1
0;384;52.7101;-15.5633;-26.8612;9.21838;3281.35;5.54288;0;0;0.1;0.01;0;6.25946;0;0;-1
0;385;51.8198;1.73617;-28.335;10.0155;4208.3;6.02217;0;0;0.1;0.01;0;7.17047;0;0;-1
0;386;50.1104;17.7968;-28.5121;9.04577;3100.45;5.43909;0;0;0.1;0.01;0;6.1677;0;0;-1
0;387;50.3087;34.8929;-25.068;9.38364;3461.01;5.64225;0;0;0.1;0.01;0;5.57613;0;0;-1
0;388;52.9785;54.7703;-24.6973;8.65695;2717.59;5.2053;0;0;0.1;0.01;0;4.39552;0;0;-1
0;389;52.2023;72.6215;-26.9422;9.78828;3928.33;5.88555;0;0;0.1;0.01;0;4.37776;0;0;-1
0;390;66.3604;-59.2034;-27.6305;8.99162;3045.11;5.40653;0;0;0.1;0.01;0;4.13285;0;0;-1
0;391;66.6352;-42.2234;-25.0383;8.84857;2902.07;5.32052;0;0;0.1;0.01;0;5.4836;0;0;-1
0;392;67.4842;-23.2448;-24.8712;10.3678;4668.19;6.23401;0;0;0.1;0.01;0;6.53835;0;0;-1
0;393;65.553;-5.60025;-26.9227;8.9529;3005.94;5.38325;0;0;0.1;0.01;0;6.84071;0;0;-1
0;394;66.5817;9.45206;-25.095;9.2484;3313.51;5.56093;0;0;0.1;0.01;0;5.82363;0;0;-1
0;395;64.8748;25.4066;-25.605;9.8348;3984.6;5.91352;0;0;0.1;0.01;0;4.8082;0;0;-1
0;396;66.3819;46.5075;-25.9048;10.0347;4232.55;6.03372;0;0;0.1;0.01;0;5.81666;0;0;-1
0;397;65.0733;62.278;-27.5166;10.0508;4252.95;6.0434;0;0;0.1;0.01;0;4.96904;0;0;-1
0;398;79.416;-51.2644;-25.8197;10.1042;4321.1;6.07551;0;0;0.1;0.01;0;2.17931;0;0;-1
0;399;81.8805;-34.202;-24.8307;10.2512;4512.45;6.1639;0;0;0.1;0.01;0;3.41436;0;0;-1
0;400;80.7488;-16.8111;-25.3514;8.88357;2936.64;5.34156;0;0;0.1;0.01;0;4.4693;0;0;-1
0;401;79.7958;-0.228845;-26.2363;9.30496;3374.68;5.59494;0;0;0.1;0.01;0;4.87291;0;0;-1
0;402;83.2188;17.793;-25.2714;9.79833;3940.44;5.89159;0;0;0.1;0.01;0;4.14422;0;0;-1
0;403;79.0996;33.7634;-27.9892;8.5;2572.44;5.11093;0;0;0.1;0.01;0;3.36561;1;0;-1
0;404;79.3726;54.6217;-26.5436;10.3516;4646.34;6.22427;0;0;0.1;0.01;0;2.70798;0;0;-1
0;405;-98.4452;0.960725;-11.806;10.2755;4544.62;6.17851;0;0;0.1;0.01;0;3.70451;0;0;-1
0;406;-84.2825;-42.085;-11.2495;9.08598;3141.98;5.46327;0;0;0.1;0.01;0;3.46874;0;0;-1
0;407;-84.3735;-23.5407;-10.3049;10.4098;4725.15;6.25926;0;0;0.1;0.01;0;5.70506;0;0;-1
0;408;-85.2162;-7.13541;-12.484;8.91246;2965.39;5.35893;0;0;0.1;0.01;0;5.26888;0;0;-1
0;409;-83.3464;11.6469;-11.9338;10.149;4378.83;6.10245;0;0;0.1;0.01;0;5.92289;0;0;-1
0;410;-84.8147;29.1392;-12.4323;8.5;2572.44;5.11093;0;0;0.1;0.01;0;4.12914;1;0;-1
0;411;-84.0348;42.4939;-11.3121;9.39125;3469.44;5.64682;0;0;0.1;0.01;0;4.12699;0;0;-1
0;412;-70.8119;-68.4422;-10.0673;8.78734;2842.24;5.2837;0;0;0.1;0.01;0;2.13497;0;0;-1
0;413;-69.2304;-49.2646;-11.9941;9.51949;3613.51;5.72393;0;0;0.1;0.01;0;4.76816;0;0;-1
0;414;-69.8925;-32.5573;-10.1364;9.37135;3447.43;5.63486;0;0;0.1;0.01;0;6.79822;0;0;-1
0;415;-72.1628;-15.7389;-11.6942;9.40543;3485.17;5.65535;0;0;0.1;0.01;0;6.58663;0;0;-1
0;416;-70.7966;3.17533;-10.3121;8.76929;2824.76;5.27285;0;0;0.1;0.01;0;6.07189;0;0;-1
0;417;-68.3515;17.3768;-12.9532;8.58719;2652.42;5.16335;0;0;0.1;0.01;0;4.93294;0;0;-1
0;418;-69.492;36.4706;-11.9828;9.59908;3704.91;5.77179;0;0;0.1;0.01;0;6.34013;0;0;-1
0;419;-71.9199;53.7859;-13.022;8.9755;3028.76;5.39684;0;0;0.1;0.01;0;4.41644;0;0;-1
0;420;-54.2881;-75.1304;-9.72545;8.85847;2911.82;5.32647;0;0;0.1;0.01;0;3.81455;0;0;-1
0;421;-56.617;-58.239;-12.347;9.39962;3478.72;5.65186;0;0;0.1;0.01;0;5.38541;0;0;-1
0;422;-57.3325;-39.2002;-10.3224;8.57706;2643.04;5.15726;0;0;0.1;0.01;0;5.56551;0;0;-1
0;423;-57.3114;-23.9551;-11.8663;8.5;2572.44;5.11093;0;0;0.1;0.01;0;5.49277;1;0;-1
0;424;-55.2376;-7.22001;-11.811;9.00601;3059.75;5.41518;0;0;0.1;0.01;0;5.50171;0;0;-1
0;425;-54.3093;8.60088;-12.5439;10.0595;4264.01;6.04863;0;0;0.1;0.01;0;5.98946;0;0;-1
0;426;-57.3403;29.7674;-12.8219;8.5;2572.44;5.11093;0;0;0.1;0.01;0;5.63795;1;0;-1
0;427;-55.1154;44.722;-11.8333;9.28257;3350.37;5.58147;0;0;0.1;0.01;0;6.85562;0;0;-1
0;428;-57.9491;60.0316;-10.6883;9.74725;3879.14;5.86088;0;0;0.1;0.01;0;5.44864;0;0;-1
0;429;-42.7885;-83.6431;-13.2555;10.0889;4301.5;6.06631;0;0;0.1;0.01;0;4.25678;0;0;-1
0;430;-39.3562;-64.6275;-11.57;9.79525;3936.73;5.88974;0;0;0.1;0.01;0;5.60909;0;0;-1
0;431;-41.0498;-49.3524;-10.6896;8.52157;2592.07;5.1239;0;0;0.1;0.01;0;5.07616;0;0;-1
0;432;-41.2246;-32.6047;-12.3615;9.80366;3946.87;5.8948;0;0;0.1;0.01;0;6.14002;0;0;-1
0;433;-42.0811;-14.3455;-13.5189;10.014;4206.41;6.02127;0;0;0.1;0.01;0;6.08488;0;0;-1
0;434;-40.9227;3.07152;-10.7854;9.48602;3575.53;5.70381;0;0;0.1;0.01;0;5.76939;0;0;-1
0;435;-39.4019;20.0874;-11.2083;10.0097;4200.99;6.01869;0;0;0.1;0.01;0;6.27694;0;0;-1
0;436;-42.1284;36.905;-13.1711;9.33057;3402.62;5.61034;0;0;0.1;0.01;0;7.19905;0;0;-1
0;437;-42.6534;52.214;-12.6297;8.5;2572.44;5.11093;0;0;0.1;0.01;0;5.05126;1;0;-1
0;438;-43.0035;70.686;-12.5532;8.74544;2801.78;5.25851;0;0;0.1;0.01;0;4.72241;0;0;-1
0;439;-43.2493;85.1331;-13.3356;8.5;2572.44;5.11093;0;0;0.1;0.01;0;3.42601;1;0;-1
0;440;-27.9011;-93.1826;-13.0875;9.62079;3730.1;5.78484;0;0;0.1;0.01;0;4.31723;0;0;-1
0;441;-28.1487;-76.871;-13.0039;10.1441;4372.49;6.0995;0;0;0.1;0.01;0;7.05503;0;0;-1
0;442;-24.6953;-56.5725;-12.2836;10.3899;4698.1;6.2473;0;0;0.1;0.01;0;7.30635;0;0;-1
0;443;-27.3675;-41.7528;-10.1915;10.4383;4764.07;6.2764;0;0;0.1;0.01;0;7.63259;0;0;-1
0;444;-26.6313;-22.2851;-11.865;10.2193;4470.46;6.14472;0;0;0.1;0.01;0;6.64919;0;0;-1
0;445;-24.953;-7.30854;-10.3179;8.54228;2611.02;5.13635;0;0;0.1;0.01;0;4.69793;0;0;-1
0;446;-25.139;9.14709;-10.2529;9.43114;3513.83;5.67081;0;0;0.1;0.01;0;5.1744;0;0;-1
0;447;-27.432;28.465;-10.5842;10.2555;4518.13;6.16648;0;0;0.1;0.01;0;6.15185;0;0;-1
0;448;-28.3076;42.9625;-10.7744;9.06343;3118.65;5.44971;0;0;0.1;0.01;0;5.62727;0;0;-1
0;449;-24.4414;59.0681;-12.8475;8.80537;2859.77;5.29454;0;0;0.1;0.01;0;4.53541;0;0;-1
0;450;-24.7726;77.6999;-12.2463;9.85517;4009.41;5.92577;0;0;0.1;0.01;0;6.45259;0;0;-1
0;451;-24.8561;94.6728;-14.0154;10.1999;4445.05;6.13305;0;0;0.1;0.01;0;3.54448;0;0;-1
0;452;-13.5489;-83.3075;-11.0893;8.5;2572.44;5.11093;0;0;0.1;0.01;0;4.45324;1;0;-1
0;453;-12.7729;-65.4521;-13.2509;8.5;2572.44;5.11093;0;0;0.1;0.01;0;5.52571;1;0;-1
0;454;-12.6967;-48.4361;-9.71025;9.49539;3586.14;5.70944;0;0;0.1;0.01;0;6.60817;0;0;-1
0;455;-11.4432;-32.3654;-11.7617;10.4018;4714.27;6.25445;0;0;0.1;0.01;0;7.25768;0;0;-1
0;456;-10.397;-14.2732;-10.7268;8.5;2572.44;5.11093;0;0;0.1;0.01;0;6.05898;1;0;-1
0;457;-10.7179;0.964973;-11.6021;10.2021;4447.92;6.13437;0;0;0.1;0.01;0;7.15915;0;0;-1
0;458;-10.7313;16.9738;-11.6252;9.08701;3143.05;5.46389;0;0;0.1;0.01;0;5.76907;0;0;-1
0;459;-11.5938;34.245;-12.5374;8.56015;2627.44;5.14709;0;0;0.1;0.01;0;4.61977;0;0;-1
0;460;-10.3527;50.9689;-10.6081;8.54843;2616.66;5.14005;0;0;0.1;0.01;0;5.22113;0;0;-1
0;461;-10.5224;67.4151;-11.6294;9.0735;3129.05;5.45576;0;0;0.1;0.01;0;5.91203;0;0;-1
0;462;-11.6997;87.2595;-12.43;8.5;2572.44;5.11093;0;0;0.1;0.01;0;4.79462;1;0;-1
0;463;4.39472;-91.5515;-10.5853;8.69412;2752.74;5.22765;0;0;0.1;0.01;0;3.7655;0;0;-1
0;464;1.5439;-75.9962;-12.1288;8.5;2572.44;5.11093;0;0;0.1;0.01;0;5.49006;1;0;-1
0;465;1.34806;-59.4769;-12.857;8.86284;2916.13;5.3291;0;0;0.1;0.01;0;6.06197;0;0;-1
0;466;1.68204;-41.2615;-12.6196;9.63019;3741.05;5.79049;0;0;0.1;0.01;0;6.53748;0;0;-1
0;467;1.26702;-21.5672;-10.4674;9.21799;3280.93;5.54264;0;0;0.1;0.01;0;6.60914;0;0;-1
0;468;1.59755;-7.44634;-12.1271;8.63646;2698.34;5.19298;0;0;0.1;0.01;0;6.12522;0;0;-1
0;469;3.28023;8.17284;-12.2764;10.1133;4332.79;6.08098;0;0;0.1;0.01;0;6.21107;0;0;-1
0;470;3.19045;25.1316;-13.5511;9.05314;3108.04;5.44352;0;0;0.1;0.01;0;4.72353;0;0;-1
0;471;1.98748;43.765;-10.4944;9.3009;3370.26;5.5925;0;0;0.1;0.01;0;5.57895;0;0;-1
0;472;2.33276;59.5221;-10.7469;9.45512;3540.71;5.68523;0;0;0.1;0.01;0;6.588;0;0;-1
0;473;2.70349;76.7479;-10.3954;8.91847;2971.39;5.36255;0;0;0.1;0.01;0;6.0323;0;0;-1
0;474;3.09709;94.0413;-11.4649;10.2647;4530.3;6.17202;0;0;0.1;0.01;0;4.45835;0;0;-1
0;475;18.8201;-85.179;-10.537;9.35595;3430.46;5.6256;0;0;0.1;0.01;0;5.79927;0;0;-1
0;476;16.0717;-68.1896;-10.5163;9.47166;3559.32;5.69517;0;0;0.1;0.01;0;6.35328;0;0;-1
0;477;15.9621;-51.4695;-9.87602;9.86583;4022.44;5.93218;0;0;0.1;0.01;0;5.77927;0;0;-1
0;478;15.5226;-33.3905;-10.519;9.65096;3765.3;5.80298;0;0;0.1;0.01;0;5.74352;0;0;-1
0;479;16.0384;-16.3006;-11.4659;8.57311;2639.39;5.15489;0;0;0.1;0.01;0;5.90917;0;0;-1
0;480;16.419;1.11678;-11.4621;9.38448;3461.94;5.64275;0;0;0.1;0.01;0;5.58006;0;0;-1
0;481;19.4896;20.9016;-10.876;9.88972;4051.73;5.94655;0;0;0.1;0.01;0;6.04957;0;0;-1
0;482;19.623;38.1898;-13.1676;8.5;2572.44;5.11093;0;0;0.1;0.01;0;5.08533;1;0;-1
0;483;18.1843;54.5303;-11.4714;8.5;2572.44;5.11093;0;0;0.1;0.01;0;4.93122;1;0;-1
0;484;17.3056;71.4343;-10.3238;10.3965;4707.06;6.25126;0;0;0.1;0.01;0;7.11055;0;0;-1
0;485;15.7003;84.9735;-12.5717;8.5;2572.44;5.11093;0;0;0.1;0.01;0;5.44988;1;0;-1
0;486;31.9443;-93.7269;-12.0421;8.83098;2884.8;5.30994;0;0;0.1;0.01;0;1.85721;0;0;-1
0;487;33.3612;-76.6489;-12.3289;9.41174;3492.19;5.65914;0;0;0.1;0.01;0;5.65284;0;0;-1
0;488;32.8918;-55.3925;-10.3498;9.45135;3536.47;5.68296;0;0;0.1;0.01;0;4.99216;0;0;-1
0;489;34.1664;-38.8917;-10.1218;9.62386;3733.67;5.78669;0;0;0.1;0.01;0;6.14397;0;0;-1
0;490;31.2333;-21.3562;-12.2806;9.89423;4057.28;5.94926;0;0;0.1;0.01;0;7.10792;0;0;-1
0;491;33.1378;-6.34058;-10.7754;8.88235;2935.43;5.34083;0;0;0.1;0.01;0;5.56249;0;0;-1
0;492;33.5005;11.7956;-12.913;10.3784;4682.52;6.24038;0;0;0.1;0.01;0;7.01863;0;0;-1
0;493;31.4725;29.0529;-10.8336;9.24443;3309.25;5.55854;0;0;0.1;0.01;0;6.82133;0;0;-1
0;494;33.5335;46.264;-13.2452;9.56238;3662.58;5.74972;0;0;0.1;0.01;0;5.98817;0;0;-1
0;495;32.7932;63.4877;-10.3705;8.6173;2680.42;5.18146;0;0;0.1;0.01;0;5.98448;0;0;-1
0;496;32.263;79.3797;-10.1286;10.0567;4260.45;6.04695;0;0;0.1;0.01;0;6.38756;0;0;-1
0;497;45.9665;-82.9361;-10.7949;8.5;2572.44;5.11093;0;0;0.1;0.01;0;4.15559;1;0;-1
0;498;48.1327;-67.8884;-11.451;9.53328;3629.24;5.73222;0;0;0.1;0.01;0;6.01264;0;0;-1
0;499;47.699;-47.7294;-11.9673;9.34097;3414.01;5.61659;0;0;0.1;0.01;0;6.11449;0;0;-1
0;500;48.6156;-31.7072;-12.5219;9.05733;3112.36;5.44604;0;0;0.1;0.01;0;5.54077;0;0;-1
0;501;45.5558;-14.7407;-10.9498;9.15165;3210.6;5.50275;0;0;0.1;0.01;0;6.2677;0;0;-1
0;502;46.5955;0.436547;-11.0273;10.1585;4391.14;6.10816;0;0;0.1;0.01;0;7.44533;0;0;-1
0;503;47.7348;18.1157;-13.4334;10.1742;4411.53;6.1176;0;0;0.1;0.01;0;7.74588;0;0;-1
0;504;47.9025;34.6496;-10.5415;9.51622;3609.79;5.72196;0;0;0.1;0.01;0;6.42809;0;0;-1
0;505;45.9448;55.1962;-12.4905;8.5;2572.44;5.11093;0;0;0.1;0.01;0;5.02025;1;0;-1
0;506;46.2849;68.4968;-10.0086;9.24156;3306.16;5.55682;0;0;0.1;0.01;0;6.16983;0;0;-1
0;507;47.6954;85.646;-13.0969;8.6403;2701.94;5.19529;0;0;0.1;0.01;0;2.33748;0;0;-1
0;508;61.0942;-74.2452;-11.288;10.3036;4582.01;6.19541;0;0;0.1;0.01;0;3.19871;0;0;-1
0;509;60.3106;-56.0657;-13.3026;9.61516;3723.56;5.78146;0;0;0.1;0.01;0;6.3938;0;0;-1
0;510;61.4413;-42.1469;-11.6193;9.39919;3478.24;5.6516;0;0;0.1;0.01;0;6.41212;0;0;-1
0;511;62.5802;-25.7821;-11.8589;9.28468;3352.66;5.58274;0;0;0.1;0.01;0;5.84228;0;0;-1
0;512;62.7395;-7.65403;-11.5028;9.83406;3983.7;5.91308;0;0;0.1;0.01;0;6.46797;0;0;-1
0;513;60.7335;9.37081;-12.8132;10.2245;4477.29;6.14784;0;0;0.1;0.01;0;6.65868;0;0;-1
0;514;61.9706;28.7557;-10.2212;9.92591;4096.37;5.96831;0;0;0.1;0.01;0;6.3085;0;0;-1
0;515;62.6722;45.9892;-11.1301;9.50542;3597.51;5.71547;0;0;0.1;0.01;0;5.70315;0;0;-1
0;516;63.2353;63.5903;-10.7983;10.0981;4313.28;6.07184;0;0;0.1;0.01;0;5.33273;0;0;-1
0;517;61.0475;77.9232;-13.7927;8.90529;2958.24;5.35462;0;0;0.1;0.01;0;2.77192;0;0;-1
0;518;77.6058;-47.5355;-10.8103;8.5;2572.44;5.11093;0;0;0.1;0.01;0;3.88993;1;0;-1
0;519;77.3328;-30.0318;-11.2439;8.60685;2670.68;5.17517;0;0;0.1;0.01;0;5.62903;0;0;-1
0;520;75.2989;-14.4419;-10.8553;10.4528;4783.95;6.28512;0;0;0.1;0.01;0;7.8019;0;0;-1
0;521;74.9435;1.12135;-10.9938;8.5;2572.44;5.11093;0;0;0.1;0.01;0;6.16585;1;0;-1
0;522;76.6101;18.013;-13.3347;8.69993;2758.26;5.23114;0;0;0.1;0.01;0;5.74801;0;0;-1
0;523;75.0691;34.854;-12.7119;8.5;2572.44;5.11093;0;0;0.1;0.01;0;5.25415;1;0;-1
0;524;75.34;51.4817;-10.2308;9.24246;3307.13;5.55736;0;0;0.1;0.01;0;5.72046;0;0;-1
0;525;89.5842;-22.1737;-11.9569;8.5;2572.44;5.11093;0;0;0.1;0.01;0;3.79048;1;0;-1
0;526;90.0713;-4.25269;-10.1469;9.67018;3787.85;5.81454;0;0;0.1;0.01;0;4.12018;0;0;-1
0;527;89.5552;12.0075;-11.0213;8.94815;3001.15;5.38039;0;0;0.1;0.01;0;4.80374;0;0;-1
0;528;89.4233;27.0303;-11.1931;8.57982;2645.59;5.15892;0;0;0.1;0.01;0;4.51565;0;0;-1
0;529;89.2381;43.5627;-9.84217;10.0381;4236.85;6.03576;0;0;0.1;0.01;0;3.29386;0;0;-1
0;530;-93.939;-16.5759;2.39772;9.45997;3546.16;5.68814;0;0;0.1;0.01;0;3.1704;0;0;-1
0;531;-95.684;2.72847;3.42917;9.65336;3768.11;5.80443;0;0;0.1;0.01;0;3.78483;0;0;-1
0;532;-95.9084;18.6858;2.15954;10.2032;4449.36;6.13504;0;0;0.1;0.01;0;3.23876;0;0;-1
0;533;-79.6769;-55.9223;3.03826;8.5;2572.44;5.11093;0;0;0.1;0.01;0;2.63949;1;0;-1
0;534;-82.6282;-41.5238;4.68369;9.80047;3943.02;5.89288;0;0;0.1;0.01;0;4.17539;0;0;-1
0;535;-80.5959;-23.2245;2.97345;9.80139;3944.13;5.89343;0;0;0.1;0.01;0;6.4548;0;0;-1
0;536;-79.8664;-6.14001;3.72383;9.46528;3552.13;5.69134;0;0;0.1;0.01;0;5.92585;0;0;-1
0;537;-81.7953;10.3565;2.71524;8.90491;2957.86;5.35439;0;0;0.1;0.01;0;4.70778;0;0;-1
0;538;-80.6012;25.4925;1.20507;8.5;2572.44;5.11093;0;0;0.1;0.01;0;3.69631;1;0;-1
0;539;-82.6817;44.0754;2.76914;10.2457;4505.19;6.16059;0;0;0.1;0.01;0;4.42261;0;0;-1
0;540;-78.9041;61.1289;3.37385;9.4202;3501.62;5.66423;0;0;0.1;0.01;0;2.5588;0;0;-1
0;541;-63.887;-65.5062;1.67671;8.86781;2921.04;5.33209;0;0;0.1;0.01;0;4.00761;0;0;-1
0;542;-64.279;-47.2853;4.39874;10.2617;4526.33;6.17021;0;0;0.1;0.01;0;6.2344;0;0;-1
0;543;-68.3946;-33.0484;3.55384;8.92266;2975.58;5.36507;0;0;0.1;0.01;0;5.75858;0;0;-1
0;544;-67.7969;-14.8211;1.72253;10.4365;4761.6;6.27532;0;0;0.1;0.01;0;6.9265;0;0;-1
0;545;-67.1924;0.400305;3.73633;10.3306;4618.12;6.21164;0;0;0.1;0.01;0;6.93418;0;0;-1
0;546;-64.7314;17.1291;3.36772;10.4477;4776.95;6.28205;0;0;0.1;0.01;0;6.0203;0;0;-1
0;547;-65.1789;36.5232;3.09637;10.4249;4745.74;6.26834;0;0;0.1;0.01;0;6.60265;0;0;-1
0;548;-65.5643;52.0269;3.22622;9.47993;3568.65;5.70014;0;0;0.1;0.01;0;5.47904;0;0;-1
0;549;-64.9422;70.4142;3.16524;8.5;2572.44;5.11093;0;0;0.1;0.01;0;2.34873;1;0;-1
0;550;-49.9077;-75.3356;3.24047;8.5823;2647.89;5.16041;0;0;0.1;0.01;0;5.0059;0;0;-1
0;551;-50.3445;-59.3871;4.21222;8.71413;2771.79;5.23968;0;0;0.1;0.01;0;5.50668;0;0;-1
0;552;-50.9553;-42.3298;3.34197;8.72965;2786.63;5.24901;0;0;0.1;0.01;0;5.46185;0;0;-1
0;553;-52.1086;-24.4739;3.65505;8.58632;2651.61;5.16283;0;0;0.1;0.01;0;4.18649;0;0;-1
0;554;-49.6386;-5.37995;2.14705;8.5;2572.44;5.11093;0;0;0.1;0.01;0;4.35482;1;0;-1
0;555;-52.3032;10.057;3.74938;8.5;2572.44;5.11093;0;0;0.1;0.01;0;4.98706;1;0;-1
0;556;-52.7543;25.8366;2.70583;8.5;2572.44;5.11093;0;0;0.1;0.01;0;5.48485;1;0;-1
0;557;-50.2669;42.9852;5.11279;9.8444;3996.28;5.91929;0;0;0.1;0.01;0;5.9725;0;0;-1
0;558;-50.7511;63.4617;1.83754;9.04923;3104.01;5.44117;0;0;0.1;0.01;0;5.21295;0;0;-1
0;559;-51.4556;78.1191;1.28521;9.76208;3896.87;5.8698;0;0;0.1;0.01;0;4.43812;0;0;-1
0;560;-34.9763;-84.0144;3.44001;9.36644;3442.01;5.6319;0;0;0.1;0.01;0;5.15603;0;0;-1
0;561;-38.5007;-67.3847;3.24414;9.15764;3216.91;5.50636;0;0;0.1;0.01;0;5.35634;0;0;-1
0;562;-36.7052;-50.3926;4.12421;8.5;2572.44;5.11093;0;0;0.1;0.01;0;5.17163;1;0;-1
0;563;-35.8328;-32.6209;2.67747;9.95707;4135.07;5.98704;0;0;0.1;0.01;0;6.054;0;0;-1
0;564;-38.0787;-14.0876;3.15051;8.97516;3028.41;5.39663;0;0;0.1;0.01;0;4.98457;0;0;-1
0;565;-36.6322;3.18079;4.03596;8.90095;2953.91;5.35201;0;0;0.1;0.01;0;5.85567;0;0;-1
0;566;-38.1386;19.9753;2.91383;10.1518;4382.46;6.10413;0;0;0.1;0.01;0;6.86639;0;0;-1
0;567;-38.1951;36.3086;1.02899;8.89588;2948.87;5.34896;0;0;0.1;0.01;0;5.9315;0;0;-1
0;568;-35.4161;50.8397;2.86163;9.82839;3976.82;5.90967;0;0;0.1;0.01;0;5.01432;0;0;-1
0;569;-35.7497;71.7429;1.33965;10.4423;4769.55;6.2788;0;0;0.1;0.01;0;6.28738;0;0;-1
0;570;-35.3271;87.8908;3.28924;9.58234;3685.56;5.76172;0;0;0.1;0.01;0;5.14415;0;0;-1
0;571;-20.7802;-93.6593;1.59714;9.51832;3612.18;5.72323;0;0;0.1;0.01;0;4.31141;0;0;-1
0;572;-20.5655;-76.608;4.5947;8.53528;2604.61;5.13214;0;0;0.1;0.01;0;5.26504;0;0;-1
0;573;-23.6228;-57.642;1.53738;9.2155;3278.27;5.54115;0;0;0.1;0.01;0;6.00467;0;0;-1
0;574;-23.2199;-40.3605;2.14231;9.25268;3318.11;5.5635;0;0;0.1;0.01;0;6.41799;0;0;-1
0;575;-21.1653;-23.0794;3.57919;8.5;2572.44;5.11093;0;0;0.1;0.01;0;5.39852;1;0;-1
0;576;-20.5787;-5.19497;3.34564;8.55675;2624.31;5.14505;0;0;0.1;0.01;0;6.16143;0;0;-1
0;577;-20.1927;9.99254;4.07179;10.1133;4332.79;6.08098;0;0;0.1;0.01;0;6.89946;0;0;-1
0;578;-23.9378;27.5241;1.88673;8.5874;2652.61;5.16348;0;0;0.1;0.01;0;3.99298;0;0;-1
0;579;-19.9314;46.9948;1.82985;9.19996;3261.72;5.5318;0;0;0.1;0.01;0;4.54722;0;0;-1
0;580;-22.0327;63.3247;2.16242;9.89483;4058.01;5.94962;0;0;0.1;0.01;0;6.65773;0;0;-1
0;581;-22.1863;77.5536;1.90607;9.60554;3712.39;5.77567;0;0;0.1;0.01;0;6.19851;0;0;-1
0;582;-23.3665;96.2359;1.35756;9.90756;4073.7;5.95727;0;0;0.1;0.01;0;3.41933;0;0;-1
0;583;-7.07214;-98.9525;0.925715;10.0776;4287.06;6.05951;0;0;0.1;0.01;0;2.97347;0;0;-1
0;584;-5.64395;-81.0548;3.7164;8.73414;2790.93;5.25171;0;0;0.1;0.01;0;5.625;0;0;-1
0;585;-9.08226;-66.6492;2.77153;10.3839;4689.97;6.24369;0;0;0.1;0.01;0;5.75179;0;0;-1
0;586;-7.63454;-49.2477;2.30979;8.64791;2709.08;5.19986;0;0;0.1;0.01;0;5.09628;0;0;-1
0;587;-7.46601;-29.973;2.51634;9.4445;3528.79;5.67884;0;0;0.1;0.01;0;6.35219;0;0;-1
0;588;-8.77931;-14.1924;3.1145;9.71029;3835.18;5.83866;0;0;0.1;0.01;0;6.88025;0;0;-1
0;589;-7.88525;1.80512;3.7791;8.5;2572.44;5.11093;0;0;0.1;0.01;0;5.90015;1;0;-1
0;590;-6.30001;17.3595;1.34185;8.51996;2590.61;5.12293;0;0;0.1;0.01;0;5.93079;0;0;-1
0;591;-6.16268;34.6543;3.70093;9.22465;3288.05;5.54665;0;0;0.1;0.01;0;5.51058;0;0;-1
0;592;-5.76377;51.798;3.54219;8.5;2572.44;5.11093;0;0;0.1;0.01;0;5.8705;1;0;-1
0;593;-7.56826;71.7855;2.32887;10.3283;4615.04;6.21026;0;0;0.1;0.01;0;6.85584;0;0;-1
0;594;-9.20728;88.3779;3.68039;9.77079;3907.31;5.87503;0;0;0.1;0.01;0;4.97578;0;0;-1
0;595;8.04469;-92.1759;3.09876;8.71605;2773.63;5.24083;0;0;0.1;0.01;0;4.70649;0;0;-1
0;596;8.63528;-76.092;1.82506;9.61678;3725.44;5.78243;0;0;0.1;0.01;0;7.03858;0;0;-1
0;597;5.95216;-58.9231;1.68872;10.096;4310.59;6.07058;0;0;0.1;0.01;0;6.91863;0;0;-1
0;598;7.03556;-42.738;3.59011;9.83689;3987.15;5.91478;0;0;0.1;0.01;0;6.72703;0;0;-1
0;599;7.54701;-24.9338;1.84275;9.5353;3631.55;5.73344;0;0;0.1;0.01;0;6.5068;0;0;-1
0;600;9.35954;-8.46005;4.44415;10.1237;4346.17;6.08723;0;0;0.1;0.01;0;5.93067;0;0;-1
0;601;5.73226;10.4512;2.77249;8.89902;2951.99;5.35085;0;0;0.1;0.01;0;4.9595;0;0;-1
0;602;7.62833;25.421;2.11598;9.91149;4078.55;5.95964;0;0;0.1;0.01;0;6.08957;0;0;-1
0;603;8.38426;44.0592;2.34634;8.5;2572.44;5.11093;0;0;0.1;0.01;0;5.04707;1;0;-1
0;604;6.90982;60.3883;1.62368;8.5;2572.44;5.11093;0;0;0.1;0.01;0;5.65716;1;0;-1
0;605;8.80109;76.5045;2.68187;8.62821;2690.61;5.18802;0;0;0.1;0.01;0;5.79739;0;0;-1
0;606;5.6122;97.9063;1.52535;9.70502;3828.93;5.83549;0;0;0.1;0.01;0;2.82557;0;0;-1
0;607;20.4538;-85.2897;2.17806;8.5;2572.44;5.11093;0;0;0.1;0.01;0;4.15297;1;0;-1
0;608;23.7053;-66.3233;2.74011;10.1485;4378.19;6.10215;0;0;0.1;0.01;0;5.92267;0;0;-1
0;609;22.3814;-47.358;4.37923;8.61569;2678.91;5.18049;0;0;0.1;0.01;0;4.58329;0;0;-1
0;610;21.7444;-31.0864;1.47796;8.5;2572.44;5.11093;0;0;0.1;0.01;0;5.78954;1;0;-1
0;611;21.4291;-14.7057;1.49972;8.5;2572.44;5.11093;0;0;0.1;0.01;0;5.46921;1;0;-1
0;612;23.2014;4.33784;1.19918;9.49255;3582.92;5.70773;0;0;0.1;0.01;0;5.44802;0;0;-1
0;613;23.3883;20.8348;4.67406;9.56391;3664.33;5.75064;0;0;0.1;0.01;0;6.83898;0;0;-1
0;614;21.9812;37.2967;4.96485;8.5;2572.44;5.11093;0;0;0.1;0.01;0;5.66065;1;0;-1
0;615;22.7748;51.4206;3.72623;9.88732;4048.78;5.9451;0;0;0.1;0.01;0;6.64324;0;0;-1
0;616;21.1351;67.7538;1.65943;9.16445;3224.09;5.51045;0;0;0.1;0.01;0;5.95661;0;0;-1
0;617;21.4051;89.4946;1.13716;10.1186;4339.6;6.08417;0;0;0.1;0.01;0;4.04331;0;0;-1
0;618;38.0381;-75.928;1.65683;9.44408;3528.32;5.67859;0;0;0.1;0.01;0;6.03051;0;0;-1
0;619;38.5541;-59.6019;4.02536;8.64248;2703.98;5.1966;0;0;0.1;0.01;0;5.2266;0;0;-1
0;620;34.9014;-40.1487;3.41495;8.9796;3032.91;5.3993;0;0;0.1;0.01;0;5.44957;0;0;-1
0;621;35.0489;-25.7211;1.19921;9.54414;3641.66;5.73875;0;0;0.1;0.01;0;6.10686;0;0;-1
0;622;38.0171;-8.85229;4.48402;9.35846;3433.22;5.62711;0;0;0.1;0.01;0;6.01387;0;0;-1
0;623;37.2344;9.08848;1.45681;9.51894;3612.89;5.7236;0;0;0.1;0.01;0;5.74616;0;0;-1
0;624;36.6631;27.253;2.87604;9.98295;4167.4;6.0026;0;0;0.1;0.01;0;6.51344;0;0;-1
0;625;35.929;44.537;1.20792;10.3932;4702.58;6.24928;0;0;0.1;0.01;0;6.88;0;0;-1
0;626;36.1003;62.7055;3.83029;10.293;4567.88;6.18903;0;0;0.1;0.01;0;7.82447;0;0;-1
0;627;37.6628;80.0025;2.52587;10.395;4705.03;6.25036;0;0;0.1;0.01;0;5.13902;0;0;-1
0;628;50.8402;-83.5319;2.89655;8.5;2572.44;5.11093;0;0;0.1;0.01;0;2.98701;1;0;-1
0;629;52.1819;-64.6122;4.04994;9.83279;3982.16;5.91231;0;0;0.1;0.01;0;5.58525;0;0;-1
0;630;50.3195;-48.468;3.26156;10.1367;4362.93;6.09505;0;0;0.1;0.01;0;6.36309;0;0;-1
0;631;53.4006;-33.651;4.79468;8.5;2572.44;5.11093;0;0;0.1;0.01;0;5.81168;1;0;-1
0;632;51.3848;-15.8248;2.9952;8.60239;2666.53;5.17249;0;0;0.1;0.01;0;5.11716;0;0;-1
0;633;52.1584;1.13861;2.46904;8.51441;2585.55;5.11959;0;0;0.1;0.01;0;5.43421;0;0;-1
0;634;52.3745;17.0481;1.66506;9.47502;3563.11;5.69719;0;0;0.1;0.01;0;7.31148;0;0;-1
0;635;50.1815;34.389;2.73762;9.80689;3950.78;5.89674;0;0;0.1;0.01;0;6.2319;0;0;-1
0;636;51.3709;54.6289;4.70267;8.5;2572.44;5.11093;0;0;0.1;0.01;0;5.01726;1;0;-1
0;637;50.0053;67.7107;3.26261;9.09874;3155.24;5.47094;0;0;0.1;0.01;0;4.70084;0;0;-1
0;638;68.0551;-56.0596;4.68364;9.91865;4087.39;5.96394;0;0;0.1;0.01;0;4.38922;0;0;-1
0;639;67.5932;-39.0425;2.40226;9.67029;3787.97;5.81461;0;0;0.1;0.01;0;7.09016;0;0;-1
0;640;64.7316;-24.1614;3.90339;8.59961;2663.94;5.17082;0;0;0.1;0.01;0;5.67828;0;0;-1
0;641;67.8277;-6.65883;4.42581;8.5;2572.44;5.11093;0;0;0.1;0.01;0;4.86785;1;0;-1
0;642;65.6258;12.2015;3.8324;10.2544;4516.68;6.16582;0;0;0.1;0.01;0;6.72001;0;0;-1
0;643;65.4879;25.9342;3.94267;8.5;2572.44;5.11093;0;0;0.1;0.01;0;6.09738;1;0;-1
0;644;66.9172;44.3118;4.35963;9.40417;3483.77;5.65459;0;0;0.1;0.01;0;5.69726;0;0;-1
0;645;67.4218;60.1809;4.32387;9.78995;3930.34;5.88655;0;0;0.1;0.01;0;4.46584;0;0;-1
0;646;82.3286;-47.3957;5.10604;9.16647;3226.23;5.51167;0;0;0.1;0.01;0;3.67553;0;0;-1
0;647;82.1701;-33.1105;3.18198;10.4059;4719.84;6.25692;0;0;0.1;0.01;0;5.82256;0;0;-1
0;648;81.3956;-15.7978;3.83817;9.58771;3691.76;5.76495;0;0;0.1;0.01;0;6.49061;0;0;-1
0;649;79.776;0.0563432;1.87872;9.17655;3236.88;5.51773;0;0;0.1;0.01;0;5.72863;0;0;-1
0;650;80.9758;18.2561;2.44865;9.17519;3235.44;5.51691;0;0;0.1;0.01;0;6.6434;0;0;-1
0;651;82.5343;36.1052;4.09285;10.3563;4652.67;6.22709;0;0;0.1;0.01;0;5.55333;0;0;-1
0;652;82.8033;55.3027;4.8954;9.98006;4163.78;6.00087;0;0;0.1;0.01;0;2.84779;0;0;-1
0;653;95.8366;-23.3874;2.1043;10.372;4673.86;6.23653;0;0;0.1;0.01;0;3.62892;0;0;-1
0;654;96.3566;-7.56432;4.2245;9.30892;3378.99;5.59732;0;0;0.1;0.01;0;3.40754;0;0;-1
0;655;94.5248;12.1162;1.93354;9.59168;3696.35;5.76734;0;0;0.1;0.01;0;4.21313;0;0;-1
0;656;94.312;26.6323;4.48146;10.0281;4224.2;6.02975;0;0;0.1;0.01;0;4.46466;0;0;-1
0;657;-86.8331;-40.7502;19.1992;10.0139;4206.28;6.02121;0;0;0.1;0.01;0;3.22295;0;0;-1
0;658;-85.0819;-21.1748;18.5541;9.39531;3473.94;5.64926;0;0;0.1;0.01;0;3.28288;0;0;-1
0;659;-84.8782;-4.98488;19.271;9.9256;4095.99;5.96812;0;0;0.1;0.01;0;4.60375;0;0;-1
0;660;-86.6473;10.48;17.1909;9.41782;3498.97;5.6628;0;0;0.1;0.01;0;4.71546;0;0;-1
0;661;-85.7245;27.1063;18.3051;8.5;2572.44;5.11093;0;0;0.1;0.01;0;3.21774;1;0;-1
0;662;-84.2582;45.3302;18.9275;8.68184;2741.09;5.22026;0;0;0.1;0.01;0;2.72686;0;0;-1
0;663;-72.1072;-63.6379;19.8441;9.46219;3548.65;5.68948;0;0;0.1;0.01;0;3.35719;0;0;-1
0;664;-70.8071;-48.5634;16.6706;9.04696;3101.68;5.43981;0;0;0.1;0.01;0;6.11234;0;0;-1
0;665;-68.9827;-33.8703;19.1859;8.5;2572.44;5.11093;0;0;0.1;0.01;0;5.46747;1;0;-1
0;666;-71.96;-13.1858;19.0197;9.90376;4069.01;5.95499;0;0;0.1;0.01;0;7.23527;0;0;-1
0;667;-69.3906;2.17191;19.7063;9.7357;3865.36;5.85394;0;0;0.1;0.01;0;6.93305;0;0;-1
0;668;-70.2488;18.6396;19.3006;9.64972;3763.85;5.80224;0;0;0.1;0.01;0;5.802;0;0;-1
0;669;-70.2952;34.256;16.7422;8.77909;2834.24;5.27874;0;0;0.1;0.01;0;4.32337;0;0;-1
0;670;-70.2534;52.8851;16.2675;8.5;2572.44;5.11093;0;0;0.1;0.01;0;3.91432;1;0;-1
0;671;-58.0225;-74.9481;17.121;10.065;4271;6.05194;0;0;0.1;0.01;0;4.51459;0;0;-1
0;672;-57.4991;-58.6538;18.7037;9.47117;3558.77;5.69488;0;0;0.1;0.01;0;6.43908;0;0;-1
0;673;-56.2024;-39.5357;17.459;10.2399;4497.55;6.1571;0;0;0.1;0.01;0;7.40307;0;0;-1
0;674;-57.0858;-23.272;16.9152;8.9323;2985.23;5.37086;0;0;0.1;0.01;0;5.73358;0;0;-1
0;675;-55.1859;-6.46479;16.0505;9.97374;4155.88;5.99707;0;0;0.1;0.01;0;6.2449;0;0;-1
0;676;-57.1281;8.6165;17.4039;8.70387;2762.01;5.23351;0;0;0.1;0.01;0;5.38381;0;0;-1
0;677;-55.3821;26.7724;16.7987;9.65507;3770.12;5.80545;0;0;0.1;0.01;0;5.70841;0;0;-1
0;678;-54.9726;46.8984;18.9406;8.5;2572.44;5.11093;0;0;0.1;0.01;0;4.35267;1;0;-1
0;679;-53.9883;61.9338;18.2864;8.67427;2733.93;5.21571;0;0;0.1;0.01;0;3.80723;0;0;-1
0;680;-53.7963;78.0477;19.6574;9.60026;3706.27;5.7725;0;0;0.1;0.01;0;2.64003;0;0;-1
0;681;-41.6968;-84.6156;16.8442;9.64536;3758.75;5.79962;0;0;0.1;0.01;0;4.32837;0;0;-1
0;682;-40.6315;-67.4688;17.7301;8.98447;3037.85;5.40223;0;0;0.1;0.01;0;5.51467;0;0;-1
0;683;-40.464;-47.7809;16.7399;9.09298;3149.25;5.46748;0;0;0.1;0.01;0;5.26027;0;0;-1
0;684;-42.5282;-33.0282;18.193;9.56256;3662.78;5.74983;0;0;0.1;0.01;0;6.35499;0;0;-1
0;685;-42.1587;-13.7559;16.4879;8.5;2572.44;5.11093;0;0;0.1;0.01;0;4.91532;1;0;-1
0;686;-39.9913;2.28085;17.7241;8.8338;2887.56;5.31164;0;0;0.1;0.01;0;5.08166;0;0;-1
0;687;-42.2081;18.6839;18.4596;8.81873;2872.81;5.30257;0;0;0.1;0.01;0;5.43307;0;0;-1
0;688;-41.1653;33.7354;18.2813;8.97255;3025.77;5.39506;0;0;0.1;0.01;0;5.19024;0;0;-1
0;689;-39.7084;53.2126;18.5455;8.97931;3032.62;5.39913;0;0;0.1;0.01;0;4.73869;0;0;-1
0;690;-39.5883;71.4854;16.3987;10.2106;4459.05;6.13949;0;0;0.1;0.01;0;5.9049;0;0;-1
0;691;-41.5985;87.7415;18.5417;8.98874;3042.18;5.4048;0;0;0.1;0.01;0;2.93135;0;0;-1
0;692;-27.7607;-93.4534;16.8254;10.4523;4783.26;6.28482;0;0;0.1;0.01;0;3.97943;0;0;-1
0;693;-27.5085;-72.8515;18.4965;9.83112;3980.13;5.91131;0;0;0.1;0.01;0;6.1646;0;0;-1
0;694;-25.3701;-56.7068;16.2732;8.5;2572.44;5.11093;0;0;0.1;0.01;0;4.44972;1;0;-1
0;695;-24.5034;-40.3785;17.8422;8.88227;2935.35;5.34078;0;0;0.1;0.01;0;5.48638;0;0;-1
0;696;-28.359;-24.7225;16.317;9.59361;3698.58;5.7685;0;0;0.1;0.01;0;6.04794;0;0;-1
0;697;-28.378;-7.1866;16.012;9.33032;3402.34;5.61019;0;0;0.1;0.01;0;5.29225;0;0;-1
0;698;-26.9609;10.6805;16.4881;9.60486;3711.6;5.77526;0;0;0.1;0.01;0;6.09266;0;0;-1
0;699;-27.4492;28.0458;17.3632;9.05772;3112.76;5.44628;0;0;0.1;0.01;0;5.12877;0;0;-1
0;700;-25.4614;45.9277;17.6362;9.58543;3689.13;5.76358;0;0;0.1;0.01;0;5.76643;0;0;-1
0;701;-28.1548;62.0577;16.4053;9.01678;3070.74;5.42166;0;0;0.1;0.01;0;5.90353;0;0;-1
0;702;-27.4122;80.4094;16.311;10.1887;4430.42;6.12632;0;0;0.1;0.01;0;5.89165;0;0;-1
0;703;-13.2897;-83.6084;17.6376;9.77088;3907.42;5.87509;0;0;0.1;0.01;0;5.45649;0;0;-1
0;704;-13.7336;-65.642;17.0251;8.5;2572.44;5.11093;0;0;0.1;0.01;0;4.20804;1;0;-1
0;705;-11.1817;-47.5343;16.2707;9.7905;3931;5.88689;0;0;0.1;0.01;0;5.44849;0;0;-1
0;706;-12.3557;-30.7843;19.3491;8.63701;2698.85;5.19331;0;0;0.1;0.01;0;5.76327;0;0;-1
0;707;-11.5518;-16.1906;17.4758;9.71429;3839.92;5.84106;0;0;0.1;0.01;0;6.34316;0;0;-1
0;708;-13.6696;1.66569;17.127;10.0878;4300.09;6.06565;0;0;0.1;0.01;0;7.02348;0;0;-1
0;709;-13.1779;20.7929;16.6144;10.0841;4295.36;6.06342;0;0;0.1;0.01;0;6.26914;0;0;-1
0;710;-10.9545;37.323;17.2878;8.97727;3030.55;5.3979;0;0;0.1;0.01;0;5.49649;0;0;-1
0;711;-10.0204;52.3578;18.3028;10.1287;4352.61;6.09024;0;0;0.1;0.01;0;6.64414;0;0;-1
0;712;-11.6679;68.4228;18.3693;8.59754;2662.02;5.16958;0;0;0.1;0.01;0;5.20822;0;0;-1
0;713;-11.0505;85.259;18.6713;8.5;2572.44;5.11093;0;0;0.1;0.01;0;3.73676;1;0;-1
0;714;1.6845;-91.9853;17.436;10.248;4508.23;6.16197;0;0;0.1;0.01;0;3.90704;0;0;-1
0;715;4.58459;-72.2717;15.9885;8.68782;2746.76;5.22386;0;0;0.1;0.01;0;5.15378;0;0;-1
0;716;2.81763;-56.9721;17.3335;8.5;2572.44;5.11093;0;0;0.1;0.01;0;5.54357;1;0;-1
0;717;2.96161;-39.8523;16.6702;9.887;4048.39;5.94491;0;0;0.1;0.01;0;6.58532;0;0;-1
0;718;2.38619;-24.4685;16.4713;8.82136;2875.38;5.30416;0;0;0.1;0.01;0;5.63491;0;0;-1
0;719;4.97403;-8.37343;17.1085;8.57217;2638.52;5.15432;0;0;0.1;0.01;0;4.74372;0;0;-1
0;720;4.17184;9.64859;16.3839;9.89258;4055.25;5.94826;0;0;0.1;0.01;0;4.89227;0;0;-1
0;721;2.15982;28.5088;16.643;9.95865;4137.04;5.98799;0;0;0.1;0.01;0;6.2487;0;0;-1
0;722;2.53076;46.1847;15.6192;8.5982;2662.63;5.16997;0;0;0.1;0.01;0;5.80321;0;0;-1
0;723;2.65986;63.4023;15.8912;10.4039;4717.12;6.25571;0;0;0.1;0.01;0;6.71225;0;0;-1
0;724;0.993976;77.9643;15.9351;8.66392;2724.16;5.20949;0;0;0.1;0.01;0;5.68478;0;0;-1
0;725;4.69914;93.0901;17.7676;8.70908;2766.98;5.23664;0;0;0.1;0.01;0;2.89431;0;0;-1
0;726;17.777;-82.3796;17.1027;10.0453;4245.97;6.04009;0;0;0.1;0.01;0;5.13175;0;0;-1
0;727;15.7994;-64.4125;16.3815;8.5;2572.44;5.11093;0;0;0.1;0.01;0;4.94326;1;0;-1
0;728;16.0229;-50.0851;18.3087;9.61978;3728.93;5.78423;0;0;0.1;0.01;0;5.55252;0;0;-1
0;729;18.933;-33.982;18.1024;8.5;2572.44;5.11093;0;0;0.1;0.01;0;4.31399;1;0;-1
0;730;18.3561;-17.0132;17.3405;9.30503;3374.75;5.59498;0;0;0.1;0.01;0;5.77482;0;0;-1
0;731;17.4609;2.71602;18.4873;8.54447;2613.03;5.13767;0;0;0.1;0.01;0;4.74004;0;0;-1
0;732;16.5765;21.1392;16.2202;9.14026;3198.63;5.49591;0;0;0.1;0.01;0;6.27654;0;0;-1
0;733;16.5137;37.0691;17.4408;8.88866;2941.69;5.34462;0;0;0.1;0.01;0;5.88922;0;0;-1
0;734;19.6652;52.93;17.6954;8.85858;2911.93;5.32654;0;0;0.1;0.01;0;5.16752;0;0;-1
0;735;16.4161;69.7755;17.3882;8.51644;2587.4;5.12081;0;0;0.1;0.01;0;5.15587;0;0;-1
0;736;17.9128;85.6774;16.4561;9.17315;3233.29;5.51568;0;0;0.1;0.01;0;3.56819;0;0;-1
0;737;33.1743;-92.4852;15.9333;9.05955;3114.64;5.44738;0;0;0.1;0.01;0;1.6903;0;0;-1
0;738;33.7891;-73.7676;16.0998;9.51316;3606.31;5.72013;0;0;0.1;0.01;0;5.47823;0;0;-1
0;739;33.1757;-55.249;18.0171;9.15668;3215.9;5.50578;0;0;0.1;0.01;0;4.54232;0;0;-1
0;740;33.6503;-39.0269;18.0763;8.5;2572.44;5.11093;0;0;0.1;0.01;0;5.32923;1;0;-1
0;741;31.4427;-24.4838;16.3382;9.37929;3456.2;5.63963;0;0;0.1;0.01;0;6.48307;0;0;-1
0;742;30.7118;-8.05997;18.5958;9.30862;3378.66;5.59714;0;0;0.1;0.01;0;5.49816;0;0;-1
0;743;30.5281;11.5673;17.0212;8.87722;2930.35;5.33774;0;0;0.1;0.01;0;5.13341;0;0;-1
0;744;32.0956;26.8745;16.7607;8.78131;2836.39;5.28007;0;0;0.1;0.01;0;5.40288;0;0;-1
0;745;33.2207;45.7684;16.5263;8.5;2572.44;5.11093;0;0;0.1;0.01;0;5.28772;1;0;-1
0;746;30.4872;63.4347;19.478;9.08213;3137.99;5.46095;0;0;0.1;0.01;0;6.81632;0;0;-1
0;747;30.6505;77.8148;17.8488;9.25776;3323.58;5.56656;0;0;0.1;0.01;0;5.18429;0;0;-1
0;748;45.3115;-81.245;16.0905;9.99665;4184.58;6.01084;0;0;0.1;0.01;0;4.70877;0;0;-1
0;749;48.9035;-67.6397;17.007;8.61752;2680.62;5.18159;0;0;0.1;0.01;0;5.08369;0;0;-1
0;750;47.511;-48.1684;18.5928;8.5;2572.44;5.11093;0;0;0.1;0.01;0;4.60409;1;0;-1
0;751;46.762;-31.8997;16.6182;9.52674;3621.78;5.72829;0;0;0.1;0.01;0;6.82981;0;0;-1
0;752;46.361;-15.3169;17.5077;9.96599;4146.2;5.99241;0;0;0.1;0.01;0;6.40216;0;0;-1
0;753;46.2062;4.39528;19.484;9.61473;3723.06;5.7812;0;0;0.1;0.01;0;5.43059;0;0;-1
0;754;48.7906;20.4672;17.3374;9.77667;3914.37;5.87857;0;0;0.1;0.01;0;6.23029;0;0;-1
0;755;46.8609;34.8806;18.9848;8.5;2572.44;5.11093;0;0;0.1;0.01;0;5.23633;1;0;-1
0;756;45.0862;54.0898;16.5926;10.1386;4365.39;6.09619;0;0;0.1;0.01;0;6.57535;0;0;-1
0;757;46.9809;68.9787;17.7803;8.7934;2848.13;5.28734;0;0;0.1;0.01;0;5.04418;0;0;-1
0;758;45.9436;86.0471;19.6688;8.5;2572.44;5.11093;0;0;0.1;0.01;0;1.28263;1;0;-1
0;759;61.2211;-75.4445;17.4874;9.74749;3879.42;5.86102;0;0;0.1;0.01;0;2.82143;0;0;-1
0;760;62.3056;-57.9512;18.1606;8.5;2572.44;5.11093;0;0;0.1;0.01;0;4.94918;1;0;-1
0;761;62.5608;-38.7132;16.7004;10.097;4311.87;6.07118;0;0;0.1;0.01;0;7.49722;0;0;-1
0;762;60.4207;-24.2778;16.5144;9.90118;4065.83;5.95344;0;0;0.1;0.01;0;7.54568;0;0;-1
0;763;60.3746;-7.40278;16.7492;8.93108;2984.01;5.37013;0;0;0.1;0.01;0;4.81111;0;0;-1
0;764;62.4591;10.6036;16.9682;9.45392;3539.36;5.6845;0;0;0.1;0.01;0;5.78058;0;0;-1
0;765;61.6872;28.5323;16.4769;10.2254;4478.47;6.14838;0;0;0.1;0.01;0;7.2226;0;0;-1
0;766;61.8666;45.2093;19.0352;8.67367;2733.36;5.21535;0;0;0.1;0.01;0;6.08016;0;0;-1
0;767;62.2935;63.6406;19.0432;10.0225;4217.13;6.02638;0;0;0.1;0.01;0;4.83311;0;0;-1
0;768;75.9032;-50.2097;19.5145;8.70096;2759.24;5.23176;0;0;0.1;0.01;0;3.01424;0;0;-1
0;769;76.0461;-33.4794;18.3411;10.0886;4301.12;6.06613;0;0;0.1;0.01;0;6.134;0;0;-1
0;770;77.6179;-16.9517;16.7466;8.5;2572.44;5.11093;0;0;0.1;0.01;0;4.96154;1;0;-1
0;771;74.8814;0.857842;19.4087;8.71841;2775.88;5.24225;0;0;0.1;0.01;0;4.44388;0;0;-1
0;772;76.4897;20.107;16.1891;9.82373;3971.16;5.90687;0;0;0.1;0.01;0;6.53749;0;0;-1
0;773;74.8203;37.9192;19.0735;10.3722;4674.14;6.23665;0;0;0.1;0.01;0;6.73556;0;0;-1
0;774;76.5219;52.4276;18.7616;8.77615;2831.4;5.27697;0;0;0.1;0.01;0;4.58057;0;0;-1
0;775;91.5287;-22.068;18.6346;9.7875;3927.39;5.88508;0;0;0.1;0.01;0;4.34598;0;0;-1
0;776;92.7477;-7.36003;19.9352;8.5;2572.44;5.11093;0;0;0.1;0.01;0;2.6192;1;0;-1
0;777;91.7015;9.32738;16.2198;9.05672;3111.73;5.44567;0;0;0.1;0.01;0;2.52574;0;0;-1
0;778;89.4661;26.8426;17.3921;9.35384;3428.14;5.62433;0;0;0.1;0.01;0;4.07973;0;0;-1
0;779;-93.5833;2.4085;34.5629;8.55786;2625.33;5.14572;0;0;0.1;0.01;0;2.84616;0;0;-1
0;780;-82.0406;-39.7094;31.6366;9.85962;4014.85;5.92845;0;0;0.1;0.01;0;3.15421;0;0;-1
0;781;-79.6872;-25.0906;32.4563;9.32437;3395.84;5.60661;0;0;0.1;0.01;0;4.25132;0;0;-1
0;782;-78.9986;-6.09152;34.0243;9.22038;3283.49;5.54408;0;0;0.1;0.01;0;5.97836;0;0;-1
0;783;-80.1794;10.0441;31.8192;8.73128;2788.19;5.24999;0;0;0.1;0.01;0;4.89587;0;0;-1
0;784;-82.7041;25.871;30.9202;9.40262;3482.05;5.65366;0;0;0.1;0.01;0;2.74929;0;0;-1
0;785;-79.9027;46.0322;31.3527;8.54151;2610.31;5.13589;0;0;0.1;0.01;0;2.20307;0;0;-1
0;786;-65.9599;-66.8886;33.956;9.46889;3556.2;5.69351;0;0;0.1;0.01;0;3.41839;0;0;-1
0;787;-66.6278;-47.6775;32.2364;9.70994;3834.76;5.83845;0;0;0.1;0.01;0;4.79081;0;0;-1
0;788;-64.3045;-30.7703;34.2051;9.95636;4134.19;5.98661;0;0;0.1;0.01;0;6.55584;0;0;-1
0;789;-66.7733;-15.5648;31.0152;8.5;2572.44;5.11093;0;0;0.1;0.01;0;5.95299;1;0;-1
0;790;-65.6121;0.0124394;34.1203;8.9441;2997.08;5.37796;0;0;0.1;0.01;0;5.98578;0;0;-1
0;791;-66.5541;18.1274;33.8916;8.5;2572.44;5.11093;0;0;0.1;0.01;0;4.42975;1;0;-1
0;792;-64.407;35.1678;31.657;8.58667;2651.94;5.16304;0;0;0.1;0.01;0;4.16594;0;0;-1
0;793;-66.8389;53.06;33.2047;9.91933;4088.23;5.96435;0;0;0.1;0.01;0;3.57452;0;0;-1
0;794;-53.1886;-73.3242;30.618;10.1149;4334.84;6.08194;0;0;0.1;0.01;0;4.85073;0;0;-1
0;795;-50.1848;-58.7174;30.9886;9.48167;3570.62;5.70119;0;0;0.1;0.01;0;6.02607;0;0;-1
0;796;-49.838;-38.4034;31.6531;9.72083;3847.68;5.84499;0;0;0.1;0.01;0;6.12713;0;0;-1
0;797;-52.8036;-21.2948;31.1204;8.5;2572.44;5.11093;0;0;0.1;0.01;0;4.91505;1;0;-1
0;798;-52.7078;-7.29143;34.1938;9.66627;3783.25;5.81219;0;0;0.1;0.01;0;4.47641;0;0;-1
0;799;-51.6674;11.8705;31.7848;8.5;2572.44;5.11093;0;0;0.1;0.01;0;4.15875;1;0;-1
0;800;-50.7156;29.4051;32.6063;8.5;2572.44;5.11093;0;0;0.1;0.01;0;5.23728;1;0;-1
0;801;-52.7829;43.3436;33.1271;8.5;2572.44;5.11093;0;0;0.1;0.01;0;5.24182;1;0;-1
0;802;-51.6446;60.0651;33.9736;8.5;2572.44;5.11093;0;0;0.1;0.01;0;4.24003;1;0;-1
0;803;-35.6429;-85.397;34.2833;10.1766;4414.65;6.11904;0;0;0.1;0.01;0;3.63544;0;0;-1
0;804;-38.0017;-66.3746;31.2802;8.5;2572.44;5.11093;0;0;0.1;0.01;0;4.55814;1;0;-1
0;805;-37.9475;-47.2928;33.1268;9.74583;3877.44;5.86003;0;0;0.1;0.01;0;5.96571;0;0;-1
0;806;-34.474;-33.0309;33.0278;10.2533;4515.23;6.16516;0;0;0.1;0.01;0;6.52097;0;0;-1
0;807;-35.1747;-16.2781;32.7158;8.8572;2910.57;5.32571;0;0;0.1;0.01;0;4.1292;0;0;-1
0;808;-35.3348;2.98266;32.2973;8.80953;2863.83;5.29704;0;0;0.1;0.01;0;4.53436;0;0;-1
0;809;-38.3044;17.6733;32.755;8.96634;3019.49;5.39133;0;0;0.1;0.01;0;4.90033;0;0;-1
0;810;-36.9796;37.9458;31.6586;9.65063;3764.92;5.80278;0;0;0.1;0.01;0;6.08336;0;0;-1
0;811;-36.8439;52.4683;32.4188;8.9865;3039.91;5.40345;0;0;0.1;0.01;0;5.22378;0;0;-1
0;812;-37.9046;69.1979;32.1201;8.5;2572.44;5.11093;0;0;0.1;0.01;0;3.35557;1;0;-1
0;813;-20.965;-91.0272;34.0185;9.86408;4020.3;5.93113;0;0;0.1;0.01;0;3.76669;0;0;-1
0;814;-22.9246;-74.3026;32.2379;8.5;2572.44;5.11093;0;0;0.1;0.01;0;5.1188;1;0;-1
0;815;-22.8327;-57.0511;34.4243;8.61747;2680.57;5.18156;0;0;0.1;0.01;0;4.58514;0;0;-1
0;816;-21.8615;-42.7413;31.8911;8.61331;2676.69;5.17906;0;0;0.1;0.01;0;5.67948;0;0;-1
0;817;-20.4321;-21.663;31.3827;8.5;2572.44;5.11093;0;0;0.1;0.01;0;3.95887;1;0;-1
0;818;-20.9576;-4.75556;34.0474;9.37895;3455.82;5.63943;0;0;0.1;0.01;0;5.90149;0;0;-1
0;819;-21.7908;11.1923;31.6476;8.93559;2988.53;5.37284;0;0;0.1;0.01;0;5.87755;0;0;-1
0;820;-22.9985;29.3685;33.7824;9.49202;3582.32;5.70741;0;0;0.1;0.01;0;5.55321;0;0;-1
0;821;-20.7356;44.2966;33.813;9.19925;3260.96;5.53138;0;0;0.1;0.01;0;6.29503;0;0;-1
0;822;-20.4306;59.7017;30.9778;8.65751;2718.11;5.20564;0;0;0.1;0.01;0;5.1213;0;0;-1
0;823;-21.7709;76.7145;32.6727;10.0526;4255.24;6.04448;0;0;0.1;0.01;0;4.73953;0;0;-1
0;824;-6.81792;-81.484;33.0084;10.2345;4490.44;6.15386;0;0;0.1;0.01;0;5.7372;0;0;-1
0;825;-7.5792;-65.8482;32.0387;9.11861;3175.96;5.48289;0;0;0.1;0.01;0;4.85265;0;0;-1
0;826;-8.8085;-46.9403;30.7929;9.1191;3176.47;5.48318;0;0;0.1;0.01;0;5.15043;0;0;-1
0;827;-5.45802;-32.626;31.1704;8.5;2572.44;5.11093;0;0;0.1;0.01;0;4.74325;1;0;-1
0;828;-8.84226;-13.1761;31.5864;10.4144;4731.42;6.26203;0;0;0.1;0.01;0;6.59158;0;0;-1
0;829;-7.46446;3.47611;31.9519;9.30981;3379.96;5.59785;0;0;0.1;0.01;0;6.08537;0;0;-1
0;830;-6.85472;20.9978;33.6346;10.0649;4270.88;6.05188;0;0;0.1;0.01;0;5.67587;0;0;-1
0;831;-7.48082;37.7968;34.0812;9.13604;3194.2;5.49337;0;0;0.1;0.01;0;6.14361;0;0;-1
0;832;-5.8477;51.7208;33.6888;8.5;2572.44;5.11093;0;0;0.1;0.01;0;5.4933;1;0;-1
0;833;-7.20357;69.7818;32.4002;8.73803;2794.66;5.25405;0;0;0.1;0.01;0;4.35044;0;0;-1
0;834;-6.78267;88.6461;31.1336;8.56897;2635.57;5.1524;0;0;0.1;0.01;0;2.16793;0;0;-1
0;835;8.2487;-89.4386;34.6626;8.757;2812.9;5.26546;0;0;0.1;0.01;0;3.18178;0;0;-1
0;836;7.70264;-74.4754;32.4968;10.4534;4784.77;6.28548;0;0;0.1;0.01;0;7.03356;0;0;-1
0;837;6.34594;-58.946;31.8216;8.79873;2853.31;5.29055;0;0;0.1;0.01;0;5.10426;0;0;-1
0;838;8.48718;-42.9143;33.2013;10.0561;4259.68;6.04659;0;0;0.1;0.01;0;6.75188;0;0;-1
0;839;6.86341;-23.8842;32.755;8.90408;2957.03;5.35389;0;0;0.1;0.01;0;4.8806;0;0;-1
0;840;7.21443;-6.04689;33.7245;9.87605;4034.95;5.93833;0;0;0.1;0.01;0;6.0508;0;0;-1
0;841;5.64996;8.7928;34.3858;9.10205;3158.68;5.47293;0;0;0.1;0.01;0;4.742;0;0;-1
0;842;8.33883;27.8152;31.0451;9.25309;3318.55;5.56375;0;0;0.1;0.01;0;5.15869;0;0;-1
0;843;6.7918;42.8919;30.5895;10.1876;4428.99;6.12566;0;0;0.1;0.01;0;6.42177;0;0;-1
0;844;8.63603;61.5731;30.9056;8.68436;2743.48;5.22178;0;0;0.1;0.01;0;4.75682;0;0;-1
0;845;9.12323;78.9362;31.9051;9.46328;3549.88;5.69013;0;0;0.1;0.01;0;4.70436;0;0;-1
0;846;23.1439;-82.6639;33.8567;9.93443;4106.93;5.97343;0;0;0.1;0.01;0;4.76694;0;0;-1
0;847;22.6481;-67.964;33.0036;9.85623;4010.71;5.92641;0;0;0.1;0.01;0;5.40369;0;0;-1
0;848;23.8681;-47.735;33.3879;8.90151;2954.47;5.35235;0;0;0.1;0.01;0;5.89601;0;0;-1
0;849;21.1374;-32.291;32.4692;10.1635;4397.63;6.11117;0;0;0.1;0.01;0;7.0393;0;0;-1
0;850;22.1148;-14.0038;32.2128;10.1553;4386.99;6.10623;0;0;0.1;0.01;0;6.79588;0;0;-1
0;851;22.3384;0.478998;30.9414;8.92445;2977.37;5.36614;0;0;0.1;0.01;0;5.12754;0;0;-1
0;852;23.0066;19.3358;30.4875;9.06881;3124.2;5.45294;0;0;0.1;0.01;0;4.82404;0;0;-1
0;853;22.1097;37.5581;33.9861;9.3486;3422.38;5.62118;0;0;0.1;0.01;0;5.73671;0;0;-1
0;854;23.7961;51.3854;32.572;9.90615;4071.96;5.95642;0;0;0.1;0.01;0;6.81358;0;0;-1
0;855;22.328;68.758;31.0013;8.75237;2808.44;5.26267;0;0;0.1;0.01;0;5.9026;0;0;-1
0;856;20.8567;89.3912;34.2217;9.34689;3420.5;5.62015;0;0;0.1;0.01;0;1.60128;0;0;-1
0;857;35.784;-74.7222;32.7962;8.5;2572.44;5.11093;0;0;0.1;0.01;0;3.4276;1;0;-1
0;858;37.1887;-55.0849;32.8379;9.55435;3653.36;5.74489;0;0;0.1;0.01;0;5.76211;0;0;-1
0;859;35.576;-38.4107;30.8934;8.5;2572.44;5.11093;0;0;0.1;0.01;0;5.31013;1;0;-1
0;860;37.4973;-21.9821;32.1802;8.5;2572.44;5.11093;0;0;0.1;0.01;0;4.7564;1;0;-1
0;861;35.9004;-4.81475;33.2093;9.17157;3231.62;5.51473;0;0;0.1;0.01;0;5.72586;0;0;-1
0;862;38.7411;9.35636;32.4841;8.59517;2659.82;5.16815;0;0;0.1;0.01;0;4.91431;0;0;-1
0;863;38.1027;25.5616;33.0001;9.81869;3965.06;5.90384;0;0;0.1;0.01;0;5.59271;0;0;-1
0;864;38.3506;43.1663;33.0939;9.76301;3897.98;5.87036;0;0;0.1;0.01;0;6.0211;0;0;-1
0;865;35.3788;61.8626;33.7048;9.76121;3895.83;5.86927;0;0;0.1;0.01;0;6.62657;0;0;-1
0;866;36.8579;77.2499;32.1606;10.0224;4217;6.02632;0;0;0.1;0.01;0;5.23663;0;0;-1
0;867;52.8256;-64.6652;31.9367;9.06145;3116.6;5.44852;0;0;0.1;0.01;0;3.97359;0;0;-1
0;868;53.1643;-49.3381;32.124;9.43641;3519.73;5.67398;0;0;0.1;0.01;0;5.65699;0;0;-1
0;869;52.0696;-33.3869;32.4047;9.52844;3623.71;5.72931;0;0;0.1;0.01;0;6.1408;0;0;-1
0;870;51.5473;-17.3183;31.5983;9.93219;4104.15;5.97208;0;0;0.1;0.01;0;6.32106;0;0;-1
0;871;53.2145;0.913913;33.8735;10.0205;4214.6;6.02518;0;0;0.1;0.01;0;6.86838;0;0;-1
0;872;52.4638;17.8215;33.3837;8.9672;3020.36;5.39185;0;0;0.1;0.01;0;6.01727;0;0;-1
0;873;53.4742;38.1475;32.2394;8.9671;3020.26;5.39179;0;0;0.1;0.01;0;6.03616;0;0;-1
0;874;53.262;53.1792;33.3237;9.60563;3712.5;5.77573;0;0;0.1;0.01;0;6.96898;0;0;-1
0;875;51.4266;68.3305;32.415;9.14929;3208.12;5.50134;0;0;0.1;0.01;0;4.8694;0;0;-1
0;876;67.2563;-58.0712;32.4257;8.83388;2887.64;5.31168;0;0;0.1;0.01;0;3.29235;0;0;-1
0;877;67.695;-38.605;31.5524;9.31078;3381.01;5.59844;0;0;0.1;0.01;0;5.34618;0;0;-1
0;878;66.3868;-21.8175;31.9658;9.12977;3187.63;5.4896;0;0;0.1;0.01;0;5.27293;0;0;-1
0;879;66.9427;-4.7694;32.6228;9.85842;4013.38;5.92772;0;0;0.1;0.01;0;5.726;0;0;-1
0;880;67.2117;10.3545;32.9765;8.94914;3002.15;5.38099;0;0;0.1;0.01;0;6.55176;0;0;-1
0;881;66.211;28.0123;33.7891;8.61621;2679.4;5.1808;0;0;0.1;0.01;0;5.82066;0;0;-1
0;882;67.3176;45.644;31.0874;9.11558;3172.79;5.48107;0;0;0.1;0.01;0;6.46656;0;0;-1
0;883;67.0135;59.5001;32.0801;9.87652;4035.53;5.93861;0;0;0.1;0.01;0;4.75527;0;0;-1
0;884;79.9439;-30.2543;33.8282;9.91075;4077.63;5.95919;0;0;0.1;0.01;0;4.39878;0;0;-1
0;885;80.1765;-15.9649;30.7235;8.8039;2858.34;5.29366;0;0;0.1;0.01;0;4.50578;0;0;-1
0;886;79.6571;3.68292;33.5507;10.0827;4293.58;6.06258;0;0;0.1;0.01;0;4.94893;0;0;-1
0;887;80.7166;19.7014;34.1934;8.73611;2792.82;5.2529;0;0;0.1;0.01;0;3.84775;0;0;-1
0;888;80.5438;33.6392;31.9236;8.98096;3034.29;5.40012;0;0;0.1;0.01;0;4.25747;0;0;-1
0;889;-86.3508;-6.44389;47.2357;9.7781;3916.08;5.87943;0;0;0.1;0.01;0;3.24528;0;0;-1
0;890;-85.6618;9.85602;47.7954;10.4049;4718.48;6.25632;0;0;0.1;0.01;0;3.02404;0;0;-1
0;891;-69.0205;-49.9813;48.7959;10.4318;4755.17;6.27249;0;0;0.1;0.01;0;2.88085;0;0;-1
0;892;-69.3962;-33.7475;47.9873;8.5;2572.44;5.11093;0;0;0.1;0.01;0;4.0936;1;0;-1
0;893;-69.3672;-13.3647;47.6973;9.91875;4087.52;5.964;0;0;0.1;0.01;0;5.72604;0;0;-1
0;894;-71.5148;0.837739;46.7819;8.91111;2964.04;5.35812;0;0;0.1;0.01;0;5.62364;0;0;-1
0;895;-68.5687;18.0388;47.0529;8.75571;2811.66;5.26468;0;0;0.1;0.01;0;3.93436;0;0;-1
0;896;-70.5805;36.4576;49.3686;9.25688;3322.63;5.56603;0;0;0.1;0.01;0;1.72356;0;0;-1
0;897;-56.6382;-59.6054;46.1507;8.92538;2978.3;5.3667;0;0;0.1;0.01;0;4.10125;0;0;-1
0;898;-57.0593;-39.1323;47.6071;9.30218;3371.65;5.59327;0;0;0.1;0.01;0;5.77764;0;0;-1
0;899;-57.0494;-23.2645;47.2627;8.5;2572.44;5.11093;0;0;0.1;0.01;0;5.45176;1;0;-1
0;900;-56.825;-6.91264;48.8066;9.56046;3660.37;5.74857;0;0;0.1;0.01;0;5.90521;0;0;-1
0;901;-54.5978;12.7574;45.9887;8.6949;2753.48;5.22812;0;0;0.1;0.01;0;4.4195;0;0;-1
0;902;-57.7023;29.7463;45.986;8.5;2572.44;5.11093;0;0;0.1;0.01;0;4.65777;1;0;-1
0;903;-56.3031;45.9426;47.0299;8.5;2572.44;5.11093;0;0;0.1;0.01;0;4.46142;1;0;-1
0;904;-54.4408;61.2965;46.4127;8.73256;2789.42;5.25076;0;0;0.1;0.01;0;3.50055;0;0;-1
0;905;-40.6515;-64.3868;45.8779;8.77308;2828.43;5.27513;0;0;0.1;0.01;0;3.6634;0;0;-1
0;906;-40.405;-50.577;48.205;9.14813;3206.9;5.50064;0;0;0.1;0.01;0;5.1593;0;0;-1
0;907;-43.1994;-30.0715;46.0954;10.1709;4407.24;6.11561;0;0;0.1;0.01;0;6.05428;0;0;-1
0;908;-41.5039;-14.2978;49.0796;8.5;2572.44;5.11093;0;0;0.1;0.01;0;4.9884;1;0;-1
0;909;-41.6415;0.772053;49.2636;8.65928;2719.78;5.2067;0;0;0.1;0.01;0;4.5994;0;0;-1
0;910;-42.0974;16.7761;48.271;10.2808;4551.66;6.1817;0;0;0.1;0.01;0;5.92289;0;0;-1
0;911;-42.3276;35.8794;45.2284;8.59133;2656.26;5.16584;0;0;0.1;0.01;0;4.94919;0;0;-1
0;912;-41.2206;53.2406;48.9016;10.1348;4360.48;6.09391;0;0;0.1;0.01;0;6.53646;0;0;-1
0;913;-42.4837;69.7211;48.0973;9.85071;4003.97;5.92309;0;0;0.1;0.01;0;4.23664;0;0;-1
0;914;-27.8312;-76.7469;46.7328;9.0812;3137.03;5.46039;0;0;0.1;0.01;0;2.96362;0;0;-1
0;915;-26.1714;-55.5053;48.3212;8.59395;2658.69;5.16742;0;0;0.1;0.01;0;5.99616;0;0;-1
0;916;-27.6865;-41.4912;46.531;9.63897;3751.29;5.79577;0;0;0.1;0.01;0;7.57785;0;0;-1
0;917;-28.0333;-24.2557;49.4384;8.5;2572.44;5.11093;0;0;0.1;0.01;0;4.80629;1;0;-1
0;918;-25.7022;-8.79267;47.3215;8.5;2572.44;5.11093;0;0;0.1;0.01;0;4.63721;1;0;-1
0;919;-26.6741;12.0243;46.5414;9.92574;4096.16;5.9682;0;0;0.1;0.01;0;5.77881;0;0;-1
0;920;-26.9586;29.5816;48.5544;10.2075;4454.99;6.13762;0;0;0.1;0.01;0;7.06234;0;0;-1
0;921;-26.3546;45.1547;48.8413;9.22863;3292.31;5.54904;0;0;0.1;0.01;0;6.1187;0;0;-1
0;922;-25.8949;60.8805;46.5191;10.3198;4603.65;6.20515;0;0;0.1;0.01;0;6.87296;0;0;-1
0;923;-25.5685;79.3366;48.5013;9.1597;3219.08;5.50759;0;0;0.1;0.01;0;3.17611;0;0;-1
0;924;-12.3636;-80.7887;46.0088;8.874;2927.16;5.33581;0;0;0.1;0.01;0;3.07259;0;0;-1
0;925;-11.8851;-64.6912;47.9625;8.62741;2689.86;5.18754;0;0;0.1;0.01;0;4.45565;0;0;-1
0;926;-13.4918;-47.9731;46.5714;10.3686;4669.27;6.23449;0;0;0.1;0.01;0;7.51948;0;0;-1
0;927;-12.6915;-33.5661;49.1096;10.005;4195.08;6.01586;0;0;0.1;0.01;0;5.88159;0;0;-1
0;928;-11.4152;-13.8826;48.6906;9.93402;4106.42;5.97318;0;0;0.1;0.01;0;6.77259;0;0;-1
0;929;-11.0376;0.270204;46.1075;9.49154;3581.78;5.70713;0;0;0.1;0.01;0;6.65199;0;0;-1
0;930;-13.1773;19.5112;47.8646;10.0132;4205.4;6.02079;0;0;0.1;0.01;0;6.25926;0;0;-1
0;931;-11.2552;37.0959;49.054;8.84922;2902.71;5.32091;0;0;0.1;0.01;0;6.45085;0;0;-1
0;932;-12.2045;52.5456;48.7859;9.02879;3083.03;5.42888;0;0;0.1;0.01;0;7.20843;0;0;-1
0;933;-11.7527;69.7925;48.0776;10.1432;4371.33;6.09896;0;0;0.1;0.01;0;5.86763;0;0;-1
0;934;-12.8175;86.616;47.9952;8.5;2572.44;5.11093;0;0;0.1;0.01;0;1.66629;1;0;-1
0;935;2.05773;-73.1397;45.8845;8.5;2572.44;5.11093;0;0;0.1;0.01;0;4.912;1;0;-1
0;936;1.61143;-59.4326;46.6186;8.99434;3047.87;5.40817;0;0;0.1;0.01;0;5.60896;0;0;-1
0;937;2.35676;-42.2783;46.9573;9.40872;3488.83;5.65733;0;0;0.1;0.01;0;5.65137;0;0;-1
0;938;1.44722;-22.4099;48.5093;9.3869;3464.62;5.64421;0;0;0.1;0.01;0;5.82128;0;0;-1
0;939;4.30946;-5.3882;49.045;9.50215;3593.8;5.7135;0;0;0.1;0.01;0;6.81269;0;0;-1
0;940;3.22245;8.86524;49.2392;9.40384;3483.41;5.65439;0;0;0.1;0.01;0;5.80905;0;0;-1
0;941;1.8211;29.6376;47.3229;8.5;2572.44;5.11093;0;0;0.1;0.01;0;5.04871;1;0;-1
0;942;1.08634;45.5437;47.5976;8.53776;2606.88;5.13363;0;0;0.1;0.01;0;6.17176;0;0;-1
0;943;1.49124;60.6208;45.6688;9.03964;3094.15;5.4354;0;0;0.1;0.01;0;5.437;0;0;-1
0;944;4.93468;79.7274;48.6582;10.1102;4328.8;6.07912;0;0;0.1;0.01;0;3.00524;0;0;-1
0;945;18.9289;-84.4741;48.895;8.82496;2878.9;5.30632;0;0;0.1;0.01;0;1.95494;0;0;-1
0;946;18.2794;-65.9341;46.7082;9.13393;3191.99;5.4921;0;0;0.1;0.01;0;4.69447;0;0;-1
0;947;16.9298;-49.4145;46.2809;8.5;2572.44;5.11093;0;0;0.1;0.01;0;4.61536;1;0;-1
0;948;19.3936;-34.3975;45.9321;10.2763;4545.68;6.17899;0;0;0.1;0.01;0;6.568;0;0;-1
0;949;16.1449;-14.8563;48.4578;9.22523;3288.67;5.547;0;0;0.1;0.01;0;6.34213;0;0;-1
0;950;18.7803;1.81015;48.5186;8.50641;2578.26;5.11478;0;0;0.1;0.01;0;5.65904;0;0;-1
0;951;17.3932;17.4864;46.7753;9.55479;3653.86;5.74516;0;0;0.1;0.01;0;5.23434;0;0;-1
0;952;16.0214;36.3993;49.0165;8.5;2572.44;5.11093;0;0;0.1;0.01;0;4.95134;1;0;-1
0;953;19.2389;50.8475;45.5627;9.03341;3087.76;5.43166;0;0;0.1;0.01;0;5.11262;0;0;-1
0;954;17.413;71.0947;46.7977;9.52319;3617.73;5.72616;0;0;0.1;0.01;0;4.54249;0;0;-1
0;955;33.2065;-74.2758;48.7891;8.9766;3029.87;5.3975;0;0;0.1;0.01;0;3.24479;0;0;-1
0;956;33.1109;-57.1327;47.8275;9.60965;3717.16;5.77814;0;0;0.1;0.01;0;6.04732;0;0;-1
0;957;33.4743;-39.2164;45.8242;9.85133;4004.73;5.92346;0;0;0.1;0.01;0;6.5426;0;0;-1
0;958;30.7986;-22.5155;46.1755;9.98303;4167.5;6.00265;0;0;0.1;0.01;0;6.38809;0;0;-1
0;959;31.9807;-5.04196;47.773;9.48791;3577.67;5.70494;0;0;0.1;0.01;0;5.83373;0;0;-1
0;960;33.2552;12.0656;47.642;9.44032;3524.1;5.67633;0;0;0.1;0.01;0;5.47933;0;0;-1
0;961;30.6859;25.7849;46.9789;9.75134;3884.02;5.86334;0;0;0.1;0.01;0;6.52738;0;0;-1
0;962;32.7076;43.2096;48.5169;8.95476;3007.81;5.38437;0;0;0.1;0.01;0;6.11658;0;0;-1
0;963;31.8881;59.328;48.6143;9.99243;4179.28;6.0083;0;0;0.1;0.01;0;6.93128;0;0;-1
0;964;30.9349;76.2506;47.6961;9.44588;3530.33;5.67967;0;0;0.1;0.01;0;4.12501;0;0;-1
0;965;45.9644;-63.7045;46.5677;8.50235;2574.57;5.11234;0;0;0.1;0.01;0;3.30942;0;0;-1
0;966;46.1753;-47.473;47.5706;10.2055;4452.37;6.13642;0;0;0.1;0.01;0;6.42884;0;0;-1
0;967;47.6512;-31.4598;46.2937;8.5;2572.44;5.11093;0;0;0.1;0.01;0;5.04342;1;0;-1
0;968;45.2303;-13.9405;49.0298;9.26855;3335.22;5.57304;0;0;0.1;0.01;0;5.88948;0;0;-1
0;969;45.8994;-0.221366;45.3767;8.5;2572.44;5.11093;0;0;0.1;0.01;0;5.34615;1;0;-1
0;970;47.7162;20.7872;46.8772;10.0206;4214.73;6.02524;0;0;0.1;0.01;0;7.16557;0;0;-1
0;971;45.3025;36.6189;48.5882;9.44979;3534.72;5.68202;0;0;0.1;0.01;0;6.79974;0;0;-1
0;972;46.4701;54.7713;49.1026;9.69619;3818.49;5.83018;0;0;0.1;0.01;0;5.88145;0;0;-1
0;973;45.6625;72.0085;48.4212;9.86394;4020.13;5.93104;0;0;0.1;0.01;0;3.34238;0;0;-1
0;974;63.7002;-58.7694;46.4844;8.74716;2803.43;5.25954;0;0;0.1;0.01;0;2.38179;0;0;-1
0;975;62.0106;-42.3763;47.6448;9.36522;3440.67;5.63117;0;0;0.1;0.01;0;5.04824;0;0;-1
0;976;59.8959;-24.0701;48.5256;8.5;2572.44;5.11093;0;0;0.1;0.01;0;4.86059;1;0;-1
0;977;63.6064;-8.70009;46.8135;10.1425;4370.42;6.09854;0;0;0.1;0.01;0;6.6738;0;0;-1
0;978;60.6642;8.13113;47.1506;9.86993;4027.46;5.93465;0;0;0.1;0.01;0;6.38314;0;0;-1
0;979;61.5235;26.8071;46.1145;9.90075;4065.3;5.95318;0;0;0.1;0.01;0;6.4264;0;0;-1
0;980;60.1721;43.6467;46.0441;10.1384;4365.13;6.09607;0;0;0.1;0.01;0;6.2433;0;0;-1
0;981;61.1673;61.0031;46.9963;9.12844;3186.24;5.4888;0;0;0.1;0.01;0;3.76009;0;0;-1
0;982;77.293;-30.3698;48.6436;8.61289;2676.3;5.17881;0;0;0.1;0.01;0;2.62409;0;0;-1
0;983;77.1288;-17.1007;47.7289;8.5;2572.44;5.11093;0;0;0.1;0.01;0;3.16431;1;0;-1
0;984;75.5676;1.83071;46.5485;9.84126;3992.46;5.91741;0;0;0.1;0.01;0;5.04681;0;0;-1
0;985;78.6909;17.3357;48.8037;10.0526;4255.24;6.04448;0;0;0.1;0.01;0;4.18385;0;0;-1
0;986;75.2845;34.6958;45.92;10.2898;4563.62;6.18711;0;0;0.1;0.01;0;4.40683;0;0;-1
0;987;-65.6102;-30.2889;62.26;8.57744;2643.39;5.15749;0;0;0.1;0.01;0;3.43906;0;0;-1
0;988;-66.5761;-15.4239;63.5505;8.87947;2932.58;5.3391;0;0;0.1;0.01;0;3.54164;0;0;-1
0;989;-66.6902;0.548444;61.3305;8.52153;2592.04;5.12387;0;0;0.1;0.01;0;3.48152;0;0;-1
0;990;-66.1515;19.5145;63.9342;9.60852;3715.85;5.77746;0;0;0.1;0.01;0;3.35455;0;0;-1
0;991;-51.8181;-58.478;60.4539;9.06277;3117.97;5.44931;0;0;0.1;0.01;0;2.13698;0;0;-1
0;992;-51.4191;-38.7572;63.6231;10.4312;4754.35;6.27213;0;0;0.1;0.01;0;5.19868;0;0;-1
0;993;-50.7462;-24.4989;63.2985;8.99047;3043.94;5.40584;0;0;0.1;0.01;0;6.41329;0;0;-1
0;994;-52.7061;-8.78987;61.3397;8.75928;2815.1;5.26683;0;0;0.1;0.01;0;4.57421;0;0;-1
0;995;-53.4865;10.3273;61.6454;10.3467;4639.75;6.22132;0;0;0.1;0.01;0;5.6043;0;0;-1
0;996;-53.0216;27.1236;62.1042;8.5119;2583.26;5.11808;0;0;0.1;0.01;0;4.04312;0;0;-1
0;997;-51.7522;46.5209;61.8029;9.49673;3587.66;5.71025;0;0;0.1;0.01;0;3.02824;0;0;-1
0;998;-36.3725;-47.5565;60.5201;9.31429;3384.84;5.60055;0;0;0.1;0.01;0;6.18591;0;0;-1
0;999;-36.9129;-33.1668;64.1605;8.56914;2635.73;5.1525;0;0;0.1;0.01;0;5.89274;0;0;-1
0;1000;-35.4737;-15.657;62.6722;9.77893;3917.08;5.87993;0;0;0.1;0.01;0;6.6199;0;0;-1
0;1001;-36.1655;1.45531;63.9644;8.73934;2795.92;5.25484;0;0;0.1;0.01;0;4.87535;0;0;-1
0;1002;-35.0687;19.5926;62.2199;8.80965;2863.94;5.29711;0;0;0.1;0.01;0;5.88783;0;0;-1
0;1003;-35.2264;37.0915;60.6643;9.96828;4149.06;5.99378;0;0;0.1;0.01;0;6.29403;0;0;-1
0;1004;-38.3043;52.258;63.8402;9.47991;3568.63;5.70013;0;0;0.1;0.01;0;3.94538;0;0;-1
0;1005;-38.3133;67.9579;60.6987;9.61487;3723.22;5.78128;0;0;0.1;0.01;0;3.18355;0;0;-1
0;1006;-21.3169;-73.2336;63.7618;8.5;2572.44;5.11093;0;0;0.1;0.01;0;1.71369;1;0;-1
0;1007;-23.2925;-57.0288;62.2448;10.4;4711.82;6.25337;0;0;0.1;0.01;0;6.18555;0;0;-1
0;1008;-22.242;-40.8634;61.3913;10.2717;4539.58;6.17622;0;0;0.1;0.01;0;8.02915;0;0;-1
0;1009;-21.3021;-22.7366;63.6547;8.53442;2603.82;5.13162;0;0;0.1;0.01;0;6.24454;0;0;-1
0;1010;-21.9733;-5.56932;62.1248;10.3597;4657.26;6.22914;0;0;0.1;0.01;0;6.43792;0;0;-1
0;1011;-22.117;10.5233;60.8483;8.5;2572.44;5.11093;0;0;0.1;0.01;0;3.63395;1;0;-1
0;1012;-23.7849;26.8105;63.5237;9.01866;3072.66;5.42279;0;0;0.1;0.01;0;4.69438;0;0;-1
0;1013;-22.4053;44.4759;62.8096;9.87176;4029.7;5.93575;0;0;0.1;0.01;0;6.773;0;0;-1
0;1014;-21.8336;59.703;60.1738;8.81698;2871.1;5.30152;0;0;0.1;0.01;0;5.43832;0;0;-1
0;1015;-7.87371;-67.692;60.3433;8.52518;2595.37;5.12607;0;0;0.1;0.01;0;3.8914;0;0;-1
0;1016;-7.87097;-47.7041;63.1313;10.2311;4485.96;6.15181;0;0;0.1;0.01;0;6.71301;0;0;-1
0;1017;-5.56363;-29.8848;63.3973;9.05885;3113.92;5.44696;0;0;0.1;0.01;0;6.57614;0;0;-1
0;1018;-6.85291;-15.3358;60.9667;8.54701;2615.36;5.13919;0;0;0.1;0.01;0;6.62664;0;0;-1
0;1019;-8.78408;0.619788;60.7703;8.5;2572.44;5.11093;0;0;0.1;0.01;0;4.714;1;0;-1
0;1020;-6.95892;20.8309;60.3891;8.92528;2978.2;5.36664;0;0;0.1;0.01;0;4.61687;0;0;-1
0;1021;-8.83491;36.011;63.5778;9.68264;3802.51;5.82203;0;0;0.1;0.01;0;7.04825;0;0;-1
0;1022;-6.47365;52.1432;61.0327;9.64341;3756.48;5.79844;0;0;0.1;0.01;0;7.58065;0;0;-1
0;1023;-7.43173;67.669;60.8774;10.3052;4584.14;6.19637;0;0;0.1;0.01;0;4.93543;0;0;-1
0;1024;5.31763;-73.7736;61.9505;8.5;2572.44;5.11093;0;0;0.1;0.01;0;2.23781;1;0;-1
0;1025;6.87358;-57.4061;62.3009;10.176;4413.87;6.11868;0;0;0.1;0.01;0;5.81656;0;0;-1
0;1026;7.74156;-39.3532;61.0364;8.5;2572.44;5.11093;0;0;0.1;0.01;0;4.55271;1;0;-1
0;1027;6.38304;-22.6905;62.3461;9.92312;4092.92;5.96663;0;0;0.1;0.01;0;6.71199;0;0;-1
0;1028;9.17412;-6.37445;62.4693;10.2402;4497.94;6.15728;0;0;0.1;0.01;0;6.85852;0;0;-1
0;1029;8.77742;12.1963;62.247;8.66534;2725.5;5.21034;0;0;0.1;0.01;0;4.78648;0;0;-1
0;1030;7.91653;26.3236;63.4126;8.5;2572.44;5.11093;0;0;0.1;0.01;0;5.49341;1;0;-1
0;1031;7.42344;42.0735;60.0849;10.2988;4575.6;6.19252;0;0;0.1;0.01;0;6.63343;0;0;-1
0;1032;6.63829;63.086;63.2888;9.3194;3390.41;5.60362;0;0;0.1;0.01;0;4.62341;0;0;-1
0;1033;21.3029;-63.8644;60.9609;8.5;2572.44;5.11093;0;0;0.1;0.01;0;3.70075;1;0;-1
0;1034;23.2547;-50.2981;61.9496;8.5;2572.44;5.11093;0;0;0.1;0.01;0;4.43451;1;0;-1
0;1035;20.9419;-32.3612;61.0325;8.5;2572.44;5.11093;0;0;0.1;0.01;0;3.83345;1;0;-1
0;1036;24.2126;-12.6674;60.3676;8.5;2572.44;5.11093;0;0;0.1;0.01;0;5.40667;1;0;-1
0;1037;20.6096;2.95352;61.7798;8.5;2572.44;5.11093;0;0;0.1;0.01;0;5.06438;1;0;-1
0;1038;23.0796;19.7976;63.7358;10.3275;4613.96;6.20978;0;0;0.1;0.01;0;7.34169;0;0;-1
0;1039;21.9282;37.8419;63.1512;8.70203;2760.26;5.2324;0;0;0.1;0.01;0;5.68796;0;0;-1
0;1040;21.5764;53.1574;60.4276;8.5;2572.44;5.11093;0;0;0.1;0.01;0;5.2958;1;0;-1
0;1041;22.1352;69.1045;61.393;9.0674;3122.75;5.4521;0;0;0.1;0.01;0;3.3914;0;0;-1
0;1042;34.6683;-59.7314;63.5351;8.5;2572.44;5.11093;0;0;0.1;0.01;0;2.17436;1;0;-1
0;1043;36.1556;-39.3408;62.5749;9.23923;3303.66;5.55541;0;0;0.1;0.01;0;4.51169;0;0;-1
0;1044;38.1842;-22.8124;61.8927;8.81792;2872.02;5.30209;0;0;0.1;0.01;0;4.8947;0;0;-1
0;1045;35.7959;-5.05865;62.6138;8.95321;3006.25;5.38344;0;0;0.1;0.01;0;4.80365;0;0;-1
0;1046;38.2684;12.2869;61.3812;9.45337;3538.74;5.68417;0;0;0.1;0.01;0;5.64652;0;0;-1
0;1047;37.9527;26.2077;60.253;8.5;2572.44;5.11093;0;0;0.1;0.01;0;6.73184;1;0;-1
0;1048;35.5239;43.3597;63.5185;9.23679;3301.05;5.55395;0;0;0.1;0.01;0;5.62887;0;0;-1
0;1049;38.6614;60.4733;63.3791;9.72555;3853.28;5.84783;0;0;0.1;0.01;0;3.94826;0;0;-1
0;1050;53.4583;-48.7327;61.7453;9.52246;3616.9;5.72572;0;0;0.1;0.01;0;3.22352;0;0;-1
0;1051;50.3671;-33.3913;60.8853;8.5;2572.44;5.11093;0;0;0.1;0.01;0;4.87454;1;0;-1
0;1052;51.0256;-15.2829;62.1393;9.58171;3684.83;5.76134;0;0;0.1;0.01;0;5.69812;0;0;-1
0;1053;50.0345;0.792586;62.6937;8.5;2572.44;5.11093;0;0;0.1;0.01;0;4.13077;1;0;-1
0;1054;50.5529;20.6963;60.929;8.5;2572.44;5.11093;0;0;0.1;0.01;0;5.72259;1;0;-1
0;1055;50.8722;34.8048;61.8203;9.8158;3961.56;5.9021;0;0;0.1;0.01;0;6.01734;0;0;-1
0;1056;53.6963;53.0096;62.7352;10.1404;4367.71;6.09728;0;0;0.1;0.01;0;3.14225;0;0;-1
0;1057;67.0772;-40.8592;60.8965;10.4293;4751.76;6.27099;0;0;0.1;0.01;0;2.85286;0;0;-1
0;1058;64.4572;-21.5185;62.1462;8.5;2572.44;5.11093;0;0;0.1;0.01;0;2.95747;1;0;-1
0;1059;64.4414;-5.43754;61.8736;8.5;2572.44;5.11093;0;0;0.1;0.01;0;4.08113;1;0;-1
0;1060;66.7687;9.19641;60.6597;9.7064;3830.57;5.83632;0;0;0.1;0.01;0;3.28649;0;0;-1
0;1061;65.1693;25.0344;60.1614;8.80062;2855.15;5.29169;0;0;0.1;0.01;0;2.82136;0;0;-1
0;1062;-54.4223;-23.7656;75.9826;9.34551;3418.99;5.61932;0;0;0.1;0.01;0;3.60283;0;0;-1
0;1063;-56.5072;-4.70091;78.7066;8.5;2572.44;5.11093;0;0;0.1;0.01;0;1.66403;1;0;-1
0;1064;-54.9455;10.6817;76.2455;9.32397;3395.4;5.60637;0;0;0.1;0.01;0;3.90465;0;0;-1
0;1065;-56.4432;29.7238;75.0151;10.447;4775.99;6.28163;0;0;0.1;0.01;0;3.23488;0;0;-1
0;1066;-40.0286;-48.9669;77.024;8.5;2572.44;5.11093;0;0;0.1;0.01;0;2.24573;1;0;-1
0;1067;-42.2523;-30.7965;77.7919;8.79456;2849.25;5.28804;0;0;0.1;0.01;0;4.74811;0;0;-1
0;1068;-40.3966;-15.9241;75.0977;9.98709;4172.59;6.00509;0;0;0.1;0.01;0;6.54621;0;0;-1
0;1069;-40.4552;2.86658;77.9467;9.51488;3608.27;5.72116;0;0;0.1;0.01;0;5.73074;0;0;-1
0;1070;-41.6355;17.7781;74.6444;8.54694;2615.29;5.13915;0;0;0.1;0.01;0;5.54973;0;0;-1
0;1071;-39.3222;33.68;76.478;9.87209;4030.1;5.93594;0;0;0.1;0.01;0;4.14378;0;0;-1
0;1072;-24.392;-55.1617;76.9436;9.73996;3870.44;5.8565;0;0;0.1;0.01;0;3.46725;0;0;-1
0;1073;-26.2725;-40.8456;74.9499;9.02504;3079.19;5.42663;0;0;0.1;0.01;0;5.50464;0;0;-1
0;1074;-27.4667;-23.1553;76.5322;10.0637;4269.35;6.05116;0;0;0.1;0.01;0;7.0136;0;0;-1
0;1075;-27.2511;-4.5212;77.9003;9.34698;3420.6;5.6202;0;0;0.1;0.01;0;6.54964;0;0;-1
0;1076;-24.9805;12.2905;77.0407;9.04555;3100.23;5.43896;0;0;0.1;0.01;0;5.77333;0;0;-1
0;1077;-25.7857;26.5319;77.3029;9.31413;3384.66;5.60045;0;0;0.1;0.01;0;5.89725;0;0;-1
0;1078;-25.3437;43.7234;77.7654;9.28589;3353.97;5.58347;0;0;0.1;0.01;0;3.80766;0;0;-1
0;1079;-10.067;-47.8121;76.4061;8.80812;2862.45;5.29619;0;0;0.1;0.01;0;4.9215;0;0;-1
0;1080;-12.4528;-31.1425;76.4173;10.2266;4480.05;6.14911;0;0;0.1;0.01;0;7.47918;0;0;-1
0;1081;-12.8049;-16.1701;74.6114;9.40462;3484.27;5.65486;0;0;0.1;0.01;0;7.35144;0;0;-1
0;1082;-13.5663;0.327338;78.4971;10.2202;4471.64;6.14526;0;0;0.1;0.01;0;6.59388;0;0;-1
0;1083;-11.4807;20.5745;78.3183;8.95194;3004.97;5.38267;0;0;0.1;0.01;0;5.81019;0;0;-1
0;1084;-10.8837;36.5097;76.7764;10.0821;4292.81;6.06222;0;0;0.1;0.01;0;7.27585;0;0;-1
0;1085;-11.9913;51.5964;76.312;9.93362;4105.93;5.97294;0;0;0.1;0.01;0;4.78208;0;0;-1
0;1086;3.54264;-58.8463;76.6014;10.3992;4710.73;6.25289;0;0;0.1;0.01;0;3.3718;0;0;-1
0;1087;1.38022;-42.2244;78.482;8.5;2572.44;5.11093;0;0;0.1;0.01;0;4.97773;1;0;-1
0;1088;4.76768;-23.2475;76.3339;10.0445;4244.96;6.03961;0;0;0.1;0.01;0;6.80822;0;0;-1
0;1089;1.30051;-7.59431;78.2442;9.92445;4094.57;5.96743;0;0;0.1;0.01;0;6.26829;0;0;-1
0;1090;3.2725;11.4192;77.6356;8.90179;2954.75;5.35252;0;0;0.1;0.01;0;4.54;0;0;-1
0;1091;1.5078;27.3613;77.7778;9.65841;3774.03;5.80746;0;0;0.1;0.01;0;7.23846;0;0;-1
0;1092;2.54034;42.4938;76.4693;10.3015;4579.2;6.19414;0;0;0.1;0.01;0;6.33606;0;0;-1
0;1093;4.04289;61.3706;76.5693;9.70352;3827.16;5.83459;0;0;0.1;0.01;0;3.29139;0;0;-1
0;1094;16.4737;-49.5996;74.9911;8.82222;2876.22;5.30467;0;0;0.1;0.01;0;3.51575;0;0;-1
0;1095;17.467;-30.7409;77.844;9.94785;4123.6;5.9815;0;0;0.1;0.01;0;6.0448;0;0;-1
0;1096;18.4974;-13.1229;74.6057;9.11763;3174.93;5.4823;0;0;0.1;0.01;0;6.14146;0;0;-1
0;1097;16.7231;3.33973;76.304;8.78297;2838;5.28107;0;0;0.1;0.01;0;5.25122;0;0;-1
0;1098;18.4114;20.1267;76.7593;8.5;2572.44;5.11093;0;0;0.1;0.01;0;5.81119;1;0;-1
0;1099;18.6022;33.9767;76.0112;10.0972;4312.13;6.0713;0;0;0.1;0.01;0;7.30755;0;0;-1
0;1100;18.5655;54.429;76.146;9.59276;3697.6;5.76799;0;0;0.1;0.01;0;3.60083;0;0;-1
0;1101;32.5516;-40.202;76.4288;10.1849;4425.47;6.12403;0;0;0.1;0.01;0;3.81264;0;0;-1
0;1102;31.2481;-22.9464;78.5521;10.1291;4353.13;6.09048;0;0;0.1;0.01;0;5.58317;0;0;-1
0;1103;31.1811;-5.98546;77.3411;8.5572;2624.72;5.14532;0;0;0.1;0.01;0;5.20095;0;0;-1
0;1104;32.3713;11.7437;76.1683;9.07028;3125.72;5.45383;0;0;0.1;0.01;0;4.46329;0;0;-1
0;1105;34.5177;28.4115;76.6483;10.3011;4578.67;6.1939;0;0;0.1;0.01;0;5.87605;0;0;-1
0;1106;30.9531;46.4963;78.1559;10.3268;4613.03;6.20935;0;0;0.1;0.01;0;4.16997;0;0;-1
0;1107;49.082;-30.3957;78.6711;9.26179;3327.92;5.56898;0;0;0.1;0.01;0;1.69074;0;0;-1
0;1108;45.4497;-13.8894;75.3062;8.5304;2600.14;5.12921;0;0;0.1;0.01;0;4.76199;0;0;-1
0;1109;47.441;0.398525;77.9774;8.55106;2619.08;5.14163;0;0;0.1;0.01;0;3.45365;0;0;-1
0;1110;48.3202;20.0375;74.9233;9.58572;3689.46;5.76375;0;0;0.1;0.01;0;3.87;0;0;-1
0;1111;49.0131;36.2356;77.4668;8.5;2572.44;5.11093;0;0;0.1;0.01;0;2.34112;1;0;-1
0;1112;60.4383;-6.10525;78.4433;8.5;2572.44;5.11093;0;0;0.1;0.01;0;1.59479;1;0;-1
0;1113;-36.2718;-15.732;89.6428;9.8315;3980.59;5.91154;0;0;0.1;0.01;0;4.24534;0;0;-1
0;1114;-36.4139;1.56515;91.2421;8.5;2572.44;5.11093;0;0;0.1;0.01;0;3.92137;1;0;-1
0;1115;-38.4481;16.9517;89.8865;10.0141;4206.53;6.02133;0;0;0.1;0.01;0;3.76942;0;0;-1
0;1116;-21.1014;-24.4717;90.047;10.4526;4783.67;6.285;0;0;0.1;0.01;0;4.95047;0;0;-1
0;1117;-23.416;-6.36371;93.0735;10.0382;4236.98;6.03582;0;0;0.1;0.01;0;4.54128;0;0;-1
0;1118;-22.7391;11.6918;89.7632;8.5;2572.44;5.11093;0;0;0.1;0.01;0;4.56468;1;0;-1
0;1119;-21.6267;27.6345;93.3732;10.1704;4406.59;6.11531;0;0;0.1;0.01;0;3.63874;0;0;-1
0;1120;-7.47593;-31.4707;90.7937;9.99572;4183.41;6.01028;0;0;0.1;0.01;0;4.74647;0;0;-1
0;1121;-8.53192;-14.0125;89.4439;9.49792;3589.01;5.71096;0;0;0.1;0.01;0;6.43363;0;0;-1
0;1122;-6.51586;1.17933;92.6595;9.92513;4095.41;5.96784;0;0;0.1;0.01;0;5.31205;0;0;-1
0;1123;-5.81008;19.1309;93.3212;10.3778;4681.71;6.24002;0;0;0.1;0.01;0;5.37688;0;0;-1
0;1124;-7.61299;35.0406;92.3615;8.5;2572.44;5.11093;0;0;0.1;0.01;0;3.70843;1;0;-1
0;1125;5.42245;-38.5676;92.1452;8.64182;2703.36;5.1962;0;0;0.1;0.01;0;2.77445;0;0;-1
0;1126;6.6338;-23.3659;92.1234;9.97299;4154.94;5.99661;0;0;0.1;0.01;0;4.85926;0;0;-1
0;1127;7.32845;-5.03995;91.6066;9.76217;3896.98;5.86985;0;0;0.1;0.01;0;4.36997;0;0;-1
0;1128;6.66554;10.8062;91.2168;9.29955;3368.79;5.59168;0;0;0.1;0.01;0;4.12134;0;0;-1
0;1129;6.09893;28.7521;90.0592;9.47028;3557.76;5.69434;0;0;0.1;0.01;0;5.33326;0;0;-1
0;1130;23.7555;-31.9701;89.8593;8.5;2572.44;5.11093;0;0;0.1;0.01;0;2.95005;1;0;-1
0;1131;20.7075;-13.4753;89.3552;8.96289;3016.01;5.38926;0;0;0.1;0.01;0;4.82168;0;0;-1
0;1132;22.7964;0.117337;90.166;8.56343;2630.46;5.14907;0;0;0.1;0.01;0;3.46838;0;0;-1
0;1133;20.012;20.8174;90.9626;8.88242;2935.5;5.34087;0;0;0.1;0.01;0;3.2524;0;0;-1
0;1134;20.8897;36.7176;90.3462;8.61361;2676.97;5.17924;0;0;0.1;0.01;0;2.7183;0;0;-1
0;1135;37.3234;-7.80734;89.7349;9.767;3902.76;5.87276;0;0;0.1;0.01;0;3.63543;0;0;-1
0;1136;35.427;9.72585;91.1663;8.5238;2594.11;5.12524;0;0;0.1;0.01;0;1.96267;0;0;-1
