Time;ID;x;y;z;radius;volume_total;radius_nuclear;contact_ECM;freezer;polarized_fraction;motility;cell_line;Cell_cell;phase;Cycle;NFkB
0;0;-51.321;-4.60931;-83.4211;8.5;2572.44;5.11093;0;0;0.1;0.01;0;2.64417;1;0;-1
0;1;-37.433;-33.3437;-84.6873;9.8791;4038.69;5.94016;0;0;0.1;0.01;0;2.67455;0;0;-1
0;2;-37.6606;-13.8258;-86.4889;8.5;2572.44;5.11093;0;0;0.1;0.01;0;2.65075;1;0;-1
0;3;-38.5085;0.466705;-85.5952;8.93259;2985.53;5.37104;0;0;0.1;0.01;0;2.49587;0;0;-1
0;4;-35.4901;20.6046;-84.3374;10.0373;4235.84;6.03528;0;0;0.1;0.01;0;3.05402;0;0;-1
0;5;-21.804;-40.6304;-87.261;9.31441;3384.97;5.60062;0;0;0.1;0.01;0;2.80619;0;0;-1
0;6;-20.5441;-22.3979;-85.9341;8.72424;2781.45;5.24576;0;0;0.1;0.01;0;4.2387;0;0;-1
0;7;-21.0325;-8.41533;-84.5141;8.68751;2746.47;5.22367;0;0;0.1;0.01;0;4.10723;0;0;-1
0;8;-20.3031;10.7176;-85.9718;8.9461;2999.09;5.37916;0;0;0.1;0.01;0;3.39571;0;0;-1
0;9;-22.2952;28.7611;-84.002;9.1147;3171.87;5.48054;0;0;0.1;0.01;0;3.81454;0;0;-1
0;10;-8.84382;-49.3353;-83.4156;10.3831;4688.89;6.24321;0;0;0.1;0.01;0;3.60884;0;0;-1
0;11;-7.09594;-30.7493;-87.1659;9.25676;3322.5;5.56596;0;0;0.1;0.01;0;4.75156;0;0;-1
0;12;-6.80712;-16.6161;-86.2525;8.92614;2979.06;5.36716;0;0;0.1;0.01;0;5.07845;0;0;-1
0;13;-6.59044;0.140261;-85.515;10.1914;4433.94;6.12794;0;0;0.1;0.01;0;5.02118;0;0;-1
0;14;-7.5673;20.0323;-83.762;10.1998;4444.92;6.13299;0;0;0.1;0.01;0;5.00708;0;0;-1
0;15;-7.67744;38.2919;-83.934;9.71243;3837.71;5.83994;0;0;0.1;0.01;0;3.32076;0;0;-1
0;16;7.44567;-40.8707;-85.9488;10.0896;4302.4;6.06673;0;0;0.1;0.01;0;4.84725;0;0;-1
0;17;6.40142;-24.2328;-83.4882;10.0954;4309.82;6.07022;0;0;0.1;0.01;0;6.03777;0;0;-1
0;18;8.72502;-6.01851;-85.8379;8.76963;2825.09;5.27305;0;0;0.1;0.01;0;3.89451;0;0;-1
0;19;6.47758;10.9321;-86.7563;8.73724;2793.9;5.25358;0;0;0.1;0.01;0;2.6681;0;0;-1
0;20;7.75544;27.754;-87.3885;8.84193;2895.54;5.31652;0;0;0.1;0.01;0;3.18421;0;0;-1
0;21;8.87895;45.3849;-83.5763;10.2972;4573.47;6.19156;0;0;0.1;0.01;0;3.80227;0;0;-1
0;22;20.2472;-49.1541;-84.4981;9.44966;3534.57;5.68194;0;0;0.1;0.01;0;3.23424;0;0;-1
0;23;23.3369;-34.0322;-86.6662;10.0918;4305.21;6.06805;0;0;0.1;0.01;0;5.12273;0;0;-1
0;24;20.6085;-15.728;-84.9726;8.5;2572.44;5.11093;0;0;0.1;0.01;0;3.28106;1;0;-1
0;25;22.4784;3.45112;-86.868;8.58914;2654.22;5.16453;0;0;0.1;0.01;0;3.59056;0;0;-1
0;26;23.6329;20.39;-84.4869;8.88816;2941.2;5.34432;0;0;0.1;0.01;0;4.47565;0;0;-1
0;27;23.5484;37.7403;-84.8627;9.8457;3997.87;5.92008;0;0;0.1;0.01;0;3.69367;0;0;-1
0;28;36.355;-40.1924;-83.6472;9.99562;4183.29;6.01022;0;0;0.1;0.01;0;3.76915;0;0;-1
0;29;35.4704;-25.5467;-86.125;8.5;2572.44;5.11093;0;0;0.1;0.01;0;3.01575;1;0;-1
0;30;37.2101;-5.59978;-85.3021;10.2046;4451.19;6.13588;0;0;0.1;0.01;0;2.52876;0;0;-1
0;31;36.5587;10.858;-83.9736;10.2277;4481.49;6.14977;0;0;0.1;0.01;0;3.93819;0;0;-1
0;32;37.5897;26.9772;-83.9271;10.0868;4298.82;6.06505;0;0;0.1;0.01;0;4.35775;0;0;-1
0;33;-70.5276;-14.7634;-69.3751;9.3986;3477.59;5.65124;0;0;0.1;0.01;0;2.28143;0;0;-1
0;34;-57.812;-39.4504;-71.3452;9.97762;4160.73;5.9994;0;0;0.1;0.01;0;3.10521;0;0;-1
0;35;-56.6679;-25.1902;-72.494;9.30194;3371.39;5.59312;0;0;0.1;0.01;0;3.99613;0;0;-1
0;36;-54.7634;-8.89675;-70.8538;8.5;2572.44;5.11093;0;0;0.1;0.01;0;4.5037;1;0;-1
0;37;-56.2954;9.85794;-69.7916;10.3383;4628.45;6.21627;0;0;0.1;0.01;0;3.50739;0;0;-1
0;38;-57.7847;28.4753;-71.5068;8.5;2572.44;5.11093;0;0;0.1;0.01;0;2.15707;1;0;-1
0;39;-54.6553;46.9001;-68.5791;9.52835;3623.61;5.72926;0;0;0.1;0.01;0;3.24115;0;0;-1
0;40;-41.549;-51.3126;-72.6767;9.08313;3139.03;5.46155;0;0;0.1;0.01;0;2.11211;0;0;-1
0;41;-41.3989;-30.4546;-70.9832;9.44447;3528.75;5.67882;0;0;0.1;0.01;0;5.73758;0;0;-1
0;42;-42.2316;-16.6244;-69.6691;10.4347;4759.14;6.27423;0;0;0.1;0.01;0;6.85542;0;0;-1
0;43;-39.4098;1.73175;-69.098;8.5;2572.44;5.11093;0;0;0.1;0.01;0;4.22136;1;0;-1
0;44;-42.3628;16.7594;-69.061;8.5;2572.44;5.11093;0;0;0.1;0.01;0;5.51266;1;0;-1
0;45;-42.4219;34.2516;-69.8648;9.48534;3574.76;5.7034;0;0;0.1;0.01;0;5.21266;0;0;-1
0;46;-41.2134;53.4662;-69.4125;8.5;2572.44;5.11093;0;0;0.1;0.01;0;3.80469;1;0;-1
0;47;-26.5823;-57.1945;-70.358;8.69547;2754.02;5.22846;0;0;0.1;0.01;0;4.02531;0;0;-1
0;48;-28.5582;-42.5894;-68.4932;10.4235;4743.83;6.2675;0;0;0.1;0.01;0;6.38788;0;0;-1
0;49;-26.2493;-24.74;-70.682;8.78999;2844.81;5.28529;0;0;0.1;0.01;0;5.81254;0;0;-1
0;50;-24.7243;-8.81403;-71.8657;8.5;2572.44;5.11093;0;0;0.1;0.01;0;4.47395;1;0;-1
0;51;-26.8787;11.1047;-69.6527;9.33999;3412.93;5.616;0;0;0.1;0.01;0;5.35079;0;0;-1
0;52;-26.0058;26.926;-69.24;10.0291;4225.46;6.03035;0;0;0.1;0.01;0;6.56988;0;0;-1
0;53;-27.615;43.7324;-70.6687;9.33376;3406.11;5.61225;0;0;0.1;0.01;0;4.60143;0;0;-1
0;54;-27.1647;62.1956;-69.809;9.79464;3935.99;5.88937;0;0;0.1;0.01;0;3.73877;0;0;-1
0;55;-13.5712;-63.8518;-69.0194;9.87774;4037.02;5.93934;0;0;0.1;0.01;0;4.04078;0;0;-1
0;56;-13.8214;-48.1379;-68.3409;8.5;2572.44;5.11093;0;0;0.1;0.01;0;5.72145;1;0;-1
0;57;-11.3473;-31.184;-72.6081;8.91585;2968.77;5.36097;0;0;0.1;0.01;0;5.09754;0;0;-1
0;58;-12.6987;-15.0482;-70.9702;9.29638;3365.35;5.58978;0;0;0.1;0.01;0;6.58949;0;0;-1
0;59;-9.94924;1.96669;-71.7777;9.45092;3535.99;5.6827;0;0;0.1;0.01;0;5.80893;0;0;-1
0;60;-11.6504;16.5861;-70.15;8.82064;2874.68;5.30372;0;0;0.1;0.01;0;5.3475;0;0;-1
0;61;-11.88;36.6278;-70.9315;9.09843;3154.92;5.47075;0;0;0.1;0.01;0;4.65133;0;0;-1
0;62;-10.751;55.0805;-70.3632;9.75011;3882.55;5.8626;0;0;0.1;0.01;0;3.31203;0;0;-1
0;63;2.17542;-56.2436;-69.0688;9.01971;3073.73;5.42342;0;0;0.1;0.01;0;4.73772;0;0;-1
0;64;3.9443;-40.1481;-72.0456;8.76763;2823.16;5.27185;0;0;0.1;0.01;0;5.19897;0;0;-1
0;65;2.71673;-22.8994;-68.5024;10.2393;4496.76;6.15674;0;0;0.1;0.01;0;7.07032;0;0;-1
0;66;4.34151;-7.97806;-72.0173;9.90275;4067.77;5.95438;0;0;0.1;0.01;0;6.59558;0;0;-1
0;67;2.35262;10.1702;-69.2145;8.5;2572.44;5.11093;0;0;0.1;0.01;0;4.96758;1;0;-1
0;68;4.40242;26.7921;-69.689;8.5;2572.44;5.11093;0;0;0.1;0.01;0;4.49242;1;0;-1
0;69;4.43796;45.7947;-70.5431;9.40266;3482.1;5.65368;0;0;0.1;0.01;0;6.07257;0;0;-1
0;70;3.50608;63.7144;-70.148;9.87208;4030.09;5.93594;0;0;0.1;0.01;0;3.45525;0;0;-1
0;71;16.3305;-66.2679;-69.8935;9.33398;3406.35;5.61239;0;0;0.1;0.01;0;2.89298;0;0;-1
0;72;15.9702;-47.1712;-70.9223;8.71329;2770.99;5.23917;0;0;0.1;0.01;0;4.75134;0;0;-1
0;73;19.2581;-30.205;-70.8808;10.2304;4485.04;6.15139;0;0;0.1;0.01;0;6.89002;0;0;-1
0;74;16.4078;-14.0922;-69.2281;8.5;2572.44;5.11093;0;0;0.1;0.01;0;6.69792;1;0;-1
0;75;16.9948;1.2208;-71.3294;9.24351;3308.26;5.55799;0;0;0.1;0.01;0;5.44031;0;0;-1
0;76;16.0038;18.2096;-69.2046;8.72477;2781.96;5.24608;0;0;0.1;0.01;0;4.98855;0;0;-1
0;77;17.3109;35.4423;-70.6384;9.03495;3089.34;5.43258;0;0;0.1;0.01;0;5.48916;0;0;-1
0;78;19.4543;55.0761;-70.2829;10.194;4437.34;6.1295;0;0;0.1;0.01;0;4.06659;0;0;-1
0;79;31.082;-57.7976;-69.4708;8.5;2572.44;5.11093;0;0;0.1;0.01;0;3.36031;1;0;-1
0;80;31.7649;-38.5284;-68.4309;9.87873;4038.24;5.93994;0;0;0.1;0.01;0;6.2738;0;0;-1
0;81;32.0156;-21.8263;-69.6496;8.5;2572.44;5.11093;0;0;0.1;0.01;0;4.9334;1;0;-1
0;82;33.3366;-6.34301;-68.8049;9.53103;3626.67;5.73087;0;0;0.1;0.01;0;5.57011;0;0;-1
0;83;30.5724;12.4394;-71.299;9.73152;3860.39;5.85142;0;0;0.1;0.01;0;6.45238;0;0;-1
0;84;33.623;28.604;-68.5207;10.0382;4236.98;6.03582;0;0;0.1;0.01;0;6.88732;0;0;-1
0;85;34.0085;43.7477;-71.973;8.5;2572.44;5.11093;0;0;0.1;0.01;0;4.23425;1;0;-1
0;86;46.3685;-51.2937;-68.9113;9.61922;3728.28;5.7839;0;0;0.1;0.01;0;2.75875;0;0;-1
0;87;45.9799;-30.4847;-71.9428;9.01313;3067.01;5.41946;0;0;0.1;0.01;0;4.33427;0;0;-1
0;88;47.5555;-13.4222;-72.0009;9.9526;4129.51;5.98435;0;0;0.1;0.01;0;4.86472;0;0;-1
0;89;45.334;1.65339;-69.0562;8.5;2572.44;5.11093;0;0;0.1;0.01;0;5.7624;1;0;-1
0;90;47.3086;17.1276;-68.9533;10.3912;4699.87;6.24808;0;0;0.1;0.01;0;6.38394;0;0;-1
0;91;48.9685;36.8776;-71.9508;10.2103;4458.66;6.13931;0;0;0.1;0.01;0;3.53611;0;0;-1
0;92;46.7036;54.105;-69.0051;8.5;2572.44;5.11093;0;0;0.1;0.01;0;2.53806;1;0;-1
0;93;60.0249;-25.6684;-72.0495;10.0688;4275.84;6.05422;0;0;0.1;0.01;0;2.7529;0;0;-1
0;94;62.564;-5.60759;-71.9211;8.73835;2794.97;5.25424;0;0;0.1;0.01;0;2.33472;0;0;-1
0;95;61.3326;9.87228;-68.8407;9.81409;3959.49;5.90107;0;0;0.1;0.01;0;3.63409;0;0;-1
0;96;-80.3894;-8.31501;-55.4103;9.69228;3813.88;5.82783;0;0;0.1;0.01;0;2.96248;0;0;-1
0;97;-80.1223;12.4596;-54.3346;8.7296;2786.58;5.24898;0;0;0.1;0.01;0;2.61372;0;0;-1
0;98;-65.7585;-48.4238;-54.2736;10.1245;4347.2;6.08771;0;0;0.1;0.01;0;4.67957;0;0;-1
0;99;-67.7035;-33.8795;-55.4059;8.95215;3005.18;5.3828;0;0;0.1;0.01;0;3.30483;0;0;-1
0;100;-65.5543;-12.6516;-56.3794;8.50736;2579.13;5.11535;0;0;0.1;0.01;0;4.00173;0;0;-1
0;101;-64.5991;1.73455;-53.9678;9.72048;3847.26;5.84478;0;0;0.1;0.01;0;5.33353;0;0;-1
0;102;-68.012;19.6447;-57.7828;8.68328;2742.46;5.22113;0;0;0.1;0.01;0;3.53477;0;0;-1
0;103;-66.4471;35.4391;-55.5481;8.5;2572.44;5.11093;0;0;0.1;0.01;0;3.49219;1;0;-1
0;104;-52.2512;-59.3447;-54.8782;9.7421;3872.99;5.85778;0;0;0.1;0.01;0;4.05966;0;0;-1
0;105;-52.9122;-42.3694;-57.5552;8.54632;2614.73;5.13878;0;0;0.1;0.01;0;4.59294;0;0;-1
0;106;-51.324;-24.6946;-57.8076;8.5;2572.44;5.11093;0;0;0.1;0.01;0;4.56909;1;0;-1
0;107;-49.8596;-4.79274;-57.1227;9.83619;3986.29;5.91436;0;0;0.1;0.01;0;6.42232;0;0;-1
0;108;-51.7497;12.0446;-54.3885;9.7551;3888.52;5.8656;0;0;0.1;0.01;0;7.061;0;0;-1
0;109;-51.0332;27.8572;-57.8109;10.3779;4681.85;6.24008;0;0;0.1;0.01;0;6.92861;0;0;-1
0;110;-52.1443;44.8042;-54.0096;9.75705;3890.85;5.86677;0;0;0.1;0.01;0;6.19857;0;0;-1
0;111;-50.5776;59.7328;-54.4367;10.0947;4308.92;6.0698;0;0;0.1;0.01;0;5.14985;0;0;-1
0;112;-38.6597;-66.5831;-56.3484;9.78686;3926.62;5.8847;0;0;0.1;0.01;0;4.10116;0;0;-1
0;113;-38.3718;-51.0467;-54.5695;9.22818;3291.83;5.54877;0;0;0.1;0.01;0;5.1922;0;0;-1
0;114;-36.5517;-31.2279;-56.2509;9.62245;3732.03;5.78584;0;0;0.1;0.01;0;6.18135;0;0;-1
0;115;-36.5277;-14.8531;-55.7929;10.2702;4537.59;6.17532;0;0;0.1;0.01;0;6.81569;0;0;-1
0;116;-37.7526;2.43848;-54.3752;8.98033;3033.65;5.39974;0;0;0.1;0.01;0;5.52207;0;0;-1
0;117;-36.0793;20.9962;-57.0246;10.2728;4541.04;6.17689;0;0;0.1;0.01;0;7.53963;0;0;-1
0;118;-35.2054;36.65;-55.0667;8.75833;2814.18;5.26626;0;0;0.1;0.01;0;6.65487;0;0;-1
0;119;-37.0006;51.2812;-56.51;10.0445;4244.96;6.03961;0;0;0.1;0.01;0;6.94494;0;0;-1
0;120;-35.9266;70.3133;-57.9305;10.4064;4720.52;6.25722;0;0;0.1;0.01;0;4.27249;0;0;-1
0;121;-23.9289;-76.0252;-57.3279;9.56038;3660.28;5.74852;0;0;0.1;0.01;0;3.14455;0;0;-1
0;122;-21.8305;-56.2139;-56.4073;9.42137;3502.92;5.66493;0;0;0.1;0.01;0;6.51123;0;0;-1
0;123;-21.0924;-40.4618;-54.8433;10.0066;4197.09;6.01682;0;0;0.1;0.01;0;6.98343;0;0;-1
0;124;-23.6226;-22.5415;-56.7417;9.91108;4078.04;5.95939;0;0;0.1;0.01;0;6.87652;0;0;-1
0;125;-21.5852;-7.15226;-56.3433;8.98657;3039.98;5.40349;0;0;0.1;0.01;0;5.62886;0;0;-1
0;126;-22.4102;9.00029;-55.9867;9.44496;3529.3;5.67912;0;0;0.1;0.01;0;4.79855;0;0;-1
0;127;-21.404;25.5972;-55.5873;8.61865;2681.68;5.18227;0;0;0.1;0.01;0;5.26504;0;0;-1
0;128;-21.7843;42.3055;-56.7037;8.5;2572.44;5.11093;0;0;0.1;0.01;0;5.1218;1;0;-1
0;129;-22.1146;63.2049;-54.4607;10.3642;4663.33;6.23184;0;0;0.1;0.01;0;7.13627;0;0;-1
0;130;-22.0254;77.9775;-57.0145;9.14647;3205.16;5.49964;0;0;0.1;0.01;0;3.52654;0;0;-1
0;131;-9.28557;-80.7887;-56.0086;8.5;2572.44;5.11093;0;0;0.1;0.01;0;2.46953;1;0;-1
0;132;-5.77268;-65.6689;-55.7494;9.0412;3095.76;5.43634;0;0;0.1;0.01;0;4.7459;0;0;-1
0;133;-6.23362;-47.1148;-55.1248;9.62786;3738.33;5.78909;0;0;0.1;0.01;0;5.88114;0;0;-1
0;134;-8.77344;-29.9182;-54.6151;9.80216;3945.06;5.8939;0;0;0.1;0.01;0;5.57544;0;0;-1
0;135;-8.94708;-14.1397;-55.4259;8.61231;2675.76;5.17846;0;0;0.1;0.01;0;5.84061;0;0;-1
0;136;-7.06285;0.365511;-56.7207;8.5;2572.44;5.11093;0;0;0.1;0.01;0;5.33829;1;0;-1
0;137;-5.92473;20.9907;-55.1503;10.3787;4682.93;6.24056;0;0;0.1;0.01;0;6.33394;0;0;-1
0;138;-8.23728;36.95;-55.493;10.3709;4672.38;6.23587;0;0;0.1;0.01;0;6.41203;0;0;-1
0;139;-5.83167;54.9373;-55.1094;10.4463;4775.03;6.28121;0;0;0.1;0.01;0;6.18432;0;0;-1
0;140;-8.71591;70.3273;-55.1318;8.9171;2970.02;5.36172;0;0;0.1;0.01;0;3.30261;0;0;-1
0;141;8.9874;-74.3242;-56.9024;8.95921;3012.3;5.38704;0;0;0.1;0.01;0;3.46803;0;0;-1
0;142;6.86187;-58.0814;-56.2118;9.9375;4110.74;5.97527;0;0;0.1;0.01;0;6.12539;0;0;-1
0;143;7.34343;-41.7037;-54.9276;8.5;2572.44;5.11093;0;0;0.1;0.01;0;4.38;1;0;-1
0;144;9.40244;-22.7173;-56.6046;9.348;3421.72;5.62082;0;0;0.1;0.01;0;6.49542;0;0;-1
0;145;6.0313;-8.01824;-56.8575;9.37777;3454.52;5.63872;0;0;0.1;0.01;0;6.47322;0;0;-1
0;146;5.61238;9.72418;-55.2352;8.95394;3006.98;5.38387;0;0;0.1;0.01;0;4.28105;0;0;-1
0;147;8.44531;27.7493;-53.9499;10.1128;4332.14;6.08068;0;0;0.1;0.01;0;6.67765;0;0;-1
0;148;8.53436;44.9759;-55.9748;10.2821;4553.38;6.18248;0;0;0.1;0.01;0;7.63898;0;0;-1
0;149;8.84049;59.8426;-57.7156;8.76315;2818.83;5.26915;0;0;0.1;0.01;0;5.80905;0;0;-1
0;150;8.57116;79.8458;-54.3421;9.33081;3402.88;5.61048;0;0;0.1;0.01;0;2.80619;0;0;-1
0;151;22.2785;-64.2601;-56.6588;9.79249;3933.4;5.88808;0;0;0.1;0.01;0;4.96852;0;0;-1
0;152;24.1788;-49.9855;-53.7181;8.97699;3030.27;5.39773;0;0;0.1;0.01;0;5.39935;0;0;-1
0;153;20.2906;-32.6127;-55.2871;9.10775;3164.62;5.47636;0;0;0.1;0.01;0;5.1534;0;0;-1
0;154;20.5216;-12.7124;-57.3685;9.31056;3380.77;5.5983;0;0;0.1;0.01;0;6.00979;0;0;-1
0;155;23.6265;1.41906;-56.4447;9.29185;3360.43;5.58705;0;0;0.1;0.01;0;5.68028;0;0;-1
0;156;23.7514;20.658;-55.7412;10.1452;4373.92;6.10016;0;0;0.1;0.01;0;6.42693;0;0;-1
0;157;22.6877;38.2413;-56.2088;10.0929;4306.62;6.06871;0;0;0.1;0.01;0;7.04078;0;0;-1
0;158;22.9289;54.3763;-53.9793;10.4336;4757.64;6.27357;0;0;0.1;0.01;0;7.09716;0;0;-1
0;159;22.0569;70.5681;-57.6904;9.08793;3144.01;5.46444;0;0;0.1;0.01;0;2.46875;0;0;-1
0;160;38.5688;-56.0268;-56.4302;9.06067;3115.8;5.44805;0;0;0.1;0.01;0;4.55205;0;0;-1
0;161;34.9377;-38.358;-54.7202;8.60039;2664.67;5.17129;0;0;0.1;0.01;0;5.32397;0;0;-1
0;162;38.524;-25.0999;-56.4532;9.04343;3098.05;5.43768;0;0;0.1;0.01;0;5.60475;0;0;-1
0;163;37.2056;-5.69328;-54.8351;8.57831;2644.2;5.15801;0;0;0.1;0.01;0;5.96659;0;0;-1
0;164;38.4603;8.33392;-55.4137;9.23354;3297.56;5.55199;0;0;0.1;0.01;0;6.96492;0;0;-1
0;165;38.8668;25.4337;-54.6078;9.85015;4003.29;5.92275;0;0;0.1;0.01;0;6.32656;0;0;-1
0;166;36.7823;46.1487;-56.6491;9.17439;3234.6;5.51643;0;0;0.1;0.01;0;5.8562;0;0;-1
0;167;36.3722;60.7314;-54.1188;8.5;2572.44;5.11093;0;0;0.1;0.01;0;4.54085;1;0;-1
0;168;52.8825;-50.9562;-56.0552;8.97539;3028.65;5.39677;0;0;0.1;0.01;0;3.2883;0;0;-1
0;169;52.0685;-31.0874;-54.1396;9.95776;4135.93;5.98746;0;0;0.1;0.01;0;5.73086;0;0;-1
0;170;52.9055;-15.0632;-54.3847;8.5;2572.44;5.11093;0;0;0.1;0.01;0;5.22857;1;0;-1
0;171;52.25;0.0395186;-54.3894;9.99184;4178.54;6.00795;0;0;0.1;0.01;0;7.51517;0;0;-1
0;172;51.1913;18.0859;-56.0425;9.0008;3054.44;5.41205;0;0;0.1;0.01;0;6.79044;0;0;-1
0;173;52.9402;34.0777;-55.7677;9.24176;3306.38;5.55694;0;0;0.1;0.01;0;5.31088;0;0;-1
0;174;52.6979;55.2612;-56.5043;10.1122;4331.37;6.08032;0;0;0.1;0.01;0;4.26877;0;0;-1
0;175;64.6153;-40.873;-56.6775;9.03274;3087.07;5.43126;0;0;0.1;0.01;0;2.99337;0;0;-1
0;176;67.2816;-25.0855;-56.1101;9.38578;3463.38;5.64353;0;0;0.1;0.01;0;4.42073;0;0;-1
0;177;67.7707;-4.49796;-55.1263;8.5;2572.44;5.11093;0;0;0.1;0.01;0;5.14;1;0;-1
0;178;65.8338;11.9965;-53.8099;9.54477;3642.38;5.73913;0;0;0.1;0.01;0;5.87284;0;0;-1
0;179;66.0099;26.647;-55.2771;8.5;2572.44;5.11093;0;0;0.1;0.01;0;3.8907;1;0;-1
0;180;64.7682;46.0621;-54.3174;9.81335;3958.59;5.90062;0;0;0.1;0.01;0;3.39778;0;0;-1
0;181;79.7157;-16.8513;-56.7541;10.1836;4423.77;6.12325;0;0;0.1;0.01;0;2.82825;0;0;-1
0;182;82.2222;1.11931;-54.4677;8.92226;2975.18;5.36483;0;0;0.1;0.01;0;2.82716;0;0;-1
0;183;-87.5116;-21.6624;-40.6304;9.37018;3446.14;5.63415;0;0;0.1;0.01;0;3.14571;0;0;-1
0;184;-84.1184;-8.17228;-40.1231;10.0307;4227.49;6.03131;0;0;0.1;0.01;0;5.21891;0;0;-1
0;185;-86.3096;12.3492;-39.6287;9.63572;3747.5;5.79382;0;0;0.1;0.01;0;4.43955;0;0;-1
0;186;-86.6561;29.3367;-39.23;9.84885;4001.71;5.92197;0;0;0.1;0.01;0;3.00467;0;0;-1
0;187;-70.1809;-48.0377;-39.643;8.5;2572.44;5.11093;0;0;0.1;0.01;0;4.05764;1;0;-1
0;188;-72.1227;-33.9436;-41.5629;10.2288;4482.94;6.15043;0;0;0.1;0.01;0;5.02679;0;0;-1
0;189;-71.5914;-14.5716;-41.6313;8.5;2572.44;5.11093;0;0;0.1;0.01;0;5.38732;1;0;-1
0;190;-72.6808;3.61758;-40.929;10.2704;4537.86;6.17544;0;0;0.1;0.01;0;7.38571;0;0;-1
0;191;-70.5083;19.0741;-42.0687;9.73679;3866.66;5.85459;0;0;0.1;0.01;0;6.24134;0;0;-1
0;192;-69.9862;37.0808;-42.9175;9.92192;4091.44;5.96591;0;0;0.1;0.01;0;5.6854;0;0;-1
0;193;-72.6593;51.3906;-41.1043;9.59208;3696.81;5.76758;0;0;0.1;0.01;0;3.09361;0;0;-1
0;194;-56.9521;-59.2053;-39.9315;10.3288;4615.71;6.21056;0;0;0.1;0.01;0;5.24939;0;0;-1
0;195;-56.7258;-39.4564;-41.8689;9.50868;3601.22;5.71743;0;0;0.1;0.01;0;6.64197;0;0;-1
0;196;-54.1649;-24.6389;-40.9075;9.31218;3382.54;5.59928;0;0;0.1;0.01;0;5.42153;0;0;-1
0;197;-57.4637;-7.32802;-42.0182;10.0834;4294.47;6.063;0;0;0.1;0.01;0;6.99106;0;0;-1
0;198;-55.0634;9.5389;-39.8521;10.2811;4552.05;6.18188;0;0;0.1;0.01;0;6.71396;0;0;-1
0;199;-55.5431;25.8736;-41.5513;9.89022;4052.35;5.94685;0;0;0.1;0.01;0;6.11531;0;0;-1
0;200;-56.9712;42.6529;-40.1054;9.6706;3788.34;5.81479;0;0;0.1;0.01;0;6.52726;0;0;-1
0;201;-54.2549;60.4504;-39.5901;9.62047;3729.73;5.78465;0;0;0.1;0.01;0;5.24017;0;0;-1
0;202;-40.5193;-80.6245;-40.9861;8.5;2572.44;5.11093;0;0;0.1;0.01;0;2.97062;1;0;-1
0;203;-41.682;-65.8982;-39.2288;9.46189;3548.32;5.6893;0;0;0.1;0.01;0;6.3815;0;0;-1
0;204;-43.0532;-47.5171;-41.7191;8.5;2572.44;5.11093;0;0;0.1;0.01;0;4.90156;1;0;-1
0;205;-42.5746;-31.6909;-42.2;8.64528;2706.61;5.19828;0;0;0.1;0.01;0;5.09468;0;0;-1
0;206;-40.2465;-13.4543;-40.6507;9.60474;3711.47;5.77519;0;0;0.1;0.01;0;6.10397;0;0;-1
0;207;-42.0151;1.95028;-39.9958;9.25091;3316.21;5.56244;0;0;0.1;0.01;0;6.47502;0;0;-1
0;208;-41.7825;19.66;-42.4213;8.59492;2659.59;5.168;0;0;0.1;0.01;0;5.91335;0;0;-1
0;209;-41.4538;34.4589;-41.4111;8.78789;2842.77;5.28403;0;0;0.1;0.01;0;5.64259;0;0;-1
0;210;-40.2703;53.6174;-41.2197;9.53739;3633.94;5.73469;0;0;0.1;0.01;0;7.07261;0;0;-1
0;211;-40.8047;68.4781;-42.1362;10.3601;4657.8;6.22938;0;0;0.1;0.01;0;6.08144;0;0;-1
0;212;-27.6592;-72.9677;-42.8738;9.39388;3472.35;5.6484;0;0;0.1;0.01;0;6.10796;0;0;-1
0;213;-28.1446;-57.7299;-40.4604;10.4418;4768.86;6.2785;0;0;0.1;0.01;0;7.09488;0;0;-1
0;214;-25.2967;-38.5061;-42.368;9.23225;3296.18;5.55122;0;0;0.1;0.01;0;5.32848;0;0;-1
0;215;-25.0115;-22.3751;-39.8174;9.9908;4177.24;6.00732;0;0;0.1;0.01;0;6.39003;0;0;-1
0;216;-24.7449;-5.1831;-40.6537;8.87426;2927.42;5.33596;0;0;0.1;0.01;0;5.6138;0;0;-1
0;217;-25.4482;9.75739;-41.0396;8.5;2572.44;5.11093;0;0;0.1;0.01;0;4.04128;1;0;-1
0;218;-28.1775;27.0165;-42.0129;9.3773;3454;5.63843;0;0;0.1;0.01;0;5.49031;0;0;-1
0;219;-27.2188;44.1221;-42.0994;9.59228;3697.04;5.7677;0;0;0.1;0.01;0;6.10547;0;0;-1
0;220;-27.556;60.5353;-40.7611;9.41372;3494.4;5.66033;0;0;0.1;0.01;0;7.06666;0;0;-1
0;221;-25.0136;77.1692;-42.0793;9.57316;3674.98;5.7562;0;0;0.1;0.01;0;5.2471;0;0;-1
0;222;-12.9883;-83.1417;-42.1694;8.61093;2674.48;5.17763;0;0;0.1;0.01;0;4.03769;0;0;-1
0;223;-12.9507;-67.6063;-39.7437;10.0617;4266.8;6.04995;0;0;0.1;0.01;0;6.69617;0;0;-1
0;224;-12.394;-49.3803;-41.8361;9.18212;3242.78;5.52108;0;0;0.1;0.01;0;5.31881;0;0;-1
0;225;-9.78731;-33.3288;-39.8372;9.50911;3601.71;5.71769;0;0;0.1;0.01;0;6.11646;0;0;-1
0;226;-13.0709;-15.5088;-40.7593;8.69144;2750.2;5.22604;0;0;0.1;0.01;0;6.3724;0;0;-1
0;227;-11.0643;0.258257;-41.4522;8.66025;2720.7;5.20728;0;0;0.1;0.01;0;5.45196;0;0;-1
0;228;-12.5396;20.0336;-39.3393;9.95302;4130.03;5.98461;0;0;0.1;0.01;0;6.16124;0;0;-1
0;229;-9.96005;34.3104;-39.7684;8.5;2572.44;5.11093;0;0;0.1;0.01;0;6.08741;1;0;-1
0;230;-11.5631;52.9643;-39.3545;10.1789;4417.65;6.12042;0;0;0.1;0.01;0;6.47043;0;0;-1
0;231;-11.1019;70.761;-40.0417;9.43087;3513.53;5.67065;0;0;0.1;0.01;0;5.57743;0;0;-1
0;232;-9.79086;87.1017;-39.9616;8.5;2572.44;5.11093;0;0;0.1;0.01;0;2.38837;1;0;-1
0;233;2.82136;-89.5445;-42.0526;9.11671;3173.97;5.48175;0;0;0.1;0.01;0;2.88146;0;0;-1
0;234;4.67907;-74.9294;-41.1673;8.55271;2620.59;5.14262;0;0;0.1;0.01;0;5.17727;0;0;-1
0;235;2.01335;-59.7632;-39.3805;9.47364;3561.55;5.69636;0;0;0.1;0.01;0;5.41746;0;0;-1
0;236;3.62902;-40.765;-39.8042;8.5;2572.44;5.11093;0;0;0.1;0.01;0;4.8489;1;0;-1
0;237;4.67505;-25.2824;-39.512;9.5216;3615.92;5.7252;0;0;0.1;0.01;0;6.13718;0;0;-1
0;238;1.23604;-8.08122;-42.4308;10.2613;4525.8;6.16997;0;0;0.1;0.01;0;6.26672;0;0;-1
0;239;3.21437;10.4492;-41.0119;8.61838;2681.42;5.18211;0;0;0.1;0.01;0;4.37146;0;0;-1
0;240;4.07219;27.1857;-39.477;8.90471;2957.66;5.35427;0;0;0.1;0.01;0;6.72792;0;0;-1
0;241;1.22425;43.0313;-40.2776;10.0973;4312.25;6.07136;0;0;0.1;0.01;0;7.97671;0;0;-1
0;242;1.51838;60.6212;-40.9771;8.5;2572.44;5.11093;0;0;0.1;0.01;0;5.36178;1;0;-1
0;243;3.95325;76.3852;-41.0725;9.14274;3201.24;5.4974;0;0;0.1;0.01;0;5.26472;0;0;-1
0;244;17.6734;-82.3276;-42.0974;8.5;2572.44;5.11093;0;0;0.1;0.01;0;3.2935;1;0;-1
0;245;18.2146;-65.454;-39.2888;10.2625;4527.39;6.17069;0;0;0.1;0.01;0;5.88533;0;0;-1
0;246;17.9216;-46.4599;-40.8008;8.89095;2943.97;5.346;0;0;0.1;0.01;0;5.26682;0;0;-1
0;247;17.8394;-31.7649;-41.1627;8.5;2572.44;5.11093;0;0;0.1;0.01;0;5.83759;1;0;-1
0;248;19.0962;-15.4952;-41.7716;9.48375;3572.97;5.70244;0;0;0.1;0.01;0;5.92448;0;0;-1
0;249;19.749;1.94402;-42.1591;9.10927;3166.21;5.47727;0;0;0.1;0.01;0;4.69275;0;0;-1
0;250;17.662;17.7328;-40.5182;9.27102;3337.88;5.57453;0;0;0.1;0.01;0;5.59906;0;0;-1
0;251;19.0261;36.7154;-42.8436;9.9124;4079.67;5.96018;0;0;0.1;0.01;0;7.63218;0;0;-1
0;252;16.7948;52.013;-39.6922;10.0976;4312.64;6.07154;0;0;0.1;0.01;0;7.44023;0;0;-1
0;253;18.7615;68.4698;-41.1952;10.3155;4597.9;6.20256;0;0;0.1;0.01;0;5.94012;0;0;-1
0;254;16.4124;87.417;-41.1272;10.0767;4285.92;6.05897;0;0;0.1;0.01;0;3.14689;0;0;-1
0;255;32.9551;-75.6287;-42.509;8.64912;2710.22;5.20059;0;0;0.1;0.01;0;2.25143;0;0;-1
0;256;30.5642;-56.4929;-40.5195;9.0958;3152.18;5.46917;0;0;0.1;0.01;0;6.2798;0;0;-1
0;257;33.7169;-41.1816;-40.464;10.005;4195.08;6.01586;0;0;0.1;0.01;0;7.65316;0;0;-1
0;258;32.774;-25.2892;-41.5652;10.1242;4346.81;6.08753;0;0;0.1;0.01;0;7.40505;0;0;-1
0;259;33.7367;-8.04591;-42.0311;8.5;2572.44;5.11093;0;0;0.1;0.01;0;4.72397;1;0;-1
0;260;33.8469;10.0358;-42.2897;8.5;2572.44;5.11093;0;0;0.1;0.01;0;5.09998;1;0;-1
0;261;33.8516;29.522;-39.8788;8.93213;2985.06;5.37076;0;0;0.1;0.01;0;6.03231;0;0;-1
0;262;32.9432;46.1531;-39.4233;10.038;4236.72;6.0357;0;0;0.1;0.01;0;7.76738;0;0;-1
0;263;33.9206;60.0847;-39.7088;9.38769;3465.49;5.64468;0;0;0.1;0.01;0;6.20613;0;0;-1
0;264;33.553;79.841;-40.4242;8.95437;3007.42;5.38413;0;0;0.1;0.01;0;2.74535;0;0;-1
0;265;47.8224;-65.2754;-41.6057;8.94443;2997.41;5.37816;0;0;0.1;0.01;0;2.4679;0;0;-1
0;266;47.1403;-47.7054;-39.9511;9.52788;3623.08;5.72898;0;0;0.1;0.01;0;5.80351;0;0;-1
0;267;47.7663;-30.238;-39.2222;10.3176;4600.71;6.20382;0;0;0.1;0.01;0;7.65929;0;0;-1
0;268;46.7896;-14.9386;-42.5852;10.067;4273.55;6.05314;0;0;0.1;0.01;0;7.77792;0;0;-1
0;269;46.082;2.87743;-42.185;8.5;2572.44;5.11093;0;0;0.1;0.01;0;6.20071;1;0;-1
0;270;47.7584;16.8709;-43.0429;10.1627;4396.59;6.11068;0;0;0.1;0.01;0;7.43833;0;0;-1
0;271;46.8505;37.9653;-41.1008;9.52653;3621.54;5.72816;0;0;0.1;0.01;0;6.19169;0;0;-1
0;272;46.7019;52.1411;-42.8743;9.67637;3795.12;5.81826;0;0;0.1;0.01;0;6.60599;0;0;-1
0;273;46.8346;69.2596;-39.8979;9.92643;4097.02;5.96862;0;0;0.1;0.01;0;4.49719;0;0;-1
0;274;60.3756;-55.3659;-39.3286;9.8308;3979.74;5.91112;0;0;0.1;0.01;0;4.74336;0;0;-1
0;275;63.9924;-41.692;-39.824;8.94562;2998.61;5.37887;0;0;0.1;0.01;0;4.27926;0;0;-1
0;276;61.2087;-23.3556;-39.8301;8.55006;2618.16;5.14103;0;0;0.1;0.01;0;5.5427;0;0;-1
0;277;63.4152;-7.79567;-42.3275;9.67674;3795.56;5.81848;0;0;0.1;0.01;0;6.80309;0;0;-1
0;278;63.5982;8.22858;-39.4646;10.0114;4203.13;6.01971;0;0;0.1;0.01;0;6.56089;0;0;-1
0;279;63.0243;26.1896;-42.2737;10.0357;4233.81;6.03432;0;0;0.1;0.01;0;6.07577;0;0;-1
0;280;61.5511;42.1331;-41.1979;8.88075;2933.85;5.33987;0;0;0.1;0.01;0;5.08212;0;0;-1
0;281;61.9989;60.4268;-42.4623;9.23144;3295.32;5.55073;0;0;0.1;0.01;0;3.67629;0;0;-1
0;282;74.9439;-32.4967;-43.1655;9.0112;3065.04;5.4183;0;0;0.1;0.01;0;3.21654;0;0;-1
0;283;77.7409;-14.9997;-41.1226;8.62851;2690.89;5.1882;0;0;0.1;0.01;0;4.46673;0;0;-1
0;284;76.3288;-0.0852323;-41.4648;10.2851;4557.37;6.18428;0;0;0.1;0.01;0;6.8771;0;0;-1
0;285;78.7397;19.7242;-42.8243;8.99017;3043.63;5.40566;0;0;0.1;0.01;0;3.33154;0;0;-1
0;286;76.5346;34.3353;-41.9428;9.23964;3304.1;5.55566;0;0;0.1;0.01;0;3.54202;0;0;-1
0;287;90.5151;-4.55933;-40.5334;8.7003;2758.62;5.23136;0;0;0.1;0.01;0;2.23166;0;0;-1
0;288;-95.1336;-13.5081;-24.6992;8.77145;2826.85;5.27415;0;0;0.1;0.01;0;3.17444;0;0;-1
0;289;-95.6312;1.24953;-26.0969;9.92316;4092.97;5.96665;0;0;0.1;0.01;0;3.87663;0;0;-1
0;290;-80.8671;-41.5003;-24.6616;9.90428;4069.65;5.9553;0;0;0.1;0.01;0;2.88618;0;0;-1
0;291;-81.797;-23.4406;-27.342;9.5595;3659.27;5.74799;0;0;0.1;0.01;0;3.86444;0;0;-1
0;292;-78.9082;-4.65909;-26.4834;10.0423;4242.17;6.03829;0;0;0.1;0.01;0;5.59052;0;0;-1
0;293;-82.5763;10.9693;-26.4503;10.1274;4350.93;6.08946;0;0;0.1;0.01;0;6.28442;0;0;-1
0;294;-82.4137;27.6823;-25.1445;10.0349;4232.8;6.03384;0;0;0.1;0.01;0;5.02742;0;0;-1
0;295;-80.4036;44.5603;-28.1141;9.88358;4044.19;5.94285;0;0;0.1;0.01;0;3.28546;0;0;-1
0;296;-64.0824;-67.8775;-26.0014;8.5;2572.44;5.11093;0;0;0.1;0.01;0;2.51772;1;0;-1
0;297;-64.3829;-48.995;-26.1297;8.77835;2833.53;5.27829;0;0;0.1;0.01;0;4.35842;0;0;-1
0;298;-64.529;-31.265;-25.4593;9.74862;3880.77;5.8617;0;0;0.1;0.01;0;5.4687;0;0;-1
0;299;-64.4844;-12.8931;-26.9943;9.28066;3348.31;5.58033;0;0;0.1;0.01;0;5.55913;0;0;-1
0;300;-66.0768;4.44536;-26.0325;8.5;2572.44;5.11093;0;0;0.1;0.01;0;5.93833;1;0;-1
0;301;-65.469;20.2229;-26.9336;8.59094;2655.89;5.16561;0;0;0.1;0.01;0;5.71175;0;0;-1
0;302;-64.6835;35.217;-27.1746;10.0497;4251.56;6.04274;0;0;0.1;0.01;0;6.31088;0;0;-1
0;303;-64.5485;50.9136;-26.231;9.27992;3347.51;5.57988;0;0;0.1;0.01;0;5.75054;0;0;-1
0;304;-66.6757;68.6699;-26.7139;9.4554;3541.02;5.68539;0;0;0.1;0.01;0;2.15136;0;0;-1
0;305;-49.7087;-72.5008;-27.7868;8.99661;3050.18;5.40953;0;0;0.1;0.01;0;5.22959;0;0;-1
0;306;-49.6173;-58.175;-26.2898;9.25063;3315.91;5.56227;0;0;0.1;0.01;0;6.29401;0;0;-1
0;307;-51.542;-39.7142;-26.3441;9.3425;3415.69;5.61751;0;0;0.1;0.01;0;6.00918;0;0;-1
0;308;-52.4121;-23.119;-27.5514;9.77632;3913.95;5.87836;0;0;0.1;0.01;0;6.5557;0;0;-1
0;309;-50.4843;-7.03375;-27.8116;9.73264;3861.72;5.8521;0;0;0.1;0.01;0;6.61013;0;0;-1
0;310;-53.0153;8.65084;-26.3229;8.9409;2993.87;5.37603;0;0;0.1;0.01;0;5.48814;0;0;-1
0;311;-51.1141;26.7877;-24.4707;9.14375;3202.3;5.498;0;0;0.1;0.01;0;5.57919;0;0;-1
0;312;-49.989;45.5118;-24.8754;9.78011;3918.5;5.88064;0;0;0.1;0.01;0;7.3387;0;0;-1
0;313;-50.6635;62.4862;-25.5778;8.75947;2815.28;5.26694;0;0;0.1;0.01;0;6.08681;0;0;-1
0;314;-51.7984;78.4843;-28.2545;8.72318;2780.44;5.24512;0;0;0.1;0.01;0;2.65288;0;0;-1
0;315;-36.4325;-82.1746;-26.5194;10.3133;4594.96;6.20124;0;0;0.1;0.01;0;6.19625;0;0;-1
0;316;-34.9844;-67.3071;-26.8086;8.88636;2939.41;5.34324;0;0;0.1;0.01;0;6.99051;0;0;-1
0;317;-38.3717;-47.109;-27.1475;10.1598;4392.83;6.10894;0;0;0.1;0.01;0;5.71167;0;0;-1
0;318;-36.0578;-30.0838;-26.0734;9.32899;3400.89;5.60939;0;0;0.1;0.01;0;6.11561;0;0;-1
0;319;-34.6358;-13.7603;-26.8008;8.77558;2830.85;5.27663;0;0;0.1;0.01;0;5.01451;0;0;-1
0;320;-36.5854;4.31778;-27.4518;8.5;2572.44;5.11093;0;0;0.1;0.01;0;4.19341;1;0;-1
0;321;-38.36;18.5479;-27.4844;9.50184;3593.45;5.71332;0;0;0.1;0.01;0;5.45597;0;0;-1
0;322;-38.2444;34.5877;-25.1758;8.5;2572.44;5.11093;0;0;0.1;0.01;0;5.50275;1;0;-1
0;323;-37.6466;52.2729;-27.8683;9.223;3286.29;5.54566;0;0;0.1;0.01;0;6.07414;0;0;-1
0;324;-38.2145;67.7261;-25.7641;8.5;2572.44;5.11093;0;0;0.1;0.01;0;4.48578;1;0;-1
0;325;-35.5388;85.843;-24.9502;10.2803;4550.99;6.1814;0;0;0.1;0.01;0;3.74698;0;0;-1
0;326;-21.7846;-90.7773;-25.2866;10.3383;4628.45;6.21627;0;0;0.1;0.01;0;3.9872;0;0;-1
0;327;-20.5848;-73.0901;-27.0216;10.1729;4409.84;6.11682;0;0;0.1;0.01;0;8.27743;0;0;-1
0;328;-20.3469;-59.1606;-26.3098;9.74517;3876.65;5.85963;0;0;0.1;0.01;0;7.2667;0;0;-1
0;329;-22.0179;-40.585;-26.6624;8.61701;2680.15;5.18128;0;0;0.1;0.01;0;4.98662;0;0;-1
0;330;-21.3632;-21.105;-24.9736;10.094;4308.03;6.06938;0;0;0.1;0.01;0;6.84206;0;0;-1
0;331;-19.7216;-5.48259;-28.0834;8.5;2572.44;5.11093;0;0;0.1;0.01;0;4.649;1;0;-1
0;332;-21.3128;11.8048;-25.7707;8.5;2572.44;5.11093;0;0;0.1;0.01;0;4.00274;1;0;-1
0;333;-22.7755;28.7605;-27.7839;8.64731;2708.52;5.1995;0;0;0.1;0.01;0;5.10203;0;0;-1
0;334;-21.2685;44.7688;-27.8784;9.74786;3879.86;5.86125;0;0;0.1;0.01;0;5.84132;0;0;-1
0;335;-21.6919;62.175;-26.6115;9.66986;3787.47;5.81435;0;0;0.1;0.01;0;6.33868;0;0;-1
0;336;-22.8394;78.7585;-27.9116;9.43208;3514.88;5.67137;0;0;0.1;0.01;0;5.63147;0;0;-1
0;337;-5.94202;-81.2661;-28.6529;9.37792;3454.68;5.63881;0;0;0.1;0.01;0;6.09276;0;0;-1
0;338;-7.91135;-66.6061;-26.3287;9.47884;3567.42;5.69949;0;0;0.1;0.01;0;6.68875;0;0;-1
0;339;-8.56418;-48.5898;-24.3786;9.13807;3196.33;5.49459;0;0;0.1;0.01;0;5.18465;0;0;-1
0;340;-8.20291;-29.6904;-25.5444;8.77274;2828.1;5.27492;0;0;0.1;0.01;0;5.56663;0;0;-1
0;341;-6.0108;-13.3274;-27.8133;9.41095;3491.31;5.65867;0;0;0.1;0.01;0;6.59723;0;0;-1
0;342;-5.49545;1.93027;-27.6466;8.53399;2603.42;5.13136;0;0;0.1;0.01;0;5.70867;0;0;-1
0;343;-6.61048;21.1281;-25.6294;9.60397;3710.57;5.77473;0;0;0.1;0.01;0;6.70016;0;0;-1
0;344;-7.09405;35.4077;-27.0967;9.34522;3418.67;5.61915;0;0;0.1;0.01;0;7.48447;0;0;-1
0;345;-7.92999;51.5129;-26.0255;8.65073;2711.73;5.20156;0;0;0.1;0.01;0;5.61085;0;0;-1
0;346;-9.3425;72.1612;-24.4902;8.6207;2683.59;5.1835;0;0;0.1;0.01;0;5.03713;0;0;-1
0;347;-9.10183;88.2409;-25.6654;8.64271;2704.2;5.19674;0;0;0.1;0.01;0;3.97094;0;0;-1
0;348;9.34896;-90.475;-25.4137;10.3115;4592.55;6.20016;0;0;0.1;0.01;0;4.2768;0;0;-1
0;349;6.5945;-75.7944;-25.3205;9.7822;3921.01;5.88189;0;0;0.1;0.01;0;6.67375;0;0;-1
0;350;9.44467;-58.6613;-25.7691;9.33001;3402;5.61;0;0;0.1;0.01;0;5.80816;0;0;-1
0;351;5.72661;-40.0304;-25.3944;9.62018;3729.39;5.78447;0;0;0.1;0.01;0;6.09825;0;0;-1
0;352;8.26461;-25.52;-26.5945;8.72878;2785.8;5.24849;0;0;0.1;0.01;0;5.8611;0;0;-1
0;353;9.02283;-8.76476;-27.6962;10.2426;4501.11;6.15873;0;0;0.1;0.01;0;6.79694;0;0;-1
0;354;5.51793;9.9385;-25.512;9.14542;3204.05;5.49901;0;0;0.1;0.01;0;4.58279;0;0;-1
0;355;9.43301;29.3295;-27.6621;10.081;4291.4;6.06156;0;0;0.1;0.01;0;6.86044;0;0;-1
0;356;6.25071;44.0446;-25.2407;10.3766;4680.09;6.2393;0;0;0.1;0.01;0;7.19953;0;0;-1
0;357;6.87051;63.4076;-24.6257;10.1832;4423.25;6.12301;0;0;0.1;0.01;0;6.80663;0;0;-1
0;358;5.89794;78.2866;-28.001;9.05381;3108.73;5.44392;0;0;0.1;0.01;0;5.55866;0;0;-1
0;359;8.24497;95.6189;-26.8457;10.0208;4214.98;6.02536;0;0;0.1;0.01;0;2.99653;0;0;-1
0;360;22.576;-82.3663;-25.218;9.14669;3205.39;5.49977;0;0;0.1;0.01;0;4.65792;0;0;-1
0;361;23.7027;-65.8986;-25.4708;9.51617;3609.73;5.72193;0;0;0.1;0.01;0;5.43813;0;0;-1
0;362;23.2753;-47.2921;-27.4321;10.114;4333.69;6.0814;0;0;0.1;0.01;0;6.26011;0;0;-1
0;363;22.7907;-31.7616;-26.047;9.7203;3847.05;5.84468;0;0;0.1;0.01;0;6.89804;0;0;-1
0;364;22.1283;-16.092;-25.5866;10.0142;4206.66;6.02139;0;0;0.1;0.01;0;6.73034;0;0;-1
0;365;22.3195;1.01371;-26.7999;9.03568;3090.09;5.43302;0;0;0.1;0.01;0;5.17184;0;0;-1
0;366;23.3887;18.1876;-28.0105;9.62583;3735.97;5.78787;0;0;0.1;0.01;0;6.25373;0;0;-1
0;367;23.2504;34.9354;-27.5198;9.48752;3577.23;5.70471;0;0;0.1;0.01;0;7.41892;0;0;-1
0;368;20.5933;51.1114;-24.5118;9.78732;3927.17;5.88497;0;0;0.1;0.01;0;6.25993;0;0;-1
0;369;20.2921;69.1507;-26.9514;9.41126;3491.66;5.65885;0;0;0.1;0.01;0;5.36219;0;0;-1
0;370;23.357;84.5742;-24.8059;9.48309;3572.22;5.70204;0;0;0.1;0.01;0;4.90075;0;0;-1
0;371;38.0661;-75.9929;-27.1055;9.08221;3138.07;5.461;0;0;0.1;0.01;0;3.94022;0;0;-1
0;372;35.2261;-56.9176;-27.0397;8.68961;2748.46;5.22494;0;0;0.1;0.01;0;5.6081;0;0;-1
0;373;37.5335;-39.9436;-26.8261;9.92192;4091.44;5.96591;0;0;0.1;0.01;0;7.96789;0;0;-1
0;374;37.6911;-23.1681;-27.6893;9.98008;4163.81;6.00088;0;0;0.1;0.01;0;7.59119;0;0;-1
0;375;37.455;-7.20892;-24.837;9.68117;3800.77;5.82115;0;0;0.1;0.01;0;6.57044;0;0;-1
0;376;35.1298;8.91537;-26.7882;8.8148;2868.97;5.30021;0;0;0.1;0.01;0;5.30955;0;0;-1
0;377;37.2287;25.3895;-24.7126;9.96675;4147.15;5.99286;0;0;0.1;0.01;0;6.87936;0;0;-1
0;378;37.0129;42.1375;-27.1013;9.84583;3998.03;5.92015;0;0;0.1;0.01;0;6.57874;0;0;-1
0;379;38.4514;63.6797;-24.8993;8.5;2572.44;5.11093;0;0;0.1;0.01;0;4.58548;1;0;-1
0;380;36.752;78.8107;-24.881;8.5;2572.44;5.11093;0;0;0.1;0.01;0;4.35232;1;0;-1
0;381;50.44;-66.6505;-24.7869;10.2137;4463.11;6.14135;0;0;0.1;0.01;0;5.56864;0;0;-1
0;382;49.9662;-50.771;-25.2901;10.1728;4409.71;6.11676;0;0;0.1;0.01;0;6.85075;0;0;-1
0;383;50.0705;-33.4168;-25.0344;8.55599;2623.61;5.14459;0;0;0.1;0.01;0;5.20329;0;0;-1
0;384;52.7129;-15.5639;-26.8595;9.21838;3281.35;5.54288;0;0;0.1;0.01;0;6.25966;0;0;-1
0;385;51.8204;1.73477;-28.3318;10.0155;4208.3;6.02217;0;0;0.1;0.01;0;7.16993;0;0;-1
0;386;50.1087;17.7965;-28.5145;9.04577;3100.45;5.43909;0;0;0.1;0.01;0;6.16834;0;0;-1
0;387;50.3092;34.8921;-25.0688;9.38364;3461.01;5.64225;0;0;0.1;0.01;0;5.57784;0;0;-1
0;388;52.9786;54.7652;-24.6971;8.65695;2717.59;5.2053;0;0;0.1;0.01;0;4.39674;0;0;-1
0;389;52.2031;72.6218;-26.939;9.78828;3928.33;5.88555;0;0;0.1;0.01;0;4.37912;0;0;-1
0;390;66.3643;-59.2063;-27.6287;8.99162;3045.11;5.40653;0;0;0.1;0.01;0;4.13133;0;0;-1
0;391;66.6364;-42.2256;-25.0358;8.84857;2902.07;5.32052;0;0;0.1;0.01;0;5.4845;0;0;-1
0;392;67.484;-23.2456;-24.8682;10.3678;4668.19;6.23401;0;0;0.1;0.01;0;6.53725;0;0;-1
0;393;65.5558;-5.60261;-26.9274;8.9529;3005.94;5.38325;0;0;0.1;0.01;0;6.84104;0;0;-1
0;394;66.5809;9.45413;-25.0983;9.2484;3313.51;5.56093;0;0;0.1;0.01;0;5.82394;0;0;-1
0;395;64.8734;25.4068;-25.6043;9.8348;3984.6;5.91352;0;0;0.1;0.01;0;4.80898;0;0;-1
0;396;66.3807;46.5077;-25.9005;10.0347;4232.55;6.03372;0;0;0.1;0.01;0;5.81677;0;0;-1
0;397;65.0709;62.2773;-27.5173;10.0508;4252.95;6.0434;0;0;0.1;0.01;0;4.96938;0;0;-1
0;398;79.4166;-51.2665;-25.8161;10.1042;4321.1;6.07551;0;0;0.1;0.01;0;2.17835;0;0;-1
0;399;81.8804;-34.204;-24.8259;10.2512;4512.45;6.1639;0;0;0.1;0.01;0;3.41468;0;0;-1
0;400;80.7504;-16.8101;-25.3508;8.88357;2936.64;5.34156;0;0;0.1;0.01;0;4.46764;0;0;-1
0;401;79.7961;-0.230037;-26.2373;9.30496;3374.68;5.59494;0;0;0.1;0.01;0;4.87339;0;0;-1
0;402;83.2185;17.7932;-25.2701;9.79833;3940.44;5.89159;0;0;0.1;0.01;0;4.14508;0;0;-1
0;403;79.0947;33.7648;-27.989;8.5;2572.44;5.11093;0;0;0.1;0.01;0;3.36478;1;0;-1
0;404;79.3713;54.624;-26.5435;10.3516;4646.34;6.22427;0;0;0.1;0.01;0;2.70773;0;0;-1
0;405;-98.4439;0.959069;-11.8079;10.2755;4544.62;6.17851;0;0;0.1;0.01;0;3.70441;0;0;-1
0;406;-84.2843;-42.0845;-11.2496;9.08598;3141.98;5.46327;0;0;0.1;0.01;0;3.4683;0;0;-1
0;407;-84.3753;-23.5363;-10.3047;10.4098;4725.15;6.25926;0;0;0.1;0.01;0;5.70455;0;0;-1
0;408;-85.2186;-7.13412;-12.4889;8.91246;2965.39;5.35893;0;0;0.1;0.01;0;5.26908;0;0;-1
0;409;-83.3482;11.6485;-11.9326;10.149;4378.83;6.10245;0;0;0.1;0.01;0;5.92207;0;0;-1
0;410;-84.8139;29.1451;-12.4325;8.5;2572.44;5.11093;0;0;0.1;0.01;0;4.12911;1;0;-1
0;411;-84.0333;42.4997;-11.3176;9.39125;3469.44;5.64682;0;0;0.1;0.01;0;4.12662;0;0;-1
0;412;-70.8114;-68.4407;-10.066;8.78734;2842.24;5.2837;0;0;0.1;0.01;0;2.13511;0;0;-1
0;413;-69.228;-49.2673;-11.9965;9.51949;3613.51;5.72393;0;0;0.1;0.01;0;4.76811;0;0;-1
0;414;-69.8902;-32.5574;-10.1395;9.37135;3447.43;5.63486;0;0;0.1;0.01;0;6.79673;0;0;-1
0;415;-72.1624;-15.7409;-11.6943;9.40543;3485.17;5.65535;0;0;0.1;0.01;0;6.58708;0;0;-1
0;416;-70.799;3.17292;-10.3074;8.76929;2824.76;5.27285;0;0;0.1;0.01;0;6.0725;0;0;-1
0;417;-68.3511;17.3739;-12.9519;8.58719;2652.42;5.16335;0;0;0.1;0.01;0;4.9313;0;0;-1
0;418;-69.4947;36.4699;-11.9872;9.59908;3704.91;5.77179;0;0;0.1;0.01;0;6.33928;0;0;-1
0;419;-71.9198;53.7857;-13.024;8.9755;3028.76;5.39684;0;0;0.1;0.01;0;4.41603;0;0;-1
0;420;-54.2893;-75.1326;-9.72365;8.85847;2911.82;5.32647;0;0;0.1;0.01;0;3.8157;0;0;-1
0;421;-56.6206;-58.2369;-12.3475;9.39962;3478.72;5.65186;0;0;0.1;0.01;0;5.38533;0;0;-1
0;422;-57.3274;-39.1997;-10.3221;8.57706;2643.04;5.15726;0;0;0.1;0.01;0;5.56614;0;0;-1
0;423;-57.3117;-23.9543;-11.8633;8.5;2572.44;5.11093;0;0;0.1;0.01;0;5.49292;1;0;-1
0;424;-55.2366;-7.22264;-11.8111;9.00601;3059.75;5.41518;0;0;0.1;0.01;0;5.5003;0;0;-1
0;425;-54.3091;8.60285;-12.5424;10.0595;4264.01;6.04863;0;0;0.1;0.01;0;5.98857;0;0;-1
0;426;-57.3408;29.7674;-12.817;8.5;2572.44;5.11093;0;0;0.1;0.01;0;5.63905;1;0;-1
0;427;-55.115;44.7241;-11.8299;9.28257;3350.37;5.58147;0;0;0.1;0.01;0;6.85633;0;0;-1
0;428;-57.9507;60.0343;-10.6868;9.74725;3879.14;5.86088;0;0;0.1;0.01;0;5.44979;0;0;-1
0;429;-42.7897;-83.6445;-13.2565;10.0889;4301.5;6.06631;0;0;0.1;0.01;0;4.25815;0;0;-1
0;430;-39.3573;-64.6273;-11.5682;9.79525;3936.73;5.88974;0;0;0.1;0.01;0;5.6094;0;0;-1
0;431;-41.0528;-49.3527;-10.6947;8.52157;2592.07;5.1239;0;0;0.1;0.01;0;5.07861;0;0;-1
0;432;-41.2216;-32.6054;-12.3628;9.80366;3946.87;5.8948;0;0;0.1;0.01;0;6.13935;0;0;-1
0;433;-42.0829;-14.3463;-13.5188;10.014;4206.41;6.02127;0;0;0.1;0.01;0;6.08408;0;0;-1
0;434;-40.9234;3.06966;-10.785;9.48602;3575.53;5.70381;0;0;0.1;0.01;0;5.76907;0;0;-1
0;435;-39.4038;20.088;-11.2119;10.0097;4200.99;6.01869;0;0;0.1;0.01;0;6.27653;0;0;-1
0;436;-42.1314;36.9076;-13.1705;9.33057;3402.62;5.61034;0;0;0.1;0.01;0;7.19967;0;0;-1
0;437;-42.6541;52.2126;-12.6264;8.5;2572.44;5.11093;0;0;0.1;0.01;0;5.05178;1;0;-1
0;438;-43.0039;70.6876;-12.5531;8.74544;2801.78;5.25851;0;0;0.1;0.01;0;4.72277;0;0;-1
0;439;-43.2562;85.1331;-13.3362;8.5;2572.44;5.11093;0;0;0.1;0.01;0;3.42435;1;0;-1
0;440;-27.9004;-93.1794;-13.0818;9.62079;3730.1;5.78484;0;0;0.1;0.01;0;4.31885;0;0;-1
0;441;-28.1476;-76.8707;-13.0076;10.1441;4372.49;6.0995;0;0;0.1;0.01;0;7.05471;0;0;-1
0;442;-24.6947;-56.5741;-12.2845;10.3899;4698.1;6.2473;0;0;0.1;0.01;0;7.30541;0;0;-1
0;443;-27.3661;-41.7534;-10.1884;10.4383;4764.07;6.2764;0;0;0.1;0.01;0;7.63215;0;0;-1
0;444;-26.6297;-22.2853;-11.8637;10.2193;4470.46;6.14472;0;0;0.1;0.01;0;6.6491;0;0;-1
0;445;-24.9533;-7.30949;-10.316;8.54228;2611.02;5.13635;0;0;0.1;0.01;0;4.69741;0;0;-1
0;446;-25.1414;9.14394;-10.2583;9.43114;3513.83;5.67081;0;0;0.1;0.01;0;5.17456;0;0;-1
0;447;-27.4321;28.4651;-10.5815;10.2555;4518.13;6.16648;0;0;0.1;0.01;0;6.15081;0;0;-1
0;448;-28.3077;42.961;-10.7772;9.06343;3118.65;5.44971;0;0;0.1;0.01;0;5.62643;0;0;-1
0;449;-24.4451;59.0697;-12.8469;8.80537;2859.77;5.29454;0;0;0.1;0.01;0;4.53397;0;0;-1
0;450;-24.7756;77.6998;-12.2462;9.85517;4009.41;5.92577;0;0;0.1;0.01;0;6.45183;0;0;-1
0;451;-24.8588;94.6728;-14.0174;10.1999;4445.05;6.13305;0;0;0.1;0.01;0;3.54405;0;0;-1
0;452;-13.5493;-83.3114;-11.0829;8.5;2572.44;5.11093;0;0;0.1;0.01;0;4.45328;1;0;-1
0;453;-12.7711;-65.4519;-13.2564;8.5;2572.44;5.11093;0;0;0.1;0.01;0;5.52495;1;0;-1
0;454;-12.697;-48.4381;-9.70919;9.49539;3586.14;5.70944;0;0;0.1;0.01;0;6.6064;0;0;-1
0;455;-11.4461;-32.3666;-11.7609;10.4018;4714.27;6.25445;0;0;0.1;0.01;0;7.25714;0;0;-1
0;456;-10.3925;-14.2737;-10.7262;8.5;2572.44;5.11093;0;0;0.1;0.01;0;6.05914;1;0;-1
0;457;-10.7176;0.964401;-11.6011;10.2021;4447.92;6.13437;0;0;0.1;0.01;0;7.15977;0;0;-1
0;458;-10.7347;16.9745;-11.6229;9.08701;3143.05;5.46389;0;0;0.1;0.01;0;5.76935;0;0;-1
0;459;-11.5924;34.243;-12.5373;8.56015;2627.44;5.14709;0;0;0.1;0.01;0;4.6201;0;0;-1
0;460;-10.3538;50.966;-10.6059;8.54843;2616.66;5.14005;0;0;0.1;0.01;0;5.2222;0;0;-1
0;461;-10.5252;67.4182;-11.6335;9.0735;3129.05;5.45576;0;0;0.1;0.01;0;5.9096;0;0;-1
0;462;-11.7013;87.257;-12.4342;8.5;2572.44;5.11093;0;0;0.1;0.01;0;4.79417;1;0;-1
0;463;4.39484;-91.5526;-10.589;8.69412;2752.74;5.22765;0;0;0.1;0.01;0;3.76605;0;0;-1
0;464;1.54489;-75.9944;-12.1268;8.5;2572.44;5.11093;0;0;0.1;0.01;0;5.48997;1;0;-1
0;465;1.3443;-59.4775;-12.8568;8.86284;2916.13;5.3291;0;0;0.1;0.01;0;6.06209;0;0;-1
0;466;1.68153;-41.2616;-12.6229;9.63019;3741.05;5.79049;0;0;0.1;0.01;0;6.53584;0;0;-1
0;467;1.2677;-21.5665;-10.4672;9.21799;3280.93;5.54264;0;0;0.1;0.01;0;6.60909;0;0;-1
0;468;1.59384;-7.44322;-12.127;8.63646;2698.34;5.19298;0;0;0.1;0.01;0;6.12622;0;0;-1
0;469;3.27791;8.17449;-12.2808;10.1133;4332.79;6.08098;0;0;0.1;0.01;0;6.21094;0;0;-1
0;470;3.1875;25.132;-13.5561;9.05314;3108.04;5.44352;0;0;0.1;0.01;0;4.72394;0;0;-1
0;471;1.98665;43.7636;-10.4935;9.3009;3370.26;5.5925;0;0;0.1;0.01;0;5.5793;0;0;-1
0;472;2.33094;59.5239;-10.7499;9.45512;3540.71;5.68523;0;0;0.1;0.01;0;6.58703;0;0;-1
0;473;2.70425;76.749;-10.3985;8.91847;2971.39;5.36255;0;0;0.1;0.01;0;6.03221;0;0;-1
0;474;3.09541;94.0428;-11.4644;10.2647;4530.3;6.17202;0;0;0.1;0.01;0;4.45861;0;0;-1
0;475;18.8186;-85.1795;-10.5361;9.35595;3430.46;5.6256;0;0;0.1;0.01;0;5.80002;0;0;-1
0;476;16.0695;-68.1906;-10.5156;9.47166;3559.32;5.69517;0;0;0.1;0.01;0;6.35406;0;0;-1
0;477;15.9638;-51.4698;-9.87494;9.86583;4022.44;5.93218;0;0;0.1;0.01;0;5.7795;0;0;-1
0;478;15.5249;-33.391;-10.5204;9.65096;3765.3;5.80298;0;0;0.1;0.01;0;5.74408;0;0;-1
0;479;16.0322;-16.3031;-11.4687;8.57311;2639.39;5.15489;0;0;0.1;0.01;0;5.90877;0;0;-1
0;480;16.4183;1.12004;-11.4616;9.38448;3461.94;5.64275;0;0;0.1;0.01;0;5.57836;0;0;-1
0;481;19.4893;20.9005;-10.881;9.88972;4051.73;5.94655;0;0;0.1;0.01;0;6.04928;0;0;-1
0;482;19.6243;38.1939;-13.1717;8.5;2572.44;5.11093;0;0;0.1;0.01;0;5.0855;1;0;-1
0;483;18.1865;54.5317;-11.4715;8.5;2572.44;5.11093;0;0;0.1;0.01;0;4.93132;1;0;-1
0;484;17.3048;71.4343;-10.3217;10.3965;4707.06;6.25126;0;0;0.1;0.01;0;7.11101;0;0;-1
0;485;15.6976;84.9723;-12.5734;8.5;2572.44;5.11093;0;0;0.1;0.01;0;5.45148;1;0;-1
0;486;31.948;-93.7263;-12.0441;8.83098;2884.8;5.30994;0;0;0.1;0.01;0;1.85692;0;0;-1
0;487;33.358;-76.651;-12.324;9.41174;3492.19;5.65914;0;0;0.1;0.01;0;5.65277;0;0;-1
0;488;32.8895;-55.3915;-10.35;9.45135;3536.47;5.68296;0;0;0.1;0.01;0;4.9916;0;0;-1
0;489;34.1674;-38.8913;-10.124;9.62386;3733.67;5.78669;0;0;0.1;0.01;0;6.14465;0;0;-1
0;490;31.2324;-21.3583;-12.2796;9.89423;4057.28;5.94926;0;0;0.1;0.01;0;7.10866;0;0;-1
0;491;33.1398;-6.34056;-10.7784;8.88235;2935.43;5.34083;0;0;0.1;0.01;0;5.56229;0;0;-1
0;492;33.5018;11.7957;-12.9124;10.3784;4682.52;6.24038;0;0;0.1;0.01;0;7.01968;0;0;-1
0;493;31.4716;29.0547;-10.8337;9.24443;3309.25;5.55854;0;0;0.1;0.01;0;6.82123;0;0;-1
0;494;33.5338;46.2645;-13.2498;9.56238;3662.58;5.74972;0;0;0.1;0.01;0;5.99005;0;0;-1
0;495;32.7892;63.4883;-10.3627;8.6173;2680.42;5.18146;0;0;0.1;0.01;0;5.98701;0;0;-1
0;496;32.2655;79.3805;-10.1262;10.0567;4260.45;6.04695;0;0;0.1;0.01;0;6.38596;0;0;-1
0;497;45.9669;-82.9372;-10.794;8.5;2572.44;5.11093;0;0;0.1;0.01;0;4.155;1;0;-1
0;498;48.1297;-67.8899;-11.4522;9.53328;3629.24;5.73222;0;0;0.1;0.01;0;6.01228;0;0;-1
0;499;47.7013;-47.7308;-11.9602;9.34097;3414.01;5.61659;0;0;0.1;0.01;0;6.11476;0;0;-1
0;500;48.6163;-31.7067;-12.5302;9.05733;3112.36;5.44604;0;0;0.1;0.01;0;5.54113;0;0;-1
0;501;45.5553;-14.7396;-10.9514;9.15165;3210.6;5.50275;0;0;0.1;0.01;0;6.26777;0;0;-1
0;502;46.5949;0.439746;-11.0268;10.1585;4391.14;6.10816;0;0;0.1;0.01;0;7.44607;0;0;-1
0;503;47.737;18.1136;-13.4358;10.1742;4411.53;6.1176;0;0;0.1;0.01;0;7.74665;0;0;-1
0;504;47.8981;34.6501;-10.5438;9.51622;3609.79;5.72196;0;0;0.1;0.01;0;6.42779;0;0;-1
0;505;45.9437;55.1901;-12.4963;8.5;2572.44;5.11093;0;0;0.1;0.01;0;5.01862;1;0;-1
0;506;46.2866;68.4912;-10.0146;9.24156;3306.16;5.55682;0;0;0.1;0.01;0;6.16986;0;0;-1
0;507;47.6945;85.6426;-13.0961;8.6403;2701.94;5.19529;0;0;0.1;0.01;0;2.33862;0;0;-1
0;508;61.0961;-74.2488;-11.2871;10.3036;4582.01;6.19541;0;0;0.1;0.01;0;3.19848;0;0;-1
0;509;60.3098;-56.0667;-13.2991;9.61516;3723.56;5.78146;0;0;0.1;0.01;0;6.39392;0;0;-1
0;510;61.4422;-42.1474;-11.6186;9.39919;3478.24;5.6516;0;0;0.1;0.01;0;6.41278;0;0;-1
0;511;62.5763;-25.7825;-11.8633;9.28468;3352.66;5.58274;0;0;0.1;0.01;0;5.84289;0;0;-1
0;512;62.7411;-7.6514;-11.5033;9.83406;3983.7;5.91308;0;0;0.1;0.01;0;6.46732;0;0;-1
0;513;60.7356;9.37122;-12.8131;10.2245;4477.29;6.14784;0;0;0.1;0.01;0;6.65837;0;0;-1
0;514;61.9686;28.7528;-10.225;9.92591;4096.37;5.96831;0;0;0.1;0.01;0;6.30825;0;0;-1
0;515;62.6747;45.9883;-11.1291;9.50542;3597.51;5.71547;0;0;0.1;0.01;0;5.70345;0;0;-1
0;516;63.2371;63.591;-10.8015;10.0981;4313.28;6.07184;0;0;0.1;0.01;0;5.33316;0;0;-1
0;517;61.0507;77.9236;-13.7922;8.90529;2958.24;5.35462;0;0;0.1;0.01;0;2.77194;0;0;-1
0;518;77.6012;-47.5313;-10.8067;8.5;2572.44;5.11093;0;0;0.1;0.01;0;3.89358;1;0;-1
0;519;77.3349;-30.0367;-11.2404;8.60685;2670.68;5.17517;0;0;0.1;0.01;0;5.62861;0;0;-1
0;520;75.2985;-14.4406;-10.854;10.4528;4783.95;6.28512;0;0;0.1;0.01;0;7.80041;0;0;-1
0;521;74.9432;1.1174;-10.9951;8.5;2572.44;5.11093;0;0;0.1;0.01;0;6.1656;1;0;-1
0;522;76.6056;18.0084;-13.3372;8.69993;2758.26;5.23114;0;0;0.1;0.01;0;5.74956;0;0;-1
0;523;75.0665;34.8519;-12.7048;8.5;2572.44;5.11093;0;0;0.1;0.01;0;5.25267;1;0;-1
0;524;75.3409;51.4837;-10.2305;9.24246;3307.13;5.55736;0;0;0.1;0.01;0;5.71994;0;0;-1
0;525;89.5863;-22.1763;-11.9595;8.5;2572.44;5.11093;0;0;0.1;0.01;0;3.78999;1;0;-1
0;526;90.0702;-4.25094;-10.1454;9.67018;3787.85;5.81454;0;0;0.1;0.01;0;4.12051;0;0;-1
0;527;89.5551;12.0098;-11.0231;8.94815;3001.15;5.38039;0;0;0.1;0.01;0;4.80438;0;0;-1
0;528;89.4244;27.0261;-11.1947;8.57982;2645.59;5.15892;0;0;0.1;0.01;0;4.516;0;0;-1
0;529;89.239;43.5621;-9.84399;10.0381;4236.85;6.03576;0;0;0.1;0.01;0;3.29317;0;0;-1
0;530;-93.9359;-16.5793;2.39787;9.45997;3546.16;5.68814;0;0;0.1;0.01;0;3.17042;0;0;-1
0;531;-95.687;2.72745;3.43179;9.65336;3768.11;5.80443;0;0;0.1;0.01;0;3.7826;0;0;-1
0;532;-95.9063;18.6876;2.15927;10.2032;4449.36;6.13504;0;0;0.1;0.01;0;3.23824;0;0;-1
0;533;-79.6793;-55.919;3.03666;8.5;2572.44;5.11093;0;0;0.1;0.01;0;2.63898;1;0;-1
0;534;-82.6278;-41.5237;4.68346;9.80047;3943.02;5.89288;0;0;0.1;0.01;0;4.17474;0;0;-1
0;535;-80.5994;-23.2259;2.97122;9.80139;3944.13;5.89343;0;0;0.1;0.01;0;6.45354;0;0;-1
0;536;-79.8672;-6.13617;3.71953;9.46528;3552.13;5.69134;0;0;0.1;0.01;0;5.92458;0;0;-1
0;537;-81.7937;10.3529;2.71372;8.90491;2957.86;5.35439;0;0;0.1;0.01;0;4.70814;0;0;-1
0;538;-80.6017;25.4927;1.20717;8.5;2572.44;5.11093;0;0;0.1;0.01;0;3.69414;1;0;-1
0;539;-82.6816;44.0735;2.77088;10.2457;4505.19;6.16059;0;0;0.1;0.01;0;4.42137;0;0;-1
0;540;-78.9047;61.129;3.37468;9.4202;3501.62;5.66423;0;0;0.1;0.01;0;2.55919;0;0;-1
0;541;-63.8832;-65.508;1.68029;8.86781;2921.04;5.33209;0;0;0.1;0.01;0;4.00851;0;0;-1
0;542;-64.2783;-47.2856;4.40127;10.2617;4526.33;6.17021;0;0;0.1;0.01;0;6.23436;0;0;-1
0;543;-68.3921;-33.0505;3.55563;8.92266;2975.58;5.36507;0;0;0.1;0.01;0;5.75827;0;0;-1
0;544;-67.797;-14.8198;1.72079;10.4365;4761.6;6.27532;0;0;0.1;0.01;0;6.92643;0;0;-1
0;545;-67.1941;0.400661;3.73631;10.3306;4618.12;6.21164;0;0;0.1;0.01;0;6.93448;0;0;-1
0;546;-64.7286;17.1269;3.36552;10.4477;4776.95;6.28205;0;0;0.1;0.01;0;6.02057;0;0;-1
0;547;-65.1785;36.5217;3.09528;10.4249;4745.74;6.26834;0;0;0.1;0.01;0;6.60271;0;0;-1
0;548;-65.5641;52.0321;3.22547;9.47993;3568.65;5.70014;0;0;0.1;0.01;0;5.47954;0;0;-1
0;549;-64.9471;70.4123;3.16541;8.5;2572.44;5.11093;0;0;0.1;0.01;0;2.349;1;0;-1
0;550;-49.9075;-75.3362;3.23696;8.5823;2647.89;5.16041;0;0;0.1;0.01;0;5.00612;0;0;-1
0;551;-50.3452;-59.3855;4.2091;8.71413;2771.79;5.23968;0;0;0.1;0.01;0;5.50703;0;0;-1
0;552;-50.9537;-42.3308;3.33856;8.72965;2786.63;5.24901;0;0;0.1;0.01;0;5.46266;0;0;-1
0;553;-52.1121;-24.4749;3.6549;8.58632;2651.61;5.16283;0;0;0.1;0.01;0;4.18517;0;0;-1
0;554;-49.6388;-5.37532;2.14739;8.5;2572.44;5.11093;0;0;0.1;0.01;0;4.35521;1;0;-1
0;555;-52.3025;10.0569;3.75266;8.5;2572.44;5.11093;0;0;0.1;0.01;0;4.98674;1;0;-1
0;556;-52.7533;25.8379;2.69554;8.5;2572.44;5.11093;0;0;0.1;0.01;0;5.48595;1;0;-1
0;557;-50.2681;42.9863;5.11672;9.8444;3996.28;5.91929;0;0;0.1;0.01;0;5.97353;0;0;-1
0;558;-50.7563;63.4585;1.83487;9.04923;3104.01;5.44117;0;0;0.1;0.01;0;5.21297;0;0;-1
0;559;-51.4574;78.1184;1.28902;9.76208;3896.87;5.8698;0;0;0.1;0.01;0;4.43599;0;0;-1
0;560;-34.9777;-84.0155;3.44324;9.36644;3442.01;5.6319;0;0;0.1;0.01;0;5.15536;0;0;-1
0;561;-38.501;-67.3839;3.24872;9.15764;3216.91;5.50636;0;0;0.1;0.01;0;5.35466;0;0;-1
0;562;-36.7021;-50.3893;4.12276;8.5;2572.44;5.11093;0;0;0.1;0.01;0;5.1732;1;0;-1
0;563;-35.8337;-32.6221;2.67686;9.95707;4135.07;5.98704;0;0;0.1;0.01;0;6.05371;0;0;-1
0;564;-38.0777;-14.0897;3.15084;8.97516;3028.41;5.39663;0;0;0.1;0.01;0;4.98322;0;0;-1
0;565;-36.6354;3.18415;4.03423;8.90095;2953.91;5.35201;0;0;0.1;0.01;0;5.85528;0;0;-1
0;566;-38.14;19.9757;2.91806;10.1518;4382.46;6.10413;0;0;0.1;0.01;0;6.86607;0;0;-1
0;567;-38.1976;36.3068;1.02492;8.89588;2948.87;5.34896;0;0;0.1;0.01;0;5.93173;0;0;-1
0;568;-35.4194;50.8407;2.86605;9.82839;3976.82;5.90967;0;0;0.1;0.01;0;5.01396;0;0;-1
0;569;-35.7471;71.74;1.34256;10.4423;4769.55;6.2788;0;0;0.1;0.01;0;6.28566;0;0;-1
0;570;-35.3304;87.8917;3.28947;9.58234;3685.56;5.76172;0;0;0.1;0.01;0;5.14344;0;0;-1
0;571;-20.7817;-93.6574;1.60081;9.51832;3612.18;5.72323;0;0;0.1;0.01;0;4.31315;0;0;-1
0;572;-20.5676;-76.605;4.59721;8.53528;2604.61;5.13214;0;0;0.1;0.01;0;5.26483;0;0;-1
0;573;-23.6233;-57.6383;1.53868;9.2155;3278.27;5.54115;0;0;0.1;0.01;0;6.00533;0;0;-1
0;574;-23.2262;-40.3625;2.14527;9.25268;3318.11;5.5635;0;0;0.1;0.01;0;6.41795;0;0;-1
0;575;-21.1651;-23.079;3.56727;8.5;2572.44;5.11093;0;0;0.1;0.01;0;5.39752;1;0;-1
0;576;-20.5789;-5.19111;3.34493;8.55675;2624.31;5.14505;0;0;0.1;0.01;0;6.16075;0;0;-1
0;577;-20.192;9.99505;4.06777;10.1133;4332.79;6.08098;0;0;0.1;0.01;0;6.8997;0;0;-1
0;578;-23.9375;27.5222;1.88815;8.5874;2652.61;5.16348;0;0;0.1;0.01;0;3.99233;0;0;-1
0;579;-19.9316;46.996;1.83016;9.19996;3261.72;5.5318;0;0;0.1;0.01;0;4.54823;0;0;-1
0;580;-22.0309;63.3243;2.16871;9.89483;4058.01;5.94962;0;0;0.1;0.01;0;6.65791;0;0;-1
0;581;-22.1868;77.5551;1.90865;9.60554;3712.39;5.77567;0;0;0.1;0.01;0;6.19747;0;0;-1
0;582;-23.3663;96.2352;1.36046;9.90756;4073.7;5.95727;0;0;0.1;0.01;0;3.41953;0;0;-1
0;583;-7.07096;-98.9519;0.925541;10.0776;4287.06;6.05951;0;0;0.1;0.01;0;2.97441;0;0;-1
0;584;-5.64635;-81.0558;3.7099;8.73414;2790.93;5.25171;0;0;0.1;0.01;0;5.62658;0;0;-1
0;585;-9.08329;-66.6477;2.7709;10.3839;4689.97;6.24369;0;0;0.1;0.01;0;5.7516;0;0;-1
0;586;-7.63339;-49.2546;2.31126;8.64791;2709.08;5.19986;0;0;0.1;0.01;0;5.09595;0;0;-1
0;587;-7.46466;-29.9752;2.52062;9.4445;3528.79;5.67884;0;0;0.1;0.01;0;6.35244;0;0;-1
0;588;-8.78371;-14.1938;3.11873;9.71029;3835.18;5.83866;0;0;0.1;0.01;0;6.87989;0;0;-1
0;589;-7.88797;1.80666;3.77595;8.5;2572.44;5.11093;0;0;0.1;0.01;0;5.89986;1;0;-1
0;590;-6.2972;17.3609;1.34126;8.51996;2590.61;5.12293;0;0;0.1;0.01;0;5.93064;0;0;-1
0;591;-6.16368;34.6564;3.70577;9.22465;3288.05;5.54665;0;0;0.1;0.01;0;5.51041;0;0;-1
0;592;-5.76363;51.7992;3.53849;8.5;2572.44;5.11093;0;0;0.1;0.01;0;5.8713;1;0;-1
0;593;-7.56723;71.7848;2.33062;10.3283;4615.04;6.21026;0;0;0.1;0.01;0;6.85441;0;0;-1
0;594;-9.20827;88.3785;3.68261;9.77079;3907.31;5.87503;0;0;0.1;0.01;0;4.97492;0;0;-1
0;595;8.03928;-92.1721;3.10107;8.71605;2773.63;5.24083;0;0;0.1;0.01;0;4.707;0;0;-1
0;596;8.63546;-76.0904;1.82691;9.61678;3725.44;5.78243;0;0;0.1;0.01;0;7.04106;0;0;-1
0;597;5.95517;-58.9238;1.68783;10.096;4310.59;6.07058;0;0;0.1;0.01;0;6.9208;0;0;-1
0;598;7.03529;-42.7424;3.58964;9.83689;3987.15;5.91478;0;0;0.1;0.01;0;6.7264;0;0;-1
0;599;7.54726;-24.9364;1.84406;9.5353;3631.55;5.73344;0;0;0.1;0.01;0;6.50663;0;0;-1
0;600;9.35809;-8.45974;4.44048;10.1237;4346.17;6.08723;0;0;0.1;0.01;0;5.92916;0;0;-1
0;601;5.7385;10.4501;2.77722;8.89902;2951.99;5.35085;0;0;0.1;0.01;0;4.95837;0;0;-1
0;602;7.62592;25.4228;2.11419;9.91149;4078.55;5.95964;0;0;0.1;0.01;0;6.08857;0;0;-1
0;603;8.38167;44.0601;2.35127;8.5;2572.44;5.11093;0;0;0.1;0.01;0;5.04561;1;0;-1
0;604;6.91087;60.3893;1.62158;8.5;2572.44;5.11093;0;0;0.1;0.01;0;5.65695;1;0;-1
0;605;8.80442;76.505;2.67879;8.62821;2690.61;5.18802;0;0;0.1;0.01;0;5.79887;0;0;-1
0;606;5.61159;97.905;1.52334;9.70502;3828.93;5.83549;0;0;0.1;0.01;0;2.82604;0;0;-1
0;607;20.4534;-85.2906;2.17797;8.5;2572.44;5.11093;0;0;0.1;0.01;0;4.1526;1;0;-1
0;608;23.7044;-66.3258;2.739;10.1485;4378.19;6.10215;0;0;0.1;0.01;0;5.92371;0;0;-1
0;609;22.3819;-47.3531;4.38111;8.61569;2678.91;5.18049;0;0;0.1;0.01;0;4.58321;0;0;-1
0;610;21.7429;-31.0855;1.47551;8.5;2572.44;5.11093;0;0;0.1;0.01;0;5.7899;1;0;-1
0;611;21.429;-14.7075;1.49907;8.5;2572.44;5.11093;0;0;0.1;0.01;0;5.46773;1;0;-1
0;612;23.2045;4.3375;1.19517;9.49255;3582.92;5.70773;0;0;0.1;0.01;0;5.4477;0;0;-1
0;613;23.3896;20.8337;4.67302;9.56391;3664.33;5.75064;0;0;0.1;0.01;0;6.83877;0;0;-1
0;614;21.9801;37.2933;4.95982;8.5;2572.44;5.11093;0;0;0.1;0.01;0;5.6599;1;0;-1
0;615;22.774;51.4217;3.7226;9.88732;4048.78;5.9451;0;0;0.1;0.01;0;6.64402;0;0;-1
0;616;21.1364;67.7534;1.65531;9.16445;3224.09;5.51045;0;0;0.1;0.01;0;5.95833;0;0;-1
0;617;21.4022;89.4938;1.13725;10.1186;4339.6;6.08417;0;0;0.1;0.01;0;4.04444;0;0;-1
0;618;38.0397;-75.9278;1.65904;9.44408;3528.32;5.67859;0;0;0.1;0.01;0;6.03204;0;0;-1
0;619;38.5543;-59.6048;4.02592;8.64248;2703.98;5.1966;0;0;0.1;0.01;0;5.22633;0;0;-1
0;620;34.9015;-40.1469;3.41334;8.9796;3032.91;5.3993;0;0;0.1;0.01;0;5.4497;0;0;-1
0;621;35.0439;-25.7247;1.19894;9.54414;3641.66;5.73875;0;0;0.1;0.01;0;6.10572;0;0;-1
0;622;38.0195;-8.85217;4.48126;9.35846;3433.22;5.62711;0;0;0.1;0.01;0;6.01255;0;0;-1
0;623;37.235;9.08701;1.4526;9.51894;3612.89;5.7236;0;0;0.1;0.01;0;5.74713;0;0;-1
0;624;36.6637;27.2497;2.87497;9.98295;4167.4;6.0026;0;0;0.1;0.01;0;6.51313;0;0;-1
0;625;35.9268;44.5367;1.21328;10.3932;4702.58;6.24928;0;0;0.1;0.01;0;6.87906;0;0;-1
0;626;36.102;62.7064;3.83208;10.293;4567.88;6.18903;0;0;0.1;0.01;0;7.82545;0;0;-1
0;627;37.6622;80.0018;2.52394;10.395;4705.03;6.25036;0;0;0.1;0.01;0;5.13901;0;0;-1
0;628;50.8404;-83.5318;2.9008;8.5;2572.44;5.11093;0;0;0.1;0.01;0;2.98894;1;0;-1
0;629;52.1841;-64.6127;4.04525;9.83279;3982.16;5.91231;0;0;0.1;0.01;0;5.58522;0;0;-1
0;630;50.3205;-48.4683;3.26123;10.1367;4362.93;6.09505;0;0;0.1;0.01;0;6.36228;0;0;-1
0;631;53.4041;-33.6496;4.79302;8.5;2572.44;5.11093;0;0;0.1;0.01;0;5.8111;1;0;-1
0;632;51.3809;-15.8297;2.99113;8.60239;2666.53;5.17249;0;0;0.1;0.01;0;5.11639;0;0;-1
0;633;52.1593;1.13686;2.46869;8.51441;2585.55;5.11959;0;0;0.1;0.01;0;5.43371;0;0;-1
0;634;52.3759;17.0448;1.66458;9.47502;3563.11;5.69719;0;0;0.1;0.01;0;7.31167;0;0;-1
0;635;50.184;34.3913;2.7357;9.80689;3950.78;5.89674;0;0;0.1;0.01;0;6.23177;0;0;-1
0;636;51.3788;54.6301;4.70388;8.5;2572.44;5.11093;0;0;0.1;0.01;0;5.01828;1;0;-1
0;637;50.0087;67.7087;3.25901;9.09874;3155.24;5.47094;0;0;0.1;0.01;0;4.70026;0;0;-1
0;638;68.0582;-56.0615;4.68838;9.91865;4087.39;5.96394;0;0;0.1;0.01;0;4.38834;0;0;-1
0;639;67.5946;-39.0435;2.4045;9.67029;3787.97;5.81461;0;0;0.1;0.01;0;7.09005;0;0;-1
0;640;64.7324;-24.1607;3.89938;8.59961;2663.94;5.17082;0;0;0.1;0.01;0;5.67774;0;0;-1
0;641;67.8252;-6.65805;4.42885;8.5;2572.44;5.11093;0;0;0.1;0.01;0;4.86663;1;0;-1
0;642;65.6294;12.2022;3.83884;10.2544;4516.68;6.16582;0;0;0.1;0.01;0;6.72026;0;0;-1
0;643;65.4858;25.9296;3.94288;8.5;2572.44;5.11093;0;0;0.1;0.01;0;6.09748;1;0;-1
0;644;66.9159;44.312;4.363;9.40417;3483.77;5.65459;0;0;0.1;0.01;0;5.69826;0;0;-1
0;645;67.4221;60.1801;4.32361;9.78995;3930.34;5.88655;0;0;0.1;0.01;0;4.46635;0;0;-1
0;646;82.329;-47.3949;5.10561;9.16647;3226.23;5.51167;0;0;0.1;0.01;0;3.67525;0;0;-1
0;647;82.17;-33.1098;3.18263;10.4059;4719.84;6.25692;0;0;0.1;0.01;0;5.82342;0;0;-1
0;648;81.3984;-15.7973;3.84096;9.58771;3691.76;5.76495;0;0;0.1;0.01;0;6.48969;0;0;-1
0;649;79.7766;0.0573264;1.876;9.17655;3236.88;5.51773;0;0;0.1;0.01;0;5.72942;0;0;-1
0;650;80.9756;18.2552;2.44606;9.17519;3235.44;5.51691;0;0;0.1;0.01;0;6.64409;0;0;-1
0;651;82.5382;36.1044;4.09323;10.3563;4652.67;6.22709;0;0;0.1;0.01;0;5.55367;0;0;-1
0;652;82.8017;55.3001;4.89256;9.98006;4163.78;6.00087;0;0;0.1;0.01;0;2.84916;0;0;-1
0;653;95.8361;-23.3871;2.0993;10.372;4673.86;6.23653;0;0;0.1;0.01;0;3.62834;0;0;-1
0;654;96.3564;-7.56306;4.22406;9.30892;3378.99;5.59732;0;0;0.1;0.01;0;3.40724;0;0;-1
0;655;94.5238;12.1143;1.93407;9.59168;3696.35;5.76734;0;0;0.1;0.01;0;4.21469;0;0;-1
0;656;94.3102;26.6294;4.47827;10.0281;4224.2;6.02975;0;0;0.1;0.01;0;4.46585;0;0;-1
0;657;-86.8337;-40.7503;19.2015;10.0139;4206.28;6.02121;0;0;0.1;0.01;0;3.22273;0;0;-1
0;658;-85.0799;-21.177;18.5566;9.39531;3473.94;5.64926;0;0;0.1;0.01;0;3.28197;0;0;-1
0;659;-84.8785;-4.98882;19.2708;9.9256;4095.99;5.96812;0;0;0.1;0.01;0;4.60267;0;0;-1
0;660;-86.645;10.4799;17.1928;9.41782;3498.97;5.6628;0;0;0.1;0.01;0;4.7156;0;0;-1
0;661;-85.7263;27.1078;18.3095;8.5;2572.44;5.11093;0;0;0.1;0.01;0;3.21706;1;0;-1
0;662;-84.2577;45.3301;18.9232;8.68184;2741.09;5.22026;0;0;0.1;0.01;0;2.72737;0;0;-1
0;663;-72.1107;-63.6404;19.8411;9.46219;3548.65;5.68948;0;0;0.1;0.01;0;3.35517;0;0;-1
0;664;-70.8099;-48.5606;16.6722;9.04696;3101.68;5.43981;0;0;0.1;0.01;0;6.11205;0;0;-1
0;665;-68.9854;-33.8726;19.1859;8.5;2572.44;5.11093;0;0;0.1;0.01;0;5.46757;1;0;-1
0;666;-71.9586;-13.1841;19.0201;9.90376;4069.01;5.95499;0;0;0.1;0.01;0;7.23339;0;0;-1
0;667;-69.3889;2.17129;19.707;9.7357;3865.36;5.85394;0;0;0.1;0.01;0;6.93203;0;0;-1
0;668;-70.2513;18.6437;19.2986;9.64972;3763.85;5.80224;0;0;0.1;0.01;0;5.80123;0;0;-1
0;669;-70.2939;34.2588;16.7458;8.77909;2834.24;5.27874;0;0;0.1;0.01;0;4.32204;0;0;-1
0;670;-70.2507;52.8867;16.2665;8.5;2572.44;5.11093;0;0;0.1;0.01;0;3.91527;1;0;-1
0;671;-58.021;-74.949;17.1191;10.065;4271;6.05194;0;0;0.1;0.01;0;4.51451;0;0;-1
0;672;-57.4983;-58.6537;18.6999;9.47117;3558.77;5.69488;0;0;0.1;0.01;0;6.43818;0;0;-1
0;673;-56.2024;-39.5373;17.4593;10.2399;4497.55;6.1571;0;0;0.1;0.01;0;7.40292;0;0;-1
0;674;-57.0855;-23.2707;16.9157;8.9323;2985.23;5.37086;0;0;0.1;0.01;0;5.73298;0;0;-1
0;675;-55.184;-6.46516;16.0505;9.97374;4155.88;5.99707;0;0;0.1;0.01;0;6.24421;0;0;-1
0;676;-57.1302;8.61261;17.4107;8.70387;2762.01;5.23351;0;0;0.1;0.01;0;5.38452;0;0;-1
0;677;-55.3805;26.7725;16.7909;9.65507;3770.12;5.80545;0;0;0.1;0.01;0;5.70909;0;0;-1
0;678;-54.9736;46.9012;18.9441;8.5;2572.44;5.11093;0;0;0.1;0.01;0;4.3536;1;0;-1
0;679;-53.9879;61.9338;18.2853;8.67427;2733.93;5.21571;0;0;0.1;0.01;0;3.80824;0;0;-1
0;680;-53.7949;78.0498;19.6575;9.60026;3706.27;5.7725;0;0;0.1;0.01;0;2.63881;0;0;-1
0;681;-41.6976;-84.6166;16.8479;9.64536;3758.75;5.79962;0;0;0.1;0.01;0;4.32779;0;0;-1
0;682;-40.6313;-67.4692;17.7318;8.98447;3037.85;5.40223;0;0;0.1;0.01;0;5.51334;0;0;-1
0;683;-40.4689;-47.7797;16.7366;9.09298;3149.25;5.46748;0;0;0.1;0.01;0;5.26092;0;0;-1
0;684;-42.5303;-33.0314;18.1931;9.56256;3662.78;5.74983;0;0;0.1;0.01;0;6.35386;0;0;-1
0;685;-42.1579;-13.7522;16.49;8.5;2572.44;5.11093;0;0;0.1;0.01;0;4.9148;1;0;-1
0;686;-39.9922;2.28269;17.7215;8.8338;2887.56;5.31164;0;0;0.1;0.01;0;5.08374;0;0;-1
0;687;-42.2101;18.6817;18.463;8.81873;2872.81;5.30257;0;0;0.1;0.01;0;5.43373;0;0;-1
0;688;-41.163;33.7372;18.2758;8.97255;3025.77;5.39506;0;0;0.1;0.01;0;5.19031;0;0;-1
0;689;-39.7075;53.2127;18.5414;8.97931;3032.62;5.39913;0;0;0.1;0.01;0;4.73846;0;0;-1
0;690;-39.5855;71.4843;16.3999;10.2106;4459.05;6.13949;0;0;0.1;0.01;0;5.90369;0;0;-1
0;691;-41.596;87.7439;18.5449;8.98874;3042.18;5.4048;0;0;0.1;0.01;0;2.93074;0;0;-1
0;692;-27.7614;-93.4557;16.8242;10.4523;4783.26;6.28482;0;0;0.1;0.01;0;3.97872;0;0;-1
0;693;-27.506;-72.8543;18.4989;9.83112;3980.13;5.91131;0;0;0.1;0.01;0;6.16536;0;0;-1
0;694;-25.3716;-56.7096;16.2779;8.5;2572.44;5.11093;0;0;0.1;0.01;0;4.44961;1;0;-1
0;695;-24.4994;-40.3791;17.8415;8.88227;2935.35;5.34078;0;0;0.1;0.01;0;5.48647;0;0;-1
0;696;-28.3603;-24.7223;16.3209;9.59361;3698.58;5.7685;0;0;0.1;0.01;0;6.0472;0;0;-1
0;697;-28.3798;-7.18508;16.0117;9.33032;3402.34;5.61019;0;0;0.1;0.01;0;5.2914;0;0;-1
0;698;-26.9614;10.6796;16.4894;9.60486;3711.6;5.77526;0;0;0.1;0.01;0;6.09182;0;0;-1
0;699;-27.4493;28.0474;17.3637;9.05772;3112.76;5.44628;0;0;0.1;0.01;0;5.12844;0;0;-1
0;700;-25.4576;45.9298;17.6335;9.58543;3689.13;5.76358;0;0;0.1;0.01;0;5.76689;0;0;-1
0;701;-28.1545;62.054;16.4053;9.01678;3070.74;5.42166;0;0;0.1;0.01;0;5.90534;0;0;-1
0;702;-27.4121;80.4131;16.3173;10.1887;4430.42;6.12632;0;0;0.1;0.01;0;5.89043;0;0;-1
0;703;-13.2888;-83.6087;17.6376;9.77088;3907.42;5.87509;0;0;0.1;0.01;0;5.45584;0;0;-1
0;704;-13.7319;-65.6455;17.022;8.5;2572.44;5.11093;0;0;0.1;0.01;0;4.20934;1;0;-1
0;705;-11.1831;-47.5318;16.2684;9.7905;3931;5.88689;0;0;0.1;0.01;0;5.45021;0;0;-1
0;706;-12.3571;-30.7838;19.3442;8.63701;2698.85;5.19331;0;0;0.1;0.01;0;5.76262;0;0;-1
0;707;-11.5472;-16.1889;17.4761;9.71429;3839.92;5.84106;0;0;0.1;0.01;0;6.34117;0;0;-1
0;708;-13.6693;1.66348;17.1228;10.0878;4300.09;6.06565;0;0;0.1;0.01;0;7.02307;0;0;-1
0;709;-13.1794;20.7896;16.6142;10.0841;4295.36;6.06342;0;0;0.1;0.01;0;6.26972;0;0;-1
0;710;-10.9543;37.3188;17.2891;8.97727;3030.55;5.3979;0;0;0.1;0.01;0;5.49502;0;0;-1
0;711;-10.021;52.3585;18.2979;10.1287;4352.61;6.09024;0;0;0.1;0.01;0;6.64277;0;0;-1
0;712;-11.6684;68.4261;18.3723;8.59754;2662.02;5.16958;0;0;0.1;0.01;0;5.20816;0;0;-1
0;713;-11.0527;85.2605;18.6735;8.5;2572.44;5.11093;0;0;0.1;0.01;0;3.73734;1;0;-1
0;714;1.68377;-91.9834;17.4346;10.248;4508.23;6.16197;0;0;0.1;0.01;0;3.90834;0;0;-1
0;715;4.58537;-72.2707;15.9781;8.68782;2746.76;5.22386;0;0;0.1;0.01;0;5.15272;0;0;-1
0;716;2.81795;-56.9727;17.3323;8.5;2572.44;5.11093;0;0;0.1;0.01;0;5.54494;1;0;-1
0;717;2.96193;-39.8532;16.6702;9.887;4048.39;5.94491;0;0;0.1;0.01;0;6.58459;0;0;-1
0;718;2.38565;-24.4682;16.4633;8.82136;2875.38;5.30416;0;0;0.1;0.01;0;5.6349;0;0;-1
0;719;4.97398;-8.3763;17.1119;8.57217;2638.52;5.15432;0;0;0.1;0.01;0;4.74377;0;0;-1
0;720;4.17182;9.65256;16.3849;9.89258;4055.25;5.94826;0;0;0.1;0.01;0;4.89213;0;0;-1
0;721;2.15907;28.5073;16.6413;9.95865;4137.04;5.98799;0;0;0.1;0.01;0;6.248;0;0;-1
0;722;2.53402;46.1865;15.6151;8.5982;2662.63;5.16997;0;0;0.1;0.01;0;5.80317;0;0;-1
0;723;2.66293;63.4031;15.8892;10.4039;4717.12;6.25571;0;0;0.1;0.01;0;6.71192;0;0;-1
0;724;0.996087;77.9654;15.9345;8.66392;2724.16;5.20949;0;0;0.1;0.01;0;5.68524;0;0;-1
0;725;4.69839;93.0897;17.7758;8.70908;2766.98;5.23664;0;0;0.1;0.01;0;2.89465;0;0;-1
0;726;17.7784;-82.3801;17.1053;10.0453;4245.97;6.04009;0;0;0.1;0.01;0;5.13238;0;0;-1
0;727;15.796;-64.413;16.3781;8.5;2572.44;5.11093;0;0;0.1;0.01;0;4.94386;1;0;-1
0;728;16.0227;-50.0851;18.3063;9.61978;3728.93;5.78423;0;0;0.1;0.01;0;5.55227;0;0;-1
0;729;18.9317;-33.982;18.1059;8.5;2572.44;5.11093;0;0;0.1;0.01;0;4.31373;1;0;-1
0;730;18.3563;-17.0119;17.3435;9.30503;3374.75;5.59498;0;0;0.1;0.01;0;5.77527;0;0;-1
0;731;17.4626;2.71798;18.4887;8.54447;2613.03;5.13767;0;0;0.1;0.01;0;4.7393;0;0;-1
0;732;16.5806;21.1404;16.2199;9.14026;3198.63;5.49591;0;0;0.1;0.01;0;6.277;0;0;-1
0;733;16.5169;37.07;17.446;8.88866;2941.69;5.34462;0;0;0.1;0.01;0;5.88867;0;0;-1
0;734;19.6612;52.9284;17.6947;8.85858;2911.93;5.32654;0;0;0.1;0.01;0;5.16752;0;0;-1
0;735;16.4136;69.7792;17.3878;8.51644;2587.4;5.12081;0;0;0.1;0.01;0;5.15569;0;0;-1
0;736;17.9135;85.6742;16.453;9.17315;3233.29;5.51568;0;0;0.1;0.01;0;3.56854;0;0;-1
0;737;33.1745;-92.4842;15.9349;9.05955;3114.64;5.44738;0;0;0.1;0.01;0;1.69053;0;0;-1
0;738;33.7879;-73.7663;16.102;9.51316;3606.31;5.72013;0;0;0.1;0.01;0;5.47799;0;0;-1
0;739;33.1779;-55.2433;18.015;9.15668;3215.9;5.50578;0;0;0.1;0.01;0;4.54104;0;0;-1
0;740;33.6547;-39.027;18.0725;8.5;2572.44;5.11093;0;0;0.1;0.01;0;5.32944;1;0;-1
0;741;31.4389;-24.4859;16.3392;9.37929;3456.2;5.63963;0;0;0.1;0.01;0;6.4829;0;0;-1
0;742;30.7092;-8.06018;18.5957;9.30862;3378.66;5.59714;0;0;0.1;0.01;0;5.49809;0;0;-1
0;743;30.5306;11.5682;17.0191;8.87722;2930.35;5.33774;0;0;0.1;0.01;0;5.13343;0;0;-1
0;744;32.0951;26.8702;16.7682;8.78131;2836.39;5.28007;0;0;0.1;0.01;0;5.40265;0;0;-1
0;745;33.2193;45.7722;16.5237;8.5;2572.44;5.11093;0;0;0.1;0.01;0;5.28807;1;0;-1
0;746;30.4918;63.436;19.4776;9.08213;3137.99;5.46095;0;0;0.1;0.01;0;6.81568;0;0;-1
0;747;30.649;77.8152;17.8466;9.25776;3323.58;5.56656;0;0;0.1;0.01;0;5.18393;0;0;-1
0;748;45.3087;-81.2487;16.0862;9.99665;4184.58;6.01084;0;0;0.1;0.01;0;4.70973;0;0;-1
0;749;48.9041;-67.6382;17.0073;8.61752;2680.62;5.18159;0;0;0.1;0.01;0;5.08336;0;0;-1
0;750;47.51;-48.1672;18.5899;8.5;2572.44;5.11093;0;0;0.1;0.01;0;4.6039;1;0;-1
0;751;46.7592;-31.8971;16.6156;9.52674;3621.78;5.72829;0;0;0.1;0.01;0;6.82986;0;0;-1
0;752;46.3586;-15.3165;17.5049;9.96599;4146.2;5.99241;0;0;0.1;0.01;0;6.40192;0;0;-1
0;753;46.2068;4.39526;19.4807;9.61473;3723.06;5.7812;0;0;0.1;0.01;0;5.43034;0;0;-1
0;754;48.7893;20.4702;17.3373;9.77667;3914.37;5.87857;0;0;0.1;0.01;0;6.229;0;0;-1
0;755;46.8595;34.8811;18.9828;8.5;2572.44;5.11093;0;0;0.1;0.01;0;5.23538;1;0;-1
0;756;45.0854;54.0917;16.5899;10.1386;4365.39;6.09619;0;0;0.1;0.01;0;6.57596;0;0;-1
0;757;46.9784;68.9777;17.777;8.7934;2848.13;5.28734;0;0;0.1;0.01;0;5.04415;0;0;-1
0;758;45.9434;86.0484;19.6698;8.5;2572.44;5.11093;0;0;0.1;0.01;0;1.28182;1;0;-1
0;759;61.2195;-75.4452;17.489;9.74749;3879.42;5.86102;0;0;0.1;0.01;0;2.82233;0;0;-1
0;760;62.3069;-57.9493;18.1628;8.5;2572.44;5.11093;0;0;0.1;0.01;0;4.94857;1;0;-1
0;761;62.5612;-38.7139;16.702;10.097;4311.87;6.07118;0;0;0.1;0.01;0;7.49629;0;0;-1
0;762;60.4196;-24.2793;16.5134;9.90118;4065.83;5.95344;0;0;0.1;0.01;0;7.54556;0;0;-1
0;763;60.374;-7.40426;16.7533;8.93108;2984.01;5.37013;0;0;0.1;0.01;0;4.81073;0;0;-1
0;764;62.4562;10.603;16.9676;9.45392;3539.36;5.6845;0;0;0.1;0.01;0;5.77954;0;0;-1
0;765;61.6872;28.535;16.4789;10.2254;4478.47;6.14838;0;0;0.1;0.01;0;7.2231;0;0;-1
0;766;61.8659;45.2079;19.0371;8.67367;2733.36;5.21535;0;0;0.1;0.01;0;6.08046;0;0;-1
0;767;62.291;63.6363;19.0457;10.0225;4217.13;6.02638;0;0;0.1;0.01;0;4.83332;0;0;-1
0;768;75.9048;-50.2073;19.5095;8.70096;2759.24;5.23176;0;0;0.1;0.01;0;3.01441;0;0;-1
0;769;76.0462;-33.4768;18.3452;10.0886;4301.12;6.06613;0;0;0.1;0.01;0;6.13429;0;0;-1
0;770;77.6209;-16.955;16.7444;8.5;2572.44;5.11093;0;0;0.1;0.01;0;4.96248;1;0;-1
0;771;74.8838;0.853252;19.4114;8.71841;2775.88;5.24225;0;0;0.1;0.01;0;4.44428;0;0;-1
0;772;76.489;20.1081;16.1841;9.82373;3971.16;5.90687;0;0;0.1;0.01;0;6.53742;0;0;-1
0;773;74.82;37.9193;19.0705;10.3722;4674.14;6.23665;0;0;0.1;0.01;0;6.73589;0;0;-1
0;774;76.5233;52.4216;18.7546;8.77615;2831.4;5.27697;0;0;0.1;0.01;0;4.58158;0;0;-1
0;775;91.5285;-22.0677;18.6422;9.7875;3927.39;5.88508;0;0;0.1;0.01;0;4.34515;0;0;-1
0;776;92.7505;-7.35754;19.9372;8.5;2572.44;5.11093;0;0;0.1;0.01;0;2.61865;1;0;-1
0;777;91.6998;9.32544;16.2182;9.05672;3111.73;5.44567;0;0;0.1;0.01;0;2.52651;0;0;-1
0;778;89.468;26.8434;17.3905;9.35384;3428.14;5.62433;0;0;0.1;0.01;0;4.07914;0;0;-1
0;779;-93.5869;2.41226;34.565;8.55786;2625.33;5.14572;0;0;0.1;0.01;0;2.8449;0;0;-1
0;780;-82.0389;-39.7115;31.6349;9.85962;4014.85;5.92845;0;0;0.1;0.01;0;3.15475;0;0;-1
0;781;-79.6845;-25.0882;32.4564;9.32437;3395.84;5.60661;0;0;0.1;0.01;0;4.25214;0;0;-1
0;782;-78.9997;-6.09073;34.0291;9.22038;3283.49;5.54408;0;0;0.1;0.01;0;5.97724;0;0;-1
0;783;-80.1757;10.0435;31.8129;8.73128;2788.19;5.24999;0;0;0.1;0.01;0;4.8957;0;0;-1
0;784;-82.7045;25.8728;30.9234;9.40262;3482.05;5.65366;0;0;0.1;0.01;0;2.74856;0;0;-1
0;785;-79.9036;46.0317;31.3481;8.54151;2610.31;5.13589;0;0;0.1;0.01;0;2.20375;0;0;-1
0;786;-65.9588;-66.8893;33.9519;9.46889;3556.2;5.69351;0;0;0.1;0.01;0;3.4189;0;0;-1
0;787;-66.6286;-47.675;32.2385;9.70994;3834.76;5.83845;0;0;0.1;0.01;0;4.79078;0;0;-1
0;788;-64.3042;-30.7704;34.2083;9.95636;4134.19;5.98661;0;0;0.1;0.01;0;6.55654;0;0;-1
0;789;-66.7734;-15.5659;31.0182;8.5;2572.44;5.11093;0;0;0.1;0.01;0;5.95198;1;0;-1
0;790;-65.6109;0.017542;34.1249;8.9441;2997.08;5.37796;0;0;0.1;0.01;0;5.98573;0;0;-1
0;791;-66.5544;18.1323;33.8926;8.5;2572.44;5.11093;0;0;0.1;0.01;0;4.43088;1;0;-1
0;792;-64.4082;35.1694;31.6602;8.58667;2651.94;5.16304;0;0;0.1;0.01;0;4.16602;0;0;-1
0;793;-66.8385;53.0598;33.2004;9.91933;4088.23;5.96435;0;0;0.1;0.01;0;3.57414;0;0;-1
0;794;-53.1854;-73.3241;30.6187;10.1149;4334.84;6.08194;0;0;0.1;0.01;0;4.85275;0;0;-1
0;795;-50.1853;-58.7151;30.9854;9.48167;3570.62;5.70119;0;0;0.1;0.01;0;6.02612;0;0;-1
0;796;-49.8376;-38.4035;31.6503;9.72083;3847.68;5.84499;0;0;0.1;0.01;0;6.12811;0;0;-1
0;797;-52.8044;-21.2961;31.1204;8.5;2572.44;5.11093;0;0;0.1;0.01;0;4.91496;1;0;-1
0;798;-52.706;-7.28816;34.1937;9.66627;3783.25;5.81219;0;0;0.1;0.01;0;4.47709;0;0;-1
0;799;-51.6725;11.8718;31.7813;8.5;2572.44;5.11093;0;0;0.1;0.01;0;4.1615;1;0;-1
0;800;-50.7152;29.4033;32.603;8.5;2572.44;5.11093;0;0;0.1;0.01;0;5.23826;1;0;-1
0;801;-52.7798;43.3414;33.1246;8.5;2572.44;5.11093;0;0;0.1;0.01;0;5.23982;1;0;-1
0;802;-51.6441;60.067;33.9741;8.5;2572.44;5.11093;0;0;0.1;0.01;0;4.23882;1;0;-1
0;803;-35.6433;-85.3958;34.2823;10.1766;4414.65;6.11904;0;0;0.1;0.01;0;3.63651;0;0;-1
0;804;-38.0017;-66.3769;31.2857;8.5;2572.44;5.11093;0;0;0.1;0.01;0;4.55963;1;0;-1
0;805;-37.9454;-47.2936;33.1262;9.74583;3877.44;5.86003;0;0;0.1;0.01;0;5.96571;0;0;-1
0;806;-34.4735;-33.0319;33.0299;10.2533;4515.23;6.16516;0;0;0.1;0.01;0;6.52095;0;0;-1
0;807;-35.1759;-16.2792;32.7112;8.8572;2910.57;5.32571;0;0;0.1;0.01;0;4.1302;0;0;-1
0;808;-35.3375;2.98058;32.2989;8.80953;2863.83;5.29704;0;0;0.1;0.01;0;4.53347;0;0;-1
0;809;-38.308;17.6727;32.7568;8.96634;3019.49;5.39133;0;0;0.1;0.01;0;4.90071;0;0;-1
0;810;-36.9769;37.9446;31.6607;9.65063;3764.92;5.80278;0;0;0.1;0.01;0;6.0834;0;0;-1
0;811;-36.8444;52.4713;32.4171;8.9865;3039.91;5.40345;0;0;0.1;0.01;0;5.22331;0;0;-1
0;812;-37.9074;69.1968;32.1186;8.5;2572.44;5.11093;0;0;0.1;0.01;0;3.35619;1;0;-1
0;813;-20.9656;-91.0258;34.0227;9.86408;4020.3;5.93113;0;0;0.1;0.01;0;3.76501;0;0;-1
0;814;-22.9235;-74.3005;32.2358;8.5;2572.44;5.11093;0;0;0.1;0.01;0;5.11897;1;0;-1
0;815;-22.8374;-57.0525;34.4191;8.61747;2680.57;5.18156;0;0;0.1;0.01;0;4.58596;0;0;-1
0;816;-21.8576;-42.744;31.8903;8.61331;2676.69;5.17906;0;0;0.1;0.01;0;5.68022;0;0;-1
0;817;-20.4357;-21.6647;31.3812;8.5;2572.44;5.11093;0;0;0.1;0.01;0;3.95988;1;0;-1
0;818;-20.9579;-4.75703;34.0484;9.37895;3455.82;5.63943;0;0;0.1;0.01;0;5.89951;0;0;-1
0;819;-21.7872;11.1933;31.6495;8.93559;2988.53;5.37284;0;0;0.1;0.01;0;5.8774;0;0;-1
0;820;-22.9962;29.3696;33.782;9.49202;3582.32;5.70741;0;0;0.1;0.01;0;5.55536;0;0;-1
0;821;-20.7384;44.2956;33.8169;9.19925;3260.96;5.53138;0;0;0.1;0.01;0;6.29511;0;0;-1
0;822;-20.4349;59.6979;30.9794;8.65751;2718.11;5.20564;0;0;0.1;0.01;0;5.1206;0;0;-1
0;823;-21.7696;76.7152;32.6725;10.0526;4255.24;6.04448;0;0;0.1;0.01;0;4.73882;0;0;-1
0;824;-6.82003;-81.4829;33.0098;10.2345;4490.44;6.15386;0;0;0.1;0.01;0;5.73492;0;0;-1
0;825;-7.57973;-65.848;32.0426;9.11861;3175.96;5.48289;0;0;0.1;0.01;0;4.85139;0;0;-1
0;826;-8.80707;-46.9417;30.7935;9.1191;3176.47;5.48318;0;0;0.1;0.01;0;5.15152;0;0;-1
0;827;-5.46229;-32.6271;31.1777;8.5;2572.44;5.11093;0;0;0.1;0.01;0;4.74155;1;0;-1
0;828;-8.84288;-13.1778;31.5906;10.4144;4731.42;6.26203;0;0;0.1;0.01;0;6.59198;0;0;-1
0;829;-7.46568;3.47671;31.9501;9.30981;3379.96;5.59785;0;0;0.1;0.01;0;6.08548;0;0;-1
0;830;-6.8547;20.9994;33.6352;10.0649;4270.88;6.05188;0;0;0.1;0.01;0;5.67591;0;0;-1
0;831;-7.47906;37.798;34.0832;9.13604;3194.2;5.49337;0;0;0.1;0.01;0;6.14357;0;0;-1
0;832;-5.85299;51.7227;33.6902;8.5;2572.44;5.11093;0;0;0.1;0.01;0;5.49212;1;0;-1
0;833;-7.20238;69.7822;32.4003;8.73803;2794.66;5.25405;0;0;0.1;0.01;0;4.34948;0;0;-1
0;834;-6.78066;88.6487;31.1288;8.56897;2635.57;5.1524;0;0;0.1;0.01;0;2.16924;0;0;-1
0;835;8.25015;-89.4369;34.6597;8.757;2812.9;5.26546;0;0;0.1;0.01;0;3.18272;0;0;-1
0;836;7.70529;-74.474;32.4964;10.4534;4784.77;6.28548;0;0;0.1;0.01;0;7.03294;0;0;-1
0;837;6.34018;-58.9449;31.8183;8.79873;2853.31;5.29055;0;0;0.1;0.01;0;5.10232;0;0;-1
0;838;8.48982;-42.9161;33.2034;10.0561;4259.68;6.04659;0;0;0.1;0.01;0;6.75104;0;0;-1
0;839;6.86446;-23.8816;32.7568;8.90408;2957.03;5.35389;0;0;0.1;0.01;0;4.87975;0;0;-1
0;840;7.20982;-6.04684;33.7204;9.87605;4034.95;5.93833;0;0;0.1;0.01;0;6.05153;0;0;-1
0;841;5.64929;8.79266;34.3805;9.10205;3158.68;5.47293;0;0;0.1;0.01;0;4.74153;0;0;-1
0;842;8.33948;27.8191;31.047;9.25309;3318.55;5.56375;0;0;0.1;0.01;0;5.15929;0;0;-1
0;843;6.79102;42.8936;30.591;10.1876;4428.99;6.12566;0;0;0.1;0.01;0;6.42122;0;0;-1
0;844;8.63618;61.5717;30.9038;8.68436;2743.48;5.22178;0;0;0.1;0.01;0;4.75693;0;0;-1
0;845;9.12321;78.9349;31.9025;9.46328;3549.88;5.69013;0;0;0.1;0.01;0;4.70545;0;0;-1
0;846;23.143;-82.665;33.8554;9.93443;4106.93;5.97343;0;0;0.1;0.01;0;4.76692;0;0;-1
0;847;22.6473;-67.9663;33.0038;9.85623;4010.71;5.92641;0;0;0.1;0.01;0;5.40257;0;0;-1
0;848;23.8694;-47.7349;33.3911;8.90151;2954.47;5.35235;0;0;0.1;0.01;0;5.89541;0;0;-1
0;849;21.1361;-32.2891;32.4683;10.1635;4397.63;6.11117;0;0;0.1;0.01;0;7.03904;0;0;-1
0;850;22.1157;-14.0064;32.2156;10.1553;4386.99;6.10623;0;0;0.1;0.01;0;6.79688;0;0;-1
0;851;22.3379;0.478772;30.938;8.92445;2977.37;5.36614;0;0;0.1;0.01;0;5.12779;0;0;-1
0;852;23.0062;19.3338;30.4827;9.06881;3124.2;5.45294;0;0;0.1;0.01;0;4.82381;0;0;-1
0;853;22.1081;37.5559;33.9841;9.3486;3422.38;5.62118;0;0;0.1;0.01;0;5.73732;0;0;-1
0;854;23.7952;51.3868;32.5731;9.90615;4071.96;5.95642;0;0;0.1;0.01;0;6.8131;0;0;-1
0;855;22.3271;68.7542;30.999;8.75237;2808.44;5.26267;0;0;0.1;0.01;0;5.90256;0;0;-1
0;856;20.8553;89.3905;34.2251;9.34689;3420.5;5.62015;0;0;0.1;0.01;0;1.60238;0;0;-1
0;857;35.7848;-74.7226;32.7962;8.5;2572.44;5.11093;0;0;0.1;0.01;0;3.42618;1;0;-1
0;858;37.1877;-55.0865;32.8416;9.55435;3653.36;5.74489;0;0;0.1;0.01;0;5.76249;0;0;-1
0;859;35.5762;-38.4173;30.8908;8.5;2572.44;5.11093;0;0;0.1;0.01;0;5.30987;1;0;-1
0;860;37.4966;-21.9802;32.1829;8.5;2572.44;5.11093;0;0;0.1;0.01;0;4.75563;1;0;-1
0;861;35.9003;-4.81439;33.2104;9.17157;3231.62;5.51473;0;0;0.1;0.01;0;5.72623;0;0;-1
0;862;38.7405;9.35164;32.4867;8.59517;2659.82;5.16815;0;0;0.1;0.01;0;4.91421;0;0;-1
0;863;38.1034;25.5608;33.0009;9.81869;3965.06;5.90384;0;0;0.1;0.01;0;5.59302;0;0;-1
0;864;38.3507;43.1658;33.0949;9.76301;3897.98;5.87036;0;0;0.1;0.01;0;6.02013;0;0;-1
0;865;35.3792;61.8607;33.7061;9.76121;3895.83;5.86927;0;0;0.1;0.01;0;6.62598;0;0;-1
0;866;36.8589;77.2509;32.1592;10.0224;4217;6.02632;0;0;0.1;0.01;0;5.23608;0;0;-1
0;867;52.8292;-64.6648;31.9363;9.06145;3116.6;5.44852;0;0;0.1;0.01;0;3.9733;0;0;-1
0;868;53.1644;-49.3364;32.1285;9.43641;3519.73;5.67398;0;0;0.1;0.01;0;5.65646;0;0;-1
0;869;52.0705;-33.387;32.4063;9.52844;3623.71;5.72931;0;0;0.1;0.01;0;6.14061;0;0;-1
0;870;51.546;-17.3191;31.5959;9.93219;4104.15;5.97208;0;0;0.1;0.01;0;6.32108;0;0;-1
0;871;53.212;0.914558;33.8731;10.0205;4214.6;6.02518;0;0;0.1;0.01;0;6.8675;0;0;-1
0;872;52.4631;17.8207;33.3863;8.9672;3020.36;5.39185;0;0;0.1;0.01;0;6.01673;0;0;-1
0;873;53.4746;38.1447;32.2379;8.9671;3020.26;5.39179;0;0;0.1;0.01;0;6.03717;0;0;-1
0;874;53.2637;53.1793;33.3241;9.60563;3712.5;5.77573;0;0;0.1;0.01;0;6.96907;0;0;-1
0;875;51.4239;68.3321;32.4199;9.14929;3208.12;5.50134;0;0;0.1;0.01;0;4.86779;0;0;-1
0;876;67.2558;-58.0711;32.4313;8.83388;2887.64;5.31168;0;0;0.1;0.01;0;3.29285;0;0;-1
0;877;67.6961;-38.6029;31.552;9.31078;3381.01;5.59844;0;0;0.1;0.01;0;5.34616;0;0;-1
0;878;66.3884;-21.8146;31.9664;9.12977;3187.63;5.4896;0;0;0.1;0.01;0;5.27164;0;0;-1
0;879;66.9401;-4.77057;32.6286;9.85842;4013.38;5.92772;0;0;0.1;0.01;0;5.72485;0;0;-1
0;880;67.2112;10.3551;32.9779;8.94914;3002.15;5.38099;0;0;0.1;0.01;0;6.55131;0;0;-1
0;881;66.21;28.0094;33.7878;8.61621;2679.4;5.1808;0;0;0.1;0.01;0;5.82055;0;0;-1
0;882;67.3176;45.6449;31.085;9.11558;3172.79;5.48107;0;0;0.1;0.01;0;6.46553;0;0;-1
0;883;67.0136;59.501;32.0812;9.87652;4035.53;5.93861;0;0;0.1;0.01;0;4.75407;0;0;-1
0;884;79.9433;-30.2565;33.8299;9.91075;4077.63;5.95919;0;0;0.1;0.01;0;4.39849;0;0;-1
0;885;80.1786;-15.9623;30.7202;8.8039;2858.34;5.29366;0;0;0.1;0.01;0;4.50624;0;0;-1
0;886;79.6565;3.68754;33.5489;10.0827;4293.58;6.06258;0;0;0.1;0.01;0;4.94773;0;0;-1
0;887;80.7161;19.7022;34.1964;8.73611;2792.82;5.2529;0;0;0.1;0.01;0;3.84846;0;0;-1
0;888;80.5447;33.6375;31.9221;8.98096;3034.29;5.40012;0;0;0.1;0.01;0;4.25608;0;0;-1
0;889;-86.3516;-6.44343;47.2371;9.7781;3916.08;5.87943;0;0;0.1;0.01;0;3.24462;0;0;-1
0;890;-85.66;9.85608;47.795;10.4049;4718.48;6.25632;0;0;0.1;0.01;0;3.02382;0;0;-1
0;891;-69.0172;-49.9833;48.7969;10.4318;4755.17;6.27249;0;0;0.1;0.01;0;2.88155;0;0;-1
0;892;-69.3926;-33.7459;47.9863;8.5;2572.44;5.11093;0;0;0.1;0.01;0;4.09473;1;0;-1
0;893;-69.3646;-13.365;47.6985;9.91875;4087.52;5.964;0;0;0.1;0.01;0;5.72657;0;0;-1
0;894;-71.5158;0.840564;46.7827;8.91111;2964.04;5.35812;0;0;0.1;0.01;0;5.62392;0;0;-1
0;895;-68.5672;18.036;47.0563;8.75571;2811.66;5.26468;0;0;0.1;0.01;0;3.93501;0;0;-1
0;896;-70.5811;36.4579;49.365;9.25688;3322.63;5.56603;0;0;0.1;0.01;0;1.72331;0;0;-1
0;897;-56.6386;-59.6052;46.1489;8.92538;2978.3;5.3667;0;0;0.1;0.01;0;4.1026;0;0;-1
0;898;-57.057;-39.1346;47.6054;9.30218;3371.65;5.59327;0;0;0.1;0.01;0;5.77809;0;0;-1
0;899;-57.0493;-23.2627;47.2581;8.5;2572.44;5.11093;0;0;0.1;0.01;0;5.45271;1;0;-1
0;900;-56.8248;-6.91528;48.8071;9.56046;3660.37;5.74857;0;0;0.1;0.01;0;5.90561;0;0;-1
0;901;-54.6015;12.7558;45.9848;8.6949;2753.48;5.22812;0;0;0.1;0.01;0;4.42175;0;0;-1
0;902;-57.7037;29.739;45.9828;8.5;2572.44;5.11093;0;0;0.1;0.01;0;4.65838;1;0;-1
0;903;-56.2992;45.9441;47.0351;8.5;2572.44;5.11093;0;0;0.1;0.01;0;4.45744;1;0;-1
0;904;-54.4409;61.2996;46.4141;8.73256;2789.42;5.25076;0;0;0.1;0.01;0;3.49972;0;0;-1
0;905;-40.6517;-64.3881;45.8751;8.77308;2828.43;5.27513;0;0;0.1;0.01;0;3.66495;0;0;-1
0;906;-40.4058;-50.5776;48.2061;9.14813;3206.9;5.50064;0;0;0.1;0.01;0;5.15876;0;0;-1
0;907;-43.2017;-30.0723;46.0934;10.1709;4407.24;6.11561;0;0;0.1;0.01;0;6.05287;0;0;-1
0;908;-41.5065;-14.2973;49.0761;8.5;2572.44;5.11093;0;0;0.1;0.01;0;4.98811;1;0;-1
0;909;-41.6418;0.774938;49.2665;8.65928;2719.78;5.2067;0;0;0.1;0.01;0;4.60045;0;0;-1
0;910;-42.0983;16.7767;48.2685;10.2808;4551.66;6.1817;0;0;0.1;0.01;0;5.92351;0;0;-1
0;911;-42.3266;35.8737;45.2253;8.59133;2656.26;5.16584;0;0;0.1;0.01;0;4.94879;0;0;-1
0;912;-41.22;53.2417;48.8996;10.1348;4360.48;6.09391;0;0;0.1;0.01;0;6.5352;0;0;-1
0;913;-42.4856;69.7185;48.0962;9.85071;4003.97;5.92309;0;0;0.1;0.01;0;4.23795;0;0;-1
0;914;-27.8307;-76.742;46.7417;9.0812;3137.03;5.46039;0;0;0.1;0.01;0;2.96184;0;0;-1
0;915;-26.171;-55.5052;48.3138;8.59395;2658.69;5.16742;0;0;0.1;0.01;0;5.99506;0;0;-1
0;916;-27.6837;-41.4909;46.5276;9.63897;3751.29;5.79577;0;0;0.1;0.01;0;7.57606;0;0;-1
0;917;-28.0306;-24.2556;49.4365;8.5;2572.44;5.11093;0;0;0.1;0.01;0;4.80501;1;0;-1
0;918;-25.7057;-8.79647;47.3274;8.5;2572.44;5.11093;0;0;0.1;0.01;0;4.63736;1;0;-1
0;919;-26.6751;12.0297;46.5414;9.92574;4096.16;5.9682;0;0;0.1;0.01;0;5.7787;0;0;-1
0;920;-26.9595;29.5846;48.5529;10.2075;4454.99;6.13762;0;0;0.1;0.01;0;7.0633;0;0;-1
0;921;-26.3527;45.1528;48.8404;9.22863;3292.31;5.54904;0;0;0.1;0.01;0;6.11753;0;0;-1
0;922;-25.8935;60.879;46.5211;10.3198;4603.65;6.20515;0;0;0.1;0.01;0;6.87155;0;0;-1
0;923;-25.5692;79.3354;48.5037;9.1597;3219.08;5.50759;0;0;0.1;0.01;0;3.17569;0;0;-1
0;924;-12.363;-80.7904;46.0187;8.874;2927.16;5.33581;0;0;0.1;0.01;0;3.06982;0;0;-1
0;925;-11.883;-64.6869;47.9614;8.62741;2689.86;5.18754;0;0;0.1;0.01;0;4.4548;0;0;-1
0;926;-13.4932;-47.9727;46.5723;10.3686;4669.27;6.23449;0;0;0.1;0.01;0;7.51965;0;0;-1
0;927;-12.6915;-33.5697;49.1116;10.005;4195.08;6.01586;0;0;0.1;0.01;0;5.88248;0;0;-1
0;928;-11.4135;-13.8814;48.6906;9.93402;4106.42;5.97318;0;0;0.1;0.01;0;6.77177;0;0;-1
0;929;-11.0365;0.270664;46.1055;9.49154;3581.78;5.70713;0;0;0.1;0.01;0;6.65025;0;0;-1
0;930;-13.1786;19.5108;47.8635;10.0132;4205.4;6.02079;0;0;0.1;0.01;0;6.25873;0;0;-1
0;931;-11.2532;37.0954;49.0537;8.84922;2902.71;5.32091;0;0;0.1;0.01;0;6.45096;0;0;-1
0;932;-12.2028;52.5438;48.7842;9.02879;3083.03;5.42888;0;0;0.1;0.01;0;7.2076;0;0;-1
0;933;-11.7517;69.7929;48.0777;10.1432;4371.33;6.09896;0;0;0.1;0.01;0;5.86784;0;0;-1
0;934;-12.8186;86.6154;47.9922;8.5;2572.44;5.11093;0;0;0.1;0.01;0;1.66622;1;0;-1
0;935;2.06064;-73.1394;45.8812;8.5;2572.44;5.11093;0;0;0.1;0.01;0;4.9114;1;0;-1
0;936;1.61446;-59.4383;46.6217;8.99434;3047.87;5.40817;0;0;0.1;0.01;0;5.60926;0;0;-1
0;937;2.35331;-42.2804;46.9565;9.40872;3488.83;5.65733;0;0;0.1;0.01;0;5.65217;0;0;-1
0;938;1.44556;-22.4075;48.5083;9.3869;3464.62;5.64421;0;0;0.1;0.01;0;5.82143;0;0;-1
0;939;4.30984;-5.39027;49.046;9.50215;3593.8;5.7135;0;0;0.1;0.01;0;6.81118;0;0;-1
0;940;3.22329;8.86626;49.2387;9.40384;3483.41;5.65439;0;0;0.1;0.01;0;5.80701;0;0;-1
0;941;1.82521;29.6362;47.3267;8.5;2572.44;5.11093;0;0;0.1;0.01;0;5.052;1;0;-1
0;942;1.08678;45.5378;47.5989;8.53776;2606.88;5.13363;0;0;0.1;0.01;0;6.17275;0;0;-1
0;943;1.48561;60.6194;45.6708;9.03964;3094.15;5.4354;0;0;0.1;0.01;0;5.43636;0;0;-1
0;944;4.9328;79.7306;48.6565;10.1102;4328.8;6.07912;0;0;0.1;0.01;0;3.00411;0;0;-1
0;945;18.9266;-84.4743;48.8925;8.82496;2878.9;5.30632;0;0;0.1;0.01;0;1.9546;0;0;-1
0;946;18.2805;-65.9317;46.7103;9.13393;3191.99;5.4921;0;0;0.1;0.01;0;4.69363;0;0;-1
0;947;16.9251;-49.4127;46.2888;8.5;2572.44;5.11093;0;0;0.1;0.01;0;4.61521;1;0;-1
0;948;19.3943;-34.4;45.9315;10.2763;4545.68;6.17899;0;0;0.1;0.01;0;6.56834;0;0;-1
0;949;16.1482;-14.8611;48.4541;9.22523;3288.67;5.547;0;0;0.1;0.01;0;6.34152;0;0;-1
0;950;18.7779;1.8066;48.5177;8.50641;2578.26;5.11478;0;0;0.1;0.01;0;5.65795;0;0;-1
0;951;17.3899;17.4873;46.7747;9.55479;3653.86;5.74516;0;0;0.1;0.01;0;5.23457;0;0;-1
0;952;16.0214;36.3963;49.0125;8.5;2572.44;5.11093;0;0;0.1;0.01;0;4.95371;1;0;-1
0;953;19.2379;50.8475;45.5629;9.03341;3087.76;5.43166;0;0;0.1;0.01;0;5.11172;0;0;-1
0;954;17.4137;71.0958;46.7936;9.52319;3617.73;5.72616;0;0;0.1;0.01;0;4.54264;0;0;-1
0;955;33.2069;-74.2805;48.7908;8.9766;3029.87;5.3975;0;0;0.1;0.01;0;3.24238;0;0;-1
0;956;33.1099;-57.1364;47.8272;9.60965;3717.16;5.77814;0;0;0.1;0.01;0;6.04737;0;0;-1
0;957;33.4772;-39.2138;45.818;9.85133;4004.73;5.92346;0;0;0.1;0.01;0;6.54334;0;0;-1
0;958;30.7945;-22.5166;46.1703;9.98303;4167.5;6.00265;0;0;0.1;0.01;0;6.38946;0;0;-1
0;959;31.9798;-5.03514;47.7723;9.48791;3577.67;5.70494;0;0;0.1;0.01;0;5.83403;0;0;-1
0;960;33.253;12.0631;47.6447;9.44032;3524.1;5.67633;0;0;0.1;0.01;0;5.4799;0;0;-1
0;961;30.6842;25.787;46.9814;9.75134;3884.02;5.86334;0;0;0.1;0.01;0;6.52893;0;0;-1
0;962;32.7081;43.204;48.5146;8.95476;3007.81;5.38437;0;0;0.1;0.01;0;6.11639;0;0;-1
0;963;31.8867;59.3284;48.6159;9.99243;4179.28;6.0083;0;0;0.1;0.01;0;6.93042;0;0;-1
0;964;30.9333;76.2486;47.6967;9.44588;3530.33;5.67967;0;0;0.1;0.01;0;4.12579;0;0;-1
0;965;45.9657;-63.7041;46.5707;8.50235;2574.57;5.11234;0;0;0.1;0.01;0;3.30834;0;0;-1
0;966;46.1754;-47.4734;47.5703;10.2055;4452.37;6.13642;0;0;0.1;0.01;0;6.42868;0;0;-1
0;967;47.647;-31.464;46.2903;8.5;2572.44;5.11093;0;0;0.1;0.01;0;5.0437;1;0;-1
0;968;45.2323;-13.9425;49.0302;9.26855;3335.22;5.57304;0;0;0.1;0.01;0;5.88795;0;0;-1
0;969;45.8959;-0.223562;45.3768;8.5;2572.44;5.11093;0;0;0.1;0.01;0;5.34672;1;0;-1
0;970;47.7154;20.784;46.8807;10.0206;4214.73;6.02524;0;0;0.1;0.01;0;7.16681;0;0;-1
0;971;45.3033;36.6183;48.589;9.44979;3534.72;5.68202;0;0;0.1;0.01;0;6.80065;0;0;-1
0;972;46.4688;54.7676;49.1058;9.69619;3818.49;5.83018;0;0;0.1;0.01;0;5.88149;0;0;-1
0;973;45.6646;72.0079;48.4202;9.86394;4020.13;5.93104;0;0;0.1;0.01;0;3.34154;0;0;-1
0;974;63.7057;-58.77;46.4799;8.74716;2803.43;5.25954;0;0;0.1;0.01;0;2.38093;0;0;-1
0;975;62.0123;-42.3764;47.6447;9.36522;3440.67;5.63117;0;0;0.1;0.01;0;5.04824;0;0;-1
0;976;59.8935;-24.0713;48.5238;8.5;2572.44;5.11093;0;0;0.1;0.01;0;4.86126;1;0;-1
0;977;63.6071;-8.70245;46.8169;10.1425;4370.42;6.09854;0;0;0.1;0.01;0;6.67259;0;0;-1
0;978;60.6632;8.13283;47.1495;9.86993;4027.46;5.93465;0;0;0.1;0.01;0;6.38286;0;0;-1
0;979;61.5212;26.8119;46.1096;9.90075;4065.3;5.95318;0;0;0.1;0.01;0;6.42696;0;0;-1
0;980;60.1717;43.6487;46.041;10.1384;4365.13;6.09607;0;0;0.1;0.01;0;6.24486;0;0;-1
0;981;61.1685;60.9984;46.9935;9.12844;3186.24;5.4888;0;0;0.1;0.01;0;3.7611;0;0;-1
0;982;77.2935;-30.3699;48.646;8.61289;2676.3;5.17881;0;0;0.1;0.01;0;2.62448;0;0;-1
0;983;77.1312;-17.1026;47.7334;8.5;2572.44;5.11093;0;0;0.1;0.01;0;3.16101;1;0;-1
0;984;75.5659;1.83184;46.5474;9.84126;3992.46;5.91741;0;0;0.1;0.01;0;5.04677;0;0;-1
0;985;78.6918;17.3387;48.8018;10.0526;4255.24;6.04448;0;0;0.1;0.01;0;4.18441;0;0;-1
0;986;75.2821;34.6957;45.9234;10.2898;4563.62;6.18711;0;0;0.1;0.01;0;4.40655;0;0;-1
0;987;-65.6126;-30.2872;62.2613;8.57744;2643.39;5.15749;0;0;0.1;0.01;0;3.43834;0;0;-1
0;988;-66.5791;-15.4222;63.5493;8.87947;2932.58;5.3391;0;0;0.1;0.01;0;3.53993;0;0;-1
0;989;-66.6947;0.551525;61.3324;8.52153;2592.04;5.12387;0;0;0.1;0.01;0;3.48038;0;0;-1
0;990;-66.1498;19.5113;63.9373;9.60852;3715.85;5.77746;0;0;0.1;0.01;0;3.35689;0;0;-1
0;991;-51.8182;-58.4795;60.4471;9.06277;3117.97;5.44931;0;0;0.1;0.01;0;2.13768;0;0;-1
0;992;-51.4191;-38.7582;63.6244;10.4312;4754.35;6.27213;0;0;0.1;0.01;0;5.19727;0;0;-1
0;993;-50.7493;-24.4986;63.3047;8.99047;3043.94;5.40584;0;0;0.1;0.01;0;6.41234;0;0;-1
0;994;-52.7029;-8.79018;61.3364;8.75928;2815.1;5.26683;0;0;0.1;0.01;0;4.57409;0;0;-1
0;995;-53.4884;10.3275;61.646;10.3467;4639.75;6.22132;0;0;0.1;0.01;0;5.60444;0;0;-1
0;996;-53.0262;27.1225;62.1045;8.5119;2583.26;5.11808;0;0;0.1;0.01;0;4.03971;0;0;-1
0;997;-51.7554;46.5244;61.8056;9.49673;3587.66;5.71025;0;0;0.1;0.01;0;3.02728;0;0;-1
0;998;-36.3717;-47.5563;60.5155;9.31429;3384.84;5.60055;0;0;0.1;0.01;0;6.18458;0;0;-1
0;999;-36.9182;-33.1662;64.163;8.56914;2635.73;5.1525;0;0;0.1;0.01;0;5.89151;0;0;-1
0;1000;-35.4762;-15.6556;62.6735;9.77893;3917.08;5.87993;0;0;0.1;0.01;0;6.62115;0;0;-1
0;1001;-36.1675;1.45798;63.9621;8.73934;2795.92;5.25484;0;0;0.1;0.01;0;4.87746;0;0;-1
0;1002;-35.0657;19.5851;62.2195;8.80965;2863.94;5.29711;0;0;0.1;0.01;0;5.88694;0;0;-1
0;1003;-35.2263;37.0922;60.6618;9.96828;4149.06;5.99378;0;0;0.1;0.01;0;6.29314;0;0;-1
0;1004;-38.3045;52.2577;63.8442;9.47991;3568.63;5.70013;0;0;0.1;0.01;0;3.94418;0;0;-1
0;1005;-38.3182;67.9593;60.6993;9.61487;3723.22;5.78128;0;0;0.1;0.01;0;3.18296;0;0;-1
0;1006;-21.3165;-73.236;63.764;8.5;2572.44;5.11093;0;0;0.1;0.01;0;1.71308;1;0;-1
0;1007;-23.2928;-57.0307;62.2459;10.4;4711.82;6.25337;0;0;0.1;0.01;0;6.18511;0;0;-1
0;1008;-22.2436;-40.8627;61.3906;10.2717;4539.58;6.17622;0;0;0.1;0.01;0;8.02925;0;0;-1
0;1009;-21.3068;-22.7354;63.6552;8.53442;2603.82;5.13162;0;0;0.1;0.01;0;6.24204;0;0;-1
0;1010;-21.9767;-5.56545;62.124;10.3597;4657.26;6.22914;0;0;0.1;0.01;0;6.43635;0;0;-1
0;1011;-22.1209;10.5207;60.8519;8.5;2572.44;5.11093;0;0;0.1;0.01;0;3.63244;1;0;-1
0;1012;-23.7873;26.8108;63.53;9.01866;3072.66;5.42279;0;0;0.1;0.01;0;4.69477;0;0;-1
0;1013;-22.4084;44.474;62.8134;9.87176;4029.7;5.93575;0;0;0.1;0.01;0;6.77059;0;0;-1
0;1014;-21.8327;59.702;60.1744;8.81698;2871.1;5.30152;0;0;0.1;0.01;0;5.43688;0;0;-1
0;1015;-7.872;-67.6909;60.3484;8.52518;2595.37;5.12607;0;0;0.1;0.01;0;3.89079;0;0;-1
0;1016;-7.8726;-47.7029;63.1284;10.2311;4485.96;6.15181;0;0;0.1;0.01;0;6.71403;0;0;-1
0;1017;-5.56427;-29.8833;63.3948;9.05885;3113.92;5.44696;0;0;0.1;0.01;0;6.57564;0;0;-1
0;1018;-6.85054;-15.3364;60.9665;8.54701;2615.36;5.13919;0;0;0.1;0.01;0;6.62484;0;0;-1
0;1019;-8.78248;0.619765;60.7701;8.5;2572.44;5.11093;0;0;0.1;0.01;0;4.71291;1;0;-1
0;1020;-6.95772;20.8339;60.387;8.92528;2978.2;5.36664;0;0;0.1;0.01;0;4.61668;0;0;-1
0;1021;-8.83568;36.0077;63.575;9.68264;3802.51;5.82203;0;0;0.1;0.01;0;7.04846;0;0;-1
0;1022;-6.47381;52.143;61.0305;9.64341;3756.48;5.79844;0;0;0.1;0.01;0;7.57966;0;0;-1
0;1023;-7.43303;67.6711;60.8743;10.3052;4584.14;6.19637;0;0;0.1;0.01;0;4.93513;0;0;-1
0;1024;5.31686;-73.7726;61.9536;8.5;2572.44;5.11093;0;0;0.1;0.01;0;2.23694;1;0;-1
0;1025;6.87335;-57.4047;62.3025;10.176;4413.87;6.11868;0;0;0.1;0.01;0;5.81731;0;0;-1
0;1026;7.73815;-39.3543;61.0357;8.5;2572.44;5.11093;0;0;0.1;0.01;0;4.55317;1;0;-1
0;1027;6.38264;-22.6935;62.3461;9.92312;4092.92;5.96663;0;0;0.1;0.01;0;6.71217;0;0;-1
0;1028;9.17544;-6.37388;62.4749;10.2402;4497.94;6.15728;0;0;0.1;0.01;0;6.8569;0;0;-1
0;1029;8.78176;12.1957;62.2482;8.66534;2725.5;5.21034;0;0;0.1;0.01;0;4.78778;0;0;-1
0;1030;7.91583;26.3229;63.4064;8.5;2572.44;5.11093;0;0;0.1;0.01;0;5.49472;1;0;-1
0;1031;7.42153;42.0711;60.0851;10.2988;4575.6;6.19252;0;0;0.1;0.01;0;6.63432;0;0;-1
0;1032;6.63854;63.0884;63.2907;9.3194;3390.41;5.60362;0;0;0.1;0.01;0;4.62232;0;0;-1
0;1033;21.3017;-63.8651;60.962;8.5;2572.44;5.11093;0;0;0.1;0.01;0;3.70038;1;0;-1
0;1034;23.2581;-50.2982;61.9469;8.5;2572.44;5.11093;0;0;0.1;0.01;0;4.43464;1;0;-1
0;1035;20.9407;-32.3604;61.0281;8.5;2572.44;5.11093;0;0;0.1;0.01;0;3.83444;1;0;-1
0;1036;24.2154;-12.6698;60.3651;8.5;2572.44;5.11093;0;0;0.1;0.01;0;5.40636;1;0;-1
0;1037;20.6155;2.95115;61.779;8.5;2572.44;5.11093;0;0;0.1;0.01;0;5.06551;1;0;-1
0;1038;23.0815;19.7973;63.7334;10.3275;4613.96;6.20978;0;0;0.1;0.01;0;7.34291;0;0;-1
0;1039;21.9232;37.8399;63.1462;8.70203;2760.26;5.2324;0;0;0.1;0.01;0;5.68713;0;0;-1
0;1040;21.5796;53.1576;60.4289;8.5;2572.44;5.11093;0;0;0.1;0.01;0;5.29594;1;0;-1
0;1041;22.1332;69.1069;61.3915;9.0674;3122.75;5.4521;0;0;0.1;0.01;0;3.39209;0;0;-1
0;1042;34.673;-59.7343;63.5356;8.5;2572.44;5.11093;0;0;0.1;0.01;0;2.17245;1;0;-1
0;1043;36.1539;-39.3442;62.5755;9.23923;3303.66;5.55541;0;0;0.1;0.01;0;4.51177;0;0;-1
0;1044;38.1835;-22.8148;61.8926;8.81792;2872.02;5.30209;0;0;0.1;0.01;0;4.89301;0;0;-1
0;1045;35.7956;-5.05673;62.6085;8.95321;3006.25;5.38344;0;0;0.1;0.01;0;4.80325;0;0;-1
0;1046;38.2683;12.2906;61.3802;9.45337;3538.74;5.68417;0;0;0.1;0.01;0;5.65027;0;0;-1
0;1047;37.9536;26.2061;60.2517;8.5;2572.44;5.11093;0;0;0.1;0.01;0;6.73326;1;0;-1
0;1048;35.5223;43.3607;63.5198;9.23679;3301.05;5.55395;0;0;0.1;0.01;0;5.62884;0;0;-1
0;1049;38.6623;60.4719;63.3835;9.72555;3853.28;5.84783;0;0;0.1;0.01;0;3.94792;0;0;-1
0;1050;53.4579;-48.7317;61.7488;9.52246;3616.9;5.72572;0;0;0.1;0.01;0;3.22233;0;0;-1
0;1051;50.3678;-33.3913;60.8872;8.5;2572.44;5.11093;0;0;0.1;0.01;0;4.8745;1;0;-1
0;1052;51.0252;-15.283;62.1428;9.58171;3684.83;5.76134;0;0;0.1;0.01;0;5.69825;0;0;-1
0;1053;50.0348;0.794824;62.699;8.5;2572.44;5.11093;0;0;0.1;0.01;0;4.12946;1;0;-1
0;1054;50.552;20.6955;60.929;8.5;2572.44;5.11093;0;0;0.1;0.01;0;5.72382;1;0;-1
0;1055;50.8722;34.8044;61.8161;9.8158;3961.56;5.9021;0;0;0.1;0.01;0;6.01725;0;0;-1
0;1056;53.6977;53.0099;62.7401;10.1404;4367.71;6.09728;0;0;0.1;0.01;0;3.14111;0;0;-1
0;1057;67.0792;-40.8578;60.8946;10.4293;4751.76;6.27099;0;0;0.1;0.01;0;2.85316;0;0;-1
0;1058;64.4522;-21.5174;62.1471;8.5;2572.44;5.11093;0;0;0.1;0.01;0;2.95919;1;0;-1
0;1059;64.4429;-5.43792;61.8706;8.5;2572.44;5.11093;0;0;0.1;0.01;0;4.08046;1;0;-1
0;1060;66.7719;9.19697;60.6552;9.7064;3830.57;5.83632;0;0;0.1;0.01;0;3.28691;0;0;-1
0;1061;65.1702;25.0291;60.1642;8.80062;2855.15;5.29169;0;0;0.1;0.01;0;2.81998;0;0;-1
0;1062;-54.4212;-23.7675;75.9868;9.34551;3418.99;5.61932;0;0;0.1;0.01;0;3.60134;0;0;-1
0;1063;-56.5122;-4.70162;78.7047;8.5;2572.44;5.11093;0;0;0.1;0.01;0;1.66187;1;0;-1
0;1064;-54.9425;10.6823;76.2442;9.32397;3395.4;5.60637;0;0;0.1;0.01;0;3.90505;0;0;-1
0;1065;-56.4416;29.7239;75.0177;10.447;4775.99;6.28163;0;0;0.1;0.01;0;3.23454;0;0;-1
0;1066;-40.0295;-48.9619;77.0299;8.5;2572.44;5.11093;0;0;0.1;0.01;0;2.24521;1;0;-1
0;1067;-42.2519;-30.8;77.7925;8.79456;2849.25;5.28804;0;0;0.1;0.01;0;4.74799;0;0;-1
0;1068;-40.3981;-15.9269;75.0921;9.98709;4172.59;6.00509;0;0;0.1;0.01;0;6.54702;0;0;-1
0;1069;-40.4537;2.86825;77.9486;9.51488;3608.27;5.72116;0;0;0.1;0.01;0;5.73067;0;0;-1
0;1070;-41.6302;17.7781;74.6457;8.54694;2615.29;5.13915;0;0;0.1;0.01;0;5.54915;0;0;-1
0;1071;-39.3206;33.6822;76.4787;9.87209;4030.1;5.93594;0;0;0.1;0.01;0;4.14268;0;0;-1
0;1072;-24.3907;-55.1608;76.9419;9.73996;3870.44;5.8565;0;0;0.1;0.01;0;3.46811;0;0;-1
0;1073;-26.2733;-40.8455;74.951;9.02504;3079.19;5.42663;0;0;0.1;0.01;0;5.5046;0;0;-1
0;1074;-27.4694;-23.1527;76.5335;10.0637;4269.35;6.05116;0;0;0.1;0.01;0;7.0131;0;0;-1
0;1075;-27.2501;-4.51873;77.8996;9.34698;3420.6;5.6202;0;0;0.1;0.01;0;6.54892;0;0;-1
0;1076;-24.9781;12.2915;77.0452;9.04555;3100.23;5.43896;0;0;0.1;0.01;0;5.77472;0;0;-1
0;1077;-25.7859;26.5328;77.3036;9.31413;3384.66;5.60045;0;0;0.1;0.01;0;5.89814;0;0;-1
0;1078;-25.3439;43.7238;77.7631;9.28589;3353.97;5.58347;0;0;0.1;0.01;0;3.80815;0;0;-1
0;1079;-10.065;-47.8112;76.4016;8.80812;2862.45;5.29619;0;0;0.1;0.01;0;4.92333;0;0;-1
0;1080;-12.4519;-31.1425;76.4167;10.2266;4480.05;6.14911;0;0;0.1;0.01;0;7.47854;0;0;-1
0;1081;-12.8022;-16.1736;74.6156;9.40462;3484.27;5.65486;0;0;0.1;0.01;0;7.35128;0;0;-1
0;1082;-13.5644;0.328032;78.4947;10.2202;4471.64;6.14526;0;0;0.1;0.01;0;6.59427;0;0;-1
0;1083;-11.484;20.5739;78.3196;8.95194;3004.97;5.38267;0;0;0.1;0.01;0;5.81114;0;0;-1
0;1084;-10.8866;36.5066;76.777;10.0821;4292.81;6.06222;0;0;0.1;0.01;0;7.27622;0;0;-1
0;1085;-11.9889;51.5981;76.3128;9.93362;4105.93;5.97294;0;0;0.1;0.01;0;4.78088;0;0;-1
0;1086;3.54352;-58.8488;76.6039;10.3992;4710.73;6.25289;0;0;0.1;0.01;0;3.37159;0;0;-1
0;1087;1.37763;-42.2297;78.4867;8.5;2572.44;5.11093;0;0;0.1;0.01;0;4.97554;1;0;-1
0;1088;4.76844;-23.2432;76.3317;10.0445;4244.96;6.03961;0;0;0.1;0.01;0;6.80844;0;0;-1
0;1089;1.29995;-7.59487;78.2459;9.92445;4094.57;5.96743;0;0;0.1;0.01;0;6.26913;0;0;-1
0;1090;3.27286;11.4154;77.6361;8.90179;2954.75;5.35252;0;0;0.1;0.01;0;4.54051;0;0;-1
0;1091;1.50159;27.3577;77.7778;9.65841;3774.03;5.80746;0;0;0.1;0.01;0;7.2384;0;0;-1
0;1092;2.54391;42.4954;76.4689;10.3015;4579.2;6.19414;0;0;0.1;0.01;0;6.33561;0;0;-1
0;1093;4.04596;61.372;76.5688;9.70352;3827.16;5.83459;0;0;0.1;0.01;0;3.29164;0;0;-1
0;1094;16.4719;-49.6004;74.9886;8.82222;2876.22;5.30467;0;0;0.1;0.01;0;3.51649;0;0;-1
0;1095;17.4684;-30.7385;77.8417;9.94785;4123.6;5.9815;0;0;0.1;0.01;0;6.04399;0;0;-1
0;1096;18.4977;-13.1244;74.6053;9.11763;3174.93;5.4823;0;0;0.1;0.01;0;6.14277;0;0;-1
0;1097;16.7219;3.34183;76.3044;8.78297;2838;5.28107;0;0;0.1;0.01;0;5.25306;0;0;-1
0;1098;18.4084;20.1241;76.7532;8.5;2572.44;5.11093;0;0;0.1;0.01;0;5.81181;1;0;-1
0;1099;18.602;33.9798;76.0128;10.0972;4312.13;6.0713;0;0;0.1;0.01;0;7.30666;0;0;-1
0;1100;18.5645;54.428;76.14;9.59276;3697.6;5.76799;0;0;0.1;0.01;0;3.6032;0;0;-1
0;1101;32.5515;-40.1995;76.4273;10.1849;4425.47;6.12403;0;0;0.1;0.01;0;3.81255;0;0;-1
0;1102;31.2445;-22.9456;78.5533;10.1291;4353.13;6.09048;0;0;0.1;0.01;0;5.58378;0;0;-1
0;1103;31.1793;-5.98798;77.3408;8.5572;2624.72;5.14532;0;0;0.1;0.01;0;5.20026;0;0;-1
0;1104;32.3728;11.7424;76.1666;9.07028;3125.72;5.45383;0;0;0.1;0.01;0;4.46396;0;0;-1
0;1105;34.5151;28.4071;76.6504;10.3011;4578.67;6.1939;0;0;0.1;0.01;0;5.87452;0;0;-1
0;1106;30.9531;46.4974;78.1615;10.3268;4613.03;6.20935;0;0;0.1;0.01;0;4.16899;0;0;-1
0;1107;49.0854;-30.3948;78.6698;9.26179;3327.92;5.56898;0;0;0.1;0.01;0;1.68926;0;0;-1
0;1108;45.4487;-13.8836;75.3057;8.5304;2600.14;5.12921;0;0;0.1;0.01;0;4.76143;0;0;-1
0;1109;47.4459;0.402718;77.98;8.55106;2619.08;5.14163;0;0;0.1;0.01;0;3.45447;0;0;-1
0;1110;48.3205;20.0333;74.9192;9.58572;3689.46;5.76375;0;0;0.1;0.01;0;3.87053;0;0;-1
0;1111;49.0124;36.2384;77.4587;8.5;2572.44;5.11093;0;0;0.1;0.01;0;2.34179;1;0;-1
0;1112;60.4402;-6.10592;78.44;8.5;2572.44;5.11093;0;0;0.1;0.01;0;1.59611;1;0;-1
0;1113;-36.2696;-15.7284;89.6389;9.8315;3980.59;5.91154;0;0;0.1;0.01;0;4.24695;0;0;-1
0;1114;-36.4148;1.56663;91.2385;8.5;2572.44;5.11093;0;0;0.1;0.01;0;3.92189;1;0;-1
0;1115;-38.4453;16.9525;89.8882;10.0141;4206.53;6.02133;0;0;0.1;0.01;0;3.77028;0;0;-1
0;1116;-21.1036;-24.4702;90.0484;10.4526;4783.67;6.285;0;0;0.1;0.01;0;4.94934;0;0;-1
0;1117;-23.4156;-6.36202;93.0738;10.0382;4236.98;6.03582;0;0;0.1;0.01;0;4.54037;0;0;-1
0;1118;-22.7371;11.6897;89.7686;8.5;2572.44;5.11093;0;0;0.1;0.01;0;4.56344;1;0;-1
0;1119;-21.6255;27.6329;93.3775;10.1704;4406.59;6.11531;0;0;0.1;0.01;0;3.63753;0;0;-1
0;1120;-7.47581;-31.4699;90.7905;9.99572;4183.41;6.01028;0;0;0.1;0.01;0;4.74733;0;0;-1
0;1121;-8.53459;-14.0114;89.4451;9.49792;3589.01;5.71096;0;0;0.1;0.01;0;6.43385;0;0;-1
0;1122;-6.51511;1.18061;92.6632;9.92513;4095.41;5.96784;0;0;0.1;0.01;0;5.31143;0;0;-1
0;1123;-5.80592;19.1316;93.3184;10.3778;4681.71;6.24002;0;0;0.1;0.01;0;5.37797;0;0;-1
0;1124;-7.61136;35.0396;92.3594;8.5;2572.44;5.11093;0;0;0.1;0.01;0;3.70879;1;0;-1
0;1125;5.42043;-38.5714;92.1458;8.64182;2703.36;5.1962;0;0;0.1;0.01;0;2.77167;0;0;-1
0;1126;6.63543;-23.3662;92.12;9.97299;4154.94;5.99661;0;0;0.1;0.01;0;4.85942;0;0;-1
0;1127;7.32765;-5.04146;91.6038;9.76217;3896.98;5.86985;0;0;0.1;0.01;0;4.37081;0;0;-1
0;1128;6.66684;10.807;91.2117;9.29955;3368.79;5.59168;0;0;0.1;0.01;0;4.12371;0;0;-1
0;1129;6.0973;28.7524;90.0565;9.47028;3557.76;5.69434;0;0;0.1;0.01;0;5.33426;0;0;-1
0;1130;23.7593;-31.9695;89.8611;8.5;2572.44;5.11093;0;0;0.1;0.01;0;2.94901;1;0;-1
0;1131;20.7092;-13.4752;89.3528;8.96289;3016.01;5.38926;0;0;0.1;0.01;0;4.82409;0;0;-1
0;1132;22.7936;0.114577;90.1652;8.56343;2630.46;5.14907;0;0;0.1;0.01;0;3.46699;0;0;-1
0;1133;20.007;20.8184;90.9608;8.88242;2935.5;5.34087;0;0;0.1;0.01;0;3.25287;0;0;-1
0;1134;20.8913;36.7176;90.3438;8.61361;2676.97;5.17924;0;0;0.1;0.01;0;2.71935;0;0;-1
0;1135;37.3251;-7.81002;89.7319;9.767;3902.76;5.87276;0;0;0.1;0.01;0;3.63536;0;0;-1
0;1136;35.4273;9.72686;91.1644;8.5238;2594.11;5.12524;0;0;0.1;0.01;0;1.96253;0;0;-1
