Time;ID;x;y;z;radius;volume_total;radius_nuclear;contact_ECM;freezer;polarized_fraction;motility;cell_line;Cell_cell;phase;Cycle;NFkB
0;0;-51.3209;-4.61283;-83.4262;8.5;2572.44;5.11093;0;0;0.1;0.01;0;2.64271;1;0;-1
0;1;-37.434;-33.347;-84.687;9.8791;4038.69;5.94016;0;0;0.1;0.01;0;2.67362;0;0;-1
0;2;-37.6594;-13.8268;-86.4857;8.5;2572.44;5.11093;0;0;0.1;0.01;0;2.65073;1;0;-1
0;3;-38.5115;0.470294;-85.5909;8.93259;2985.53;5.37104;0;0;0.1;0.01;0;2.49475;0;0;-1
0;4;-35.488;20.6082;-84.3384;10.0373;4235.84;6.03528;0;0;0.1;0.01;0;3.05385;0;0;-1
0;5;-21.8007;-40.63;-87.2584;9.31441;3384.97;5.60062;0;0;0.1;0.01;0;2.80754;0;0;-1
0;6;-20.5458;-22.3991;-85.9273;8.72424;2781.45;5.24576;0;0;0.1;0.01;0;4.23993;0;0;-1
0;7;-21.0304;-8.41822;-84.5073;8.68751;2746.47;5.22367;0;0;0.1;0.01;0;4.10768;0;0;-1
0;8;-20.3043;10.7162;-85.9728;8.9461;2999.09;5.37916;0;0;0.1;0.01;0;3.39477;0;0;-1
0;9;-22.2982;28.7638;-84.0077;9.1147;3171.87;5.48054;0;0;0.1;0.01;0;3.81267;0;0;-1
0;10;-8.84325;-49.3341;-83.4207;10.3831;4688.89;6.24321;0;0;0.1;0.01;0;3.60868;0;0;-1
0;11;-7.09765;-30.7526;-87.1626;9.25676;3322.5;5.56596;0;0;0.1;0.01;0;4.75224;0;0;-1
0;12;-6.80382;-16.6203;-86.2483;8.92614;2979.06;5.36716;0;0;0.1;0.01;0;5.0778;0;0;-1
0;13;-6.59266;0.1405;-85.5109;10.1914;4433.94;6.12794;0;0;0.1;0.01;0;5.02072;0;0;-1
0;14;-7.56578;20.032;-83.7607;10.1998;4444.92;6.13299;0;0;0.1;0.01;0;5.00711;0;0;-1
0;15;-7.67549;38.2936;-83.9345;9.71243;3837.71;5.83994;0;0;0.1;0.01;0;3.32182;0;0;-1
0;16;7.4435;-40.8719;-85.9497;10.0896;4302.4;6.06673;0;0;0.1;0.01;0;4.84809;0;0;-1
0;17;6.40418;-24.2336;-83.4893;10.0954;4309.82;6.07022;0;0;0.1;0.01;0;6.03676;0;0;-1
0;18;8.72461;-6.01921;-85.8374;8.76963;2825.09;5.27305;0;0;0.1;0.01;0;3.89318;0;0;-1
0;19;6.47736;10.9347;-86.7602;8.73724;2793.9;5.25358;0;0;0.1;0.01;0;2.66641;0;0;-1
0;20;7.75502;27.7565;-87.3893;8.84193;2895.54;5.31652;0;0;0.1;0.01;0;3.18436;0;0;-1
0;21;8.87684;45.3816;-83.5794;10.2972;4573.47;6.19156;0;0;0.1;0.01;0;3.80146;0;0;-1
0;22;20.2431;-49.153;-84.4957;9.44966;3534.57;5.68194;0;0;0.1;0.01;0;3.23339;0;0;-1
0;23;23.3351;-34.0317;-86.6621;10.0918;4305.21;6.06805;0;0;0.1;0.01;0;5.12348;0;0;-1
0;24;20.6088;-15.7287;-84.9707;8.5;2572.44;5.11093;0;0;0.1;0.01;0;3.28229;1;0;-1
0;25;22.4785;3.45277;-86.8656;8.58914;2654.22;5.16453;0;0;0.1;0.01;0;3.59098;0;0;-1
0;26;23.6315;20.3919;-84.486;8.88816;2941.2;5.34432;0;0;0.1;0.01;0;4.47643;0;0;-1
0;27;23.5493;37.7434;-84.8641;9.8457;3997.87;5.92008;0;0;0.1;0.01;0;3.6927;0;0;-1
0;28;36.3539;-40.1921;-83.6467;9.99562;4183.29;6.01022;0;0;0.1;0.01;0;3.76916;0;0;-1
0;29;35.467;-25.5477;-86.1248;8.5;2572.44;5.11093;0;0;0.1;0.01;0;3.01538;1;0;-1
0;30;37.2079;-5.6003;-85.3008;10.2046;4451.19;6.13588;0;0;0.1;0.01;0;2.52925;0;0;-1
0;31;36.5617;10.8593;-83.9709;10.2277;4481.49;6.14977;0;0;0.1;0.01;0;3.93878;0;0;-1
0;32;37.5883;26.98;-83.9285;10.0868;4298.82;6.06505;0;0;0.1;0.01;0;4.35778;0;0;-1
0;33;-70.5263;-14.7667;-69.374;9.3986;3477.59;5.65124;0;0;0.1;0.01;0;2.28125;0;0;-1
0;34;-57.8134;-39.4483;-71.344;9.97762;4160.73;5.9994;0;0;0.1;0.01;0;3.10597;0;0;-1
0;35;-56.6677;-25.19;-72.4918;9.30194;3371.39;5.59312;0;0;0.1;0.01;0;3.99648;0;0;-1
0;36;-54.7593;-8.89509;-70.8582;8.5;2572.44;5.11093;0;0;0.1;0.01;0;4.50338;1;0;-1
0;37;-56.2957;9.8581;-69.7915;10.3383;4628.45;6.21627;0;0;0.1;0.01;0;3.50652;0;0;-1
0;38;-57.7884;28.4747;-71.505;8.5;2572.44;5.11093;0;0;0.1;0.01;0;2.15769;1;0;-1
0;39;-54.6544;46.8992;-68.5791;9.52835;3623.61;5.72926;0;0;0.1;0.01;0;3.24196;0;0;-1
0;40;-41.5498;-51.3129;-72.6788;9.08313;3139.03;5.46155;0;0;0.1;0.01;0;2.11034;0;0;-1
0;41;-41.3984;-30.4541;-70.9854;9.44447;3528.75;5.67882;0;0;0.1;0.01;0;5.73642;0;0;-1
0;42;-42.2319;-16.6247;-69.6668;10.4347;4759.14;6.27423;0;0;0.1;0.01;0;6.85587;0;0;-1
0;43;-39.4132;1.73296;-69.0927;8.5;2572.44;5.11093;0;0;0.1;0.01;0;4.22159;1;0;-1
0;44;-42.3632;16.7625;-69.0607;8.5;2572.44;5.11093;0;0;0.1;0.01;0;5.51342;1;0;-1
0;45;-42.4214;34.2499;-69.862;9.48534;3574.76;5.7034;0;0;0.1;0.01;0;5.21356;0;0;-1
0;46;-41.2128;53.4649;-69.4148;8.5;2572.44;5.11093;0;0;0.1;0.01;0;3.80397;1;0;-1
0;47;-26.5816;-57.1943;-70.3572;8.69547;2754.02;5.22846;0;0;0.1;0.01;0;4.02584;0;0;-1
0;48;-28.5574;-42.5903;-68.4933;10.4235;4743.83;6.2675;0;0;0.1;0.01;0;6.38756;0;0;-1
0;49;-26.2495;-24.7368;-70.6826;8.78999;2844.81;5.28529;0;0;0.1;0.01;0;5.81226;0;0;-1
0;50;-24.7273;-8.80953;-71.8666;8.5;2572.44;5.11093;0;0;0.1;0.01;0;4.47465;1;0;-1
0;51;-26.8791;11.104;-69.6553;9.33999;3412.93;5.616;0;0;0.1;0.01;0;5.35018;0;0;-1
0;52;-26.0036;26.929;-69.2397;10.0291;4225.46;6.03035;0;0;0.1;0.01;0;6.56955;0;0;-1
0;53;-27.6135;43.7315;-70.6728;9.33376;3406.11;5.61225;0;0;0.1;0.01;0;4.59992;0;0;-1
0;54;-27.1668;62.1936;-69.8072;9.79464;3935.99;5.88937;0;0;0.1;0.01;0;3.73899;0;0;-1
0;55;-13.5693;-63.8517;-69.0144;9.87774;4037.02;5.93934;0;0;0.1;0.01;0;4.04199;0;0;-1
0;56;-13.8243;-48.1367;-68.3426;8.5;2572.44;5.11093;0;0;0.1;0.01;0;5.72185;1;0;-1
0;57;-11.3429;-31.1874;-72.6067;8.91585;2968.77;5.36097;0;0;0.1;0.01;0;5.09846;0;0;-1
0;58;-12.6975;-15.0499;-70.967;9.29638;3365.35;5.58978;0;0;0.1;0.01;0;6.59008;0;0;-1
0;59;-9.94962;1.96338;-71.7784;9.45092;3535.99;5.6827;0;0;0.1;0.01;0;5.81012;0;0;-1
0;60;-11.649;16.588;-70.1471;8.82064;2874.68;5.30372;0;0;0.1;0.01;0;5.34631;0;0;-1
0;61;-11.8842;36.6263;-70.9348;9.09843;3154.92;5.47075;0;0;0.1;0.01;0;4.65101;0;0;-1
0;62;-10.7498;55.0819;-70.3576;9.75011;3882.55;5.8626;0;0;0.1;0.01;0;3.31309;0;0;-1
0;63;2.17851;-56.2462;-69.0665;9.01971;3073.73;5.42342;0;0;0.1;0.01;0;4.73796;0;0;-1
0;64;3.94105;-40.1517;-72.0517;8.76763;2823.16;5.27185;0;0;0.1;0.01;0;5.19945;0;0;-1
0;65;2.71839;-22.897;-68.5;10.2393;4496.76;6.15674;0;0;0.1;0.01;0;7.0708;0;0;-1
0;66;4.34256;-7.97869;-72.0171;9.90275;4067.77;5.95438;0;0;0.1;0.01;0;6.59537;0;0;-1
0;67;2.35045;10.171;-69.2123;8.5;2572.44;5.11093;0;0;0.1;0.01;0;4.96775;1;0;-1
0;68;4.4038;26.7893;-69.6924;8.5;2572.44;5.11093;0;0;0.1;0.01;0;4.49177;1;0;-1
0;69;4.43675;45.7969;-70.5497;9.40266;3482.1;5.65368;0;0;0.1;0.01;0;6.07111;0;0;-1
0;70;3.50836;63.7154;-70.1472;9.87208;4030.09;5.93594;0;0;0.1;0.01;0;3.45335;0;0;-1
0;71;16.3294;-66.2692;-69.8949;9.33398;3406.35;5.61239;0;0;0.1;0.01;0;2.89269;0;0;-1
0;72;15.9671;-47.1697;-70.9189;8.71329;2770.99;5.23917;0;0;0.1;0.01;0;4.75273;0;0;-1
0;73;19.26;-30.2047;-70.8763;10.2304;4485.04;6.15139;0;0;0.1;0.01;0;6.88989;0;0;-1
0;74;16.408;-14.0948;-69.2271;8.5;2572.44;5.11093;0;0;0.1;0.01;0;6.69808;1;0;-1
0;75;16.9971;1.22049;-71.3256;9.24351;3308.26;5.55799;0;0;0.1;0.01;0;5.4399;0;0;-1
0;76;15.9976;18.2048;-69.2046;8.72477;2781.96;5.24608;0;0;0.1;0.01;0;4.9883;0;0;-1
0;77;17.307;35.4425;-70.636;9.03495;3089.34;5.43258;0;0;0.1;0.01;0;5.48871;0;0;-1
0;78;19.4568;55.0737;-70.2802;10.194;4437.34;6.1295;0;0;0.1;0.01;0;4.06532;0;0;-1
0;79;31.0833;-57.7992;-69.4692;8.5;2572.44;5.11093;0;0;0.1;0.01;0;3.35927;1;0;-1
0;80;31.7642;-38.5292;-68.4267;9.87873;4038.24;5.93994;0;0;0.1;0.01;0;6.2748;0;0;-1
0;81;32.0166;-21.823;-69.6492;8.5;2572.44;5.11093;0;0;0.1;0.01;0;4.93305;1;0;-1
0;82;33.3346;-6.34167;-68.807;9.53103;3626.67;5.73087;0;0;0.1;0.01;0;5.57009;0;0;-1
0;83;30.5723;12.4431;-71.3037;9.73152;3860.39;5.85142;0;0;0.1;0.01;0;6.45236;0;0;-1
0;84;33.6245;28.6046;-68.5199;10.0382;4236.98;6.03582;0;0;0.1;0.01;0;6.88702;0;0;-1
0;85;34.0121;43.7446;-71.9717;8.5;2572.44;5.11093;0;0;0.1;0.01;0;4.23577;1;0;-1
0;86;46.3644;-51.2908;-68.9119;9.61922;3728.28;5.7839;0;0;0.1;0.01;0;2.75895;0;0;-1
0;87;45.9832;-30.4851;-71.9416;9.01313;3067.01;5.41946;0;0;0.1;0.01;0;4.3325;0;0;-1
0;88;47.5548;-13.4211;-72.0034;9.9526;4129.51;5.98435;0;0;0.1;0.01;0;4.86349;0;0;-1
0;89;45.3322;1.65092;-69.0551;8.5;2572.44;5.11093;0;0;0.1;0.01;0;5.76164;1;0;-1
0;90;47.3071;17.1289;-68.9539;10.3912;4699.87;6.24808;0;0;0.1;0.01;0;6.3829;0;0;-1
0;91;48.971;36.8828;-71.951;10.2103;4458.66;6.13931;0;0;0.1;0.01;0;3.53544;0;0;-1
0;92;46.7031;54.1075;-69.0044;8.5;2572.44;5.11093;0;0;0.1;0.01;0;2.53809;1;0;-1
0;93;60.0254;-25.6676;-72.0484;10.0688;4275.84;6.05422;0;0;0.1;0.01;0;2.75261;0;0;-1
0;94;62.5668;-5.60549;-71.9183;8.73835;2794.97;5.25424;0;0;0.1;0.01;0;2.33448;0;0;-1
0;95;61.33;9.8739;-68.8407;9.81409;3959.49;5.90107;0;0;0.1;0.01;0;3.63453;0;0;-1
0;96;-80.3921;-8.31483;-55.4117;9.69228;3813.88;5.82783;0;0;0.1;0.01;0;2.96237;0;0;-1
0;97;-80.1243;12.4601;-54.3314;8.7296;2786.58;5.24898;0;0;0.1;0.01;0;2.61384;0;0;-1
0;98;-65.7591;-48.4213;-54.2772;10.1245;4347.2;6.08771;0;0;0.1;0.01;0;4.68172;0;0;-1
0;99;-67.7009;-33.8799;-55.4116;8.95215;3005.18;5.3828;0;0;0.1;0.01;0;3.30605;0;0;-1
0;100;-65.5542;-12.6527;-56.3809;8.50736;2579.13;5.11535;0;0;0.1;0.01;0;4.00042;0;0;-1
0;101;-64.5983;1.73496;-53.9672;9.72048;3847.26;5.84478;0;0;0.1;0.01;0;5.33424;0;0;-1
0;102;-68.0122;19.6443;-57.7789;8.68328;2742.46;5.22113;0;0;0.1;0.01;0;3.53661;0;0;-1
0;103;-66.4429;35.4412;-55.5513;8.5;2572.44;5.11093;0;0;0.1;0.01;0;3.49364;1;0;-1
0;104;-52.2506;-59.3446;-54.8747;9.7421;3872.99;5.85778;0;0;0.1;0.01;0;4.05959;0;0;-1
0;105;-52.9169;-42.3682;-57.5583;8.54632;2614.73;5.13878;0;0;0.1;0.01;0;4.59301;0;0;-1
0;106;-51.3193;-24.6931;-57.8076;8.5;2572.44;5.11093;0;0;0.1;0.01;0;4.56986;1;0;-1
0;107;-49.8628;-4.79555;-57.1188;9.83619;3986.29;5.91436;0;0;0.1;0.01;0;6.42182;0;0;-1
0;108;-51.7496;12.0419;-54.3877;9.7551;3888.52;5.8656;0;0;0.1;0.01;0;7.06143;0;0;-1
0;109;-51.0314;27.8554;-57.8106;10.3779;4681.85;6.24008;0;0;0.1;0.01;0;6.93002;0;0;-1
0;110;-52.1426;44.8057;-54.0113;9.75705;3890.85;5.86677;0;0;0.1;0.01;0;6.19925;0;0;-1
0;111;-50.5766;59.7332;-54.4379;10.0947;4308.92;6.0698;0;0;0.1;0.01;0;5.15024;0;0;-1
0;112;-38.66;-66.5815;-56.3475;9.78686;3926.62;5.8847;0;0;0.1;0.01;0;4.10213;0;0;-1
0;113;-38.371;-51.0434;-54.5694;9.22818;3291.83;5.54877;0;0;0.1;0.01;0;5.19164;0;0;-1
0;114;-36.5542;-31.227;-56.2447;9.62245;3732.03;5.78584;0;0;0.1;0.01;0;6.18186;0;0;-1
0;115;-36.526;-14.852;-55.7962;10.2702;4537.59;6.17532;0;0;0.1;0.01;0;6.81724;0;0;-1
0;116;-37.7527;2.44055;-54.3753;8.98033;3033.65;5.39974;0;0;0.1;0.01;0;5.52365;0;0;-1
0;117;-36.0777;20.9942;-57.0224;10.2728;4541.04;6.17689;0;0;0.1;0.01;0;7.54109;0;0;-1
0;118;-35.2081;36.65;-55.0664;8.75833;2814.18;5.26626;0;0;0.1;0.01;0;6.65467;0;0;-1
0;119;-37.0003;51.2804;-56.5069;10.0445;4244.96;6.03961;0;0;0.1;0.01;0;6.945;0;0;-1
0;120;-35.9277;70.3134;-57.9324;10.4064;4720.52;6.25722;0;0;0.1;0.01;0;4.27218;0;0;-1
0;121;-23.9319;-76.0229;-57.3332;9.56038;3660.28;5.74852;0;0;0.1;0.01;0;3.14421;0;0;-1
0;122;-21.8312;-56.2152;-56.4084;9.42137;3502.92;5.66493;0;0;0.1;0.01;0;6.5124;0;0;-1
0;123;-21.0916;-40.4631;-54.8487;10.0066;4197.09;6.01682;0;0;0.1;0.01;0;6.98365;0;0;-1
0;124;-23.6232;-22.5399;-56.7409;9.91108;4078.04;5.95939;0;0;0.1;0.01;0;6.87679;0;0;-1
0;125;-21.5864;-7.15148;-56.3438;8.98657;3039.98;5.40349;0;0;0.1;0.01;0;5.63037;0;0;-1
0;126;-22.4083;8.99998;-55.9911;9.44496;3529.3;5.67912;0;0;0.1;0.01;0;4.80097;0;0;-1
0;127;-21.404;25.5976;-55.5845;8.61865;2681.68;5.18227;0;0;0.1;0.01;0;5.26463;0;0;-1
0;128;-21.7841;42.3057;-56.7045;8.5;2572.44;5.11093;0;0;0.1;0.01;0;5.12132;1;0;-1
0;129;-22.1154;63.2047;-54.4611;10.3642;4663.33;6.23184;0;0;0.1;0.01;0;7.13624;0;0;-1
0;130;-22.0231;77.9756;-57.016;9.14647;3205.16;5.49964;0;0;0.1;0.01;0;3.52646;0;0;-1
0;131;-9.28604;-80.7849;-56.0041;8.5;2572.44;5.11093;0;0;0.1;0.01;0;2.46967;1;0;-1
0;132;-5.77027;-65.6669;-55.7508;9.0412;3095.76;5.43634;0;0;0.1;0.01;0;4.7457;0;0;-1
0;133;-6.23446;-47.1158;-55.1244;9.62786;3738.33;5.78909;0;0;0.1;0.01;0;5.88226;0;0;-1
0;134;-8.77314;-29.9214;-54.6188;9.80216;3945.06;5.8939;0;0;0.1;0.01;0;5.57585;0;0;-1
0;135;-8.94598;-14.1408;-55.4231;8.61231;2675.76;5.17846;0;0;0.1;0.01;0;5.84103;0;0;-1
0;136;-7.06584;0.368009;-56.7205;8.5;2572.44;5.11093;0;0;0.1;0.01;0;5.33938;1;0;-1
0;137;-5.92511;20.9949;-55.1491;10.3787;4682.93;6.24056;0;0;0.1;0.01;0;6.33338;0;0;-1
0;138;-8.23738;36.9529;-55.4909;10.3709;4672.38;6.23587;0;0;0.1;0.01;0;6.41037;0;0;-1
0;139;-5.829;54.9389;-55.1056;10.4463;4775.03;6.28121;0;0;0.1;0.01;0;6.18329;0;0;-1
0;140;-8.72283;70.3255;-55.1312;8.9171;2970.02;5.36172;0;0;0.1;0.01;0;3.30295;0;0;-1
0;141;8.98463;-74.3219;-56.9013;8.95921;3012.3;5.38704;0;0;0.1;0.01;0;3.46806;0;0;-1
0;142;6.8613;-58.0808;-56.2122;9.9375;4110.74;5.97527;0;0;0.1;0.01;0;6.12635;0;0;-1
0;143;7.34326;-41.7054;-54.9319;8.5;2572.44;5.11093;0;0;0.1;0.01;0;4.38008;1;0;-1
0;144;9.40011;-22.7165;-56.5998;9.348;3421.72;5.62082;0;0;0.1;0.01;0;6.49603;0;0;-1
0;145;6.03303;-8.01742;-56.8566;9.37777;3454.52;5.63872;0;0;0.1;0.01;0;6.47338;0;0;-1
0;146;5.61052;9.72337;-55.238;8.95394;3006.98;5.38387;0;0;0.1;0.01;0;4.27954;0;0;-1
0;147;8.44574;27.7482;-53.9538;10.1128;4332.14;6.08068;0;0;0.1;0.01;0;6.67653;0;0;-1
0;148;8.53486;44.9745;-55.976;10.2821;4553.38;6.18248;0;0;0.1;0.01;0;7.63885;0;0;-1
0;149;8.84388;59.8407;-57.7139;8.76315;2818.83;5.26915;0;0;0.1;0.01;0;5.80881;0;0;-1
0;150;8.56766;79.8444;-54.343;9.33081;3402.88;5.61048;0;0;0.1;0.01;0;2.80688;0;0;-1
0;151;22.2789;-64.2613;-56.6582;9.79249;3933.4;5.88808;0;0;0.1;0.01;0;4.9672;0;0;-1
0;152;24.1794;-49.9812;-53.722;8.97699;3030.27;5.39773;0;0;0.1;0.01;0;5.3999;0;0;-1
0;153;20.2951;-32.6166;-55.2873;9.10775;3164.62;5.47636;0;0;0.1;0.01;0;5.15397;0;0;-1
0;154;20.5191;-12.714;-57.3679;9.31056;3380.77;5.5983;0;0;0.1;0.01;0;6.01084;0;0;-1
0;155;23.6306;1.42046;-56.4391;9.29185;3360.43;5.58705;0;0;0.1;0.01;0;5.67914;0;0;-1
0;156;23.7526;20.659;-55.7389;10.1452;4373.92;6.10016;0;0;0.1;0.01;0;6.42673;0;0;-1
0;157;22.6864;38.2431;-56.2113;10.0929;4306.62;6.06871;0;0;0.1;0.01;0;7.04092;0;0;-1
0;158;22.9276;54.3755;-53.9792;10.4336;4757.64;6.27357;0;0;0.1;0.01;0;7.09836;0;0;-1
0;159;22.0553;70.5667;-57.6877;9.08793;3144.01;5.46444;0;0;0.1;0.01;0;2.47014;0;0;-1
0;160;38.5713;-56.0279;-56.4202;9.06067;3115.8;5.44805;0;0;0.1;0.01;0;4.55358;0;0;-1
0;161;34.9379;-38.3582;-54.7225;8.60039;2664.67;5.17129;0;0;0.1;0.01;0;5.32536;0;0;-1
0;162;38.5239;-25.1002;-56.451;9.04343;3098.05;5.43768;0;0;0.1;0.01;0;5.60494;0;0;-1
0;163;37.2082;-5.69155;-54.83;8.57831;2644.2;5.15801;0;0;0.1;0.01;0;5.96577;0;0;-1
0;164;38.4631;8.33399;-55.4126;9.23354;3297.56;5.55199;0;0;0.1;0.01;0;6.96539;0;0;-1
0;165;38.8634;25.4355;-54.6033;9.85015;4003.29;5.92275;0;0;0.1;0.01;0;6.326;0;0;-1
0;166;36.7824;46.1494;-56.6527;9.17439;3234.6;5.51643;0;0;0.1;0.01;0;5.85594;0;0;-1
0;167;36.3707;60.7336;-54.1212;8.5;2572.44;5.11093;0;0;0.1;0.01;0;4.53956;1;0;-1
0;168;52.883;-50.9585;-56.0559;8.97539;3028.65;5.39677;0;0;0.1;0.01;0;3.28741;0;0;-1
0;169;52.0653;-31.0899;-54.135;9.95776;4135.93;5.98746;0;0;0.1;0.01;0;5.73286;0;0;-1
0;170;52.9101;-15.0671;-54.3809;8.5;2572.44;5.11093;0;0;0.1;0.01;0;5.22956;1;0;-1
0;171;52.2501;0.0400077;-54.385;9.99184;4178.54;6.00795;0;0;0.1;0.01;0;7.51567;0;0;-1
0;172;51.1939;18.0849;-56.0377;9.0008;3054.44;5.41205;0;0;0.1;0.01;0;6.79101;0;0;-1
0;173;52.9394;34.0774;-55.7695;9.24176;3306.38;5.55694;0;0;0.1;0.01;0;5.31025;0;0;-1
0;174;52.6944;55.2601;-56.5056;10.1122;4331.37;6.08032;0;0;0.1;0.01;0;4.26904;0;0;-1
0;175;64.6184;-40.8725;-56.6738;9.03274;3087.07;5.43126;0;0;0.1;0.01;0;2.99366;0;0;-1
0;176;67.2807;-25.0846;-56.1066;9.38578;3463.38;5.64353;0;0;0.1;0.01;0;4.42208;0;0;-1
0;177;67.7706;-4.49542;-55.1273;8.5;2572.44;5.11093;0;0;0.1;0.01;0;5.14023;1;0;-1
0;178;65.8298;11.9948;-53.8088;9.54477;3642.38;5.73913;0;0;0.1;0.01;0;5.8739;0;0;-1
0;179;66.01;26.6457;-55.2772;8.5;2572.44;5.11093;0;0;0.1;0.01;0;3.88971;1;0;-1
0;180;64.7674;46.0629;-54.3191;9.81335;3958.59;5.90062;0;0;0.1;0.01;0;3.39686;0;0;-1
0;181;79.7154;-16.851;-56.7545;10.1836;4423.77;6.12325;0;0;0.1;0.01;0;2.82804;0;0;-1
0;182;82.2245;1.12232;-54.4662;8.92226;2975.18;5.36483;0;0;0.1;0.01;0;2.82694;0;0;-1
0;183;-87.5128;-21.6646;-40.6295;9.37018;3446.14;5.63415;0;0;0.1;0.01;0;3.14586;0;0;-1
0;184;-84.1187;-8.17279;-40.1258;10.0307;4227.49;6.03131;0;0;0.1;0.01;0;5.21881;0;0;-1
0;185;-86.3106;12.3539;-39.631;9.63572;3747.5;5.79382;0;0;0.1;0.01;0;4.43945;0;0;-1
0;186;-86.6572;29.3385;-39.2267;9.84885;4001.71;5.92197;0;0;0.1;0.01;0;3.00456;0;0;-1
0;187;-70.1811;-48.0404;-39.6453;8.5;2572.44;5.11093;0;0;0.1;0.01;0;4.05731;1;0;-1
0;188;-72.1221;-33.9488;-41.5607;10.2288;4482.94;6.15043;0;0;0.1;0.01;0;5.02679;0;0;-1
0;189;-71.5911;-14.5689;-41.6268;8.5;2572.44;5.11093;0;0;0.1;0.01;0;5.38631;1;0;-1
0;190;-72.68;3.61474;-40.9288;10.2704;4537.86;6.17544;0;0;0.1;0.01;0;7.3858;0;0;-1
0;191;-70.5103;19.0729;-42.0671;9.73679;3866.66;5.85459;0;0;0.1;0.01;0;6.24149;0;0;-1
0;192;-69.9849;37.0786;-42.9176;9.92192;4091.44;5.96591;0;0;0.1;0.01;0;5.68333;0;0;-1
0;193;-72.6563;51.3928;-41.102;9.59208;3696.81;5.76758;0;0;0.1;0.01;0;3.0932;0;0;-1
0;194;-56.9526;-59.2018;-39.9346;10.3288;4615.71;6.21056;0;0;0.1;0.01;0;5.24971;0;0;-1
0;195;-56.726;-39.4567;-41.8785;9.50868;3601.22;5.71743;0;0;0.1;0.01;0;6.64137;0;0;-1
0;196;-54.1671;-24.6408;-40.9081;9.31218;3382.54;5.59928;0;0;0.1;0.01;0;5.42127;0;0;-1
0;197;-57.4641;-7.32859;-42.0182;10.0834;4294.47;6.063;0;0;0.1;0.01;0;6.99059;0;0;-1
0;198;-55.0641;9.53932;-39.8496;10.2811;4552.05;6.18188;0;0;0.1;0.01;0;6.71372;0;0;-1
0;199;-55.5415;25.8743;-41.5524;9.89022;4052.35;5.94685;0;0;0.1;0.01;0;6.11559;0;0;-1
0;200;-56.974;42.6505;-40.1085;9.6706;3788.34;5.81479;0;0;0.1;0.01;0;6.52606;0;0;-1
0;201;-54.2532;60.4493;-39.592;9.62047;3729.73;5.78465;0;0;0.1;0.01;0;5.2407;0;0;-1
0;202;-40.5223;-80.6246;-40.9826;8.5;2572.44;5.11093;0;0;0.1;0.01;0;2.97071;1;0;-1
0;203;-41.681;-65.9011;-39.2293;9.46189;3548.32;5.6893;0;0;0.1;0.01;0;6.38209;0;0;-1
0;204;-43.0544;-47.5185;-41.719;8.5;2572.44;5.11093;0;0;0.1;0.01;0;4.90228;1;0;-1
0;205;-42.5717;-31.6922;-42.2041;8.64528;2706.61;5.19828;0;0;0.1;0.01;0;5.09462;0;0;-1
0;206;-40.2488;-13.4514;-40.6537;9.60474;3711.47;5.77519;0;0;0.1;0.01;0;6.1032;0;0;-1
0;207;-42.0113;1.95149;-39.991;9.25091;3316.21;5.56244;0;0;0.1;0.01;0;6.47494;0;0;-1
0;208;-41.7834;19.6628;-42.4193;8.59492;2659.59;5.168;0;0;0.1;0.01;0;5.91321;0;0;-1
0;209;-41.451;34.4594;-41.4074;8.78789;2842.77;5.28403;0;0;0.1;0.01;0;5.64245;0;0;-1
0;210;-40.2718;53.6153;-41.2193;9.53739;3633.94;5.73469;0;0;0.1;0.01;0;7.07223;0;0;-1
0;211;-40.8052;68.4806;-42.1368;10.3601;4657.8;6.22938;0;0;0.1;0.01;0;6.08001;0;0;-1
0;212;-27.6595;-72.9655;-42.8793;9.39388;3472.35;5.6484;0;0;0.1;0.01;0;6.10641;0;0;-1
0;213;-28.1471;-57.7289;-40.4623;10.4418;4768.86;6.2785;0;0;0.1;0.01;0;7.09394;0;0;-1
0;214;-25.3014;-38.5035;-42.3726;9.23225;3296.18;5.55122;0;0;0.1;0.01;0;5.32883;0;0;-1
0;215;-25.0102;-22.3751;-39.8177;9.9908;4177.24;6.00732;0;0;0.1;0.01;0;6.39017;0;0;-1
0;216;-24.7443;-5.17802;-40.6551;8.87426;2927.42;5.33596;0;0;0.1;0.01;0;5.61403;0;0;-1
0;217;-25.453;9.75365;-41.0478;8.5;2572.44;5.11093;0;0;0.1;0.01;0;4.04222;1;0;-1
0;218;-28.1773;27.0162;-42.0152;9.3773;3454;5.63843;0;0;0.1;0.01;0;5.49102;0;0;-1
0;219;-27.2189;44.1193;-42.0993;9.59228;3697.04;5.7677;0;0;0.1;0.01;0;6.10644;0;0;-1
0;220;-27.5564;60.5319;-40.7619;9.41372;3494.4;5.66033;0;0;0.1;0.01;0;7.06612;0;0;-1
0;221;-25.0137;77.1729;-42.0734;9.57316;3674.98;5.7562;0;0;0.1;0.01;0;5.24444;0;0;-1
0;222;-12.9873;-83.1431;-42.1659;8.61093;2674.48;5.17763;0;0;0.1;0.01;0;4.03597;0;0;-1
0;223;-12.9536;-67.6055;-39.7406;10.0617;4266.8;6.04995;0;0;0.1;0.01;0;6.69509;0;0;-1
0;224;-12.3952;-49.3776;-41.8362;9.18212;3242.78;5.52108;0;0;0.1;0.01;0;5.31863;0;0;-1
0;225;-9.78694;-33.3296;-39.8338;9.50911;3601.71;5.71769;0;0;0.1;0.01;0;6.11651;0;0;-1
0;226;-13.0695;-15.5121;-40.7569;8.69144;2750.2;5.22604;0;0;0.1;0.01;0;6.37263;0;0;-1
0;227;-11.0667;0.255096;-41.4537;8.66025;2720.7;5.20728;0;0;0.1;0.01;0;5.45426;0;0;-1
0;228;-12.538;20.0304;-39.3433;9.95302;4130.03;5.98461;0;0;0.1;0.01;0;6.15941;0;0;-1
0;229;-9.96286;34.3133;-39.7683;8.5;2572.44;5.11093;0;0;0.1;0.01;0;6.08821;1;0;-1
0;230;-11.5621;52.9613;-39.3539;10.1789;4417.65;6.12042;0;0;0.1;0.01;0;6.47205;0;0;-1
0;231;-11.097;70.7602;-40.0408;9.43087;3513.53;5.67065;0;0;0.1;0.01;0;5.57708;0;0;-1
0;232;-9.7862;87.0999;-39.9544;8.5;2572.44;5.11093;0;0;0.1;0.01;0;2.38963;1;0;-1
0;233;2.82332;-89.5434;-42.0538;9.11671;3173.97;5.48175;0;0;0.1;0.01;0;2.88133;0;0;-1
0;234;4.67912;-74.9318;-41.1586;8.55271;2620.59;5.14262;0;0;0.1;0.01;0;5.1774;0;0;-1
0;235;2.01161;-59.7554;-39.3776;9.47364;3561.55;5.69636;0;0;0.1;0.01;0;5.41936;0;0;-1
0;236;3.62564;-40.7667;-39.8016;8.5;2572.44;5.11093;0;0;0.1;0.01;0;4.85073;1;0;-1
0;237;4.67571;-25.2831;-39.5149;9.5216;3615.92;5.7252;0;0;0.1;0.01;0;6.13675;0;0;-1
0;238;1.23147;-8.07934;-42.4302;10.2613;4525.8;6.16997;0;0;0.1;0.01;0;6.2674;0;0;-1
0;239;3.21719;10.4454;-41.0107;8.61838;2681.42;5.18211;0;0;0.1;0.01;0;4.3686;0;0;-1
0;240;4.07195;27.1887;-39.4789;8.90471;2957.66;5.35427;0;0;0.1;0.01;0;6.7269;0;0;-1
0;241;1.22502;43.0324;-40.2755;10.0973;4312.25;6.07136;0;0;0.1;0.01;0;7.9765;0;0;-1
0;242;1.51999;60.6204;-40.9709;8.5;2572.44;5.11093;0;0;0.1;0.01;0;5.36243;1;0;-1
0;243;3.9535;76.3821;-41.0759;9.14274;3201.24;5.4974;0;0;0.1;0.01;0;5.26577;0;0;-1
0;244;17.671;-82.3241;-42.0933;8.5;2572.44;5.11093;0;0;0.1;0.01;0;3.29406;1;0;-1
0;245;18.2131;-65.4539;-39.2889;10.2625;4527.39;6.17069;0;0;0.1;0.01;0;5.88348;0;0;-1
0;246;17.9196;-46.4613;-40.8017;8.89095;2943.97;5.346;0;0;0.1;0.01;0;5.26637;0;0;-1
0;247;17.8359;-31.761;-41.1588;8.5;2572.44;5.11093;0;0;0.1;0.01;0;5.83714;1;0;-1
0;248;19.0979;-15.4944;-41.7771;9.48375;3572.97;5.70244;0;0;0.1;0.01;0;5.92365;0;0;-1
0;249;19.7498;1.94055;-42.1585;9.10927;3166.21;5.47727;0;0;0.1;0.01;0;4.69262;0;0;-1
0;250;17.6662;17.7336;-40.5193;9.27102;3337.88;5.57453;0;0;0.1;0.01;0;5.59854;0;0;-1
0;251;19.0264;36.7132;-42.841;9.9124;4079.67;5.96018;0;0;0.1;0.01;0;7.63413;0;0;-1
0;252;16.7945;52.0129;-39.6895;10.0976;4312.64;6.07154;0;0;0.1;0.01;0;7.44187;0;0;-1
0;253;18.7603;68.4671;-41.1943;10.3155;4597.9;6.20256;0;0;0.1;0.01;0;5.94279;0;0;-1
0;254;16.4102;87.4204;-41.1253;10.0767;4285.92;6.05897;0;0;0.1;0.01;0;3.14675;0;0;-1
0;255;32.9539;-75.629;-42.5033;8.64912;2710.22;5.20059;0;0;0.1;0.01;0;2.25098;0;0;-1
0;256;30.5646;-56.4924;-40.5214;9.0958;3152.18;5.46917;0;0;0.1;0.01;0;6.27894;0;0;-1
0;257;33.715;-41.1808;-40.4664;10.005;4195.08;6.01586;0;0;0.1;0.01;0;7.65235;0;0;-1
0;258;32.7747;-25.2865;-41.5688;10.1242;4346.81;6.08753;0;0;0.1;0.01;0;7.40491;0;0;-1
0;259;33.735;-8.05178;-42.0313;8.5;2572.44;5.11093;0;0;0.1;0.01;0;4.72648;1;0;-1
0;260;33.8467;10.0401;-42.295;8.5;2572.44;5.11093;0;0;0.1;0.01;0;5.10275;1;0;-1
0;261;33.8464;29.5233;-39.8766;8.93213;2985.06;5.37076;0;0;0.1;0.01;0;6.03392;0;0;-1
0;262;32.9447;46.1545;-39.4189;10.038;4236.72;6.0357;0;0;0.1;0.01;0;7.76717;0;0;-1
0;263;33.9164;60.0841;-39.708;9.38769;3465.49;5.64468;0;0;0.1;0.01;0;6.20776;0;0;-1
0;264;33.5501;79.8401;-40.4307;8.95437;3007.42;5.38413;0;0;0.1;0.01;0;2.74486;0;0;-1
0;265;47.8255;-65.2742;-41.6056;8.94443;2997.41;5.37816;0;0;0.1;0.01;0;2.4675;0;0;-1
0;266;47.1446;-47.7035;-39.9486;9.52788;3623.08;5.72898;0;0;0.1;0.01;0;5.80441;0;0;-1
0;267;47.7659;-30.2373;-39.2234;10.3176;4600.71;6.20382;0;0;0.1;0.01;0;7.66027;0;0;-1
0;268;46.7907;-14.9393;-42.5829;10.067;4273.55;6.05314;0;0;0.1;0.01;0;7.77926;0;0;-1
0;269;46.0795;2.87815;-42.1846;8.5;2572.44;5.11093;0;0;0.1;0.01;0;6.20095;1;0;-1
0;270;47.7575;16.87;-43.0444;10.1627;4396.59;6.11068;0;0;0.1;0.01;0;7.43872;0;0;-1
0;271;46.8457;37.9671;-41.104;9.52653;3621.54;5.72816;0;0;0.1;0.01;0;6.19054;0;0;-1
0;272;46.7028;52.14;-42.8734;9.67637;3795.12;5.81826;0;0;0.1;0.01;0;6.60534;0;0;-1
0;273;46.834;69.2598;-39.8976;9.92643;4097.02;5.96862;0;0;0.1;0.01;0;4.49693;0;0;-1
0;274;60.373;-55.3643;-39.3266;9.8308;3979.74;5.91112;0;0;0.1;0.01;0;4.74604;0;0;-1
0;275;63.9924;-41.6876;-39.8256;8.94562;2998.61;5.37887;0;0;0.1;0.01;0;4.28093;0;0;-1
0;276;61.207;-23.3539;-39.8354;8.55006;2618.16;5.14103;0;0;0.1;0.01;0;5.54432;0;0;-1
0;277;63.4168;-7.79426;-42.3291;9.67674;3795.56;5.81848;0;0;0.1;0.01;0;6.80333;0;0;-1
0;278;63.5988;8.22625;-39.4657;10.0114;4203.13;6.01971;0;0;0.1;0.01;0;6.56092;0;0;-1
0;279;63.0233;26.1902;-42.2773;10.0357;4233.81;6.03432;0;0;0.1;0.01;0;6.07457;0;0;-1
0;280;61.5521;42.137;-41.1983;8.88075;2933.85;5.33987;0;0;0.1;0.01;0;5.08123;0;0;-1
0;281;61.9977;60.4266;-42.4621;9.23144;3295.32;5.55073;0;0;0.1;0.01;0;3.67563;0;0;-1
0;282;74.9465;-32.4923;-43.167;9.0112;3065.04;5.4183;0;0;0.1;0.01;0;3.21773;0;0;-1
0;283;77.7399;-15.0017;-41.1226;8.62851;2690.89;5.1882;0;0;0.1;0.01;0;4.46725;0;0;-1
0;284;76.3299;-0.0862442;-41.4662;10.2851;4557.37;6.18428;0;0;0.1;0.01;0;6.87642;0;0;-1
0;285;78.7421;19.7224;-42.8228;8.99017;3043.63;5.40566;0;0;0.1;0.01;0;3.33034;0;0;-1
0;286;76.5354;34.3349;-41.9466;9.23964;3304.1;5.55566;0;0;0.1;0.01;0;3.54062;0;0;-1
0;287;90.519;-4.55929;-40.5345;8.7003;2758.62;5.23136;0;0;0.1;0.01;0;2.23105;0;0;-1
0;288;-95.1289;-13.508;-24.7079;8.77145;2826.85;5.27415;0;0;0.1;0.01;0;3.1754;0;0;-1
0;289;-95.633;1.24948;-26.0959;9.92316;4092.97;5.96665;0;0;0.1;0.01;0;3.87561;0;0;-1
0;290;-80.8686;-41.4989;-24.6606;9.90428;4069.65;5.9553;0;0;0.1;0.01;0;2.88664;0;0;-1
0;291;-81.7949;-23.4391;-27.3422;9.5595;3659.27;5.74799;0;0;0.1;0.01;0;3.86549;0;0;-1
0;292;-78.9096;-4.65631;-26.4861;10.0423;4242.17;6.03829;0;0;0.1;0.01;0;5.59075;0;0;-1
0;293;-82.5751;10.9686;-26.4522;10.1274;4350.93;6.08946;0;0;0.1;0.01;0;6.28477;0;0;-1
0;294;-82.4148;27.6792;-25.1444;10.0349;4232.8;6.03384;0;0;0.1;0.01;0;5.02701;0;0;-1
0;295;-80.4045;44.5608;-28.1122;9.88358;4044.19;5.94285;0;0;0.1;0.01;0;3.28444;0;0;-1
0;296;-64.0845;-67.8758;-26;8.5;2572.44;5.11093;0;0;0.1;0.01;0;2.51647;1;0;-1
0;297;-64.3802;-48.9944;-26.1281;8.77835;2833.53;5.27829;0;0;0.1;0.01;0;4.35809;0;0;-1
0;298;-64.5298;-31.2677;-25.4594;9.74862;3880.77;5.8617;0;0;0.1;0.01;0;5.46816;0;0;-1
0;299;-64.487;-12.8906;-26.9915;9.28066;3348.31;5.58033;0;0;0.1;0.01;0;5.55908;0;0;-1
0;300;-66.0796;4.44508;-26.028;8.5;2572.44;5.11093;0;0;0.1;0.01;0;5.93966;1;0;-1
0;301;-65.468;20.223;-26.9313;8.59094;2655.89;5.16561;0;0;0.1;0.01;0;5.7129;0;0;-1
0;302;-64.6893;35.2179;-27.1728;10.0497;4251.56;6.04274;0;0;0.1;0.01;0;6.30899;0;0;-1
0;303;-64.5494;50.9175;-26.2239;9.27992;3347.51;5.57988;0;0;0.1;0.01;0;5.74966;0;0;-1
0;304;-66.6777;68.6692;-26.7128;9.4554;3541.02;5.68539;0;0;0.1;0.01;0;2.15122;0;0;-1
0;305;-49.7078;-72.4975;-27.7913;8.99661;3050.18;5.40953;0;0;0.1;0.01;0;5.22948;0;0;-1
0;306;-49.6145;-58.1757;-26.2925;9.25063;3315.91;5.56227;0;0;0.1;0.01;0;6.29368;0;0;-1
0;307;-51.5418;-39.7148;-26.344;9.3425;3415.69;5.61751;0;0;0.1;0.01;0;6.00811;0;0;-1
0;308;-52.4123;-23.1181;-27.5547;9.77632;3913.95;5.87836;0;0;0.1;0.01;0;6.55537;0;0;-1
0;309;-50.4851;-7.03419;-27.8134;9.73264;3861.72;5.8521;0;0;0.1;0.01;0;6.61026;0;0;-1
0;310;-53.0181;8.65196;-26.3243;8.9409;2993.87;5.37603;0;0;0.1;0.01;0;5.48738;0;0;-1
0;311;-51.1169;26.785;-24.4709;9.14375;3202.3;5.498;0;0;0.1;0.01;0;5.57666;0;0;-1
0;312;-49.9883;45.5124;-24.8741;9.78011;3918.5;5.88064;0;0;0.1;0.01;0;7.33688;0;0;-1
0;313;-50.671;62.487;-25.5814;8.75947;2815.28;5.26694;0;0;0.1;0.01;0;6.08554;0;0;-1
0;314;-51.7977;78.4831;-28.2605;8.72318;2780.44;5.24512;0;0;0.1;0.01;0;2.65165;0;0;-1
0;315;-36.4326;-82.1745;-26.5182;10.3133;4594.96;6.20124;0;0;0.1;0.01;0;6.19521;0;0;-1
0;316;-34.9809;-67.3053;-26.8048;8.88636;2939.41;5.34324;0;0;0.1;0.01;0;6.99035;0;0;-1
0;317;-38.3682;-47.1089;-27.1464;10.1598;4392.83;6.10894;0;0;0.1;0.01;0;5.71282;0;0;-1
0;318;-36.061;-30.0816;-26.0731;9.32899;3400.89;5.60939;0;0;0.1;0.01;0;6.11549;0;0;-1
0;319;-34.6341;-13.7618;-26.7994;8.77558;2830.85;5.27663;0;0;0.1;0.01;0;5.01531;0;0;-1
0;320;-36.584;4.31628;-27.4514;8.5;2572.44;5.11093;0;0;0.1;0.01;0;4.19299;1;0;-1
0;321;-38.3568;18.545;-27.4766;9.50184;3593.45;5.71332;0;0;0.1;0.01;0;5.45378;0;0;-1
0;322;-38.2422;34.5876;-25.1746;8.5;2572.44;5.11093;0;0;0.1;0.01;0;5.50139;1;0;-1
0;323;-37.6486;52.2782;-27.8632;9.223;3286.29;5.54566;0;0;0.1;0.01;0;6.07439;0;0;-1
0;324;-38.2099;67.7226;-25.7582;8.5;2572.44;5.11093;0;0;0.1;0.01;0;4.48532;1;0;-1
0;325;-35.5403;85.8429;-24.95;10.2803;4550.99;6.1814;0;0;0.1;0.01;0;3.74703;0;0;-1
0;326;-21.7864;-90.776;-25.2885;10.3383;4628.45;6.21627;0;0;0.1;0.01;0;3.98736;0;0;-1
0;327;-20.5806;-73.0906;-27.0239;10.1729;4409.84;6.11682;0;0;0.1;0.01;0;8.27745;0;0;-1
0;328;-20.3463;-59.1628;-26.3071;9.74517;3876.65;5.85963;0;0;0.1;0.01;0;7.26697;0;0;-1
0;329;-22.0212;-40.5883;-26.6555;8.61701;2680.15;5.18128;0;0;0.1;0.01;0;4.98645;0;0;-1
0;330;-21.3638;-21.1076;-24.9737;10.094;4308.03;6.06938;0;0;0.1;0.01;0;6.84129;0;0;-1
0;331;-19.7192;-5.48326;-28.0873;8.5;2572.44;5.11093;0;0;0.1;0.01;0;4.6496;1;0;-1
0;332;-21.3131;11.8066;-25.7707;8.5;2572.44;5.11093;0;0;0.1;0.01;0;4.00132;1;0;-1
0;333;-22.7748;28.7632;-27.7862;8.64731;2708.52;5.1995;0;0;0.1;0.01;0;5.10202;0;0;-1
0;334;-21.2708;44.7695;-27.878;9.74786;3879.86;5.86125;0;0;0.1;0.01;0;5.84274;0;0;-1
0;335;-21.6902;62.1723;-26.6144;9.66986;3787.47;5.81435;0;0;0.1;0.01;0;6.33896;0;0;-1
0;336;-22.8377;78.7611;-27.9082;9.43208;3514.88;5.67137;0;0;0.1;0.01;0;5.63187;0;0;-1
0;337;-5.93915;-81.2661;-28.6474;9.37792;3454.68;5.63881;0;0;0.1;0.01;0;6.0928;0;0;-1
0;338;-7.91087;-66.6051;-26.3344;9.47884;3567.42;5.69949;0;0;0.1;0.01;0;6.6884;0;0;-1
0;339;-8.56316;-48.5905;-24.3832;9.13807;3196.33;5.49459;0;0;0.1;0.01;0;5.18556;0;0;-1
0;340;-8.20093;-29.6898;-25.5436;8.77274;2828.1;5.27492;0;0;0.1;0.01;0;5.5663;0;0;-1
0;341;-6.01241;-13.325;-27.8125;9.41095;3491.31;5.65867;0;0;0.1;0.01;0;6.5981;0;0;-1
0;342;-5.49509;1.93015;-27.6472;8.53399;2603.42;5.13136;0;0;0.1;0.01;0;5.70939;0;0;-1
0;343;-6.60809;21.1286;-25.6302;9.60397;3710.57;5.77473;0;0;0.1;0.01;0;6.69918;0;0;-1
0;344;-7.09586;35.4062;-27.0942;9.34522;3418.67;5.61915;0;0;0.1;0.01;0;7.483;0;0;-1
0;345;-7.93141;51.514;-26.0251;8.65073;2711.73;5.20156;0;0;0.1;0.01;0;5.61262;0;0;-1
0;346;-9.34406;72.1651;-24.4915;8.6207;2683.59;5.1835;0;0;0.1;0.01;0;5.03748;0;0;-1
0;347;-9.0985;88.2409;-25.668;8.64271;2704.2;5.19674;0;0;0.1;0.01;0;3.97174;0;0;-1
0;348;9.34673;-90.4735;-25.4141;10.3115;4592.55;6.20016;0;0;0.1;0.01;0;4.27785;0;0;-1
0;349;6.59639;-75.7938;-25.3168;9.7822;3921.01;5.88189;0;0;0.1;0.01;0;6.67418;0;0;-1
0;350;9.44611;-58.6614;-25.7707;9.33001;3402;5.61;0;0;0.1;0.01;0;5.80839;0;0;-1
0;351;5.72593;-40.0312;-25.3971;9.62018;3729.39;5.78447;0;0;0.1;0.01;0;6.09792;0;0;-1
0;352;8.26303;-25.518;-26.5904;8.72878;2785.8;5.24849;0;0;0.1;0.01;0;5.86019;0;0;-1
0;353;9.02233;-8.76737;-27.6942;10.2426;4501.11;6.15873;0;0;0.1;0.01;0;6.79739;0;0;-1
0;354;5.51712;9.93641;-25.5086;9.14542;3204.05;5.49901;0;0;0.1;0.01;0;4.58381;0;0;-1
0;355;9.43588;29.3299;-27.6654;10.081;4291.4;6.06156;0;0;0.1;0.01;0;6.86072;0;0;-1
0;356;6.25321;44.0482;-25.241;10.3766;4680.09;6.2393;0;0;0.1;0.01;0;7.20007;0;0;-1
0;357;6.86676;63.4091;-24.6199;10.1832;4423.25;6.12301;0;0;0.1;0.01;0;6.80687;0;0;-1
0;358;5.90106;78.285;-28.0038;9.05381;3108.73;5.44392;0;0;0.1;0.01;0;5.55886;0;0;-1
0;359;8.24471;95.6176;-26.8439;10.0208;4214.98;6.02536;0;0;0.1;0.01;0;2.99737;0;0;-1
0;360;22.5777;-82.3658;-25.2095;9.14669;3205.39;5.49977;0;0;0.1;0.01;0;4.65919;0;0;-1
0;361;23.7013;-65.8983;-25.4715;9.51617;3609.73;5.72193;0;0;0.1;0.01;0;5.43788;0;0;-1
0;362;23.2786;-47.2926;-27.4349;10.114;4333.69;6.0814;0;0;0.1;0.01;0;6.25843;0;0;-1
0;363;22.7918;-31.7601;-26.0466;9.7203;3847.05;5.84468;0;0;0.1;0.01;0;6.89553;0;0;-1
0;364;22.1273;-16.0889;-25.5858;10.0142;4206.66;6.02139;0;0;0.1;0.01;0;6.72971;0;0;-1
0;365;22.3165;1.0179;-26.8039;9.03568;3090.09;5.43302;0;0;0.1;0.01;0;5.17216;0;0;-1
0;366;23.3882;18.1888;-28.0133;9.62583;3735.97;5.78787;0;0;0.1;0.01;0;6.25447;0;0;-1
0;367;23.2511;34.9391;-27.5233;9.48752;3577.23;5.70471;0;0;0.1;0.01;0;7.42015;0;0;-1
0;368;20.5931;51.113;-24.5193;9.78732;3927.17;5.88497;0;0;0.1;0.01;0;6.26146;0;0;-1
0;369;20.2923;69.1562;-26.9538;9.41126;3491.66;5.65885;0;0;0.1;0.01;0;5.36306;0;0;-1
0;370;23.3578;84.5714;-24.8045;9.48309;3572.22;5.70204;0;0;0.1;0.01;0;4.9018;0;0;-1
0;371;38.0673;-75.9929;-27.1002;9.08221;3138.07;5.461;0;0;0.1;0.01;0;3.94174;0;0;-1
0;372;35.2278;-56.917;-27.0363;8.68961;2748.46;5.22494;0;0;0.1;0.01;0;5.60593;0;0;-1
0;373;37.5327;-39.9439;-26.8298;9.92192;4091.44;5.96591;0;0;0.1;0.01;0;7.96746;0;0;-1
0;374;37.6917;-23.1657;-27.6877;9.98008;4163.81;6.00088;0;0;0.1;0.01;0;7.59027;0;0;-1
0;375;37.4548;-7.20976;-24.8375;9.68117;3800.77;5.82115;0;0;0.1;0.01;0;6.57078;0;0;-1
0;376;35.1278;8.91304;-26.7893;8.8148;2868.97;5.30021;0;0;0.1;0.01;0;5.30846;0;0;-1
0;377;37.2274;25.3868;-24.7124;9.96675;4147.15;5.99286;0;0;0.1;0.01;0;6.87807;0;0;-1
0;378;37.0145;42.1401;-27.0986;9.84583;3998.03;5.92015;0;0;0.1;0.01;0;6.57877;0;0;-1
0;379;38.448;63.6764;-24.9036;8.5;2572.44;5.11093;0;0;0.1;0.01;0;4.58581;1;0;-1
0;380;36.7488;78.8076;-24.8803;8.5;2572.44;5.11093;0;0;0.1;0.01;0;4.35258;1;0;-1
0;381;50.4405;-66.6535;-24.7873;10.2137;4463.11;6.14135;0;0;0.1;0.01;0;5.57014;0;0;-1
0;382;49.9647;-50.7731;-25.2886;10.1728;4409.71;6.11676;0;0;0.1;0.01;0;6.85287;0;0;-1
0;383;50.0693;-33.4166;-25.0302;8.55599;2623.61;5.14459;0;0;0.1;0.01;0;5.20315;0;0;-1
0;384;52.7113;-15.561;-26.8568;9.21838;3281.35;5.54288;0;0;0.1;0.01;0;6.25888;0;0;-1
0;385;51.8211;1.73604;-28.3362;10.0155;4208.3;6.02217;0;0;0.1;0.01;0;7.16915;0;0;-1
0;386;50.1089;17.7979;-28.5164;9.04577;3100.45;5.43909;0;0;0.1;0.01;0;6.1671;0;0;-1
0;387;50.3107;34.8927;-25.0689;9.38364;3461.01;5.64225;0;0;0.1;0.01;0;5.57559;0;0;-1
0;388;52.9813;54.7669;-24.6932;8.65695;2717.59;5.2053;0;0;0.1;0.01;0;4.39672;0;0;-1
0;389;52.1998;72.6222;-26.9392;9.78828;3928.33;5.88555;0;0;0.1;0.01;0;4.37913;0;0;-1
0;390;66.3625;-59.2077;-27.6321;8.99162;3045.11;5.40653;0;0;0.1;0.01;0;4.13111;0;0;-1
0;391;66.6315;-42.2268;-25.0393;8.84857;2902.07;5.32052;0;0;0.1;0.01;0;5.48398;0;0;-1
0;392;67.4847;-23.2438;-24.8686;10.3678;4668.19;6.23401;0;0;0.1;0.01;0;6.53719;0;0;-1
0;393;65.5589;-5.6028;-26.9223;8.9529;3005.94;5.38325;0;0;0.1;0.01;0;6.84115;0;0;-1
0;394;66.5788;9.45421;-25.0957;9.2484;3313.51;5.56093;0;0;0.1;0.01;0;5.82257;0;0;-1
0;395;64.873;25.409;-25.6021;9.8348;3984.6;5.91352;0;0;0.1;0.01;0;4.80817;0;0;-1
0;396;66.3815;46.5088;-25.9002;10.0347;4232.55;6.03372;0;0;0.1;0.01;0;5.81591;0;0;-1
0;397;65.0736;62.2799;-27.5162;10.0508;4252.95;6.0434;0;0;0.1;0.01;0;4.96827;0;0;-1
0;398;79.417;-51.2648;-25.8204;10.1042;4321.1;6.07551;0;0;0.1;0.01;0;2.17823;0;0;-1
0;399;81.8801;-34.2063;-24.8269;10.2512;4512.45;6.1639;0;0;0.1;0.01;0;3.4147;0;0;-1
0;400;80.7489;-16.8128;-25.3544;8.88357;2936.64;5.34156;0;0;0.1;0.01;0;4.4678;0;0;-1
0;401;79.7968;-0.230296;-26.2381;9.30496;3374.68;5.59494;0;0;0.1;0.01;0;4.87217;0;0;-1
0;402;83.2182;17.7968;-25.2688;9.79833;3940.44;5.89159;0;0;0.1;0.01;0;4.14469;0;0;-1
0;403;79.0987;33.765;-27.9957;8.5;2572.44;5.11093;0;0;0.1;0.01;0;3.36469;1;0;-1
0;404;79.3714;54.6249;-26.5424;10.3516;4646.34;6.22427;0;0;0.1;0.01;0;2.70775;0;0;-1
0;405;-98.4415;0.958393;-11.8078;10.2755;4544.62;6.17851;0;0;0.1;0.01;0;3.70443;0;0;-1
0;406;-84.2846;-42.085;-11.2489;9.08598;3141.98;5.46327;0;0;0.1;0.01;0;3.46795;0;0;-1
0;407;-84.3754;-23.5403;-10.3083;10.4098;4725.15;6.25926;0;0;0.1;0.01;0;5.70296;0;0;-1
0;408;-85.2154;-7.13495;-12.4873;8.91246;2965.39;5.35893;0;0;0.1;0.01;0;5.26837;0;0;-1
0;409;-83.3478;11.6462;-11.9296;10.149;4378.83;6.10245;0;0;0.1;0.01;0;5.92233;0;0;-1
0;410;-84.8139;29.1385;-12.4306;8.5;2572.44;5.11093;0;0;0.1;0.01;0;4.1291;1;0;-1
0;411;-84.0297;42.4981;-11.3189;9.39125;3469.44;5.64682;0;0;0.1;0.01;0;4.12724;0;0;-1
0;412;-70.8097;-68.4421;-10.0635;8.78734;2842.24;5.2837;0;0;0.1;0.01;0;2.13496;0;0;-1
0;413;-69.2266;-49.2664;-11.998;9.51949;3613.51;5.72393;0;0;0.1;0.01;0;4.76758;0;0;-1
0;414;-69.8914;-32.5564;-10.1375;9.37135;3447.43;5.63486;0;0;0.1;0.01;0;6.79665;0;0;-1
0;415;-72.1642;-15.7398;-11.6943;9.40543;3485.17;5.65535;0;0;0.1;0.01;0;6.58617;0;0;-1
0;416;-70.8002;3.1761;-10.3115;8.76929;2824.76;5.27285;0;0;0.1;0.01;0;6.07152;0;0;-1
0;417;-68.3533;17.3728;-12.9544;8.58719;2652.42;5.16335;0;0;0.1;0.01;0;4.93225;0;0;-1
0;418;-69.4955;36.4683;-11.9835;9.59908;3704.91;5.77179;0;0;0.1;0.01;0;6.33997;0;0;-1
0;419;-71.9178;53.7844;-13.021;8.9755;3028.76;5.39684;0;0;0.1;0.01;0;4.41806;0;0;-1
0;420;-54.285;-75.1316;-9.72536;8.85847;2911.82;5.32647;0;0;0.1;0.01;0;3.815;0;0;-1
0;421;-56.6185;-58.236;-12.3489;9.39962;3478.72;5.65186;0;0;0.1;0.01;0;5.38535;0;0;-1
0;422;-57.3275;-39.2009;-10.3201;8.57706;2643.04;5.15726;0;0;0.1;0.01;0;5.56618;0;0;-1
0;423;-57.3136;-23.956;-11.8647;8.5;2572.44;5.11093;0;0;0.1;0.01;0;5.49242;1;0;-1
0;424;-55.2387;-7.21866;-11.809;9.00601;3059.75;5.41518;0;0;0.1;0.01;0;5.50099;0;0;-1
0;425;-54.3053;8.60164;-12.5421;10.0595;4264.01;6.04863;0;0;0.1;0.01;0;5.98835;0;0;-1
0;426;-57.3433;29.7698;-12.8181;8.5;2572.44;5.11093;0;0;0.1;0.01;0;5.63756;1;0;-1
0;427;-55.1175;44.7244;-11.8326;9.28257;3350.37;5.58147;0;0;0.1;0.01;0;6.8567;0;0;-1
0;428;-57.951;60.0323;-10.6825;9.74725;3879.14;5.86088;0;0;0.1;0.01;0;5.44977;0;0;-1
0;429;-42.7863;-83.6416;-13.2575;10.0889;4301.5;6.06631;0;0;0.1;0.01;0;4.25826;0;0;-1
0;430;-39.3555;-64.625;-11.5707;9.79525;3936.73;5.88974;0;0;0.1;0.01;0;5.60934;0;0;-1
0;431;-41.0508;-49.3517;-10.6951;8.52157;2592.07;5.1239;0;0;0.1;0.01;0;5.07897;0;0;-1
0;432;-41.2242;-32.6056;-12.3596;9.80366;3946.87;5.8948;0;0;0.1;0.01;0;6.13989;0;0;-1
0;433;-42.0832;-14.3459;-13.5217;10.014;4206.41;6.02127;0;0;0.1;0.01;0;6.0841;0;0;-1
0;434;-40.9235;3.06862;-10.7843;9.48602;3575.53;5.70381;0;0;0.1;0.01;0;5.76939;0;0;-1
0;435;-39.4026;20.0886;-11.2062;10.0097;4200.99;6.01869;0;0;0.1;0.01;0;6.27674;0;0;-1
0;436;-42.1304;36.9076;-13.1717;9.33057;3402.62;5.61034;0;0;0.1;0.01;0;7.19956;0;0;-1
0;437;-42.6543;52.2137;-12.6232;8.5;2572.44;5.11093;0;0;0.1;0.01;0;5.05264;1;0;-1
0;438;-43.0047;70.6864;-12.5567;8.74544;2801.78;5.25851;0;0;0.1;0.01;0;4.72223;0;0;-1
0;439;-43.2562;85.1339;-13.3315;8.5;2572.44;5.11093;0;0;0.1;0.01;0;3.42451;1;0;-1
0;440;-27.9025;-93.1809;-13.0837;9.62079;3730.1;5.78484;0;0;0.1;0.01;0;4.31855;0;0;-1
0;441;-28.1459;-76.869;-13.0011;10.1441;4372.49;6.0995;0;0;0.1;0.01;0;7.05678;0;0;-1
0;442;-24.6958;-56.5737;-12.2832;10.3899;4698.1;6.2473;0;0;0.1;0.01;0;7.3068;0;0;-1
0;443;-27.3665;-41.7548;-10.1916;10.4383;4764.07;6.2764;0;0;0.1;0.01;0;7.63299;0;0;-1
0;444;-26.6316;-22.283;-11.8632;10.2193;4470.46;6.14472;0;0;0.1;0.01;0;6.64919;0;0;-1
0;445;-24.9546;-7.30261;-10.3184;8.54228;2611.02;5.13635;0;0;0.1;0.01;0;4.6975;0;0;-1
0;446;-25.1398;9.14829;-10.2551;9.43114;3513.83;5.67081;0;0;0.1;0.01;0;5.17486;0;0;-1
0;447;-27.4312;28.4658;-10.5833;10.2555;4518.13;6.16648;0;0;0.1;0.01;0;6.15034;0;0;-1
0;448;-28.3077;42.9583;-10.7786;9.06343;3118.65;5.44971;0;0;0.1;0.01;0;5.62718;0;0;-1
0;449;-24.4433;59.066;-12.8477;8.80537;2859.77;5.29454;0;0;0.1;0.01;0;4.53553;0;0;-1
0;450;-24.7758;77.7015;-12.2446;9.85517;4009.41;5.92577;0;0;0.1;0.01;0;6.45189;0;0;-1
0;451;-24.8565;94.6719;-14.0149;10.1999;4445.05;6.13305;0;0;0.1;0.01;0;3.5448;0;0;-1
0;452;-13.5484;-83.3038;-11.086;8.5;2572.44;5.11093;0;0;0.1;0.01;0;4.45493;1;0;-1
0;453;-12.7714;-65.4549;-13.2555;8.5;2572.44;5.11093;0;0;0.1;0.01;0;5.52608;1;0;-1
0;454;-12.6931;-48.4376;-9.7092;9.49539;3586.14;5.70944;0;0;0.1;0.01;0;6.60618;0;0;-1
0;455;-11.4459;-32.3669;-11.7601;10.4018;4714.27;6.25445;0;0;0.1;0.01;0;7.25809;0;0;-1
0;456;-10.3977;-14.2742;-10.7251;8.5;2572.44;5.11093;0;0;0.1;0.01;0;6.06064;1;0;-1
0;457;-10.7175;0.962267;-11.6037;10.2021;4447.92;6.13437;0;0;0.1;0.01;0;7.15998;0;0;-1
0;458;-10.7314;16.9678;-11.6254;9.08701;3143.05;5.46389;0;0;0.1;0.01;0;5.76867;0;0;-1
0;459;-11.5892;34.243;-12.5344;8.56015;2627.44;5.14709;0;0;0.1;0.01;0;4.61844;0;0;-1
0;460;-10.3552;50.969;-10.6131;8.54843;2616.66;5.14005;0;0;0.1;0.01;0;5.22246;0;0;-1
0;461;-10.5235;67.4178;-11.6276;9.0735;3129.05;5.45576;0;0;0.1;0.01;0;5.91014;0;0;-1
0;462;-11.6986;87.2605;-12.4354;8.5;2572.44;5.11093;0;0;0.1;0.01;0;4.79372;1;0;-1
0;463;4.39469;-91.5531;-10.5843;8.69412;2752.74;5.22765;0;0;0.1;0.01;0;3.76441;0;0;-1
0;464;1.54405;-75.9961;-12.1232;8.5;2572.44;5.11093;0;0;0.1;0.01;0;5.49016;1;0;-1
0;465;1.34778;-59.4769;-12.8546;8.86284;2916.13;5.3291;0;0;0.1;0.01;0;6.0618;0;0;-1
0;466;1.68229;-41.2617;-12.6222;9.63019;3741.05;5.79049;0;0;0.1;0.01;0;6.53712;0;0;-1
0;467;1.26218;-21.5685;-10.4663;9.21799;3280.93;5.54264;0;0;0.1;0.01;0;6.6098;0;0;-1
0;468;1.59342;-7.44592;-12.1291;8.63646;2698.34;5.19298;0;0;0.1;0.01;0;6.1261;0;0;-1
0;469;3.27885;8.17261;-12.28;10.1133;4332.79;6.08098;0;0;0.1;0.01;0;6.21151;0;0;-1
0;470;3.1906;25.1299;-13.5561;9.05314;3108.04;5.44352;0;0;0.1;0.01;0;4.72255;0;0;-1
0;471;1.98717;43.7651;-10.4963;9.3009;3370.26;5.5925;0;0;0.1;0.01;0;5.57839;0;0;-1
0;472;2.33169;59.5214;-10.7516;9.45512;3540.71;5.68523;0;0;0.1;0.01;0;6.5886;0;0;-1
0;473;2.70722;76.7478;-10.3962;8.91847;2971.39;5.36255;0;0;0.1;0.01;0;6.03204;0;0;-1
0;474;3.09479;94.0434;-11.4644;10.2647;4530.3;6.17202;0;0;0.1;0.01;0;4.45803;0;0;-1
0;475;18.8215;-85.1776;-10.5407;9.35595;3430.46;5.6256;0;0;0.1;0.01;0;5.80012;0;0;-1
0;476;16.0686;-68.1922;-10.517;9.47166;3559.32;5.69517;0;0;0.1;0.01;0;6.35445;0;0;-1
0;477;15.9631;-51.4704;-9.8727;9.86583;4022.44;5.93218;0;0;0.1;0.01;0;5.77891;0;0;-1
0;478;15.5207;-33.3876;-10.5203;9.65096;3765.3;5.80298;0;0;0.1;0.01;0;5.74344;0;0;-1
0;479;16.0328;-16.2992;-11.4655;8.57311;2639.39;5.15489;0;0;0.1;0.01;0;5.90906;0;0;-1
0;480;16.4188;1.11848;-11.4606;9.38448;3461.94;5.64275;0;0;0.1;0.01;0;5.5792;0;0;-1
0;481;19.4892;20.903;-10.8773;9.88972;4051.73;5.94655;0;0;0.1;0.01;0;6.04956;0;0;-1
0;482;19.6251;38.1915;-13.1716;8.5;2572.44;5.11093;0;0;0.1;0.01;0;5.08453;1;0;-1
0;483;18.1895;54.5336;-11.4706;8.5;2572.44;5.11093;0;0;0.1;0.01;0;4.9289;1;0;-1
0;484;17.3052;71.4355;-10.3224;10.3965;4707.06;6.25126;0;0;0.1;0.01;0;7.11068;0;0;-1
0;485;15.6986;84.9724;-12.574;8.5;2572.44;5.11093;0;0;0.1;0.01;0;5.45035;1;0;-1
0;486;31.9482;-93.7249;-12.0448;8.83098;2884.8;5.30994;0;0;0.1;0.01;0;1.85791;0;0;-1
0;487;33.3627;-76.651;-12.3214;9.41174;3492.19;5.65914;0;0;0.1;0.01;0;5.65345;0;0;-1
0;488;32.8904;-55.3924;-10.347;9.45135;3536.47;5.68296;0;0;0.1;0.01;0;4.99244;0;0;-1
0;489;34.1683;-38.8923;-10.1246;9.62386;3733.67;5.78669;0;0;0.1;0.01;0;6.14328;0;0;-1
0;490;31.2333;-21.3575;-12.2763;9.89423;4057.28;5.94926;0;0;0.1;0.01;0;7.10815;0;0;-1
0;491;33.1377;-6.34173;-10.7792;8.88235;2935.43;5.34083;0;0;0.1;0.01;0;5.56335;0;0;-1
0;492;33.5006;11.7973;-12.9116;10.3784;4682.52;6.24038;0;0;0.1;0.01;0;7.01964;0;0;-1
0;493;31.4694;29.0525;-10.8337;9.24443;3309.25;5.55854;0;0;0.1;0.01;0;6.82163;0;0;-1
0;494;33.5336;46.2615;-13.2482;9.56238;3662.58;5.74972;0;0;0.1;0.01;0;5.98868;0;0;-1
0;495;32.7918;63.4883;-10.369;8.6173;2680.42;5.18146;0;0;0.1;0.01;0;5.98512;0;0;-1
0;496;32.2669;79.3788;-10.1281;10.0567;4260.45;6.04695;0;0;0.1;0.01;0;6.38752;0;0;-1
0;497;45.9698;-82.9345;-10.7948;8.5;2572.44;5.11093;0;0;0.1;0.01;0;4.15683;1;0;-1
0;498;48.1306;-67.8872;-11.4537;9.53328;3629.24;5.73222;0;0;0.1;0.01;0;6.01348;0;0;-1
0;499;47.6994;-47.7304;-11.9671;9.34097;3414.01;5.61659;0;0;0.1;0.01;0;6.11505;0;0;-1
0;500;48.6206;-31.7065;-12.5244;9.05733;3112.36;5.44604;0;0;0.1;0.01;0;5.53987;0;0;-1
0;501;45.5561;-14.7385;-10.9489;9.15165;3210.6;5.50275;0;0;0.1;0.01;0;6.26853;0;0;-1
0;502;46.5932;0.435523;-11.0257;10.1585;4391.14;6.10816;0;0;0.1;0.01;0;7.44591;0;0;-1
0;503;47.7352;18.114;-13.4356;10.1742;4411.53;6.1176;0;0;0.1;0.01;0;7.7451;0;0;-1
0;504;47.9023;34.6499;-10.541;9.51622;3609.79;5.72196;0;0;0.1;0.01;0;6.42665;0;0;-1
0;505;45.9414;55.1923;-12.4996;8.5;2572.44;5.11093;0;0;0.1;0.01;0;5.01799;1;0;-1
0;506;46.2875;68.4961;-10.0095;9.24156;3306.16;5.55682;0;0;0.1;0.01;0;6.17028;0;0;-1
0;507;47.6979;85.6416;-13.0955;8.6403;2701.94;5.19529;0;0;0.1;0.01;0;2.33885;0;0;-1
0;508;61.0931;-74.2485;-11.2896;10.3036;4582.01;6.19541;0;0;0.1;0.01;0;3.19897;0;0;-1
0;509;60.3091;-56.0664;-13.302;9.61516;3723.56;5.78146;0;0;0.1;0.01;0;6.3941;0;0;-1
0;510;61.4406;-42.1481;-11.6182;9.39919;3478.24;5.6516;0;0;0.1;0.01;0;6.41209;0;0;-1
0;511;62.5801;-25.78;-11.8605;9.28468;3352.66;5.58274;0;0;0.1;0.01;0;5.84214;0;0;-1
0;512;62.7419;-7.65047;-11.5006;9.83406;3983.7;5.91308;0;0;0.1;0.01;0;6.46728;0;0;-1
0;513;60.7351;9.37434;-12.8114;10.2245;4477.29;6.14784;0;0;0.1;0.01;0;6.65732;0;0;-1
0;514;61.9711;28.7564;-10.2201;9.92591;4096.37;5.96831;0;0;0.1;0.01;0;6.30838;0;0;-1
0;515;62.6733;45.9882;-11.1244;9.50542;3597.51;5.71547;0;0;0.1;0.01;0;5.70391;0;0;-1
0;516;63.2349;63.5916;-10.8008;10.0981;4313.28;6.07184;0;0;0.1;0.01;0;5.33238;0;0;-1
0;517;61.0463;77.9247;-13.793;8.90529;2958.24;5.35462;0;0;0.1;0.01;0;2.77382;0;0;-1
0;518;77.6039;-47.5307;-10.807;8.5;2572.44;5.11093;0;0;0.1;0.01;0;3.89164;1;0;-1
0;519;77.3355;-30.0303;-11.2409;8.60685;2670.68;5.17517;0;0;0.1;0.01;0;5.62864;0;0;-1
0;520;75.3003;-14.4403;-10.8554;10.4528;4783.95;6.28512;0;0;0.1;0.01;0;7.8016;0;0;-1
0;521;74.9434;1.1204;-10.9958;8.5;2572.44;5.11093;0;0;0.1;0.01;0;6.1665;1;0;-1
0;522;76.6103;18.0084;-13.3365;8.69993;2758.26;5.23114;0;0;0.1;0.01;0;5.74851;0;0;-1
0;523;75.0679;34.8528;-12.7104;8.5;2572.44;5.11093;0;0;0.1;0.01;0;5.25316;1;0;-1
0;524;75.3436;51.4786;-10.2282;9.24246;3307.13;5.55736;0;0;0.1;0.01;0;5.72082;0;0;-1
0;525;89.5836;-22.1745;-11.9599;8.5;2572.44;5.11093;0;0;0.1;0.01;0;3.79064;1;0;-1
0;526;90.0673;-4.25101;-10.1471;9.67018;3787.85;5.81454;0;0;0.1;0.01;0;4.12155;0;0;-1
0;527;89.5572;12.0077;-11.0209;8.94815;3001.15;5.38039;0;0;0.1;0.01;0;4.80321;0;0;-1
0;528;89.4287;27.0277;-11.2006;8.57982;2645.59;5.15892;0;0;0.1;0.01;0;4.51437;0;0;-1
0;529;89.2386;43.5632;-9.84227;10.0381;4236.85;6.03576;0;0;0.1;0.01;0;3.29383;0;0;-1
0;530;-93.9354;-16.576;2.3962;9.45997;3546.16;5.68814;0;0;0.1;0.01;0;3.17095;0;0;-1
0;531;-95.686;2.72662;3.43378;9.65336;3768.11;5.80443;0;0;0.1;0.01;0;3.78376;0;0;-1
0;532;-95.9058;18.6857;2.15925;10.2032;4449.36;6.13504;0;0;0.1;0.01;0;3.23986;0;0;-1
0;533;-79.6776;-55.9197;3.03659;8.5;2572.44;5.11093;0;0;0.1;0.01;0;2.63954;1;0;-1
0;534;-82.6272;-41.524;4.68406;9.80047;3943.02;5.89288;0;0;0.1;0.01;0;4.17494;0;0;-1
0;535;-80.5973;-23.2241;2.97321;9.80139;3944.13;5.89343;0;0;0.1;0.01;0;6.45366;0;0;-1
0;536;-79.8672;-6.1335;3.72575;9.46528;3552.13;5.69134;0;0;0.1;0.01;0;5.92424;0;0;-1
0;537;-81.7977;10.3519;2.7147;8.90491;2957.86;5.35439;0;0;0.1;0.01;0;4.70813;0;0;-1
0;538;-80.6006;25.4939;1.21334;8.5;2572.44;5.11093;0;0;0.1;0.01;0;3.69477;1;0;-1
0;539;-82.6829;44.0774;2.76749;10.2457;4505.19;6.16059;0;0;0.1;0.01;0;4.42282;0;0;-1
0;540;-78.905;61.1255;3.37114;9.4202;3501.62;5.66423;0;0;0.1;0.01;0;2.56026;0;0;-1
0;541;-63.8857;-65.5064;1.67984;8.86781;2921.04;5.33209;0;0;0.1;0.01;0;4.00748;0;0;-1
0;542;-64.2778;-47.2876;4.40063;10.2617;4526.33;6.17021;0;0;0.1;0.01;0;6.23351;0;0;-1
0;543;-68.3923;-33.05;3.55491;8.92266;2975.58;5.36507;0;0;0.1;0.01;0;5.75875;0;0;-1
0;544;-67.7965;-14.8217;1.72419;10.4365;4761.6;6.27532;0;0;0.1;0.01;0;6.92609;0;0;-1
0;545;-67.1934;0.400079;3.73909;10.3306;4618.12;6.21164;0;0;0.1;0.01;0;6.93418;0;0;-1
0;546;-64.7311;17.1287;3.36567;10.4477;4776.95;6.28205;0;0;0.1;0.01;0;6.02073;0;0;-1
0;547;-65.1788;36.5259;3.09547;10.4249;4745.74;6.26834;0;0;0.1;0.01;0;6.60338;0;0;-1
0;548;-65.5666;52.029;3.22899;9.47993;3568.65;5.70014;0;0;0.1;0.01;0;5.4806;0;0;-1
0;549;-64.9458;70.4094;3.16675;8.5;2572.44;5.11093;0;0;0.1;0.01;0;2.3495;1;0;-1
0;550;-49.9098;-75.3354;3.23819;8.5823;2647.89;5.16041;0;0;0.1;0.01;0;5.00499;0;0;-1
0;551;-50.3427;-59.3872;4.21032;8.71413;2771.79;5.23968;0;0;0.1;0.01;0;5.50559;0;0;-1
0;552;-50.9543;-42.3301;3.33898;8.72965;2786.63;5.24901;0;0;0.1;0.01;0;5.46222;0;0;-1
0;553;-52.115;-24.477;3.65161;8.58632;2651.61;5.16283;0;0;0.1;0.01;0;4.18459;0;0;-1
0;554;-49.6408;-5.37591;2.14593;8.5;2572.44;5.11093;0;0;0.1;0.01;0;4.35388;1;0;-1
0;555;-52.3026;10.0591;3.75442;8.5;2572.44;5.11093;0;0;0.1;0.01;0;4.98822;1;0;-1
0;556;-52.7548;25.8354;2.70144;8.5;2572.44;5.11093;0;0;0.1;0.01;0;5.48566;1;0;-1
0;557;-50.2695;42.9865;5.11417;9.8444;3996.28;5.91929;0;0;0.1;0.01;0;5.97394;0;0;-1
0;558;-50.7539;63.4584;1.83225;9.04923;3104.01;5.44117;0;0;0.1;0.01;0;5.21434;0;0;-1
0;559;-51.4563;78.1194;1.28827;9.76208;3896.87;5.8698;0;0;0.1;0.01;0;4.43697;0;0;-1
0;560;-34.9768;-84.0157;3.4389;9.36644;3442.01;5.6319;0;0;0.1;0.01;0;5.15578;0;0;-1
0;561;-38.502;-67.3852;3.24567;9.15764;3216.91;5.50636;0;0;0.1;0.01;0;5.35439;0;0;-1
0;562;-36.7026;-50.3878;4.11911;8.5;2572.44;5.11093;0;0;0.1;0.01;0;5.17263;1;0;-1
0;563;-35.8317;-32.6208;2.67481;9.95707;4135.07;5.98704;0;0;0.1;0.01;0;6.05362;0;0;-1
0;564;-38.0793;-14.0871;3.15294;8.97516;3028.41;5.39663;0;0;0.1;0.01;0;4.98346;0;0;-1
0;565;-36.6342;3.17929;4.03613;8.90095;2953.91;5.35201;0;0;0.1;0.01;0;5.8564;0;0;-1
0;566;-38.1391;19.9736;2.91721;10.1518;4382.46;6.10413;0;0;0.1;0.01;0;6.86718;0;0;-1
0;567;-38.1977;36.308;1.02684;8.89588;2948.87;5.34896;0;0;0.1;0.01;0;5.93225;0;0;-1
0;568;-35.4169;50.8398;2.8607;9.82839;3976.82;5.90967;0;0;0.1;0.01;0;5.01498;0;0;-1
0;569;-35.7454;71.7412;1.33987;10.4423;4769.55;6.2788;0;0;0.1;0.01;0;6.28635;0;0;-1
0;570;-35.3302;87.8898;3.28785;9.58234;3685.56;5.76172;0;0;0.1;0.01;0;5.14567;0;0;-1
0;571;-20.7804;-93.6562;1.59873;9.51832;3612.18;5.72323;0;0;0.1;0.01;0;4.31299;0;0;-1
0;572;-20.5658;-76.6094;4.59193;8.53528;2604.61;5.13214;0;0;0.1;0.01;0;5.26522;0;0;-1
0;573;-23.6216;-57.6363;1.54013;9.2155;3278.27;5.54115;0;0;0.1;0.01;0;6.0043;0;0;-1
0;574;-23.2228;-40.3587;2.14546;9.25268;3318.11;5.5635;0;0;0.1;0.01;0;6.41719;0;0;-1
0;575;-21.1677;-23.083;3.5701;8.5;2572.44;5.11093;0;0;0.1;0.01;0;5.39794;1;0;-1
0;576;-20.5792;-5.1942;3.34251;8.55675;2624.31;5.14505;0;0;0.1;0.01;0;6.16115;0;0;-1
0;577;-20.1901;9.99216;4.07203;10.1133;4332.79;6.08098;0;0;0.1;0.01;0;6.90058;0;0;-1
0;578;-23.9417;27.5225;1.88723;8.5874;2652.61;5.16348;0;0;0.1;0.01;0;3.99371;0;0;-1
0;579;-19.9302;46.9961;1.82914;9.19996;3261.72;5.5318;0;0;0.1;0.01;0;4.5475;0;0;-1
0;580;-22.0313;63.3246;2.16522;9.89483;4058.01;5.94962;0;0;0.1;0.01;0;6.65828;0;0;-1
0;581;-22.1881;77.5564;1.90932;9.60554;3712.39;5.77567;0;0;0.1;0.01;0;6.1991;0;0;-1
0;582;-23.367;96.2344;1.36087;9.90756;4073.7;5.95727;0;0;0.1;0.01;0;3.41964;0;0;-1
0;583;-7.07142;-98.9534;0.928293;10.0776;4287.06;6.05951;0;0;0.1;0.01;0;2.9732;0;0;-1
0;584;-5.64381;-81.0553;3.71208;8.73414;2790.93;5.25171;0;0;0.1;0.01;0;5.62639;0;0;-1
0;585;-9.08193;-66.6478;2.76887;10.3839;4689.97;6.24369;0;0;0.1;0.01;0;5.75297;0;0;-1
0;586;-7.63155;-49.2546;2.31097;8.64791;2709.08;5.19986;0;0;0.1;0.01;0;5.09516;0;0;-1
0;587;-7.46511;-29.9722;2.51609;9.4445;3528.79;5.67884;0;0;0.1;0.01;0;6.35215;0;0;-1
0;588;-8.78167;-14.1945;3.11693;9.71029;3835.18;5.83866;0;0;0.1;0.01;0;6.88093;0;0;-1
0;589;-7.88598;1.80544;3.77403;8.5;2572.44;5.11093;0;0;0.1;0.01;0;5.89906;1;0;-1
0;590;-6.29794;17.3601;1.34552;8.51996;2590.61;5.12293;0;0;0.1;0.01;0;5.93009;0;0;-1
0;591;-6.16599;34.6534;3.70414;9.22465;3288.05;5.54665;0;0;0.1;0.01;0;5.50919;0;0;-1
0;592;-5.76185;51.8027;3.53874;8.5;2572.44;5.11093;0;0;0.1;0.01;0;5.86981;1;0;-1
0;593;-7.56981;71.7844;2.33193;10.3283;4615.04;6.21026;0;0;0.1;0.01;0;6.85518;0;0;-1
0;594;-9.20669;88.3778;3.68168;9.77079;3907.31;5.87503;0;0;0.1;0.01;0;4.97573;0;0;-1
0;595;8.04072;-92.1706;3.10099;8.71605;2773.63;5.24083;0;0;0.1;0.01;0;4.70768;0;0;-1
0;596;8.63734;-76.0903;1.83088;9.61678;3725.44;5.78243;0;0;0.1;0.01;0;7.04083;0;0;-1
0;597;5.95435;-58.9243;1.68914;10.096;4310.59;6.07058;0;0;0.1;0.01;0;6.92105;0;0;-1
0;598;7.03675;-42.7389;3.5898;9.83689;3987.15;5.91478;0;0;0.1;0.01;0;6.72703;0;0;-1
0;599;7.54646;-24.9405;1.85031;9.5353;3631.55;5.73344;0;0;0.1;0.01;0;6.50832;0;0;-1
0;600;9.3595;-8.46271;4.44214;10.1237;4346.17;6.08723;0;0;0.1;0.01;0;5.93018;0;0;-1
0;601;5.73541;10.4503;2.77735;8.89902;2951.99;5.35085;0;0;0.1;0.01;0;4.9592;0;0;-1
0;602;7.62891;25.4207;2.11537;9.91149;4078.55;5.95964;0;0;0.1;0.01;0;6.08825;0;0;-1
0;603;8.38108;44.0621;2.35069;8.5;2572.44;5.11093;0;0;0.1;0.01;0;5.04478;1;0;-1
0;604;6.91289;60.387;1.62461;8.5;2572.44;5.11093;0;0;0.1;0.01;0;5.6569;1;0;-1
0;605;8.8001;76.5043;2.67896;8.62821;2690.61;5.18802;0;0;0.1;0.01;0;5.7978;0;0;-1
0;606;5.61184;97.9064;1.52161;9.70502;3828.93;5.83549;0;0;0.1;0.01;0;2.82527;0;0;-1
0;607;20.4537;-85.2898;2.17777;8.5;2572.44;5.11093;0;0;0.1;0.01;0;4.15286;1;0;-1
0;608;23.7055;-66.3228;2.73986;10.1485;4378.19;6.10215;0;0;0.1;0.01;0;5.92424;0;0;-1
0;609;22.3832;-47.3581;4.37844;8.61569;2678.91;5.18049;0;0;0.1;0.01;0;4.58326;0;0;-1
0;610;21.7411;-31.0882;1.47514;8.5;2572.44;5.11093;0;0;0.1;0.01;0;5.7904;1;0;-1
0;611;21.4312;-14.7117;1.49848;8.5;2572.44;5.11093;0;0;0.1;0.01;0;5.46939;1;0;-1
0;612;23.2027;4.33575;1.1962;9.49255;3582.92;5.70773;0;0;0.1;0.01;0;5.44831;0;0;-1
0;613;23.387;20.8316;4.67226;9.56391;3664.33;5.75064;0;0;0.1;0.01;0;6.83892;0;0;-1
0;614;21.9818;37.2979;4.96267;8.5;2572.44;5.11093;0;0;0.1;0.01;0;5.65848;1;0;-1
0;615;22.7749;51.4219;3.72628;9.88732;4048.78;5.9451;0;0;0.1;0.01;0;6.64254;0;0;-1
0;616;21.1357;67.7571;1.65721;9.16445;3224.09;5.51045;0;0;0.1;0.01;0;5.95776;0;0;-1
0;617;21.4046;89.4938;1.13552;10.1186;4339.6;6.08417;0;0;0.1;0.01;0;4.04371;0;0;-1
0;618;38.0413;-75.9249;1.657;9.44408;3528.32;5.67859;0;0;0.1;0.01;0;6.03218;0;0;-1
0;619;38.5528;-59.6022;4.02707;8.64248;2703.98;5.1966;0;0;0.1;0.01;0;5.22832;0;0;-1
0;620;34.8998;-40.1463;3.41558;8.9796;3032.91;5.3993;0;0;0.1;0.01;0;5.44912;0;0;-1
0;621;35.0438;-25.7229;1.20087;9.54414;3641.66;5.73875;0;0;0.1;0.01;0;6.10641;0;0;-1
0;622;38.0201;-8.85001;4.48078;9.35846;3433.22;5.62711;0;0;0.1;0.01;0;6.0143;0;0;-1
0;623;37.2335;9.08726;1.45456;9.51894;3612.89;5.7236;0;0;0.1;0.01;0;5.74718;0;0;-1
0;624;36.6643;27.2509;2.87176;9.98295;4167.4;6.0026;0;0;0.1;0.01;0;6.5142;0;0;-1
0;625;35.9291;44.5335;1.21209;10.3932;4702.58;6.24928;0;0;0.1;0.01;0;6.8782;0;0;-1
0;626;36.0995;62.7062;3.82962;10.293;4567.88;6.18903;0;0;0.1;0.01;0;7.82387;0;0;-1
0;627;37.6628;80.0025;2.52524;10.395;4705.03;6.25036;0;0;0.1;0.01;0;5.13918;0;0;-1
0;628;50.8421;-83.5278;2.89794;8.5;2572.44;5.11093;0;0;0.1;0.01;0;2.98936;1;0;-1
0;629;52.1836;-64.6104;4.04645;9.83279;3982.16;5.91231;0;0;0.1;0.01;0;5.58666;0;0;-1
0;630;50.3198;-48.4697;3.25954;10.1367;4362.93;6.09505;0;0;0.1;0.01;0;6.36256;0;0;-1
0;631;53.4031;-33.6524;4.79421;8.5;2572.44;5.11093;0;0;0.1;0.01;0;5.81174;1;0;-1
0;632;51.3824;-15.8296;2.99108;8.60239;2666.53;5.17249;0;0;0.1;0.01;0;5.11871;0;0;-1
0;633;52.1579;1.13645;2.46927;8.51441;2585.55;5.11959;0;0;0.1;0.01;0;5.4344;0;0;-1
0;634;52.3749;17.046;1.6665;9.47502;3563.11;5.69719;0;0;0.1;0.01;0;7.31121;0;0;-1
0;635;50.1827;34.3871;2.73899;9.80689;3950.78;5.89674;0;0;0.1;0.01;0;6.2324;0;0;-1
0;636;51.3794;54.6344;4.70432;8.5;2572.44;5.11093;0;0;0.1;0.01;0;5.01716;1;0;-1
0;637;50.0049;67.71;3.26074;9.09874;3155.24;5.47094;0;0;0.1;0.01;0;4.6992;0;0;-1
0;638;68.0539;-56.0623;4.68517;9.91865;4087.39;5.96394;0;0;0.1;0.01;0;4.3877;0;0;-1
0;639;67.5928;-39.0436;2.40737;9.67029;3787.97;5.81461;0;0;0.1;0.01;0;7.08918;0;0;-1
0;640;64.73;-24.1584;3.90066;8.59961;2663.94;5.17082;0;0;0.1;0.01;0;5.6766;0;0;-1
0;641;67.8236;-6.65461;4.43089;8.5;2572.44;5.11093;0;0;0.1;0.01;0;4.86636;1;0;-1
0;642;65.629;12.2012;3.83384;10.2544;4516.68;6.16582;0;0;0.1;0.01;0;6.72042;0;0;-1
0;643;65.4898;25.935;3.93919;8.5;2572.44;5.11093;0;0;0.1;0.01;0;6.09751;1;0;-1
0;644;66.9177;44.3131;4.36052;9.40417;3483.77;5.65459;0;0;0.1;0.01;0;5.69913;0;0;-1
0;645;67.4256;60.1759;4.32151;9.78995;3930.34;5.88655;0;0;0.1;0.01;0;4.46709;0;0;-1
0;646;82.3298;-47.3937;5.10537;9.16647;3226.23;5.51167;0;0;0.1;0.01;0;3.67535;0;0;-1
0;647;82.1702;-33.1108;3.18246;10.4059;4719.84;6.25692;0;0;0.1;0.01;0;5.82324;0;0;-1
0;648;81.394;-15.7976;3.83895;9.58771;3691.76;5.76495;0;0;0.1;0.01;0;6.48926;0;0;-1
0;649;79.7715;0.0579133;1.87737;9.17655;3236.88;5.51773;0;0;0.1;0.01;0;5.72896;0;0;-1
0;650;80.976;18.2572;2.44966;9.17519;3235.44;5.51691;0;0;0.1;0.01;0;6.64405;0;0;-1
0;651;82.536;36.1076;4.09315;10.3563;4652.67;6.22709;0;0;0.1;0.01;0;5.55331;0;0;-1
0;652;82.8038;55.3001;4.89922;9.98006;4163.78;6.00087;0;0;0.1;0.01;0;2.84956;0;0;-1
0;653;95.837;-23.388;2.10347;10.372;4673.86;6.23653;0;0;0.1;0.01;0;3.62865;0;0;-1
0;654;96.3555;-7.56574;4.22069;9.30892;3378.99;5.59732;0;0;0.1;0.01;0;3.40632;0;0;-1
0;655;94.5235;12.1147;1.93326;9.59168;3696.35;5.76734;0;0;0.1;0.01;0;4.21372;0;0;-1
0;656;94.309;26.6335;4.47711;10.0281;4224.2;6.02975;0;0;0.1;0.01;0;4.46582;0;0;-1
0;657;-86.8355;-40.7512;19.2001;10.0139;4206.28;6.02121;0;0;0.1;0.01;0;3.22253;0;0;-1
0;658;-85.0802;-21.1776;18.557;9.39531;3473.94;5.64926;0;0;0.1;0.01;0;3.28376;0;0;-1
0;659;-84.8775;-4.98931;19.2709;9.9256;4095.99;5.96812;0;0;0.1;0.01;0;4.60412;0;0;-1
0;660;-86.6499;10.4815;17.194;9.41782;3498.97;5.6628;0;0;0.1;0.01;0;4.71579;0;0;-1
0;661;-85.7247;27.1055;18.3027;8.5;2572.44;5.11093;0;0;0.1;0.01;0;3.21817;1;0;-1
0;662;-84.2544;45.3285;18.9277;8.68184;2741.09;5.22026;0;0;0.1;0.01;0;2.72793;0;0;-1
0;663;-72.1109;-63.6395;19.8433;9.46219;3548.65;5.68948;0;0;0.1;0.01;0;3.35629;0;0;-1
0;664;-70.8137;-48.5624;16.6694;9.04696;3101.68;5.43981;0;0;0.1;0.01;0;6.11205;0;0;-1
0;665;-68.9832;-33.8688;19.1807;8.5;2572.44;5.11093;0;0;0.1;0.01;0;5.46729;1;0;-1
0;666;-71.9611;-13.1878;19.02;9.90376;4069.01;5.95499;0;0;0.1;0.01;0;7.23572;0;0;-1
0;667;-69.3882;2.17445;19.7047;9.7357;3865.36;5.85394;0;0;0.1;0.01;0;6.93254;0;0;-1
0;668;-70.2482;18.6407;19.3003;9.64972;3763.85;5.80224;0;0;0.1;0.01;0;5.80137;0;0;-1
0;669;-70.2937;34.2538;16.7417;8.77909;2834.24;5.27874;0;0;0.1;0.01;0;4.32326;0;0;-1
0;670;-70.2556;52.8854;16.2651;8.5;2572.44;5.11093;0;0;0.1;0.01;0;3.91557;1;0;-1
0;671;-58.0227;-74.9493;17.1202;10.065;4271;6.05194;0;0;0.1;0.01;0;4.51434;0;0;-1
0;672;-57.5006;-58.6555;18.7039;9.47117;3558.77;5.69488;0;0;0.1;0.01;0;6.43896;0;0;-1
0;673;-56.2036;-39.5381;17.4606;10.2399;4497.55;6.1571;0;0;0.1;0.01;0;7.40207;0;0;-1
0;674;-57.0875;-23.2713;16.9156;8.9323;2985.23;5.37086;0;0;0.1;0.01;0;5.73232;0;0;-1
0;675;-55.186;-6.46351;16.0489;9.97374;4155.88;5.99707;0;0;0.1;0.01;0;6.24361;0;0;-1
0;676;-57.1266;8.6179;17.4093;8.70387;2762.01;5.23351;0;0;0.1;0.01;0;5.38544;0;0;-1
0;677;-55.3831;26.7703;16.7925;9.65507;3770.12;5.80545;0;0;0.1;0.01;0;5.70968;0;0;-1
0;678;-54.9718;46.8993;18.9447;8.5;2572.44;5.11093;0;0;0.1;0.01;0;4.35353;1;0;-1
0;679;-53.9853;61.9296;18.2827;8.67427;2733.93;5.21571;0;0;0.1;0.01;0;3.80871;0;0;-1
0;680;-53.7977;78.046;19.66;9.60026;3706.27;5.7725;0;0;0.1;0.01;0;2.63808;0;0;-1
0;681;-41.696;-84.6164;16.8483;9.64536;3758.75;5.79962;0;0;0.1;0.01;0;4.32869;0;0;-1
0;682;-40.6333;-67.4702;17.7357;8.98447;3037.85;5.40223;0;0;0.1;0.01;0;5.51481;0;0;-1
0;683;-40.4653;-47.783;16.7423;9.09298;3149.25;5.46748;0;0;0.1;0.01;0;5.26046;0;0;-1
0;684;-42.5305;-33.0312;18.1952;9.56256;3662.78;5.74983;0;0;0.1;0.01;0;6.35436;0;0;-1
0;685;-42.1527;-13.7581;16.4858;8.5;2572.44;5.11093;0;0;0.1;0.01;0;4.914;1;0;-1
0;686;-39.9908;2.28143;17.7251;8.8338;2887.56;5.31164;0;0;0.1;0.01;0;5.082;0;0;-1
0;687;-42.2131;18.6834;18.4629;8.81873;2872.81;5.30257;0;0;0.1;0.01;0;5.43464;0;0;-1
0;688;-41.1665;33.7374;18.2736;8.97255;3025.77;5.39506;0;0;0.1;0.01;0;5.19128;0;0;-1
0;689;-39.7094;53.2112;18.544;8.97931;3032.62;5.39913;0;0;0.1;0.01;0;4.73993;0;0;-1
0;690;-39.5895;71.4855;16.3972;10.2106;4459.05;6.13949;0;0;0.1;0.01;0;5.90388;0;0;-1
0;691;-41.5958;87.7468;18.5448;8.98874;3042.18;5.4048;0;0;0.1;0.01;0;2.92995;0;0;-1
0;692;-27.761;-93.4541;16.8264;10.4523;4783.26;6.28482;0;0;0.1;0.01;0;3.97974;0;0;-1
0;693;-27.5088;-72.8547;18.4984;9.83112;3980.13;5.91131;0;0;0.1;0.01;0;6.1661;0;0;-1
0;694;-25.3737;-56.7103;16.2746;8.5;2572.44;5.11093;0;0;0.1;0.01;0;4.45004;1;0;-1
0;695;-24.506;-40.3818;17.8409;8.88227;2935.35;5.34078;0;0;0.1;0.01;0;5.48673;0;0;-1
0;696;-28.3626;-24.7216;16.3207;9.59361;3698.58;5.7685;0;0;0.1;0.01;0;6.04784;0;0;-1
0;697;-28.3791;-7.18856;16.0123;9.33032;3402.34;5.61019;0;0;0.1;0.01;0;5.29228;0;0;-1
0;698;-26.9602;10.679;16.4847;9.60486;3711.6;5.77526;0;0;0.1;0.01;0;6.09115;0;0;-1
0;699;-27.4541;28.0489;17.366;9.05772;3112.76;5.44628;0;0;0.1;0.01;0;5.12829;0;0;-1
0;700;-25.4584;45.9299;17.6328;9.58543;3689.13;5.76358;0;0;0.1;0.01;0;5.76675;0;0;-1
0;701;-28.1557;62.0564;16.4035;9.01678;3070.74;5.42166;0;0;0.1;0.01;0;5.9033;0;0;-1
0;702;-27.4135;80.4129;16.3144;10.1887;4430.42;6.12632;0;0;0.1;0.01;0;5.89019;0;0;-1
0;703;-13.2865;-83.6107;17.639;9.77088;3907.42;5.87509;0;0;0.1;0.01;0;5.45555;0;0;-1
0;704;-13.7373;-65.6449;17.0206;8.5;2572.44;5.11093;0;0;0.1;0.01;0;4.20746;1;0;-1
0;705;-11.1807;-47.533;16.2707;9.7905;3931;5.88689;0;0;0.1;0.01;0;5.44818;0;0;-1
0;706;-12.3546;-30.7837;19.3478;8.63701;2698.85;5.19331;0;0;0.1;0.01;0;5.76145;0;0;-1
0;707;-11.5499;-16.188;17.4755;9.71429;3839.92;5.84106;0;0;0.1;0.01;0;6.34173;0;0;-1
0;708;-13.6699;1.66188;17.1256;10.0878;4300.09;6.06565;0;0;0.1;0.01;0;7.02438;0;0;-1
0;709;-13.1796;20.7905;16.611;10.0841;4295.36;6.06342;0;0;0.1;0.01;0;6.27019;0;0;-1
0;710;-10.9555;37.3199;17.2912;8.97727;3030.55;5.3979;0;0;0.1;0.01;0;5.49455;0;0;-1
0;711;-10.0203;52.3607;18.2991;10.1287;4352.61;6.09024;0;0;0.1;0.01;0;6.6416;0;0;-1
0;712;-11.6693;68.4259;18.3659;8.59754;2662.02;5.16958;0;0;0.1;0.01;0;5.2075;0;0;-1
0;713;-11.0487;85.2609;18.6731;8.5;2572.44;5.11093;0;0;0.1;0.01;0;3.7364;1;0;-1
0;714;1.68432;-91.9844;17.437;10.248;4508.23;6.16197;0;0;0.1;0.01;0;3.90791;0;0;-1
0;715;4.58743;-72.2678;15.9787;8.68782;2746.76;5.22386;0;0;0.1;0.01;0;5.15253;0;0;-1
0;716;2.82005;-56.9736;17.3323;8.5;2572.44;5.11093;0;0;0.1;0.01;0;5.54465;1;0;-1
0;717;2.96549;-39.855;16.674;9.887;4048.39;5.94491;0;0;0.1;0.01;0;6.58527;0;0;-1
0;718;2.38679;-24.4681;16.4653;8.82136;2875.38;5.30416;0;0;0.1;0.01;0;5.63631;0;0;-1
0;719;4.97369;-8.37426;17.1106;8.57217;2638.52;5.15432;0;0;0.1;0.01;0;4.74402;0;0;-1
0;720;4.17265;9.64991;16.3866;9.89258;4055.25;5.94826;0;0;0.1;0.01;0;4.89283;0;0;-1
0;721;2.15774;28.5076;16.6415;9.95865;4137.04;5.98799;0;0;0.1;0.01;0;6.24729;0;0;-1
0;722;2.53648;46.1863;15.6189;8.5982;2662.63;5.16997;0;0;0.1;0.01;0;5.80167;0;0;-1
0;723;2.66099;63.4043;15.8916;10.4039;4717.12;6.25571;0;0;0.1;0.01;0;6.71225;0;0;-1
0;724;0.994569;77.9658;15.9362;8.66392;2724.16;5.20949;0;0;0.1;0.01;0;5.68457;0;0;-1
0;725;4.6992;93.0891;17.7729;8.70908;2766.98;5.23664;0;0;0.1;0.01;0;2.89477;0;0;-1
0;726;17.779;-82.3781;17.1042;10.0453;4245.97;6.04009;0;0;0.1;0.01;0;5.13197;0;0;-1
0;727;15.7996;-64.412;16.3791;8.5;2572.44;5.11093;0;0;0.1;0.01;0;4.9452;1;0;-1
0;728;16.0228;-50.0864;18.3094;9.61978;3728.93;5.78423;0;0;0.1;0.01;0;5.55397;0;0;-1
0;729;18.9351;-33.9757;18.1043;8.5;2572.44;5.11093;0;0;0.1;0.01;0;4.31453;1;0;-1
0;730;18.3542;-17.0136;17.3407;9.30503;3374.75;5.59498;0;0;0.1;0.01;0;5.7763;0;0;-1
0;731;17.4623;2.72108;18.4862;8.54447;2613.03;5.13767;0;0;0.1;0.01;0;4.73945;0;0;-1
0;732;16.5794;21.1385;16.2205;9.14026;3198.63;5.49591;0;0;0.1;0.01;0;6.27633;0;0;-1
0;733;16.5153;37.0672;17.4428;8.88866;2941.69;5.34462;0;0;0.1;0.01;0;5.88703;0;0;-1
0;734;19.665;52.9283;17.6995;8.85858;2911.93;5.32654;0;0;0.1;0.01;0;5.16828;0;0;-1
0;735;16.4142;69.7748;17.3878;8.51644;2587.4;5.12081;0;0;0.1;0.01;0;5.15636;0;0;-1
0;736;17.9163;85.6762;16.4543;9.17315;3233.29;5.51568;0;0;0.1;0.01;0;3.56792;0;0;-1
0;737;33.1744;-92.4859;15.933;9.05955;3114.64;5.44738;0;0;0.1;0.01;0;1.68959;0;0;-1
0;738;33.7879;-73.7644;16.0973;9.51316;3606.31;5.72013;0;0;0.1;0.01;0;5.47912;0;0;-1
0;739;33.1774;-55.2473;18.0147;9.15668;3215.9;5.50578;0;0;0.1;0.01;0;4.54338;0;0;-1
0;740;33.6516;-39.028;18.0738;8.5;2572.44;5.11093;0;0;0.1;0.01;0;5.32999;1;0;-1
0;741;31.4404;-24.484;16.3397;9.37929;3456.2;5.63963;0;0;0.1;0.01;0;6.48309;0;0;-1
0;742;30.7085;-8.06119;18.5938;9.30862;3378.66;5.59714;0;0;0.1;0.01;0;5.49723;0;0;-1
0;743;30.5293;11.5682;17.0155;8.87722;2930.35;5.33774;0;0;0.1;0.01;0;5.13358;0;0;-1
0;744;32.0953;26.8778;16.7651;8.78131;2836.39;5.28007;0;0;0.1;0.01;0;5.4023;0;0;-1
0;745;33.2206;45.7689;16.5252;8.5;2572.44;5.11093;0;0;0.1;0.01;0;5.2886;1;0;-1
0;746;30.4893;63.4348;19.4805;9.08213;3137.99;5.46095;0;0;0.1;0.01;0;6.81666;0;0;-1
0;747;30.6475;77.8113;17.8484;9.25776;3323.58;5.56656;0;0;0.1;0.01;0;5.18437;0;0;-1
0;748;45.3115;-81.2482;16.0898;9.99665;4184.58;6.01084;0;0;0.1;0.01;0;4.70826;0;0;-1
0;749;48.904;-67.6375;17.0064;8.61752;2680.62;5.18159;0;0;0.1;0.01;0;5.08537;0;0;-1
0;750;47.5096;-48.1672;18.5944;8.5;2572.44;5.11093;0;0;0.1;0.01;0;4.60362;1;0;-1
0;751;46.7622;-31.8992;16.6137;9.52674;3621.78;5.72829;0;0;0.1;0.01;0;6.82911;0;0;-1
0;752;46.3619;-15.3182;17.5029;9.96599;4146.2;5.99241;0;0;0.1;0.01;0;6.4017;0;0;-1
0;753;46.2056;4.3943;19.4788;9.61473;3723.06;5.7812;0;0;0.1;0.01;0;5.42992;0;0;-1
0;754;48.7896;20.4698;17.3363;9.77667;3914.37;5.87857;0;0;0.1;0.01;0;6.2294;0;0;-1
0;755;46.8609;34.8805;18.9843;8.5;2572.44;5.11093;0;0;0.1;0.01;0;5.23735;1;0;-1
0;756;45.0839;54.09;16.5883;10.1386;4365.39;6.09619;0;0;0.1;0.01;0;6.57452;0;0;-1
0;757;46.9777;68.9759;17.7801;8.7934;2848.13;5.28734;0;0;0.1;0.01;0;5.04318;0;0;-1
0;758;45.9451;86.0488;19.6693;8.5;2572.44;5.11093;0;0;0.1;0.01;0;1.28161;1;0;-1
0;759;61.2198;-75.4422;17.4829;9.74749;3879.42;5.86102;0;0;0.1;0.01;0;2.82319;0;0;-1
0;760;62.3029;-57.9525;18.1645;8.5;2572.44;5.11093;0;0;0.1;0.01;0;4.94895;1;0;-1
0;761;62.5599;-38.7132;16.7045;10.097;4311.87;6.07118;0;0;0.1;0.01;0;7.49559;0;0;-1
0;762;60.4212;-24.2793;16.5117;9.90118;4065.83;5.95344;0;0;0.1;0.01;0;7.54585;0;0;-1
0;763;60.376;-7.40833;16.7514;8.93108;2984.01;5.37013;0;0;0.1;0.01;0;4.81094;0;0;-1
0;764;62.46;10.604;16.9687;9.45392;3539.36;5.6845;0;0;0.1;0.01;0;5.77974;0;0;-1
0;765;61.6868;28.5344;16.4793;10.2254;4478.47;6.14838;0;0;0.1;0.01;0;7.22298;0;0;-1
0;766;61.8667;45.2069;19.0398;8.67367;2733.36;5.21535;0;0;0.1;0.01;0;6.07937;0;0;-1
0;767;62.2926;63.6378;19.0454;10.0225;4217.13;6.02638;0;0;0.1;0.01;0;4.83234;0;0;-1
0;768;75.9076;-50.208;19.5113;8.70096;2759.24;5.23176;0;0;0.1;0.01;0;3.01194;0;0;-1
0;769;76.047;-33.4796;18.341;10.0886;4301.12;6.06613;0;0;0.1;0.01;0;6.13329;0;0;-1
0;770;77.6183;-16.9584;16.7453;8.5;2572.44;5.11093;0;0;0.1;0.01;0;4.96032;1;0;-1
0;771;74.8825;0.856541;19.4128;8.71841;2775.88;5.24225;0;0;0.1;0.01;0;4.44333;0;0;-1
0;772;76.4905;20.1062;16.1859;9.82373;3971.16;5.90687;0;0;0.1;0.01;0;6.53875;0;0;-1
0;773;74.8204;37.9214;19.072;10.3722;4674.14;6.23665;0;0;0.1;0.01;0;6.73472;0;0;-1
0;774;76.5232;52.4275;18.7551;8.77615;2831.4;5.27697;0;0;0.1;0.01;0;4.5809;0;0;-1
0;775;91.5314;-22.0707;18.6399;9.7875;3927.39;5.88508;0;0;0.1;0.01;0;4.34323;0;0;-1
0;776;92.7531;-7.35845;19.9342;8.5;2572.44;5.11093;0;0;0.1;0.01;0;2.61578;1;0;-1
0;777;91.6964;9.32546;16.2164;9.05672;3111.73;5.44567;0;0;0.1;0.01;0;2.52765;0;0;-1
0;778;89.4686;26.8422;17.3959;9.35384;3428.14;5.62433;0;0;0.1;0.01;0;4.07874;0;0;-1
0;779;-93.5867;2.4115;34.5624;8.55786;2625.33;5.14572;0;0;0.1;0.01;0;2.84468;0;0;-1
0;780;-82.0391;-39.7108;31.6326;9.85962;4014.85;5.92845;0;0;0.1;0.01;0;3.15445;0;0;-1
0;781;-79.685;-25.0889;32.4581;9.32437;3395.84;5.60661;0;0;0.1;0.01;0;4.25138;0;0;-1
0;782;-79;-6.08781;34.0247;9.22038;3283.49;5.54408;0;0;0.1;0.01;0;5.97673;0;0;-1
0;783;-80.1801;10.047;31.8164;8.73128;2788.19;5.24999;0;0;0.1;0.01;0;4.89468;0;0;-1
0;784;-82.7023;25.8688;30.9201;9.40262;3482.05;5.65366;0;0;0.1;0.01;0;2.74908;0;0;-1
0;785;-79.9039;46.0381;31.3493;8.54151;2610.31;5.13589;0;0;0.1;0.01;0;2.20352;0;0;-1
0;786;-65.9558;-66.8886;33.9501;9.46889;3556.2;5.69351;0;0;0.1;0.01;0;3.41963;0;0;-1
0;787;-66.6248;-47.6767;32.2402;9.70994;3834.76;5.83845;0;0;0.1;0.01;0;4.7902;0;0;-1
0;788;-64.3055;-30.7735;34.2043;9.95636;4134.19;5.98661;0;0;0.1;0.01;0;6.55655;0;0;-1
0;789;-66.7718;-15.5656;31.0196;8.5;2572.44;5.11093;0;0;0.1;0.01;0;5.95092;1;0;-1
0;790;-65.6072;0.0183381;34.1243;8.9441;2997.08;5.37796;0;0;0.1;0.01;0;5.98492;0;0;-1
0;791;-66.5567;18.128;33.8897;8.5;2572.44;5.11093;0;0;0.1;0.01;0;4.43018;1;0;-1
0;792;-64.4074;35.1734;31.6615;8.58667;2651.94;5.16304;0;0;0.1;0.01;0;4.16689;0;0;-1
0;793;-66.8391;53.0599;33.2008;9.91933;4088.23;5.96435;0;0;0.1;0.01;0;3.57479;0;0;-1
0;794;-53.1873;-73.327;30.6195;10.1149;4334.84;6.08194;0;0;0.1;0.01;0;4.8518;0;0;-1
0;795;-50.1857;-58.7164;30.9811;9.48167;3570.62;5.70119;0;0;0.1;0.01;0;6.02629;0;0;-1
0;796;-49.8375;-38.4004;31.6548;9.72083;3847.68;5.84499;0;0;0.1;0.01;0;6.12825;0;0;-1
0;797;-52.8083;-21.299;31.1222;8.5;2572.44;5.11093;0;0;0.1;0.01;0;4.91533;1;0;-1
0;798;-52.7042;-7.29169;34.193;9.66627;3783.25;5.81219;0;0;0.1;0.01;0;4.47684;0;0;-1
0;799;-51.6665;11.8725;31.7799;8.5;2572.44;5.11093;0;0;0.1;0.01;0;4.16189;1;0;-1
0;800;-50.716;29.4047;32.607;8.5;2572.44;5.11093;0;0;0.1;0.01;0;5.23741;1;0;-1
0;801;-52.7814;43.3408;33.1255;8.5;2572.44;5.11093;0;0;0.1;0.01;0;5.24207;1;0;-1
0;802;-51.6438;60.0655;33.9736;8.5;2572.44;5.11093;0;0;0.1;0.01;0;4.23888;1;0;-1
0;803;-35.6415;-85.3941;34.283;10.1766;4414.65;6.11904;0;0;0.1;0.01;0;3.63812;0;0;-1
0;804;-38.0022;-66.3761;31.2862;8.5;2572.44;5.11093;0;0;0.1;0.01;0;4.55962;1;0;-1
0;805;-37.9465;-47.2903;33.1241;9.74583;3877.44;5.86003;0;0;0.1;0.01;0;5.96647;0;0;-1
0;806;-34.4739;-33.0325;33.0301;10.2533;4515.23;6.16516;0;0;0.1;0.01;0;6.52195;0;0;-1
0;807;-35.1782;-16.2796;32.7172;8.8572;2910.57;5.32571;0;0;0.1;0.01;0;4.13032;0;0;-1
0;808;-35.3347;2.97824;32.3026;8.80953;2863.83;5.29704;0;0;0.1;0.01;0;4.53368;0;0;-1
0;809;-38.3042;17.6705;32.7609;8.96634;3019.49;5.39133;0;0;0.1;0.01;0;4.90087;0;0;-1
0;810;-36.9823;37.9414;31.6573;9.65063;3764.92;5.80278;0;0;0.1;0.01;0;6.08191;0;0;-1
0;811;-36.8421;52.4683;32.4165;8.9865;3039.91;5.40345;0;0;0.1;0.01;0;5.22365;0;0;-1
0;812;-37.9082;69.194;32.1208;8.5;2572.44;5.11093;0;0;0.1;0.01;0;3.35605;1;0;-1
0;813;-20.9676;-91.0267;34.0221;9.86408;4020.3;5.93113;0;0;0.1;0.01;0;3.7652;0;0;-1
0;814;-22.928;-74.3017;32.2285;8.5;2572.44;5.11093;0;0;0.1;0.01;0;5.11915;1;0;-1
0;815;-22.8339;-57.0535;34.4218;8.61747;2680.57;5.18156;0;0;0.1;0.01;0;4.58588;0;0;-1
0;816;-21.8612;-42.7428;31.8904;8.61331;2676.69;5.17906;0;0;0.1;0.01;0;5.6796;0;0;-1
0;817;-20.4306;-21.664;31.3823;8.5;2572.44;5.11093;0;0;0.1;0.01;0;3.95927;1;0;-1
0;818;-20.9564;-4.75498;34.0504;9.37895;3455.82;5.63943;0;0;0.1;0.01;0;5.90042;0;0;-1
0;819;-21.7911;11.1904;31.6475;8.93559;2988.53;5.37284;0;0;0.1;0.01;0;5.8769;0;0;-1
0;820;-22.9964;29.3684;33.7826;9.49202;3582.32;5.70741;0;0;0.1;0.01;0;5.55408;0;0;-1
0;821;-20.7371;44.2953;33.8088;9.19925;3260.96;5.53138;0;0;0.1;0.01;0;6.29328;0;0;-1
0;822;-20.4362;59.6992;30.9795;8.65751;2718.11;5.20564;0;0;0.1;0.01;0;5.11938;0;0;-1
0;823;-21.77;76.7167;32.6774;10.0526;4255.24;6.04448;0;0;0.1;0.01;0;4.73667;0;0;-1
0;824;-6.81951;-81.4822;33.0045;10.2345;4490.44;6.15386;0;0;0.1;0.01;0;5.73638;0;0;-1
0;825;-7.58037;-65.8477;32.043;9.11861;3175.96;5.48289;0;0;0.1;0.01;0;4.85237;0;0;-1
0;826;-8.80934;-46.9407;30.7926;9.1191;3176.47;5.48318;0;0;0.1;0.01;0;5.15048;0;0;-1
0;827;-5.46113;-32.628;31.1734;8.5;2572.44;5.11093;0;0;0.1;0.01;0;4.74312;1;0;-1
0;828;-8.84099;-13.1771;31.5895;10.4144;4731.42;6.26203;0;0;0.1;0.01;0;6.59274;0;0;-1
0;829;-7.46381;3.47581;31.9445;9.30981;3379.96;5.59785;0;0;0.1;0.01;0;6.08553;0;0;-1
0;830;-6.85643;21.0008;33.6346;10.0649;4270.88;6.05188;0;0;0.1;0.01;0;5.67535;0;0;-1
0;831;-7.47758;37.7982;34.0875;9.13604;3194.2;5.49337;0;0;0.1;0.01;0;6.14355;0;0;-1
0;832;-5.85526;51.7257;33.6913;8.5;2572.44;5.11093;0;0;0.1;0.01;0;5.49274;1;0;-1
0;833;-7.20182;69.7832;32.404;8.73803;2794.66;5.25405;0;0;0.1;0.01;0;4.34952;0;0;-1
0;834;-6.78268;88.6529;31.1387;8.56897;2635.57;5.1524;0;0;0.1;0.01;0;2.16666;0;0;-1
0;835;8.24528;-89.4393;34.6633;8.757;2812.9;5.26546;0;0;0.1;0.01;0;3.18114;0;0;-1
0;836;7.70394;-74.4744;32.4953;10.4534;4784.77;6.28548;0;0;0.1;0.01;0;7.03294;0;0;-1
0;837;6.34767;-58.9448;31.8191;8.79873;2853.31;5.29055;0;0;0.1;0.01;0;5.10425;0;0;-1
0;838;8.48841;-42.9144;33.2007;10.0561;4259.68;6.04659;0;0;0.1;0.01;0;6.75121;0;0;-1
0;839;6.86337;-23.885;32.7528;8.90408;2957.03;5.35389;0;0;0.1;0.01;0;4.87889;0;0;-1
0;840;7.21326;-6.04239;33.7196;9.87605;4034.95;5.93833;0;0;0.1;0.01;0;6.05119;0;0;-1
0;841;5.64736;8.78868;34.3835;9.10205;3158.68;5.47293;0;0;0.1;0.01;0;4.74258;0;0;-1
0;842;8.33738;27.8172;31.0468;9.25309;3318.55;5.56375;0;0;0.1;0.01;0;5.15901;0;0;-1
0;843;6.79004;42.8945;30.5914;10.1876;4428.99;6.12566;0;0;0.1;0.01;0;6.42041;0;0;-1
0;844;8.63902;61.5765;30.901;8.68436;2743.48;5.22178;0;0;0.1;0.01;0;4.75789;0;0;-1
0;845;9.1202;78.9336;31.8991;9.46328;3549.88;5.69013;0;0;0.1;0.01;0;4.70713;0;0;-1
0;846;23.1427;-82.6659;33.8567;9.93443;4106.93;5.97343;0;0;0.1;0.01;0;4.76524;0;0;-1
0;847;22.6489;-67.9624;33.0019;9.85623;4010.71;5.92641;0;0;0.1;0.01;0;5.40364;0;0;-1
0;848;23.8666;-47.7375;33.3895;8.90151;2954.47;5.35235;0;0;0.1;0.01;0;5.89576;0;0;-1
0;849;21.1363;-32.2889;32.4663;10.1635;4397.63;6.11117;0;0;0.1;0.01;0;7.03859;0;0;-1
0;850;22.116;-14.0054;32.2153;10.1553;4386.99;6.10623;0;0;0.1;0.01;0;6.79529;0;0;-1
0;851;22.3376;0.482974;30.9382;8.92445;2977.37;5.36614;0;0;0.1;0.01;0;5.12696;0;0;-1
0;852;23.0076;19.3379;30.4851;9.06881;3124.2;5.45294;0;0;0.1;0.01;0;4.82277;0;0;-1
0;853;22.1094;37.5584;33.9871;9.3486;3422.38;5.62118;0;0;0.1;0.01;0;5.73747;0;0;-1
0;854;23.7981;51.3894;32.5738;9.90615;4071.96;5.95642;0;0;0.1;0.01;0;6.81457;0;0;-1
0;855;22.3274;68.7558;31.0033;8.75237;2808.44;5.26267;0;0;0.1;0.01;0;5.90555;0;0;-1
0;856;20.8546;89.3875;34.2243;9.34689;3420.5;5.62015;0;0;0.1;0.01;0;1.60382;0;0;-1
0;857;35.7833;-74.7222;32.792;8.5;2572.44;5.11093;0;0;0.1;0.01;0;3.42651;1;0;-1
0;858;37.1902;-55.086;32.8424;9.55435;3653.36;5.74489;0;0;0.1;0.01;0;5.76293;0;0;-1
0;859;35.5748;-38.4173;30.8883;8.5;2572.44;5.11093;0;0;0.1;0.01;0;5.30919;1;0;-1
0;860;37.5017;-21.9779;32.1837;8.5;2572.44;5.11093;0;0;0.1;0.01;0;4.755;1;0;-1
0;861;35.8989;-4.81662;33.2069;9.17157;3231.62;5.51473;0;0;0.1;0.01;0;5.72561;0;0;-1
0;862;38.7379;9.35266;32.4893;8.59517;2659.82;5.16815;0;0;0.1;0.01;0;4.91381;0;0;-1
0;863;38.1049;25.5646;32.9977;9.81869;3965.06;5.90384;0;0;0.1;0.01;0;5.59335;0;0;-1
0;864;38.3506;43.1676;33.0907;9.76301;3897.98;5.87036;0;0;0.1;0.01;0;6.02046;0;0;-1
0;865;35.3792;61.862;33.7034;9.76121;3895.83;5.86927;0;0;0.1;0.01;0;6.6265;0;0;-1
0;866;36.8535;77.2487;32.1596;10.0224;4217;6.02632;0;0;0.1;0.01;0;5.23765;0;0;-1
0;867;52.8293;-64.6678;31.9321;9.06145;3116.6;5.44852;0;0;0.1;0.01;0;3.97313;0;0;-1
0;868;53.168;-49.338;32.1245;9.43641;3519.73;5.67398;0;0;0.1;0.01;0;5.65754;0;0;-1
0;869;52.071;-33.3865;32.4068;9.52844;3623.71;5.72931;0;0;0.1;0.01;0;6.14113;0;0;-1
0;870;51.546;-17.3172;31.6009;9.93219;4104.15;5.97208;0;0;0.1;0.01;0;6.32202;0;0;-1
0;871;53.2133;0.916119;33.8727;10.0205;4214.6;6.02518;0;0;0.1;0.01;0;6.86759;0;0;-1
0;872;52.4617;17.8202;33.3855;8.9672;3020.36;5.39185;0;0;0.1;0.01;0;6.01581;0;0;-1
0;873;53.4751;38.1455;32.2384;8.9671;3020.26;5.39179;0;0;0.1;0.01;0;6.03681;0;0;-1
0;874;53.2652;53.1814;33.3258;9.60563;3712.5;5.77573;0;0;0.1;0.01;0;6.96839;0;0;-1
0;875;51.424;68.3337;32.4207;9.14929;3208.12;5.50134;0;0;0.1;0.01;0;4.86722;0;0;-1
0;876;67.2609;-58.07;32.4312;8.83388;2887.64;5.31168;0;0;0.1;0.01;0;3.29134;0;0;-1
0;877;67.6956;-38.602;31.5588;9.31078;3381.01;5.59844;0;0;0.1;0.01;0;5.34531;0;0;-1
0;878;66.3881;-21.816;31.9683;9.12977;3187.63;5.4896;0;0;0.1;0.01;0;5.27248;0;0;-1
0;879;66.9415;-4.7701;32.6262;9.85842;4013.38;5.92772;0;0;0.1;0.01;0;5.72598;0;0;-1
0;880;67.2091;10.358;32.9741;8.94914;3002.15;5.38099;0;0;0.1;0.01;0;6.55177;0;0;-1
0;881;66.2122;28.011;33.7874;8.61621;2679.4;5.1808;0;0;0.1;0.01;0;5.82121;0;0;-1
0;882;67.3178;45.647;31.0893;9.11558;3172.79;5.48107;0;0;0.1;0.01;0;6.46526;0;0;-1
0;883;67.0137;59.4994;32.0795;9.87652;4035.53;5.93861;0;0;0.1;0.01;0;4.75472;0;0;-1
0;884;79.9434;-30.2584;33.8315;9.91075;4077.63;5.95919;0;0;0.1;0.01;0;4.39832;0;0;-1
0;885;80.1778;-15.9682;30.7253;8.8039;2858.34;5.29366;0;0;0.1;0.01;0;4.50395;0;0;-1
0;886;79.6571;3.68825;33.549;10.0827;4293.58;6.06258;0;0;0.1;0.01;0;4.94821;0;0;-1
0;887;80.7127;19.7012;34.1894;8.73611;2792.82;5.2529;0;0;0.1;0.01;0;3.85026;0;0;-1
0;888;80.5452;33.6345;31.9223;8.98096;3034.29;5.40012;0;0;0.1;0.01;0;4.25744;0;0;-1
0;889;-86.3527;-6.44245;47.2341;9.7781;3916.08;5.87943;0;0;0.1;0.01;0;3.24457;0;0;-1
0;890;-85.6581;9.85701;47.7982;10.4049;4718.48;6.25632;0;0;0.1;0.01;0;3.02287;0;0;-1
0;891;-69.022;-49.9817;48.795;10.4318;4755.17;6.27249;0;0;0.1;0.01;0;2.8799;0;0;-1
0;892;-69.3922;-33.7421;47.9863;8.5;2572.44;5.11093;0;0;0.1;0.01;0;4.09464;1;0;-1
0;893;-69.3655;-13.3646;47.6986;9.91875;4087.52;5.964;0;0;0.1;0.01;0;5.72426;0;0;-1
0;894;-71.5138;0.839551;46.7807;8.91111;2964.04;5.35812;0;0;0.1;0.01;0;5.62338;0;0;-1
0;895;-68.5677;18.0393;47.0552;8.75571;2811.66;5.26468;0;0;0.1;0.01;0;3.9352;0;0;-1
0;896;-70.579;36.4566;49.3657;9.25688;3322.63;5.56603;0;0;0.1;0.01;0;1.72572;0;0;-1
0;897;-56.6352;-59.605;46.1497;8.92538;2978.3;5.3667;0;0;0.1;0.01;0;4.10119;0;0;-1
0;898;-57.0544;-39.1334;47.6083;9.30218;3371.65;5.59327;0;0;0.1;0.01;0;5.77762;0;0;-1
0;899;-57.0525;-23.2675;47.2542;8.5;2572.44;5.11093;0;0;0.1;0.01;0;5.45083;1;0;-1
0;900;-56.8229;-6.91315;48.8116;9.56046;3660.37;5.74857;0;0;0.1;0.01;0;5.90449;0;0;-1
0;901;-54.5968;12.7545;45.9828;8.6949;2753.48;5.22812;0;0;0.1;0.01;0;4.42108;0;0;-1
0;902;-57.706;29.741;45.9829;8.5;2572.44;5.11093;0;0;0.1;0.01;0;4.65859;1;0;-1
0;903;-56.3059;45.9429;47.0281;8.5;2572.44;5.11093;0;0;0.1;0.01;0;4.46079;1;0;-1
0;904;-54.4404;61.3007;46.415;8.73256;2789.42;5.25076;0;0;0.1;0.01;0;3.49933;0;0;-1
0;905;-40.6475;-64.3852;45.877;8.77308;2828.43;5.27513;0;0;0.1;0.01;0;3.66376;0;0;-1
0;906;-40.4042;-50.5784;48.2052;9.14813;3206.9;5.50064;0;0;0.1;0.01;0;5.15885;0;0;-1
0;907;-43.1982;-30.0695;46.0911;10.1709;4407.24;6.11561;0;0;0.1;0.01;0;6.05415;0;0;-1
0;908;-41.5053;-14.2954;49.0773;8.5;2572.44;5.11093;0;0;0.1;0.01;0;4.98836;1;0;-1
0;909;-41.6446;0.775344;49.2614;8.65928;2719.78;5.2067;0;0;0.1;0.01;0;4.59994;0;0;-1
0;910;-42.0989;16.7771;48.2688;10.2808;4551.66;6.1817;0;0;0.1;0.01;0;5.92359;0;0;-1
0;911;-42.3293;35.8759;45.2271;8.59133;2656.26;5.16584;0;0;0.1;0.01;0;4.94815;0;0;-1
0;912;-41.2196;53.2397;48.9023;10.1348;4360.48;6.09391;0;0;0.1;0.01;0;6.53463;0;0;-1
0;913;-42.4851;69.7212;48.0952;9.85071;4003.97;5.92309;0;0;0.1;0.01;0;4.23815;0;0;-1
0;914;-27.8314;-76.7434;46.7398;9.0812;3137.03;5.46039;0;0;0.1;0.01;0;2.96219;0;0;-1
0;915;-26.169;-55.5075;48.3161;8.59395;2658.69;5.16742;0;0;0.1;0.01;0;5.99499;0;0;-1
0;916;-27.6866;-41.4912;46.5304;9.63897;3751.29;5.79577;0;0;0.1;0.01;0;7.5765;0;0;-1
0;917;-28.0354;-24.2543;49.437;8.5;2572.44;5.11093;0;0;0.1;0.01;0;4.80455;1;0;-1
0;918;-25.7007;-8.79519;47.3257;8.5;2572.44;5.11093;0;0;0.1;0.01;0;4.63674;1;0;-1
0;919;-26.6738;12.0305;46.5376;9.92574;4096.16;5.9682;0;0;0.1;0.01;0;5.77963;0;0;-1
0;920;-26.9577;29.583;48.5555;10.2075;4454.99;6.13762;0;0;0.1;0.01;0;7.06258;0;0;-1
0;921;-26.3538;45.1528;48.8396;9.22863;3292.31;5.54904;0;0;0.1;0.01;0;6.11667;0;0;-1
0;922;-25.8928;60.8804;46.5197;10.3198;4603.65;6.20515;0;0;0.1;0.01;0;6.87152;0;0;-1
0;923;-25.5705;79.3362;48.506;9.1597;3219.08;5.50759;0;0;0.1;0.01;0;3.17627;0;0;-1
0;924;-12.3635;-80.7883;46.0131;8.874;2927.16;5.33581;0;0;0.1;0.01;0;3.07095;0;0;-1
0;925;-11.8852;-64.6906;47.9611;8.62741;2689.86;5.18754;0;0;0.1;0.01;0;4.45686;0;0;-1
0;926;-13.4925;-47.9733;46.573;10.3686;4669.27;6.23449;0;0;0.1;0.01;0;7.51923;0;0;-1
0;927;-12.6921;-33.5688;49.1117;10.005;4195.08;6.01586;0;0;0.1;0.01;0;5.88217;0;0;-1
0;928;-11.4133;-13.8835;48.6913;9.93402;4106.42;5.97318;0;0;0.1;0.01;0;6.77257;0;0;-1
0;929;-11.0349;0.270772;46.1098;9.49154;3581.78;5.70713;0;0;0.1;0.01;0;6.65025;0;0;-1
0;930;-13.1744;19.5108;47.8638;10.0132;4205.4;6.02079;0;0;0.1;0.01;0;6.25831;0;0;-1
0;931;-11.2547;37.0981;49.0561;8.84922;2902.71;5.32091;0;0;0.1;0.01;0;6.45041;0;0;-1
0;932;-12.2005;52.5464;48.7896;9.02879;3083.03;5.42888;0;0;0.1;0.01;0;7.20832;0;0;-1
0;933;-11.7521;69.7912;48.0802;10.1432;4371.33;6.09896;0;0;0.1;0.01;0;5.86788;0;0;-1
0;934;-12.818;86.6135;47.996;8.5;2572.44;5.11093;0;0;0.1;0.01;0;1.66598;1;0;-1
0;935;2.05524;-73.1392;45.8783;8.5;2572.44;5.11093;0;0;0.1;0.01;0;4.91356;1;0;-1
0;936;1.61506;-59.4383;46.6233;8.99434;3047.87;5.40817;0;0;0.1;0.01;0;5.60902;0;0;-1
0;937;2.35485;-42.2766;46.958;9.40872;3488.83;5.65733;0;0;0.1;0.01;0;5.65152;0;0;-1
0;938;1.44529;-22.4094;48.5065;9.3869;3464.62;5.64421;0;0;0.1;0.01;0;5.82159;0;0;-1
0;939;4.30798;-5.38921;49.0412;9.50215;3593.8;5.7135;0;0;0.1;0.01;0;6.81273;0;0;-1
0;940;3.22617;8.86565;49.2407;9.40384;3483.41;5.65439;0;0;0.1;0.01;0;5.80668;0;0;-1
0;941;1.82351;29.6366;47.3224;8.5;2572.44;5.11093;0;0;0.1;0.01;0;5.05021;1;0;-1
0;942;1.08238;45.5412;47.594;8.53776;2606.88;5.13363;0;0;0.1;0.01;0;6.17204;0;0;-1
0;943;1.48551;60.6217;45.666;9.03964;3094.15;5.4354;0;0;0.1;0.01;0;5.43622;0;0;-1
0;944;4.93464;79.7284;48.6555;10.1102;4328.8;6.07912;0;0;0.1;0.01;0;3.00494;0;0;-1
0;945;18.9294;-84.4716;48.8963;8.82496;2878.9;5.30632;0;0;0.1;0.01;0;1.95395;0;0;-1
0;946;18.2782;-65.9315;46.7099;9.13393;3191.99;5.4921;0;0;0.1;0.01;0;4.69405;0;0;-1
0;947;16.9271;-49.4169;46.2896;8.5;2572.44;5.11093;0;0;0.1;0.01;0;4.61365;1;0;-1
0;948;19.3952;-34.4025;45.9348;10.2763;4545.68;6.17899;0;0;0.1;0.01;0;6.56687;0;0;-1
0;949;16.1482;-14.8592;48.4553;9.22523;3288.67;5.547;0;0;0.1;0.01;0;6.34137;0;0;-1
0;950;18.7805;1.80683;48.5221;8.50641;2578.26;5.11478;0;0;0.1;0.01;0;5.65694;0;0;-1
0;951;17.3915;17.491;46.7759;9.55479;3653.86;5.74516;0;0;0.1;0.01;0;5.23473;0;0;-1
0;952;16.0253;36.3978;49.0128;8.5;2572.44;5.11093;0;0;0.1;0.01;0;4.95237;1;0;-1
0;953;19.2392;50.8489;45.5615;9.03341;3087.76;5.43166;0;0;0.1;0.01;0;5.11204;0;0;-1
0;954;17.4162;71.0982;46.7912;9.52319;3617.73;5.72616;0;0;0.1;0.01;0;4.54337;0;0;-1
0;955;33.2087;-74.2773;48.7892;8.9766;3029.87;5.3975;0;0;0.1;0.01;0;3.24303;0;0;-1
0;956;33.1121;-57.1351;47.8253;9.60965;3717.16;5.77814;0;0;0.1;0.01;0;6.04663;0;0;-1
0;957;33.476;-39.2143;45.8187;9.85133;4004.73;5.92346;0;0;0.1;0.01;0;6.5419;0;0;-1
0;958;30.7972;-22.5142;46.173;9.98303;4167.5;6.00265;0;0;0.1;0.01;0;6.38906;0;0;-1
0;959;31.9834;-5.04206;47.7723;9.48791;3577.67;5.70494;0;0;0.1;0.01;0;5.83411;0;0;-1
0;960;33.257;12.0648;47.6423;9.44032;3524.1;5.67633;0;0;0.1;0.01;0;5.47952;0;0;-1
0;961;30.6874;25.7854;46.9813;9.75134;3884.02;5.86334;0;0;0.1;0.01;0;6.52907;0;0;-1
0;962;32.7086;43.2083;48.517;8.95476;3007.81;5.38437;0;0;0.1;0.01;0;6.11692;0;0;-1
0;963;31.8857;59.3299;48.6135;9.99243;4179.28;6.0083;0;0;0.1;0.01;0;6.9308;0;0;-1
0;964;30.9361;76.2531;47.697;9.44588;3530.33;5.67967;0;0;0.1;0.01;0;4.12584;0;0;-1
0;965;45.9668;-63.701;46.5679;8.50235;2574.57;5.11234;0;0;0.1;0.01;0;3.30907;0;0;-1
0;966;46.1753;-47.4721;47.5669;10.2055;4452.37;6.13642;0;0;0.1;0.01;0;6.43097;0;0;-1
0;967;47.649;-31.4614;46.2957;8.5;2572.44;5.11093;0;0;0.1;0.01;0;5.04481;1;0;-1
0;968;45.2321;-13.9427;49.0255;9.26855;3335.22;5.57304;0;0;0.1;0.01;0;5.88985;0;0;-1
0;969;45.8985;-0.221415;45.3728;8.5;2572.44;5.11093;0;0;0.1;0.01;0;5.34629;1;0;-1
0;970;47.7169;20.7852;46.8822;10.0206;4214.73;6.02524;0;0;0.1;0.01;0;7.16607;0;0;-1
0;971;45.3002;36.6184;48.5887;9.44979;3534.72;5.68202;0;0;0.1;0.01;0;6.79959;0;0;-1
0;972;46.4719;54.7681;49.1085;9.69619;3818.49;5.83018;0;0;0.1;0.01;0;5.87943;0;0;-1
0;973;45.6632;72.0056;48.4229;9.86394;4020.13;5.93104;0;0;0.1;0.01;0;3.34227;0;0;-1
0;974;63.7001;-58.7662;46.4841;8.74716;2803.43;5.25954;0;0;0.1;0.01;0;2.38324;0;0;-1
0;975;62.0113;-42.3755;47.6433;9.36522;3440.67;5.63117;0;0;0.1;0.01;0;5.05008;0;0;-1
0;976;59.8926;-24.0726;48.5224;8.5;2572.44;5.11093;0;0;0.1;0.01;0;4.8607;1;0;-1
0;977;63.6086;-8.698;46.8128;10.1425;4370.42;6.09854;0;0;0.1;0.01;0;6.67372;0;0;-1
0;978;60.6653;8.13054;47.15;9.86993;4027.46;5.93465;0;0;0.1;0.01;0;6.38263;0;0;-1
0;979;61.5232;26.8105;46.1123;9.90075;4065.3;5.95318;0;0;0.1;0.01;0;6.42528;0;0;-1
0;980;60.1717;43.6485;46.0422;10.1384;4365.13;6.09607;0;0;0.1;0.01;0;6.24396;0;0;-1
0;981;61.1699;61.0034;46.9947;9.12844;3186.24;5.4888;0;0;0.1;0.01;0;3.75976;0;0;-1
0;982;77.2951;-30.3675;48.649;8.61289;2676.3;5.17881;0;0;0.1;0.01;0;2.62322;0;0;-1
0;983;77.1332;-17.0974;47.7285;8.5;2572.44;5.11093;0;0;0.1;0.01;0;3.16279;1;0;-1
0;984;75.5667;1.83124;46.5502;9.84126;3992.46;5.91741;0;0;0.1;0.01;0;5.0479;0;0;-1
0;985;78.6952;17.3364;48.799;10.0526;4255.24;6.04448;0;0;0.1;0.01;0;4.18346;0;0;-1
0;986;75.2831;34.6951;45.9243;10.2898;4563.62;6.18711;0;0;0.1;0.01;0;4.40703;0;0;-1
0;987;-65.6165;-30.2906;62.2624;8.57744;2643.39;5.15749;0;0;0.1;0.01;0;3.43597;0;0;-1
0;988;-66.5749;-15.4228;63.5512;8.87947;2932.58;5.3391;0;0;0.1;0.01;0;3.54122;0;0;-1
0;989;-66.6912;0.553165;61.3324;8.52153;2592.04;5.12387;0;0;0.1;0.01;0;3.48013;0;0;-1
0;990;-66.1506;19.5123;63.9352;9.60852;3715.85;5.77746;0;0;0.1;0.01;0;3.35576;0;0;-1
0;991;-51.8175;-58.4811;60.4499;9.06277;3117.97;5.44931;0;0;0.1;0.01;0;2.13749;0;0;-1
0;992;-51.4192;-38.7578;63.6245;10.4312;4754.35;6.27213;0;0;0.1;0.01;0;5.19705;0;0;-1
0;993;-50.7485;-24.4989;63.3025;8.99047;3043.94;5.40584;0;0;0.1;0.01;0;6.41077;0;0;-1
0;994;-52.7051;-8.79303;61.341;8.75928;2815.1;5.26683;0;0;0.1;0.01;0;4.5739;0;0;-1
0;995;-53.4845;10.3265;61.6442;10.3467;4639.75;6.22132;0;0;0.1;0.01;0;5.60404;0;0;-1
0;996;-53.0247;27.1213;62.1063;8.5119;2583.26;5.11808;0;0;0.1;0.01;0;4.04206;0;0;-1
0;997;-51.7523;46.523;61.8001;9.49673;3587.66;5.71025;0;0;0.1;0.01;0;3.02826;0;0;-1
0;998;-36.3711;-47.5562;60.5225;9.31429;3384.84;5.60055;0;0;0.1;0.01;0;6.18536;0;0;-1
0;999;-36.9172;-33.1697;64.166;8.56914;2635.73;5.1525;0;0;0.1;0.01;0;5.89036;0;0;-1
0;1000;-35.4737;-15.6549;62.6739;9.77893;3917.08;5.87993;0;0;0.1;0.01;0;6.62003;0;0;-1
0;1001;-36.1619;1.45611;63.9622;8.73934;2795.92;5.25484;0;0;0.1;0.01;0;4.87516;0;0;-1
0;1002;-35.0654;19.5892;62.2237;8.80965;2863.94;5.29711;0;0;0.1;0.01;0;5.88813;0;0;-1
0;1003;-35.2262;37.0939;60.6605;9.96828;4149.06;5.99378;0;0;0.1;0.01;0;6.29381;0;0;-1
0;1004;-38.3064;52.2577;63.8398;9.47991;3568.63;5.70013;0;0;0.1;0.01;0;3.94472;0;0;-1
0;1005;-38.3173;67.9594;60.6966;9.61487;3723.22;5.78128;0;0;0.1;0.01;0;3.18343;0;0;-1
0;1006;-21.3198;-73.2315;63.7659;8.5;2572.44;5.11093;0;0;0.1;0.01;0;1.71277;1;0;-1
0;1007;-23.2929;-57.027;62.2445;10.4;4711.82;6.25337;0;0;0.1;0.01;0;6.18648;0;0;-1
0;1008;-22.2424;-40.8631;61.3912;10.2717;4539.58;6.17622;0;0;0.1;0.01;0;8.02966;0;0;-1
0;1009;-21.2999;-22.7351;63.6611;8.53442;2603.82;5.13162;0;0;0.1;0.01;0;6.24273;0;0;-1
0;1010;-21.9769;-5.56642;62.1251;10.3597;4657.26;6.22914;0;0;0.1;0.01;0;6.43769;0;0;-1
0;1011;-22.1202;10.5195;60.8542;8.5;2572.44;5.11093;0;0;0.1;0.01;0;3.63344;1;0;-1
0;1012;-23.7842;26.8087;63.5251;9.01866;3072.66;5.42279;0;0;0.1;0.01;0;4.69525;0;0;-1
0;1013;-22.4078;44.4758;62.8113;9.87176;4029.7;5.93575;0;0;0.1;0.01;0;6.77176;0;0;-1
0;1014;-21.8274;59.7008;60.1763;8.81698;2871.1;5.30152;0;0;0.1;0.01;0;5.43782;0;0;-1
0;1015;-7.87749;-67.6916;60.3411;8.52518;2595.37;5.12607;0;0;0.1;0.01;0;3.89005;0;0;-1
0;1016;-7.86898;-47.7039;63.1318;10.2311;4485.96;6.15181;0;0;0.1;0.01;0;6.71387;0;0;-1
0;1017;-5.56288;-29.8846;63.3913;9.05885;3113.92;5.44696;0;0;0.1;0.01;0;6.57646;0;0;-1
0;1018;-6.8509;-15.3333;60.9663;8.54701;2615.36;5.13919;0;0;0.1;0.01;0;6.62503;0;0;-1
0;1019;-8.78768;0.620014;60.7708;8.5;2572.44;5.11093;0;0;0.1;0.01;0;4.71321;1;0;-1
0;1020;-6.95654;20.832;60.3902;8.92528;2978.2;5.36664;0;0;0.1;0.01;0;4.6173;0;0;-1
0;1021;-8.83178;36.0078;63.5811;9.68264;3802.51;5.82203;0;0;0.1;0.01;0;7.04818;0;0;-1
0;1022;-6.47407;52.1421;61.0303;9.64341;3756.48;5.79844;0;0;0.1;0.01;0;7.58083;0;0;-1
0;1023;-7.43312;67.6694;60.8767;10.3052;4584.14;6.19637;0;0;0.1;0.01;0;4.9359;0;0;-1
0;1024;5.31978;-73.7722;61.9488;8.5;2572.44;5.11093;0;0;0.1;0.01;0;2.23674;1;0;-1
0;1025;6.87329;-57.4078;62.2982;10.176;4413.87;6.11868;0;0;0.1;0.01;0;5.81705;0;0;-1
0;1026;7.74253;-39.3508;61.0322;8.5;2572.44;5.11093;0;0;0.1;0.01;0;4.55331;1;0;-1
0;1027;6.38424;-22.6924;62.3454;9.92312;4092.92;5.96663;0;0;0.1;0.01;0;6.71193;0;0;-1
0;1028;9.17366;-6.37552;62.4705;10.2402;4497.94;6.15728;0;0;0.1;0.01;0;6.85659;0;0;-1
0;1029;8.78178;12.2006;62.2456;8.66534;2725.5;5.21034;0;0;0.1;0.01;0;4.78912;0;0;-1
0;1030;7.91751;26.3216;63.4116;8.5;2572.44;5.11093;0;0;0.1;0.01;0;5.49463;1;0;-1
0;1031;7.42517;42.0729;60.0819;10.2988;4575.6;6.19252;0;0;0.1;0.01;0;6.63318;0;0;-1
0;1032;6.63901;63.0875;63.2888;9.3194;3390.41;5.60362;0;0;0.1;0.01;0;4.62089;0;0;-1
0;1033;21.3033;-63.8675;60.9635;8.5;2572.44;5.11093;0;0;0.1;0.01;0;3.70056;1;0;-1
0;1034;23.2567;-50.2963;61.9538;8.5;2572.44;5.11093;0;0;0.1;0.01;0;4.4347;1;0;-1
0;1035;20.9391;-32.3633;61.0338;8.5;2572.44;5.11093;0;0;0.1;0.01;0;3.83334;1;0;-1
0;1036;24.2149;-12.6701;60.3605;8.5;2572.44;5.11093;0;0;0.1;0.01;0;5.40567;1;0;-1
0;1037;20.6083;2.95379;61.7806;8.5;2572.44;5.11093;0;0;0.1;0.01;0;5.06315;1;0;-1
0;1038;23.0788;19.797;63.7351;10.3275;4613.96;6.20978;0;0;0.1;0.01;0;7.34223;0;0;-1
0;1039;21.9279;37.8373;63.1504;8.70203;2760.26;5.2324;0;0;0.1;0.01;0;5.6896;0;0;-1
0;1040;21.5755;53.1557;60.4247;8.5;2572.44;5.11093;0;0;0.1;0.01;0;5.29545;1;0;-1
0;1041;22.1347;69.1051;61.3919;9.0674;3122.75;5.4521;0;0;0.1;0.01;0;3.39065;0;0;-1
0;1042;34.6668;-59.7318;63.535;8.5;2572.44;5.11093;0;0;0.1;0.01;0;2.17523;1;0;-1
0;1043;36.1584;-39.3446;62.5723;9.23923;3303.66;5.55541;0;0;0.1;0.01;0;4.51244;0;0;-1
0;1044;38.1827;-22.8145;61.8931;8.81792;2872.02;5.30209;0;0;0.1;0.01;0;4.89288;0;0;-1
0;1045;35.795;-5.06075;62.6071;8.95321;3006.25;5.38344;0;0;0.1;0.01;0;4.80166;0;0;-1
0;1046;38.2708;12.2854;61.3797;9.45337;3538.74;5.68417;0;0;0.1;0.01;0;5.64831;0;0;-1
0;1047;37.9528;26.2027;60.2506;8.5;2572.44;5.11093;0;0;0.1;0.01;0;6.73443;1;0;-1
0;1048;35.517;43.359;63.5232;9.23679;3301.05;5.55395;0;0;0.1;0.01;0;5.62855;0;0;-1
0;1049;38.6623;60.4732;63.3838;9.72555;3853.28;5.84783;0;0;0.1;0.01;0;3.94747;0;0;-1
0;1050;53.459;-48.7311;61.7416;9.52246;3616.9;5.72572;0;0;0.1;0.01;0;3.22512;0;0;-1
0;1051;50.3681;-33.3932;60.8854;8.5;2572.44;5.11093;0;0;0.1;0.01;0;4.8757;1;0;-1
0;1052;51.0275;-15.2818;62.1422;9.58171;3684.83;5.76134;0;0;0.1;0.01;0;5.69596;0;0;-1
0;1053;50.0327;0.794854;62.6976;8.5;2572.44;5.11093;0;0;0.1;0.01;0;4.12785;1;0;-1
0;1054;50.5488;20.6952;60.9301;8.5;2572.44;5.11093;0;0;0.1;0.01;0;5.72265;1;0;-1
0;1055;50.8708;34.806;61.8165;9.8158;3961.56;5.9021;0;0;0.1;0.01;0;6.01659;0;0;-1
0;1056;53.6957;53.0082;62.7392;10.1404;4367.71;6.09728;0;0;0.1;0.01;0;3.14108;0;0;-1
0;1057;67.0764;-40.8574;60.8954;10.4293;4751.76;6.27099;0;0;0.1;0.01;0;2.85279;0;0;-1
0;1058;64.4525;-21.519;62.1474;8.5;2572.44;5.11093;0;0;0.1;0.01;0;2.95647;1;0;-1
0;1059;64.4428;-5.44039;61.87;8.5;2572.44;5.11093;0;0;0.1;0.01;0;4.0802;1;0;-1
0;1060;66.7717;9.19862;60.6573;9.7064;3830.57;5.83632;0;0;0.1;0.01;0;3.28578;0;0;-1
0;1061;65.1738;25.0324;60.1649;8.80062;2855.15;5.29169;0;0;0.1;0.01;0;2.81865;0;0;-1
0;1062;-54.4247;-23.7656;75.9855;9.34551;3418.99;5.61932;0;0;0.1;0.01;0;3.6022;0;0;-1
0;1063;-56.5092;-4.69906;78.7063;8.5;2572.44;5.11093;0;0;0.1;0.01;0;1.66335;1;0;-1
0;1064;-54.9428;10.6784;76.2446;9.32397;3395.4;5.60637;0;0;0.1;0.01;0;3.90525;0;0;-1
0;1065;-56.4439;29.7257;75.0151;10.447;4775.99;6.28163;0;0;0.1;0.01;0;3.23398;0;0;-1
0;1066;-40.0287;-48.9656;77.0259;8.5;2572.44;5.11093;0;0;0.1;0.01;0;2.24522;1;0;-1
0;1067;-42.2523;-30.7991;77.7959;8.79456;2849.25;5.28804;0;0;0.1;0.01;0;4.74711;0;0;-1
0;1068;-40.3965;-15.9271;75.0932;9.98709;4172.59;6.00509;0;0;0.1;0.01;0;6.54671;0;0;-1
0;1069;-40.4547;2.87032;77.9491;9.51488;3608.27;5.72116;0;0;0.1;0.01;0;5.73134;0;0;-1
0;1070;-41.6356;17.7771;74.6484;8.54694;2615.29;5.13915;0;0;0.1;0.01;0;5.55003;0;0;-1
0;1071;-39.3214;33.6804;76.4734;9.87209;4030.1;5.93594;0;0;0.1;0.01;0;4.14454;0;0;-1
0;1072;-24.3891;-55.1617;76.9413;9.73996;3870.44;5.8565;0;0;0.1;0.01;0;3.46817;0;0;-1
0;1073;-26.2707;-40.8471;74.9496;9.02504;3079.19;5.42663;0;0;0.1;0.01;0;5.50528;0;0;-1
0;1074;-27.4704;-23.1544;76.5332;10.0637;4269.35;6.05116;0;0;0.1;0.01;0;7.01384;0;0;-1
0;1075;-27.2496;-4.51894;77.9017;9.34698;3420.6;5.6202;0;0;0.1;0.01;0;6.55066;0;0;-1
0;1076;-24.983;12.2901;77.0453;9.04555;3100.23;5.43896;0;0;0.1;0.01;0;5.7744;0;0;-1
0;1077;-25.7868;26.5307;77.302;9.31413;3384.66;5.60045;0;0;0.1;0.01;0;5.89595;0;0;-1
0;1078;-25.3433;43.7286;77.7638;9.28589;3353.97;5.58347;0;0;0.1;0.01;0;3.80643;0;0;-1
0;1079;-10.064;-47.8084;76.4018;8.80812;2862.45;5.29619;0;0;0.1;0.01;0;4.92391;0;0;-1
0;1080;-12.4486;-31.1439;76.4149;10.2266;4480.05;6.14911;0;0;0.1;0.01;0;7.47888;0;0;-1
0;1081;-12.8062;-16.1733;74.615;9.40462;3484.27;5.65486;0;0;0.1;0.01;0;7.35055;0;0;-1
0;1082;-13.5671;0.327132;78.4969;10.2202;4471.64;6.14526;0;0;0.1;0.01;0;6.59476;0;0;-1
0;1083;-11.4814;20.5718;78.3162;8.95194;3004.97;5.38267;0;0;0.1;0.01;0;5.81049;0;0;-1
0;1084;-10.8859;36.5089;76.7782;10.0821;4292.81;6.06222;0;0;0.1;0.01;0;7.27668;0;0;-1
0;1085;-11.9912;51.5967;76.3141;9.93362;4105.93;5.97294;0;0;0.1;0.01;0;4.78239;0;0;-1
0;1086;3.54577;-58.8462;76.6038;10.3992;4710.73;6.25289;0;0;0.1;0.01;0;3.37012;0;0;-1
0;1087;1.37755;-42.2282;78.4849;8.5;2572.44;5.11093;0;0;0.1;0.01;0;4.97718;1;0;-1
0;1088;4.76721;-23.2451;76.3376;10.0445;4244.96;6.03961;0;0;0.1;0.01;0;6.80779;0;0;-1
0;1089;1.29855;-7.59422;78.2449;9.92445;4094.57;5.96743;0;0;0.1;0.01;0;6.26884;0;0;-1
0;1090;3.27258;11.4175;77.6345;8.90179;2954.75;5.35252;0;0;0.1;0.01;0;4.53995;0;0;-1
0;1091;1.5039;27.3626;77.778;9.65841;3774.03;5.80746;0;0;0.1;0.01;0;7.23974;0;0;-1
0;1092;2.53918;42.4953;76.4657;10.3015;4579.2;6.19414;0;0;0.1;0.01;0;6.33709;0;0;-1
0;1093;4.04559;61.3693;76.5683;9.70352;3827.16;5.83459;0;0;0.1;0.01;0;3.29187;0;0;-1
0;1094;16.4727;-49.6004;74.9897;8.82222;2876.22;5.30467;0;0;0.1;0.01;0;3.51592;0;0;-1
0;1095;17.4663;-30.741;77.8446;9.94785;4123.6;5.9815;0;0;0.1;0.01;0;6.04434;0;0;-1
0;1096;18.4947;-13.1228;74.6054;9.11763;3174.93;5.4823;0;0;0.1;0.01;0;6.14101;0;0;-1
0;1097;16.7237;3.33988;76.3056;8.78297;2838;5.28107;0;0;0.1;0.01;0;5.25157;0;0;-1
0;1098;18.4133;20.128;76.7588;8.5;2572.44;5.11093;0;0;0.1;0.01;0;5.81081;1;0;-1
0;1099;18.6049;33.98;76.0113;10.0972;4312.13;6.0713;0;0;0.1;0.01;0;7.30813;0;0;-1
0;1100;18.5661;54.4257;76.1438;9.59276;3697.6;5.76799;0;0;0.1;0.01;0;3.6025;0;0;-1
0;1101;32.5501;-40.2023;76.428;10.1849;4425.47;6.12403;0;0;0.1;0.01;0;3.8129;0;0;-1
0;1102;31.2464;-22.9461;78.5546;10.1291;4353.13;6.09048;0;0;0.1;0.01;0;5.58225;0;0;-1
0;1103;31.1768;-5.98741;77.3447;8.5572;2624.72;5.14532;0;0;0.1;0.01;0;5.2008;0;0;-1
0;1104;32.3754;11.7412;76.1738;9.07028;3125.72;5.45383;0;0;0.1;0.01;0;4.46296;0;0;-1
0;1105;34.5167;28.4109;76.6451;10.3011;4578.67;6.1939;0;0;0.1;0.01;0;5.87681;0;0;-1
0;1106;30.9563;46.496;78.1634;10.3268;4613.03;6.20935;0;0;0.1;0.01;0;4.16908;0;0;-1
0;1107;49.0862;-30.3938;78.6659;9.26179;3327.92;5.56898;0;0;0.1;0.01;0;1.69;0;0;-1
0;1108;45.4458;-13.8822;75.3098;8.5304;2600.14;5.12921;0;0;0.1;0.01;0;4.7614;0;0;-1
0;1109;47.4411;0.399756;77.9803;8.55106;2619.08;5.14163;0;0;0.1;0.01;0;3.45422;0;0;-1
0;1110;48.3198;20.0378;74.9171;9.58572;3689.46;5.76375;0;0;0.1;0.01;0;3.87147;0;0;-1
0;1111;49.0138;36.2391;77.4658;8.5;2572.44;5.11093;0;0;0.1;0.01;0;2.34065;1;0;-1
0;1112;60.4403;-6.10716;78.4477;8.5;2572.44;5.11093;0;0;0.1;0.01;0;1.59307;1;0;-1
0;1113;-36.2689;-15.7317;89.6368;9.8315;3980.59;5.91154;0;0;0.1;0.01;0;4.24792;0;0;-1
0;1114;-36.4104;1.56674;91.238;8.5;2572.44;5.11093;0;0;0.1;0.01;0;3.92333;1;0;-1
0;1115;-38.4462;16.9528;89.8869;10.0141;4206.53;6.02133;0;0;0.1;0.01;0;3.77076;0;0;-1
0;1116;-21.1048;-24.4706;90.0489;10.4526;4783.67;6.285;0;0;0.1;0.01;0;4.94847;0;0;-1
0;1117;-23.4139;-6.36225;93.075;10.0382;4236.98;6.03582;0;0;0.1;0.01;0;4.54062;0;0;-1
0;1118;-22.7388;11.6905;89.7726;8.5;2572.44;5.11093;0;0;0.1;0.01;0;4.56317;1;0;-1
0;1119;-21.6285;27.6348;93.3756;10.1704;4406.59;6.11531;0;0;0.1;0.01;0;3.63717;0;0;-1
0;1120;-7.47889;-31.4728;90.794;9.99572;4183.41;6.01028;0;0;0.1;0.01;0;4.74695;0;0;-1
0;1121;-8.53153;-14.0121;89.442;9.49792;3589.01;5.71096;0;0;0.1;0.01;0;6.43425;0;0;-1
0;1122;-6.51267;1.1809;92.6602;9.92513;4095.41;5.96784;0;0;0.1;0.01;0;5.31215;0;0;-1
0;1123;-5.80898;19.1304;93.3204;10.3778;4681.71;6.24002;0;0;0.1;0.01;0;5.3772;0;0;-1
0;1124;-7.6154;35.0394;92.3573;8.5;2572.44;5.11093;0;0;0.1;0.01;0;3.70975;1;0;-1
0;1125;5.41758;-38.5725;92.1418;8.64182;2703.36;5.1962;0;0;0.1;0.01;0;2.77438;0;0;-1
0;1126;6.63415;-23.3662;92.1248;9.97299;4154.94;5.99661;0;0;0.1;0.01;0;4.85914;0;0;-1
0;1127;7.32632;-5.04072;91.6042;9.76217;3896.98;5.86985;0;0;0.1;0.01;0;4.37165;0;0;-1
0;1128;6.66367;10.8084;91.2149;9.29955;3368.79;5.59168;0;0;0.1;0.01;0;4.12301;0;0;-1
0;1129;6.09684;28.7504;90.0539;9.47028;3557.76;5.69434;0;0;0.1;0.01;0;5.33476;0;0;-1
0;1130;23.7507;-31.9714;89.8611;8.5;2572.44;5.11093;0;0;0.1;0.01;0;2.94894;1;0;-1
0;1131;20.7066;-13.4738;89.3545;8.96289;3016.01;5.38926;0;0;0.1;0.01;0;4.82309;0;0;-1
0;1132;22.7929;0.119251;90.1674;8.56343;2630.46;5.14907;0;0;0.1;0.01;0;3.46864;0;0;-1
0;1133;20.0113;20.821;90.9596;8.88242;2935.5;5.34087;0;0;0.1;0.01;0;3.25262;0;0;-1
0;1134;20.8908;36.7162;90.3445;8.61361;2676.97;5.17924;0;0;0.1;0.01;0;2.71863;0;0;-1
0;1135;37.3236;-7.80928;89.7299;9.767;3902.76;5.87276;0;0;0.1;0.01;0;3.63798;0;0;-1
0;1136;35.4274;9.72298;91.1655;8.5238;2594.11;5.12524;0;0;0.1;0.01;0;1.96363;0;0;-1
