      Alive  Apoptotic  Necrotic
Time                            
0      1137          0         0
40     1229          1         0
80     1240          2         2
120    1229         16        18
160    1124         82        80
200     926        236       154
240     732        401       207
280     630        508       222
320     621        544       227
360     626        559       230
400     650        564       234
440     687        566       237
480     726        562       242
520     785        541       249
560     824        499       250
600     839        401       255
640     867        241       261
680     901        122       266
720     903         71       276
760     905         45       286
800     912         39       298
840     940         36       304
880     959         35       310
920     975         37       316
960    1007         38       319
1000   1049         38       326
1040   1104         37       329
1080   1167         34       336
1120   1237         41       345
1160   1322         40       356
1200   1382         42       371
1240   1410         43       383
1280   1459         54       398
1320   1495         55       409
1360   1503         62       420
1400   1501         67       433
1440   1522         75       446
Saving fig as ./figures/example_spheroid_TNF_conc0.2_pulse25-600_run0.png
      Alive  Apoptotic  Necrotic
Time                            
0      1137          0         0
40     1224          5         0
80     1238          7         0
120    1258         10         0
160    1280         14         1
200    1290         24        12
240    1276         44        47
280    1199        111        94
320    1093        187       153
360     988        271       204
400     911        323       261
440     830        383       314
480     782        440       351
520     756        477       388
560     732        510       406
600     710        501       431
640     700        480       455
680     712        447       472
720     692        411       489
760     681        364       506
800     665        295       526
840     667        239       540
880     639        189       568
920     623        148       593
960     603        112       627
1000    600         91       649
1040    600         76       674
1080    595         64       699
1120    621         59       716
1160    633         62       734
1200    645         62       746
1240    655         57       757
1280    673         50       771
1320    691         49       780
1360    692         50       790
1400    687         48       803
1440    676         46       824
Saving fig as ./figures/example_spheroid_TNF_conc0.2_pulse25-600_run1.png
      Alive  Apoptotic  Necrotic
Time                            
0      1137          0         0
40     1226          5         0
80     1237          6         0
120    1247         15         0
160    1271         19         0
200    1315         19         0
240    1352         23         0
280    1407         26         0
320    1469         29         0
360    1522         34         0
400    1598         34         0
440    1695         35         0
480    1814         40         0
520    1949         40         0
560    2075         43         0
600    2143         44         0
640    2241         50         0
680    2333         56         0
720    2359         59         0
760    2388         64         1
800    2439         64         1
840    2514         63         2
880    2587         60         2
920    2685         57         5
960    2797         61         6
1000   2912         58         8
1040   3063         63        10
1080   3243         75        12
1120   3466         80        15
1160   3690         83        19
1200   3932         92        21
1240   4074         98        24
1280   4251        105        29
1320   4410        115        35
1360   4456        118        44
1400   4539        123        47
1440   4627        128        50
Saving fig as ./figures/example_spheroid_TNF_conc0.2_pulse25-600_run2.png
      Alive  Apoptotic  Necrotic
Time                            
0      1137          0         0
40     1223          5         0
80     1234          8         0
120    1252         10         0
160    1282         14         0
200    1312         19         0
240    1349         24         0
280    1397         28         0
320    1460         29         0
360    1523         35         0
400    1606         40         0
440    1694         46         0
480    1811         48         0
520    1947         46         0
560    2061         47         0
600    2132         48         0
640    2237         52         0
680    2321         55         0
720    2352         61         0
760    2382         66         0
800    2447         59         0
840    2518         54         0
880    2591         56         0
920    2674         59         0
960    2802         56         0
1000   2925         54         0
1040   3091         58         0
1080   3270         61         0
1120   3484         60         0
1160   3724         70         0
1200   3941         80         0
1240   4080         87         0
1280   4293         94         0
1320   4440        102         0
1360   4513        108         0
1400   4575        125         0
1440   4698        126         0
Saving fig as ./figures/example_spheroid_TNF_conc0.2_pulse25-600_run3.png
      Alive  Apoptotic  Necrotic
Time                            
0      1137          0         0
40     1228          5         0
80     1241          8         0
120    1256          9         0
160    1276         12         0
200    1313         20         0
240    1346         26         0
280    1404         30         0
320    1458         34         0
360    1520         37         0
400    1596         40         0
440    1692         44         0
480    1794         46         0
520    1944         47         0
560    2061         50         0
600    2133         55         0
640    2222         53         0
680    2329         57         0
720    2371         53         0
760    2394         48         0
800    2443         49         0
840    2509         52         0
880    2582         52         0
920    2681         56         0
960    2786         57         0
1000   2909         62         0
1040   3071         58         0
1080   3236         73         0
1120   3448         83         0
1160   3707         87         0
1200   3925        100         0
1240   4084        102         0
1280   4273        104         0
1320   4446        109         0
1360   4531        113         0
1400   4591        110         0
1440   4680        111         0
Saving fig as ./figures/example_spheroid_TNF_conc0.2_pulse25-600_run4.png
      Alive  Apoptotic  Necrotic
Time                            
0      1137          0         0
40     1230          1         0
80     1236          5         0
120    1257          9         0
160    1280         10         0
200    1323         13         0
240    1360         18         0
280    1409         22         0
320    1466         29         0
360    1530         30         0
400    1605         32         0
440    1700         39         0
480    1827         38         0
520    1967         42         0
560    2080         46         0
600    2154         46         0
640    2260         47         0
680    2354         48         0
720    2382         50         0
760    2415         51         0
800    2470         52         0
840    2536         52         0
880    2610         53         0
920    2705         54         0
960    2819         60         0
1000   2934         59         0
1040   3088         60         0
1080   3280         66         0
1120   3520         63         0
1160   3771         73         0
1200   3984         78         0
1240   4140         86         0
1280   4335         94         0
1320   4499         99         0
1360   4568        111         0
1400   4634        112         0
1440   4742        114         0
Saving fig as ./figures/example_spheroid_TNF_conc0.2_pulse25-600_run5.png
      Alive  Apoptotic  Necrotic
Time                            
0      1137          0         0
40     1227          3         0
80     1236          6         0
120    1250          8         0
160    1281         11         0
200    1315         17         0
240    1358         23         0
280    1410         27         0
320    1466         29         0
360    1529         31         0
400    1609         33         0
440    1703         39         0
480    1812         37         0
520    1966         42         0
560    2069         45         0
600    2136         49         0
640    2247         49         0
680    2336         45         0
720    2372         48         0
760    2406         46         0
800    2457         51         0
840    2522         58         0
880    2608         61         0
920    2703         64         0
960    2811         67         0
1000   2925         70         0
1040   3068         73         0
1080   3264         82         0
1120   3457         90         0
1160   3730         95         0
1200   3933         96         0
1240   4097         98         0
1280   4290         99         0
1320   4437        102         0
1360   4514        108         0
1400   4574        116         0
1440   4682        122         0
Saving fig as ./figures/example_spheroid_TNF_conc0.2_pulse25-600_run6.png
      Alive  Apoptotic  Necrotic
Time                            
0      1137          0         0
40     1225          3         0
80     1236          7         0
120    1250         12         0
160    1282         15         0
200    1313         19         0
240    1357         25         0
280    1401         28         0
320    1459         33         0
360    1518         35         0
400    1593         39         0
440    1692         40         0
480    1815         42         0
520    1955         40         0
560    2072         43         0
600    2155         46         0
640    2250         47         0
680    2336         47         0
720    2360         52         0
760    2406         53         0
800    2454         60         0
840    2513         65         0
880    2593         60         0
920    2686         68         0
960    2786         74         0
1000   2913         73         0
1040   3061         80         0
1080   3230         88         0
1120   3476         92         0
1160   3731         90         0
1200   3953         91         0
1240   4110         91         0
1280   4299         96         0
1320   4438         97         0
1360   4509         99         0
1400   4583        106         0
1440   4704        105         0
Saving fig as ./figures/example_spheroid_TNF_conc0.2_pulse25-600_run7.png
      Alive  Apoptotic  Necrotic
Time                            
0      1137          0         0
40     1225          4         0
80     1238          8         0
120    1254         12         0
160    1280         18         0
200    1311         21         0
240    1357         22         0
280    1403         32         0
320    1452         35         0
360    1517         37         0
400    1597         38         0
440    1698         43         0
480    1805         49         0
520    1949         50         0
560    2057         50         0
600    2126         51         0
640    2226         56         0
680    2320         55         0
720    2334         67         0
760    2366         69         0
800    2423         71         0
840    2496         68         0
880    2571         73         0
920    2658         77         0
960    2766         76         0
1000   2899         76         0
1040   3048         74         0
1080   3241         73         0
1120   3482         78         0
1160   3734         79         0
1200   3922         84         0
1240   4062         92         0
1280   4243         93         0
1320   4405         92         0
1360   4470         95         0
1400   4528        105         0
1440   4634        115         0
Saving fig as ./figures/example_spheroid_TNF_conc0.2_pulse25-600_run8.png
      Alive  Apoptotic  Necrotic
Time                            
0      1137          0         0
40     1225          4         0
80     1233          9         0
120    1256          9         0
160    1279         13         0
200    1317         15         0
240    1354         19         0
280    1422         20         0
320    1475         25         0
360    1530         29         0
400    1607         34         0
440    1696         38         0
480    1814         40         0
520    1949         40         0
560    2066         45         0
600    2147         49         0
640    2237         54         0
680    2334         55         0
720    2363         58         0
760    2400         60         0
800    2456         64         0
840    2517         66         0
880    2596         72         0
920    2708         77         0
960    2815         78         0
1000   2930         81         0
1040   3077         83         0
1080   3251         81         0
1120   3461         84         0
1160   3714         98         0
1200   3919        106         0
1240   4068        108         0
1280   4258        108         0
1320   4419        110         0
1360   4484        117         0
1400   4564        121         0
1440   4678        126         0
Saving fig as ./figures/example_spheroid_TNF_conc0.2_pulse25-600_run9.png
      Alive  Apoptotic  Necrotic
Time                            
0      1137          0         0
40     1224          4         0
80     1232         11         0
120    1256         13         0
160    1276         18         0
200    1314         21         0
240    1350         27         0
280    1401         29         0
320    1458         29         0
360    1513         35         0
400    1613         35         0
440    1693         37         0
480    1806         37         0
520    1954         36         0
560    2065         38         0
600    2140         40         0
640    2238         41         0
680    2336         49         0
720    2367         51         0
760    2402         57         0
800    2451         53         0
840    2529         58         0
880    2600         57         0
920    2694         63         0
960    2800         62         0
1000   2914         66         0
1040   3089         66         0
1080   3254         69         0
1120   3494         69         0
1160   3748         72         0
1200   3961         75         0
1240   4103         84         0
1280   4301         83         0
1320   4475         86         0
1360   4556         89         0
1400   4618         90         0
1440   4723         92         0
Saving fig as ./figures/example_spheroid_TNF_conc0.2_pulse25-600_run10.png
      Alive  Apoptotic  Necrotic
Time                            
0      1137          0         0
40     1223          6         0
80     1234         10         0
120    1252         13         0
160    1281         15         0
200    1321         19         0
240    1354         23         0
280    1410         25         0
320    1457         32         0
360    1517         34         0
400    1600         37         0
440    1698         38         0
480    1810         38         0
520    1950         38         0
560    2078         41         0
600    2148         45         0
640    2237         45         0
680    2343         52         0
720    2363         54         0
760    2396         59         0
800    2449         59         0
840    2528         58         0
880    2612         59         0
920    2704         58         0
960    2798         68         0
1000   2911         66         0
1040   3069         68         0
1080   3259         68         0
1120   3469         75         0
1160   3722         83         0
1200   3948         89         0
1240   4098        105         0
1280   4286        103         0
1320   4454        110         0
1360   4520        114         0
1400   4597        116         0
1440   4705        125         0
Saving fig as ./figures/example_spheroid_TNF_conc0.2_pulse25-600_run11.png
      Alive  Apoptotic  Necrotic
Time                            
0      1137          0         0
40     1225          4         0
80     1237          8         0
120    1256          9         0
160    1281         13         0
200    1324         16         0
240    1360         19         0
280    1405         29         0
320    1465         33         0
360    1523         34         0
400    1611         39         0
440    1700         40         0
480    1818         44         0
520    1963         44         0
560    2069         47         0
600    2144         48         0
640    2251         50         0
680    2329         57         0
720    2358         56         0
760    2392         57         0
800    2445         57         0
840    2515         59         0
880    2597         61         0
920    2694         64         0
960    2802         69         0
1000   2922         68         0
1040   3077         68         0
1080   3254         70         0
1120   3479         71         0
1160   3758         75         0
1200   3951         81         0
1240   4096         89         0
1280   4299         89         0
1320   4454         99         0
1360   4526         93         0
1400   4586         99         0
1440   4687        105         0
Saving fig as ./figures/example_spheroid_TNF_conc0.2_pulse25-600_run12.png
      Alive  Apoptotic  Necrotic
Time                            
0      1137          0         0
40     1228          2         0
80     1241          5         0
120    1256         10         0
160    1279         15         0
200    1315         18         0
240    1355         23         0
280    1407         26         0
320    1472         29         0
360    1520         31         0
400    1608         38         0
440    1707         41         0
480    1812         41         0
520    1954         38         0
560    2067         39         0
600    2153         37         0
640    2256         38         0
680    2351         40         0
720    2381         44         0
760    2405         50         0
800    2459         50         0
840    2516         59         0
880    2595         58         0
920    2707         58         0
960    2826         62         0
1000   2933         66         0
1040   3112         68         0
1080   3288         68         0
1120   3497         75         0
1160   3740         74         0
1200   3972         80         0
1240   4134         82         0
1280   4324         83         0
1320   4497         89         0
1360   4571         92         0
1400   4627        100         0
1440   4733        102         0
Saving fig as ./figures/example_spheroid_TNF_conc0.2_pulse25-600_run13.png
      Alive  Apoptotic  Necrotic
Time                            
0      1137          0         0
40     1223          4         0
80     1235          6         0
120    1256         10         0
160    1276         17         0
200    1314         21         0
240    1355         23         0
280    1403         26         0
320    1458         30         0
360    1522         33         0
400    1610         36         0
440    1700         35         0
480    1815         33         0
520    1970         35         0
560    2081         35         0
600    2146         34         0
640    2244         38         0
680    2344         43         0
720    2376         49         0
760    2413         53         0
800    2455         58         0
840    2528         58         0
880    2615         58         0
920    2708         62         0
960    2817         64         0
1000   2940         69         0
1040   3089         74         0
1080   3276         76         0
1120   3501         81         0
1160   3756         84         0
1200   3955         85         0
1240   4107         88         0
1280   4295         91         0
1320   4465         92         0
1360   4551         99         0
1400   4627        100         0
1440   4727        103         0
Saving fig as ./figures/example_spheroid_TNF_conc0.2_pulse25-600_run14.png
      Alive  Apoptotic  Necrotic
Time                            
0      1137          0         0
40     1228          3         0
80     1237          7         0
120    1255          8         0
160    1283         12         0
200    1316         16         0
240    1352         22         0
280    1404         24         0
320    1467         29         0
360    1524         34         0
400    1604         39         0
440    1695         40         0
480    1819         40         0
520    1960         41         0
560    2079         40         0
600    2142         46         0
640    2238         50         0
680    2337         48         0
720    2371         48         0
760    2405         47         0
800    2462         51         0
840    2521         52         0
880    2597         54         0
920    2697         55         0
960    2804         56         0
1000   2936         62         0
1040   3090         66         0
1080   3271         73         0
1120   3484         75         0
1160   3738         80         0
1200   3981         82         0
1240   4120         84         0
1280   4299         94         0
1320   4473         98         0
1360   4547        102         0
1400   4593        117         0
1440   4704        127         0
Saving fig as ./figures/example_spheroid_TNF_conc0.2_pulse25-600_run15.png
      Alive  Apoptotic  Necrotic
Time                            
0      1137          0         0
40     1229          3         0
80     1230         11         0
120    1246         17         0
160    1262         22         0
200    1306         28         0
240    1346         31         0
280    1395         34         0
320    1453         36         0
360    1520         38         0
400    1594         41         0
440    1688         45         0
480    1792         47         0
520    1935         43         0
560    2055         45         0
600    2130         48         0
640    2250         43         0
680    2335         49         0
720    2356         51         0
760    2375         59         0
800    2422         58         0
840    2498         56         0
880    2578         58         0
920    2675         57         0
960    2792         61         0
1000   2902         63         0
1040   3049         64         0
1080   3249         68         0
1120   3460         70         0
1160   3725         74         0
1200   3943         79         0
1240   4099         80         0
1280   4294         92         0
1320   4457         97         0
1360   4513        105         0
1400   4558        108         0
1440   4659        104         0
Saving fig as ./figures/example_spheroid_TNF_conc0.2_pulse25-600_run16.png
      Alive  Apoptotic  Necrotic
Time                            
0      1137          0         0
40     1227          4         0
80     1232         10         0
120    1251         13         0
160    1276         16         0
200    1307         22         0
240    1356         24         0
280    1407         30         0
320    1452         36         0
360    1516         39         0
400    1600         41         0
440    1692         42         0
480    1809         43         0
520    1957         42         0
560    2063         44         0
600    2127         52         0
640    2227         50         0
680    2334         53         0
720    2364         45         0
760    2398         48         0
800    2439         56         0
840    2516         61         0
880    2595         62         0
920    2689         63         0
960    2783         59         0
1000   2907         59         0
1040   3063         64         0
1080   3241         69         0
1120   3464         71         0
1160   3743         82         0
1200   3948         89         0
1240   4078         92         0
1280   4252         96         0
1320   4432        105         0
1360   4514        109         0
1400   4592        113         0
1440   4684        121         0
Saving fig as ./figures/example_spheroid_TNF_conc0.2_pulse25-600_run17.png
      Alive  Apoptotic  Necrotic
Time                            
0      1137          0         0
40     1226          4         0
80     1238          6         0
120    1260          6         0
160    1284         11         0
200    1317         15         0
240    1359         18         0
280    1410         21         0
320    1473         22         0
360    1524         26         0
400    1615         33         0
440    1703         35         0
480    1816         35         0
520    1957         41         0
560    2074         46         0
600    2137         56         0
640    2236         58         0
680    2332         62         0
720    2362         69         0
760    2393         73         0
800    2440         77         0
840    2498         77         0
880    2581         83         0
920    2671         86         0
960    2770         87         0
1000   2888         85         0
1040   3047         89         0
1080   3217         89         0
1120   3439         88         0
1160   3695         94         0
1200   3917         93         0
1240   4064         98         0
1280   4249        103         0
1320   4423        102         0
1360   4497         94         0
1400   4571         94         0
1440   4667         93         0
Saving fig as ./figures/example_spheroid_TNF_conc0.2_pulse25-600_run18.png
      Alive  Apoptotic  Necrotic
Time                            
0      1137          0         0
40     1226          2         0
80     1242          2         0
120    1253          8         0
160    1284          9         0
200    1317         10         0
240    1365         14         0
280    1410         20         0
320    1470         23         0
360    1522         29         0
400    1611         33         0
440    1709         32         0
480    1822         34         0
520    1976         35         0
560    2071         36         0
600    2164         38         0
640    2254         42         0
680    2357         41         0
720    2388         42         0
760    2421         47         0
800    2466         49         0
840    2534         51         0
880    2627         50         0
920    2718         53         0
960    2827         59         0
1000   2939         64         0
1040   3104         66         0
1080   3301         67         0
1120   3529         75         0
1160   3798         76         0
1200   4007         78         0
1240   4129         88         0
1280   4309         95         0
1320   4486        106         0
1360   4561        111         0
1400   4631        111         0
1440   4727        113         0
Saving fig as ./figures/example_spheroid_TNF_conc0.2_pulse25-600_run19.png
      Alive  Apoptotic  Necrotic
Time                            
0      1137          0         0
40     1225          4         0
80     1234          7         0
120    1252         11         0
160    1278         17         0
200    1316         19         0
240    1361         21         0
280    1413         26         0
320    1465         32         0
360    1512         33         0
400    1601         34         0
440    1697         39         0
480    1811         45         0
520    1938         49         0
560    2066         49         0
600    2143         49         0
640    2243         51         0
680    2338         52         0
720    2365         60         0
760    2388         65         0
800    2446         70         0
840    2506         70         0
880    2577         69         0
920    2682         69         0
960    2790         75         0
1000   2881         79         0
1040   3049         77         0
1080   3244         83         0
1120   3450         89         0
1160   3701         91         0
1200   3916         90         0
1240   4077         93         0
1280   4269        100         0
1320   4434         99         0
1360   4498        106         0
1400   4557        116         0
1440   4672        113         0
Saving fig as ./figures/example_spheroid_TNF_conc0.2_pulse25-600_run20.png
      Alive  Apoptotic  Necrotic
Time                            
0      1137          0         0
40     1230          1         0
80     1240          5         0
120    1258          7         0
160    1283         15         0
200    1315         19         0
240    1354         22         0
280    1401         28         0
320    1462         34         0
360    1522         38         0
400    1599         44         0
440    1694         47         0
480    1799         48         0
520    1950         52         0
560    2058         49         0
600    2136         52         0
640    2239         54         0
680    2330         52         0
720    2353         54         0
760    2395         52         0
800    2445         56         0
840    2518         54         0
880    2584         63         0
920    2687         65         0
960    2797         65         0
1000   2921         65         0
1040   3062         67         0
1080   3251         72         0
1120   3463         72         0
1160   3711         77         0
1200   3941         81         0
1240   4088         90         0
1280   4267         93         0
1320   4422        101         0
1360   4489        106         0
1400   4569        110         0
1440   4684        115         0
Saving fig as ./figures/example_spheroid_TNF_conc0.2_pulse25-600_run21.png
      Alive  Apoptotic  Necrotic
Time                            
0      1137          0         0
40     1225          3         0
80     1234          7         0
120    1252          9         0
160    1285         11         0
200    1318         17         0
240    1360         22         0
280    1410         24         0
320    1470         27         0
360    1527         30         0
400    1612         28         0
440    1709         28         0
480    1818         32         0
520    1973         32         0
560    2089         28         0
600    2168         32         0
640    2268         35         0
680    2369         35         0
720    2390         41         0
760    2419         44         0
800    2478         43         0
840    2548         45         0
880    2636         53         0
920    2727         54         0
960    2841         60         0
1000   2950         64         0
1040   3118         61         0
1080   3317         66         0
1120   3540         73         0
1160   3811         75         0
1200   4011         80         0
1240   4164         89         0
1280   4375         91         0
1320   4532         93         0
1360   4583        103         0
1400   4658        107         0
1440   4772        109         0
Saving fig as ./figures/example_spheroid_TNF_conc0.2_pulse25-600_run22.png
      Alive  Apoptotic  Necrotic
Time                            
0      1137          0         0
40     1226          2         0
80     1239          5         0
120    1258          8         0
160    1285         12         0
200    1313         15         0
240    1359         20         0
280    1406         26         0
320    1457         33         0
360    1517         38         0
400    1598         39         0
440    1688         41         0
480    1807         41         0
520    1959         42         0
560    2064         44         0
600    2147         48         0
640    2247         49         0
680    2342         51         0
720    2376         50         0
760    2404         47         0
800    2456         49         0
840    2528         51         0
880    2611         49         0
920    2708         51         0
960    2808         48         0
1000   2917         59         0
1040   3075         60         0
1080   3255         64         0
1120   3486         72         0
1160   3763         80         0
1200   3960         83         0
1240   4127         88         0
1280   4302        101         0
1320   4481         99         0
1360   4558        102         0
1400   4611        108         0
1440   4719        111         0
Saving fig as ./figures/example_spheroid_TNF_conc0.2_pulse25-600_run23.png
