Time;ID;x;y;z;radius;volume_total;radius_nuclear;contact_ECM;freezer;polarized_fraction;motility;cell_line;Cell_cell;phase;Cycle;NFkB
0;0;-51.321;-4.61006;-83.4288;8.5;2572.44;5.11093;0;0;0.1;0.01;0;2.64304;1;0;-1
0;1;-37.4352;-33.3431;-84.6866;9.8791;4038.69;5.94016;0;0;0.1;0.01;0;2.67584;0;0;-1
0;2;-37.6575;-13.8249;-86.4845;8.5;2572.44;5.11093;0;0;0.1;0.01;0;2.65201;1;0;-1
0;3;-38.5116;0.472906;-85.5966;8.93259;2985.53;5.37104;0;0;0.1;0.01;0;2.496;0;0;-1
0;4;-35.4911;20.6068;-84.338;10.0373;4235.84;6.03528;0;0;0.1;0.01;0;3.05465;0;0;-1
0;5;-21.8006;-40.6271;-87.2618;9.31441;3384.97;5.60062;0;0;0.1;0.01;0;2.80783;0;0;-1
0;6;-20.5462;-22.4009;-85.9295;8.72424;2781.45;5.24576;0;0;0.1;0.01;0;4.24115;0;0;-1
0;7;-21.031;-8.41433;-84.512;8.68751;2746.47;5.22367;0;0;0.1;0.01;0;4.10687;0;0;-1
0;8;-20.3066;10.7167;-85.9744;8.9461;2999.09;5.37916;0;0;0.1;0.01;0;3.39465;0;0;-1
0;9;-22.296;28.7589;-84.0099;9.1147;3171.87;5.48054;0;0;0.1;0.01;0;3.81257;0;0;-1
0;10;-8.84606;-49.3353;-83.417;10.3831;4688.89;6.24321;0;0;0.1;0.01;0;3.60841;0;0;-1
0;11;-7.09708;-30.7515;-87.1642;9.25676;3322.5;5.56596;0;0;0.1;0.01;0;4.75213;0;0;-1
0;12;-6.80705;-16.6165;-86.2526;8.92614;2979.06;5.36716;0;0;0.1;0.01;0;5.07752;0;0;-1
0;13;-6.59175;0.139613;-85.5169;10.1914;4433.94;6.12794;0;0;0.1;0.01;0;5.02024;0;0;-1
0;14;-7.56418;20.0292;-83.7618;10.1998;4444.92;6.13299;0;0;0.1;0.01;0;5.00653;0;0;-1
0;15;-7.67758;38.293;-83.9361;9.71243;3837.71;5.83994;0;0;0.1;0.01;0;3.32065;0;0;-1
0;16;7.44536;-40.8689;-85.9521;10.0896;4302.4;6.06673;0;0;0.1;0.01;0;4.84746;0;0;-1
0;17;6.40319;-24.2337;-83.4872;10.0954;4309.82;6.07022;0;0;0.1;0.01;0;6.03675;0;0;-1
0;18;8.7269;-6.01592;-85.8359;8.76963;2825.09;5.27305;0;0;0.1;0.01;0;3.89351;0;0;-1
0;19;6.47957;10.9333;-86.7596;8.73724;2793.9;5.25358;0;0;0.1;0.01;0;2.66789;0;0;-1
0;20;7.75101;27.7513;-87.3892;8.84193;2895.54;5.31652;0;0;0.1;0.01;0;3.18292;0;0;-1
0;21;8.87868;45.3815;-83.5784;10.2972;4573.47;6.19156;0;0;0.1;0.01;0;3.80119;0;0;-1
0;22;20.2408;-49.1536;-84.496;9.44966;3534.57;5.68194;0;0;0.1;0.01;0;3.23357;0;0;-1
0;23;23.3383;-34.0323;-86.6653;10.0918;4305.21;6.06805;0;0;0.1;0.01;0;5.12337;0;0;-1
0;24;20.6081;-15.727;-84.9671;8.5;2572.44;5.11093;0;0;0.1;0.01;0;3.28259;1;0;-1
0;25;22.4817;3.44866;-86.8634;8.58914;2654.22;5.16453;0;0;0.1;0.01;0;3.59168;0;0;-1
0;26;23.6301;20.3936;-84.4807;8.88816;2941.2;5.34432;0;0;0.1;0.01;0;4.47756;0;0;-1
0;27;23.548;37.7422;-84.8628;9.8457;3997.87;5.92008;0;0;0.1;0.01;0;3.69284;0;0;-1
0;28;36.3548;-40.1932;-83.6484;9.99562;4183.29;6.01022;0;0;0.1;0.01;0;3.7692;0;0;-1
0;29;35.467;-25.5472;-86.1276;8.5;2572.44;5.11093;0;0;0.1;0.01;0;3.01598;1;0;-1
0;30;37.2095;-5.59615;-85.2992;10.2046;4451.19;6.13588;0;0;0.1;0.01;0;2.52923;0;0;-1
0;31;36.5603;10.8601;-83.9716;10.2277;4481.49;6.14977;0;0;0.1;0.01;0;3.93896;0;0;-1
0;32;37.5883;26.9803;-83.9274;10.0868;4298.82;6.06505;0;0;0.1;0.01;0;4.35739;0;0;-1
0;33;-70.5266;-14.7631;-69.3744;9.3986;3477.59;5.65124;0;0;0.1;0.01;0;2.28042;0;0;-1
0;34;-57.8123;-39.4501;-71.3437;9.97762;4160.73;5.9994;0;0;0.1;0.01;0;3.10613;0;0;-1
0;35;-56.6674;-25.1894;-72.4918;9.30194;3371.39;5.59312;0;0;0.1;0.01;0;3.9962;0;0;-1
0;36;-54.7576;-8.8983;-70.8578;8.5;2572.44;5.11093;0;0;0.1;0.01;0;4.50254;1;0;-1
0;37;-56.2945;9.85738;-69.7914;10.3383;4628.45;6.21627;0;0;0.1;0.01;0;3.50714;0;0;-1
0;38;-57.7894;28.4746;-71.5104;8.5;2572.44;5.11093;0;0;0.1;0.01;0;2.15682;1;0;-1
0;39;-54.6553;46.9003;-68.5805;9.52835;3623.61;5.72926;0;0;0.1;0.01;0;3.24092;0;0;-1
0;40;-41.5493;-51.3134;-72.6721;9.08313;3139.03;5.46155;0;0;0.1;0.01;0;2.11349;0;0;-1
0;41;-41.3976;-30.4549;-70.9868;9.44447;3528.75;5.67882;0;0;0.1;0.01;0;5.73726;0;0;-1
0;42;-42.2329;-16.6249;-69.6717;10.4347;4759.14;6.27423;0;0;0.1;0.01;0;6.85564;0;0;-1
0;43;-39.4116;1.73316;-69.0952;8.5;2572.44;5.11093;0;0;0.1;0.01;0;4.2201;1;0;-1
0;44;-42.3629;16.7603;-69.0664;8.5;2572.44;5.11093;0;0;0.1;0.01;0;5.51217;1;0;-1
0;45;-42.4244;34.253;-69.8651;9.48534;3574.76;5.7034;0;0;0.1;0.01;0;5.21211;0;0;-1
0;46;-41.2109;53.4624;-69.4096;8.5;2572.44;5.11093;0;0;0.1;0.01;0;3.8057;1;0;-1
0;47;-26.5808;-57.1945;-70.3594;8.69547;2754.02;5.22846;0;0;0.1;0.01;0;4.02354;0;0;-1
0;48;-28.5596;-42.5896;-68.4914;10.4235;4743.83;6.2675;0;0;0.1;0.01;0;6.38707;0;0;-1
0;49;-26.2511;-24.7375;-70.6826;8.78999;2844.81;5.28529;0;0;0.1;0.01;0;5.81372;0;0;-1
0;50;-24.7256;-8.80972;-71.8684;8.5;2572.44;5.11093;0;0;0.1;0.01;0;4.47471;1;0;-1
0;51;-26.8813;11.1061;-69.6523;9.33999;3412.93;5.616;0;0;0.1;0.01;0;5.35067;0;0;-1
0;52;-26.0034;26.9242;-69.2426;10.0291;4225.46;6.03035;0;0;0.1;0.01;0;6.56827;0;0;-1
0;53;-27.6155;43.7327;-70.6696;9.33376;3406.11;5.61225;0;0;0.1;0.01;0;4.60088;0;0;-1
0;54;-27.1641;62.194;-69.805;9.79464;3935.99;5.88937;0;0;0.1;0.01;0;3.73974;0;0;-1
0;55;-13.5699;-63.8506;-69.0171;9.87774;4037.02;5.93934;0;0;0.1;0.01;0;4.04154;0;0;-1
0;56;-13.8209;-48.1361;-68.3379;8.5;2572.44;5.11093;0;0;0.1;0.01;0;5.72137;1;0;-1
0;57;-11.3479;-31.1847;-72.6106;8.91585;2968.77;5.36097;0;0;0.1;0.01;0;5.09795;0;0;-1
0;58;-12.6983;-15.0502;-70.968;9.29638;3365.35;5.58978;0;0;0.1;0.01;0;6.58901;0;0;-1
0;59;-9.94955;1.96142;-71.7759;9.45092;3535.99;5.6827;0;0;0.1;0.01;0;5.80823;0;0;-1
0;60;-11.6483;16.5877;-70.1486;8.82064;2874.68;5.30372;0;0;0.1;0.01;0;5.34572;0;0;-1
0;61;-11.8828;36.6274;-70.9316;9.09843;3154.92;5.47075;0;0;0.1;0.01;0;4.65064;0;0;-1
0;62;-10.7517;55.0846;-70.3559;9.75011;3882.55;5.8626;0;0;0.1;0.01;0;3.31416;0;0;-1
0;63;2.17985;-56.2417;-69.0661;9.01971;3073.73;5.42342;0;0;0.1;0.01;0;4.73989;0;0;-1
0;64;3.94448;-40.1518;-72.0503;8.76763;2823.16;5.27185;0;0;0.1;0.01;0;5.19964;0;0;-1
0;65;2.71536;-22.8984;-68.5031;10.2393;4496.76;6.15674;0;0;0.1;0.01;0;7.06997;0;0;-1
0;66;4.34264;-7.97912;-72.0201;9.90275;4067.77;5.95438;0;0;0.1;0.01;0;6.59535;0;0;-1
0;67;2.35406;10.1686;-69.2156;8.5;2572.44;5.11093;0;0;0.1;0.01;0;4.96651;1;0;-1
0;68;4.40275;26.7919;-69.6919;8.5;2572.44;5.11093;0;0;0.1;0.01;0;4.4912;1;0;-1
0;69;4.43751;45.7995;-70.5458;9.40266;3482.1;5.65368;0;0;0.1;0.01;0;6.07035;0;0;-1
0;70;3.50685;63.7169;-70.1501;9.87208;4030.09;5.93594;0;0;0.1;0.01;0;3.45255;0;0;-1
0;71;16.3292;-66.2672;-69.8957;9.33398;3406.35;5.61239;0;0;0.1;0.01;0;2.89252;0;0;-1
0;72;15.9702;-47.1683;-70.9214;8.71329;2770.99;5.23917;0;0;0.1;0.01;0;4.75317;0;0;-1
0;73;19.2591;-30.2053;-70.8753;10.2304;4485.04;6.15139;0;0;0.1;0.01;0;6.89041;0;0;-1
0;74;16.4068;-14.0916;-69.2286;8.5;2572.44;5.11093;0;0;0.1;0.01;0;6.69938;1;0;-1
0;75;16.9969;1.22094;-71.3308;9.24351;3308.26;5.55799;0;0;0.1;0.01;0;5.4423;0;0;-1
0;76;16.0033;18.208;-69.2044;8.72477;2781.96;5.24608;0;0;0.1;0.01;0;4.98946;0;0;-1
0;77;17.3105;35.4433;-70.6354;9.03495;3089.34;5.43258;0;0;0.1;0.01;0;5.48905;0;0;-1
0;78;19.4587;55.0747;-70.2827;10.194;4437.34;6.1295;0;0;0.1;0.01;0;4.06504;0;0;-1
0;79;31.0848;-57.7978;-69.4685;8.5;2572.44;5.11093;0;0;0.1;0.01;0;3.35925;1;0;-1
0;80;31.7653;-38.5274;-68.4329;9.87873;4038.24;5.93994;0;0;0.1;0.01;0;6.27476;0;0;-1
0;81;32.0151;-21.8261;-69.6454;8.5;2572.44;5.11093;0;0;0.1;0.01;0;4.93384;1;0;-1
0;82;33.3355;-6.34333;-68.8054;9.53103;3626.67;5.73087;0;0;0.1;0.01;0;5.57095;0;0;-1
0;83;30.5706;12.4387;-71.2994;9.73152;3860.39;5.85142;0;0;0.1;0.01;0;6.45347;0;0;-1
0;84;33.6239;28.6044;-68.5215;10.0382;4236.98;6.03582;0;0;0.1;0.01;0;6.88833;0;0;-1
0;85;34.0091;43.7486;-71.9723;8.5;2572.44;5.11093;0;0;0.1;0.01;0;4.23428;1;0;-1
0;86;46.3656;-51.289;-68.9101;9.61922;3728.28;5.7839;0;0;0.1;0.01;0;2.75873;0;0;-1
0;87;45.9805;-30.4869;-71.9492;9.01313;3067.01;5.41946;0;0;0.1;0.01;0;4.33274;0;0;-1
0;88;47.5562;-13.422;-71.9999;9.9526;4129.51;5.98435;0;0;0.1;0.01;0;4.86422;0;0;-1
0;89;45.3309;1.65209;-69.0568;8.5;2572.44;5.11093;0;0;0.1;0.01;0;5.76287;1;0;-1
0;90;47.3055;17.1262;-68.9536;10.3912;4699.87;6.24808;0;0;0.1;0.01;0;6.385;0;0;-1
0;91;48.9699;36.8781;-71.948;10.2103;4458.66;6.13931;0;0;0.1;0.01;0;3.5359;0;0;-1
0;92;46.704;54.1086;-69.0044;8.5;2572.44;5.11093;0;0;0.1;0.01;0;2.53709;1;0;-1
0;93;60.0249;-25.669;-72.0488;10.0688;4275.84;6.05422;0;0;0.1;0.01;0;2.75244;0;0;-1
0;94;62.5648;-5.60766;-71.9213;8.73835;2794.97;5.25424;0;0;0.1;0.01;0;2.33495;0;0;-1
0;95;61.3285;9.87692;-68.8408;9.81409;3959.49;5.90107;0;0;0.1;0.01;0;3.6344;0;0;-1
0;96;-80.393;-8.3129;-55.4118;9.69228;3813.88;5.82783;0;0;0.1;0.01;0;2.96109;0;0;-1
0;97;-80.1226;12.4608;-54.3309;8.7296;2786.58;5.24898;0;0;0.1;0.01;0;2.61408;0;0;-1
0;98;-65.7574;-48.4219;-54.2742;10.1245;4347.2;6.08771;0;0;0.1;0.01;0;4.68015;0;0;-1
0;99;-67.7006;-33.8793;-55.4082;8.95215;3005.18;5.3828;0;0;0.1;0.01;0;3.30522;0;0;-1
0;100;-65.5522;-12.6546;-56.3772;8.50736;2579.13;5.11535;0;0;0.1;0.01;0;3.99982;0;0;-1
0;101;-64.5997;1.73504;-53.9696;9.72048;3847.26;5.84478;0;0;0.1;0.01;0;5.3332;0;0;-1
0;102;-68.0134;19.6459;-57.785;8.68328;2742.46;5.22113;0;0;0.1;0.01;0;3.53415;0;0;-1
0;103;-66.4417;35.4398;-55.5506;8.5;2572.44;5.11093;0;0;0.1;0.01;0;3.49306;1;0;-1
0;104;-52.2521;-59.3457;-54.8737;9.7421;3872.99;5.85778;0;0;0.1;0.01;0;4.05963;0;0;-1
0;105;-52.9137;-42.3653;-57.5542;8.54632;2614.73;5.13878;0;0;0.1;0.01;0;4.59361;0;0;-1
0;106;-51.3189;-24.6944;-57.8041;8.5;2572.44;5.11093;0;0;0.1;0.01;0;4.57021;1;0;-1
0;107;-49.8623;-4.79347;-57.1207;9.83619;3986.29;5.91436;0;0;0.1;0.01;0;6.42072;0;0;-1
0;108;-51.7491;12.041;-54.3852;9.7551;3888.52;5.8656;0;0;0.1;0.01;0;7.05941;0;0;-1
0;109;-51.034;27.8559;-57.8133;10.3779;4681.85;6.24008;0;0;0.1;0.01;0;6.92782;0;0;-1
0;110;-52.1441;44.8074;-54.0083;9.75705;3890.85;5.86677;0;0;0.1;0.01;0;6.19907;0;0;-1
0;111;-50.5781;59.7315;-54.4366;10.0947;4308.92;6.0698;0;0;0.1;0.01;0;5.15101;0;0;-1
0;112;-38.6626;-66.5819;-56.3473;9.78686;3926.62;5.8847;0;0;0.1;0.01;0;4.10113;0;0;-1
0;113;-38.3726;-51.0429;-54.5698;9.22818;3291.83;5.54877;0;0;0.1;0.01;0;5.19117;0;0;-1
0;114;-36.5541;-31.2268;-56.249;9.62245;3732.03;5.78584;0;0;0.1;0.01;0;6.18099;0;0;-1
0;115;-36.5255;-14.8525;-55.7957;10.2702;4537.59;6.17532;0;0;0.1;0.01;0;6.81545;0;0;-1
0;116;-37.7509;2.43958;-54.373;8.98033;3033.65;5.39974;0;0;0.1;0.01;0;5.52376;0;0;-1
0;117;-36.0761;20.9962;-57.0178;10.2728;4541.04;6.17689;0;0;0.1;0.01;0;7.54057;0;0;-1
0;118;-35.2036;36.6492;-55.0645;8.75833;2814.18;5.26626;0;0;0.1;0.01;0;6.6549;0;0;-1
0;119;-37.0006;51.2792;-56.5088;10.0445;4244.96;6.03961;0;0;0.1;0.01;0;6.94602;0;0;-1
0;120;-35.9274;70.3144;-57.9292;10.4064;4720.52;6.25722;0;0;0.1;0.01;0;4.27296;0;0;-1
0;121;-23.9319;-76.0263;-57.3309;9.56038;3660.28;5.74852;0;0;0.1;0.01;0;3.14283;0;0;-1
0;122;-21.8302;-56.2134;-56.4023;9.42137;3502.92;5.66493;0;0;0.1;0.01;0;6.51126;0;0;-1
0;123;-21.0927;-40.4645;-54.8452;10.0066;4197.09;6.01682;0;0;0.1;0.01;0;6.98283;0;0;-1
0;124;-23.6218;-22.5411;-56.7439;9.91108;4078.04;5.95939;0;0;0.1;0.01;0;6.8753;0;0;-1
0;125;-21.5819;-7.15249;-56.3429;8.98657;3039.98;5.40349;0;0;0.1;0.01;0;5.62875;0;0;-1
0;126;-22.4093;9.00202;-55.9845;9.44496;3529.3;5.67912;0;0;0.1;0.01;0;4.80054;0;0;-1
0;127;-21.4004;25.5984;-55.5853;8.61865;2681.68;5.18227;0;0;0.1;0.01;0;5.26574;0;0;-1
0;128;-21.7829;42.3044;-56.7024;8.5;2572.44;5.11093;0;0;0.1;0.01;0;5.12249;1;0;-1
0;129;-22.1143;63.2055;-54.4608;10.3642;4663.33;6.23184;0;0;0.1;0.01;0;7.13617;0;0;-1
0;130;-22.0239;77.9771;-57.0156;9.14647;3205.16;5.49964;0;0;0.1;0.01;0;3.52556;0;0;-1
0;131;-9.28592;-80.7868;-56.0048;8.5;2572.44;5.11093;0;0;0.1;0.01;0;2.47175;1;0;-1
0;132;-5.7677;-65.6685;-55.7528;9.0412;3095.76;5.43634;0;0;0.1;0.01;0;4.74564;0;0;-1
0;133;-6.23426;-47.1134;-55.1257;9.62786;3738.33;5.78909;0;0;0.1;0.01;0;5.8831;0;0;-1
0;134;-8.77188;-29.9214;-54.6106;9.80216;3945.06;5.8939;0;0;0.1;0.01;0;5.57597;0;0;-1
0;135;-8.94432;-14.1401;-55.4204;8.61231;2675.76;5.17846;0;0;0.1;0.01;0;5.84048;0;0;-1
0;136;-7.06437;0.367026;-56.7203;8.5;2572.44;5.11093;0;0;0.1;0.01;0;5.33839;1;0;-1
0;137;-5.92511;20.9931;-55.1516;10.3787;4682.93;6.24056;0;0;0.1;0.01;0;6.33273;0;0;-1
0;138;-8.239;36.9523;-55.4915;10.3709;4672.38;6.23587;0;0;0.1;0.01;0;6.41105;0;0;-1
0;139;-5.82952;54.9358;-55.1047;10.4463;4775.03;6.28121;0;0;0.1;0.01;0;6.18419;0;0;-1
0;140;-8.71673;70.3267;-55.1305;8.9171;2970.02;5.36172;0;0;0.1;0.01;0;3.30381;0;0;-1
0;141;8.98529;-74.3233;-56.8989;8.95921;3012.3;5.38704;0;0;0.1;0.01;0;3.46786;0;0;-1
0;142;6.86173;-58.0818;-56.2135;9.9375;4110.74;5.97527;0;0;0.1;0.01;0;6.12622;0;0;-1
0;143;7.34113;-41.7011;-54.9325;8.5;2572.44;5.11093;0;0;0.1;0.01;0;4.38094;1;0;-1
0;144;9.40071;-22.7172;-56.6035;9.348;3421.72;5.62082;0;0;0.1;0.01;0;6.49493;0;0;-1
0;145;6.03392;-8.01985;-56.8615;9.37777;3454.52;5.63872;0;0;0.1;0.01;0;6.47354;0;0;-1
0;146;5.61131;9.72165;-55.2402;8.95394;3006.98;5.38387;0;0;0.1;0.01;0;4.28048;0;0;-1
0;147;8.44417;27.7505;-53.9545;10.1128;4332.14;6.08068;0;0;0.1;0.01;0;6.67702;0;0;-1
0;148;8.53519;44.9733;-55.973;10.2821;4553.38;6.18248;0;0;0.1;0.01;0;7.63867;0;0;-1
0;149;8.83966;59.8464;-57.7138;8.76315;2818.83;5.26915;0;0;0.1;0.01;0;5.81009;0;0;-1
0;150;8.57196;79.8411;-54.3421;9.33081;3402.88;5.61048;0;0;0.1;0.01;0;2.80869;0;0;-1
0;151;22.2797;-64.2604;-56.6602;9.79249;3933.4;5.88808;0;0;0.1;0.01;0;4.96725;0;0;-1
0;152;24.1765;-49.9834;-53.7196;8.97699;3030.27;5.39773;0;0;0.1;0.01;0;5.39922;0;0;-1
0;153;20.2941;-32.6171;-55.2865;9.10775;3164.62;5.47636;0;0;0.1;0.01;0;5.15366;0;0;-1
0;154;20.522;-12.7132;-57.3721;9.31056;3380.77;5.5983;0;0;0.1;0.01;0;6.00988;0;0;-1
0;155;23.6273;1.42224;-56.4449;9.29185;3360.43;5.58705;0;0;0.1;0.01;0;5.68004;0;0;-1
0;156;23.7522;20.6581;-55.7402;10.1452;4373.92;6.10016;0;0;0.1;0.01;0;6.42708;0;0;-1
0;157;22.6859;38.2418;-56.2068;10.0929;4306.62;6.06871;0;0;0.1;0.01;0;7.04168;0;0;-1
0;158;22.9294;54.3756;-53.9781;10.4336;4757.64;6.27357;0;0;0.1;0.01;0;7.09835;0;0;-1
0;159;22.0559;70.5642;-57.6905;9.08793;3144.01;5.46444;0;0;0.1;0.01;0;2.47096;0;0;-1
0;160;38.5686;-56.0247;-56.4262;9.06067;3115.8;5.44805;0;0;0.1;0.01;0;4.55389;0;0;-1
0;161;34.9362;-38.3568;-54.7216;8.60039;2664.67;5.17129;0;0;0.1;0.01;0;5.32585;0;0;-1
0;162;38.5234;-25.1025;-56.4555;9.04343;3098.05;5.43768;0;0;0.1;0.01;0;5.60431;0;0;-1
0;163;37.2059;-5.69123;-54.8322;8.57831;2644.2;5.15801;0;0;0.1;0.01;0;5.96506;0;0;-1
0;164;38.4612;8.33358;-55.4127;9.23354;3297.56;5.55199;0;0;0.1;0.01;0;6.96481;0;0;-1
0;165;38.8685;25.4344;-54.6082;9.85015;4003.29;5.92275;0;0;0.1;0.01;0;6.32703;0;0;-1
0;166;36.7827;46.1495;-56.6511;9.17439;3234.6;5.51643;0;0;0.1;0.01;0;5.85518;0;0;-1
0;167;36.3651;60.7327;-54.1146;8.5;2572.44;5.11093;0;0;0.1;0.01;0;4.54169;1;0;-1
0;168;52.8882;-50.9579;-56.0566;8.97539;3028.65;5.39677;0;0;0.1;0.01;0;3.28684;0;0;-1
0;169;52.0665;-31.0916;-54.135;9.95776;4135.93;5.98746;0;0;0.1;0.01;0;5.7312;0;0;-1
0;170;52.908;-15.0661;-54.3836;8.5;2572.44;5.11093;0;0;0.1;0.01;0;5.22875;1;0;-1
0;171;52.2487;0.0396237;-54.3864;9.99184;4178.54;6.00795;0;0;0.1;0.01;0;7.51455;0;0;-1
0;172;51.1916;18.0873;-56.045;9.0008;3054.44;5.41205;0;0;0.1;0.01;0;6.79172;0;0;-1
0;173;52.9397;34.076;-55.7646;9.24176;3306.38;5.55694;0;0;0.1;0.01;0;5.3112;0;0;-1
0;174;52.696;55.2589;-56.5074;10.1122;4331.37;6.08032;0;0;0.1;0.01;0;4.26914;0;0;-1
0;175;64.6196;-40.873;-56.6702;9.03274;3087.07;5.43126;0;0;0.1;0.01;0;2.9955;0;0;-1
0;176;67.2798;-25.0811;-56.1071;9.38578;3463.38;5.64353;0;0;0.1;0.01;0;4.421;0;0;-1
0;177;67.7736;-4.4957;-55.1315;8.5;2572.44;5.11093;0;0;0.1;0.01;0;5.13793;1;0;-1
0;178;65.8307;11.9939;-53.8113;9.54477;3642.38;5.73913;0;0;0.1;0.01;0;5.8734;0;0;-1
0;179;66.0087;26.6476;-55.2786;8.5;2572.44;5.11093;0;0;0.1;0.01;0;3.88944;1;0;-1
0;180;64.7686;46.064;-54.3211;9.81335;3958.59;5.90062;0;0;0.1;0.01;0;3.39675;0;0;-1
0;181;79.7193;-16.8481;-56.7561;10.1836;4423.77;6.12325;0;0;0.1;0.01;0;2.82561;0;0;-1
0;182;82.2222;1.1242;-54.4687;8.92226;2975.18;5.36483;0;0;0.1;0.01;0;2.82707;0;0;-1
0;183;-87.5151;-21.6618;-40.6309;9.37018;3446.14;5.63415;0;0;0.1;0.01;0;3.14498;0;0;-1
0;184;-84.1179;-8.17297;-40.1223;10.0307;4227.49;6.03131;0;0;0.1;0.01;0;5.21914;0;0;-1
0;185;-86.311;12.3507;-39.6296;9.63572;3747.5;5.79382;0;0;0.1;0.01;0;4.43945;0;0;-1
0;186;-86.6566;29.3372;-39.2304;9.84885;4001.71;5.92197;0;0;0.1;0.01;0;3.00452;0;0;-1
0;187;-70.1787;-48.0384;-39.6424;8.5;2572.44;5.11093;0;0;0.1;0.01;0;4.05738;1;0;-1
0;188;-72.123;-33.9467;-41.5602;10.2288;4482.94;6.15043;0;0;0.1;0.01;0;5.02635;0;0;-1
0;189;-71.5914;-14.5659;-41.6268;8.5;2572.44;5.11093;0;0;0.1;0.01;0;5.38666;1;0;-1
0;190;-72.6806;3.61631;-40.9301;10.2704;4537.86;6.17544;0;0;0.1;0.01;0;7.38537;0;0;-1
0;191;-70.5086;19.0712;-42.0661;9.73679;3866.66;5.85459;0;0;0.1;0.01;0;6.24126;0;0;-1
0;192;-69.9856;37.0805;-42.9166;9.92192;4091.44;5.96591;0;0;0.1;0.01;0;5.68403;0;0;-1
0;193;-72.6591;51.3893;-41.1028;9.59208;3696.81;5.76758;0;0;0.1;0.01;0;3.09366;0;0;-1
0;194;-56.9529;-59.2049;-39.9294;10.3288;4615.71;6.21056;0;0;0.1;0.01;0;5.24894;0;0;-1
0;195;-56.7245;-39.4554;-41.8712;9.50868;3601.22;5.71743;0;0;0.1;0.01;0;6.64128;0;0;-1
0;196;-54.1646;-24.6425;-40.9117;9.31218;3382.54;5.59928;0;0;0.1;0.01;0;5.42038;0;0;-1
0;197;-57.4641;-7.32776;-42.0166;10.0834;4294.47;6.063;0;0;0.1;0.01;0;6.99103;0;0;-1
0;198;-55.0643;9.539;-39.8507;10.2811;4552.05;6.18188;0;0;0.1;0.01;0;6.7135;0;0;-1
0;199;-55.5416;25.8733;-41.5463;9.89022;4052.35;5.94685;0;0;0.1;0.01;0;6.1149;0;0;-1
0;200;-56.9721;42.6533;-40.1048;9.6706;3788.34;5.81479;0;0;0.1;0.01;0;6.52704;0;0;-1
0;201;-54.2553;60.4485;-39.593;9.62047;3729.73;5.78465;0;0;0.1;0.01;0;5.23986;0;0;-1
0;202;-40.5198;-80.6233;-40.9816;8.5;2572.44;5.11093;0;0;0.1;0.01;0;2.97194;1;0;-1
0;203;-41.6792;-65.9008;-39.2281;9.46189;3548.32;5.6893;0;0;0.1;0.01;0;6.38188;0;0;-1
0;204;-43.0518;-47.521;-41.7165;8.5;2572.44;5.11093;0;0;0.1;0.01;0;4.90056;1;0;-1
0;205;-42.5689;-31.6893;-42.2041;8.64528;2706.61;5.19828;0;0;0.1;0.01;0;5.09532;0;0;-1
0;206;-40.248;-13.4521;-40.6549;9.60474;3711.47;5.77519;0;0;0.1;0.01;0;6.10341;0;0;-1
0;207;-42.0131;1.94974;-39.9908;9.25091;3316.21;5.56244;0;0;0.1;0.01;0;6.4747;0;0;-1
0;208;-41.7858;19.6655;-42.4165;8.59492;2659.59;5.168;0;0;0.1;0.01;0;5.91289;0;0;-1
0;209;-41.4531;34.4608;-41.4138;8.78789;2842.77;5.28403;0;0;0.1;0.01;0;5.64275;0;0;-1
0;210;-40.2709;53.6178;-41.2195;9.53739;3633.94;5.73469;0;0;0.1;0.01;0;7.07267;0;0;-1
0;211;-40.8056;68.482;-42.1396;10.3601;4657.8;6.22938;0;0;0.1;0.01;0;6.08078;0;0;-1
0;212;-27.6637;-72.9651;-42.8755;9.39388;3472.35;5.6484;0;0;0.1;0.01;0;6.10763;0;0;-1
0;213;-28.1439;-57.7294;-40.4597;10.4418;4768.86;6.2785;0;0;0.1;0.01;0;7.09534;0;0;-1
0;214;-25.2987;-38.5043;-42.3666;9.23225;3296.18;5.55122;0;0;0.1;0.01;0;5.32894;0;0;-1
0;215;-25.0122;-22.3772;-39.8127;9.9908;4177.24;6.00732;0;0;0.1;0.01;0;6.38916;0;0;-1
0;216;-24.7445;-5.18022;-40.6531;8.87426;2927.42;5.33596;0;0;0.1;0.01;0;5.61405;0;0;-1
0;217;-25.452;9.75566;-41.0471;8.5;2572.44;5.11093;0;0;0.1;0.01;0;4.04178;1;0;-1
0;218;-28.1757;27.0164;-42.0151;9.3773;3454;5.63843;0;0;0.1;0.01;0;5.49102;0;0;-1
0;219;-27.2191;44.1224;-42.1003;9.59228;3697.04;5.7677;0;0;0.1;0.01;0;6.10606;0;0;-1
0;220;-27.5594;60.5343;-40.7647;9.41372;3494.4;5.66033;0;0;0.1;0.01;0;7.06748;0;0;-1
0;221;-25.013;77.169;-42.0734;9.57316;3674.98;5.7562;0;0;0.1;0.01;0;5.24538;0;0;-1
0;222;-12.986;-83.1473;-42.1721;8.61093;2674.48;5.17763;0;0;0.1;0.01;0;4.03597;0;0;-1
0;223;-12.9517;-67.6069;-39.7422;10.0617;4266.8;6.04995;0;0;0.1;0.01;0;6.69628;0;0;-1
0;224;-12.3935;-49.3811;-41.8348;9.18212;3242.78;5.52108;0;0;0.1;0.01;0;5.31969;0;0;-1
0;225;-9.78551;-33.3295;-39.8349;9.50911;3601.71;5.71769;0;0;0.1;0.01;0;6.11714;0;0;-1
0;226;-13.0692;-15.5141;-40.758;8.69144;2750.2;5.22604;0;0;0.1;0.01;0;6.37404;0;0;-1
0;227;-11.0623;0.257626;-41.4511;8.66025;2720.7;5.20728;0;0;0.1;0.01;0;5.45391;0;0;-1
0;228;-12.536;20.031;-39.3417;9.95302;4130.03;5.98461;0;0;0.1;0.01;0;6.16033;0;0;-1
0;229;-9.96064;34.3125;-39.7624;8.5;2572.44;5.11093;0;0;0.1;0.01;0;6.0882;1;0;-1
0;230;-11.5618;52.9642;-39.3539;10.1789;4417.65;6.12042;0;0;0.1;0.01;0;6.47094;0;0;-1
0;231;-11.0983;70.7614;-40.0371;9.43087;3513.53;5.67065;0;0;0.1;0.01;0;5.57736;0;0;-1
0;232;-9.78892;87.1012;-39.961;8.5;2572.44;5.11093;0;0;0.1;0.01;0;2.38821;1;0;-1
0;233;2.81834;-89.5397;-42.0548;9.11671;3173.97;5.48175;0;0;0.1;0.01;0;2.8823;0;0;-1
0;234;4.67972;-74.9298;-41.1631;8.55271;2620.59;5.14262;0;0;0.1;0.01;0;5.17746;0;0;-1
0;235;2.00946;-59.759;-39.3812;9.47364;3561.55;5.69636;0;0;0.1;0.01;0;5.41878;0;0;-1
0;236;3.62705;-40.7645;-39.8029;8.5;2572.44;5.11093;0;0;0.1;0.01;0;4.84972;1;0;-1
0;237;4.67331;-25.2805;-39.5094;9.5216;3615.92;5.7252;0;0;0.1;0.01;0;6.13956;0;0;-1
0;238;1.23337;-8.08065;-42.4288;10.2613;4525.8;6.16997;0;0;0.1;0.01;0;6.26761;0;0;-1
0;239;3.21186;10.4473;-41.0083;8.61838;2681.42;5.18211;0;0;0.1;0.01;0;4.36964;0;0;-1
0;240;4.07287;27.1868;-39.4736;8.90471;2957.66;5.35427;0;0;0.1;0.01;0;6.72702;0;0;-1
0;241;1.22666;43.0299;-40.275;10.0973;4312.25;6.07136;0;0;0.1;0.01;0;7.97765;0;0;-1
0;242;1.52099;60.6238;-40.9751;8.5;2572.44;5.11093;0;0;0.1;0.01;0;5.36385;1;0;-1
0;243;3.95517;76.3786;-41.0759;9.14274;3201.24;5.4974;0;0;0.1;0.01;0;5.2671;0;0;-1
0;244;17.6753;-82.33;-42.0929;8.5;2572.44;5.11093;0;0;0.1;0.01;0;3.29326;1;0;-1
0;245;18.2113;-65.4565;-39.2897;10.2625;4527.39;6.17069;0;0;0.1;0.01;0;5.88393;0;0;-1
0;246;17.9195;-46.4601;-40.802;8.89095;2943.97;5.346;0;0;0.1;0.01;0;5.26618;0;0;-1
0;247;17.8355;-31.7636;-41.1581;8.5;2572.44;5.11093;0;0;0.1;0.01;0;5.8378;1;0;-1
0;248;19.1002;-15.4966;-41.771;9.48375;3572.97;5.70244;0;0;0.1;0.01;0;5.9238;0;0;-1
0;249;19.7537;1.94427;-42.1585;9.10927;3166.21;5.47727;0;0;0.1;0.01;0;4.69166;0;0;-1
0;250;17.6621;17.7355;-40.5202;9.27102;3337.88;5.57453;0;0;0.1;0.01;0;5.59814;0;0;-1
0;251;19.0275;36.7173;-42.8417;9.9124;4079.67;5.96018;0;0;0.1;0.01;0;7.63471;0;0;-1
0;252;16.794;52.0111;-39.6905;10.0976;4312.64;6.07154;0;0;0.1;0.01;0;7.44155;0;0;-1
0;253;18.7601;68.4677;-41.1961;10.3155;4597.9;6.20256;0;0;0.1;0.01;0;5.94153;0;0;-1
0;254;16.4096;87.4193;-41.1278;10.0767;4285.92;6.05897;0;0;0.1;0.01;0;3.1455;0;0;-1
0;255;32.9543;-75.6355;-42.5037;8.64912;2710.22;5.20059;0;0;0.1;0.01;0;2.25091;0;0;-1
0;256;30.5624;-56.4948;-40.5218;9.0958;3152.18;5.46917;0;0;0.1;0.01;0;6.27791;0;0;-1
0;257;33.7145;-41.1829;-40.4664;10.005;4195.08;6.01586;0;0;0.1;0.01;0;7.65336;0;0;-1
0;258;32.7743;-25.2911;-41.5683;10.1242;4346.81;6.08753;0;0;0.1;0.01;0;7.40608;0;0;-1
0;259;33.7387;-8.04907;-42.027;8.5;2572.44;5.11093;0;0;0.1;0.01;0;4.72483;1;0;-1
0;260;33.8456;10.0345;-42.2887;8.5;2572.44;5.11093;0;0;0.1;0.01;0;5.10082;1;0;-1
0;261;33.8516;29.5203;-39.8817;8.93213;2985.06;5.37076;0;0;0.1;0.01;0;6.03296;0;0;-1
0;262;32.9433;46.1527;-39.4205;10.038;4236.72;6.0357;0;0;0.1;0.01;0;7.76837;0;0;-1
0;263;33.9185;60.0853;-39.704;9.38769;3465.49;5.64468;0;0;0.1;0.01;0;6.20666;0;0;-1
0;264;33.5563;79.8409;-40.4306;8.95437;3007.42;5.38413;0;0;0.1;0.01;0;2.74296;0;0;-1
0;265;47.8245;-65.2782;-41.6067;8.94443;2997.41;5.37816;0;0;0.1;0.01;0;2.46495;0;0;-1
0;266;47.1413;-47.7069;-39.951;9.52788;3623.08;5.72898;0;0;0.1;0.01;0;5.80306;0;0;-1
0;267;47.7661;-30.2387;-39.2194;10.3176;4600.71;6.20382;0;0;0.1;0.01;0;7.65924;0;0;-1
0;268;46.7911;-14.9398;-42.5849;10.067;4273.55;6.05314;0;0;0.1;0.01;0;7.77857;0;0;-1
0;269;46.0815;2.87682;-42.1824;8.5;2572.44;5.11093;0;0;0.1;0.01;0;6.20073;1;0;-1
0;270;47.7579;16.8721;-43.0428;10.1627;4396.59;6.11068;0;0;0.1;0.01;0;7.43806;0;0;-1
0;271;46.8445;37.9652;-41.0973;9.52653;3621.54;5.72816;0;0;0.1;0.01;0;6.19207;0;0;-1
0;272;46.7043;52.139;-42.8712;9.67637;3795.12;5.81826;0;0;0.1;0.01;0;6.60581;0;0;-1
0;273;46.8354;69.2611;-39.9012;9.92643;4097.02;5.96862;0;0;0.1;0.01;0;4.49596;0;0;-1
0;274;60.3773;-55.3646;-39.3304;9.8308;3979.74;5.91112;0;0;0.1;0.01;0;4.74432;0;0;-1
0;275;63.9953;-41.6905;-39.8279;8.94562;2998.61;5.37887;0;0;0.1;0.01;0;4.28089;0;0;-1
0;276;61.2102;-23.3517;-39.8305;8.55006;2618.16;5.14103;0;0;0.1;0.01;0;5.54291;0;0;-1
0;277;63.4154;-7.79383;-42.3277;9.67674;3795.56;5.81848;0;0;0.1;0.01;0;6.80243;0;0;-1
0;278;63.5991;8.22733;-39.4676;10.0114;4203.13;6.01971;0;0;0.1;0.01;0;6.5601;0;0;-1
0;279;63.0228;26.1904;-42.2764;10.0357;4233.81;6.03432;0;0;0.1;0.01;0;6.07368;0;0;-1
0;280;61.5492;42.1394;-41.1943;8.88075;2933.85;5.33987;0;0;0.1;0.01;0;5.08329;0;0;-1
0;281;61.9972;60.4239;-42.4638;9.23144;3295.32;5.55073;0;0;0.1;0.01;0;3.6783;0;0;-1
0;282;74.9426;-32.4979;-43.1743;9.0112;3065.04;5.4183;0;0;0.1;0.01;0;3.21678;0;0;-1
0;283;77.7447;-14.9984;-41.1178;8.62851;2690.89;5.1882;0;0;0.1;0.01;0;4.46548;0;0;-1
0;284;76.3298;-0.0836696;-41.4677;10.2851;4557.37;6.18428;0;0;0.1;0.01;0;6.87672;0;0;-1
0;285;78.7432;19.726;-42.8173;8.99017;3043.63;5.40566;0;0;0.1;0.01;0;3.33064;0;0;-1
0;286;76.5351;34.3386;-41.9443;9.23964;3304.1;5.55566;0;0;0.1;0.01;0;3.54143;0;0;-1
0;287;90.5178;-4.56144;-40.5319;8.7003;2758.62;5.23136;0;0;0.1;0.01;0;2.23202;0;0;-1
0;288;-95.1265;-13.5105;-24.6986;8.77145;2826.85;5.27415;0;0;0.1;0.01;0;3.17628;0;0;-1
0;289;-95.6366;1.24915;-26.0986;9.92316;4092.97;5.96665;0;0;0.1;0.01;0;3.87487;0;0;-1
0;290;-80.8701;-41.5023;-24.6624;9.90428;4069.65;5.9553;0;0;0.1;0.01;0;2.88676;0;0;-1
0;291;-81.7948;-23.4431;-27.3439;9.5595;3659.27;5.74799;0;0;0.1;0.01;0;3.8652;0;0;-1
0;292;-78.9072;-4.65795;-26.4852;10.0423;4242.17;6.03829;0;0;0.1;0.01;0;5.59173;0;0;-1
0;293;-82.5725;10.971;-26.4489;10.1274;4350.93;6.08946;0;0;0.1;0.01;0;6.28672;0;0;-1
0;294;-82.416;27.6791;-25.1433;10.0349;4232.8;6.03384;0;0;0.1;0.01;0;5.02811;0;0;-1
0;295;-80.4024;44.5612;-28.1136;9.88358;4044.19;5.94285;0;0;0.1;0.01;0;3.28442;0;0;-1
0;296;-64.0819;-67.8784;-25.9969;8.5;2572.44;5.11093;0;0;0.1;0.01;0;2.51729;1;0;-1
0;297;-64.3796;-48.9921;-26.129;8.77835;2833.53;5.27829;0;0;0.1;0.01;0;4.35793;0;0;-1
0;298;-64.5284;-31.2647;-25.4663;9.74862;3880.77;5.8617;0;0;0.1;0.01;0;5.46773;0;0;-1
0;299;-64.4838;-12.8917;-26.9901;9.28066;3348.31;5.58033;0;0;0.1;0.01;0;5.55905;0;0;-1
0;300;-66.0775;4.44325;-26.0224;8.5;2572.44;5.11093;0;0;0.1;0.01;0;5.94096;1;0;-1
0;301;-65.4696;20.2218;-26.9319;8.59094;2655.89;5.16561;0;0;0.1;0.01;0;5.7134;0;0;-1
0;302;-64.6846;35.2215;-27.176;10.0497;4251.56;6.04274;0;0;0.1;0.01;0;6.31147;0;0;-1
0;303;-64.5488;50.9155;-26.2247;9.27992;3347.51;5.57988;0;0;0.1;0.01;0;5.75076;0;0;-1
0;304;-66.6786;68.6686;-26.7127;9.4554;3541.02;5.68539;0;0;0.1;0.01;0;2.15027;0;0;-1
0;305;-49.7089;-72.5005;-27.7873;8.99661;3050.18;5.40953;0;0;0.1;0.01;0;5.23044;0;0;-1
0;306;-49.6154;-58.176;-26.2868;9.25063;3315.91;5.56227;0;0;0.1;0.01;0;6.29476;0;0;-1
0;307;-51.5414;-39.7144;-26.3446;9.3425;3415.69;5.61751;0;0;0.1;0.01;0;6.00869;0;0;-1
0;308;-52.4107;-23.119;-27.551;9.77632;3913.95;5.87836;0;0;0.1;0.01;0;6.55564;0;0;-1
0;309;-50.4828;-7.03691;-27.8143;9.73264;3861.72;5.8521;0;0;0.1;0.01;0;6.60938;0;0;-1
0;310;-53.0203;8.6497;-26.3276;8.9409;2993.87;5.37603;0;0;0.1;0.01;0;5.48742;0;0;-1
0;311;-51.1151;26.7864;-24.4714;9.14375;3202.3;5.498;0;0;0.1;0.01;0;5.57796;0;0;-1
0;312;-49.9908;45.5112;-24.8742;9.78011;3918.5;5.88064;0;0;0.1;0.01;0;7.33833;0;0;-1
0;313;-50.6674;62.4852;-25.5761;8.75947;2815.28;5.26694;0;0;0.1;0.01;0;6.08528;0;0;-1
0;314;-51.7936;78.4814;-28.2617;8.72318;2780.44;5.24512;0;0;0.1;0.01;0;2.65275;0;0;-1
0;315;-36.4327;-82.1752;-26.52;10.3133;4594.96;6.20124;0;0;0.1;0.01;0;6.19625;0;0;-1
0;316;-34.9827;-67.3063;-26.8017;8.88636;2939.41;5.34324;0;0;0.1;0.01;0;6.99148;0;0;-1
0;317;-38.3691;-47.1064;-27.1483;10.1598;4392.83;6.10894;0;0;0.1;0.01;0;5.71395;0;0;-1
0;318;-36.0584;-30.0866;-26.0755;9.32899;3400.89;5.60939;0;0;0.1;0.01;0;6.11635;0;0;-1
0;319;-34.6328;-13.7608;-26.7997;8.77558;2830.85;5.27663;0;0;0.1;0.01;0;5.01522;0;0;-1
0;320;-36.5814;4.31539;-27.4497;8.5;2572.44;5.11093;0;0;0.1;0.01;0;4.19273;1;0;-1
0;321;-38.3592;18.547;-27.4772;9.50184;3593.45;5.71332;0;0;0.1;0.01;0;5.45282;0;0;-1
0;322;-38.2431;34.5863;-25.1774;8.5;2572.44;5.11093;0;0;0.1;0.01;0;5.50051;1;0;-1
0;323;-37.6502;52.2767;-27.8678;9.223;3286.29;5.54566;0;0;0.1;0.01;0;6.07236;0;0;-1
0;324;-38.2106;67.7269;-25.7629;8.5;2572.44;5.11093;0;0;0.1;0.01;0;4.48576;1;0;-1
0;325;-35.5398;85.8448;-24.9506;10.2803;4550.99;6.1814;0;0;0.1;0.01;0;3.74761;0;0;-1
0;326;-21.7873;-90.7776;-25.2868;10.3383;4628.45;6.21627;0;0;0.1;0.01;0;3.98703;0;0;-1
0;327;-20.5826;-73.0883;-27.0254;10.1729;4409.84;6.11682;0;0;0.1;0.01;0;8.27749;0;0;-1
0;328;-20.3452;-59.1625;-26.3114;9.74517;3876.65;5.85963;0;0;0.1;0.01;0;7.26847;0;0;-1
0;329;-22.0194;-40.5866;-26.6577;8.61701;2680.15;5.18128;0;0;0.1;0.01;0;4.988;0;0;-1
0;330;-21.3623;-21.1036;-24.9747;10.094;4308.03;6.06938;0;0;0.1;0.01;0;6.84252;0;0;-1
0;331;-19.7202;-5.48342;-28.0811;8.5;2572.44;5.11093;0;0;0.1;0.01;0;4.65011;1;0;-1
0;332;-21.3089;11.8059;-25.7684;8.5;2572.44;5.11093;0;0;0.1;0.01;0;4.00169;1;0;-1
0;333;-22.7765;28.7627;-27.7876;8.64731;2708.52;5.1995;0;0;0.1;0.01;0;5.10222;0;0;-1
0;334;-21.2702;44.7702;-27.8805;9.74786;3879.86;5.86125;0;0;0.1;0.01;0;5.84101;0;0;-1
0;335;-21.6908;62.1715;-26.6162;9.66986;3787.47;5.81435;0;0;0.1;0.01;0;6.33917;0;0;-1
0;336;-22.8416;78.761;-27.9078;9.43208;3514.88;5.67137;0;0;0.1;0.01;0;5.63189;0;0;-1
0;337;-5.94068;-81.2657;-28.652;9.37792;3454.68;5.63881;0;0;0.1;0.01;0;6.09266;0;0;-1
0;338;-7.90955;-66.6032;-26.3324;9.47884;3567.42;5.69949;0;0;0.1;0.01;0;6.68935;0;0;-1
0;339;-8.56352;-48.5927;-24.3848;9.13807;3196.33;5.49459;0;0;0.1;0.01;0;5.18602;0;0;-1
0;340;-8.20205;-29.6918;-25.5442;8.77274;2828.1;5.27492;0;0;0.1;0.01;0;5.56719;0;0;-1
0;341;-6.01435;-13.3251;-27.8171;9.41095;3491.31;5.65867;0;0;0.1;0.01;0;6.5977;0;0;-1
0;342;-5.49374;1.93094;-27.6483;8.53399;2603.42;5.13136;0;0;0.1;0.01;0;5.70996;0;0;-1
0;343;-6.60852;21.1257;-25.6294;9.60397;3710.57;5.77473;0;0;0.1;0.01;0;6.70068;0;0;-1
0;344;-7.0934;35.4088;-27.0965;9.34522;3418.67;5.61915;0;0;0.1;0.01;0;7.48454;0;0;-1
0;345;-7.92775;51.5115;-26.0243;8.65073;2711.73;5.20156;0;0;0.1;0.01;0;5.61209;0;0;-1
0;346;-9.34437;72.1621;-24.49;8.6207;2683.59;5.1835;0;0;0.1;0.01;0;5.03703;0;0;-1
0;347;-9.10097;88.2416;-25.6732;8.64271;2704.2;5.19674;0;0;0.1;0.01;0;3.97087;0;0;-1
0;348;9.34707;-90.4744;-25.411;10.3115;4592.55;6.20016;0;0;0.1;0.01;0;4.27739;0;0;-1
0;349;6.59537;-75.7972;-25.316;9.7822;3921.01;5.88189;0;0;0.1;0.01;0;6.67264;0;0;-1
0;350;9.44455;-58.6602;-25.7699;9.33001;3402;5.61;0;0;0.1;0.01;0;5.80749;0;0;-1
0;351;5.72583;-40.0296;-25.3916;9.62018;3729.39;5.78447;0;0;0.1;0.01;0;6.09877;0;0;-1
0;352;8.26519;-25.52;-26.5935;8.72878;2785.8;5.24849;0;0;0.1;0.01;0;5.86138;0;0;-1
0;353;9.02288;-8.76781;-27.6964;10.2426;4501.11;6.15873;0;0;0.1;0.01;0;6.79657;0;0;-1
0;354;5.51767;9.93874;-25.5121;9.14542;3204.05;5.49901;0;0;0.1;0.01;0;4.58326;0;0;-1
0;355;9.43689;29.3336;-27.6643;10.081;4291.4;6.06156;0;0;0.1;0.01;0;6.8621;0;0;-1
0;356;6.25175;44.0459;-25.24;10.3766;4680.09;6.2393;0;0;0.1;0.01;0;7.20146;0;0;-1
0;357;6.86851;63.41;-24.6264;10.1832;4423.25;6.12301;0;0;0.1;0.01;0;6.807;0;0;-1
0;358;5.89464;78.2852;-28.0071;9.05381;3108.73;5.44392;0;0;0.1;0.01;0;5.55723;0;0;-1
0;359;8.24446;95.6193;-26.8436;10.0208;4214.98;6.02536;0;0;0.1;0.01;0;2.99665;0;0;-1
0;360;22.5739;-82.3686;-25.2133;9.14669;3205.39;5.49977;0;0;0.1;0.01;0;4.65866;0;0;-1
0;361;23.7009;-65.8941;-25.4725;9.51617;3609.73;5.72193;0;0;0.1;0.01;0;5.43735;0;0;-1
0;362;23.2773;-47.2896;-27.434;10.114;4333.69;6.0814;0;0;0.1;0.01;0;6.25971;0;0;-1
0;363;22.7915;-31.7613;-26.0475;9.7203;3847.05;5.84468;0;0;0.1;0.01;0;6.89797;0;0;-1
0;364;22.1278;-16.09;-25.589;10.0142;4206.66;6.02139;0;0;0.1;0.01;0;6.72989;0;0;-1
0;365;22.3163;1.01646;-26.8063;9.03568;3090.09;5.43302;0;0;0.1;0.01;0;5.17064;0;0;-1
0;366;23.3897;18.189;-28.0157;9.62583;3735.97;5.78787;0;0;0.1;0.01;0;6.2547;0;0;-1
0;367;23.2508;34.9368;-27.5178;9.48752;3577.23;5.70471;0;0;0.1;0.01;0;7.4201;0;0;-1
0;368;20.5942;51.1119;-24.5163;9.78732;3927.17;5.88497;0;0;0.1;0.01;0;6.26185;0;0;-1
0;369;20.2884;69.1535;-26.9505;9.41126;3491.66;5.65885;0;0;0.1;0.01;0;5.3614;0;0;-1
0;370;23.3615;84.573;-24.8029;9.48309;3572.22;5.70204;0;0;0.1;0.01;0;4.90008;0;0;-1
0;371;38.0655;-75.9951;-27.1056;9.08221;3138.07;5.461;0;0;0.1;0.01;0;3.93938;0;0;-1
0;372;35.2232;-56.9166;-27.0365;8.68961;2748.46;5.22494;0;0;0.1;0.01;0;5.60563;0;0;-1
0;373;37.5308;-39.9414;-26.8266;9.92192;4091.44;5.96591;0;0;0.1;0.01;0;7.96744;0;0;-1
0;374;37.6927;-23.1662;-27.6899;9.98008;4163.81;6.00088;0;0;0.1;0.01;0;7.59064;0;0;-1
0;375;37.457;-7.20867;-24.8395;9.68117;3800.77;5.82115;0;0;0.1;0.01;0;6.57047;0;0;-1
0;376;35.1261;8.91408;-26.7913;8.8148;2868.97;5.30021;0;0;0.1;0.01;0;5.30849;0;0;-1
0;377;37.2279;25.3881;-24.7109;9.96675;4147.15;5.99286;0;0;0.1;0.01;0;6.87944;0;0;-1
0;378;37.0119;42.1382;-27.0987;9.84583;3998.03;5.92015;0;0;0.1;0.01;0;6.57924;0;0;-1
0;379;38.4476;63.6767;-24.9012;8.5;2572.44;5.11093;0;0;0.1;0.01;0;4.5853;1;0;-1
0;380;36.7509;78.8108;-24.8803;8.5;2572.44;5.11093;0;0;0.1;0.01;0;4.35099;1;0;-1
0;381;50.4381;-66.6505;-24.7858;10.2137;4463.11;6.14135;0;0;0.1;0.01;0;5.56885;0;0;-1
0;382;49.9647;-50.7717;-25.2877;10.1728;4409.71;6.11676;0;0;0.1;0.01;0;6.85106;0;0;-1
0;383;50.0728;-33.4173;-25.0336;8.55599;2623.61;5.14459;0;0;0.1;0.01;0;5.20304;0;0;-1
0;384;52.715;-15.5612;-26.8596;9.21838;3281.35;5.54288;0;0;0.1;0.01;0;6.25977;0;0;-1
0;385;51.8188;1.73556;-28.3367;10.0155;4208.3;6.02217;0;0;0.1;0.01;0;7.16826;0;0;-1
0;386;50.109;17.7981;-28.5147;9.04577;3100.45;5.43909;0;0;0.1;0.01;0;6.16639;0;0;-1
0;387;50.3073;34.8933;-25.0694;9.38364;3461.01;5.64225;0;0;0.1;0.01;0;5.57663;0;0;-1
0;388;52.9783;54.7676;-24.694;8.65695;2717.59;5.2053;0;0;0.1;0.01;0;4.39624;0;0;-1
0;389;52.2024;72.6209;-26.9411;9.78828;3928.33;5.88555;0;0;0.1;0.01;0;4.37783;0;0;-1
0;390;66.3612;-59.2047;-27.6335;8.99162;3045.11;5.40653;0;0;0.1;0.01;0;4.132;0;0;-1
0;391;66.6304;-42.226;-25.0378;8.84857;2902.07;5.32052;0;0;0.1;0.01;0;5.48466;0;0;-1
0;392;67.4853;-23.2444;-24.8679;10.3678;4668.19;6.23401;0;0;0.1;0.01;0;6.5382;0;0;-1
0;393;65.5566;-5.60153;-26.925;8.9529;3005.94;5.38325;0;0;0.1;0.01;0;6.84043;0;0;-1
0;394;66.584;9.45486;-25.0921;9.2484;3313.51;5.56093;0;0;0.1;0.01;0;5.82285;0;0;-1
0;395;64.8742;25.406;-25.6018;9.8348;3984.6;5.91352;0;0;0.1;0.01;0;4.80939;0;0;-1
0;396;66.3801;46.5037;-25.9058;10.0347;4232.55;6.03372;0;0;0.1;0.01;0;5.81645;0;0;-1
0;397;65.0716;62.2749;-27.5169;10.0508;4252.95;6.0434;0;0;0.1;0.01;0;4.96841;0;0;-1
0;398;79.4169;-51.2622;-25.8213;10.1042;4321.1;6.07551;0;0;0.1;0.01;0;2.17801;0;0;-1
0;399;81.8794;-34.204;-24.828;10.2512;4512.45;6.1639;0;0;0.1;0.01;0;3.41499;0;0;-1
0;400;80.7497;-16.8115;-25.351;8.88357;2936.64;5.34156;0;0;0.1;0.01;0;4.47051;0;0;-1
0;401;79.7966;-0.231524;-26.2396;9.30496;3374.68;5.59494;0;0;0.1;0.01;0;4.87297;0;0;-1
0;402;83.2176;17.7933;-25.2697;9.79833;3940.44;5.89159;0;0;0.1;0.01;0;4.1469;0;0;-1
0;403;79.094;33.762;-27.9883;8.5;2572.44;5.11093;0;0;0.1;0.01;0;3.36711;1;0;-1
0;404;79.3743;54.622;-26.5415;10.3516;4646.34;6.22427;0;0;0.1;0.01;0;2.70729;0;0;-1
0;405;-98.4416;0.960779;-11.8086;10.2755;4544.62;6.17851;0;0;0.1;0.01;0;3.70575;0;0;-1
0;406;-84.2826;-42.0881;-11.2532;9.08598;3141.98;5.46327;0;0;0.1;0.01;0;3.46818;0;0;-1
0;407;-84.3764;-23.5394;-10.3061;10.4098;4725.15;6.25926;0;0;0.1;0.01;0;5.70385;0;0;-1
0;408;-85.2175;-7.13417;-12.4883;8.91246;2965.39;5.35893;0;0;0.1;0.01;0;5.26856;0;0;-1
0;409;-83.3472;11.6472;-11.9327;10.149;4378.83;6.10245;0;0;0.1;0.01;0;5.92278;0;0;-1
0;410;-84.8174;29.1394;-12.432;8.5;2572.44;5.11093;0;0;0.1;0.01;0;4.12827;1;0;-1
0;411;-84.0304;42.4968;-11.3147;9.39125;3469.44;5.64682;0;0;0.1;0.01;0;4.12671;0;0;-1
0;412;-70.8136;-68.4387;-10.0632;8.78734;2842.24;5.2837;0;0;0.1;0.01;0;2.13519;0;0;-1
0;413;-69.2303;-49.2648;-11.9947;9.51949;3613.51;5.72393;0;0;0.1;0.01;0;4.76759;0;0;-1
0;414;-69.8911;-32.5568;-10.1396;9.37135;3447.43;5.63486;0;0;0.1;0.01;0;6.79578;0;0;-1
0;415;-72.1619;-15.7402;-11.6956;9.40543;3485.17;5.65535;0;0;0.1;0.01;0;6.58656;0;0;-1
0;416;-70.7963;3.17162;-10.3141;8.76929;2824.76;5.27285;0;0;0.1;0.01;0;6.07191;0;0;-1
0;417;-68.3527;17.375;-12.9568;8.58719;2652.42;5.16335;0;0;0.1;0.01;0;4.93381;0;0;-1
0;418;-69.4913;36.4683;-11.9826;9.59908;3704.91;5.77179;0;0;0.1;0.01;0;6.33911;0;0;-1
0;419;-71.9189;53.7864;-13.0251;8.9755;3028.76;5.39684;0;0;0.1;0.01;0;4.41663;0;0;-1
0;420;-54.2898;-75.133;-9.7246;8.85847;2911.82;5.32647;0;0;0.1;0.01;0;3.81507;0;0;-1
0;421;-56.6171;-58.2396;-12.3498;9.39962;3478.72;5.65186;0;0;0.1;0.01;0;5.38518;0;0;-1
0;422;-57.3258;-39.2035;-10.3177;8.57706;2643.04;5.15726;0;0;0.1;0.01;0;5.56525;0;0;-1
0;423;-57.3107;-23.9544;-11.8659;8.5;2572.44;5.11093;0;0;0.1;0.01;0;5.49308;1;0;-1
0;424;-55.2374;-7.22141;-11.8111;9.00601;3059.75;5.41518;0;0;0.1;0.01;0;5.5012;0;0;-1
0;425;-54.3064;8.60155;-12.5438;10.0595;4264.01;6.04863;0;0;0.1;0.01;0;5.9877;0;0;-1
0;426;-57.3408;29.7702;-12.8239;8.5;2572.44;5.11093;0;0;0.1;0.01;0;5.63866;1;0;-1
0;427;-55.1159;44.7246;-11.8303;9.28257;3350.37;5.58147;0;0;0.1;0.01;0;6.85734;0;0;-1
0;428;-57.95;60.0313;-10.6865;9.74725;3879.14;5.86088;0;0;0.1;0.01;0;5.45062;0;0;-1
0;429;-42.7887;-83.6421;-13.2591;10.0889;4301.5;6.06631;0;0;0.1;0.01;0;4.25859;0;0;-1
0;430;-39.3571;-64.6256;-11.5701;9.79525;3936.73;5.88974;0;0;0.1;0.01;0;5.6107;0;0;-1
0;431;-41.0516;-49.3556;-10.6914;8.52157;2592.07;5.1239;0;0;0.1;0.01;0;5.07987;0;0;-1
0;432;-41.2248;-32.6044;-12.3634;9.80366;3946.87;5.8948;0;0;0.1;0.01;0;6.1405;0;0;-1
0;433;-42.0836;-14.3478;-13.5182;10.014;4206.41;6.02127;0;0;0.1;0.01;0;6.08325;0;0;-1
0;434;-40.9211;3.07212;-10.7857;9.48602;3575.53;5.70381;0;0;0.1;0.01;0;5.76763;0;0;-1
0;435;-39.403;20.0895;-11.2077;10.0097;4200.99;6.01869;0;0;0.1;0.01;0;6.27734;0;0;-1
0;436;-42.1305;36.9061;-13.1678;9.33057;3402.62;5.61034;0;0;0.1;0.01;0;7.19907;0;0;-1
0;437;-42.6551;52.2132;-12.629;8.5;2572.44;5.11093;0;0;0.1;0.01;0;5.05186;1;0;-1
0;438;-43.0058;70.6851;-12.5544;8.74544;2801.78;5.25851;0;0;0.1;0.01;0;4.72244;0;0;-1
0;439;-43.2542;85.1295;-13.3354;8.5;2572.44;5.11093;0;0;0.1;0.01;0;3.42594;1;0;-1
0;440;-27.903;-93.1824;-13.0838;9.62079;3730.1;5.78484;0;0;0.1;0.01;0;4.31772;0;0;-1
0;441;-28.1473;-76.8724;-13.0063;10.1441;4372.49;6.0995;0;0;0.1;0.01;0;7.05487;0;0;-1
0;442;-24.6949;-56.5741;-12.288;10.3899;4698.1;6.2473;0;0;0.1;0.01;0;7.30749;0;0;-1
0;443;-27.3681;-41.7545;-10.1898;10.4383;4764.07;6.2764;0;0;0.1;0.01;0;7.63358;0;0;-1
0;444;-26.6319;-22.2845;-11.8609;10.2193;4470.46;6.14472;0;0;0.1;0.01;0;6.64851;0;0;-1
0;445;-24.9544;-7.30882;-10.3196;8.54228;2611.02;5.13635;0;0;0.1;0.01;0;4.6982;0;0;-1
0;446;-25.137;9.14442;-10.254;9.43114;3513.83;5.67081;0;0;0.1;0.01;0;5.17484;0;0;-1
0;447;-27.4333;28.4664;-10.5815;10.2555;4518.13;6.16648;0;0;0.1;0.01;0;6.15098;0;0;-1
0;448;-28.3053;42.9588;-10.776;9.06343;3118.65;5.44971;0;0;0.1;0.01;0;5.62496;0;0;-1
0;449;-24.4437;59.0702;-12.8477;8.80537;2859.77;5.29454;0;0;0.1;0.01;0;4.53264;0;0;-1
0;450;-24.774;77.7021;-12.2453;9.85517;4009.41;5.92577;0;0;0.1;0.01;0;6.45108;0;0;-1
0;451;-24.8577;94.6721;-14.017;10.1999;4445.05;6.13305;0;0;0.1;0.01;0;3.5449;0;0;-1
0;452;-13.5487;-83.3087;-11.0889;8.5;2572.44;5.11093;0;0;0.1;0.01;0;4.45254;1;0;-1
0;453;-12.772;-65.4504;-13.2564;8.5;2572.44;5.11093;0;0;0.1;0.01;0;5.52538;1;0;-1
0;454;-12.6957;-48.4387;-9.7118;9.49539;3586.14;5.70944;0;0;0.1;0.01;0;6.60726;0;0;-1
0;455;-11.4462;-32.3666;-11.7613;10.4018;4714.27;6.25445;0;0;0.1;0.01;0;7.25838;0;0;-1
0;456;-10.3968;-14.2756;-10.7251;8.5;2572.44;5.11093;0;0;0.1;0.01;0;6.0602;1;0;-1
0;457;-10.7176;0.963909;-11.6023;10.2021;4447.92;6.13437;0;0;0.1;0.01;0;7.15972;0;0;-1
0;458;-10.7305;16.9731;-11.6228;9.08701;3143.05;5.46389;0;0;0.1;0.01;0;5.76988;0;0;-1
0;459;-11.5931;34.2407;-12.5369;8.56015;2627.44;5.14709;0;0;0.1;0.01;0;4.61904;0;0;-1
0;460;-10.3522;50.9651;-10.6103;8.54843;2616.66;5.14005;0;0;0.1;0.01;0;5.22069;0;0;-1
0;461;-10.5237;67.4159;-11.6317;9.0735;3129.05;5.45576;0;0;0.1;0.01;0;5.90894;0;0;-1
0;462;-11.6977;87.2597;-12.4353;8.5;2572.44;5.11093;0;0;0.1;0.01;0;4.79286;1;0;-1
0;463;4.38989;-91.5538;-10.5882;8.69412;2752.74;5.22765;0;0;0.1;0.01;0;3.7649;0;0;-1
0;464;1.54425;-75.995;-12.1248;8.5;2572.44;5.11093;0;0;0.1;0.01;0;5.48934;1;0;-1
0;465;1.34547;-59.48;-12.8558;8.86284;2916.13;5.3291;0;0;0.1;0.01;0;6.06199;0;0;-1
0;466;1.67932;-41.2618;-12.624;9.63019;3741.05;5.79049;0;0;0.1;0.01;0;6.53726;0;0;-1
0;467;1.2645;-21.5682;-10.4643;9.21799;3280.93;5.54264;0;0;0.1;0.01;0;6.60827;0;0;-1
0;468;1.59535;-7.44534;-12.1271;8.63646;2698.34;5.19298;0;0;0.1;0.01;0;6.12501;0;0;-1
0;469;3.28023;8.17284;-12.2813;10.1133;4332.79;6.08098;0;0;0.1;0.01;0;6.21281;0;0;-1
0;470;3.19007;25.1299;-13.5548;9.05314;3108.04;5.44352;0;0;0.1;0.01;0;4.72366;0;0;-1
0;471;1.98557;43.7634;-10.498;9.3009;3370.26;5.5925;0;0;0.1;0.01;0;5.57878;0;0;-1
0;472;2.33309;59.5246;-10.7519;9.45512;3540.71;5.68523;0;0;0.1;0.01;0;6.58772;0;0;-1
0;473;2.70781;76.75;-10.3938;8.91847;2971.39;5.36255;0;0;0.1;0.01;0;6.03099;0;0;-1
0;474;3.09422;94.0421;-11.4662;10.2647;4530.3;6.17202;0;0;0.1;0.01;0;4.45884;0;0;-1
0;475;18.8182;-85.1819;-10.5368;9.35595;3430.46;5.6256;0;0;0.1;0.01;0;5.79997;0;0;-1
0;476;16.0707;-68.1935;-10.5139;9.47166;3559.32;5.69517;0;0;0.1;0.01;0;6.35309;0;0;-1
0;477;15.9637;-51.4689;-9.87346;9.86583;4022.44;5.93218;0;0;0.1;0.01;0;5.77848;0;0;-1
0;478;15.523;-33.3875;-10.524;9.65096;3765.3;5.80298;0;0;0.1;0.01;0;5.74336;0;0;-1
0;479;16.0353;-16.2985;-11.467;8.57311;2639.39;5.15489;0;0;0.1;0.01;0;5.90816;0;0;-1
0;480;16.4163;1.12132;-11.4586;9.38448;3461.94;5.64275;0;0;0.1;0.01;0;5.57873;0;0;-1
0;481;19.4875;20.9003;-10.8802;9.88972;4051.73;5.94655;0;0;0.1;0.01;0;6.05012;0;0;-1
0;482;19.6235;38.1887;-13.1689;8.5;2572.44;5.11093;0;0;0.1;0.01;0;5.08459;1;0;-1
0;483;18.1864;54.5331;-11.4708;8.5;2572.44;5.11093;0;0;0.1;0.01;0;4.93101;1;0;-1
0;484;17.3059;71.4359;-10.3205;10.3965;4707.06;6.25126;0;0;0.1;0.01;0;7.11051;0;0;-1
0;485;15.7018;84.974;-12.5767;8.5;2572.44;5.11093;0;0;0.1;0.01;0;5.4497;1;0;-1
0;486;31.9449;-93.7253;-12.0395;8.83098;2884.8;5.30994;0;0;0.1;0.01;0;1.85788;0;0;-1
0;487;33.3616;-76.6524;-12.325;9.41174;3492.19;5.65914;0;0;0.1;0.01;0;5.65288;0;0;-1
0;488;32.8895;-55.3921;-10.3507;9.45135;3536.47;5.68296;0;0;0.1;0.01;0;4.99268;0;0;-1
0;489;34.1688;-38.8897;-10.1236;9.62386;3733.67;5.78669;0;0;0.1;0.01;0;6.14388;0;0;-1
0;490;31.2321;-21.3558;-12.2809;9.89423;4057.28;5.94926;0;0;0.1;0.01;0;7.10859;0;0;-1
0;491;33.1413;-6.33962;-10.7755;8.88235;2935.43;5.34083;0;0;0.1;0.01;0;5.56139;0;0;-1
0;492;33.5008;11.7975;-12.9118;10.3784;4682.52;6.24038;0;0;0.1;0.01;0;7.01913;0;0;-1
0;493;31.4707;29.054;-10.8315;9.24443;3309.25;5.55854;0;0;0.1;0.01;0;6.82096;0;0;-1
0;494;33.5332;46.2628;-13.2501;9.56238;3662.58;5.74972;0;0;0.1;0.01;0;5.98902;0;0;-1
0;495;32.7905;63.4879;-10.368;8.6173;2680.42;5.18146;0;0;0.1;0.01;0;5.98559;0;0;-1
0;496;32.2646;79.381;-10.1277;10.0567;4260.45;6.04695;0;0;0.1;0.01;0;6.3861;0;0;-1
0;497;45.9692;-82.9355;-10.7882;8.5;2572.44;5.11093;0;0;0.1;0.01;0;4.15695;1;0;-1
0;498;48.1316;-67.8875;-11.4503;9.53328;3629.24;5.73222;0;0;0.1;0.01;0;6.0135;0;0;-1
0;499;47.6991;-47.7295;-11.9677;9.34097;3414.01;5.61659;0;0;0.1;0.01;0;6.11585;0;0;-1
0;500;48.6165;-31.706;-12.5212;9.05733;3112.36;5.44604;0;0;0.1;0.01;0;5.54109;0;0;-1
0;501;45.5581;-14.7417;-10.9536;9.15165;3210.6;5.50275;0;0;0.1;0.01;0;6.26796;0;0;-1
0;502;46.5928;0.437049;-11.0251;10.1585;4391.14;6.10816;0;0;0.1;0.01;0;7.4453;0;0;-1
0;503;47.7352;18.1181;-13.4352;10.1742;4411.53;6.1176;0;0;0.1;0.01;0;7.74616;0;0;-1
0;504;47.9015;34.6511;-10.5413;9.51622;3609.79;5.72196;0;0;0.1;0.01;0;6.4276;0;0;-1
0;505;45.9458;55.1918;-12.493;8.5;2572.44;5.11093;0;0;0.1;0.01;0;5.02;1;0;-1
0;506;46.2868;68.4947;-10.0132;9.24156;3306.16;5.55682;0;0;0.1;0.01;0;6.17014;0;0;-1
0;507;47.6986;85.6429;-13.0986;8.6403;2701.94;5.19529;0;0;0.1;0.01;0;2.33716;0;0;-1
0;508;61.0955;-74.248;-11.2901;10.3036;4582.01;6.19541;0;0;0.1;0.01;0;3.19916;0;0;-1
0;509;60.3078;-56.0661;-13.3032;9.61516;3723.56;5.78146;0;0;0.1;0.01;0;6.39375;0;0;-1
0;510;61.4415;-42.1481;-11.6165;9.39919;3478.24;5.6516;0;0;0.1;0.01;0;6.413;0;0;-1
0;511;62.5803;-25.7823;-11.8639;9.28468;3352.66;5.58274;0;0;0.1;0.01;0;5.84262;0;0;-1
0;512;62.742;-7.65205;-11.5004;9.83406;3983.7;5.91308;0;0;0.1;0.01;0;6.46719;0;0;-1
0;513;60.7342;9.37429;-12.8113;10.2245;4477.29;6.14784;0;0;0.1;0.01;0;6.65842;0;0;-1
0;514;61.9716;28.7555;-10.2199;9.92591;4096.37;5.96831;0;0;0.1;0.01;0;6.30911;0;0;-1
0;515;62.6727;45.9872;-11.1252;9.50542;3597.51;5.71547;0;0;0.1;0.01;0;5.70383;0;0;-1
0;516;63.2345;63.5915;-10.7998;10.0981;4313.28;6.07184;0;0;0.1;0.01;0;5.33263;0;0;-1
0;517;61.0477;77.924;-13.7926;8.90529;2958.24;5.35462;0;0;0.1;0.01;0;2.77223;0;0;-1
0;518;77.604;-47.5284;-10.8108;8.5;2572.44;5.11093;0;0;0.1;0.01;0;3.89092;1;0;-1
0;519;77.3355;-30.035;-11.2443;8.60685;2670.68;5.17517;0;0;0.1;0.01;0;5.62903;0;0;-1
0;520;75.3011;-14.4413;-10.855;10.4528;4783.95;6.28512;0;0;0.1;0.01;0;7.80081;0;0;-1
0;521;74.9402;1.12263;-10.9918;8.5;2572.44;5.11093;0;0;0.1;0.01;0;6.16615;1;0;-1
0;522;76.6074;18.0105;-13.3383;8.69993;2758.26;5.23114;0;0;0.1;0.01;0;5.75162;0;0;-1
0;523;75.0679;34.8495;-12.7123;8.5;2572.44;5.11093;0;0;0.1;0.01;0;5.25352;1;0;-1
0;524;75.3414;51.4826;-10.232;9.24246;3307.13;5.55736;0;0;0.1;0.01;0;5.71989;0;0;-1
0;525;89.5855;-22.1741;-11.9565;8.5;2572.44;5.11093;0;0;0.1;0.01;0;3.79053;1;0;-1
0;526;90.0685;-4.25356;-10.1496;9.67018;3787.85;5.81454;0;0;0.1;0.01;0;4.12014;0;0;-1
0;527;89.5533;12.012;-11.0194;8.94815;3001.15;5.38039;0;0;0.1;0.01;0;4.80417;0;0;-1
0;528;89.4229;27.0301;-11.2041;8.57982;2645.59;5.15892;0;0;0.1;0.01;0;4.51388;0;0;-1
0;529;89.2389;43.5652;-9.84331;10.0381;4236.85;6.03576;0;0;0.1;0.01;0;3.29349;0;0;-1
0;530;-93.9377;-16.5779;2.39719;9.45997;3546.16;5.68814;0;0;0.1;0.01;0;3.16969;0;0;-1
0;531;-95.6852;2.72825;3.42934;9.65336;3768.11;5.80443;0;0;0.1;0.01;0;3.7839;0;0;-1
0;532;-95.9083;18.6842;2.16235;10.2032;4449.36;6.13504;0;0;0.1;0.01;0;3.2393;0;0;-1
0;533;-79.6742;-55.919;3.03689;8.5;2572.44;5.11093;0;0;0.1;0.01;0;2.64108;1;0;-1
0;534;-82.6267;-41.5231;4.68242;9.80047;3943.02;5.89288;0;0;0.1;0.01;0;4.17532;0;0;-1
0;535;-80.5969;-23.2261;2.97174;9.80139;3944.13;5.89343;0;0;0.1;0.01;0;6.4539;0;0;-1
0;536;-79.8662;-6.13586;3.72926;9.46528;3552.13;5.69134;0;0;0.1;0.01;0;5.92424;0;0;-1
0;537;-81.7941;10.3525;2.717;8.90491;2957.86;5.35439;0;0;0.1;0.01;0;4.70755;0;0;-1
0;538;-80.6025;25.4913;1.20404;8.5;2572.44;5.11093;0;0;0.1;0.01;0;3.69409;1;0;-1
0;539;-82.6805;44.0761;2.7696;10.2457;4505.19;6.16059;0;0;0.1;0.01;0;4.42163;0;0;-1
0;540;-78.9043;61.126;3.37942;9.4202;3501.62;5.66423;0;0;0.1;0.01;0;2.55966;0;0;-1
0;541;-63.8848;-65.5061;1.67809;8.86781;2921.04;5.33209;0;0;0.1;0.01;0;4.00799;0;0;-1
0;542;-64.2787;-47.2837;4.39997;10.2617;4526.33;6.17021;0;0;0.1;0.01;0;6.23432;0;0;-1
0;543;-68.3904;-33.048;3.5528;8.92266;2975.58;5.36507;0;0;0.1;0.01;0;5.75926;0;0;-1
0;544;-67.7987;-14.8199;1.72235;10.4365;4761.6;6.27532;0;0;0.1;0.01;0;6.92675;0;0;-1
0;545;-67.1966;0.398854;3.73457;10.3306;4618.12;6.21164;0;0;0.1;0.01;0;6.93376;0;0;-1
0;546;-64.7293;17.1275;3.36739;10.4477;4776.95;6.28205;0;0;0.1;0.01;0;6.01871;0;0;-1
0;547;-65.1793;36.5235;3.09659;10.4249;4745.74;6.26834;0;0;0.1;0.01;0;6.60319;0;0;-1
0;548;-65.568;52.0289;3.2267;9.47993;3568.65;5.70014;0;0;0.1;0.01;0;5.47923;0;0;-1
0;549;-64.9446;70.4101;3.16442;8.5;2572.44;5.11093;0;0;0.1;0.01;0;2.34875;1;0;-1
0;550;-49.9058;-75.3355;3.23946;8.5823;2647.89;5.16041;0;0;0.1;0.01;0;5.00622;0;0;-1
0;551;-50.3438;-59.3871;4.20962;8.71413;2771.79;5.23968;0;0;0.1;0.01;0;5.50559;0;0;-1
0;552;-50.9541;-42.3293;3.33483;8.72965;2786.63;5.24901;0;0;0.1;0.01;0;5.46192;0;0;-1
0;553;-52.1163;-24.4727;3.65492;8.58632;2651.61;5.16283;0;0;0.1;0.01;0;4.18472;0;0;-1
0;554;-49.6405;-5.37729;2.14996;8.5;2572.44;5.11093;0;0;0.1;0.01;0;4.35431;1;0;-1
0;555;-52.3019;10.0565;3.75489;8.5;2572.44;5.11093;0;0;0.1;0.01;0;4.98688;1;0;-1
0;556;-52.7555;25.8388;2.70346;8.5;2572.44;5.11093;0;0;0.1;0.01;0;5.48586;1;0;-1
0;557;-50.2689;42.9874;5.11524;9.8444;3996.28;5.91929;0;0;0.1;0.01;0;5.97432;0;0;-1
0;558;-50.7519;63.4582;1.83528;9.04923;3104.01;5.44117;0;0;0.1;0.01;0;5.21343;0;0;-1
0;559;-51.4536;78.1166;1.28485;9.76208;3896.87;5.8698;0;0;0.1;0.01;0;4.43789;0;0;-1
0;560;-34.9779;-84.012;3.4396;9.36644;3442.01;5.6319;0;0;0.1;0.01;0;5.15543;0;0;-1
0;561;-38.5015;-67.3861;3.24665;9.15764;3216.91;5.50636;0;0;0.1;0.01;0;5.35495;0;0;-1
0;562;-36.7039;-50.3886;4.12062;8.5;2572.44;5.11093;0;0;0.1;0.01;0;5.1721;1;0;-1
0;563;-35.8305;-32.6249;2.67762;9.95707;4135.07;5.98704;0;0;0.1;0.01;0;6.05238;0;0;-1
0;564;-38.0781;-14.0847;3.15594;8.97516;3028.41;5.39663;0;0;0.1;0.01;0;4.98397;0;0;-1
0;565;-36.636;3.18073;4.03427;8.90095;2953.91;5.35201;0;0;0.1;0.01;0;5.85572;0;0;-1
0;566;-38.14;19.9747;2.91758;10.1518;4382.46;6.10413;0;0;0.1;0.01;0;6.86772;0;0;-1
0;567;-38.2007;36.3051;1.02851;8.89588;2948.87;5.34896;0;0;0.1;0.01;0;5.9337;0;0;-1
0;568;-35.4176;50.8403;2.86451;9.82839;3976.82;5.90967;0;0;0.1;0.01;0;5.01383;0;0;-1
0;569;-35.7472;71.7397;1.34437;10.4423;4769.55;6.2788;0;0;0.1;0.01;0;6.28676;0;0;-1
0;570;-35.3299;87.8907;3.29085;9.58234;3685.56;5.76172;0;0;0.1;0.01;0;5.14444;0;0;-1
0;571;-20.7791;-93.6584;1.60286;9.51832;3612.18;5.72323;0;0;0.1;0.01;0;4.31228;0;0;-1
0;572;-20.5666;-76.6046;4.59342;8.53528;2604.61;5.13214;0;0;0.1;0.01;0;5.26414;0;0;-1
0;573;-23.6207;-57.6354;1.53941;9.2155;3278.27;5.54115;0;0;0.1;0.01;0;6.00543;0;0;-1
0;574;-23.2212;-40.3593;2.14047;9.25268;3318.11;5.5635;0;0;0.1;0.01;0;6.41801;0;0;-1
0;575;-21.1639;-23.0786;3.57042;8.5;2572.44;5.11093;0;0;0.1;0.01;0;5.39843;1;0;-1
0;576;-20.5786;-5.19522;3.34225;8.55675;2624.31;5.14505;0;0;0.1;0.01;0;6.16179;0;0;-1
0;577;-20.1921;9.99186;4.0721;10.1133;4332.79;6.08098;0;0;0.1;0.01;0;6.90017;0;0;-1
0;578;-23.9437;27.522;1.8871;8.5874;2652.61;5.16348;0;0;0.1;0.01;0;3.99443;0;0;-1
0;579;-19.9331;46.9944;1.8352;9.19996;3261.72;5.5318;0;0;0.1;0.01;0;4.54705;0;0;-1
0;580;-22.0282;63.3228;2.16531;9.89483;4058.01;5.94962;0;0;0.1;0.01;0;6.65735;0;0;-1
0;581;-22.1889;77.556;1.91067;9.60554;3712.39;5.77567;0;0;0.1;0.01;0;6.19749;0;0;-1
0;582;-23.3675;96.2364;1.35816;9.90756;4073.7;5.95727;0;0;0.1;0.01;0;3.41997;0;0;-1
0;583;-7.07199;-98.9518;0.929463;10.0776;4287.06;6.05951;0;0;0.1;0.01;0;2.97458;0;0;-1
0;584;-5.64201;-81.0522;3.714;8.73414;2790.93;5.25171;0;0;0.1;0.01;0;5.62604;0;0;-1
0;585;-9.08396;-66.6482;2.77283;10.3839;4689.97;6.24369;0;0;0.1;0.01;0;5.75159;0;0;-1
0;586;-7.63562;-49.2538;2.31153;8.64791;2709.08;5.19986;0;0;0.1;0.01;0;5.09683;0;0;-1
0;587;-7.46359;-29.9758;2.51721;9.4445;3528.79;5.67884;0;0;0.1;0.01;0;6.35341;0;0;-1
0;588;-8.77979;-14.1954;3.11643;9.71029;3835.18;5.83866;0;0;0.1;0.01;0;6.8809;0;0;-1
0;589;-7.88618;1.80763;3.77569;8.5;2572.44;5.11093;0;0;0.1;0.01;0;5.8996;1;0;-1
0;590;-6.29902;17.359;1.33937;8.51996;2590.61;5.12293;0;0;0.1;0.01;0;5.93096;0;0;-1
0;591;-6.16747;34.6565;3.70201;9.22465;3288.05;5.54665;0;0;0.1;0.01;0;5.50798;0;0;-1
0;592;-5.76313;51.802;3.53719;8.5;2572.44;5.11093;0;0;0.1;0.01;0;5.87001;1;0;-1
0;593;-7.56751;71.7849;2.32938;10.3283;4615.04;6.21026;0;0;0.1;0.01;0;6.85502;0;0;-1
0;594;-9.20875;88.3779;3.67842;9.77079;3907.31;5.87503;0;0;0.1;0.01;0;4.97601;0;0;-1
0;595;8.04582;-92.1729;3.10008;8.71605;2773.63;5.24083;0;0;0.1;0.01;0;4.70698;0;0;-1
0;596;8.63546;-76.0911;1.82915;9.61678;3725.44;5.78243;0;0;0.1;0.01;0;7.04067;0;0;-1
0;597;5.95372;-58.9234;1.68553;10.096;4310.59;6.07058;0;0;0.1;0.01;0;6.91966;0;0;-1
0;598;7.03518;-42.7395;3.58953;9.83689;3987.15;5.91478;0;0;0.1;0.01;0;6.72692;0;0;-1
0;599;7.54725;-24.9379;1.85192;9.5353;3631.55;5.73344;0;0;0.1;0.01;0;6.50693;0;0;-1
0;600;9.35608;-8.46009;4.44426;10.1237;4346.17;6.08723;0;0;0.1;0.01;0;5.93047;0;0;-1
0;601;5.73274;10.4525;2.77264;8.89902;2951.99;5.35085;0;0;0.1;0.01;0;4.96066;0;0;-1
0;602;7.62953;25.4205;2.1181;9.91149;4078.55;5.95964;0;0;0.1;0.01;0;6.08799;0;0;-1
0;603;8.38511;44.0615;2.35367;8.5;2572.44;5.11093;0;0;0.1;0.01;0;5.04478;1;0;-1
0;604;6.90967;60.3879;1.62294;8.5;2572.44;5.11093;0;0;0.1;0.01;0;5.65769;1;0;-1
0;605;8.80227;76.5048;2.683;8.62821;2690.61;5.18802;0;0;0.1;0.01;0;5.79893;0;0;-1
0;606;5.60992;97.9045;1.52138;9.70502;3828.93;5.83549;0;0;0.1;0.01;0;2.82644;0;0;-1
0;607;20.4518;-85.2866;2.17826;8.5;2572.44;5.11093;0;0;0.1;0.01;0;4.15369;1;0;-1
0;608;23.7062;-66.3233;2.73498;10.1485;4378.19;6.10215;0;0;0.1;0.01;0;5.92372;0;0;-1
0;609;22.3814;-47.3553;4.38046;8.61569;2678.91;5.18049;0;0;0.1;0.01;0;4.58266;0;0;-1
0;610;21.7433;-31.0883;1.47311;8.5;2572.44;5.11093;0;0;0.1;0.01;0;5.78883;1;0;-1
0;611;21.4289;-14.705;1.4966;8.5;2572.44;5.11093;0;0;0.1;0.01;0;5.46799;1;0;-1
0;612;23.2016;4.33599;1.19759;9.49255;3582.92;5.70773;0;0;0.1;0.01;0;5.44804;0;0;-1
0;613;23.3894;20.8317;4.67363;9.56391;3664.33;5.75064;0;0;0.1;0.01;0;6.839;0;0;-1
0;614;21.9825;37.2949;4.96901;8.5;2572.44;5.11093;0;0;0.1;0.01;0;5.66005;1;0;-1
0;615;22.7758;51.421;3.72235;9.88732;4048.78;5.9451;0;0;0.1;0.01;0;6.64328;0;0;-1
0;616;21.1339;67.7525;1.65595;9.16445;3224.09;5.51045;0;0;0.1;0.01;0;5.95693;0;0;-1
0;617;21.4034;89.4967;1.13814;10.1186;4339.6;6.08417;0;0;0.1;0.01;0;4.0436;0;0;-1
0;618;38.0391;-75.9281;1.6549;9.44408;3528.32;5.67859;0;0;0.1;0.01;0;6.03202;0;0;-1
0;619;38.5504;-59.6032;4.027;8.64248;2703.98;5.1966;0;0;0.1;0.01;0;5.22616;0;0;-1
0;620;34.9019;-40.1488;3.41439;8.9796;3032.91;5.3993;0;0;0.1;0.01;0;5.44964;0;0;-1
0;621;35.0458;-25.7239;1.19597;9.54414;3641.66;5.73875;0;0;0.1;0.01;0;6.10476;0;0;-1
0;622;38.0212;-8.85244;4.48163;9.35846;3433.22;5.62711;0;0;0.1;0.01;0;6.01304;0;0;-1
0;623;37.2341;9.0888;1.45409;9.51894;3612.89;5.7236;0;0;0.1;0.01;0;5.74721;0;0;-1
0;624;36.665;27.2498;2.87229;9.98295;4167.4;6.0026;0;0;0.1;0.01;0;6.51358;0;0;-1
0;625;35.9297;44.5369;1.21437;10.3932;4702.58;6.24928;0;0;0.1;0.01;0;6.87953;0;0;-1
0;626;36.1019;62.7054;3.82954;10.293;4567.88;6.18903;0;0;0.1;0.01;0;7.82534;0;0;-1
0;627;37.6623;80.0007;2.52659;10.395;4705.03;6.25036;0;0;0.1;0.01;0;5.1388;0;0;-1
0;628;50.8441;-83.5279;2.89376;8.5;2572.44;5.11093;0;0;0.1;0.01;0;2.99029;1;0;-1
0;629;52.1831;-64.6113;4.04664;9.83279;3982.16;5.91231;0;0;0.1;0.01;0;5.58503;0;0;-1
0;630;50.3205;-48.4686;3.25858;10.1367;4362.93;6.09505;0;0;0.1;0.01;0;6.36224;0;0;-1
0;631;53.4029;-33.6538;4.79506;8.5;2572.44;5.11093;0;0;0.1;0.01;0;5.8114;1;0;-1
0;632;51.3844;-15.8286;2.99714;8.60239;2666.53;5.17249;0;0;0.1;0.01;0;5.11717;0;0;-1
0;633;52.1579;1.1339;2.46503;8.51441;2585.55;5.11959;0;0;0.1;0.01;0;5.43464;0;0;-1
0;634;52.3768;17.0455;1.66554;9.47502;3563.11;5.69719;0;0;0.1;0.01;0;7.31164;0;0;-1
0;635;50.1811;34.3905;2.73718;9.80689;3950.78;5.89674;0;0;0.1;0.01;0;6.23213;0;0;-1
0;636;51.377;54.6319;4.70324;8.5;2572.44;5.11093;0;0;0.1;0.01;0;5.01886;1;0;-1
0;637;50.0074;67.7094;3.26109;9.09874;3155.24;5.47094;0;0;0.1;0.01;0;4.70031;0;0;-1
0;638;68.0572;-56.0622;4.69033;9.91865;4087.39;5.96394;0;0;0.1;0.01;0;4.38705;0;0;-1
0;639;67.5922;-39.0432;2.40337;9.67029;3787.97;5.81461;0;0;0.1;0.01;0;7.08976;0;0;-1
0;640;64.733;-24.1611;3.9002;8.59961;2663.94;5.17082;0;0;0.1;0.01;0;5.67591;0;0;-1
0;641;67.827;-6.65545;4.43099;8.5;2572.44;5.11093;0;0;0.1;0.01;0;4.86709;1;0;-1
0;642;65.6294;12.2007;3.83112;10.2544;4516.68;6.16582;0;0;0.1;0.01;0;6.72154;0;0;-1
0;643;65.4894;25.9339;3.9408;8.5;2572.44;5.11093;0;0;0.1;0.01;0;6.09707;1;0;-1
0;644;66.9155;44.3107;4.36007;9.40417;3483.77;5.65459;0;0;0.1;0.01;0;5.69878;0;0;-1
0;645;67.4223;60.1758;4.32406;9.78995;3930.34;5.88655;0;0;0.1;0.01;0;4.46767;0;0;-1
0;646;82.3288;-47.3923;5.11044;9.16647;3226.23;5.51167;0;0;0.1;0.01;0;3.67602;0;0;-1
0;647;82.17;-33.1116;3.1832;10.4059;4719.84;6.25692;0;0;0.1;0.01;0;5.82183;0;0;-1
0;648;81.3993;-15.7977;3.83954;9.58771;3691.76;5.76495;0;0;0.1;0.01;0;6.48857;0;0;-1
0;649;79.7756;0.0577475;1.8762;9.17655;3236.88;5.51773;0;0;0.1;0.01;0;5.73003;0;0;-1
0;650;80.9745;18.2525;2.44321;9.17519;3235.44;5.51691;0;0;0.1;0.01;0;6.64328;0;0;-1
0;651;82.536;36.1078;4.09545;10.3563;4652.67;6.22709;0;0;0.1;0.01;0;5.55241;0;0;-1
0;652;82.801;55.3004;4.89388;9.98006;4163.78;6.00087;0;0;0.1;0.01;0;2.8497;0;0;-1
0;653;95.8378;-23.3849;2.102;10.372;4673.86;6.23653;0;0;0.1;0.01;0;3.62894;0;0;-1
0;654;96.3568;-7.56625;4.22245;9.30892;3378.99;5.59732;0;0;0.1;0.01;0;3.40638;0;0;-1
0;655;94.5262;12.1161;1.93582;9.59168;3696.35;5.76734;0;0;0.1;0.01;0;4.2124;0;0;-1
0;656;94.31;26.6313;4.47722;10.0281;4224.2;6.02975;0;0;0.1;0.01;0;4.46516;0;0;-1
0;657;-86.8351;-40.7489;19.1999;10.0139;4206.28;6.02121;0;0;0.1;0.01;0;3.22296;0;0;-1
0;658;-85.0755;-21.1755;18.5599;9.39531;3473.94;5.64926;0;0;0.1;0.01;0;3.28332;0;0;-1
0;659;-84.8758;-4.98624;19.2735;9.9256;4095.99;5.96812;0;0;0.1;0.01;0;4.60451;0;0;-1
0;660;-86.6499;10.4801;17.1933;9.41782;3498.97;5.6628;0;0;0.1;0.01;0;4.71539;0;0;-1
0;661;-85.7246;27.1111;18.3061;8.5;2572.44;5.11093;0;0;0.1;0.01;0;3.21651;1;0;-1
0;662;-84.2586;45.3275;18.9326;8.68184;2741.09;5.22026;0;0;0.1;0.01;0;2.72827;0;0;-1
0;663;-72.1098;-63.643;19.8422;9.46219;3548.65;5.68948;0;0;0.1;0.01;0;3.35573;0;0;-1
0;664;-70.8121;-48.5625;16.6683;9.04696;3101.68;5.43981;0;0;0.1;0.01;0;6.11235;0;0;-1
0;665;-68.9847;-33.8697;19.1854;8.5;2572.44;5.11093;0;0;0.1;0.01;0;5.46843;1;0;-1
0;666;-71.96;-13.1862;19.0214;9.90376;4069.01;5.95499;0;0;0.1;0.01;0;7.23538;0;0;-1
0;667;-69.3901;2.17341;19.7046;9.7357;3865.36;5.85394;0;0;0.1;0.01;0;6.93369;0;0;-1
0;668;-70.2471;18.6394;19.297;9.64972;3763.85;5.80224;0;0;0.1;0.01;0;5.80144;0;0;-1
0;669;-70.2937;34.2584;16.7447;8.77909;2834.24;5.27874;0;0;0.1;0.01;0;4.32263;0;0;-1
0;670;-70.2548;52.8845;16.2688;8.5;2572.44;5.11093;0;0;0.1;0.01;0;3.91579;1;0;-1
0;671;-58.0243;-74.9473;17.1186;10.065;4271;6.05194;0;0;0.1;0.01;0;4.51459;0;0;-1
0;672;-57.4981;-58.6518;18.7021;9.47117;3558.77;5.69488;0;0;0.1;0.01;0;6.43757;0;0;-1
0;673;-56.2019;-39.5372;17.459;10.2399;4497.55;6.1571;0;0;0.1;0.01;0;7.40145;0;0;-1
0;674;-57.0846;-23.2724;16.9136;8.9323;2985.23;5.37086;0;0;0.1;0.01;0;5.73284;0;0;-1
0;675;-55.1845;-6.4612;16.0491;9.97374;4155.88;5.99707;0;0;0.1;0.01;0;6.24366;0;0;-1
0;676;-57.1275;8.61611;17.4078;8.70387;2762.01;5.23351;0;0;0.1;0.01;0;5.38484;0;0;-1
0;677;-55.3817;26.7755;16.7935;9.65507;3770.12;5.80545;0;0;0.1;0.01;0;5.71033;0;0;-1
0;678;-54.9722;46.8982;18.9445;8.5;2572.44;5.11093;0;0;0.1;0.01;0;4.35283;1;0;-1
0;679;-53.9881;61.9346;18.2872;8.67427;2733.93;5.21571;0;0;0.1;0.01;0;3.8073;0;0;-1
0;680;-53.7958;78.0471;19.6553;9.60026;3706.27;5.7725;0;0;0.1;0.01;0;2.63948;0;0;-1
0;681;-41.6982;-84.6186;16.8471;9.64536;3758.75;5.79962;0;0;0.1;0.01;0;4.32814;0;0;-1
0;682;-40.6316;-67.4698;17.7321;8.98447;3037.85;5.40223;0;0;0.1;0.01;0;5.51472;0;0;-1
0;683;-40.4642;-47.7811;16.7454;9.09298;3149.25;5.46748;0;0;0.1;0.01;0;5.25997;0;0;-1
0;684;-42.5262;-33.0311;18.1962;9.56256;3662.78;5.74983;0;0;0.1;0.01;0;6.35408;0;0;-1
0;685;-42.1584;-13.7617;16.4897;8.5;2572.44;5.11093;0;0;0.1;0.01;0;4.91521;1;0;-1
0;686;-39.9897;2.28057;17.7237;8.8338;2887.56;5.31164;0;0;0.1;0.01;0;5.08275;0;0;-1
0;687;-42.2116;18.684;18.457;8.81873;2872.81;5.30257;0;0;0.1;0.01;0;5.43457;0;0;-1
0;688;-41.1638;33.7341;18.2766;8.97255;3025.77;5.39506;0;0;0.1;0.01;0;5.19129;0;0;-1
0;689;-39.7088;53.2128;18.5421;8.97931;3032.62;5.39913;0;0;0.1;0.01;0;4.73883;0;0;-1
0;690;-39.5865;71.4856;16.4017;10.2106;4459.05;6.13949;0;0;0.1;0.01;0;5.90392;0;0;-1
0;691;-41.5975;87.745;18.5426;8.98874;3042.18;5.4048;0;0;0.1;0.01;0;2.93092;0;0;-1
0;692;-27.7608;-93.4542;16.8275;10.4523;4783.26;6.28482;0;0;0.1;0.01;0;3.98002;0;0;-1
0;693;-27.5103;-72.8532;18.5002;9.83112;3980.13;5.91131;0;0;0.1;0.01;0;6.16571;0;0;-1
0;694;-25.372;-56.7094;16.2754;8.5;2572.44;5.11093;0;0;0.1;0.01;0;4.44966;1;0;-1
0;695;-24.5027;-40.3766;17.8421;8.88227;2935.35;5.34078;0;0;0.1;0.01;0;5.48675;0;0;-1
0;696;-28.3615;-24.7225;16.3206;9.59361;3698.58;5.7685;0;0;0.1;0.01;0;6.04775;0;0;-1
0;697;-28.3792;-7.18986;16.0126;9.33032;3402.34;5.61019;0;0;0.1;0.01;0;5.29197;0;0;-1
0;698;-26.9606;10.6794;16.4878;9.60486;3711.6;5.77526;0;0;0.1;0.01;0;6.09167;0;0;-1
0;699;-27.4501;28.051;17.3621;9.05772;3112.76;5.44628;0;0;0.1;0.01;0;5.1291;0;0;-1
0;700;-25.4605;45.9311;17.6356;9.58543;3689.13;5.76358;0;0;0.1;0.01;0;5.7675;0;0;-1
0;701;-28.1555;62.0569;16.4054;9.01678;3070.74;5.42166;0;0;0.1;0.01;0;5.90485;0;0;-1
0;702;-27.4126;80.4154;16.3135;10.1887;4430.42;6.12632;0;0;0.1;0.01;0;5.89061;0;0;-1
0;703;-13.29;-83.6122;17.6368;9.77088;3907.42;5.87509;0;0;0.1;0.01;0;5.45683;0;0;-1
0;704;-13.7362;-65.643;17.0251;8.5;2572.44;5.11093;0;0;0.1;0.01;0;4.20825;1;0;-1
0;705;-11.1815;-47.5346;16.2687;9.7905;3931;5.88689;0;0;0.1;0.01;0;5.44885;0;0;-1
0;706;-12.355;-30.7855;19.3459;8.63701;2698.85;5.19331;0;0;0.1;0.01;0;5.76119;0;0;-1
0;707;-11.5489;-16.1888;17.4759;9.71429;3839.92;5.84106;0;0;0.1;0.01;0;6.3418;0;0;-1
0;708;-13.6687;1.66309;17.1239;10.0878;4300.09;6.06565;0;0;0.1;0.01;0;7.02368;0;0;-1
0;709;-13.1775;20.7894;16.608;10.0841;4295.36;6.06342;0;0;0.1;0.01;0;6.27035;0;0;-1
0;710;-10.9572;37.3211;17.2932;8.97727;3030.55;5.3979;0;0;0.1;0.01;0;5.49624;0;0;-1
0;711;-10.0212;52.3613;18.2989;10.1287;4352.61;6.09024;0;0;0.1;0.01;0;6.64341;0;0;-1
0;712;-11.67;68.4246;18.3707;8.59754;2662.02;5.16958;0;0;0.1;0.01;0;5.20834;0;0;-1
0;713;-11.0485;85.2594;18.6737;8.5;2572.44;5.11093;0;0;0.1;0.01;0;3.73699;1;0;-1
0;714;1.68278;-91.9846;17.4352;10.248;4508.23;6.16197;0;0;0.1;0.01;0;3.90894;0;0;-1
0;715;4.58286;-72.2714;15.984;8.68782;2746.76;5.22386;0;0;0.1;0.01;0;5.15389;0;0;-1
0;716;2.81931;-56.9695;17.3309;8.5;2572.44;5.11093;0;0;0.1;0.01;0;5.54451;1;0;-1
0;717;2.96269;-39.8553;16.6717;9.887;4048.39;5.94491;0;0;0.1;0.01;0;6.58529;0;0;-1
0;718;2.38578;-24.4683;16.4613;8.82136;2875.38;5.30416;0;0;0.1;0.01;0;5.63568;0;0;-1
0;719;4.97601;-8.37247;17.1102;8.57217;2638.52;5.15432;0;0;0.1;0.01;0;4.74335;0;0;-1
0;720;4.17456;9.6539;16.3839;9.89258;4055.25;5.94826;0;0;0.1;0.01;0;4.89211;0;0;-1
0;721;2.15908;28.5094;16.6407;9.95865;4137.04;5.98799;0;0;0.1;0.01;0;6.24795;0;0;-1
0;722;2.53366;46.1888;15.617;8.5982;2662.63;5.16997;0;0;0.1;0.01;0;5.80255;0;0;-1
0;723;2.65914;63.4027;15.89;10.4039;4717.12;6.25571;0;0;0.1;0.01;0;6.71263;0;0;-1
0;724;0.996686;77.9638;15.9341;8.66392;2724.16;5.20949;0;0;0.1;0.01;0;5.68461;0;0;-1
0;725;4.69879;93.0887;17.7674;8.70908;2766.98;5.23664;0;0;0.1;0.01;0;2.89411;0;0;-1
0;726;17.777;-82.3816;17.1046;10.0453;4245.97;6.04009;0;0;0.1;0.01;0;5.13146;0;0;-1
0;727;15.7992;-64.4081;16.3726;8.5;2572.44;5.11093;0;0;0.1;0.01;0;4.94207;1;0;-1
0;728;16.0255;-50.0871;18.3075;9.61978;3728.93;5.78423;0;0;0.1;0.01;0;5.55337;0;0;-1
0;729;18.9325;-33.9787;18.1042;8.5;2572.44;5.11093;0;0;0.1;0.01;0;4.31391;1;0;-1
0;730;18.3567;-17.0134;17.3431;9.30503;3374.75;5.59498;0;0;0.1;0.01;0;5.77523;0;0;-1
0;731;17.4612;2.72044;18.4899;8.54447;2613.03;5.13767;0;0;0.1;0.01;0;4.73938;0;0;-1
0;732;16.5799;21.138;16.22;9.14026;3198.63;5.49591;0;0;0.1;0.01;0;6.27751;0;0;-1
0;733;16.5156;37.0723;17.4437;8.88866;2941.69;5.34462;0;0;0.1;0.01;0;5.88822;0;0;-1
0;734;19.6664;52.9309;17.6981;8.85858;2911.93;5.32654;0;0;0.1;0.01;0;5.16922;0;0;-1
0;735;16.4151;69.7746;17.3898;8.51644;2587.4;5.12081;0;0;0.1;0.01;0;5.15727;0;0;-1
0;736;17.9151;85.6749;16.4505;9.17315;3233.29;5.51568;0;0;0.1;0.01;0;3.56844;0;0;-1
0;737;33.1742;-92.4878;15.935;9.05955;3114.64;5.44738;0;0;0.1;0.01;0;1.68939;0;0;-1
0;738;33.7887;-73.7654;16.0976;9.51316;3606.31;5.72013;0;0;0.1;0.01;0;5.47625;0;0;-1
0;739;33.1787;-55.2447;18.0192;9.15668;3215.9;5.50578;0;0;0.1;0.01;0;4.54134;0;0;-1
0;740;33.6518;-39.0252;18.0731;8.5;2572.44;5.11093;0;0;0.1;0.01;0;5.33016;1;0;-1
0;741;31.438;-24.4847;16.3388;9.37929;3456.2;5.63963;0;0;0.1;0.01;0;6.48123;0;0;-1
0;742;30.7121;-8.06308;18.5978;9.30862;3378.66;5.59714;0;0;0.1;0.01;0;5.49682;0;0;-1
0;743;30.5312;11.5672;17.0173;8.87722;2930.35;5.33774;0;0;0.1;0.01;0;5.13396;0;0;-1
0;744;32.0945;26.8724;16.7643;8.78131;2836.39;5.28007;0;0;0.1;0.01;0;5.40215;0;0;-1
0;745;33.2148;45.771;16.5237;8.5;2572.44;5.11093;0;0;0.1;0.01;0;5.28886;1;0;-1
0;746;30.4872;63.439;19.4774;9.08213;3137.99;5.46095;0;0;0.1;0.01;0;6.81712;0;0;-1
0;747;30.6485;77.8136;17.8487;9.25776;3323.58;5.56656;0;0;0.1;0.01;0;5.18503;0;0;-1
0;748;45.3115;-81.2461;16.0917;9.99665;4184.58;6.01084;0;0;0.1;0.01;0;4.70796;0;0;-1
0;749;48.9078;-67.6405;17.0047;8.61752;2680.62;5.18159;0;0;0.1;0.01;0;5.08284;0;0;-1
0;750;47.5129;-48.1664;18.5958;8.5;2572.44;5.11093;0;0;0.1;0.01;0;4.60338;1;0;-1
0;751;46.7626;-31.9014;16.6141;9.52674;3621.78;5.72829;0;0;0.1;0.01;0;6.82894;0;0;-1
0;752;46.3646;-15.3163;17.5072;9.96599;4146.2;5.99241;0;0;0.1;0.01;0;6.4005;0;0;-1
0;753;46.2073;4.39479;19.4804;9.61473;3723.06;5.7812;0;0;0.1;0.01;0;5.43007;0;0;-1
0;754;48.7915;20.4661;17.3357;9.77667;3914.37;5.87857;0;0;0.1;0.01;0;6.2284;0;0;-1
0;755;46.8626;34.8801;18.9804;8.5;2572.44;5.11093;0;0;0.1;0.01;0;5.23382;1;0;-1
0;756;45.0837;54.0883;16.5868;10.1386;4365.39;6.09619;0;0;0.1;0.01;0;6.57455;0;0;-1
0;757;46.9737;68.9778;17.7769;8.7934;2848.13;5.28734;0;0;0.1;0.01;0;5.04502;0;0;-1
0;758;45.943;86.0487;19.6685;8.5;2572.44;5.11093;0;0;0.1;0.01;0;1.2819;1;0;-1
0;759;61.2238;-75.4437;17.4853;9.74749;3879.42;5.86102;0;0;0.1;0.01;0;2.82205;0;0;-1
0;760;62.3075;-57.9508;18.1635;8.5;2572.44;5.11093;0;0;0.1;0.01;0;4.94779;1;0;-1
0;761;62.5619;-38.7149;16.7031;10.097;4311.87;6.07118;0;0;0.1;0.01;0;7.49659;0;0;-1
0;762;60.4233;-24.2802;16.5113;9.90118;4065.83;5.95344;0;0;0.1;0.01;0;7.54582;0;0;-1
0;763;60.3762;-7.4016;16.7524;8.93108;2984.01;5.37013;0;0;0.1;0.01;0;4.81206;0;0;-1
0;764;62.4583;10.6032;16.9655;9.45392;3539.36;5.6845;0;0;0.1;0.01;0;5.77944;0;0;-1
0;765;61.6889;28.5326;16.4799;10.2254;4478.47;6.14838;0;0;0.1;0.01;0;7.22214;0;0;-1
0;766;61.87;45.2087;19.0351;8.67367;2733.36;5.21535;0;0;0.1;0.01;0;6.08046;0;0;-1
0;767;62.2919;63.6362;19.0451;10.0225;4217.13;6.02638;0;0;0.1;0.01;0;4.83319;0;0;-1
0;768;75.9088;-50.2072;19.5109;8.70096;2759.24;5.23176;0;0;0.1;0.01;0;3.01344;0;0;-1
0;769;76.0471;-33.4793;18.3442;10.0886;4301.12;6.06613;0;0;0.1;0.01;0;6.13312;0;0;-1
0;770;77.6213;-16.953;16.7511;8.5;2572.44;5.11093;0;0;0.1;0.01;0;4.96117;1;0;-1
0;771;74.8852;0.852649;19.4076;8.71841;2775.88;5.24225;0;0;0.1;0.01;0;4.4461;0;0;-1
0;772;76.4909;20.1057;16.1838;9.82373;3971.16;5.90687;0;0;0.1;0.01;0;6.53739;0;0;-1
0;773;74.8201;37.9194;19.074;10.3722;4674.14;6.23665;0;0;0.1;0.01;0;6.736;0;0;-1
0;774;76.5229;52.4263;18.7537;8.77615;2831.4;5.27697;0;0;0.1;0.01;0;4.58239;0;0;-1
0;775;91.5333;-22.0681;18.6389;9.7875;3927.39;5.88508;0;0;0.1;0.01;0;4.34366;0;0;-1
0;776;92.7479;-7.36003;19.9392;8.5;2572.44;5.11093;0;0;0.1;0.01;0;2.61918;1;0;-1
0;777;91.6984;9.3243;16.2194;9.05672;3111.73;5.44567;0;0;0.1;0.01;0;2.52741;0;0;-1
0;778;89.4652;26.8437;17.3897;9.35384;3428.14;5.62433;0;0;0.1;0.01;0;4.07905;0;0;-1
0;779;-93.5897;2.40864;34.5651;8.55786;2625.33;5.14572;0;0;0.1;0.01;0;2.8445;0;0;-1
0;780;-82.0392;-39.7124;31.6316;9.85962;4014.85;5.92845;0;0;0.1;0.01;0;3.15515;0;0;-1
0;781;-79.6874;-25.0891;32.4554;9.32437;3395.84;5.60661;0;0;0.1;0.01;0;4.25161;0;0;-1
0;782;-79.0018;-6.09106;34.026;9.22038;3283.49;5.54408;0;0;0.1;0.01;0;5.97718;0;0;-1
0;783;-80.1766;10.0437;31.8126;8.73128;2788.19;5.24999;0;0;0.1;0.01;0;4.8953;0;0;-1
0;784;-82.7012;25.8721;30.9193;9.40262;3482.05;5.65366;0;0;0.1;0.01;0;2.74809;0;0;-1
0;785;-79.9016;46.0361;31.3487;8.54151;2610.31;5.13589;0;0;0.1;0.01;0;2.2051;0;0;-1
0;786;-65.9603;-66.8888;33.9523;9.46889;3556.2;5.69351;0;0;0.1;0.01;0;3.41797;0;0;-1
0;787;-66.6292;-47.6762;32.2355;9.70994;3834.76;5.83845;0;0;0.1;0.01;0;4.78956;0;0;-1
0;788;-64.304;-30.7693;34.2048;9.95636;4134.19;5.98661;0;0;0.1;0.01;0;6.5569;0;0;-1
0;789;-66.7734;-15.5656;31.0189;8.5;2572.44;5.11093;0;0;0.1;0.01;0;5.95242;1;0;-1
0;790;-65.6108;0.014834;34.1227;8.9441;2997.08;5.37796;0;0;0.1;0.01;0;5.98588;0;0;-1
0;791;-66.5519;18.1256;33.8889;8.5;2572.44;5.11093;0;0;0.1;0.01;0;4.4296;1;0;-1
0;792;-64.4081;35.1676;31.6606;8.58667;2651.94;5.16304;0;0;0.1;0.01;0;4.16397;0;0;-1
0;793;-66.842;53.0588;33.2034;9.91933;4088.23;5.96435;0;0;0.1;0.01;0;3.57345;0;0;-1
0;794;-53.1845;-73.325;30.6145;10.1149;4334.84;6.08194;0;0;0.1;0.01;0;4.85236;0;0;-1
0;795;-50.1861;-58.7183;30.9863;9.48167;3570.62;5.70119;0;0;0.1;0.01;0;6.02614;0;0;-1
0;796;-49.8382;-38.4014;31.6545;9.72083;3847.68;5.84499;0;0;0.1;0.01;0;6.12772;0;0;-1
0;797;-52.8065;-21.2983;31.1203;8.5;2572.44;5.11093;0;0;0.1;0.01;0;4.91499;1;0;-1
0;798;-52.7062;-7.28915;34.1934;9.66627;3783.25;5.81219;0;0;0.1;0.01;0;4.47813;0;0;-1
0;799;-51.6649;11.8729;31.7784;8.5;2572.44;5.11093;0;0;0.1;0.01;0;4.16193;1;0;-1
0;800;-50.7139;29.4025;32.6066;8.5;2572.44;5.11093;0;0;0.1;0.01;0;5.23692;1;0;-1
0;801;-52.7781;43.3419;33.1274;8.5;2572.44;5.11093;0;0;0.1;0.01;0;5.2398;1;0;-1
0;802;-51.6441;60.0661;33.9679;8.5;2572.44;5.11093;0;0;0.1;0.01;0;4.23847;1;0;-1
0;803;-35.6422;-85.3963;34.2814;10.1766;4414.65;6.11904;0;0;0.1;0.01;0;3.63734;0;0;-1
0;804;-37.9996;-66.3773;31.2826;8.5;2572.44;5.11093;0;0;0.1;0.01;0;4.55919;1;0;-1
0;805;-37.946;-47.2929;33.1294;9.74583;3877.44;5.86003;0;0;0.1;0.01;0;5.96723;0;0;-1
0;806;-34.4728;-33.0339;33.0293;10.2533;4515.23;6.16516;0;0;0.1;0.01;0;6.5217;0;0;-1
0;807;-35.1763;-16.2757;32.7185;8.8572;2910.57;5.32571;0;0;0.1;0.01;0;4.12993;0;0;-1
0;808;-35.3383;2.98134;32.2956;8.80953;2863.83;5.29704;0;0;0.1;0.01;0;4.5345;0;0;-1
0;809;-38.3045;17.6744;32.7574;8.96634;3019.49;5.39133;0;0;0.1;0.01;0;4.90141;0;0;-1
0;810;-36.9796;37.9463;31.6609;9.65063;3764.92;5.80278;0;0;0.1;0.01;0;6.08311;0;0;-1
0;811;-36.8424;52.4721;32.421;8.9865;3039.91;5.40345;0;0;0.1;0.01;0;5.2249;0;0;-1
0;812;-37.9065;69.1969;32.1218;8.5;2572.44;5.11093;0;0;0.1;0.01;0;3.35765;1;0;-1
0;813;-20.9682;-91.0239;34.0196;9.86408;4020.3;5.93113;0;0;0.1;0.01;0;3.76547;0;0;-1
0;814;-22.9223;-74.3007;32.2309;8.5;2572.44;5.11093;0;0;0.1;0.01;0;5.12021;1;0;-1
0;815;-22.8331;-57.0527;34.4251;8.61747;2680.57;5.18156;0;0;0.1;0.01;0;4.58674;0;0;-1
0;816;-21.86;-42.7429;31.8926;8.61331;2676.69;5.17906;0;0;0.1;0.01;0;5.68057;0;0;-1
0;817;-20.434;-21.6604;31.3819;8.5;2572.44;5.11093;0;0;0.1;0.01;0;3.95875;1;0;-1
0;818;-20.9572;-4.75585;34.0466;9.37895;3455.82;5.63943;0;0;0.1;0.01;0;5.89968;0;0;-1
0;819;-21.7897;11.1932;31.6436;8.93559;2988.53;5.37284;0;0;0.1;0.01;0;5.87727;0;0;-1
0;820;-22.9974;29.3695;33.7797;9.49202;3582.32;5.70741;0;0;0.1;0.01;0;5.55487;0;0;-1
0;821;-20.7383;44.2962;33.8151;9.19925;3260.96;5.53138;0;0;0.1;0.01;0;6.29517;0;0;-1
0;822;-20.4333;59.7005;30.9824;8.65751;2718.11;5.20564;0;0;0.1;0.01;0;5.12192;0;0;-1
0;823;-21.7742;76.7151;32.6721;10.0526;4255.24;6.04448;0;0;0.1;0.01;0;4.7391;0;0;-1
0;824;-6.81708;-81.4815;33.0071;10.2345;4490.44;6.15386;0;0;0.1;0.01;0;5.73646;0;0;-1
0;825;-7.58273;-65.846;32.0384;9.11861;3175.96;5.48289;0;0;0.1;0.01;0;4.85287;0;0;-1
0;826;-8.81293;-46.9431;30.7937;9.1191;3176.47;5.48318;0;0;0.1;0.01;0;5.15107;0;0;-1
0;827;-5.46113;-32.6285;31.1757;8.5;2572.44;5.11093;0;0;0.1;0.01;0;4.74187;1;0;-1
0;828;-8.84098;-13.1763;31.5895;10.4144;4731.42;6.26203;0;0;0.1;0.01;0;6.59217;0;0;-1
0;829;-7.46529;3.47639;31.9496;9.30981;3379.96;5.59785;0;0;0.1;0.01;0;6.08541;0;0;-1
0;830;-6.8548;20.9972;33.6301;10.0649;4270.88;6.05188;0;0;0.1;0.01;0;5.6761;0;0;-1
0;831;-7.4796;37.7969;34.0821;9.13604;3194.2;5.49337;0;0;0.1;0.01;0;6.14252;0;0;-1
0;832;-5.8513;51.7254;33.6888;8.5;2572.44;5.11093;0;0;0.1;0.01;0;5.49127;1;0;-1
0;833;-7.20416;69.7858;32.3977;8.73803;2794.66;5.25405;0;0;0.1;0.01;0;4.34922;0;0;-1
0;834;-6.78722;88.6523;31.1313;8.56897;2635.57;5.1524;0;0;0.1;0.01;0;2.16662;0;0;-1
0;835;8.24911;-89.437;34.6626;8.757;2812.9;5.26546;0;0;0.1;0.01;0;3.18191;0;0;-1
0;836;7.70435;-74.4746;32.4973;10.4534;4784.77;6.28548;0;0;0.1;0.01;0;7.0333;0;0;-1
0;837;6.34096;-58.9472;31.8172;8.79873;2853.31;5.29055;0;0;0.1;0.01;0;5.10272;0;0;-1
0;838;8.48759;-42.9144;33.201;10.0561;4259.68;6.04659;0;0;0.1;0.01;0;6.7514;0;0;-1
0;839;6.86421;-23.8856;32.7515;8.90408;2957.03;5.35389;0;0;0.1;0.01;0;4.87905;0;0;-1
0;840;7.21113;-6.04635;33.7236;9.87605;4034.95;5.93833;0;0;0.1;0.01;0;6.05092;0;0;-1
0;841;5.64755;8.79421;34.3799;9.10205;3158.68;5.47293;0;0;0.1;0.01;0;4.74081;0;0;-1
0;842;8.33799;27.8197;31.046;9.25309;3318.55;5.56375;0;0;0.1;0.01;0;5.15793;0;0;-1
0;843;6.79017;42.8937;30.5881;10.1876;4428.99;6.12566;0;0;0.1;0.01;0;6.42;0;0;-1
0;844;8.6376;61.5725;30.8993;8.68436;2743.48;5.22178;0;0;0.1;0.01;0;4.75703;0;0;-1
0;845;9.12161;78.934;31.9048;9.46328;3549.88;5.69013;0;0;0.1;0.01;0;4.70348;0;0;-1
0;846;23.1453;-82.6646;33.8527;9.93443;4106.93;5.97343;0;0;0.1;0.01;0;4.7665;0;0;-1
0;847;22.6506;-67.9647;33.0105;9.85623;4010.71;5.92641;0;0;0.1;0.01;0;5.40179;0;0;-1
0;848;23.8683;-47.7367;33.3856;8.90151;2954.47;5.35235;0;0;0.1;0.01;0;5.89505;0;0;-1
0;849;21.1372;-32.2897;32.469;10.1635;4397.63;6.11117;0;0;0.1;0.01;0;7.03875;0;0;-1
0;850;22.1157;-14.003;32.2143;10.1553;4386.99;6.10623;0;0;0.1;0.01;0;6.79597;0;0;-1
0;851;22.3361;0.481191;30.9445;8.92445;2977.37;5.36614;0;0;0.1;0.01;0;5.12642;0;0;-1
0;852;23.0086;19.3381;30.4828;9.06881;3124.2;5.45294;0;0;0.1;0.01;0;4.82298;0;0;-1
0;853;22.1093;37.5582;33.987;9.3486;3422.38;5.62118;0;0;0.1;0.01;0;5.73755;0;0;-1
0;854;23.7941;51.3891;32.5744;9.90615;4071.96;5.95642;0;0;0.1;0.01;0;6.81326;0;0;-1
0;855;22.3266;68.7548;30.9985;8.75237;2808.44;5.26267;0;0;0.1;0.01;0;5.90426;0;0;-1
0;856;20.855;89.388;34.2256;9.34689;3420.5;5.62015;0;0;0.1;0.01;0;1.60265;0;0;-1
0;857;35.7822;-74.7227;32.795;8.5;2572.44;5.11093;0;0;0.1;0.01;0;3.42637;1;0;-1
0;858;37.1868;-55.0856;32.8411;9.55435;3653.36;5.74489;0;0;0.1;0.01;0;5.76182;0;0;-1
0;859;35.5735;-38.4143;30.8888;8.5;2572.44;5.11093;0;0;0.1;0.01;0;5.30922;1;0;-1
0;860;37.4992;-21.9834;32.1859;8.5;2572.44;5.11093;0;0;0.1;0.01;0;4.7558;1;0;-1
0;861;35.8984;-4.81438;33.2086;9.17157;3231.62;5.51473;0;0;0.1;0.01;0;5.72537;0;0;-1
0;862;38.7401;9.35059;32.4904;8.59517;2659.82;5.16815;0;0;0.1;0.01;0;4.91376;0;0;-1
0;863;38.1025;25.5614;33.002;9.81869;3965.06;5.90384;0;0;0.1;0.01;0;5.59295;0;0;-1
0;864;38.3516;43.1655;33.0959;9.76301;3897.98;5.87036;0;0;0.1;0.01;0;6.01976;0;0;-1
0;865;35.3802;61.859;33.701;9.76121;3895.83;5.86927;0;0;0.1;0.01;0;6.6255;0;0;-1
0;866;36.8558;77.2514;32.1584;10.0224;4217;6.02632;0;0;0.1;0.01;0;5.23645;0;0;-1
0;867;52.8279;-64.6644;31.9348;9.06145;3116.6;5.44852;0;0;0.1;0.01;0;3.97316;0;0;-1
0;868;53.1658;-49.3366;32.1258;9.43641;3519.73;5.67398;0;0;0.1;0.01;0;5.65766;0;0;-1
0;869;52.0674;-33.3871;32.4053;9.52844;3623.71;5.72931;0;0;0.1;0.01;0;6.14159;0;0;-1
0;870;51.5496;-17.3181;31.5969;9.93219;4104.15;5.97208;0;0;0.1;0.01;0;6.32103;0;0;-1
0;871;53.2123;0.91388;33.8713;10.0205;4214.6;6.02518;0;0;0.1;0.01;0;6.86745;0;0;-1
0;872;52.462;17.8215;33.385;8.9672;3020.36;5.39185;0;0;0.1;0.01;0;6.01614;0;0;-1
0;873;53.4745;38.1482;32.2393;8.9671;3020.26;5.39179;0;0;0.1;0.01;0;6.03644;0;0;-1
0;874;53.2645;53.181;33.3263;9.60563;3712.5;5.77573;0;0;0.1;0.01;0;6.9692;0;0;-1
0;875;51.4267;68.3289;32.4198;9.14929;3208.12;5.50134;0;0;0.1;0.01;0;4.86796;0;0;-1
0;876;67.2575;-58.0693;32.431;8.83388;2887.64;5.31168;0;0;0.1;0.01;0;3.29291;0;0;-1
0;877;67.6935;-38.6055;31.5578;9.31078;3381.01;5.59844;0;0;0.1;0.01;0;5.34646;0;0;-1
0;878;66.3888;-21.8194;31.9646;9.12977;3187.63;5.4896;0;0;0.1;0.01;0;5.27329;0;0;-1
0;879;66.9428;-4.76943;32.6253;9.85842;4013.38;5.92772;0;0;0.1;0.01;0;5.72549;0;0;-1
0;880;67.2105;10.3599;32.9708;8.94914;3002.15;5.38099;0;0;0.1;0.01;0;6.55035;0;0;-1
0;881;66.2104;28.0152;33.7797;8.61621;2679.4;5.1808;0;0;0.1;0.01;0;5.82199;0;0;-1
0;882;67.3158;45.6449;31.0895;9.11558;3172.79;5.48107;0;0;0.1;0.01;0;6.46688;0;0;-1
0;883;67.0138;59.5;32.0784;9.87652;4035.53;5.93861;0;0;0.1;0.01;0;4.75513;0;0;-1
0;884;79.9431;-30.2567;33.8318;9.91075;4077.63;5.95919;0;0;0.1;0.01;0;4.39921;0;0;-1
0;885;80.1771;-15.9638;30.7234;8.8039;2858.34;5.29366;0;0;0.1;0.01;0;4.50605;0;0;-1
0;886;79.6566;3.6877;33.5483;10.0827;4293.58;6.06258;0;0;0.1;0.01;0;4.94898;0;0;-1
0;887;80.7175;19.6993;34.195;8.73611;2792.82;5.2529;0;0;0.1;0.01;0;3.84788;0;0;-1
0;888;80.5452;33.6393;31.9264;8.98096;3034.29;5.40012;0;0;0.1;0.01;0;4.25655;0;0;-1
0;889;-86.3538;-6.4441;47.2377;9.7781;3916.08;5.87943;0;0;0.1;0.01;0;3.24463;0;0;-1
0;890;-85.6623;9.85675;47.7958;10.4049;4718.48;6.25632;0;0;0.1;0.01;0;3.02241;0;0;-1
0;891;-69.0179;-49.9808;48.7974;10.4318;4755.17;6.27249;0;0;0.1;0.01;0;2.88095;0;0;-1
0;892;-69.389;-33.747;47.9879;8.5;2572.44;5.11093;0;0;0.1;0.01;0;4.09391;1;0;-1
0;893;-69.365;-13.3645;47.6946;9.91875;4087.52;5.964;0;0;0.1;0.01;0;5.7262;0;0;-1
0;894;-71.5183;0.83899;46.7815;8.91111;2964.04;5.35812;0;0;0.1;0.01;0;5.6222;0;0;-1
0;895;-68.5661;18.0374;47.0535;8.75571;2811.66;5.26468;0;0;0.1;0.01;0;3.93384;0;0;-1
0;896;-70.5793;36.4605;49.3648;9.25688;3322.63;5.56603;0;0;0.1;0.01;0;1.72373;0;0;-1
0;897;-56.6381;-59.6045;46.1506;8.92538;2978.3;5.3667;0;0;0.1;0.01;0;4.10189;0;0;-1
0;898;-57.0577;-39.1334;47.6049;9.30218;3371.65;5.59327;0;0;0.1;0.01;0;5.77814;0;0;-1
0;899;-57.0514;-23.2628;47.2572;8.5;2572.44;5.11093;0;0;0.1;0.01;0;5.45202;1;0;-1
0;900;-56.8231;-6.9107;48.8079;9.56046;3660.37;5.74857;0;0;0.1;0.01;0;5.90522;0;0;-1
0;901;-54.5983;12.7575;45.9816;8.6949;2753.48;5.22812;0;0;0.1;0.01;0;4.42053;0;0;-1
0;902;-57.7013;29.7399;45.9902;8.5;2572.44;5.11093;0;0;0.1;0.01;0;4.65735;1;0;-1
0;903;-56.3021;45.9433;47.0327;8.5;2572.44;5.11093;0;0;0.1;0.01;0;4.4597;1;0;-1
0;904;-54.4421;61.2988;46.4111;8.73256;2789.42;5.25076;0;0;0.1;0.01;0;3.49953;0;0;-1
0;905;-40.6549;-64.3864;45.8757;8.77308;2828.43;5.27513;0;0;0.1;0.01;0;3.66542;0;0;-1
0;906;-40.4029;-50.5782;48.2037;9.14813;3206.9;5.50064;0;0;0.1;0.01;0;5.16027;0;0;-1
0;907;-43.1998;-30.0725;46.0941;10.1709;4407.24;6.11561;0;0;0.1;0.01;0;6.05365;0;0;-1
0;908;-41.505;-14.2938;49.0757;8.5;2572.44;5.11093;0;0;0.1;0.01;0;4.98796;1;0;-1
0;909;-41.6414;0.774359;49.2597;8.65928;2719.78;5.2067;0;0;0.1;0.01;0;4.60018;0;0;-1
0;910;-42.0966;16.7763;48.2709;10.2808;4551.66;6.1817;0;0;0.1;0.01;0;5.92404;0;0;-1
0;911;-42.3295;35.8769;45.2279;8.59133;2656.26;5.16584;0;0;0.1;0.01;0;4.94957;0;0;-1
0;912;-41.219;53.2413;48.9017;10.1348;4360.48;6.09391;0;0;0.1;0.01;0;6.53578;0;0;-1
0;913;-42.4852;69.7202;48.0983;9.85071;4003.97;5.92309;0;0;0.1;0.01;0;4.23739;0;0;-1
0;914;-27.8291;-76.7414;46.736;9.0812;3137.03;5.46039;0;0;0.1;0.01;0;2.96226;0;0;-1
0;915;-26.171;-55.5055;48.3168;8.59395;2658.69;5.16742;0;0;0.1;0.01;0;5.99622;0;0;-1
0;916;-27.688;-41.4908;46.5289;9.63897;3751.29;5.79577;0;0;0.1;0.01;0;7.57845;0;0;-1
0;917;-28.0327;-24.2563;49.4377;8.5;2572.44;5.11093;0;0;0.1;0.01;0;4.80475;1;0;-1
0;918;-25.7051;-8.79409;47.3281;8.5;2572.44;5.11093;0;0;0.1;0.01;0;4.63736;1;0;-1
0;919;-26.6733;12.0288;46.5383;9.92574;4096.16;5.9682;0;0;0.1;0.01;0;5.77887;0;0;-1
0;920;-26.959;29.5829;48.5525;10.2075;4454.99;6.13762;0;0;0.1;0.01;0;7.06262;0;0;-1
0;921;-26.3513;45.1542;48.8396;9.22863;3292.31;5.54904;0;0;0.1;0.01;0;6.1178;0;0;-1
0;922;-25.8915;60.8801;46.5208;10.3198;4603.65;6.20515;0;0;0.1;0.01;0;6.8739;0;0;-1
0;923;-25.5679;79.3357;48.501;9.1597;3219.08;5.50759;0;0;0.1;0.01;0;3.17647;0;0;-1
0;924;-12.3626;-80.7873;46.0131;8.874;2927.16;5.33581;0;0;0.1;0.01;0;3.07169;0;0;-1
0;925;-11.885;-64.6891;47.9633;8.62741;2689.86;5.18754;0;0;0.1;0.01;0;4.45634;0;0;-1
0;926;-13.4922;-47.9733;46.5685;10.3686;4669.27;6.23449;0;0;0.1;0.01;0;7.51976;0;0;-1
0;927;-12.6936;-33.5674;49.1096;10.005;4195.08;6.01586;0;0;0.1;0.01;0;5.88169;0;0;-1
0;928;-11.4152;-13.8854;48.6871;9.93402;4106.42;5.97318;0;0;0.1;0.01;0;6.7712;0;0;-1
0;929;-11.0348;0.269273;46.1073;9.49154;3581.78;5.70713;0;0;0.1;0.01;0;6.64996;0;0;-1
0;930;-13.1753;19.508;47.8599;10.0132;4205.4;6.02079;0;0;0.1;0.01;0;6.25771;0;0;-1
0;931;-11.2558;37.0923;49.0585;8.84922;2902.71;5.32091;0;0;0.1;0.01;0;6.45077;0;0;-1
0;932;-12.2012;52.5432;48.788;9.02879;3083.03;5.42888;0;0;0.1;0.01;0;7.2086;0;0;-1
0;933;-11.7523;69.7927;48.0762;10.1432;4371.33;6.09896;0;0;0.1;0.01;0;5.86771;0;0;-1
0;934;-12.8183;86.6136;47.9927;8.5;2572.44;5.11093;0;0;0.1;0.01;0;1.66689;1;0;-1
0;935;2.05823;-73.1385;45.8811;8.5;2572.44;5.11093;0;0;0.1;0.01;0;4.91271;1;0;-1
0;936;1.61272;-59.4375;46.6192;8.99434;3047.87;5.40817;0;0;0.1;0.01;0;5.60906;0;0;-1
0;937;2.35444;-42.2795;46.9557;9.40872;3488.83;5.65733;0;0;0.1;0.01;0;5.65138;0;0;-1
0;938;1.44332;-22.4077;48.5087;9.3869;3464.62;5.64421;0;0;0.1;0.01;0;5.82124;0;0;-1
0;939;4.30854;-5.38886;49.0482;9.50215;3593.8;5.7135;0;0;0.1;0.01;0;6.81252;0;0;-1
0;940;3.2202;8.867;49.2385;9.40384;3483.41;5.65439;0;0;0.1;0.01;0;5.80719;0;0;-1
0;941;1.82648;29.6387;47.3263;8.5;2572.44;5.11093;0;0;0.1;0.01;0;5.05032;1;0;-1
0;942;1.08568;45.541;47.6018;8.53776;2606.88;5.13363;0;0;0.1;0.01;0;6.17197;0;0;-1
0;943;1.48774;60.6211;45.6713;9.03964;3094.15;5.4354;0;0;0.1;0.01;0;5.43545;0;0;-1
0;944;4.93255;79.7308;48.6553;10.1102;4328.8;6.07912;0;0;0.1;0.01;0;3.00467;0;0;-1
0;945;18.9308;-84.4725;48.8927;8.82496;2878.9;5.30632;0;0;0.1;0.01;0;1.95499;0;0;-1
0;946;18.2784;-65.9343;46.7121;9.13393;3191.99;5.4921;0;0;0.1;0.01;0;4.69517;0;0;-1
0;947;16.9257;-49.4134;46.2847;8.5;2572.44;5.11093;0;0;0.1;0.01;0;4.61333;1;0;-1
0;948;19.393;-34.4015;45.9322;10.2763;4545.68;6.17899;0;0;0.1;0.01;0;6.56686;0;0;-1
0;949;16.1453;-14.8595;48.4577;9.22523;3288.67;5.547;0;0;0.1;0.01;0;6.3415;0;0;-1
0;950;18.7761;1.80406;48.5182;8.50641;2578.26;5.11478;0;0;0.1;0.01;0;5.65779;0;0;-1
0;951;17.3909;17.4879;46.7751;9.55479;3653.86;5.74516;0;0;0.1;0.01;0;5.234;0;0;-1
0;952;16.0255;36.4005;49.0149;8.5;2572.44;5.11093;0;0;0.1;0.01;0;4.95355;1;0;-1
0;953;19.2402;50.8488;45.5668;9.03341;3087.76;5.43166;0;0;0.1;0.01;0;5.11169;0;0;-1
0;954;17.4144;71.0926;46.7957;9.52319;3617.73;5.72616;0;0;0.1;0.01;0;4.54286;0;0;-1
0;955;33.2097;-74.2761;48.7934;8.9766;3029.87;5.3975;0;0;0.1;0.01;0;3.24384;0;0;-1
0;956;33.1108;-57.134;47.8303;9.60965;3717.16;5.77814;0;0;0.1;0.01;0;6.047;0;0;-1
0;957;33.4773;-39.2155;45.8212;9.85133;4004.73;5.92346;0;0;0.1;0.01;0;6.54189;0;0;-1
0;958;30.7976;-22.5144;46.1727;9.98303;4167.5;6.00265;0;0;0.1;0.01;0;6.38968;0;0;-1
0;959;31.9832;-5.04306;47.7718;9.48791;3577.67;5.70494;0;0;0.1;0.01;0;5.83427;0;0;-1
0;960;33.2571;12.0627;47.6398;9.44032;3524.1;5.67633;0;0;0.1;0.01;0;5.47803;0;0;-1
0;961;30.6857;25.7865;46.9776;9.75134;3884.02;5.86334;0;0;0.1;0.01;0;6.52858;0;0;-1
0;962;32.706;43.2069;48.5169;8.95476;3007.81;5.38437;0;0;0.1;0.01;0;6.11874;0;0;-1
0;963;31.886;59.3286;48.6176;9.99243;4179.28;6.0083;0;0;0.1;0.01;0;6.93159;0;0;-1
0;964;30.9367;76.2501;47.6969;9.44588;3530.33;5.67967;0;0;0.1;0.01;0;4.12501;0;0;-1
0;965;45.9695;-63.703;46.5695;8.50235;2574.57;5.11234;0;0;0.1;0.01;0;3.30803;0;0;-1
0;966;46.1767;-47.4748;47.5736;10.2055;4452.37;6.13642;0;0;0.1;0.01;0;6.42919;0;0;-1
0;967;47.6469;-31.4576;46.2921;8.5;2572.44;5.11093;0;0;0.1;0.01;0;5.04587;1;0;-1
0;968;45.2313;-13.9437;49.0311;9.26855;3335.22;5.57304;0;0;0.1;0.01;0;5.88995;0;0;-1
0;969;45.8998;-0.22064;45.3769;8.5;2572.44;5.11093;0;0;0.1;0.01;0;5.34742;1;0;-1
0;970;47.716;20.7846;46.88;10.0206;4214.73;6.02524;0;0;0.1;0.01;0;7.16633;0;0;-1
0;971;45.3015;36.6188;48.5896;9.44979;3534.72;5.68202;0;0;0.1;0.01;0;6.80015;0;0;-1
0;972;46.4685;54.7686;49.104;9.69619;3818.49;5.83018;0;0;0.1;0.01;0;5.88085;0;0;-1
0;973;45.6633;72.0089;48.423;9.86394;4020.13;5.93104;0;0;0.1;0.01;0;3.34093;0;0;-1
0;974;63.7015;-58.7692;46.4807;8.74716;2803.43;5.25954;0;0;0.1;0.01;0;2.38368;0;0;-1
0;975;62.0116;-42.3747;47.6442;9.36522;3440.67;5.63117;0;0;0.1;0.01;0;5.04875;0;0;-1
0;976;59.8928;-24.0733;48.5229;8.5;2572.44;5.11093;0;0;0.1;0.01;0;4.85862;1;0;-1
0;977;63.6075;-8.6977;46.815;10.1425;4370.42;6.09854;0;0;0.1;0.01;0;6.67217;0;0;-1
0;978;60.6647;8.13295;47.1469;9.86993;4027.46;5.93465;0;0;0.1;0.01;0;6.38269;0;0;-1
0;979;61.523;26.8101;46.1084;9.90075;4065.3;5.95318;0;0;0.1;0.01;0;6.42558;0;0;-1
0;980;60.1739;43.6493;46.0435;10.1384;4365.13;6.09607;0;0;0.1;0.01;0;6.2437;0;0;-1
0;981;61.1688;61.0004;46.9957;9.12844;3186.24;5.4888;0;0;0.1;0.01;0;3.75979;0;0;-1
0;982;77.3008;-30.3709;48.6451;8.61289;2676.3;5.17881;0;0;0.1;0.01;0;2.6229;0;0;-1
0;983;77.1319;-17.1019;47.7273;8.5;2572.44;5.11093;0;0;0.1;0.01;0;3.16091;1;0;-1
0;984;75.5661;1.83132;46.5508;9.84126;3992.46;5.91741;0;0;0.1;0.01;0;5.04735;0;0;-1
0;985;78.692;17.3408;48.8006;10.0526;4255.24;6.04448;0;0;0.1;0.01;0;4.18424;0;0;-1
0;986;75.2829;34.6956;45.9228;10.2898;4563.62;6.18711;0;0;0.1;0.01;0;4.40749;0;0;-1
0;987;-65.6129;-30.2895;62.2609;8.57744;2643.39;5.15749;0;0;0.1;0.01;0;3.43857;0;0;-1
0;988;-66.5752;-15.4259;63.5482;8.87947;2932.58;5.3391;0;0;0.1;0.01;0;3.54161;0;0;-1
0;989;-66.6877;0.545791;61.3351;8.52153;2592.04;5.12387;0;0;0.1;0.01;0;3.48067;0;0;-1
0;990;-66.1491;19.5148;63.9373;9.60852;3715.85;5.77746;0;0;0.1;0.01;0;3.35487;0;0;-1
0;991;-51.8167;-58.4766;60.4474;9.06277;3117.97;5.44931;0;0;0.1;0.01;0;2.13894;0;0;-1
0;992;-51.4184;-38.76;63.6235;10.4312;4754.35;6.27213;0;0;0.1;0.01;0;5.19854;0;0;-1
0;993;-50.7458;-24.504;63.2985;8.99047;3043.94;5.40584;0;0;0.1;0.01;0;6.41201;0;0;-1
0;994;-52.7042;-8.79277;61.3398;8.75928;2815.1;5.26683;0;0;0.1;0.01;0;4.57308;0;0;-1
0;995;-53.4874;10.3285;61.6445;10.3467;4639.75;6.22132;0;0;0.1;0.01;0;5.60294;0;0;-1
0;996;-53.0214;27.1242;62.1055;8.5119;2583.26;5.11808;0;0;0.1;0.01;0;4.04347;0;0;-1
0;997;-51.7525;46.5214;61.8005;9.49673;3587.66;5.71025;0;0;0.1;0.01;0;3.02914;0;0;-1
0;998;-36.3705;-47.5582;60.5163;9.31429;3384.84;5.60055;0;0;0.1;0.01;0;6.18599;0;0;-1
0;999;-36.9186;-33.1695;64.1659;8.56914;2635.73;5.1525;0;0;0.1;0.01;0;5.89226;0;0;-1
0;1000;-35.4727;-15.653;62.673;9.77893;3917.08;5.87993;0;0;0.1;0.01;0;6.61963;0;0;-1
0;1001;-36.1661;1.45895;63.9654;8.73934;2795.92;5.25484;0;0;0.1;0.01;0;4.87582;0;0;-1
0;1002;-35.067;19.5871;62.2215;8.80965;2863.94;5.29711;0;0;0.1;0.01;0;5.88824;0;0;-1
0;1003;-35.2288;37.091;60.6583;9.96828;4149.06;5.99378;0;0;0.1;0.01;0;6.29273;0;0;-1
0;1004;-38.3052;52.2605;63.8413;9.47991;3568.63;5.70013;0;0;0.1;0.01;0;3.94477;0;0;-1
0;1005;-38.3159;67.9575;60.6992;9.61487;3723.22;5.78128;0;0;0.1;0.01;0;3.18397;0;0;-1
0;1006;-21.3213;-73.2341;63.7667;8.5;2572.44;5.11093;0;0;0.1;0.01;0;1.71284;1;0;-1
0;1007;-23.2925;-57.0296;62.2464;10.4;4711.82;6.25337;0;0;0.1;0.01;0;6.18691;0;0;-1
0;1008;-22.2423;-40.8616;61.3912;10.2717;4539.58;6.17622;0;0;0.1;0.01;0;8.02971;0;0;-1
0;1009;-21.3068;-22.7315;63.6622;8.53442;2603.82;5.13162;0;0;0.1;0.01;0;6.24154;0;0;-1
0;1010;-21.9746;-5.56788;62.126;10.3597;4657.26;6.22914;0;0;0.1;0.01;0;6.43797;0;0;-1
0;1011;-22.1213;10.5185;60.8531;8.5;2572.44;5.11093;0;0;0.1;0.01;0;3.63306;1;0;-1
0;1012;-23.7865;26.8048;63.5243;9.01866;3072.66;5.42279;0;0;0.1;0.01;0;4.69436;0;0;-1
0;1013;-22.4078;44.4759;62.8093;9.87176;4029.7;5.93575;0;0;0.1;0.01;0;6.77179;0;0;-1
0;1014;-21.833;59.7001;60.1788;8.81698;2871.1;5.30152;0;0;0.1;0.01;0;5.43772;0;0;-1
0;1015;-7.87504;-67.6925;60.344;8.52518;2595.37;5.12607;0;0;0.1;0.01;0;3.89115;0;0;-1
0;1016;-7.87157;-47.7026;63.1302;10.2311;4485.96;6.15181;0;0;0.1;0.01;0;6.71484;0;0;-1
0;1017;-5.56195;-29.8838;63.3954;9.05885;3113.92;5.44696;0;0;0.1;0.01;0;6.57512;0;0;-1
0;1018;-6.8529;-15.333;60.9684;8.54701;2615.36;5.13919;0;0;0.1;0.01;0;6.62623;0;0;-1
0;1019;-8.78472;0.618352;60.7723;8.5;2572.44;5.11093;0;0;0.1;0.01;0;4.71382;1;0;-1
0;1020;-6.95834;20.8332;60.3882;8.92528;2978.2;5.36664;0;0;0.1;0.01;0;4.61625;0;0;-1
0;1021;-8.83172;36.0109;63.5757;9.68264;3802.51;5.82203;0;0;0.1;0.01;0;7.04887;0;0;-1
0;1022;-6.47609;52.1424;61.0337;9.64341;3756.48;5.79844;0;0;0.1;0.01;0;7.58122;0;0;-1
0;1023;-7.43296;67.6702;60.8771;10.3052;4584.14;6.19637;0;0;0.1;0.01;0;4.93565;0;0;-1
0;1024;5.31617;-73.7706;61.9494;8.5;2572.44;5.11093;0;0;0.1;0.01;0;2.23718;1;0;-1
0;1025;6.87212;-57.4055;62.3018;10.176;4413.87;6.11868;0;0;0.1;0.01;0;5.8169;0;0;-1
0;1026;7.74088;-39.3548;61.0364;8.5;2572.44;5.11093;0;0;0.1;0.01;0;4.55274;1;0;-1
0;1027;6.38322;-22.691;62.3478;9.92312;4092.92;5.96663;0;0;0.1;0.01;0;6.71235;0;0;-1
0;1028;9.17476;-6.37639;62.4729;10.2402;4497.94;6.15728;0;0;0.1;0.01;0;6.85823;0;0;-1
0;1029;8.78318;12.199;62.2427;8.66534;2725.5;5.21034;0;0;0.1;0.01;0;4.78902;0;0;-1
0;1030;7.91415;26.3217;63.4064;8.5;2572.44;5.11093;0;0;0.1;0.01;0;5.49288;1;0;-1
0;1031;7.42415;42.0756;60.0794;10.2988;4575.6;6.19252;0;0;0.1;0.01;0;6.63399;0;0;-1
0;1032;6.64023;63.0866;63.2866;9.3194;3390.41;5.60362;0;0;0.1;0.01;0;4.62278;0;0;-1
0;1033;21.3028;-63.8653;60.9563;8.5;2572.44;5.11093;0;0;0.1;0.01;0;3.70181;1;0;-1
0;1034;23.2566;-50.2981;61.9536;8.5;2572.44;5.11093;0;0;0.1;0.01;0;4.43493;1;0;-1
0;1035;20.9381;-32.3626;61.029;8.5;2572.44;5.11093;0;0;0.1;0.01;0;3.83338;1;0;-1
0;1036;24.2121;-12.6667;60.363;8.5;2572.44;5.11093;0;0;0.1;0.01;0;5.40673;1;0;-1
0;1037;20.6086;2.95474;61.7859;8.5;2572.44;5.11093;0;0;0.1;0.01;0;5.06462;1;0;-1
0;1038;23.0825;19.7981;63.7339;10.3275;4613.96;6.20978;0;0;0.1;0.01;0;7.34201;0;0;-1
0;1039;21.9267;37.847;63.1488;8.70203;2760.26;5.2324;0;0;0.1;0.01;0;5.68876;0;0;-1
0;1040;21.581;53.155;60.4249;8.5;2572.44;5.11093;0;0;0.1;0.01;0;5.29842;1;0;-1
0;1041;22.1359;69.1064;61.3918;9.0674;3122.75;5.4521;0;0;0.1;0.01;0;3.39159;0;0;-1
0;1042;34.6708;-59.7311;63.54;8.5;2572.44;5.11093;0;0;0.1;0.01;0;2.17387;1;0;-1
0;1043;36.1553;-39.3437;62.5699;9.23923;3303.66;5.55541;0;0;0.1;0.01;0;4.51338;0;0;-1
0;1044;38.1852;-22.8172;61.8897;8.81792;2872.02;5.30209;0;0;0.1;0.01;0;4.89395;0;0;-1
0;1045;35.7963;-5.05999;62.6061;8.95321;3006.25;5.38344;0;0;0.1;0.01;0;4.80303;0;0;-1
0;1046;38.2677;12.2894;61.3798;9.45337;3538.74;5.68417;0;0;0.1;0.01;0;5.64766;0;0;-1
0;1047;37.9487;26.2083;60.2554;8.5;2572.44;5.11093;0;0;0.1;0.01;0;6.73235;1;0;-1
0;1048;35.5227;43.3601;63.5204;9.23679;3301.05;5.55395;0;0;0.1;0.01;0;5.63047;0;0;-1
0;1049;38.663;60.4743;63.3834;9.72555;3853.28;5.84783;0;0;0.1;0.01;0;3.9479;0;0;-1
0;1050;53.4565;-48.7362;61.7472;9.52246;3616.9;5.72572;0;0;0.1;0.01;0;3.22261;0;0;-1
0;1051;50.362;-33.3902;60.884;8.5;2572.44;5.11093;0;0;0.1;0.01;0;4.87416;1;0;-1
0;1052;51.0249;-15.2802;62.1445;9.58171;3684.83;5.76134;0;0;0.1;0.01;0;5.6978;0;0;-1
0;1053;50.0318;0.790021;62.698;8.5;2572.44;5.11093;0;0;0.1;0.01;0;4.12901;1;0;-1
0;1054;50.5532;20.6991;60.9317;8.5;2572.44;5.11093;0;0;0.1;0.01;0;5.72196;1;0;-1
0;1055;50.8717;34.8019;61.8172;9.8158;3961.56;5.9021;0;0;0.1;0.01;0;6.01757;0;0;-1
0;1056;53.6956;53.0098;62.7381;10.1404;4367.71;6.09728;0;0;0.1;0.01;0;3.14105;0;0;-1
0;1057;67.0772;-40.8602;60.8932;10.4293;4751.76;6.27099;0;0;0.1;0.01;0;2.85145;0;0;-1
0;1058;64.4545;-21.5179;62.147;8.5;2572.44;5.11093;0;0;0.1;0.01;0;2.95584;1;0;-1
0;1059;64.4386;-5.4353;61.8715;8.5;2572.44;5.11093;0;0;0.1;0.01;0;4.08055;1;0;-1
0;1060;66.7706;9.19803;60.6538;9.7064;3830.57;5.83632;0;0;0.1;0.01;0;3.28755;0;0;-1
0;1061;65.172;25.0305;60.1635;8.80062;2855.15;5.29169;0;0;0.1;0.01;0;2.81955;0;0;-1
0;1062;-54.422;-23.7659;75.9816;9.34551;3418.99;5.61932;0;0;0.1;0.01;0;3.60346;0;0;-1
0;1063;-56.5124;-4.70073;78.7068;8.5;2572.44;5.11093;0;0;0.1;0.01;0;1.66136;1;0;-1
0;1064;-54.9448;10.6838;76.2422;9.32397;3395.4;5.60637;0;0;0.1;0.01;0;3.90494;0;0;-1
0;1065;-56.4401;29.7249;75.0198;10.447;4775.99;6.28163;0;0;0.1;0.01;0;3.23455;0;0;-1
0;1066;-40.025;-48.9623;77.027;8.5;2572.44;5.11093;0;0;0.1;0.01;0;2.24644;1;0;-1
0;1067;-42.2486;-30.7996;77.7909;8.79456;2849.25;5.28804;0;0;0.1;0.01;0;4.74942;0;0;-1
0;1068;-40.3997;-15.9278;75.0938;9.98709;4172.59;6.00509;0;0;0.1;0.01;0;6.5465;0;0;-1
0;1069;-40.4523;2.8674;77.9504;9.51488;3608.27;5.72116;0;0;0.1;0.01;0;5.73032;0;0;-1
0;1070;-41.6316;17.7778;74.6476;8.54694;2615.29;5.13915;0;0;0.1;0.01;0;5.55015;0;0;-1
0;1071;-39.3205;33.6785;76.4767;9.87209;4030.1;5.93594;0;0;0.1;0.01;0;4.14397;0;0;-1
0;1072;-24.3897;-55.1616;76.9366;9.73996;3870.44;5.8565;0;0;0.1;0.01;0;3.47018;0;0;-1
0;1073;-26.2699;-40.8508;74.9475;9.02504;3079.19;5.42663;0;0;0.1;0.01;0;5.5066;0;0;-1
0;1074;-27.4704;-23.1551;76.5342;10.0637;4269.35;6.05116;0;0;0.1;0.01;0;7.01381;0;0;-1
0;1075;-27.2512;-4.51999;77.9018;9.34698;3420.6;5.6202;0;0;0.1;0.01;0;6.55055;0;0;-1
0;1076;-24.9785;12.2898;77.0441;9.04555;3100.23;5.43896;0;0;0.1;0.01;0;5.77631;0;0;-1
0;1077;-25.7875;26.5305;77.3003;9.31413;3384.66;5.60045;0;0;0.1;0.01;0;5.89739;0;0;-1
0;1078;-25.3456;43.7261;77.7649;9.28589;3353.97;5.58347;0;0;0.1;0.01;0;3.8068;0;0;-1
0;1079;-10.067;-47.8135;76.4029;8.80812;2862.45;5.29619;0;0;0.1;0.01;0;4.92434;0;0;-1
0;1080;-12.4505;-31.1463;76.4165;10.2266;4480.05;6.14911;0;0;0.1;0.01;0;7.47837;0;0;-1
0;1081;-12.8024;-16.174;74.6162;9.40462;3484.27;5.65486;0;0;0.1;0.01;0;7.3513;0;0;-1
0;1082;-13.5676;0.327904;78.4967;10.2202;4471.64;6.14526;0;0;0.1;0.01;0;6.59546;0;0;-1
0;1083;-11.4835;20.5723;78.3181;8.95194;3004.97;5.38267;0;0;0.1;0.01;0;5.81037;0;0;-1
0;1084;-10.8864;36.5085;76.7748;10.0821;4292.81;6.06222;0;0;0.1;0.01;0;7.27477;0;0;-1
0;1085;-11.9904;51.5986;76.3121;9.93362;4105.93;5.97294;0;0;0.1;0.01;0;4.78209;0;0;-1
0;1086;3.54204;-58.8437;76.6022;10.3992;4710.73;6.25289;0;0;0.1;0.01;0;3.37184;0;0;-1
0;1087;1.37765;-42.2271;78.482;8.5;2572.44;5.11093;0;0;0.1;0.01;0;4.97711;1;0;-1
0;1088;4.76847;-23.2444;76.3316;10.0445;4244.96;6.03961;0;0;0.1;0.01;0;6.80815;0;0;-1
0;1089;1.29855;-7.59434;78.2476;9.92445;4094.57;5.96743;0;0;0.1;0.01;0;6.26927;0;0;-1
0;1090;3.27462;11.4173;77.6325;8.90179;2954.75;5.35252;0;0;0.1;0.01;0;4.53966;0;0;-1
0;1091;1.50519;27.3587;77.7805;9.65841;3774.03;5.80746;0;0;0.1;0.01;0;7.23729;0;0;-1
0;1092;2.54264;42.4929;76.4683;10.3015;4579.2;6.19414;0;0;0.1;0.01;0;6.33491;0;0;-1
0;1093;4.04486;61.3717;76.5682;9.70352;3827.16;5.83459;0;0;0.1;0.01;0;3.29145;0;0;-1
0;1094;16.4737;-49.6009;74.9887;8.82222;2876.22;5.30467;0;0;0.1;0.01;0;3.51594;0;0;-1
0;1095;17.4681;-30.7386;77.843;9.94785;4123.6;5.9815;0;0;0.1;0.01;0;6.04374;0;0;-1
0;1096;18.4975;-13.1218;74.6038;9.11763;3174.93;5.4823;0;0;0.1;0.01;0;6.14215;0;0;-1
0;1097;16.7227;3.33973;76.3065;8.78297;2838;5.28107;0;0;0.1;0.01;0;5.25233;0;0;-1
0;1098;18.408;20.1239;76.7569;8.5;2572.44;5.11093;0;0;0.1;0.01;0;5.81184;1;0;-1
0;1099;18.6054;33.9789;76.0108;10.0972;4312.13;6.0713;0;0;0.1;0.01;0;7.3061;0;0;-1
0;1100;18.5657;54.4271;76.1427;9.59276;3697.6;5.76799;0;0;0.1;0.01;0;3.60209;0;0;-1
0;1101;32.5495;-40.2004;76.4269;10.1849;4425.47;6.12403;0;0;0.1;0.01;0;3.81263;0;0;-1
0;1102;31.2485;-22.9462;78.5553;10.1291;4353.13;6.09048;0;0;0.1;0.01;0;5.58185;0;0;-1
0;1103;31.1828;-5.98893;77.3378;8.5572;2624.72;5.14532;0;0;0.1;0.01;0;5.19929;0;0;-1
0;1104;32.3746;11.7454;76.1711;9.07028;3125.72;5.45383;0;0;0.1;0.01;0;4.46407;0;0;-1
0;1105;34.5154;28.4121;76.6506;10.3011;4578.67;6.1939;0;0;0.1;0.01;0;5.87586;0;0;-1
0;1106;30.9546;46.4954;78.1607;10.3268;4613.03;6.20935;0;0;0.1;0.01;0;4.16954;0;0;-1
0;1107;49.0847;-30.3955;78.671;9.26179;3327.92;5.56898;0;0;0.1;0.01;0;1.68979;0;0;-1
0;1108;45.453;-13.8872;75.3082;8.5304;2600.14;5.12921;0;0;0.1;0.01;0;4.76063;0;0;-1
0;1109;47.4455;0.402492;77.9809;8.55106;2619.08;5.14163;0;0;0.1;0.01;0;3.45321;0;0;-1
0;1110;48.3166;20.0353;74.9192;9.58572;3689.46;5.76375;0;0;0.1;0.01;0;3.87146;0;0;-1
0;1111;49.0098;36.2371;77.4626;8.5;2572.44;5.11093;0;0;0.1;0.01;0;2.34222;1;0;-1
0;1112;60.4389;-6.10624;78.447;8.5;2572.44;5.11093;0;0;0.1;0.01;0;1.5947;1;0;-1
0;1113;-36.271;-15.7298;89.6388;9.8315;3980.59;5.91154;0;0;0.1;0.01;0;4.24731;0;0;-1
0;1114;-36.414;1.56383;91.2431;8.5;2572.44;5.11093;0;0;0.1;0.01;0;3.92259;1;0;-1
0;1115;-38.4477;16.9485;89.885;10.0141;4206.53;6.02133;0;0;0.1;0.01;0;3.77085;0;0;-1
0;1116;-21.1035;-24.4701;90.0474;10.4526;4783.67;6.285;0;0;0.1;0.01;0;4.94869;0;0;-1
0;1117;-23.414;-6.36416;93.0742;10.0382;4236.98;6.03582;0;0;0.1;0.01;0;4.54145;0;0;-1
0;1118;-22.7374;11.6903;89.7648;8.5;2572.44;5.11093;0;0;0.1;0.01;0;4.56468;1;0;-1
0;1119;-21.624;27.6362;93.3752;10.1704;4406.59;6.11531;0;0;0.1;0.01;0;3.63802;0;0;-1
0;1120;-7.47579;-31.4695;90.7932;9.99572;4183.41;6.01028;0;0;0.1;0.01;0;4.74652;0;0;-1
0;1121;-8.53212;-14.0109;89.4461;9.49792;3589.01;5.71096;0;0;0.1;0.01;0;6.43293;0;0;-1
0;1122;-6.51577;1.17972;92.6629;9.92513;4095.41;5.96784;0;0;0.1;0.01;0;5.31202;0;0;-1
0;1123;-5.8075;19.1305;93.3188;10.3778;4681.71;6.24002;0;0;0.1;0.01;0;5.37767;0;0;-1
0;1124;-7.61156;35.0399;92.3632;8.5;2572.44;5.11093;0;0;0.1;0.01;0;3.70819;1;0;-1
0;1125;5.42097;-38.5718;92.1476;8.64182;2703.36;5.1962;0;0;0.1;0.01;0;2.77218;0;0;-1
0;1126;6.63442;-23.369;92.1193;9.97299;4154.94;5.99661;0;0;0.1;0.01;0;4.86011;0;0;-1
0;1127;7.32644;-5.04045;91.6067;9.76217;3896.98;5.86985;0;0;0.1;0.01;0;4.37077;0;0;-1
0;1128;6.66354;10.8079;91.2104;9.29955;3368.79;5.59168;0;0;0.1;0.01;0;4.12416;0;0;-1
0;1129;6.0971;28.7488;90.0592;9.47028;3557.76;5.69434;0;0;0.1;0.01;0;5.33302;0;0;-1
0;1130;23.7569;-31.9736;89.8666;8.5;2572.44;5.11093;0;0;0.1;0.01;0;2.94796;1;0;-1
0;1131;20.7111;-13.4764;89.355;8.96289;3016.01;5.38926;0;0;0.1;0.01;0;4.82155;0;0;-1
0;1132;22.794;0.119204;90.1656;8.56343;2630.46;5.14907;0;0;0.1;0.01;0;3.46814;0;0;-1
0;1133;20.0089;20.8206;90.9614;8.88242;2935.5;5.34087;0;0;0.1;0.01;0;3.25337;0;0;-1
0;1134;20.8902;36.7147;90.3453;8.61361;2676.97;5.17924;0;0;0.1;0.01;0;2.71913;0;0;-1
0;1135;37.3242;-7.80401;89.7324;9.767;3902.76;5.87276;0;0;0.1;0.01;0;3.63607;0;0;-1
0;1136;35.427;9.72453;91.1615;8.5238;2594.11;5.12524;0;0;0.1;0.01;0;1.96481;0;0;-1
