Time;ID;x;y;z;radius;volume_total;radius_nuclear;contact_ECM;freezer;polarized_fraction;motility;cell_line;Cell_cell;phase;Cycle;NFkB
0;0;-51.3165;-4.61198;-83.4223;8.5;2572.44;5.11093;0;0;0.1;0.01;0;2.6447;1;0;-1
0;1;-37.4348;-33.3458;-84.6864;9.8791;4038.69;5.94016;0;0;0.1;0.01;0;2.67478;0;0;-1
0;2;-37.6553;-13.826;-86.4867;8.5;2572.44;5.11093;0;0;0.1;0.01;0;2.65174;1;0;-1
0;3;-38.5098;0.472388;-85.5925;8.93259;2985.53;5.37104;0;0;0.1;0.01;0;2.49525;0;0;-1
0;4;-35.4896;20.6038;-84.3345;10.0373;4235.84;6.03528;0;0;0.1;0.01;0;3.05555;0;0;-1
0;5;-21.8005;-40.6283;-87.2599;9.31441;3384.97;5.60062;0;0;0.1;0.01;0;2.8086;0;0;-1
0;6;-20.545;-22.4008;-85.9292;8.72424;2781.45;5.24576;0;0;0.1;0.01;0;4.24072;0;0;-1
0;7;-21.0303;-8.41861;-84.5106;8.68751;2746.47;5.22367;0;0;0.1;0.01;0;4.10781;0;0;-1
0;8;-20.3044;10.7184;-85.976;8.9461;2999.09;5.37916;0;0;0.1;0.01;0;3.39409;0;0;-1
0;9;-22.2977;28.76;-84.0028;9.1147;3171.87;5.48054;0;0;0.1;0.01;0;3.81456;0;0;-1
0;10;-8.84498;-49.3339;-83.4155;10.3831;4688.89;6.24321;0;0;0.1;0.01;0;3.61018;0;0;-1
0;11;-7.09629;-30.754;-87.1679;9.25676;3322.5;5.56596;0;0;0.1;0.01;0;4.75133;0;0;-1
0;12;-6.80789;-16.6184;-86.2515;8.92614;2979.06;5.36716;0;0;0.1;0.01;0;5.07824;0;0;-1
0;13;-6.59063;0.142474;-85.5134;10.1914;4433.94;6.12794;0;0;0.1;0.01;0;5.01989;0;0;-1
0;14;-7.56656;20.0321;-83.7584;10.1998;4444.92;6.13299;0;0;0.1;0.01;0;5.00686;0;0;-1
0;15;-7.67583;38.2938;-83.934;9.71243;3837.71;5.83994;0;0;0.1;0.01;0;3.32032;0;0;-1
0;16;7.44565;-40.8715;-85.9504;10.0896;4302.4;6.06673;0;0;0.1;0.01;0;4.84794;0;0;-1
0;17;6.40146;-24.2352;-83.4891;10.0954;4309.82;6.07022;0;0;0.1;0.01;0;6.0358;0;0;-1
0;18;8.72378;-6.01905;-85.8377;8.76963;2825.09;5.27305;0;0;0.1;0.01;0;3.8925;0;0;-1
0;19;6.48412;10.9342;-86.7579;8.73724;2793.9;5.25358;0;0;0.1;0.01;0;2.66793;0;0;-1
0;20;7.75874;27.755;-87.3893;8.84193;2895.54;5.31652;0;0;0.1;0.01;0;3.1842;0;0;-1
0;21;8.87938;45.3828;-83.5792;10.2972;4573.47;6.19156;0;0;0.1;0.01;0;3.80195;0;0;-1
0;22;20.2441;-49.1545;-84.498;9.44966;3534.57;5.68194;0;0;0.1;0.01;0;3.23326;0;0;-1
0;23;23.3378;-34.0348;-86.6652;10.0918;4305.21;6.06805;0;0;0.1;0.01;0;5.12253;0;0;-1
0;24;20.6082;-15.7281;-84.9704;8.5;2572.44;5.11093;0;0;0.1;0.01;0;3.28072;1;0;-1
0;25;22.4768;3.45442;-86.8691;8.58914;2654.22;5.16453;0;0;0.1;0.01;0;3.5907;0;0;-1
0;26;23.6328;20.3925;-84.482;8.88816;2941.2;5.34432;0;0;0.1;0.01;0;4.47865;0;0;-1
0;27;23.5484;37.7421;-84.8642;9.8457;3997.87;5.92008;0;0;0.1;0.01;0;3.69371;0;0;-1
0;28;36.3517;-40.1919;-83.6447;9.99562;4183.29;6.01022;0;0;0.1;0.01;0;3.77007;0;0;-1
0;29;35.4697;-25.5453;-86.1205;8.5;2572.44;5.11093;0;0;0.1;0.01;0;3.01726;1;0;-1
0;30;37.2087;-5.59695;-85.2979;10.2046;4451.19;6.13588;0;0;0.1;0.01;0;2.52929;0;0;-1
0;31;36.5601;10.8585;-83.9709;10.2277;4481.49;6.14977;0;0;0.1;0.01;0;3.93793;0;0;-1
0;32;37.5883;26.9764;-83.9293;10.0868;4298.82;6.06505;0;0;0.1;0.01;0;4.35778;0;0;-1
0;33;-70.5265;-14.7636;-69.375;9.3986;3477.59;5.65124;0;0;0.1;0.01;0;2.28132;0;0;-1
0;34;-57.8107;-39.4468;-71.342;9.97762;4160.73;5.9994;0;0;0.1;0.01;0;3.10515;0;0;-1
0;35;-56.6638;-25.1887;-72.4919;9.30194;3371.39;5.59312;0;0;0.1;0.01;0;3.99637;0;0;-1
0;36;-54.7647;-8.89886;-70.8539;8.5;2572.44;5.11093;0;0;0.1;0.01;0;4.5043;1;0;-1
0;37;-56.2934;9.85718;-69.7922;10.3383;4628.45;6.21627;0;0;0.1;0.01;0;3.50662;0;0;-1
0;38;-57.7888;28.4731;-71.5051;8.5;2572.44;5.11093;0;0;0.1;0.01;0;2.15769;1;0;-1
0;39;-54.6548;46.9004;-68.5833;9.52835;3623.61;5.72926;0;0;0.1;0.01;0;3.24018;0;0;-1
0;40;-41.549;-51.3131;-72.6804;9.08313;3139.03;5.46155;0;0;0.1;0.01;0;2.1111;0;0;-1
0;41;-41.3937;-30.4551;-70.983;9.44447;3528.75;5.67882;0;0;0.1;0.01;0;5.73716;0;0;-1
0;42;-42.2324;-16.6246;-69.6677;10.4347;4759.14;6.27423;0;0;0.1;0.01;0;6.85606;0;0;-1
0;43;-39.4146;1.73256;-69.0922;8.5;2572.44;5.11093;0;0;0.1;0.01;0;4.2221;1;0;-1
0;44;-42.362;16.76;-69.0652;8.5;2572.44;5.11093;0;0;0.1;0.01;0;5.51231;1;0;-1
0;45;-42.4232;34.2527;-69.8623;9.48534;3574.76;5.7034;0;0;0.1;0.01;0;5.21327;0;0;-1
0;46;-41.213;53.4642;-69.4183;8.5;2572.44;5.11093;0;0;0.1;0.01;0;3.80381;1;0;-1
0;47;-26.5813;-57.1936;-70.3596;8.69547;2754.02;5.22846;0;0;0.1;0.01;0;4.02538;0;0;-1
0;48;-28.5605;-42.5881;-68.4944;10.4235;4743.83;6.2675;0;0;0.1;0.01;0;6.38812;0;0;-1
0;49;-26.25;-24.7386;-70.6816;8.78999;2844.81;5.28529;0;0;0.1;0.01;0;5.81369;0;0;-1
0;50;-24.7274;-8.81315;-71.8619;8.5;2572.44;5.11093;0;0;0.1;0.01;0;4.47573;1;0;-1
0;51;-26.88;11.107;-69.6485;9.33999;3412.93;5.616;0;0;0.1;0.01;0;5.35118;0;0;-1
0;52;-26.0027;26.9261;-69.2418;10.0291;4225.46;6.03035;0;0;0.1;0.01;0;6.57008;0;0;-1
0;53;-27.6146;43.7351;-70.6707;9.33376;3406.11;5.61225;0;0;0.1;0.01;0;4.59962;0;0;-1
0;54;-27.1637;62.198;-69.8069;9.79464;3935.99;5.88937;0;0;0.1;0.01;0;3.73837;0;0;-1
0;55;-13.5707;-63.8514;-69.0194;9.87774;4037.02;5.93934;0;0;0.1;0.01;0;4.04055;0;0;-1
0;56;-13.8239;-48.1356;-68.3401;8.5;2572.44;5.11093;0;0;0.1;0.01;0;5.72208;1;0;-1
0;57;-11.3477;-31.1881;-72.6081;8.91585;2968.77;5.36097;0;0;0.1;0.01;0;5.09946;0;0;-1
0;58;-12.6999;-15.0523;-70.9702;9.29638;3365.35;5.58978;0;0;0.1;0.01;0;6.58995;0;0;-1
0;59;-9.95215;1.96222;-71.7765;9.45092;3535.99;5.6827;0;0;0.1;0.01;0;5.80852;0;0;-1
0;60;-11.648;16.5899;-70.1477;8.82064;2874.68;5.30372;0;0;0.1;0.01;0;5.34694;0;0;-1
0;61;-11.8851;36.6262;-70.9344;9.09843;3154.92;5.47075;0;0;0.1;0.01;0;4.65159;0;0;-1
0;62;-10.746;55.0846;-70.3562;9.75011;3882.55;5.8626;0;0;0.1;0.01;0;3.31306;0;0;-1
0;63;2.17825;-56.2466;-69.0649;9.01971;3073.73;5.42342;0;0;0.1;0.01;0;4.73857;0;0;-1
0;64;3.93917;-40.1489;-72.0466;8.76763;2823.16;5.27185;0;0;0.1;0.01;0;5.19993;0;0;-1
0;65;2.7159;-22.8979;-68.4987;10.2393;4496.76;6.15674;0;0;0.1;0.01;0;7.07014;0;0;-1
0;66;4.34115;-7.97911;-72.0171;9.90275;4067.77;5.95438;0;0;0.1;0.01;0;6.59442;0;0;-1
0;67;2.34943;10.1687;-69.2141;8.5;2572.44;5.11093;0;0;0.1;0.01;0;4.96635;1;0;-1
0;68;4.4006;26.7948;-69.6913;8.5;2572.44;5.11093;0;0;0.1;0.01;0;4.49175;1;0;-1
0;69;4.43818;45.7975;-70.5466;9.40266;3482.1;5.65368;0;0;0.1;0.01;0;6.07223;0;0;-1
0;70;3.50705;63.7187;-70.1512;9.87208;4030.09;5.93594;0;0;0.1;0.01;0;3.45285;0;0;-1
0;71;16.3318;-66.2696;-69.9008;9.33398;3406.35;5.61239;0;0;0.1;0.01;0;2.8909;0;0;-1
0;72;15.965;-47.1696;-70.9216;8.71329;2770.99;5.23917;0;0;0.1;0.01;0;4.7518;0;0;-1
0;73;19.2581;-30.2049;-70.8758;10.2304;4485.04;6.15139;0;0;0.1;0.01;0;6.88974;0;0;-1
0;74;16.4086;-14.0912;-69.2266;8.5;2572.44;5.11093;0;0;0.1;0.01;0;6.69817;1;0;-1
0;75;16.9983;1.22266;-71.3307;9.24351;3308.26;5.55799;0;0;0.1;0.01;0;5.43958;0;0;-1
0;76;16.0006;18.2088;-69.2023;8.72477;2781.96;5.24608;0;0;0.1;0.01;0;4.98799;0;0;-1
0;77;17.3081;35.4421;-70.638;9.03495;3089.34;5.43258;0;0;0.1;0.01;0;5.48945;0;0;-1
0;78;19.4561;55.0727;-70.2843;10.194;4437.34;6.1295;0;0;0.1;0.01;0;4.06626;0;0;-1
0;79;31.0823;-57.7954;-69.4709;8.5;2572.44;5.11093;0;0;0.1;0.01;0;3.35822;1;0;-1
0;80;31.7641;-38.5278;-68.4301;9.87873;4038.24;5.93994;0;0;0.1;0.01;0;6.27434;0;0;-1
0;81;32.0171;-21.8283;-69.6508;8.5;2572.44;5.11093;0;0;0.1;0.01;0;4.93464;1;0;-1
0;82;33.334;-6.34224;-68.8041;9.53103;3626.67;5.73087;0;0;0.1;0.01;0;5.57208;0;0;-1
0;83;30.5729;12.4382;-71.3006;9.73152;3860.39;5.85142;0;0;0.1;0.01;0;6.45246;0;0;-1
0;84;33.6221;28.6034;-68.5219;10.0382;4236.98;6.03582;0;0;0.1;0.01;0;6.88737;0;0;-1
0;85;34.0079;43.7471;-71.9714;8.5;2572.44;5.11093;0;0;0.1;0.01;0;4.23411;1;0;-1
0;86;46.3677;-51.2908;-68.908;9.61922;3728.28;5.7839;0;0;0.1;0.01;0;2.75937;0;0;-1
0;87;45.9829;-30.4855;-71.9463;9.01313;3067.01;5.41946;0;0;0.1;0.01;0;4.33471;0;0;-1
0;88;47.5559;-13.4215;-72.0016;9.9526;4129.51;5.98435;0;0;0.1;0.01;0;4.86556;0;0;-1
0;89;45.3325;1.65014;-69.0575;8.5;2572.44;5.11093;0;0;0.1;0.01;0;5.76246;1;0;-1
0;90;47.3082;17.1289;-68.9527;10.3912;4699.87;6.24808;0;0;0.1;0.01;0;6.38236;0;0;-1
0;91;48.9697;36.8797;-71.9523;10.2103;4458.66;6.13931;0;0;0.1;0.01;0;3.53451;0;0;-1
0;92;46.7033;54.1069;-69.0043;8.5;2572.44;5.11093;0;0;0.1;0.01;0;2.53751;1;0;-1
0;93;60.0232;-25.6686;-72.0471;10.0688;4275.84;6.05422;0;0;0.1;0.01;0;2.75325;0;0;-1
0;94;62.5635;-5.60593;-71.9194;8.73835;2794.97;5.25424;0;0;0.1;0.01;0;2.336;0;0;-1
0;95;61.3298;9.87318;-68.8434;9.81409;3959.49;5.90107;0;0;0.1;0.01;0;3.63322;0;0;-1
0;96;-80.3932;-8.31197;-55.411;9.69228;3813.88;5.82783;0;0;0.1;0.01;0;2.96145;0;0;-1
0;97;-80.127;12.4619;-54.3326;8.7296;2786.58;5.24898;0;0;0.1;0.01;0;2.6129;0;0;-1
0;98;-65.7593;-48.4231;-54.2735;10.1245;4347.2;6.08771;0;0;0.1;0.01;0;4.68094;0;0;-1
0;99;-67.701;-33.8759;-55.407;8.95215;3005.18;5.3828;0;0;0.1;0.01;0;3.3059;0;0;-1
0;100;-65.5529;-12.6524;-56.3782;8.50736;2579.13;5.11535;0;0;0.1;0.01;0;4.00103;0;0;-1
0;101;-64.6002;1.73504;-53.9676;9.72048;3847.26;5.84478;0;0;0.1;0.01;0;5.33315;0;0;-1
0;102;-68.0122;19.6488;-57.7761;8.68328;2742.46;5.22113;0;0;0.1;0.01;0;3.53566;0;0;-1
0;103;-66.441;35.4403;-55.5525;8.5;2572.44;5.11093;0;0;0.1;0.01;0;3.49336;1;0;-1
0;104;-52.251;-59.3457;-54.875;9.7421;3872.99;5.85778;0;0;0.1;0.01;0;4.05992;0;0;-1
0;105;-52.9137;-42.3715;-57.5599;8.54632;2614.73;5.13878;0;0;0.1;0.01;0;4.59278;0;0;-1
0;106;-51.3218;-24.6956;-57.8024;8.5;2572.44;5.11093;0;0;0.1;0.01;0;4.56953;1;0;-1
0;107;-49.863;-4.79149;-57.1212;9.83619;3986.29;5.91436;0;0;0.1;0.01;0;6.42274;0;0;-1
0;108;-51.7454;12.0398;-54.3847;9.7551;3888.52;5.8656;0;0;0.1;0.01;0;7.06109;0;0;-1
0;109;-51.0344;27.8577;-57.8131;10.3779;4681.85;6.24008;0;0;0.1;0.01;0;6.9284;0;0;-1
0;110;-52.1454;44.8062;-54.0142;9.75705;3890.85;5.86677;0;0;0.1;0.01;0;6.19836;0;0;-1
0;111;-50.5757;59.7294;-54.4348;10.0947;4308.92;6.0698;0;0;0.1;0.01;0;5.15009;0;0;-1
0;112;-38.6634;-66.5815;-56.3487;9.78686;3926.62;5.8847;0;0;0.1;0.01;0;4.10138;0;0;-1
0;113;-38.37;-51.0468;-54.5721;9.22818;3291.83;5.54877;0;0;0.1;0.01;0;5.19149;0;0;-1
0;114;-36.5527;-31.2253;-56.2447;9.62245;3732.03;5.78584;0;0;0.1;0.01;0;6.18129;0;0;-1
0;115;-36.5255;-14.8536;-55.7931;10.2702;4537.59;6.17532;0;0;0.1;0.01;0;6.81759;0;0;-1
0;116;-37.7524;2.43476;-54.3711;8.98033;3033.65;5.39974;0;0;0.1;0.01;0;5.52455;0;0;-1
0;117;-36.0765;20.9964;-57.0231;10.2728;4541.04;6.17689;0;0;0.1;0.01;0;7.54098;0;0;-1
0;118;-35.2042;36.6496;-55.0655;8.75833;2814.18;5.26626;0;0;0.1;0.01;0;6.65541;0;0;-1
0;119;-36.9997;51.2796;-56.5069;10.0445;4244.96;6.03961;0;0;0.1;0.01;0;6.94401;0;0;-1
0;120;-35.9269;70.3133;-57.9326;10.4064;4720.52;6.25722;0;0;0.1;0.01;0;4.27265;0;0;-1
0;121;-23.931;-76.0247;-57.326;9.56038;3660.28;5.74852;0;0;0.1;0.01;0;3.14407;0;0;-1
0;122;-21.8316;-56.2179;-56.405;9.42137;3502.92;5.66493;0;0;0.1;0.01;0;6.51065;0;0;-1
0;123;-21.0908;-40.4618;-54.8488;10.0066;4197.09;6.01682;0;0;0.1;0.01;0;6.98219;0;0;-1
0;124;-23.6242;-22.5396;-56.7421;9.91108;4078.04;5.95939;0;0;0.1;0.01;0;6.87658;0;0;-1
0;125;-21.5853;-7.15124;-56.3443;8.98657;3039.98;5.40349;0;0;0.1;0.01;0;5.63114;0;0;-1
0;126;-22.4086;9.00062;-55.9814;9.44496;3529.3;5.67912;0;0;0.1;0.01;0;4.80144;0;0;-1
0;127;-21.405;25.5968;-55.5892;8.61865;2681.68;5.18227;0;0;0.1;0.01;0;5.26642;0;0;-1
0;128;-21.7814;42.3053;-56.7017;8.5;2572.44;5.11093;0;0;0.1;0.01;0;5.12118;1;0;-1
0;129;-22.1136;63.2065;-54.4621;10.3642;4663.33;6.23184;0;0;0.1;0.01;0;7.13645;0;0;-1
0;130;-22.0247;77.9763;-57.0152;9.14647;3205.16;5.49964;0;0;0.1;0.01;0;3.52737;0;0;-1
0;131;-9.28631;-80.7855;-56.0024;8.5;2572.44;5.11093;0;0;0.1;0.01;0;2.47059;1;0;-1
0;132;-5.76731;-65.6704;-55.7501;9.0412;3095.76;5.43634;0;0;0.1;0.01;0;4.74584;0;0;-1
0;133;-6.23462;-47.1145;-55.1245;9.62786;3738.33;5.78909;0;0;0.1;0.01;0;5.882;0;0;-1
0;134;-8.77142;-29.9214;-54.6158;9.80216;3945.06;5.8939;0;0;0.1;0.01;0;5.57584;0;0;-1
0;135;-8.94709;-14.1404;-55.424;8.61231;2675.76;5.17846;0;0;0.1;0.01;0;5.84059;0;0;-1
0;136;-7.06778;0.368617;-56.7145;8.5;2572.44;5.11093;0;0;0.1;0.01;0;5.33855;1;0;-1
0;137;-5.92493;20.9945;-55.1526;10.3787;4682.93;6.24056;0;0;0.1;0.01;0;6.33306;0;0;-1
0;138;-8.23758;36.954;-55.4895;10.3709;4672.38;6.23587;0;0;0.1;0.01;0;6.41095;0;0;-1
0;139;-5.83157;54.938;-55.1087;10.4463;4775.03;6.28121;0;0;0.1;0.01;0;6.18401;0;0;-1
0;140;-8.71563;70.3309;-55.1301;8.9171;2970.02;5.36172;0;0;0.1;0.01;0;3.30298;0;0;-1
0;141;8.98376;-74.325;-56.9021;8.95921;3012.3;5.38704;0;0;0.1;0.01;0;3.46698;0;0;-1
0;142;6.86006;-58.0796;-56.214;9.9375;4110.74;5.97527;0;0;0.1;0.01;0;6.12587;0;0;-1
0;143;7.3419;-41.7036;-54.9284;8.5;2572.44;5.11093;0;0;0.1;0.01;0;4.38011;1;0;-1
0;144;9.40137;-22.717;-56.6072;9.348;3421.72;5.62082;0;0;0.1;0.01;0;6.49527;0;0;-1
0;145;6.03245;-8.01834;-56.858;9.37777;3454.52;5.63872;0;0;0.1;0.01;0;6.47248;0;0;-1
0;146;5.60754;9.72268;-55.2398;8.95394;3006.98;5.38387;0;0;0.1;0.01;0;4.27728;0;0;-1
0;147;8.44365;27.7522;-53.9534;10.1128;4332.14;6.08068;0;0;0.1;0.01;0;6.67623;0;0;-1
0;148;8.5357;44.9756;-55.976;10.2821;4553.38;6.18248;0;0;0.1;0.01;0;7.63845;0;0;-1
0;149;8.84204;59.8423;-57.7186;8.76315;2818.83;5.26915;0;0;0.1;0.01;0;5.80821;0;0;-1
0;150;8.56816;79.8438;-54.3439;9.33081;3402.88;5.61048;0;0;0.1;0.01;0;2.80694;0;0;-1
0;151;22.2767;-64.2607;-56.6561;9.79249;3933.4;5.88808;0;0;0.1;0.01;0;4.96685;0;0;-1
0;152;24.1775;-49.9861;-53.7162;8.97699;3030.27;5.39773;0;0;0.1;0.01;0;5.39985;0;0;-1
0;153;20.291;-32.6144;-55.2867;9.10775;3164.62;5.47636;0;0;0.1;0.01;0;5.15303;0;0;-1
0;154;20.521;-12.7127;-57.3693;9.31056;3380.77;5.5983;0;0;0.1;0.01;0;6.01099;0;0;-1
0;155;23.6298;1.42034;-56.4451;9.29185;3360.43;5.58705;0;0;0.1;0.01;0;5.68021;0;0;-1
0;156;23.7529;20.6583;-55.7426;10.1452;4373.92;6.10016;0;0;0.1;0.01;0;6.42638;0;0;-1
0;157;22.688;38.24;-56.2067;10.0929;4306.62;6.06871;0;0;0.1;0.01;0;7.04143;0;0;-1
0;158;22.9295;54.3756;-53.9778;10.4336;4757.64;6.27357;0;0;0.1;0.01;0;7.0981;0;0;-1
0;159;22.0555;70.5636;-57.6923;9.08793;3144.01;5.46444;0;0;0.1;0.01;0;2.46988;0;0;-1
0;160;38.5718;-56.028;-56.426;9.06067;3115.8;5.44805;0;0;0.1;0.01;0;4.55247;0;0;-1
0;161;34.9336;-38.3601;-54.7213;8.60039;2664.67;5.17129;0;0;0.1;0.01;0;5.32419;0;0;-1
0;162;38.525;-25.1016;-56.4555;9.04343;3098.05;5.43768;0;0;0.1;0.01;0;5.6046;0;0;-1
0;163;37.2071;-5.69461;-54.837;8.57831;2644.2;5.15801;0;0;0.1;0.01;0;5.96686;0;0;-1
0;164;38.4595;8.33251;-55.41;9.23354;3297.56;5.55199;0;0;0.1;0.01;0;6.96378;0;0;-1
0;165;38.8656;25.4353;-54.606;9.85015;4003.29;5.92275;0;0;0.1;0.01;0;6.32599;0;0;-1
0;166;36.7832;46.1507;-56.646;9.17439;3234.6;5.51643;0;0;0.1;0.01;0;5.85514;0;0;-1
0;167;36.3693;60.7348;-54.1174;8.5;2572.44;5.11093;0;0;0.1;0.01;0;4.54009;1;0;-1
0;168;52.8851;-50.961;-56.0572;8.97539;3028.65;5.39677;0;0;0.1;0.01;0;3.28761;0;0;-1
0;169;52.065;-31.0888;-54.1389;9.95776;4135.93;5.98746;0;0;0.1;0.01;0;5.73069;0;0;-1
0;170;52.9087;-15.0667;-54.3823;8.5;2572.44;5.11093;0;0;0.1;0.01;0;5.22984;1;0;-1
0;171;52.2497;0.0403721;-54.3851;9.99184;4178.54;6.00795;0;0;0.1;0.01;0;7.5139;0;0;-1
0;172;51.1921;18.0886;-56.0402;9.0008;3054.44;5.41205;0;0;0.1;0.01;0;6.78959;0;0;-1
0;173;52.9433;34.0768;-55.767;9.24176;3306.38;5.55694;0;0;0.1;0.01;0;5.31043;0;0;-1
0;174;52.6957;55.2593;-56.5032;10.1122;4331.37;6.08032;0;0;0.1;0.01;0;4.26927;0;0;-1
0;175;64.6181;-40.8751;-56.6699;9.03274;3087.07;5.43126;0;0;0.1;0.01;0;2.99404;0;0;-1
0;176;67.2835;-25.0814;-56.1087;9.38578;3463.38;5.64353;0;0;0.1;0.01;0;4.42191;0;0;-1
0;177;67.776;-4.49529;-55.1339;8.5;2572.44;5.11093;0;0;0.1;0.01;0;5.13798;1;0;-1
0;178;65.8317;11.9984;-53.8057;9.54477;3642.38;5.73913;0;0;0.1;0.01;0;5.87324;0;0;-1
0;179;66.0146;26.6488;-55.2841;8.5;2572.44;5.11093;0;0;0.1;0.01;0;3.88887;1;0;-1
0;180;64.7682;46.0615;-54.3191;9.81335;3958.59;5.90062;0;0;0.1;0.01;0;3.39749;0;0;-1
0;181;79.7188;-16.85;-56.7594;10.1836;4423.77;6.12325;0;0;0.1;0.01;0;2.82705;0;0;-1
0;182;82.224;1.11761;-54.4668;8.92226;2975.18;5.36483;0;0;0.1;0.01;0;2.82764;0;0;-1
0;183;-87.5142;-21.663;-40.6267;9.37018;3446.14;5.63415;0;0;0.1;0.01;0;3.14535;0;0;-1
0;184;-84.1194;-8.17306;-40.1232;10.0307;4227.49;6.03131;0;0;0.1;0.01;0;5.21924;0;0;-1
0;185;-86.3107;12.3524;-39.6278;9.63572;3747.5;5.79382;0;0;0.1;0.01;0;4.44016;0;0;-1
0;186;-86.6569;29.3362;-39.2296;9.84885;4001.71;5.92197;0;0;0.1;0.01;0;3.00442;0;0;-1
0;187;-70.1804;-48.0374;-39.6397;8.5;2572.44;5.11093;0;0;0.1;0.01;0;4.05789;1;0;-1
0;188;-72.1218;-33.9452;-41.5628;10.2288;4482.94;6.15043;0;0;0.1;0.01;0;5.02647;0;0;-1
0;189;-71.592;-14.5652;-41.6323;8.5;2572.44;5.11093;0;0;0.1;0.01;0;5.38669;1;0;-1
0;190;-72.6817;3.61661;-40.9315;10.2704;4537.86;6.17544;0;0;0.1;0.01;0;7.38564;0;0;-1
0;191;-70.509;19.0733;-42.0626;9.73679;3866.66;5.85459;0;0;0.1;0.01;0;6.24174;0;0;-1
0;192;-69.9835;37.0794;-42.9197;9.92192;4091.44;5.96591;0;0;0.1;0.01;0;5.68364;0;0;-1
0;193;-72.6587;51.3929;-41.1046;9.59208;3696.81;5.76758;0;0;0.1;0.01;0;3.09291;0;0;-1
0;194;-56.9551;-59.2019;-39.9317;10.3288;4615.71;6.21056;0;0;0.1;0.01;0;5.25015;0;0;-1
0;195;-56.7253;-39.4573;-41.8783;9.50868;3601.22;5.71743;0;0;0.1;0.01;0;6.64128;0;0;-1
0;196;-54.166;-24.6453;-40.9077;9.31218;3382.54;5.59928;0;0;0.1;0.01;0;5.42163;0;0;-1
0;197;-57.4644;-7.32648;-42.0176;10.0834;4294.47;6.063;0;0;0.1;0.01;0;6.99024;0;0;-1
0;198;-55.0631;9.53846;-39.8541;10.2811;4552.05;6.18188;0;0;0.1;0.01;0;6.71374;0;0;-1
0;199;-55.5432;25.8708;-41.5474;9.89022;4052.35;5.94685;0;0;0.1;0.01;0;6.11534;0;0;-1
0;200;-56.971;42.6496;-40.1042;9.6706;3788.34;5.81479;0;0;0.1;0.01;0;6.52691;0;0;-1
0;201;-54.2539;60.4467;-39.5922;9.62047;3729.73;5.78465;0;0;0.1;0.01;0;5.24075;0;0;-1
0;202;-40.5195;-80.6203;-40.9859;8.5;2572.44;5.11093;0;0;0.1;0.01;0;2.97129;1;0;-1
0;203;-41.681;-65.8964;-39.2318;9.46189;3548.32;5.6893;0;0;0.1;0.01;0;6.38192;0;0;-1
0;204;-43.053;-47.5195;-41.7195;8.5;2572.44;5.11093;0;0;0.1;0.01;0;4.90116;1;0;-1
0;205;-42.573;-31.6921;-42.2002;8.64528;2706.61;5.19828;0;0;0.1;0.01;0;5.09658;0;0;-1
0;206;-40.2496;-13.4547;-40.6562;9.60474;3711.47;5.77519;0;0;0.1;0.01;0;6.10396;0;0;-1
0;207;-42.0142;1.94998;-39.9907;9.25091;3316.21;5.56244;0;0;0.1;0.01;0;6.47556;0;0;-1
0;208;-41.7818;19.6607;-42.421;8.59492;2659.59;5.168;0;0;0.1;0.01;0;5.91325;0;0;-1
0;209;-41.4526;34.4595;-41.4128;8.78789;2842.77;5.28403;0;0;0.1;0.01;0;5.64269;0;0;-1
0;210;-40.2712;53.6146;-41.2188;9.53739;3633.94;5.73469;0;0;0.1;0.01;0;7.0721;0;0;-1
0;211;-40.8062;68.4791;-42.1351;10.3601;4657.8;6.22938;0;0;0.1;0.01;0;6.08027;0;0;-1
0;212;-27.6613;-72.9656;-42.8762;9.39388;3472.35;5.6484;0;0;0.1;0.01;0;6.10724;0;0;-1
0;213;-28.1454;-57.731;-40.4588;10.4418;4768.86;6.2785;0;0;0.1;0.01;0;7.09397;0;0;-1
0;214;-25.2997;-38.5063;-42.3656;9.23225;3296.18;5.55122;0;0;0.1;0.01;0;5.32748;0;0;-1
0;215;-25.0096;-22.3774;-39.8167;9.9908;4177.24;6.00732;0;0;0.1;0.01;0;6.38972;0;0;-1
0;216;-24.7489;-5.17855;-40.6546;8.87426;2927.42;5.33596;0;0;0.1;0.01;0;5.61493;0;0;-1
0;217;-25.4478;9.7584;-41.0458;8.5;2572.44;5.11093;0;0;0.1;0.01;0;4.04135;1;0;-1
0;218;-28.1751;27.0151;-42.0176;9.3773;3454;5.63843;0;0;0.1;0.01;0;5.49003;0;0;-1
0;219;-27.2172;44.1209;-42.1011;9.59228;3697.04;5.7677;0;0;0.1;0.01;0;6.10605;0;0;-1
0;220;-27.5559;60.5353;-40.7624;9.41372;3494.4;5.66033;0;0;0.1;0.01;0;7.06699;0;0;-1
0;221;-25.0129;77.1716;-42.0762;9.57316;3674.98;5.7562;0;0;0.1;0.01;0;5.24552;0;0;-1
0;222;-12.9887;-83.142;-42.1646;8.61093;2674.48;5.17763;0;0;0.1;0.01;0;4.03829;0;0;-1
0;223;-12.9511;-67.6048;-39.7396;10.0617;4266.8;6.04995;0;0;0.1;0.01;0;6.69629;0;0;-1
0;224;-12.3928;-49.3809;-41.8361;9.18212;3242.78;5.52108;0;0;0.1;0.01;0;5.31813;0;0;-1
0;225;-9.78793;-33.327;-39.8335;9.50911;3601.71;5.71769;0;0;0.1;0.01;0;6.11716;0;0;-1
0;226;-13.0722;-15.5116;-40.7606;8.69144;2750.2;5.22604;0;0;0.1;0.01;0;6.37386;0;0;-1
0;227;-11.066;0.253244;-41.4473;8.66025;2720.7;5.20728;0;0;0.1;0.01;0;5.45413;0;0;-1
0;228;-12.5368;20.0307;-39.3437;9.95302;4130.03;5.98461;0;0;0.1;0.01;0;6.16058;0;0;-1
0;229;-9.96132;34.3136;-39.7675;8.5;2572.44;5.11093;0;0;0.1;0.01;0;6.08757;1;0;-1
0;230;-11.5622;52.964;-39.3571;10.1789;4417.65;6.12042;0;0;0.1;0.01;0;6.47199;0;0;-1
0;231;-11.0997;70.7587;-40.0405;9.43087;3513.53;5.67065;0;0;0.1;0.01;0;5.57733;0;0;-1
0;232;-9.78735;87.1019;-39.9641;8.5;2572.44;5.11093;0;0;0.1;0.01;0;2.38734;1;0;-1
0;233;2.81771;-89.5404;-42.0471;9.11671;3173.97;5.48175;0;0;0.1;0.01;0;2.88362;0;0;-1
0;234;4.67845;-74.9298;-41.1622;8.55271;2620.59;5.14262;0;0;0.1;0.01;0;5.17773;0;0;-1
0;235;2.01422;-59.7586;-39.3772;9.47364;3561.55;5.69636;0;0;0.1;0.01;0;5.41935;0;0;-1
0;236;3.62987;-40.766;-39.7996;8.5;2572.44;5.11093;0;0;0.1;0.01;0;4.8499;1;0;-1
0;237;4.67187;-25.28;-39.5108;9.5216;3615.92;5.7252;0;0;0.1;0.01;0;6.13763;0;0;-1
0;238;1.23389;-8.07913;-42.4282;10.2613;4525.8;6.16997;0;0;0.1;0.01;0;6.2674;0;0;-1
0;239;3.21266;10.4494;-41.0102;8.61838;2681.42;5.18211;0;0;0.1;0.01;0;4.36881;0;0;-1
0;240;4.07657;27.1881;-39.4786;8.90471;2957.66;5.35427;0;0;0.1;0.01;0;6.72686;0;0;-1
0;241;1.22622;43.0331;-40.2752;10.0973;4312.25;6.07136;0;0;0.1;0.01;0;7.97749;0;0;-1
0;242;1.52003;60.6194;-40.9767;8.5;2572.44;5.11093;0;0;0.1;0.01;0;5.3618;1;0;-1
0;243;3.9556;76.3829;-41.0733;9.14274;3201.24;5.4974;0;0;0.1;0.01;0;5.2649;0;0;-1
0;244;17.6729;-82.3267;-42.0964;8.5;2572.44;5.11093;0;0;0.1;0.01;0;3.29266;1;0;-1
0;245;18.2158;-65.4545;-39.2914;10.2625;4527.39;6.17069;0;0;0.1;0.01;0;5.88456;0;0;-1
0;246;17.9166;-46.4579;-40.8036;8.89095;2943.97;5.346;0;0;0.1;0.01;0;5.26796;0;0;-1
0;247;17.837;-31.76;-41.1525;8.5;2572.44;5.11093;0;0;0.1;0.01;0;5.83778;1;0;-1
0;248;19.0971;-15.4952;-41.7747;9.48375;3572.97;5.70244;0;0;0.1;0.01;0;5.92301;0;0;-1
0;249;19.7524;1.94186;-42.1554;9.10927;3166.21;5.47727;0;0;0.1;0.01;0;4.69095;0;0;-1
0;250;17.6654;17.7344;-40.5191;9.27102;3337.88;5.57453;0;0;0.1;0.01;0;5.59856;0;0;-1
0;251;19.0268;36.7161;-42.8396;9.9124;4079.67;5.96018;0;0;0.1;0.01;0;7.63475;0;0;-1
0;252;16.7952;52.0124;-39.6903;10.0976;4312.64;6.07154;0;0;0.1;0.01;0;7.44134;0;0;-1
0;253;18.7621;68.4663;-41.1951;10.3155;4597.9;6.20256;0;0;0.1;0.01;0;5.94051;0;0;-1
0;254;16.4123;87.42;-41.1301;10.0767;4285.92;6.05897;0;0;0.1;0.01;0;3.14547;0;0;-1
0;255;32.9531;-75.6325;-42.5035;8.64912;2710.22;5.20059;0;0;0.1;0.01;0;2.25189;0;0;-1
0;256;30.5624;-56.4914;-40.5219;9.0958;3152.18;5.46917;0;0;0.1;0.01;0;6.27862;0;0;-1
0;257;33.7158;-41.1825;-40.4667;10.005;4195.08;6.01586;0;0;0.1;0.01;0;7.65304;0;0;-1
0;258;32.7752;-25.2885;-41.5686;10.1242;4346.81;6.08753;0;0;0.1;0.01;0;7.40528;0;0;-1
0;259;33.7401;-8.05065;-42.0322;8.5;2572.44;5.11093;0;0;0.1;0.01;0;4.72405;1;0;-1
0;260;33.8446;10.0363;-42.2909;8.5;2572.44;5.11093;0;0;0.1;0.01;0;5.10162;1;0;-1
0;261;33.8457;29.5208;-39.8812;8.93213;2985.06;5.37076;0;0;0.1;0.01;0;6.03484;0;0;-1
0;262;32.9458;46.1541;-39.4204;10.038;4236.72;6.0357;0;0;0.1;0.01;0;7.76809;0;0;-1
0;263;33.9182;60.0866;-39.7047;9.38769;3465.49;5.64468;0;0;0.1;0.01;0;6.20803;0;0;-1
0;264;33.5519;79.8391;-40.4297;8.95437;3007.42;5.38413;0;0;0.1;0.01;0;2.74409;0;0;-1
0;265;47.826;-65.2762;-41.6081;8.94443;2997.41;5.37816;0;0;0.1;0.01;0;2.46581;0;0;-1
0;266;47.142;-47.7047;-39.9468;9.52788;3623.08;5.72898;0;0;0.1;0.01;0;5.80353;0;0;-1
0;267;47.7637;-30.2402;-39.2225;10.3176;4600.71;6.20382;0;0;0.1;0.01;0;7.65905;0;0;-1
0;268;46.7917;-14.9411;-42.5839;10.067;4273.55;6.05314;0;0;0.1;0.01;0;7.77886;0;0;-1
0;269;46.0835;2.87685;-42.1865;8.5;2572.44;5.11093;0;0;0.1;0.01;0;6.20004;1;0;-1
0;270;47.7564;16.8723;-43.0394;10.1627;4396.59;6.11068;0;0;0.1;0.01;0;7.43813;0;0;-1
0;271;46.8468;37.9674;-41.0953;9.52653;3621.54;5.72816;0;0;0.1;0.01;0;6.19186;0;0;-1
0;272;46.703;52.1398;-42.8728;9.67637;3795.12;5.81826;0;0;0.1;0.01;0;6.60543;0;0;-1
0;273;46.8338;69.2599;-39.8962;9.92643;4097.02;5.96862;0;0;0.1;0.01;0;4.49835;0;0;-1
0;274;60.3736;-55.3646;-39.329;9.8308;3979.74;5.91112;0;0;0.1;0.01;0;4.74598;0;0;-1
0;275;63.9914;-41.6937;-39.8219;8.94562;2998.61;5.37887;0;0;0.1;0.01;0;4.28124;0;0;-1
0;276;61.2088;-23.3541;-39.8346;8.55006;2618.16;5.14103;0;0;0.1;0.01;0;5.54314;0;0;-1
0;277;63.4158;-7.79531;-42.3315;9.67674;3795.56;5.81848;0;0;0.1;0.01;0;6.80265;0;0;-1
0;278;63.6004;8.22819;-39.4684;10.0114;4203.13;6.01971;0;0;0.1;0.01;0;6.56005;0;0;-1
0;279;63.0228;26.1914;-42.2771;10.0357;4233.81;6.03432;0;0;0.1;0.01;0;6.0746;0;0;-1
0;280;61.5503;42.1359;-41.1951;8.88075;2933.85;5.33987;0;0;0.1;0.01;0;5.08252;0;0;-1
0;281;61.9971;60.4258;-42.462;9.23144;3295.32;5.55073;0;0;0.1;0.01;0;3.67665;0;0;-1
0;282;74.9458;-32.4944;-43.1739;9.0112;3065.04;5.4183;0;0;0.1;0.01;0;3.21728;0;0;-1
0;283;77.7445;-14.9974;-41.1222;8.62851;2690.89;5.1882;0;0;0.1;0.01;0;4.46556;0;0;-1
0;284;76.329;-0.0857331;-41.4704;10.2851;4557.37;6.18428;0;0;0.1;0.01;0;6.87659;0;0;-1
0;285;78.7403;19.726;-42.8185;8.99017;3043.63;5.40566;0;0;0.1;0.01;0;3.33162;0;0;-1
0;286;76.5321;34.337;-41.9443;9.23964;3304.1;5.55566;0;0;0.1;0.01;0;3.54254;0;0;-1
0;287;90.516;-4.55885;-40.5325;8.7003;2758.62;5.23136;0;0;0.1;0.01;0;2.23253;0;0;-1
0;288;-95.1308;-13.5098;-24.7011;8.77145;2826.85;5.27415;0;0;0.1;0.01;0;3.17488;0;0;-1
0;289;-95.6317;1.25004;-26.0995;9.92316;4092.97;5.96665;0;0;0.1;0.01;0;3.87596;0;0;-1
0;290;-80.8692;-41.4993;-24.6628;9.90428;4069.65;5.9553;0;0;0.1;0.01;0;2.88674;0;0;-1
0;291;-81.7941;-23.4386;-27.3419;9.5595;3659.27;5.74799;0;0;0.1;0.01;0;3.86522;0;0;-1
0;292;-78.9084;-4.65633;-26.4871;10.0423;4242.17;6.03829;0;0;0.1;0.01;0;5.5909;0;0;-1
0;293;-82.5747;10.9692;-26.4508;10.1274;4350.93;6.08946;0;0;0.1;0.01;0;6.28598;0;0;-1
0;294;-82.4138;27.6795;-25.1433;10.0349;4232.8;6.03384;0;0;0.1;0.01;0;5.02744;0;0;-1
0;295;-80.4054;44.562;-28.116;9.88358;4044.19;5.94285;0;0;0.1;0.01;0;3.28403;0;0;-1
0;296;-64.0799;-67.8788;-26.0002;8.5;2572.44;5.11093;0;0;0.1;0.01;0;2.51795;1;0;-1
0;297;-64.3774;-48.9939;-26.1286;8.77835;2833.53;5.27829;0;0;0.1;0.01;0;4.35854;0;0;-1
0;298;-64.5306;-31.2644;-25.4565;9.74862;3880.77;5.8617;0;0;0.1;0.01;0;5.46806;0;0;-1
0;299;-64.4881;-12.8936;-26.9941;9.28066;3348.31;5.58033;0;0;0.1;0.01;0;5.55765;0;0;-1
0;300;-66.0785;4.44311;-26.0306;8.5;2572.44;5.11093;0;0;0.1;0.01;0;5.93869;1;0;-1
0;301;-65.4704;20.216;-26.9285;8.59094;2655.89;5.16561;0;0;0.1;0.01;0;5.71355;0;0;-1
0;302;-64.6873;35.2179;-27.1738;10.0497;4251.56;6.04274;0;0;0.1;0.01;0;6.31023;0;0;-1
0;303;-64.55;50.9162;-26.2268;9.27992;3347.51;5.57988;0;0;0.1;0.01;0;5.75042;0;0;-1
0;304;-66.6789;68.666;-26.7114;9.4554;3541.02;5.68539;0;0;0.1;0.01;0;2.15092;0;0;-1
0;305;-49.7078;-72.5015;-27.7895;8.99661;3050.18;5.40953;0;0;0.1;0.01;0;5.22892;0;0;-1
0;306;-49.6171;-58.1762;-26.2903;9.25063;3315.91;5.56227;0;0;0.1;0.01;0;6.29385;0;0;-1
0;307;-51.5418;-39.7136;-26.346;9.3425;3415.69;5.61751;0;0;0.1;0.01;0;6.00918;0;0;-1
0;308;-52.4112;-23.1189;-27.5526;9.77632;3913.95;5.87836;0;0;0.1;0.01;0;6.55523;0;0;-1
0;309;-50.4831;-7.03494;-27.809;9.73264;3861.72;5.8521;0;0;0.1;0.01;0;6.60873;0;0;-1
0;310;-53.0191;8.6519;-26.3234;8.9409;2993.87;5.37603;0;0;0.1;0.01;0;5.48767;0;0;-1
0;311;-51.1147;26.7889;-24.4746;9.14375;3202.3;5.498;0;0;0.1;0.01;0;5.57815;0;0;-1
0;312;-49.9894;45.511;-24.876;9.78011;3918.5;5.88064;0;0;0.1;0.01;0;7.33764;0;0;-1
0;313;-50.6683;62.4877;-25.5764;8.75947;2815.28;5.26694;0;0;0.1;0.01;0;6.08491;0;0;-1
0;314;-51.7898;78.4805;-28.263;8.72318;2780.44;5.24512;0;0;0.1;0.01;0;2.65378;0;0;-1
0;315;-36.4323;-82.1743;-26.5195;10.3133;4594.96;6.20124;0;0;0.1;0.01;0;6.19498;0;0;-1
0;316;-34.9825;-67.3055;-26.8063;8.88636;2939.41;5.34324;0;0;0.1;0.01;0;6.99016;0;0;-1
0;317;-38.3683;-47.1075;-27.1492;10.1598;4392.83;6.10894;0;0;0.1;0.01;0;5.71322;0;0;-1
0;318;-36.0593;-30.0855;-26.0752;9.32899;3400.89;5.60939;0;0;0.1;0.01;0;6.11582;0;0;-1
0;319;-34.6362;-13.7594;-26.804;8.77558;2830.85;5.27663;0;0;0.1;0.01;0;5.01473;0;0;-1
0;320;-36.5885;4.31572;-27.4477;8.5;2572.44;5.11093;0;0;0.1;0.01;0;4.19319;1;0;-1
0;321;-38.3563;18.546;-27.4776;9.50184;3593.45;5.71332;0;0;0.1;0.01;0;5.45314;0;0;-1
0;322;-38.2454;34.5894;-25.1795;8.5;2572.44;5.11093;0;0;0.1;0.01;0;5.50115;1;0;-1
0;323;-37.6463;52.2741;-27.8648;9.223;3286.29;5.54566;0;0;0.1;0.01;0;6.07392;0;0;-1
0;324;-38.2099;67.7248;-25.7622;8.5;2572.44;5.11093;0;0;0.1;0.01;0;4.48671;1;0;-1
0;325;-35.539;85.8446;-24.9503;10.2803;4550.99;6.1814;0;0;0.1;0.01;0;3.74793;0;0;-1
0;326;-21.7846;-90.7762;-25.2871;10.3383;4628.45;6.21627;0;0;0.1;0.01;0;3.98871;0;0;-1
0;327;-20.5818;-73.0898;-27.0226;10.1729;4409.84;6.11682;0;0;0.1;0.01;0;8.27829;0;0;-1
0;328;-20.3444;-59.1596;-26.3095;9.74517;3876.65;5.85963;0;0;0.1;0.01;0;7.26753;0;0;-1
0;329;-22.0185;-40.5874;-26.6571;8.61701;2680.15;5.18128;0;0;0.1;0.01;0;4.98796;0;0;-1
0;330;-21.3616;-21.1076;-24.9747;10.094;4308.03;6.06938;0;0;0.1;0.01;0;6.84199;0;0;-1
0;331;-19.7208;-5.48438;-28.0843;8.5;2572.44;5.11093;0;0;0.1;0.01;0;4.64981;1;0;-1
0;332;-21.3089;11.8091;-25.7719;8.5;2572.44;5.11093;0;0;0.1;0.01;0;4.00167;1;0;-1
0;333;-22.7743;28.7636;-27.788;8.64731;2708.52;5.1995;0;0;0.1;0.01;0;5.10169;0;0;-1
0;334;-21.2686;44.7716;-27.877;9.74786;3879.86;5.86125;0;0;0.1;0.01;0;5.84401;0;0;-1
0;335;-21.6914;62.1753;-26.615;9.66986;3787.47;5.81435;0;0;0.1;0.01;0;6.34062;0;0;-1
0;336;-22.8436;78.757;-27.9085;9.43208;3514.88;5.67137;0;0;0.1;0.01;0;5.63119;0;0;-1
0;337;-5.93955;-81.2672;-28.6471;9.37792;3454.68;5.63881;0;0;0.1;0.01;0;6.09474;0;0;-1
0;338;-7.90882;-66.6035;-26.3332;9.47884;3567.42;5.69949;0;0;0.1;0.01;0;6.68994;0;0;-1
0;339;-8.5614;-48.5916;-24.3823;9.13807;3196.33;5.49459;0;0;0.1;0.01;0;5.18633;0;0;-1
0;340;-8.20335;-29.692;-25.5434;8.77274;2828.1;5.27492;0;0;0.1;0.01;0;5.56681;0;0;-1
0;341;-6.01157;-13.3249;-27.815;9.41095;3491.31;5.65867;0;0;0.1;0.01;0;6.59847;0;0;-1
0;342;-5.49322;1.92741;-27.6431;8.53399;2603.42;5.13136;0;0;0.1;0.01;0;5.70965;0;0;-1
0;343;-6.60745;21.1277;-25.6292;9.60397;3710.57;5.77473;0;0;0.1;0.01;0;6.6986;0;0;-1
0;344;-7.09352;35.4086;-27.1002;9.34522;3418.67;5.61915;0;0;0.1;0.01;0;7.48394;0;0;-1
0;345;-7.93019;51.5119;-26.0278;8.65073;2711.73;5.20156;0;0;0.1;0.01;0;5.61187;0;0;-1
0;346;-9.34546;72.1634;-24.4917;8.6207;2683.59;5.1835;0;0;0.1;0.01;0;5.03812;0;0;-1
0;347;-9.09756;88.2394;-25.6671;8.64271;2704.2;5.19674;0;0;0.1;0.01;0;3.97075;0;0;-1
0;348;9.34785;-90.4748;-25.4125;10.3115;4592.55;6.20016;0;0;0.1;0.01;0;4.27677;0;0;-1
0;349;6.59603;-75.7926;-25.3213;9.7822;3921.01;5.88189;0;0;0.1;0.01;0;6.67521;0;0;-1
0;350;9.44331;-58.6605;-25.7676;9.33001;3402;5.61;0;0;0.1;0.01;0;5.80857;0;0;-1
0;351;5.7293;-40.0313;-25.3947;9.62018;3729.39;5.78447;0;0;0.1;0.01;0;6.0995;0;0;-1
0;352;8.26603;-25.5235;-26.5897;8.72878;2785.8;5.24849;0;0;0.1;0.01;0;5.86129;0;0;-1
0;353;9.02205;-8.7663;-27.6938;10.2426;4501.11;6.15873;0;0;0.1;0.01;0;6.79749;0;0;-1
0;354;5.51766;9.93444;-25.5109;9.14542;3204.05;5.49901;0;0;0.1;0.01;0;4.58312;0;0;-1
0;355;9.43617;29.3302;-27.6615;10.081;4291.4;6.06156;0;0;0.1;0.01;0;6.86143;0;0;-1
0;356;6.25312;44.0459;-25.2403;10.3766;4680.09;6.2393;0;0;0.1;0.01;0;7.20089;0;0;-1
0;357;6.87013;63.4098;-24.6181;10.1832;4423.25;6.12301;0;0;0.1;0.01;0;6.80695;0;0;-1
0;358;5.89512;78.2846;-28.0062;9.05381;3108.73;5.44392;0;0;0.1;0.01;0;5.55707;0;0;-1
0;359;8.24564;95.6183;-26.847;10.0208;4214.98;6.02536;0;0;0.1;0.01;0;2.99561;0;0;-1
0;360;22.5757;-82.368;-25.2133;9.14669;3205.39;5.49977;0;0;0.1;0.01;0;4.65841;0;0;-1
0;361;23.7008;-65.8974;-25.4728;9.51617;3609.73;5.72193;0;0;0.1;0.01;0;5.4386;0;0;-1
0;362;23.2768;-47.2927;-27.4343;10.114;4333.69;6.0814;0;0;0.1;0.01;0;6.25945;0;0;-1
0;363;22.7906;-31.7618;-26.0448;9.7203;3847.05;5.84468;0;0;0.1;0.01;0;6.89817;0;0;-1
0;364;22.1304;-16.0925;-25.5871;10.0142;4206.66;6.02139;0;0;0.1;0.01;0;6.73036;0;0;-1
0;365;22.3182;1.01422;-26.8025;9.03568;3090.09;5.43302;0;0;0.1;0.01;0;5.17194;0;0;-1
0;366;23.3881;18.1884;-28.0144;9.62583;3735.97;5.78787;0;0;0.1;0.01;0;6.25468;0;0;-1
0;367;23.2503;34.9353;-27.5182;9.48752;3577.23;5.70471;0;0;0.1;0.01;0;7.42048;0;0;-1
0;368;20.5934;51.1115;-24.5172;9.78732;3927.17;5.88497;0;0;0.1;0.01;0;6.262;0;0;-1
0;369;20.2891;69.1523;-26.9539;9.41126;3491.66;5.65885;0;0;0.1;0.01;0;5.36219;0;0;-1
0;370;23.3623;84.5732;-24.8041;9.48309;3572.22;5.70204;0;0;0.1;0.01;0;4.8986;0;0;-1
0;371;38.0635;-75.9953;-27.1044;9.08221;3138.07;5.461;0;0;0.1;0.01;0;3.94066;0;0;-1
0;372;35.2279;-56.9184;-27.0365;8.68961;2748.46;5.22494;0;0;0.1;0.01;0;5.60686;0;0;-1
0;373;37.5324;-39.9439;-26.8241;9.92192;4091.44;5.96591;0;0;0.1;0.01;0;7.96765;0;0;-1
0;374;37.691;-23.1675;-27.688;9.98008;4163.81;6.00088;0;0;0.1;0.01;0;7.5915;0;0;-1
0;375;37.4574;-7.20954;-24.8357;9.68117;3800.77;5.82115;0;0;0.1;0.01;0;6.57108;0;0;-1
0;376;35.1315;8.91613;-26.7899;8.8148;2868.97;5.30021;0;0;0.1;0.01;0;5.30914;0;0;-1
0;377;37.2267;25.3876;-24.7125;9.96675;4147.15;5.99286;0;0;0.1;0.01;0;6.87998;0;0;-1
0;378;37.0128;42.1364;-27.0978;9.84583;3998.03;5.92015;0;0;0.1;0.01;0;6.57867;0;0;-1
0;379;38.4515;63.6756;-24.9036;8.5;2572.44;5.11093;0;0;0.1;0.01;0;4.58559;1;0;-1
0;380;36.7505;78.8085;-24.879;8.5;2572.44;5.11093;0;0;0.1;0.01;0;4.35245;1;0;-1
0;381;50.4389;-66.6517;-24.7845;10.2137;4463.11;6.14135;0;0;0.1;0.01;0;5.56997;0;0;-1
0;382;49.965;-50.7706;-25.2904;10.1728;4409.71;6.11676;0;0;0.1;0.01;0;6.85266;0;0;-1
0;383;50.0727;-33.4192;-25.0327;8.55599;2623.61;5.14459;0;0;0.1;0.01;0;5.20295;0;0;-1
0;384;52.7124;-15.5609;-26.8603;9.21838;3281.35;5.54288;0;0;0.1;0.01;0;6.25867;0;0;-1
0;385;51.8205;1.73572;-28.3336;10.0155;4208.3;6.02217;0;0;0.1;0.01;0;7.16866;0;0;-1
0;386;50.106;17.7946;-28.5166;9.04577;3100.45;5.43909;0;0;0.1;0.01;0;6.16703;0;0;-1
0;387;50.3048;34.8909;-25.0668;9.38364;3461.01;5.64225;0;0;0.1;0.01;0;5.57622;0;0;-1
0;388;52.9803;54.7698;-24.6929;8.65695;2717.59;5.2053;0;0;0.1;0.01;0;4.39752;0;0;-1
0;389;52.2034;72.6216;-26.9416;9.78828;3928.33;5.88555;0;0;0.1;0.01;0;4.37933;0;0;-1
0;390;66.3602;-59.2035;-27.6383;8.99162;3045.11;5.40653;0;0;0.1;0.01;0;4.1329;0;0;-1
0;391;66.6344;-42.2256;-25.0367;8.84857;2902.07;5.32052;0;0;0.1;0.01;0;5.48496;0;0;-1
0;392;67.4846;-23.2443;-24.8719;10.3678;4668.19;6.23401;0;0;0.1;0.01;0;6.5365;0;0;-1
0;393;65.5563;-5.6002;-26.9223;8.9529;3005.94;5.38325;0;0;0.1;0.01;0;6.8394;0;0;-1
0;394;66.5822;9.45587;-25.0943;9.2484;3313.51;5.56093;0;0;0.1;0.01;0;5.82218;0;0;-1
0;395;64.8735;25.4105;-25.6025;9.8348;3984.6;5.91352;0;0;0.1;0.01;0;4.80906;0;0;-1
0;396;66.3811;46.5054;-25.9022;10.0347;4232.55;6.03372;0;0;0.1;0.01;0;5.81665;0;0;-1
0;397;65.0704;62.2783;-27.5185;10.0508;4252.95;6.0434;0;0;0.1;0.01;0;4.96947;0;0;-1
0;398;79.4157;-51.2631;-25.8195;10.1042;4321.1;6.07551;0;0;0.1;0.01;0;2.17839;0;0;-1
0;399;81.8802;-34.2049;-24.8278;10.2512;4512.45;6.1639;0;0;0.1;0.01;0;3.41476;0;0;-1
0;400;80.7525;-16.8123;-25.3533;8.88357;2936.64;5.34156;0;0;0.1;0.01;0;4.46735;0;0;-1
0;401;79.797;-0.230205;-26.2403;9.30496;3374.68;5.59494;0;0;0.1;0.01;0;4.87264;0;0;-1
0;402;83.2174;17.793;-25.2689;9.79833;3940.44;5.89159;0;0;0.1;0.01;0;4.14595;0;0;-1
0;403;79.0967;33.7664;-27.9957;8.5;2572.44;5.11093;0;0;0.1;0.01;0;3.36602;1;0;-1
0;404;79.3734;54.6234;-26.5407;10.3516;4646.34;6.22427;0;0;0.1;0.01;0;2.70776;0;0;-1
0;405;-98.442;0.962222;-11.8077;10.2755;4544.62;6.17851;0;0;0.1;0.01;0;3.70369;0;0;-1
0;406;-84.2841;-42.0869;-11.2531;9.08598;3141.98;5.46327;0;0;0.1;0.01;0;3.46751;0;0;-1
0;407;-84.3749;-23.5384;-10.304;10.4098;4725.15;6.25926;0;0;0.1;0.01;0;5.70434;0;0;-1
0;408;-85.2161;-7.13375;-12.4868;8.91246;2965.39;5.35893;0;0;0.1;0.01;0;5.26751;0;0;-1
0;409;-83.3476;11.6467;-11.932;10.149;4378.83;6.10245;0;0;0.1;0.01;0;5.92268;0;0;-1
0;410;-84.8137;29.1415;-12.4312;8.5;2572.44;5.11093;0;0;0.1;0.01;0;4.13041;1;0;-1
0;411;-84.0318;42.4985;-11.3184;9.39125;3469.44;5.64682;0;0;0.1;0.01;0;4.12703;0;0;-1
0;412;-70.8109;-68.4416;-10.066;8.78734;2842.24;5.2837;0;0;0.1;0.01;0;2.13485;0;0;-1
0;413;-69.229;-49.2669;-11.9968;9.51949;3613.51;5.72393;0;0;0.1;0.01;0;4.76795;0;0;-1
0;414;-69.8926;-32.5561;-10.137;9.37135;3447.43;5.63486;0;0;0.1;0.01;0;6.79701;0;0;-1
0;415;-72.1642;-15.7396;-11.6944;9.40543;3485.17;5.65535;0;0;0.1;0.01;0;6.58734;0;0;-1
0;416;-70.799;3.17418;-10.3097;8.76929;2824.76;5.27285;0;0;0.1;0.01;0;6.0713;0;0;-1
0;417;-68.3548;17.3754;-12.951;8.58719;2652.42;5.16335;0;0;0.1;0.01;0;4.93291;0;0;-1
0;418;-69.493;36.4704;-11.9851;9.59908;3704.91;5.77179;0;0;0.1;0.01;0;6.34104;0;0;-1
0;419;-71.921;53.7825;-13.023;8.9755;3028.76;5.39684;0;0;0.1;0.01;0;4.41683;0;0;-1
0;420;-54.2887;-75.1335;-9.72324;8.85847;2911.82;5.32647;0;0;0.1;0.01;0;3.81406;0;0;-1
0;421;-56.6182;-58.2372;-12.3462;9.39962;3478.72;5.65186;0;0;0.1;0.01;0;5.38476;0;0;-1
0;422;-57.3304;-39.2028;-10.321;8.57706;2643.04;5.15726;0;0;0.1;0.01;0;5.56585;0;0;-1
0;423;-57.313;-23.9563;-11.8625;8.5;2572.44;5.11093;0;0;0.1;0.01;0;5.49292;1;0;-1
0;424;-55.2355;-7.21862;-11.8098;9.00601;3059.75;5.41518;0;0;0.1;0.01;0;5.50035;0;0;-1
0;425;-54.3051;8.60048;-12.5424;10.0595;4264.01;6.04863;0;0;0.1;0.01;0;5.98802;0;0;-1
0;426;-57.3394;29.7672;-12.8145;8.5;2572.44;5.11093;0;0;0.1;0.01;0;5.6383;1;0;-1
0;427;-55.1129;44.718;-11.8326;9.28257;3350.37;5.58147;0;0;0.1;0.01;0;6.85542;0;0;-1
0;428;-57.9506;60.0326;-10.6889;9.74725;3879.14;5.86088;0;0;0.1;0.01;0;5.4487;0;0;-1
0;429;-42.7865;-83.6454;-13.2549;10.0889;4301.5;6.06631;0;0;0.1;0.01;0;4.25669;0;0;-1
0;430;-39.3559;-64.6252;-11.5702;9.79525;3936.73;5.88974;0;0;0.1;0.01;0;5.6084;0;0;-1
0;431;-41.0523;-49.3507;-10.6954;8.52157;2592.07;5.1239;0;0;0.1;0.01;0;5.07782;0;0;-1
0;432;-41.2224;-32.6065;-12.3615;9.80366;3946.87;5.8948;0;0;0.1;0.01;0;6.13933;0;0;-1
0;433;-42.0823;-14.3488;-13.5201;10.014;4206.41;6.02127;0;0;0.1;0.01;0;6.08354;0;0;-1
0;434;-40.9209;3.07116;-10.7859;9.48602;3575.53;5.70381;0;0;0.1;0.01;0;5.76914;0;0;-1
0;435;-39.4029;20.0887;-11.2121;10.0097;4200.99;6.01869;0;0;0.1;0.01;0;6.27685;0;0;-1
0;436;-42.1279;36.9023;-13.171;9.33057;3402.62;5.61034;0;0;0.1;0.01;0;7.19952;0;0;-1
0;437;-42.6493;52.2141;-12.6208;8.5;2572.44;5.11093;0;0;0.1;0.01;0;5.0514;1;0;-1
0;438;-43.0035;70.686;-12.5514;8.74544;2801.78;5.25851;0;0;0.1;0.01;0;4.72186;0;0;-1
0;439;-43.2536;85.1302;-13.3382;8.5;2572.44;5.11093;0;0;0.1;0.01;0;3.42559;1;0;-1
0;440;-27.9003;-93.1809;-13.0846;9.62079;3730.1;5.78484;0;0;0.1;0.01;0;4.31828;0;0;-1
0;441;-28.146;-76.8698;-13.0033;10.1441;4372.49;6.0995;0;0;0.1;0.01;0;7.05527;0;0;-1
0;442;-24.6952;-56.5757;-12.2851;10.3899;4698.1;6.2473;0;0;0.1;0.01;0;7.30666;0;0;-1
0;443;-27.3675;-41.7561;-10.1894;10.4383;4764.07;6.2764;0;0;0.1;0.01;0;7.63213;0;0;-1
0;444;-26.6298;-22.2835;-11.8655;10.2193;4470.46;6.14472;0;0;0.1;0.01;0;6.64782;0;0;-1
0;445;-24.9567;-7.30898;-10.3235;8.54228;2611.02;5.13635;0;0;0.1;0.01;0;4.69843;0;0;-1
0;446;-25.1403;9.14631;-10.2579;9.43114;3513.83;5.67081;0;0;0.1;0.01;0;5.17385;0;0;-1
0;447;-27.4311;28.4656;-10.5831;10.2555;4518.13;6.16648;0;0;0.1;0.01;0;6.15091;0;0;-1
0;448;-28.3082;42.9579;-10.7783;9.06343;3118.65;5.44971;0;0;0.1;0.01;0;5.62775;0;0;-1
0;449;-24.4436;59.0658;-12.8512;8.80537;2859.77;5.29454;0;0;0.1;0.01;0;4.53569;0;0;-1
0;450;-24.772;77.7014;-12.2483;9.85517;4009.41;5.92577;0;0;0.1;0.01;0;6.45233;0;0;-1
0;451;-24.8592;94.6721;-14.0155;10.1999;4445.05;6.13305;0;0;0.1;0.01;0;3.54496;0;0;-1
0;452;-13.5476;-83.3096;-11.0892;8.5;2572.44;5.11093;0;0;0.1;0.01;0;4.45441;1;0;-1
0;453;-12.7733;-65.4531;-13.2524;8.5;2572.44;5.11093;0;0;0.1;0.01;0;5.52646;1;0;-1
0;454;-12.6935;-48.4361;-9.71053;9.49539;3586.14;5.70944;0;0;0.1;0.01;0;6.60708;0;0;-1
0;455;-11.4432;-32.3649;-11.7599;10.4018;4714.27;6.25445;0;0;0.1;0.01;0;7.25796;0;0;-1
0;456;-10.3965;-14.2732;-10.7251;8.5;2572.44;5.11093;0;0;0.1;0.01;0;6.0604;1;0;-1
0;457;-10.716;0.961688;-11.6024;10.2021;4447.92;6.13437;0;0;0.1;0.01;0;7.15955;0;0;-1
0;458;-10.7322;16.9704;-11.6236;9.08701;3143.05;5.46389;0;0;0.1;0.01;0;5.76827;0;0;-1
0;459;-11.5928;34.2455;-12.5389;8.56015;2627.44;5.14709;0;0;0.1;0.01;0;4.61885;0;0;-1
0;460;-10.3558;50.9688;-10.6102;8.54843;2616.66;5.14005;0;0;0.1;0.01;0;5.2213;0;0;-1
0;461;-10.5249;67.4195;-11.632;9.0735;3129.05;5.45576;0;0;0.1;0.01;0;5.91012;0;0;-1
0;462;-11.6987;87.2588;-12.4361;8.5;2572.44;5.11093;0;0;0.1;0.01;0;4.79285;1;0;-1
0;463;4.39187;-91.5475;-10.5887;8.69412;2752.74;5.22765;0;0;0.1;0.01;0;3.76624;0;0;-1
0;464;1.54449;-75.9901;-12.1274;8.5;2572.44;5.11093;0;0;0.1;0.01;0;5.49111;1;0;-1
0;465;1.34457;-59.4786;-12.8591;8.86284;2916.13;5.3291;0;0;0.1;0.01;0;6.062;0;0;-1
0;466;1.68125;-41.2609;-12.625;9.63019;3741.05;5.79049;0;0;0.1;0.01;0;6.53574;0;0;-1
0;467;1.26525;-21.5681;-10.4633;9.21799;3280.93;5.54264;0;0;0.1;0.01;0;6.60849;0;0;-1
0;468;1.5965;-7.44795;-12.1265;8.63646;2698.34;5.19298;0;0;0.1;0.01;0;6.12684;0;0;-1
0;469;3.28136;8.17386;-12.2751;10.1133;4332.79;6.08098;0;0;0.1;0.01;0;6.21168;0;0;-1
0;470;3.19044;25.1297;-13.5543;9.05314;3108.04;5.44352;0;0;0.1;0.01;0;4.72309;0;0;-1
0;471;1.98864;43.7651;-10.4985;9.3009;3370.26;5.5925;0;0;0.1;0.01;0;5.57755;0;0;-1
0;472;2.33345;59.5242;-10.7514;9.45512;3540.71;5.68523;0;0;0.1;0.01;0;6.5872;0;0;-1
0;473;2.70927;76.7491;-10.3961;8.91847;2971.39;5.36255;0;0;0.1;0.01;0;6.03252;0;0;-1
0;474;3.09671;94.0408;-11.4665;10.2647;4530.3;6.17202;0;0;0.1;0.01;0;4.45833;0;0;-1
0;475;18.8161;-85.1756;-10.5371;9.35595;3430.46;5.6256;0;0;0.1;0.01;0;5.80053;0;0;-1
0;476;16.0693;-68.1916;-10.5173;9.47166;3559.32;5.69517;0;0;0.1;0.01;0;6.35443;0;0;-1
0;477;15.9622;-51.469;-9.87377;9.86583;4022.44;5.93218;0;0;0.1;0.01;0;5.77798;0;0;-1
0;478;15.5249;-33.3883;-10.5203;9.65096;3765.3;5.80298;0;0;0.1;0.01;0;5.74406;0;0;-1
0;479;16.0355;-16.2997;-11.468;8.57311;2639.39;5.15489;0;0;0.1;0.01;0;5.90931;0;0;-1
0;480;16.416;1.11727;-11.4617;9.38448;3461.94;5.64275;0;0;0.1;0.01;0;5.57962;0;0;-1
0;481;19.4878;20.9025;-10.8779;9.88972;4051.73;5.94655;0;0;0.1;0.01;0;6.04984;0;0;-1
0;482;19.622;38.1925;-13.1646;8.5;2572.44;5.11093;0;0;0.1;0.01;0;5.08698;1;0;-1
0;483;18.1828;54.5333;-11.4697;8.5;2572.44;5.11093;0;0;0.1;0.01;0;4.93185;1;0;-1
0;484;17.3036;71.4368;-10.3201;10.3965;4707.06;6.25126;0;0;0.1;0.01;0;7.1116;0;0;-1
0;485;15.6965;84.9711;-12.5712;8.5;2572.44;5.11093;0;0;0.1;0.01;0;5.45064;1;0;-1
0;486;31.9456;-93.7257;-12.0405;8.83098;2884.8;5.30994;0;0;0.1;0.01;0;1.85664;0;0;-1
0;487;33.3606;-76.6481;-12.3244;9.41174;3492.19;5.65914;0;0;0.1;0.01;0;5.65309;0;0;-1
0;488;32.8903;-55.3939;-10.3547;9.45135;3536.47;5.68296;0;0;0.1;0.01;0;4.99086;0;0;-1
0;489;34.1682;-38.892;-10.1242;9.62386;3733.67;5.78669;0;0;0.1;0.01;0;6.14342;0;0;-1
0;490;31.2326;-21.3591;-12.2802;9.89423;4057.28;5.94926;0;0;0.1;0.01;0;7.10924;0;0;-1
0;491;33.1373;-6.33692;-10.7773;8.88235;2935.43;5.34083;0;0;0.1;0.01;0;5.56286;0;0;-1
0;492;33.5007;11.7958;-12.9104;10.3784;4682.52;6.24038;0;0;0.1;0.01;0;7.01873;0;0;-1
0;493;31.4724;29.0515;-10.8338;9.24443;3309.25;5.55854;0;0;0.1;0.01;0;6.8222;0;0;-1
0;494;33.5367;46.2607;-13.2497;9.56238;3662.58;5.74972;0;0;0.1;0.01;0;5.98837;0;0;-1
0;495;32.7899;63.489;-10.3686;8.6173;2680.42;5.18146;0;0;0.1;0.01;0;5.9847;0;0;-1
0;496;32.263;79.3795;-10.127;10.0567;4260.45;6.04695;0;0;0.1;0.01;0;6.38737;0;0;-1
0;497;45.9675;-82.9354;-10.7965;8.5;2572.44;5.11093;0;0;0.1;0.01;0;4.15622;1;0;-1
0;498;48.1309;-67.8893;-11.4505;9.53328;3629.24;5.73222;0;0;0.1;0.01;0;6.01285;0;0;-1
0;499;47.7011;-47.7312;-11.966;9.34097;3414.01;5.61659;0;0;0.1;0.01;0;6.11462;0;0;-1
0;500;48.616;-31.7047;-12.5257;9.05733;3112.36;5.44604;0;0;0.1;0.01;0;5.54107;0;0;-1
0;501;45.5558;-14.7399;-10.9526;9.15165;3210.6;5.50275;0;0;0.1;0.01;0;6.2679;0;0;-1
0;502;46.5958;0.436192;-11.0232;10.1585;4391.14;6.10816;0;0;0.1;0.01;0;7.44577;0;0;-1
0;503;47.7354;18.1172;-13.4351;10.1742;4411.53;6.1176;0;0;0.1;0.01;0;7.74611;0;0;-1
0;504;47.9;34.6501;-10.5411;9.51622;3609.79;5.72196;0;0;0.1;0.01;0;6.42772;0;0;-1
0;505;45.9452;55.1907;-12.4963;8.5;2572.44;5.11093;0;0;0.1;0.01;0;5.01957;1;0;-1
0;506;46.2854;68.4947;-10.0154;9.24156;3306.16;5.55682;0;0;0.1;0.01;0;6.16991;0;0;-1
0;507;47.6979;85.6422;-13.0982;8.6403;2701.94;5.19529;0;0;0.1;0.01;0;2.33736;0;0;-1
0;508;61.0952;-74.2486;-11.2931;10.3036;4582.01;6.19541;0;0;0.1;0.01;0;3.19833;0;0;-1
0;509;60.3075;-56.0686;-13.3018;9.61516;3723.56;5.78146;0;0;0.1;0.01;0;6.39345;0;0;-1
0;510;61.4383;-42.1484;-11.6179;9.39919;3478.24;5.6516;0;0;0.1;0.01;0;6.41248;0;0;-1
0;511;62.578;-25.7834;-11.8631;9.28468;3352.66;5.58274;0;0;0.1;0.01;0;5.84132;0;0;-1
0;512;62.7409;-7.65358;-11.5012;9.83406;3983.7;5.91308;0;0;0.1;0.01;0;6.4669;0;0;-1
0;513;60.7345;9.37321;-12.8119;10.2245;4477.29;6.14784;0;0;0.1;0.01;0;6.65799;0;0;-1
0;514;61.9713;28.7531;-10.2215;9.92591;4096.37;5.96831;0;0;0.1;0.01;0;6.30857;0;0;-1
0;515;62.6728;45.9905;-11.1276;9.50542;3597.51;5.71547;0;0;0.1;0.01;0;5.70397;0;0;-1
0;516;63.2338;63.5917;-10.7997;10.0981;4313.28;6.07184;0;0;0.1;0.01;0;5.33356;0;0;-1
0;517;61.0499;77.925;-13.7929;8.90529;2958.24;5.35462;0;0;0.1;0.01;0;2.77174;0;0;-1
0;518;77.6056;-47.5281;-10.8076;8.5;2572.44;5.11093;0;0;0.1;0.01;0;3.89153;1;0;-1
0;519;77.3353;-30.0389;-11.2399;8.60685;2670.68;5.17517;0;0;0.1;0.01;0;5.62837;0;0;-1
0;520;75.2996;-14.4412;-10.8521;10.4528;4783.95;6.28512;0;0;0.1;0.01;0;7.80066;0;0;-1
0;521;74.9412;1.1217;-10.9932;8.5;2572.44;5.11093;0;0;0.1;0.01;0;6.16634;1;0;-1
0;522;76.6074;18.009;-13.338;8.69993;2758.26;5.23114;0;0;0.1;0.01;0;5.75054;0;0;-1
0;523;75.067;34.8494;-12.7147;8.5;2572.44;5.11093;0;0;0.1;0.01;0;5.25413;1;0;-1
0;524;75.3418;51.4797;-10.2281;9.24246;3307.13;5.55736;0;0;0.1;0.01;0;5.72036;0;0;-1
0;525;89.5833;-22.1731;-11.9554;8.5;2572.44;5.11093;0;0;0.1;0.01;0;3.7906;1;0;-1
0;526;90.0672;-4.25158;-10.1446;9.67018;3787.85;5.81454;0;0;0.1;0.01;0;4.12086;0;0;-1
0;527;89.5556;12.0084;-11.021;8.94815;3001.15;5.38039;0;0;0.1;0.01;0;4.8034;0;0;-1
0;528;89.4273;27.0297;-11.2003;8.57982;2645.59;5.15892;0;0;0.1;0.01;0;4.5149;0;0;-1
0;529;89.2386;43.562;-9.84767;10.0381;4236.85;6.03576;0;0;0.1;0.01;0;3.29384;0;0;-1
0;530;-93.9399;-16.5809;2.40114;9.45997;3546.16;5.68814;0;0;0.1;0.01;0;3.16869;0;0;-1
0;531;-95.6856;2.72545;3.43454;9.65336;3768.11;5.80443;0;0;0.1;0.01;0;3.78326;0;0;-1
0;532;-95.9068;18.6874;2.15899;10.2032;4449.36;6.13504;0;0;0.1;0.01;0;3.23804;0;0;-1
0;533;-79.6771;-55.9212;3.0338;8.5;2572.44;5.11093;0;0;0.1;0.01;0;2.63923;1;0;-1
0;534;-82.6277;-41.5241;4.68291;9.80047;3943.02;5.89288;0;0;0.1;0.01;0;4.17431;0;0;-1
0;535;-80.5974;-23.2246;2.97212;9.80139;3944.13;5.89343;0;0;0.1;0.01;0;6.45413;0;0;-1
0;536;-79.8661;-6.13523;3.72585;9.46528;3552.13;5.69134;0;0;0.1;0.01;0;5.92461;0;0;-1
0;537;-81.7932;10.3555;2.71675;8.90491;2957.86;5.35439;0;0;0.1;0.01;0;4.70823;0;0;-1
0;538;-80.5974;25.4933;1.20541;8.5;2572.44;5.11093;0;0;0.1;0.01;0;3.69656;1;0;-1
0;539;-82.6797;44.0747;2.76799;10.2457;4505.19;6.16059;0;0;0.1;0.01;0;4.4234;0;0;-1
0;540;-78.9061;61.1296;3.37249;9.4202;3501.62;5.66423;0;0;0.1;0.01;0;2.55899;0;0;-1
0;541;-63.8839;-65.5089;1.68307;8.86781;2921.04;5.33209;0;0;0.1;0.01;0;4.00844;0;0;-1
0;542;-64.2777;-47.2869;4.40103;10.2617;4526.33;6.17021;0;0;0.1;0.01;0;6.2335;0;0;-1
0;543;-68.3948;-33.0474;3.55466;8.92266;2975.58;5.36507;0;0;0.1;0.01;0;5.75842;0;0;-1
0;544;-67.7968;-14.8227;1.72087;10.4365;4761.6;6.27532;0;0;0.1;0.01;0;6.92706;0;0;-1
0;545;-67.1944;0.398166;3.73672;10.3306;4618.12;6.21164;0;0;0.1;0.01;0;6.93358;0;0;-1
0;546;-64.731;17.1301;3.36913;10.4477;4776.95;6.28205;0;0;0.1;0.01;0;6.02117;0;0;-1
0;547;-65.1801;36.5231;3.09433;10.4249;4745.74;6.26834;0;0;0.1;0.01;0;6.60431;0;0;-1
0;548;-65.5662;52.0283;3.22472;9.47993;3568.65;5.70014;0;0;0.1;0.01;0;5.47967;0;0;-1
0;549;-64.9454;70.4113;3.16828;8.5;2572.44;5.11093;0;0;0.1;0.01;0;2.34899;1;0;-1
0;550;-49.9127;-75.336;3.23799;8.5823;2647.89;5.16041;0;0;0.1;0.01;0;5.00489;0;0;-1
0;551;-50.3445;-59.3892;4.21032;8.71413;2771.79;5.23968;0;0;0.1;0.01;0;5.50539;0;0;-1
0;552;-50.9554;-42.3291;3.33655;8.72965;2786.63;5.24901;0;0;0.1;0.01;0;5.46124;0;0;-1
0;553;-52.1148;-24.4733;3.65359;8.58632;2651.61;5.16283;0;0;0.1;0.01;0;4.1846;0;0;-1
0;554;-49.642;-5.37373;2.15057;8.5;2572.44;5.11093;0;0;0.1;0.01;0;4.35298;1;0;-1
0;555;-52.3017;10.0612;3.75385;8.5;2572.44;5.11093;0;0;0.1;0.01;0;4.98759;1;0;-1
0;556;-52.7531;25.8348;2.70314;8.5;2572.44;5.11093;0;0;0.1;0.01;0;5.48635;1;0;-1
0;557;-50.27;42.9834;5.11452;9.8444;3996.28;5.91929;0;0;0.1;0.01;0;5.97281;0;0;-1
0;558;-50.7534;63.4571;1.83871;9.04923;3104.01;5.44117;0;0;0.1;0.01;0;5.21305;0;0;-1
0;559;-51.4576;78.119;1.28705;9.76208;3896.87;5.8698;0;0;0.1;0.01;0;4.43544;0;0;-1
0;560;-34.9736;-84.0159;3.4436;9.36644;3442.01;5.6319;0;0;0.1;0.01;0;5.15583;0;0;-1
0;561;-38.5035;-67.3848;3.2475;9.15764;3216.91;5.50636;0;0;0.1;0.01;0;5.35378;0;0;-1
0;562;-36.7058;-50.3887;4.12189;8.5;2572.44;5.11093;0;0;0.1;0.01;0;5.1712;1;0;-1
0;563;-35.8337;-32.6205;2.68249;9.95707;4135.07;5.98704;0;0;0.1;0.01;0;6.05283;0;0;-1
0;564;-38.0817;-14.0877;3.15334;8.97516;3028.41;5.39663;0;0;0.1;0.01;0;4.98167;0;0;-1
0;565;-36.6314;3.18188;4.03662;8.90095;2953.91;5.35201;0;0;0.1;0.01;0;5.85517;0;0;-1
0;566;-38.1393;19.9758;2.91402;10.1518;4382.46;6.10413;0;0;0.1;0.01;0;6.8662;0;0;-1
0;567;-38.199;36.3081;1.02704;8.89588;2948.87;5.34896;0;0;0.1;0.01;0;5.93147;0;0;-1
0;568;-35.4167;50.8415;2.86159;9.82839;3976.82;5.90967;0;0;0.1;0.01;0;5.01508;0;0;-1
0;569;-35.7455;71.7401;1.34319;10.4423;4769.55;6.2788;0;0;0.1;0.01;0;6.28598;0;0;-1
0;570;-35.3314;87.8901;3.28852;9.58234;3685.56;5.76172;0;0;0.1;0.01;0;5.1434;0;0;-1
0;571;-20.7806;-93.6567;1.60057;9.51832;3612.18;5.72323;0;0;0.1;0.01;0;4.3127;0;0;-1
0;572;-20.566;-76.6097;4.59784;8.53528;2604.61;5.13214;0;0;0.1;0.01;0;5.265;0;0;-1
0;573;-23.6182;-57.6362;1.53896;9.2155;3278.27;5.54115;0;0;0.1;0.01;0;6.0047;0;0;-1
0;574;-23.2225;-40.359;2.14465;9.25268;3318.11;5.5635;0;0;0.1;0.01;0;6.41724;0;0;-1
0;575;-21.166;-23.0824;3.57027;8.5;2572.44;5.11093;0;0;0.1;0.01;0;5.39895;1;0;-1
0;576;-20.5786;-5.19478;3.33938;8.55675;2624.31;5.14505;0;0;0.1;0.01;0;6.15997;0;0;-1
0;577;-20.1924;9.99129;4.07284;10.1133;4332.79;6.08098;0;0;0.1;0.01;0;6.89844;0;0;-1
0;578;-23.9389;27.5228;1.88944;8.5874;2652.61;5.16348;0;0;0.1;0.01;0;3.99146;0;0;-1
0;579;-19.9306;46.997;1.8337;9.19996;3261.72;5.5318;0;0;0.1;0.01;0;4.54768;0;0;-1
0;580;-22.0285;63.3242;2.162;9.89483;4058.01;5.94962;0;0;0.1;0.01;0;6.65757;0;0;-1
0;581;-22.1882;77.5563;1.91048;9.60554;3712.39;5.77567;0;0;0.1;0.01;0;6.1989;0;0;-1
0;582;-23.3667;96.2348;1.35982;9.90756;4073.7;5.95727;0;0;0.1;0.01;0;3.41994;0;0;-1
0;583;-7.0725;-98.9505;0.930947;10.0776;4287.06;6.05951;0;0;0.1;0.01;0;2.97385;0;0;-1
0;584;-5.64306;-81.0521;3.70813;8.73414;2790.93;5.25171;0;0;0.1;0.01;0;5.62623;0;0;-1
0;585;-9.08232;-66.6479;2.77058;10.3839;4689.97;6.24369;0;0;0.1;0.01;0;5.75192;0;0;-1
0;586;-7.63573;-49.2524;2.31321;8.64791;2709.08;5.19986;0;0;0.1;0.01;0;5.09504;0;0;-1
0;587;-7.46678;-29.976;2.52083;9.4445;3528.79;5.67884;0;0;0.1;0.01;0;6.35281;0;0;-1
0;588;-8.78501;-14.1942;3.11572;9.71029;3835.18;5.83866;0;0;0.1;0.01;0;6.88043;0;0;-1
0;589;-7.88768;1.80378;3.77715;8.5;2572.44;5.11093;0;0;0.1;0.01;0;5.90045;1;0;-1
0;590;-6.2959;17.3576;1.34249;8.51996;2590.61;5.12293;0;0;0.1;0.01;0;5.9312;0;0;-1
0;591;-6.16472;34.6554;3.70231;9.22465;3288.05;5.54665;0;0;0.1;0.01;0;5.50822;0;0;-1
0;592;-5.76073;51.8004;3.54299;8.5;2572.44;5.11093;0;0;0.1;0.01;0;5.87038;1;0;-1
0;593;-7.5689;71.7845;2.32866;10.3283;4615.04;6.21026;0;0;0.1;0.01;0;6.8548;0;0;-1
0;594;-9.20603;88.3771;3.68257;9.77079;3907.31;5.87503;0;0;0.1;0.01;0;4.97522;0;0;-1
0;595;8.04299;-92.1728;3.10144;8.71605;2773.63;5.24083;0;0;0.1;0.01;0;4.70699;0;0;-1
0;596;8.63897;-76.0914;1.82788;9.61678;3725.44;5.78243;0;0;0.1;0.01;0;7.0413;0;0;-1
0;597;5.95527;-58.9258;1.68828;10.096;4310.59;6.07058;0;0;0.1;0.01;0;6.9196;0;0;-1
0;598;7.03692;-42.7397;3.58968;9.83689;3987.15;5.91478;0;0;0.1;0.01;0;6.72694;0;0;-1
0;599;7.54621;-24.9372;1.84758;9.5353;3631.55;5.73344;0;0;0.1;0.01;0;6.50574;0;0;-1
0;600;9.35612;-8.46134;4.44492;10.1237;4346.17;6.08723;0;0;0.1;0.01;0;5.92942;0;0;-1
0;601;5.73525;10.4498;2.77643;8.89902;2951.99;5.35085;0;0;0.1;0.01;0;4.96032;0;0;-1
0;602;7.62497;25.4205;2.11872;9.91149;4078.55;5.95964;0;0;0.1;0.01;0;6.08791;0;0;-1
0;603;8.3868;44.0641;2.35094;8.5;2572.44;5.11093;0;0;0.1;0.01;0;5.04612;1;0;-1
0;604;6.90821;60.3896;1.62878;8.5;2572.44;5.11093;0;0;0.1;0.01;0;5.65744;1;0;-1
0;605;8.80154;76.5028;2.68132;8.62821;2690.61;5.18802;0;0;0.1;0.01;0;5.79741;0;0;-1
0;606;5.61074;97.9079;1.52469;9.70502;3828.93;5.83549;0;0;0.1;0.01;0;2.82498;0;0;-1
0;607;20.4574;-85.2902;2.17775;8.5;2572.44;5.11093;0;0;0.1;0.01;0;4.15368;1;0;-1
0;608;23.7061;-66.3262;2.74126;10.1485;4378.19;6.10215;0;0;0.1;0.01;0;5.92345;0;0;-1
0;609;22.3806;-47.3551;4.38232;8.61569;2678.91;5.18049;0;0;0.1;0.01;0;4.58317;0;0;-1
0;610;21.743;-31.0845;1.47662;8.5;2572.44;5.11093;0;0;0.1;0.01;0;5.78964;1;0;-1
0;611;21.4333;-14.7047;1.49529;8.5;2572.44;5.11093;0;0;0.1;0.01;0;5.46857;1;0;-1
0;612;23.2016;4.33939;1.19862;9.49255;3582.92;5.70773;0;0;0.1;0.01;0;5.44812;0;0;-1
0;613;23.3897;20.8326;4.67329;9.56391;3664.33;5.75064;0;0;0.1;0.01;0;6.83871;0;0;-1
0;614;21.9815;37.2972;4.95902;8.5;2572.44;5.11093;0;0;0.1;0.01;0;5.65824;1;0;-1
0;615;22.7765;51.4231;3.72313;9.88732;4048.78;5.9451;0;0;0.1;0.01;0;6.64342;0;0;-1
0;616;21.137;67.7525;1.65849;9.16445;3224.09;5.51045;0;0;0.1;0.01;0;5.95807;0;0;-1
0;617;21.4064;89.4937;1.13686;10.1186;4339.6;6.08417;0;0;0.1;0.01;0;4.04361;0;0;-1
0;618;38.0434;-75.9278;1.6585;9.44408;3528.32;5.67859;0;0;0.1;0.01;0;6.03273;0;0;-1
0;619;38.5545;-59.6021;4.02752;8.64248;2703.98;5.1966;0;0;0.1;0.01;0;5.22576;0;0;-1
0;620;34.9022;-40.1467;3.41735;8.9796;3032.91;5.3993;0;0;0.1;0.01;0;5.4488;0;0;-1
0;621;35.0465;-25.7229;1.20288;9.54414;3641.66;5.73875;0;0;0.1;0.01;0;6.10601;0;0;-1
0;622;38.0201;-8.85177;4.4835;9.35846;3433.22;5.62711;0;0;0.1;0.01;0;6.01355;0;0;-1
0;623;37.2366;9.08622;1.45744;9.51894;3612.89;5.7236;0;0;0.1;0.01;0;5.74746;0;0;-1
0;624;36.6646;27.249;2.8742;9.98295;4167.4;6.0026;0;0;0.1;0.01;0;6.51331;0;0;-1
0;625;35.9283;44.5363;1.21074;10.3932;4702.58;6.24928;0;0;0.1;0.01;0;6.87843;0;0;-1
0;626;36.1012;62.7066;3.82986;10.293;4567.88;6.18903;0;0;0.1;0.01;0;7.82447;0;0;-1
0;627;37.6613;80.0028;2.52731;10.395;4705.03;6.25036;0;0;0.1;0.01;0;5.13957;0;0;-1
0;628;50.8393;-83.5298;2.89721;8.5;2572.44;5.11093;0;0;0.1;0.01;0;2.9883;1;0;-1
0;629;52.1839;-64.6111;4.04632;9.83279;3982.16;5.91231;0;0;0.1;0.01;0;5.5854;0;0;-1
0;630;50.3206;-48.4679;3.25938;10.1367;4362.93;6.09505;0;0;0.1;0.01;0;6.36255;0;0;-1
0;631;53.4019;-33.653;4.79559;8.5;2572.44;5.11093;0;0;0.1;0.01;0;5.81099;1;0;-1
0;632;51.3806;-15.8231;2.99285;8.60239;2666.53;5.17249;0;0;0.1;0.01;0;5.11741;0;0;-1
0;633;52.1561;1.13922;2.46802;8.51441;2585.55;5.11959;0;0;0.1;0.01;0;5.43602;0;0;-1
0;634;52.3778;17.0452;1.66662;9.47502;3563.11;5.69719;0;0;0.1;0.01;0;7.3127;0;0;-1
0;635;50.1851;34.3883;2.73667;9.80689;3950.78;5.89674;0;0;0.1;0.01;0;6.23247;0;0;-1
0;636;51.3755;54.6324;4.69911;8.5;2572.44;5.11093;0;0;0.1;0.01;0;5.01726;1;0;-1
0;637;50.0051;67.7097;3.26014;9.09874;3155.24;5.47094;0;0;0.1;0.01;0;4.69993;0;0;-1
0;638;68.0553;-56.0635;4.68562;9.91865;4087.39;5.96394;0;0;0.1;0.01;0;4.38701;0;0;-1
0;639;67.5963;-39.0424;2.40306;9.67029;3787.97;5.81461;0;0;0.1;0.01;0;7.08995;0;0;-1
0;640;64.7297;-24.1605;3.89644;8.59961;2663.94;5.17082;0;0;0.1;0.01;0;5.67628;0;0;-1
0;641;67.8246;-6.65844;4.42487;8.5;2572.44;5.11093;0;0;0.1;0.01;0;4.86806;1;0;-1
0;642;65.6291;12.2007;3.83342;10.2544;4516.68;6.16582;0;0;0.1;0.01;0;6.72199;0;0;-1
0;643;65.4828;25.9305;3.94083;8.5;2572.44;5.11093;0;0;0.1;0.01;0;6.09882;1;0;-1
0;644;66.9169;44.3104;4.36029;9.40417;3483.77;5.65459;0;0;0.1;0.01;0;5.6982;0;0;-1
0;645;67.4237;60.1802;4.32406;9.78995;3930.34;5.88655;0;0;0.1;0.01;0;4.46587;0;0;-1
0;646;82.3314;-47.3939;5.10624;9.16647;3226.23;5.51167;0;0;0.1;0.01;0;3.6752;0;0;-1
0;647;82.1696;-33.1105;3.18485;10.4059;4719.84;6.25692;0;0;0.1;0.01;0;5.82391;0;0;-1
0;648;81.3959;-15.7975;3.84093;9.58771;3691.76;5.76495;0;0;0.1;0.01;0;6.49025;0;0;-1
0;649;79.7748;0.0537346;1.88043;9.17655;3236.88;5.51773;0;0;0.1;0.01;0;5.72978;0;0;-1
0;650;80.9747;18.254;2.44637;9.17519;3235.44;5.51691;0;0;0.1;0.01;0;6.64317;0;0;-1
0;651;82.5346;36.1046;4.09128;10.3563;4652.67;6.22709;0;0;0.1;0.01;0;5.55312;0;0;-1
0;652;82.8007;55.2963;4.89702;9.98006;4163.78;6.00087;0;0;0.1;0.01;0;2.84951;0;0;-1
0;653;95.84;-23.3881;2.09974;10.372;4673.86;6.23653;0;0;0.1;0.01;0;3.62803;0;0;-1
0;654;96.3561;-7.56441;4.22024;9.30892;3378.99;5.59732;0;0;0.1;0.01;0;3.40751;0;0;-1
0;655;94.5254;12.117;1.93586;9.59168;3696.35;5.76734;0;0;0.1;0.01;0;4.21268;0;0;-1
0;656;94.3112;26.6333;4.47924;10.0281;4224.2;6.02975;0;0;0.1;0.01;0;4.46488;0;0;-1
0;657;-86.8363;-40.7531;19.2015;10.0139;4206.28;6.02121;0;0;0.1;0.01;0;3.22176;0;0;-1
0;658;-85.0805;-21.1766;18.5585;9.39531;3473.94;5.64926;0;0;0.1;0.01;0;3.28306;0;0;-1
0;659;-84.8782;-4.98609;19.2677;9.9256;4095.99;5.96812;0;0;0.1;0.01;0;4.60444;0;0;-1
0;660;-86.6499;10.4808;17.1904;9.41782;3498.97;5.6628;0;0;0.1;0.01;0;4.71565;0;0;-1
0;661;-85.7278;27.1078;18.308;8.5;2572.44;5.11093;0;0;0.1;0.01;0;3.21634;1;0;-1
0;662;-84.2585;45.327;18.9287;8.68184;2741.09;5.22026;0;0;0.1;0.01;0;2.7279;0;0;-1
0;663;-72.1099;-63.6408;19.844;9.46219;3548.65;5.68948;0;0;0.1;0.01;0;3.35651;0;0;-1
0;664;-70.811;-48.563;16.6694;9.04696;3101.68;5.43981;0;0;0.1;0.01;0;6.11152;0;0;-1
0;665;-68.9807;-33.8692;19.1807;8.5;2572.44;5.11093;0;0;0.1;0.01;0;5.46703;1;0;-1
0;666;-71.9598;-13.187;19.019;9.90376;4069.01;5.95499;0;0;0.1;0.01;0;7.23409;0;0;-1
0;667;-69.3887;2.17538;19.7063;9.7357;3865.36;5.85394;0;0;0.1;0.01;0;6.93142;0;0;-1
0;668;-70.2488;18.6426;19.2968;9.64972;3763.85;5.80224;0;0;0.1;0.01;0;5.80161;0;0;-1
0;669;-70.2952;34.2561;16.7398;8.77909;2834.24;5.27874;0;0;0.1;0.01;0;4.32382;0;0;-1
0;670;-70.2561;52.8836;16.2604;8.5;2572.44;5.11093;0;0;0.1;0.01;0;3.91646;1;0;-1
0;671;-58.0217;-74.9477;17.1198;10.065;4271;6.05194;0;0;0.1;0.01;0;4.51588;0;0;-1
0;672;-57.4985;-58.6543;18.7081;9.47117;3558.77;5.69488;0;0;0.1;0.01;0;6.43946;0;0;-1
0;673;-56.2025;-39.5369;17.459;10.2399;4497.55;6.1571;0;0;0.1;0.01;0;7.4024;0;0;-1
0;674;-57.0827;-23.2713;16.9152;8.9323;2985.23;5.37086;0;0;0.1;0.01;0;5.73362;0;0;-1
0;675;-55.1849;-6.46246;16.0542;9.97374;4155.88;5.99707;0;0;0.1;0.01;0;6.24379;0;0;-1
0;676;-57.1245;8.61466;17.4091;8.70387;2762.01;5.23351;0;0;0.1;0.01;0;5.3841;0;0;-1
0;677;-55.3816;26.7716;16.7951;9.65507;3770.12;5.80545;0;0;0.1;0.01;0;5.70819;0;0;-1
0;678;-54.9766;46.9018;18.9472;8.5;2572.44;5.11093;0;0;0.1;0.01;0;4.35151;1;0;-1
0;679;-53.9913;61.9329;18.285;8.67427;2733.93;5.21571;0;0;0.1;0.01;0;3.80765;0;0;-1
0;680;-53.7942;78.0494;19.6583;9.60026;3706.27;5.7725;0;0;0.1;0.01;0;2.63928;0;0;-1
0;681;-41.6986;-84.6163;16.8452;9.64536;3758.75;5.79962;0;0;0.1;0.01;0;4.32834;0;0;-1
0;682;-40.6292;-67.4667;17.7348;8.98447;3037.85;5.40223;0;0;0.1;0.01;0;5.51396;0;0;-1
0;683;-40.4633;-47.7833;16.742;9.09298;3149.25;5.46748;0;0;0.1;0.01;0;5.26082;0;0;-1
0;684;-42.5283;-33.0318;18.1961;9.56256;3662.78;5.74983;0;0;0.1;0.01;0;6.35536;0;0;-1
0;685;-42.1558;-13.7598;16.4899;8.5;2572.44;5.11093;0;0;0.1;0.01;0;4.91531;1;0;-1
0;686;-39.9923;2.28179;17.7256;8.8338;2887.56;5.31164;0;0;0.1;0.01;0;5.08262;0;0;-1
0;687;-42.2104;18.686;18.4642;8.81873;2872.81;5.30257;0;0;0.1;0.01;0;5.43378;0;0;-1
0;688;-41.1635;33.736;18.2773;8.97255;3025.77;5.39506;0;0;0.1;0.01;0;5.18908;0;0;-1
0;689;-39.7071;53.2114;18.5441;8.97931;3032.62;5.39913;0;0;0.1;0.01;0;4.73798;0;0;-1
0;690;-39.5877;71.4857;16.4005;10.2106;4459.05;6.13949;0;0;0.1;0.01;0;5.9033;0;0;-1
0;691;-41.5952;87.7456;18.5474;8.98874;3042.18;5.4048;0;0;0.1;0.01;0;2.93025;0;0;-1
0;692;-27.7616;-93.4514;16.8257;10.4523;4783.26;6.28482;0;0;0.1;0.01;0;3.98106;0;0;-1
0;693;-27.51;-72.8523;18.5003;9.83112;3980.13;5.91131;0;0;0.1;0.01;0;6.16606;0;0;-1
0;694;-25.3707;-56.7091;16.2724;8.5;2572.44;5.11093;0;0;0.1;0.01;0;4.45087;1;0;-1
0;695;-24.5028;-40.3828;17.8456;8.88227;2935.35;5.34078;0;0;0.1;0.01;0;5.48664;0;0;-1
0;696;-28.3603;-24.7224;16.3188;9.59361;3698.58;5.7685;0;0;0.1;0.01;0;6.04784;0;0;-1
0;697;-28.3805;-7.18489;16.018;9.33032;3402.34;5.61019;0;0;0.1;0.01;0;5.29216;0;0;-1
0;698;-26.9601;10.6793;16.4905;9.60486;3711.6;5.77526;0;0;0.1;0.01;0;6.09198;0;0;-1
0;699;-27.4535;28.0459;17.362;9.05772;3112.76;5.44628;0;0;0.1;0.01;0;5.12814;0;0;-1
0;700;-25.4613;45.9316;17.6279;9.58543;3689.13;5.76358;0;0;0.1;0.01;0;5.76622;0;0;-1
0;701;-28.1537;62.0604;16.4037;9.01678;3070.74;5.42166;0;0;0.1;0.01;0;5.90496;0;0;-1
0;702;-27.4125;80.4121;16.3152;10.1887;4430.42;6.12632;0;0;0.1;0.01;0;5.89136;0;0;-1
0;703;-13.2889;-83.6095;17.6416;9.77088;3907.42;5.87509;0;0;0.1;0.01;0;5.45668;0;0;-1
0;704;-13.739;-65.6454;17.0258;8.5;2572.44;5.11093;0;0;0.1;0.01;0;4.20879;1;0;-1
0;705;-11.1797;-47.5351;16.2726;9.7905;3931;5.88689;0;0;0.1;0.01;0;5.44963;0;0;-1
0;706;-12.3519;-30.7854;19.3456;8.63701;2698.85;5.19331;0;0;0.1;0.01;0;5.76298;0;0;-1
0;707;-11.548;-16.1886;17.4748;9.71429;3839.92;5.84106;0;0;0.1;0.01;0;6.34167;0;0;-1
0;708;-13.6695;1.66463;17.1276;10.0878;4300.09;6.06565;0;0;0.1;0.01;0;7.02354;0;0;-1
0;709;-13.1789;20.7928;16.6147;10.0841;4295.36;6.06342;0;0;0.1;0.01;0;6.26958;0;0;-1
0;710;-10.9539;37.3215;17.2911;8.97727;3030.55;5.3979;0;0;0.1;0.01;0;5.49527;0;0;-1
0;711;-10.0218;52.3602;18.2997;10.1287;4352.61;6.09024;0;0;0.1;0.01;0;6.64298;0;0;-1
0;712;-11.6689;68.4273;18.3682;8.59754;2662.02;5.16958;0;0;0.1;0.01;0;5.20962;0;0;-1
0;713;-11.0529;85.2602;18.6697;8.5;2572.44;5.11093;0;0;0.1;0.01;0;3.73784;1;0;-1
0;714;1.68312;-91.983;17.4343;10.248;4508.23;6.16197;0;0;0.1;0.01;0;3.90938;0;0;-1
0;715;4.58136;-72.2724;15.9794;8.68782;2746.76;5.22386;0;0;0.1;0.01;0;5.15364;0;0;-1
0;716;2.81861;-56.9715;17.3294;8.5;2572.44;5.11093;0;0;0.1;0.01;0;5.54427;1;0;-1
0;717;2.96121;-39.8539;16.6696;9.887;4048.39;5.94491;0;0;0.1;0.01;0;6.58674;0;0;-1
0;718;2.38252;-24.4687;16.4666;8.82136;2875.38;5.30416;0;0;0.1;0.01;0;5.63627;0;0;-1
0;719;4.97799;-8.37575;17.112;8.57217;2638.52;5.15432;0;0;0.1;0.01;0;4.74258;0;0;-1
0;720;4.16937;9.65086;16.3866;9.89258;4055.25;5.94826;0;0;0.1;0.01;0;4.89288;0;0;-1
0;721;2.16291;28.5102;16.6416;9.95865;4137.04;5.98799;0;0;0.1;0.01;0;6.24812;0;0;-1
0;722;2.53259;46.1866;15.617;8.5982;2662.63;5.16997;0;0;0.1;0.01;0;5.80368;0;0;-1
0;723;2.66161;63.4026;15.8922;10.4039;4717.12;6.25571;0;0;0.1;0.01;0;6.71287;0;0;-1
0;724;0.992002;77.9625;15.9397;8.66392;2724.16;5.20949;0;0;0.1;0.01;0;5.68541;0;0;-1
0;725;4.69616;93.0896;17.7697;8.70908;2766.98;5.23664;0;0;0.1;0.01;0;2.89396;0;0;-1
0;726;17.7752;-82.3785;17.1041;10.0453;4245.97;6.04009;0;0;0.1;0.01;0;5.13309;0;0;-1
0;727;15.798;-64.4108;16.379;8.5;2572.44;5.11093;0;0;0.1;0.01;0;4.94313;1;0;-1
0;728;16.0248;-50.0844;18.3072;9.61978;3728.93;5.78423;0;0;0.1;0.01;0;5.55388;0;0;-1
0;729;18.9328;-33.9843;18.101;8.5;2572.44;5.11093;0;0;0.1;0.01;0;4.31483;1;0;-1
0;730;18.3563;-17.012;17.3426;9.30503;3374.75;5.59498;0;0;0.1;0.01;0;5.7737;0;0;-1
0;731;17.4623;2.72097;18.4879;8.54447;2613.03;5.13767;0;0;0.1;0.01;0;4.73876;0;0;-1
0;732;16.5766;21.1374;16.2215;9.14026;3198.63;5.49591;0;0;0.1;0.01;0;6.27611;0;0;-1
0;733;16.5177;37.0713;17.4431;8.88866;2941.69;5.34462;0;0;0.1;0.01;0;5.88732;0;0;-1
0;734;19.6645;52.9308;17.6975;8.85858;2911.93;5.32654;0;0;0.1;0.01;0;5.16784;0;0;-1
0;735;16.4153;69.7763;17.3903;8.51644;2587.4;5.12081;0;0;0.1;0.01;0;5.15648;0;0;-1
0;736;17.9152;85.6751;16.4588;9.17315;3233.29;5.51568;0;0;0.1;0.01;0;3.56745;0;0;-1
0;737;33.1756;-92.4852;15.9324;9.05955;3114.64;5.44738;0;0;0.1;0.01;0;1.69004;0;0;-1
0;738;33.7855;-73.765;16.0997;9.51316;3606.31;5.72013;0;0;0.1;0.01;0;5.47862;0;0;-1
0;739;33.1768;-55.2457;18.018;9.15668;3215.9;5.50578;0;0;0.1;0.01;0;4.54224;0;0;-1
0;740;33.6487;-39.0278;18.0751;8.5;2572.44;5.11093;0;0;0.1;0.01;0;5.33132;1;0;-1
0;741;31.4373;-24.4862;16.342;9.37929;3456.2;5.63963;0;0;0.1;0.01;0;6.48279;0;0;-1
0;742;30.7111;-8.06003;18.5945;9.30862;3378.66;5.59714;0;0;0.1;0.01;0;5.49771;0;0;-1
0;743;30.5279;11.5656;17.0174;8.87722;2930.35;5.33774;0;0;0.1;0.01;0;5.13386;0;0;-1
0;744;32.0962;26.876;16.7654;8.78131;2836.39;5.28007;0;0;0.1;0.01;0;5.40102;0;0;-1
0;745;33.2198;45.7698;16.5289;8.5;2572.44;5.11093;0;0;0.1;0.01;0;5.28727;1;0;-1
0;746;30.4894;63.436;19.476;9.08213;3137.99;5.46095;0;0;0.1;0.01;0;6.81673;0;0;-1
0;747;30.6492;77.8159;17.845;9.25776;3323.58;5.56656;0;0;0.1;0.01;0;5.18546;0;0;-1
0;748;45.31;-81.2466;16.0904;9.99665;4184.58;6.01084;0;0;0.1;0.01;0;4.7096;0;0;-1
0;749;48.9034;-67.6365;17.0077;8.61752;2680.62;5.18159;0;0;0.1;0.01;0;5.08329;0;0;-1
0;750;47.5128;-48.1678;18.5981;8.5;2572.44;5.11093;0;0;0.1;0.01;0;4.60342;1;0;-1
0;751;46.7603;-31.8991;16.6155;9.52674;3621.78;5.72829;0;0;0.1;0.01;0;6.82906;0;0;-1
0;752;46.3601;-15.3162;17.506;9.96599;4146.2;5.99241;0;0;0.1;0.01;0;6.4025;0;0;-1
0;753;46.2068;4.39385;19.4788;9.61473;3723.06;5.7812;0;0;0.1;0.01;0;5.43076;0;0;-1
0;754;48.7909;20.4715;17.3375;9.77667;3914.37;5.87857;0;0;0.1;0.01;0;6.22869;0;0;-1
0;755;46.8637;34.8795;18.9841;8.5;2572.44;5.11093;0;0;0.1;0.01;0;5.23592;1;0;-1
0;756;45.0881;54.091;16.5916;10.1386;4365.39;6.09619;0;0;0.1;0.01;0;6.57519;0;0;-1
0;757;46.9765;68.9791;17.779;8.7934;2848.13;5.28734;0;0;0.1;0.01;0;5.04406;0;0;-1
0;758;45.9389;86.0502;19.667;8.5;2572.44;5.11093;0;0;0.1;0.01;0;1.28238;1;0;-1
0;759;61.2201;-75.444;17.4922;9.74749;3879.42;5.86102;0;0;0.1;0.01;0;2.82158;0;0;-1
0;760;62.3081;-57.9498;18.1636;8.5;2572.44;5.11093;0;0;0.1;0.01;0;4.94778;1;0;-1
0;761;62.5619;-38.7119;16.6983;10.097;4311.87;6.07118;0;0;0.1;0.01;0;7.49574;0;0;-1
0;762;60.4215;-24.276;16.5117;9.90118;4065.83;5.95344;0;0;0.1;0.01;0;7.54393;0;0;-1
0;763;60.3755;-7.40397;16.7511;8.93108;2984.01;5.37013;0;0;0.1;0.01;0;4.81223;0;0;-1
0;764;62.4607;10.6035;16.9652;9.45392;3539.36;5.6845;0;0;0.1;0.01;0;5.77994;0;0;-1
0;765;61.6877;28.5322;16.4786;10.2254;4478.47;6.14838;0;0;0.1;0.01;0;7.22254;0;0;-1
0;766;61.8665;45.2098;19.0407;8.67367;2733.36;5.21535;0;0;0.1;0.01;0;6.08102;0;0;-1
0;767;62.2914;63.6363;19.0477;10.0225;4217.13;6.02638;0;0;0.1;0.01;0;4.83345;0;0;-1
0;768;75.9073;-50.2076;19.5096;8.70096;2759.24;5.23176;0;0;0.1;0.01;0;3.01362;0;0;-1
0;769;76.049;-33.4792;18.3427;10.0886;4301.12;6.06613;0;0;0.1;0.01;0;6.13341;0;0;-1
0;770;77.6212;-16.9539;16.7434;8.5;2572.44;5.11093;0;0;0.1;0.01;0;4.96165;1;0;-1
0;771;74.8821;0.853292;19.409;8.71841;2775.88;5.24225;0;0;0.1;0.01;0;4.44575;0;0;-1
0;772;76.4909;20.1049;16.1825;9.82373;3971.16;5.90687;0;0;0.1;0.01;0;6.53732;0;0;-1
0;773;74.8208;37.9212;19.0692;10.3722;4674.14;6.23665;0;0;0.1;0.01;0;6.73463;0;0;-1
0;774;76.5256;52.4274;18.756;8.77615;2831.4;5.27697;0;0;0.1;0.01;0;4.58;0;0;-1
0;775;91.532;-22.0676;18.6377;9.7875;3927.39;5.88508;0;0;0.1;0.01;0;4.34536;0;0;-1
0;776;92.7489;-7.358;19.9349;8.5;2572.44;5.11093;0;0;0.1;0.01;0;2.61957;1;0;-1
0;777;91.6967;9.3262;16.2211;9.05672;3111.73;5.44567;0;0;0.1;0.01;0;2.52795;0;0;-1
0;778;89.4671;26.8445;17.3928;9.35384;3428.14;5.62433;0;0;0.1;0.01;0;4.07847;0;0;-1
0;779;-93.5841;2.41223;34.5666;8.55786;2625.33;5.14572;0;0;0.1;0.01;0;2.84572;0;0;-1
0;780;-82.0384;-39.7099;31.6327;9.85962;4014.85;5.92845;0;0;0.1;0.01;0;3.15421;0;0;-1
0;781;-79.686;-25.0887;32.4554;9.32437;3395.84;5.60661;0;0;0.1;0.01;0;4.25218;0;0;-1
0;782;-79.0001;-6.09204;34.0249;9.22038;3283.49;5.54408;0;0;0.1;0.01;0;5.97731;0;0;-1
0;783;-80.1813;10.0434;31.8134;8.73128;2788.19;5.24999;0;0;0.1;0.01;0;4.89433;0;0;-1
0;784;-82.7029;25.8702;30.9174;9.40262;3482.05;5.65366;0;0;0.1;0.01;0;2.74988;0;0;-1
0;785;-79.9039;46.0353;31.3479;8.54151;2610.31;5.13589;0;0;0.1;0.01;0;2.20381;0;0;-1
0;786;-65.9612;-66.8923;33.9526;9.46889;3556.2;5.69351;0;0;0.1;0.01;0;3.41875;0;0;-1
0;787;-66.6259;-47.6784;32.2367;9.70994;3834.76;5.83845;0;0;0.1;0.01;0;4.7902;0;0;-1
0;788;-64.3049;-30.77;34.2056;9.95636;4134.19;5.98661;0;0;0.1;0.01;0;6.55631;0;0;-1
0;789;-66.7726;-15.5643;31.0188;8.5;2572.44;5.11093;0;0;0.1;0.01;0;5.95266;1;0;-1
0;790;-65.6095;0.0146615;34.1288;8.9441;2997.08;5.37796;0;0;0.1;0.01;0;5.98519;0;0;-1
0;791;-66.5535;18.1296;33.8906;8.5;2572.44;5.11093;0;0;0.1;0.01;0;4.42855;1;0;-1
0;792;-64.4065;35.1705;31.6628;8.58667;2651.94;5.16304;0;0;0.1;0.01;0;4.16568;0;0;-1
0;793;-66.8429;53.06;33.2019;9.91933;4088.23;5.96435;0;0;0.1;0.01;0;3.57318;0;0;-1
0;794;-53.1867;-73.3242;30.6183;10.1149;4334.84;6.08194;0;0;0.1;0.01;0;4.85216;0;0;-1
0;795;-50.1851;-58.7199;30.9825;9.48167;3570.62;5.70119;0;0;0.1;0.01;0;6.02721;0;0;-1
0;796;-49.8359;-38.4018;31.6511;9.72083;3847.68;5.84499;0;0;0.1;0.01;0;6.12796;0;0;-1
0;797;-52.8068;-21.296;31.1166;8.5;2572.44;5.11093;0;0;0.1;0.01;0;4.91645;1;0;-1
0;798;-52.7036;-7.2923;34.1937;9.66627;3783.25;5.81219;0;0;0.1;0.01;0;4.47848;0;0;-1
0;799;-51.6649;11.8729;31.7813;8.5;2572.44;5.11093;0;0;0.1;0.01;0;4.16153;1;0;-1
0;800;-50.715;29.4026;32.6116;8.5;2572.44;5.11093;0;0;0.1;0.01;0;5.2381;1;0;-1
0;801;-52.7796;43.3393;33.1284;8.5;2572.44;5.11093;0;0;0.1;0.01;0;5.24224;1;0;-1
0;802;-51.6454;60.0641;33.9737;8.5;2572.44;5.11093;0;0;0.1;0.01;0;4.2379;1;0;-1
0;803;-35.6432;-85.3949;34.2832;10.1766;4414.65;6.11904;0;0;0.1;0.01;0;3.63644;0;0;-1
0;804;-38.0012;-66.3765;31.2881;8.5;2572.44;5.11093;0;0;0.1;0.01;0;4.55968;1;0;-1
0;805;-37.9473;-47.2932;33.1284;9.74583;3877.44;5.86003;0;0;0.1;0.01;0;5.9663;0;0;-1
0;806;-34.4741;-33.0327;33.0259;10.2533;4515.23;6.16516;0;0;0.1;0.01;0;6.52135;0;0;-1
0;807;-35.1763;-16.2779;32.7124;8.8572;2910.57;5.32571;0;0;0.1;0.01;0;4.12928;0;0;-1
0;808;-35.3345;2.98309;32.2958;8.80953;2863.83;5.29704;0;0;0.1;0.01;0;4.53563;0;0;-1
0;809;-38.3052;17.673;32.7606;8.96634;3019.49;5.39133;0;0;0.1;0.01;0;4.90156;0;0;-1
0;810;-36.9806;37.9454;31.6655;9.65063;3764.92;5.80278;0;0;0.1;0.01;0;6.08276;0;0;-1
0;811;-36.8432;52.4717;32.4167;8.9865;3039.91;5.40345;0;0;0.1;0.01;0;5.22281;0;0;-1
0;812;-37.9041;69.1963;32.1264;8.5;2572.44;5.11093;0;0;0.1;0.01;0;3.35585;1;0;-1
0;813;-20.9644;-91.027;34.0204;9.86408;4020.3;5.93113;0;0;0.1;0.01;0;3.76526;0;0;-1
0;814;-22.9254;-74.2996;32.2322;8.5;2572.44;5.11093;0;0;0.1;0.01;0;5.1192;1;0;-1
0;815;-22.8339;-57.0503;34.423;8.61747;2680.57;5.18156;0;0;0.1;0.01;0;4.5863;0;0;-1
0;816;-21.8587;-42.7408;31.8934;8.61331;2676.69;5.17906;0;0;0.1;0.01;0;5.68101;0;0;-1
0;817;-20.4305;-21.6643;31.3813;8.5;2572.44;5.11093;0;0;0.1;0.01;0;3.95969;1;0;-1
0;818;-20.9575;-4.75393;34.0497;9.37895;3455.82;5.63943;0;0;0.1;0.01;0;5.90217;0;0;-1
0;819;-21.7908;11.1906;31.645;8.93559;2988.53;5.37284;0;0;0.1;0.01;0;5.87883;0;0;-1
0;820;-22.997;29.3677;33.7788;9.49202;3582.32;5.70741;0;0;0.1;0.01;0;5.55476;0;0;-1
0;821;-20.7388;44.3003;33.8136;9.19925;3260.96;5.53138;0;0;0.1;0.01;0;6.29428;0;0;-1
0;822;-20.4317;59.6988;30.9789;8.65751;2718.11;5.20564;0;0;0.1;0.01;0;5.1208;0;0;-1
0;823;-21.7698;76.7156;32.6725;10.0526;4255.24;6.04448;0;0;0.1;0.01;0;4.74045;0;0;-1
0;824;-6.81718;-81.4844;33.0085;10.2345;4490.44;6.15386;0;0;0.1;0.01;0;5.73673;0;0;-1
0;825;-7.58095;-65.8524;32.0416;9.11861;3175.96;5.48289;0;0;0.1;0.01;0;4.85259;0;0;-1
0;826;-8.80934;-46.9438;30.7942;9.1191;3176.47;5.48318;0;0;0.1;0.01;0;5.15101;0;0;-1
0;827;-5.46058;-32.6262;31.1679;8.5;2572.44;5.11093;0;0;0.1;0.01;0;4.74487;1;0;-1
0;828;-8.84368;-13.1784;31.5904;10.4144;4731.42;6.26203;0;0;0.1;0.01;0;6.59258;0;0;-1
0;829;-7.46459;3.47418;31.9476;9.30981;3379.96;5.59785;0;0;0.1;0.01;0;6.08687;0;0;-1
0;830;-6.85351;20.9975;33.632;10.0649;4270.88;6.05188;0;0;0.1;0.01;0;5.67632;0;0;-1
0;831;-7.48174;37.7967;34.0814;9.13604;3194.2;5.49337;0;0;0.1;0.01;0;6.14215;0;0;-1
0;832;-5.84855;51.7241;33.6912;8.5;2572.44;5.11093;0;0;0.1;0.01;0;5.49202;1;0;-1
0;833;-7.20361;69.7847;32.3984;8.73803;2794.66;5.25405;0;0;0.1;0.01;0;4.3505;0;0;-1
0;834;-6.78268;88.6498;31.1312;8.56897;2635.57;5.1524;0;0;0.1;0.01;0;2.16911;0;0;-1
0;835;8.2493;-89.4355;34.6589;8.757;2812.9;5.26546;0;0;0.1;0.01;0;3.18372;0;0;-1
0;836;7.70545;-74.4744;32.4959;10.4534;4784.77;6.28548;0;0;0.1;0.01;0;7.03395;0;0;-1
0;837;6.34177;-58.9441;31.8207;8.79873;2853.31;5.29055;0;0;0.1;0.01;0;5.10265;0;0;-1
0;838;8.48946;-42.9148;33.2005;10.0561;4259.68;6.04659;0;0;0.1;0.01;0;6.75191;0;0;-1
0;839;6.86175;-23.8866;32.7529;8.90408;2957.03;5.35389;0;0;0.1;0.01;0;4.87926;0;0;-1
0;840;7.21083;-6.04567;33.7199;9.87605;4034.95;5.93833;0;0;0.1;0.01;0;6.05109;0;0;-1
0;841;5.64859;8.78998;34.3862;9.10205;3158.68;5.47293;0;0;0.1;0.01;0;4.74406;0;0;-1
0;842;8.33921;27.8198;31.046;9.25309;3318.55;5.56375;0;0;0.1;0.01;0;5.15892;0;0;-1
0;843;6.7921;42.8938;30.5897;10.1876;4428.99;6.12566;0;0;0.1;0.01;0;6.41997;0;0;-1
0;844;8.63647;61.5763;30.9095;8.68436;2743.48;5.22178;0;0;0.1;0.01;0;4.75729;0;0;-1
0;845;9.1203;78.934;31.9028;9.46328;3549.88;5.69013;0;0;0.1;0.01;0;4.70521;0;0;-1
0;846;23.1417;-82.6654;33.8548;9.93443;4106.93;5.97343;0;0;0.1;0.01;0;4.76601;0;0;-1
0;847;22.6495;-67.9642;33.009;9.85623;4010.71;5.92641;0;0;0.1;0.01;0;5.40249;0;0;-1
0;848;23.8677;-47.7344;33.3891;8.90151;2954.47;5.35235;0;0;0.1;0.01;0;5.89697;0;0;-1
0;849;21.1369;-32.2886;32.4671;10.1635;4397.63;6.11117;0;0;0.1;0.01;0;7.0394;0;0;-1
0;850;22.1193;-14.0031;32.2181;10.1553;4386.99;6.10623;0;0;0.1;0.01;0;6.79544;0;0;-1
0;851;22.3364;0.482988;30.9418;8.92445;2977.37;5.36614;0;0;0.1;0.01;0;5.12753;0;0;-1
0;852;23.0049;19.3316;30.4875;9.06881;3124.2;5.45294;0;0;0.1;0.01;0;4.82332;0;0;-1
0;853;22.1128;37.558;33.9872;9.3486;3422.38;5.62118;0;0;0.1;0.01;0;5.73784;0;0;-1
0;854;23.7952;51.3906;32.5723;9.90615;4071.96;5.95642;0;0;0.1;0.01;0;6.81439;0;0;-1
0;855;22.3255;68.7565;30.9993;8.75237;2808.44;5.26267;0;0;0.1;0.01;0;5.90384;0;0;-1
0;856;20.8566;89.3896;34.2275;9.34689;3420.5;5.62015;0;0;0.1;0.01;0;1.60245;0;0;-1
0;857;35.7817;-74.7248;32.7902;8.5;2572.44;5.11093;0;0;0.1;0.01;0;3.4257;1;0;-1
0;858;37.1859;-55.084;32.8404;9.55435;3653.36;5.74489;0;0;0.1;0.01;0;5.76182;0;0;-1
0;859;35.5755;-38.4164;30.8928;8.5;2572.44;5.11093;0;0;0.1;0.01;0;5.31072;1;0;-1
0;860;37.499;-21.9823;32.1865;8.5;2572.44;5.11093;0;0;0.1;0.01;0;4.7561;1;0;-1
0;861;35.8992;-4.81516;33.2092;9.17157;3231.62;5.51473;0;0;0.1;0.01;0;5.72609;0;0;-1
0;862;38.7436;9.35372;32.4822;8.59517;2659.82;5.16815;0;0;0.1;0.01;0;4.91383;0;0;-1
0;863;38.1042;25.563;33.0006;9.81869;3965.06;5.90384;0;0;0.1;0.01;0;5.59307;0;0;-1
0;864;38.3512;43.1663;33.0912;9.76301;3897.98;5.87036;0;0;0.1;0.01;0;6.0211;0;0;-1
0;865;35.3782;61.8595;33.7032;9.76121;3895.83;5.86927;0;0;0.1;0.01;0;6.62588;0;0;-1
0;866;36.8556;77.2493;32.1621;10.0224;4217;6.02632;0;0;0.1;0.01;0;5.23574;0;0;-1
0;867;52.8302;-64.6667;31.9395;9.06145;3116.6;5.44852;0;0;0.1;0.01;0;3.973;0;0;-1
0;868;53.1675;-49.3377;32.125;9.43641;3519.73;5.67398;0;0;0.1;0.01;0;5.65711;0;0;-1
0;869;52.0715;-33.388;32.4073;9.52844;3623.71;5.72931;0;0;0.1;0.01;0;6.14;0;0;-1
0;870;51.5469;-17.3164;31.5969;9.93219;4104.15;5.97208;0;0;0.1;0.01;0;6.32075;0;0;-1
0;871;53.2127;0.915147;33.8715;10.0205;4214.6;6.02518;0;0;0.1;0.01;0;6.86755;0;0;-1
0;872;52.4606;17.822;33.3903;8.9672;3020.36;5.39185;0;0;0.1;0.01;0;6.0153;0;0;-1
0;873;53.4771;38.1474;32.2405;8.9671;3020.26;5.39179;0;0;0.1;0.01;0;6.03748;0;0;-1
0;874;53.2653;53.1762;33.3259;9.60563;3712.5;5.77573;0;0;0.1;0.01;0;6.96976;0;0;-1
0;875;51.4241;68.3287;32.4197;9.14929;3208.12;5.50134;0;0;0.1;0.01;0;4.86816;0;0;-1
0;876;67.2575;-58.0698;32.4284;8.83388;2887.64;5.31168;0;0;0.1;0.01;0;3.29286;0;0;-1
0;877;67.6949;-38.6043;31.5542;9.31078;3381.01;5.59844;0;0;0.1;0.01;0;5.34497;0;0;-1
0;878;66.3896;-21.8166;31.9643;9.12977;3187.63;5.4896;0;0;0.1;0.01;0;5.27056;0;0;-1
0;879;66.9391;-4.77107;32.6229;9.85842;4013.38;5.92772;0;0;0.1;0.01;0;5.72437;0;0;-1
0;880;67.211;10.3568;32.9747;8.94914;3002.15;5.38099;0;0;0.1;0.01;0;6.55058;0;0;-1
0;881;66.2129;28.0088;33.7865;8.61621;2679.4;5.1808;0;0;0.1;0.01;0;5.8203;0;0;-1
0;882;67.3152;45.6434;31.0893;9.11558;3172.79;5.48107;0;0;0.1;0.01;0;6.46656;0;0;-1
0;883;67.0135;59.5011;32.0782;9.87652;4035.53;5.93861;0;0;0.1;0.01;0;4.75448;0;0;-1
0;884;79.9435;-30.2591;33.8294;9.91075;4077.63;5.95919;0;0;0.1;0.01;0;4.39762;0;0;-1
0;885;80.1763;-15.9672;30.7206;8.8039;2858.34;5.29366;0;0;0.1;0.01;0;4.50514;0;0;-1
0;886;79.6567;3.68708;33.5513;10.0827;4293.58;6.06258;0;0;0.1;0.01;0;4.94738;0;0;-1
0;887;80.7141;19.7;34.1957;8.73611;2792.82;5.2529;0;0;0.1;0.01;0;3.84849;0;0;-1
0;888;80.5461;33.6391;31.924;8.98096;3034.29;5.40012;0;0;0.1;0.01;0;4.25583;0;0;-1
0;889;-86.3529;-6.44581;47.2336;9.7781;3916.08;5.87943;0;0;0.1;0.01;0;3.24529;0;0;-1
0;890;-85.6616;9.85776;47.7977;10.4049;4718.48;6.25632;0;0;0.1;0.01;0;3.02237;0;0;-1
0;891;-69.0199;-49.9826;48.7953;10.4318;4755.17;6.27249;0;0;0.1;0.01;0;2.87996;0;0;-1
0;892;-69.3914;-33.7479;47.9891;8.5;2572.44;5.11093;0;0;0.1;0.01;0;4.09348;1;0;-1
0;893;-69.367;-13.3648;47.6958;9.91875;4087.52;5.964;0;0;0.1;0.01;0;5.72563;0;0;-1
0;894;-71.5177;0.839697;46.7806;8.91111;2964.04;5.35812;0;0;0.1;0.01;0;5.62275;0;0;-1
0;895;-68.5677;18.0397;47.0506;8.75571;2811.66;5.26468;0;0;0.1;0.01;0;3.93354;0;0;-1
0;896;-70.5799;36.4584;49.3649;9.25688;3322.63;5.56603;0;0;0.1;0.01;0;1.72436;0;0;-1
0;897;-56.6384;-59.6067;46.1477;8.92538;2978.3;5.3667;0;0;0.1;0.01;0;4.10052;0;0;-1
0;898;-57.0567;-39.1348;47.606;9.30218;3371.65;5.59327;0;0;0.1;0.01;0;5.7776;0;0;-1
0;899;-57.0489;-23.2668;47.2555;8.5;2572.44;5.11093;0;0;0.1;0.01;0;5.45113;1;0;-1
0;900;-56.8232;-6.91196;48.8063;9.56046;3660.37;5.74857;0;0;0.1;0.01;0;5.9055;0;0;-1
0;901;-54.5938;12.754;45.9892;8.6949;2753.48;5.22812;0;0;0.1;0.01;0;4.41896;0;0;-1
0;902;-57.7009;29.7462;45.9896;8.5;2572.44;5.11093;0;0;0.1;0.01;0;4.65799;1;0;-1
0;903;-56.3;45.9442;47.0316;8.5;2572.44;5.11093;0;0;0.1;0.01;0;4.46106;1;0;-1
0;904;-54.439;61.3019;46.414;8.73256;2789.42;5.25076;0;0;0.1;0.01;0;3.49977;0;0;-1
0;905;-40.6501;-64.3874;45.8759;8.77308;2828.43;5.27513;0;0;0.1;0.01;0;3.6648;0;0;-1
0;906;-40.4059;-50.5766;48.203;9.14813;3206.9;5.50064;0;0;0.1;0.01;0;5.15824;0;0;-1
0;907;-43.1981;-30.071;46.0974;10.1709;4407.24;6.11561;0;0;0.1;0.01;0;6.05248;0;0;-1
0;908;-41.5094;-14.2929;49.0831;8.5;2572.44;5.11093;0;0;0.1;0.01;0;4.98908;1;0;-1
0;909;-41.6425;0.770981;49.2628;8.65928;2719.78;5.2067;0;0;0.1;0.01;0;4.60061;0;0;-1
0;910;-42.0969;16.7744;48.2715;10.2808;4551.66;6.1817;0;0;0.1;0.01;0;5.92268;0;0;-1
0;911;-42.3321;35.881;45.2246;8.59133;2656.26;5.16584;0;0;0.1;0.01;0;4.95101;0;0;-1
0;912;-41.2196;53.2381;48.905;10.1348;4360.48;6.09391;0;0;0.1;0.01;0;6.53561;0;0;-1
0;913;-42.4853;69.7245;48.0968;9.85071;4003.97;5.92309;0;0;0.1;0.01;0;4.23723;0;0;-1
0;914;-27.8303;-76.7454;46.7364;9.0812;3137.03;5.46039;0;0;0.1;0.01;0;2.96216;0;0;-1
0;915;-26.1688;-55.5093;48.3155;8.59395;2658.69;5.16742;0;0;0.1;0.01;0;5.99497;0;0;-1
0;916;-27.6866;-41.4915;46.5273;9.63897;3751.29;5.79577;0;0;0.1;0.01;0;7.57635;0;0;-1
0;917;-28.0294;-24.2517;49.4366;8.5;2572.44;5.11093;0;0;0.1;0.01;0;4.80229;1;0;-1
0;918;-25.703;-8.79198;47.3215;8.5;2572.44;5.11093;0;0;0.1;0.01;0;4.63662;1;0;-1
0;919;-26.6724;12.0283;46.5387;9.92574;4096.16;5.9682;0;0;0.1;0.01;0;5.77909;0;0;-1
0;920;-26.9557;29.5845;48.5514;10.2075;4454.99;6.13762;0;0;0.1;0.01;0;7.06298;0;0;-1
0;921;-26.3494;45.1536;48.8366;9.22863;3292.31;5.54904;0;0;0.1;0.01;0;6.11758;0;0;-1
0;922;-25.8937;60.8805;46.5199;10.3198;4603.65;6.20515;0;0;0.1;0.01;0;6.87238;0;0;-1
0;923;-25.5694;79.3346;48.4984;9.1597;3219.08;5.50759;0;0;0.1;0.01;0;3.17641;0;0;-1
0;924;-12.363;-80.7891;46.018;8.874;2927.16;5.33581;0;0;0.1;0.01;0;3.07096;0;0;-1
0;925;-11.8858;-64.6855;47.9657;8.62741;2689.86;5.18754;0;0;0.1;0.01;0;4.45647;0;0;-1
0;926;-13.4941;-47.9728;46.5702;10.3686;4669.27;6.23449;0;0;0.1;0.01;0;7.52082;0;0;-1
0;927;-12.6921;-33.5672;49.1055;10.005;4195.08;6.01586;0;0;0.1;0.01;0;5.88018;0;0;-1
0;928;-11.4125;-13.8821;48.6915;9.93402;4106.42;5.97318;0;0;0.1;0.01;0;6.77008;0;0;-1
0;929;-11.0338;0.27073;46.1087;9.49154;3581.78;5.70713;0;0;0.1;0.01;0;6.6515;0;0;-1
0;930;-13.1757;19.5097;47.8629;10.0132;4205.4;6.02079;0;0;0.1;0.01;0;6.2584;0;0;-1
0;931;-11.2556;37.0934;49.0538;8.84922;2902.71;5.32091;0;0;0.1;0.01;0;6.45068;0;0;-1
0;932;-12.2007;52.5423;48.7872;9.02879;3083.03;5.42888;0;0;0.1;0.01;0;7.20861;0;0;-1
0;933;-11.7522;69.7925;48.0748;10.1432;4371.33;6.09896;0;0;0.1;0.01;0;5.86719;0;0;-1
0;934;-12.8169;86.6159;47.9896;8.5;2572.44;5.11093;0;0;0.1;0.01;0;1.66683;1;0;-1
0;935;2.05948;-73.1376;45.8819;8.5;2572.44;5.11093;0;0;0.1;0.01;0;4.91359;1;0;-1
0;936;1.61256;-59.435;46.6219;8.99434;3047.87;5.40817;0;0;0.1;0.01;0;5.60961;0;0;-1
0;937;2.35622;-42.2777;46.9524;9.40872;3488.83;5.65733;0;0;0.1;0.01;0;5.65061;0;0;-1
0;938;1.44805;-22.4102;48.5039;9.3869;3464.62;5.64421;0;0;0.1;0.01;0;5.81919;0;0;-1
0;939;4.3087;-5.38756;49.0447;9.50215;3593.8;5.7135;0;0;0.1;0.01;0;6.8124;0;0;-1
0;940;3.22133;8.86647;49.238;9.40384;3483.41;5.65439;0;0;0.1;0.01;0;5.80895;0;0;-1
0;941;1.82307;29.6328;47.3248;8.5;2572.44;5.11093;0;0;0.1;0.01;0;5.04867;1;0;-1
0;942;1.08676;45.5436;47.6013;8.53776;2606.88;5.13363;0;0;0.1;0.01;0;6.17125;0;0;-1
0;943;1.48662;60.6202;45.671;9.03964;3094.15;5.4354;0;0;0.1;0.01;0;5.4375;0;0;-1
0;944;4.93203;79.7312;48.6627;10.1102;4328.8;6.07912;0;0;0.1;0.01;0;3.00411;0;0;-1
0;945;18.9266;-84.4739;48.8928;8.82496;2878.9;5.30632;0;0;0.1;0.01;0;1.95411;0;0;-1
0;946;18.2791;-65.9291;46.7121;9.13393;3191.99;5.4921;0;0;0.1;0.01;0;4.69446;0;0;-1
0;947;16.9272;-49.4168;46.2922;8.5;2572.44;5.11093;0;0;0.1;0.01;0;4.61304;1;0;-1
0;948;19.3947;-34.4015;45.9295;10.2763;4545.68;6.17899;0;0;0.1;0.01;0;6.56801;0;0;-1
0;949;16.1484;-14.8608;48.4618;9.22523;3288.67;5.547;0;0;0.1;0.01;0;6.3417;0;0;-1
0;950;18.7794;1.80477;48.5174;8.50641;2578.26;5.11478;0;0;0.1;0.01;0;5.65918;0;0;-1
0;951;17.3914;17.4884;46.7749;9.55479;3653.86;5.74516;0;0;0.1;0.01;0;5.23568;0;0;-1
0;952;16.0232;36.398;49.0105;8.5;2572.44;5.11093;0;0;0.1;0.01;0;4.95238;1;0;-1
0;953;19.2401;50.8463;45.5642;9.03341;3087.76;5.43166;0;0;0.1;0.01;0;5.11273;0;0;-1
0;954;17.4166;71.096;46.7951;9.52319;3617.73;5.72616;0;0;0.1;0.01;0;4.54302;0;0;-1
0;955;33.2078;-74.2757;48.7929;8.9766;3029.87;5.3975;0;0;0.1;0.01;0;3.24235;0;0;-1
0;956;33.1115;-57.133;47.8295;9.60965;3717.16;5.77814;0;0;0.1;0.01;0;6.04712;0;0;-1
0;957;33.4769;-39.2148;45.8223;9.85133;4004.73;5.92346;0;0;0.1;0.01;0;6.54258;0;0;-1
0;958;30.7984;-22.515;46.1755;9.98303;4167.5;6.00265;0;0;0.1;0.01;0;6.39008;0;0;-1
0;959;31.9809;-5.04465;47.774;9.48791;3577.67;5.70494;0;0;0.1;0.01;0;5.83621;0;0;-1
0;960;33.2529;12.0614;47.644;9.44032;3524.1;5.67633;0;0;0.1;0.01;0;5.47996;0;0;-1
0;961;30.6841;25.7838;46.9788;9.75134;3884.02;5.86334;0;0;0.1;0.01;0;6.52881;0;0;-1
0;962;32.7072;43.2064;48.5124;8.95476;3007.81;5.38437;0;0;0.1;0.01;0;6.11701;0;0;-1
0;963;31.8849;59.3295;48.6133;9.99243;4179.28;6.0083;0;0;0.1;0.01;0;6.93131;0;0;-1
0;964;30.9337;76.2503;47.7003;9.44588;3530.33;5.67967;0;0;0.1;0.01;0;4.12586;0;0;-1
0;965;45.9704;-63.7047;46.57;8.50235;2574.57;5.11234;0;0;0.1;0.01;0;3.30836;0;0;-1
0;966;46.1775;-47.4748;47.5702;10.2055;4452.37;6.13642;0;0;0.1;0.01;0;6.42969;0;0;-1
0;967;47.6491;-31.4614;46.2931;8.5;2572.44;5.11093;0;0;0.1;0.01;0;5.04422;1;0;-1
0;968;45.2302;-13.9404;49.0294;9.26855;3335.22;5.57304;0;0;0.1;0.01;0;5.88971;0;0;-1
0;969;45.8963;-0.220168;45.3758;8.5;2572.44;5.11093;0;0;0.1;0.01;0;5.34637;1;0;-1
0;970;47.7148;20.7845;46.8814;10.0206;4214.73;6.02524;0;0;0.1;0.01;0;7.16728;0;0;-1
0;971;45.3009;36.6175;48.5883;9.44979;3534.72;5.68202;0;0;0.1;0.01;0;6.80101;0;0;-1
0;972;46.4685;54.7681;49.1034;9.69619;3818.49;5.83018;0;0;0.1;0.01;0;5.88118;0;0;-1
0;973;45.6628;72.0041;48.422;9.86394;4020.13;5.93104;0;0;0.1;0.01;0;3.34263;0;0;-1
0;974;63.6999;-58.7705;46.4778;8.74716;2803.43;5.25954;0;0;0.1;0.01;0;2.38451;0;0;-1
0;975;62.01;-42.3751;47.645;9.36522;3440.67;5.63117;0;0;0.1;0.01;0;5.04917;0;0;-1
0;976;59.8925;-24.0727;48.528;8.5;2572.44;5.11093;0;0;0.1;0.01;0;4.86111;1;0;-1
0;977;63.6065;-8.70173;46.8157;10.1425;4370.42;6.09854;0;0;0.1;0.01;0;6.67263;0;0;-1
0;978;60.6644;8.13151;47.1518;9.86993;4027.46;5.93465;0;0;0.1;0.01;0;6.38315;0;0;-1
0;979;61.5207;26.811;46.1134;9.90075;4065.3;5.95318;0;0;0.1;0.01;0;6.42675;0;0;-1
0;980;60.1716;43.6475;46.0423;10.1384;4365.13;6.09607;0;0;0.1;0.01;0;6.24366;0;0;-1
0;981;61.169;61.003;46.9968;9.12844;3186.24;5.4888;0;0;0.1;0.01;0;3.75922;0;0;-1
0;982;77.2977;-30.3686;48.6455;8.61289;2676.3;5.17881;0;0;0.1;0.01;0;2.62335;0;0;-1
0;983;77.1317;-17.1022;47.7307;8.5;2572.44;5.11093;0;0;0.1;0.01;0;3.16044;1;0;-1
0;984;75.5662;1.83154;46.5502;9.84126;3992.46;5.91741;0;0;0.1;0.01;0;5.04637;0;0;-1
0;985;78.6922;17.3405;48.8016;10.0526;4255.24;6.04448;0;0;0.1;0.01;0;4.18473;0;0;-1
0;986;75.2826;34.6964;45.9232;10.2898;4563.62;6.18711;0;0;0.1;0.01;0;4.40659;0;0;-1
0;987;-65.6121;-30.2869;62.2636;8.57744;2643.39;5.15749;0;0;0.1;0.01;0;3.43757;0;0;-1
0;988;-66.5765;-15.4232;63.5527;8.87947;2932.58;5.3391;0;0;0.1;0.01;0;3.53965;0;0;-1
0;989;-66.6894;0.550765;61.3336;8.52153;2592.04;5.12387;0;0;0.1;0.01;0;3.48025;0;0;-1
0;990;-66.1518;19.5143;63.9333;9.60852;3715.85;5.77746;0;0;0.1;0.01;0;3.35529;0;0;-1
0;991;-51.8162;-58.482;60.4491;9.06277;3117.97;5.44931;0;0;0.1;0.01;0;2.1369;0;0;-1
0;992;-51.4192;-38.7573;63.6226;10.4312;4754.35;6.27213;0;0;0.1;0.01;0;5.19774;0;0;-1
0;993;-50.7464;-24.4996;63.3014;8.99047;3043.94;5.40584;0;0;0.1;0.01;0;6.41282;0;0;-1
0;994;-52.7068;-8.79077;61.3358;8.75928;2815.1;5.26683;0;0;0.1;0.01;0;4.57311;0;0;-1
0;995;-53.4872;10.3275;61.6449;10.3467;4639.75;6.22132;0;0;0.1;0.01;0;5.60338;0;0;-1
0;996;-53.0235;27.1249;62.1065;8.5119;2583.26;5.11808;0;0;0.1;0.01;0;4.04168;0;0;-1
0;997;-51.7534;46.5252;61.8007;9.49673;3587.66;5.71025;0;0;0.1;0.01;0;3.02789;0;0;-1
0;998;-36.3727;-47.5575;60.5212;9.31429;3384.84;5.60055;0;0;0.1;0.01;0;6.18517;0;0;-1
0;999;-36.9167;-33.1683;64.1649;8.56914;2635.73;5.1525;0;0;0.1;0.01;0;5.89135;0;0;-1
0;1000;-35.4724;-15.6555;62.6737;9.77893;3917.08;5.87993;0;0;0.1;0.01;0;6.62051;0;0;-1
0;1001;-36.1667;1.45553;63.9665;8.73934;2795.92;5.25484;0;0;0.1;0.01;0;4.87712;0;0;-1
0;1002;-35.0661;19.5876;62.2206;8.80965;2863.94;5.29711;0;0;0.1;0.01;0;5.88672;0;0;-1
0;1003;-35.2292;37.0909;60.6589;9.96828;4149.06;5.99378;0;0;0.1;0.01;0;6.29149;0;0;-1
0;1004;-38.305;52.26;63.8419;9.47991;3568.63;5.70013;0;0;0.1;0.01;0;3.94426;0;0;-1
0;1005;-38.3148;67.9567;60.6984;9.61487;3723.22;5.78128;0;0;0.1;0.01;0;3.1842;0;0;-1
0;1006;-21.3233;-73.2335;63.7699;8.5;2572.44;5.11093;0;0;0.1;0.01;0;1.71183;1;0;-1
0;1007;-23.2932;-57.0293;62.2459;10.4;4711.82;6.25337;0;0;0.1;0.01;0;6.18593;0;0;-1
0;1008;-22.2424;-40.8624;61.395;10.2717;4539.58;6.17622;0;0;0.1;0.01;0;8.02799;0;0;-1
0;1009;-21.3035;-22.7335;63.6648;8.53442;2603.82;5.13162;0;0;0.1;0.01;0;6.24183;0;0;-1
0;1010;-21.9766;-5.5672;62.1245;10.3597;4657.26;6.22914;0;0;0.1;0.01;0;6.43715;0;0;-1
0;1011;-22.122;10.5168;60.8589;8.5;2572.44;5.11093;0;0;0.1;0.01;0;3.63219;1;0;-1
0;1012;-23.7861;26.8079;63.5248;9.01866;3072.66;5.42279;0;0;0.1;0.01;0;4.69184;0;0;-1
0;1013;-22.4066;44.4764;62.8102;9.87176;4029.7;5.93575;0;0;0.1;0.01;0;6.77172;0;0;-1
0;1014;-21.834;59.7029;60.1835;8.81698;2871.1;5.30152;0;0;0.1;0.01;0;5.43627;0;0;-1
0;1015;-7.87617;-67.6934;60.3435;8.52518;2595.37;5.12607;0;0;0.1;0.01;0;3.89128;0;0;-1
0;1016;-7.87121;-47.7031;63.1289;10.2311;4485.96;6.15181;0;0;0.1;0.01;0;6.71257;0;0;-1
0;1017;-5.56359;-29.8847;63.399;9.05885;3113.92;5.44696;0;0;0.1;0.01;0;6.57433;0;0;-1
0;1018;-6.85236;-15.3333;60.9761;8.54701;2615.36;5.13919;0;0;0.1;0.01;0;6.62526;0;0;-1
0;1019;-8.78459;0.620564;60.7765;8.5;2572.44;5.11093;0;0;0.1;0.01;0;4.71314;1;0;-1
0;1020;-6.95676;20.8346;60.3874;8.92528;2978.2;5.36664;0;0;0.1;0.01;0;4.61507;0;0;-1
0;1021;-8.83242;36.0091;63.5784;9.68264;3802.51;5.82203;0;0;0.1;0.01;0;7.04763;0;0;-1
0;1022;-6.47229;52.1426;61.0291;9.64341;3756.48;5.79844;0;0;0.1;0.01;0;7.58157;0;0;-1
0;1023;-7.43121;67.6709;60.8738;10.3052;4584.14;6.19637;0;0;0.1;0.01;0;4.93664;0;0;-1
0;1024;5.31803;-73.7728;61.9519;8.5;2572.44;5.11093;0;0;0.1;0.01;0;2.23694;1;0;-1
0;1025;6.87231;-57.4089;62.3016;10.176;4413.87;6.11868;0;0;0.1;0.01;0;5.81623;0;0;-1
0;1026;7.74118;-39.3536;61.0334;8.5;2572.44;5.11093;0;0;0.1;0.01;0;4.55203;1;0;-1
0;1027;6.38159;-22.6895;62.3478;9.92312;4092.92;5.96663;0;0;0.1;0.01;0;6.71115;0;0;-1
0;1028;9.17412;-6.37222;62.4712;10.2402;4497.94;6.15728;0;0;0.1;0.01;0;6.85724;0;0;-1
0;1029;8.78071;12.1978;62.2437;8.66534;2725.5;5.21034;0;0;0.1;0.01;0;4.78739;0;0;-1
0;1030;7.91808;26.3255;63.4157;8.5;2572.44;5.11093;0;0;0.1;0.01;0;5.49469;1;0;-1
0;1031;7.4233;42.0723;60.0851;10.2988;4575.6;6.19252;0;0;0.1;0.01;0;6.63385;0;0;-1
0;1032;6.63783;63.0858;63.2905;9.3194;3390.41;5.60362;0;0;0.1;0.01;0;4.62313;0;0;-1
0;1033;21.3054;-63.8679;60.9592;8.5;2572.44;5.11093;0;0;0.1;0.01;0;3.70149;1;0;-1
0;1034;23.2554;-50.2969;61.9556;8.5;2572.44;5.11093;0;0;0.1;0.01;0;4.43475;1;0;-1
0;1035;20.9402;-32.3633;61.0321;8.5;2572.44;5.11093;0;0;0.1;0.01;0;3.83254;1;0;-1
0;1036;24.2149;-12.67;60.3629;8.5;2572.44;5.11093;0;0;0.1;0.01;0;5.407;1;0;-1
0;1037;20.6116;2.95568;61.7765;8.5;2572.44;5.11093;0;0;0.1;0.01;0;5.06512;1;0;-1
0;1038;23.0786;19.798;63.7337;10.3275;4613.96;6.20978;0;0;0.1;0.01;0;7.34234;0;0;-1
0;1039;21.9261;37.8441;63.1481;8.70203;2760.26;5.2324;0;0;0.1;0.01;0;5.68719;0;0;-1
0;1040;21.5789;53.1575;60.4204;8.5;2572.44;5.11093;0;0;0.1;0.01;0;5.29547;1;0;-1
0;1041;22.1321;69.1095;61.3943;9.0674;3122.75;5.4521;0;0;0.1;0.01;0;3.39018;0;0;-1
0;1042;34.6663;-59.7327;63.5362;8.5;2572.44;5.11093;0;0;0.1;0.01;0;2.17462;1;0;-1
0;1043;36.1571;-39.3395;62.5756;9.23923;3303.66;5.55541;0;0;0.1;0.01;0;4.51166;0;0;-1
0;1044;38.1825;-22.8149;61.8989;8.81792;2872.02;5.30209;0;0;0.1;0.01;0;4.89514;0;0;-1
0;1045;35.7956;-5.06001;62.6068;8.95321;3006.25;5.38344;0;0;0.1;0.01;0;4.80299;0;0;-1
0;1046;38.2695;12.2852;61.3815;9.45337;3538.74;5.68417;0;0;0.1;0.01;0;5.64706;0;0;-1
0;1047;37.9513;26.2033;60.2466;8.5;2572.44;5.11093;0;0;0.1;0.01;0;6.73155;1;0;-1
0;1048;35.5224;43.3617;63.5163;9.23679;3301.05;5.55395;0;0;0.1;0.01;0;5.63002;0;0;-1
0;1049;38.6632;60.4739;63.383;9.72555;3853.28;5.84783;0;0;0.1;0.01;0;3.94726;0;0;-1
0;1050;53.4562;-48.7337;61.7451;9.52246;3616.9;5.72572;0;0;0.1;0.01;0;3.22274;0;0;-1
0;1051;50.366;-33.3917;60.88;8.5;2572.44;5.11093;0;0;0.1;0.01;0;4.87614;1;0;-1
0;1052;51.0262;-15.2817;62.1414;9.58171;3684.83;5.76134;0;0;0.1;0.01;0;5.69808;0;0;-1
0;1053;50.0377;0.79673;62.6964;8.5;2572.44;5.11093;0;0;0.1;0.01;0;4.13;1;0;-1
0;1054;50.5545;20.6929;60.9287;8.5;2572.44;5.11093;0;0;0.1;0.01;0;5.72396;1;0;-1
0;1055;50.8688;34.8055;61.8216;9.8158;3961.56;5.9021;0;0;0.1;0.01;0;6.01765;0;0;-1
0;1056;53.6948;53.0047;62.738;10.1404;4367.71;6.09728;0;0;0.1;0.01;0;3.14301;0;0;-1
0;1057;67.0781;-40.8567;60.8946;10.4293;4751.76;6.27099;0;0;0.1;0.01;0;2.85297;0;0;-1
0;1058;64.4541;-21.5163;62.1451;8.5;2572.44;5.11093;0;0;0.1;0.01;0;2.95878;1;0;-1
0;1059;64.4394;-5.43907;61.8689;8.5;2572.44;5.11093;0;0;0.1;0.01;0;4.08131;1;0;-1
0;1060;66.7724;9.19786;60.6595;9.7064;3830.57;5.83632;0;0;0.1;0.01;0;3.28657;0;0;-1
0;1061;65.1699;25.0268;60.1624;8.80062;2855.15;5.29169;0;0;0.1;0.01;0;2.82048;0;0;-1
0;1062;-54.4215;-23.769;75.9854;9.34551;3418.99;5.61932;0;0;0.1;0.01;0;3.60245;0;0;-1
0;1063;-56.509;-4.69904;78.7052;8.5;2572.44;5.11093;0;0;0.1;0.01;0;1.66269;1;0;-1
0;1064;-54.948;10.6835;76.2463;9.32397;3395.4;5.60637;0;0;0.1;0.01;0;3.90365;0;0;-1
0;1065;-56.4422;29.7249;75.0149;10.447;4775.99;6.28163;0;0;0.1;0.01;0;3.23502;0;0;-1
0;1066;-40.026;-48.965;77.0269;8.5;2572.44;5.11093;0;0;0.1;0.01;0;2.24671;1;0;-1
0;1067;-42.2528;-30.7968;77.7963;8.79456;2849.25;5.28804;0;0;0.1;0.01;0;4.74817;0;0;-1
0;1068;-40.3988;-15.9256;75.0947;9.98709;4172.59;6.00509;0;0;0.1;0.01;0;6.54634;0;0;-1
0;1069;-40.4553;2.86716;77.9473;9.51488;3608.27;5.72116;0;0;0.1;0.01;0;5.73035;0;0;-1
0;1070;-41.6322;17.7786;74.6479;8.54694;2615.29;5.13915;0;0;0.1;0.01;0;5.54844;0;0;-1
0;1071;-39.3227;33.6825;76.481;9.87209;4030.1;5.93594;0;0;0.1;0.01;0;4.14138;0;0;-1
0;1072;-24.3922;-55.1616;76.9417;9.73996;3870.44;5.8565;0;0;0.1;0.01;0;3.46841;0;0;-1
0;1073;-26.2743;-40.8482;74.9512;9.02504;3079.19;5.42663;0;0;0.1;0.01;0;5.50528;0;0;-1
0;1074;-27.4712;-23.1551;76.5326;10.0637;4269.35;6.05116;0;0;0.1;0.01;0;7.01423;0;0;-1
0;1075;-27.2479;-4.51836;77.8946;9.34698;3420.6;5.6202;0;0;0.1;0.01;0;6.55032;0;0;-1
0;1076;-24.9795;12.2859;77.0438;9.04555;3100.23;5.43896;0;0;0.1;0.01;0;5.77546;0;0;-1
0;1077;-25.7876;26.5296;77.304;9.31413;3384.66;5.60045;0;0;0.1;0.01;0;5.89725;0;0;-1
0;1078;-25.3422;43.7235;77.7644;9.28589;3353.97;5.58347;0;0;0.1;0.01;0;3.80748;0;0;-1
0;1079;-10.0667;-47.8125;76.4027;8.80812;2862.45;5.29619;0;0;0.1;0.01;0;4.92263;0;0;-1
0;1080;-12.4499;-31.1418;76.4176;10.2266;4480.05;6.14911;0;0;0.1;0.01;0;7.47831;0;0;-1
0;1081;-12.8049;-16.1728;74.6166;9.40462;3484.27;5.65486;0;0;0.1;0.01;0;7.3522;0;0;-1
0;1082;-13.5641;0.329333;78.4971;10.2202;4471.64;6.14526;0;0;0.1;0.01;0;6.59709;0;0;-1
0;1083;-11.4823;20.5744;78.3225;8.95194;3004.97;5.38267;0;0;0.1;0.01;0;5.81137;0;0;-1
0;1084;-10.8865;36.5093;76.778;10.0821;4292.81;6.06222;0;0;0.1;0.01;0;7.27553;0;0;-1
0;1085;-11.9882;51.5961;76.3117;9.93362;4105.93;5.97294;0;0;0.1;0.01;0;4.78295;0;0;-1
0;1086;3.54477;-58.8438;76.6031;10.3992;4710.73;6.25289;0;0;0.1;0.01;0;3.37096;0;0;-1
0;1087;1.38053;-42.2293;78.4793;8.5;2572.44;5.11093;0;0;0.1;0.01;0;4.97649;1;0;-1
0;1088;4.76913;-23.2435;76.3331;10.0445;4244.96;6.03961;0;0;0.1;0.01;0;6.80773;0;0;-1
0;1089;1.30056;-7.5935;78.2434;9.92445;4094.57;5.96743;0;0;0.1;0.01;0;6.26986;0;0;-1
0;1090;3.2675;11.4151;77.638;8.90179;2954.75;5.35252;0;0;0.1;0.01;0;4.54073;0;0;-1
0;1091;1.50525;27.3621;77.7803;9.65841;3774.03;5.80746;0;0;0.1;0.01;0;7.23877;0;0;-1
0;1092;2.54054;42.4967;76.4654;10.3015;4579.2;6.19414;0;0;0.1;0.01;0;6.33689;0;0;-1
0;1093;4.04333;61.3736;76.5688;9.70352;3827.16;5.83459;0;0;0.1;0.01;0;3.29181;0;0;-1
0;1094;16.4742;-49.6005;74.993;8.82222;2876.22;5.30467;0;0;0.1;0.01;0;3.51579;0;0;-1
0;1095;17.4692;-30.7393;77.8466;9.94785;4123.6;5.9815;0;0;0.1;0.01;0;6.04376;0;0;-1
0;1096;18.4948;-13.1227;74.6064;9.11763;3174.93;5.4823;0;0;0.1;0.01;0;6.14095;0;0;-1
0;1097;16.7227;3.33956;76.3045;8.78297;2838;5.28107;0;0;0.1;0.01;0;5.25162;0;0;-1
0;1098;18.4121;20.1277;76.7585;8.5;2572.44;5.11093;0;0;0.1;0.01;0;5.81053;1;0;-1
0;1099;18.6036;33.9788;76.0101;10.0972;4312.13;6.0713;0;0;0.1;0.01;0;7.30692;0;0;-1
0;1100;18.5637;54.4277;76.1413;9.59276;3697.6;5.76799;0;0;0.1;0.01;0;3.6022;0;0;-1
0;1101;32.5527;-40.2037;76.4284;10.1849;4425.47;6.12403;0;0;0.1;0.01;0;3.81209;0;0;-1
0;1102;31.2485;-22.9465;78.5525;10.1291;4353.13;6.09048;0;0;0.1;0.01;0;5.58295;0;0;-1
0;1103;31.1788;-5.98576;77.3432;8.5572;2624.72;5.14532;0;0;0.1;0.01;0;5.20053;0;0;-1
0;1104;32.3743;11.7454;76.1717;9.07028;3125.72;5.45383;0;0;0.1;0.01;0;4.463;0;0;-1
0;1105;34.5177;28.4113;76.6473;10.3011;4578.67;6.1939;0;0;0.1;0.01;0;5.87521;0;0;-1
0;1106;30.9542;46.4937;78.1588;10.3268;4613.03;6.20935;0;0;0.1;0.01;0;4.16981;0;0;-1
0;1107;49.0825;-30.3945;78.6653;9.26179;3327.92;5.56898;0;0;0.1;0.01;0;1.69099;0;0;-1
0;1108;45.4493;-13.8834;75.3067;8.5304;2600.14;5.12921;0;0;0.1;0.01;0;4.76182;0;0;-1
0;1109;47.4413;0.402521;77.9794;8.55106;2619.08;5.14163;0;0;0.1;0.01;0;3.45406;0;0;-1
0;1110;48.3232;20.0365;74.9216;9.58572;3689.46;5.76375;0;0;0.1;0.01;0;3.86916;0;0;-1
0;1111;49.0103;36.2388;77.4604;8.5;2572.44;5.11093;0;0;0.1;0.01;0;2.34336;1;0;-1
0;1112;60.4398;-6.10648;78.4445;8.5;2572.44;5.11093;0;0;0.1;0.01;0;1.59369;1;0;-1
0;1113;-36.2686;-15.7289;89.6383;9.8315;3980.59;5.91154;0;0;0.1;0.01;0;4.24686;0;0;-1
0;1114;-36.4147;1.56835;91.2413;8.5;2572.44;5.11093;0;0;0.1;0.01;0;3.92106;1;0;-1
0;1115;-38.4461;16.9525;89.8886;10.0141;4206.53;6.02133;0;0;0.1;0.01;0;3.76919;0;0;-1
0;1116;-21.1044;-24.4699;90.0468;10.4526;4783.67;6.285;0;0;0.1;0.01;0;4.94907;0;0;-1
0;1117;-23.4139;-6.36103;93.073;10.0382;4236.98;6.03582;0;0;0.1;0.01;0;4.53998;0;0;-1
0;1118;-22.7351;11.6882;89.7665;8.5;2572.44;5.11093;0;0;0.1;0.01;0;4.56526;1;0;-1
0;1119;-21.6279;27.6339;93.3718;10.1704;4406.59;6.11531;0;0;0.1;0.01;0;3.63895;0;0;-1
0;1120;-7.47682;-31.473;90.7931;9.99572;4183.41;6.01028;0;0;0.1;0.01;0;4.74529;0;0;-1
0;1121;-8.53488;-14.0087;89.4463;9.49792;3589.01;5.71096;0;0;0.1;0.01;0;6.43286;0;0;-1
0;1122;-6.51269;1.18281;92.6623;9.92513;4095.41;5.96784;0;0;0.1;0.01;0;5.31379;0;0;-1
0;1123;-5.80879;19.1305;93.3188;10.3778;4681.71;6.24002;0;0;0.1;0.01;0;5.37859;0;0;-1
0;1124;-7.60914;35.0367;92.3601;8.5;2572.44;5.11093;0;0;0.1;0.01;0;3.71065;1;0;-1
0;1125;5.42133;-38.5702;92.1445;8.64182;2703.36;5.1962;0;0;0.1;0.01;0;2.77286;0;0;-1
0;1126;6.6345;-23.3676;92.126;9.97299;4154.94;5.99661;0;0;0.1;0.01;0;4.858;0;0;-1
0;1127;7.32604;-5.04069;91.6086;9.76217;3896.98;5.86985;0;0;0.1;0.01;0;4.37001;0;0;-1
0;1128;6.66578;10.8071;91.214;9.29955;3368.79;5.59168;0;0;0.1;0.01;0;4.12438;0;0;-1
0;1129;6.09773;28.7487;90.059;9.47028;3557.76;5.69434;0;0;0.1;0.01;0;5.33367;0;0;-1
0;1130;23.7522;-31.971;89.8663;8.5;2572.44;5.11093;0;0;0.1;0.01;0;2.94927;1;0;-1
0;1131;20.7097;-13.4765;89.3531;8.96289;3016.01;5.38926;0;0;0.1;0.01;0;4.82239;0;0;-1
0;1132;22.7973;0.120504;90.1655;8.56343;2630.46;5.14907;0;0;0.1;0.01;0;3.46934;0;0;-1
0;1133;20.0069;20.8205;90.9629;8.88242;2935.5;5.34087;0;0;0.1;0.01;0;3.25211;0;0;-1
0;1134;20.8887;36.7199;90.3452;8.61361;2676.97;5.17924;0;0;0.1;0.01;0;2.71847;0;0;-1
0;1135;37.3251;-7.80731;89.7289;9.767;3902.76;5.87276;0;0;0.1;0.01;0;3.63695;0;0;-1
0;1136;35.4229;9.72692;91.1697;8.5238;2594.11;5.12524;0;0;0.1;0.01;0;1.96332;0;0;-1
