Time;ID;x;y;z;radius;volume_total;radius_nuclear;contact_ECM;freezer;polarized_fraction;motility;cell_line;Cell_cell;phase;Cycle;NFkB
0;0;-51.3212;-4.61195;-83.4254;8.5;2572.44;5.11093;0;0;0.1;0.01;0;2.64268;1;0;-1
0;1;-37.4338;-33.3452;-84.6855;9.8791;4038.69;5.94016;0;0;0.1;0.01;0;2.67504;0;0;-1
0;2;-37.6577;-13.8264;-86.4902;8.5;2572.44;5.11093;0;0;0.1;0.01;0;2.65076;1;0;-1
0;3;-38.5101;0.469438;-85.5895;8.93259;2985.53;5.37104;0;0;0.1;0.01;0;2.49638;0;0;-1
0;4;-35.4885;20.6048;-84.335;10.0373;4235.84;6.03528;0;0;0.1;0.01;0;3.05532;0;0;-1
0;5;-21.7977;-40.6271;-87.2602;9.31441;3384.97;5.60062;0;0;0.1;0.01;0;2.80921;0;0;-1
0;6;-20.5471;-22.4005;-85.9328;8.72424;2781.45;5.24576;0;0;0.1;0.01;0;4.24007;0;0;-1
0;7;-21.0296;-8.41936;-84.5108;8.68751;2746.47;5.22367;0;0;0.1;0.01;0;4.10748;0;0;-1
0;8;-20.3067;10.7191;-85.9727;8.9461;2999.09;5.37916;0;0;0.1;0.01;0;3.39481;0;0;-1
0;9;-22.3006;28.7586;-84.0102;9.1147;3171.87;5.48054;0;0;0.1;0.01;0;3.81262;0;0;-1
0;10;-8.84382;-49.3357;-83.4161;10.3831;4688.89;6.24321;0;0;0.1;0.01;0;3.60948;0;0;-1
0;11;-7.09838;-30.7541;-87.165;9.25676;3322.5;5.56596;0;0;0.1;0.01;0;4.75359;0;0;-1
0;12;-6.80573;-16.6173;-86.2531;8.92614;2979.06;5.36716;0;0;0.1;0.01;0;5.07704;0;0;-1
0;13;-6.59131;0.141882;-85.5143;10.1914;4433.94;6.12794;0;0;0.1;0.01;0;5.01985;0;0;-1
0;14;-7.56961;20.0309;-83.7617;10.1998;4444.92;6.13299;0;0;0.1;0.01;0;5.00666;0;0;-1
0;15;-7.67735;38.2919;-83.9321;9.71243;3837.71;5.83994;0;0;0.1;0.01;0;3.32077;0;0;-1
0;16;7.44505;-40.8715;-85.9511;10.0896;4302.4;6.06673;0;0;0.1;0.01;0;4.84826;0;0;-1
0;17;6.40148;-24.2346;-83.4859;10.0954;4309.82;6.07022;0;0;0.1;0.01;0;6.0378;0;0;-1
0;18;8.72635;-6.01835;-85.8317;8.76963;2825.09;5.27305;0;0;0.1;0.01;0;3.89431;0;0;-1
0;19;6.47807;10.9321;-86.7566;8.73724;2793.9;5.25358;0;0;0.1;0.01;0;2.66761;0;0;-1
0;20;7.75433;27.7537;-87.3881;8.84193;2895.54;5.31652;0;0;0.1;0.01;0;3.18363;0;0;-1
0;21;8.87763;45.3865;-83.5766;10.2972;4573.47;6.19156;0;0;0.1;0.01;0;3.80177;0;0;-1
0;22;20.2431;-49.1564;-84.4967;9.44966;3534.57;5.68194;0;0;0.1;0.01;0;3.23328;0;0;-1
0;23;23.3358;-34.0348;-86.6638;10.0918;4305.21;6.06805;0;0;0.1;0.01;0;5.12317;0;0;-1
0;24;20.6086;-15.7257;-84.972;8.5;2572.44;5.11093;0;0;0.1;0.01;0;3.27994;1;0;-1
0;25;22.4746;3.45405;-86.8705;8.58914;2654.22;5.16453;0;0;0.1;0.01;0;3.58978;0;0;-1
0;26;23.6351;20.3919;-84.4839;8.88816;2941.2;5.34432;0;0;0.1;0.01;0;4.47694;0;0;-1
0;27;23.5467;37.7392;-84.8621;9.8457;3997.87;5.92008;0;0;0.1;0.01;0;3.69431;0;0;-1
0;28;36.3535;-40.1948;-83.6464;9.99562;4183.29;6.01022;0;0;0.1;0.01;0;3.76937;0;0;-1
0;29;35.4706;-25.5477;-86.1251;8.5;2572.44;5.11093;0;0;0.1;0.01;0;3.0154;1;0;-1
0;30;37.2114;-5.59667;-85.3017;10.2046;4451.19;6.13588;0;0;0.1;0.01;0;2.52847;0;0;-1
0;31;36.5596;10.8599;-83.9727;10.2277;4481.49;6.14977;0;0;0.1;0.01;0;3.93923;0;0;-1
0;32;37.5889;26.9809;-83.927;10.0868;4298.82;6.06505;0;0;0.1;0.01;0;4.35842;0;0;-1
0;33;-70.5251;-14.7653;-69.3705;9.3986;3477.59;5.65124;0;0;0.1;0.01;0;2.28192;0;0;-1
0;34;-57.8129;-39.4512;-71.3449;9.97762;4160.73;5.9994;0;0;0.1;0.01;0;3.10436;0;0;-1
0;35;-56.6674;-25.1928;-72.4947;9.30194;3371.39;5.59312;0;0;0.1;0.01;0;3.99563;0;0;-1
0;36;-54.7628;-8.89734;-70.8556;8.5;2572.44;5.11093;0;0;0.1;0.01;0;4.50346;1;0;-1
0;37;-56.2933;9.85625;-69.792;10.3383;4628.45;6.21627;0;0;0.1;0.01;0;3.50711;0;0;-1
0;38;-57.7883;28.4751;-71.507;8.5;2572.44;5.11093;0;0;0.1;0.01;0;2.15652;1;0;-1
0;39;-54.6538;46.9032;-68.5816;9.52835;3623.61;5.72926;0;0;0.1;0.01;0;3.23982;0;0;-1
0;40;-41.5507;-51.3175;-72.6805;9.08313;3139.03;5.46155;0;0;0.1;0.01;0;2.11068;0;0;-1
0;41;-41.3963;-30.4522;-70.9857;9.44447;3528.75;5.67882;0;0;0.1;0.01;0;5.73707;0;0;-1
0;42;-42.2309;-16.6235;-69.6664;10.4347;4759.14;6.27423;0;0;0.1;0.01;0;6.85543;0;0;-1
0;43;-39.4118;1.73139;-69.0974;8.5;2572.44;5.11093;0;0;0.1;0.01;0;4.22129;1;0;-1
0;44;-42.3612;16.7621;-69.0607;8.5;2572.44;5.11093;0;0;0.1;0.01;0;5.51323;1;0;-1
0;45;-42.4211;34.2534;-69.8613;9.48534;3574.76;5.7034;0;0;0.1;0.01;0;5.2135;0;0;-1
0;46;-41.2146;53.4657;-69.4128;8.5;2572.44;5.11093;0;0;0.1;0.01;0;3.80518;1;0;-1
0;47;-26.583;-57.1953;-70.3586;8.69547;2754.02;5.22846;0;0;0.1;0.01;0;4.02503;0;0;-1
0;48;-28.5603;-42.5902;-68.4953;10.4235;4743.83;6.2675;0;0;0.1;0.01;0;6.3874;0;0;-1
0;49;-26.2523;-24.7404;-70.6808;8.78999;2844.81;5.28529;0;0;0.1;0.01;0;5.81384;0;0;-1
0;50;-24.7269;-8.81451;-71.8665;8.5;2572.44;5.11093;0;0;0.1;0.01;0;4.47476;1;0;-1
0;51;-26.88;11.1051;-69.6499;9.33999;3412.93;5.616;0;0;0.1;0.01;0;5.35085;0;0;-1
0;52;-26.0055;26.9279;-69.2411;10.0291;4225.46;6.03035;0;0;0.1;0.01;0;6.56934;0;0;-1
0;53;-27.6148;43.7317;-70.6752;9.33376;3406.11;5.61225;0;0;0.1;0.01;0;4.60024;0;0;-1
0;54;-27.1639;62.196;-69.8072;9.79464;3935.99;5.88937;0;0;0.1;0.01;0;3.73908;0;0;-1
0;55;-13.5698;-63.8514;-69.0163;9.87774;4037.02;5.93934;0;0;0.1;0.01;0;4.04103;0;0;-1
0;56;-13.8259;-48.136;-68.3394;8.5;2572.44;5.11093;0;0;0.1;0.01;0;5.7217;1;0;-1
0;57;-11.3485;-31.1882;-72.6109;8.91585;2968.77;5.36097;0;0;0.1;0.01;0;5.09975;0;0;-1
0;58;-12.6996;-15.0522;-70.9681;9.29638;3365.35;5.58978;0;0;0.1;0.01;0;6.58865;0;0;-1
0;59;-9.9513;1.96569;-71.7778;9.45092;3535.99;5.6827;0;0;0.1;0.01;0;5.80918;0;0;-1
0;60;-11.6452;16.5899;-70.1477;8.82064;2874.68;5.30372;0;0;0.1;0.01;0;5.34664;0;0;-1
0;61;-11.8831;36.6264;-70.9326;9.09843;3154.92;5.47075;0;0;0.1;0.01;0;4.65183;0;0;-1
0;62;-10.7503;55.085;-70.3585;9.75011;3882.55;5.8626;0;0;0.1;0.01;0;3.31366;0;0;-1
0;63;2.17619;-56.2429;-69.0652;9.01971;3073.73;5.42342;0;0;0.1;0.01;0;4.73847;0;0;-1
0;64;3.94303;-40.1502;-72.0503;8.76763;2823.16;5.27185;0;0;0.1;0.01;0;5.2005;0;0;-1
0;65;2.71881;-22.8999;-68.5047;10.2393;4496.76;6.15674;0;0;0.1;0.01;0;7.06994;0;0;-1
0;66;4.33993;-7.97776;-72.0173;9.90275;4067.77;5.95438;0;0;0.1;0.01;0;6.59543;0;0;-1
0;67;2.35201;10.1646;-69.2155;8.5;2572.44;5.11093;0;0;0.1;0.01;0;4.9671;1;0;-1
0;68;4.40145;26.794;-69.6939;8.5;2572.44;5.11093;0;0;0.1;0.01;0;4.4913;1;0;-1
0;69;4.43728;45.7969;-70.544;9.40266;3482.1;5.65368;0;0;0.1;0.01;0;6.07219;0;0;-1
0;70;3.50554;63.715;-70.1507;9.87208;4030.09;5.93594;0;0;0.1;0.01;0;3.45408;0;0;-1
0;71;16.3272;-66.2693;-69.8982;9.33398;3406.35;5.61239;0;0;0.1;0.01;0;2.89271;0;0;-1
0;72;15.9674;-47.1684;-70.9276;8.71329;2770.99;5.23917;0;0;0.1;0.01;0;4.75327;0;0;-1
0;73;19.2589;-30.2045;-70.8785;10.2304;4485.04;6.15139;0;0;0.1;0.01;0;6.88997;0;0;-1
0;74;16.405;-14.0947;-69.2226;8.5;2572.44;5.11093;0;0;0.1;0.01;0;6.69843;1;0;-1
0;75;16.9995;1.2217;-71.3277;9.24351;3308.26;5.55799;0;0;0.1;0.01;0;5.44098;0;0;-1
0;76;16.0027;18.2091;-69.2028;8.72477;2781.96;5.24608;0;0;0.1;0.01;0;4.98777;0;0;-1
0;77;17.3089;35.4434;-70.6385;9.03495;3089.34;5.43258;0;0;0.1;0.01;0;5.4893;0;0;-1
0;78;19.4536;55.0746;-70.28;10.194;4437.34;6.1295;0;0;0.1;0.01;0;4.06725;0;0;-1
0;79;31.0799;-57.8003;-69.4715;8.5;2572.44;5.11093;0;0;0.1;0.01;0;3.35915;1;0;-1
0;80;31.766;-38.5284;-68.4302;9.87873;4038.24;5.93994;0;0;0.1;0.01;0;6.27395;0;0;-1
0;81;32.0179;-21.8266;-69.6514;8.5;2572.44;5.11093;0;0;0.1;0.01;0;4.93295;1;0;-1
0;82;33.3354;-6.34259;-68.8039;9.53103;3626.67;5.73087;0;0;0.1;0.01;0;5.57081;0;0;-1
0;83;30.5732;12.4403;-71.2983;9.73152;3860.39;5.85142;0;0;0.1;0.01;0;6.45214;0;0;-1
0;84;33.6251;28.6056;-68.5238;10.0382;4236.98;6.03582;0;0;0.1;0.01;0;6.88822;0;0;-1
0;85;34.0087;43.7453;-71.9685;8.5;2572.44;5.11093;0;0;0.1;0.01;0;4.23534;1;0;-1
0;86;46.3651;-51.2923;-68.9099;9.61922;3728.28;5.7839;0;0;0.1;0.01;0;2.75953;0;0;-1
0;87;45.9807;-30.4841;-71.9507;9.01313;3067.01;5.41946;0;0;0.1;0.01;0;4.33409;0;0;-1
0;88;47.5556;-13.4226;-72.002;9.9526;4129.51;5.98435;0;0;0.1;0.01;0;4.8654;0;0;-1
0;89;45.3317;1.65013;-69.0623;8.5;2572.44;5.11093;0;0;0.1;0.01;0;5.76225;1;0;-1
0;90;47.3063;17.1278;-68.9534;10.3912;4699.87;6.24808;0;0;0.1;0.01;0;6.38469;0;0;-1
0;91;48.9713;36.8793;-71.9511;10.2103;4458.66;6.13931;0;0;0.1;0.01;0;3.5364;0;0;-1
0;92;46.7083;54.1038;-69.0061;8.5;2572.44;5.11093;0;0;0.1;0.01;0;2.5375;1;0;-1
0;93;60.0238;-25.6668;-72.0481;10.0688;4275.84;6.05422;0;0;0.1;0.01;0;2.75206;0;0;-1
0;94;62.566;-5.60693;-71.9166;8.73835;2794.97;5.25424;0;0;0.1;0.01;0;2.33556;0;0;-1
0;95;61.3304;9.87427;-68.8359;9.81409;3959.49;5.90107;0;0;0.1;0.01;0;3.6361;0;0;-1
0;96;-80.396;-8.31585;-55.4096;9.69228;3813.88;5.82783;0;0;0.1;0.01;0;2.96267;0;0;-1
0;97;-80.1245;12.4633;-54.3309;8.7296;2786.58;5.24898;0;0;0.1;0.01;0;2.61472;0;0;-1
0;98;-65.7577;-48.4218;-54.2726;10.1245;4347.2;6.08771;0;0;0.1;0.01;0;4.68049;0;0;-1
0;99;-67.7023;-33.8772;-55.4083;8.95215;3005.18;5.3828;0;0;0.1;0.01;0;3.30459;0;0;-1
0;100;-65.5508;-12.6496;-56.3793;8.50736;2579.13;5.11535;0;0;0.1;0.01;0;4.00149;0;0;-1
0;101;-64.5983;1.73316;-53.9672;9.72048;3847.26;5.84478;0;0;0.1;0.01;0;5.33439;0;0;-1
0;102;-68.0151;19.6456;-57.778;8.68328;2742.46;5.22113;0;0;0.1;0.01;0;3.53484;0;0;-1
0;103;-66.4398;35.4402;-55.5498;8.5;2572.44;5.11093;0;0;0.1;0.01;0;3.493;1;0;-1
0;104;-52.2492;-59.3466;-54.8729;9.7421;3872.99;5.85778;0;0;0.1;0.01;0;4.0601;0;0;-1
0;105;-52.9129;-42.3674;-57.5565;8.54632;2614.73;5.13878;0;0;0.1;0.01;0;4.59227;0;0;-1
0;106;-51.3199;-24.6896;-57.8025;8.5;2572.44;5.11093;0;0;0.1;0.01;0;4.56824;1;0;-1
0;107;-49.8617;-4.79286;-57.1185;9.83619;3986.29;5.91436;0;0;0.1;0.01;0;6.42226;0;0;-1
0;108;-51.7484;12.0427;-54.3875;9.7551;3888.52;5.8656;0;0;0.1;0.01;0;7.06103;0;0;-1
0;109;-51.0324;27.8545;-57.8111;10.3779;4681.85;6.24008;0;0;0.1;0.01;0;6.92782;0;0;-1
0;110;-52.1431;44.807;-54.0135;9.75705;3890.85;5.86677;0;0;0.1;0.01;0;6.19751;0;0;-1
0;111;-50.572;59.7323;-54.4375;10.0947;4308.92;6.0698;0;0;0.1;0.01;0;5.15112;0;0;-1
0;112;-38.6604;-66.5852;-56.3489;9.78686;3926.62;5.8847;0;0;0.1;0.01;0;4.10189;0;0;-1
0;113;-38.3725;-51.0478;-54.5693;9.22818;3291.83;5.54877;0;0;0.1;0.01;0;5.19107;0;0;-1
0;114;-36.5531;-31.2285;-56.2459;9.62245;3732.03;5.78584;0;0;0.1;0.01;0;6.18173;0;0;-1
0;115;-36.5257;-14.8551;-55.7923;10.2702;4537.59;6.17532;0;0;0.1;0.01;0;6.81711;0;0;-1
0;116;-37.7507;2.43659;-54.3754;8.98033;3033.65;5.39974;0;0;0.1;0.01;0;5.52299;0;0;-1
0;117;-36.0775;20.9947;-57.0168;10.2728;4541.04;6.17689;0;0;0.1;0.01;0;7.54094;0;0;-1
0;118;-35.2059;36.6532;-55.0661;8.75833;2814.18;5.26626;0;0;0.1;0.01;0;6.65404;0;0;-1
0;119;-36.997;51.2803;-56.5124;10.0445;4244.96;6.03961;0;0;0.1;0.01;0;6.94568;0;0;-1
0;120;-35.9286;70.3143;-57.933;10.4064;4720.52;6.25722;0;0;0.1;0.01;0;4.27216;0;0;-1
0;121;-23.9311;-76.0248;-57.3301;9.56038;3660.28;5.74852;0;0;0.1;0.01;0;3.14446;0;0;-1
0;122;-21.8287;-56.2146;-56.4045;9.42137;3502.92;5.66493;0;0;0.1;0.01;0;6.51134;0;0;-1
0;123;-21.0907;-40.4619;-54.8502;10.0066;4197.09;6.01682;0;0;0.1;0.01;0;6.98204;0;0;-1
0;124;-23.6212;-22.5402;-56.7453;9.91108;4078.04;5.95939;0;0;0.1;0.01;0;6.87598;0;0;-1
0;125;-21.5818;-7.15206;-56.3434;8.98657;3039.98;5.40349;0;0;0.1;0.01;0;5.62955;0;0;-1
0;126;-22.4062;8.99946;-55.9871;9.44496;3529.3;5.67912;0;0;0.1;0.01;0;4.80094;0;0;-1
0;127;-21.4014;25.5978;-55.5931;8.61865;2681.68;5.18227;0;0;0.1;0.01;0;5.26582;0;0;-1
0;128;-21.7825;42.3113;-56.7059;8.5;2572.44;5.11093;0;0;0.1;0.01;0;5.12264;1;0;-1
0;129;-22.1152;63.206;-54.459;10.3642;4663.33;6.23184;0;0;0.1;0.01;0;7.13762;0;0;-1
0;130;-22.0232;77.9768;-57.0135;9.14647;3205.16;5.49964;0;0;0.1;0.01;0;3.52667;0;0;-1
0;131;-9.28378;-80.7854;-56.0069;8.5;2572.44;5.11093;0;0;0.1;0.01;0;2.46975;1;0;-1
0;132;-5.772;-65.6684;-55.7504;9.0412;3095.76;5.43634;0;0;0.1;0.01;0;4.74565;0;0;-1
0;133;-6.23301;-47.1128;-55.1233;9.62786;3738.33;5.78909;0;0;0.1;0.01;0;5.88211;0;0;-1
0;134;-8.76953;-29.9216;-54.6149;9.80216;3945.06;5.8939;0;0;0.1;0.01;0;5.57436;0;0;-1
0;135;-8.94751;-14.1356;-55.422;8.61231;2675.76;5.17846;0;0;0.1;0.01;0;5.83893;0;0;-1
0;136;-7.06414;0.367269;-56.7234;8.5;2572.44;5.11093;0;0;0.1;0.01;0;5.33932;1;0;-1
0;137;-5.92462;20.9937;-55.1517;10.3787;4682.93;6.24056;0;0;0.1;0.01;0;6.33348;0;0;-1
0;138;-8.24066;36.9533;-55.49;10.3709;4672.38;6.23587;0;0;0.1;0.01;0;6.4114;0;0;-1
0;139;-5.832;54.9373;-55.1087;10.4463;4775.03;6.28121;0;0;0.1;0.01;0;6.18374;0;0;-1
0;140;-8.72031;70.3256;-55.1317;8.9171;2970.02;5.36172;0;0;0.1;0.01;0;3.30236;0;0;-1
0;141;8.98697;-74.3223;-56.9042;8.95921;3012.3;5.38704;0;0;0.1;0.01;0;3.46695;0;0;-1
0;142;6.86262;-58.0788;-56.2115;9.9375;4110.74;5.97527;0;0;0.1;0.01;0;6.1253;0;0;-1
0;143;7.34368;-41.7021;-54.9321;8.5;2572.44;5.11093;0;0;0.1;0.01;0;4.38101;1;0;-1
0;144;9.40379;-22.7167;-56.6016;9.348;3421.72;5.62082;0;0;0.1;0.01;0;6.49639;0;0;-1
0;145;6.03354;-8.01787;-56.8636;9.37777;3454.52;5.63872;0;0;0.1;0.01;0;6.47377;0;0;-1
0;146;5.61093;9.72198;-55.2414;8.95394;3006.98;5.38387;0;0;0.1;0.01;0;4.27994;0;0;-1
0;147;8.44505;27.7528;-53.9542;10.1128;4332.14;6.08068;0;0;0.1;0.01;0;6.67662;0;0;-1
0;148;8.53428;44.9745;-55.9769;10.2821;4553.38;6.18248;0;0;0.1;0.01;0;7.63873;0;0;-1
0;149;8.84216;59.8443;-57.711;8.76315;2818.83;5.26915;0;0;0.1;0.01;0;5.81042;0;0;-1
0;150;8.57066;79.8431;-54.3437;9.33081;3402.88;5.61048;0;0;0.1;0.01;0;2.80701;0;0;-1
0;151;22.2794;-64.2653;-56.6573;9.79249;3933.4;5.88808;0;0;0.1;0.01;0;4.96817;0;0;-1
0;152;24.177;-49.9867;-53.722;8.97699;3030.27;5.39773;0;0;0.1;0.01;0;5.39957;0;0;-1
0;153;20.2917;-32.6114;-55.2871;9.10775;3164.62;5.47636;0;0;0.1;0.01;0;5.15556;0;0;-1
0;154;20.5198;-12.7124;-57.3676;9.31056;3380.77;5.5983;0;0;0.1;0.01;0;6.01011;0;0;-1
0;155;23.6301;1.42047;-56.4422;9.29185;3360.43;5.58705;0;0;0.1;0.01;0;5.67976;0;0;-1
0;156;23.7497;20.6605;-55.7368;10.1452;4373.92;6.10016;0;0;0.1;0.01;0;6.42658;0;0;-1
0;157;22.6873;38.2416;-56.2086;10.0929;4306.62;6.06871;0;0;0.1;0.01;0;7.04094;0;0;-1
0;158;22.927;54.3768;-53.9797;10.4336;4757.64;6.27357;0;0;0.1;0.01;0;7.09746;0;0;-1
0;159;22.0562;70.563;-57.6886;9.08793;3144.01;5.46444;0;0;0.1;0.01;0;2.47059;0;0;-1
0;160;38.568;-56.0249;-56.4273;9.06067;3115.8;5.44805;0;0;0.1;0.01;0;4.55346;0;0;-1
0;161;34.9352;-38.3558;-54.7192;8.60039;2664.67;5.17129;0;0;0.1;0.01;0;5.32516;0;0;-1
0;162;38.5252;-25.1005;-56.4573;9.04343;3098.05;5.43768;0;0;0.1;0.01;0;5.6051;0;0;-1
0;163;37.207;-5.69259;-54.8341;8.57831;2644.2;5.15801;0;0;0.1;0.01;0;5.96552;0;0;-1
0;164;38.4596;8.33363;-55.4115;9.23354;3297.56;5.55199;0;0;0.1;0.01;0;6.96392;0;0;-1
0;165;38.8692;25.4353;-54.6053;9.85015;4003.29;5.92275;0;0;0.1;0.01;0;6.32668;0;0;-1
0;166;36.7821;46.1489;-56.6489;9.17439;3234.6;5.51643;0;0;0.1;0.01;0;5.85588;0;0;-1
0;167;36.3714;60.7301;-54.1189;8.5;2572.44;5.11093;0;0;0.1;0.01;0;4.54079;1;0;-1
0;168;52.8872;-50.9613;-56.0598;8.97539;3028.65;5.39677;0;0;0.1;0.01;0;3.2867;0;0;-1
0;169;52.065;-31.0908;-54.1352;9.95776;4135.93;5.98746;0;0;0.1;0.01;0;5.73087;0;0;-1
0;170;52.9097;-15.0639;-54.3846;8.5;2572.44;5.11093;0;0;0.1;0.01;0;5.22833;1;0;-1
0;171;52.2526;0.0406682;-54.3886;9.99184;4178.54;6.00795;0;0;0.1;0.01;0;7.51535;0;0;-1
0;172;51.1914;18.0885;-56.0442;9.0008;3054.44;5.41205;0;0;0.1;0.01;0;6.79138;0;0;-1
0;173;52.9433;34.0755;-55.7662;9.24176;3306.38;5.55694;0;0;0.1;0.01;0;5.31123;0;0;-1
0;174;52.6968;55.2596;-56.504;10.1122;4331.37;6.08032;0;0;0.1;0.01;0;4.27027;0;0;-1
0;175;64.6178;-40.8693;-56.6717;9.03274;3087.07;5.43126;0;0;0.1;0.01;0;2.99471;0;0;-1
0;176;67.2828;-25.0829;-56.1053;9.38578;3463.38;5.64353;0;0;0.1;0.01;0;4.42069;0;0;-1
0;177;67.7736;-4.49879;-55.1295;8.5;2572.44;5.11093;0;0;0.1;0.01;0;5.13981;1;0;-1
0;178;65.8309;11.9963;-53.8097;9.54477;3642.38;5.73913;0;0;0.1;0.01;0;5.8737;0;0;-1
0;179;66.0082;26.6462;-55.2793;8.5;2572.44;5.11093;0;0;0.1;0.01;0;3.88927;1;0;-1
0;180;64.7687;46.0657;-54.3203;9.81335;3958.59;5.90062;0;0;0.1;0.01;0;3.39602;0;0;-1
0;181;79.7195;-16.8488;-56.7563;10.1836;4423.77;6.12325;0;0;0.1;0.01;0;2.82717;0;0;-1
0;182;82.2199;1.12193;-54.4715;8.92226;2975.18;5.36483;0;0;0.1;0.01;0;2.82704;0;0;-1
0;183;-87.5162;-21.661;-40.6342;9.37018;3446.14;5.63415;0;0;0.1;0.01;0;3.14502;0;0;-1
0;184;-84.1189;-8.17181;-40.1287;10.0307;4227.49;6.03131;0;0;0.1;0.01;0;5.21839;0;0;-1
0;185;-86.3077;12.3497;-39.6327;9.63572;3747.5;5.79382;0;0;0.1;0.01;0;4.43994;0;0;-1
0;186;-86.6567;29.3377;-39.2303;9.84885;4001.71;5.92197;0;0;0.1;0.01;0;3.00399;0;0;-1
0;187;-70.1808;-48.038;-39.6394;8.5;2572.44;5.11093;0;0;0.1;0.01;0;4.0575;1;0;-1
0;188;-72.1204;-33.9462;-41.5612;10.2288;4482.94;6.15043;0;0;0.1;0.01;0;5.02616;0;0;-1
0;189;-71.5951;-14.5684;-41.6338;8.5;2572.44;5.11093;0;0;0.1;0.01;0;5.38571;1;0;-1
0;190;-72.6809;3.61567;-40.9291;10.2704;4537.86;6.17544;0;0;0.1;0.01;0;7.38584;0;0;-1
0;191;-70.5085;19.0711;-42.0667;9.73679;3866.66;5.85459;0;0;0.1;0.01;0;6.24186;0;0;-1
0;192;-69.9856;37.0801;-42.9222;9.92192;4091.44;5.96591;0;0;0.1;0.01;0;5.68238;0;0;-1
0;193;-72.6597;51.3902;-41.1017;9.59208;3696.81;5.76758;0;0;0.1;0.01;0;3.09353;0;0;-1
0;194;-56.9529;-59.2028;-39.9315;10.3288;4615.71;6.21056;0;0;0.1;0.01;0;5.24991;0;0;-1
0;195;-56.7258;-39.4569;-41.8731;9.50868;3601.22;5.71743;0;0;0.1;0.01;0;6.64202;0;0;-1
0;196;-54.1625;-24.6435;-40.9047;9.31218;3382.54;5.59928;0;0;0.1;0.01;0;5.42168;0;0;-1
0;197;-57.462;-7.32818;-42.0159;10.0834;4294.47;6.063;0;0;0.1;0.01;0;6.99112;0;0;-1
0;198;-55.0636;9.53783;-39.8528;10.2811;4552.05;6.18188;0;0;0.1;0.01;0;6.71481;0;0;-1
0;199;-55.5432;25.8723;-41.5481;9.89022;4052.35;5.94685;0;0;0.1;0.01;0;6.11515;0;0;-1
0;200;-56.9733;42.6515;-40.1057;9.6706;3788.34;5.81479;0;0;0.1;0.01;0;6.52653;0;0;-1
0;201;-54.2541;60.4462;-39.595;9.62047;3729.73;5.78465;0;0;0.1;0.01;0;5.24054;0;0;-1
0;202;-40.5196;-80.6223;-40.9831;8.5;2572.44;5.11093;0;0;0.1;0.01;0;2.97278;1;0;-1
0;203;-41.6826;-65.901;-39.2283;9.46189;3548.32;5.6893;0;0;0.1;0.01;0;6.38279;0;0;-1
0;204;-43.0558;-47.5192;-41.718;8.5;2572.44;5.11093;0;0;0.1;0.01;0;4.9027;1;0;-1
0;205;-42.5718;-31.6907;-42.2057;8.64528;2706.61;5.19828;0;0;0.1;0.01;0;5.09568;0;0;-1
0;206;-40.2505;-13.4539;-40.6518;9.60474;3711.47;5.77519;0;0;0.1;0.01;0;6.10401;0;0;-1
0;207;-42.0119;1.95121;-39.992;9.25091;3316.21;5.56244;0;0;0.1;0.01;0;6.47499;0;0;-1
0;208;-41.7831;19.6615;-42.4148;8.59492;2659.59;5.168;0;0;0.1;0.01;0;5.91369;0;0;-1
0;209;-41.4518;34.4567;-41.4144;8.78789;2842.77;5.28403;0;0;0.1;0.01;0;5.64309;0;0;-1
0;210;-40.2691;53.6148;-41.2191;9.53739;3633.94;5.73469;0;0;0.1;0.01;0;7.07242;0;0;-1
0;211;-40.8062;68.4749;-42.1362;10.3601;4657.8;6.22938;0;0;0.1;0.01;0;6.08244;0;0;-1
0;212;-27.6605;-72.9653;-42.8776;9.39388;3472.35;5.6484;0;0;0.1;0.01;0;6.1074;0;0;-1
0;213;-28.1466;-57.7306;-40.4616;10.4418;4768.86;6.2785;0;0;0.1;0.01;0;7.09357;0;0;-1
0;214;-25.2988;-38.5062;-42.3673;9.23225;3296.18;5.55122;0;0;0.1;0.01;0;5.32733;0;0;-1
0;215;-25.01;-22.3755;-39.8198;9.9908;4177.24;6.00732;0;0;0.1;0.01;0;6.3898;0;0;-1
0;216;-24.7499;-5.17764;-40.6519;8.87426;2927.42;5.33596;0;0;0.1;0.01;0;5.61465;0;0;-1
0;217;-25.447;9.75911;-41.0472;8.5;2572.44;5.11093;0;0;0.1;0.01;0;4.04148;1;0;-1
0;218;-28.1757;27.0179;-42.0122;9.3773;3454;5.63843;0;0;0.1;0.01;0;5.49103;0;0;-1
0;219;-27.2193;44.1184;-42.098;9.59228;3697.04;5.7677;0;0;0.1;0.01;0;6.10594;0;0;-1
0;220;-27.5561;60.5339;-40.7611;9.41372;3494.4;5.66033;0;0;0.1;0.01;0;7.0669;0;0;-1
0;221;-25.0135;77.1742;-42.0795;9.57316;3674.98;5.7562;0;0;0.1;0.01;0;5.24458;0;0;-1
0;222;-12.9871;-83.1399;-42.1723;8.61093;2674.48;5.17763;0;0;0.1;0.01;0;4.03717;0;0;-1
0;223;-12.9492;-67.6057;-39.7438;10.0617;4266.8;6.04995;0;0;0.1;0.01;0;6.69576;0;0;-1
0;224;-12.3926;-49.379;-41.8359;9.18212;3242.78;5.52108;0;0;0.1;0.01;0;5.31795;0;0;-1
0;225;-9.78488;-33.3268;-39.8356;9.50911;3601.71;5.71769;0;0;0.1;0.01;0;6.11643;0;0;-1
0;226;-13.0706;-15.5105;-40.7555;8.69144;2750.2;5.22604;0;0;0.1;0.01;0;6.37166;0;0;-1
0;227;-11.0647;0.259643;-41.4457;8.66025;2720.7;5.20728;0;0;0.1;0.01;0;5.45333;0;0;-1
0;228;-12.5379;20.0309;-39.3432;9.95302;4130.03;5.98461;0;0;0.1;0.01;0;6.1599;0;0;-1
0;229;-9.96362;34.3125;-39.7666;8.5;2572.44;5.11093;0;0;0.1;0.01;0;6.08778;1;0;-1
0;230;-11.5635;52.9636;-39.3581;10.1789;4417.65;6.12042;0;0;0.1;0.01;0;6.47232;0;0;-1
0;231;-11.1004;70.7603;-40.0425;9.43087;3513.53;5.67065;0;0;0.1;0.01;0;5.57548;0;0;-1
0;232;-9.78919;87.1026;-39.9592;8.5;2572.44;5.11093;0;0;0.1;0.01;0;2.38787;1;0;-1
0;233;2.82097;-89.5446;-42.051;9.11671;3173.97;5.48175;0;0;0.1;0.01;0;2.88159;0;0;-1
0;234;4.67946;-74.93;-41.16;8.55271;2620.59;5.14262;0;0;0.1;0.01;0;5.17704;0;0;-1
0;235;2.01329;-59.7596;-39.3763;9.47364;3561.55;5.69636;0;0;0.1;0.01;0;5.41816;0;0;-1
0;236;3.62689;-40.764;-39.8018;8.5;2572.44;5.11093;0;0;0.1;0.01;0;4.84996;1;0;-1
0;237;4.67821;-25.2812;-39.5134;9.5216;3615.92;5.7252;0;0;0.1;0.01;0;6.13775;0;0;-1
0;238;1.23567;-8.08058;-42.4285;10.2613;4525.8;6.16997;0;0;0.1;0.01;0;6.26671;0;0;-1
0;239;3.21499;10.4471;-41.009;8.61838;2681.42;5.18211;0;0;0.1;0.01;0;4.36852;0;0;-1
0;240;4.07325;27.1854;-39.4786;8.90471;2957.66;5.35427;0;0;0.1;0.01;0;6.72681;0;0;-1
0;241;1.22493;43.0302;-40.27;10.0973;4312.25;6.07136;0;0;0.1;0.01;0;7.97782;0;0;-1
0;242;1.51868;60.6201;-40.9739;8.5;2572.44;5.11093;0;0;0.1;0.01;0;5.36245;1;0;-1
0;243;3.95588;76.3831;-41.0751;9.14274;3201.24;5.4974;0;0;0.1;0.01;0;5.26459;0;0;-1
0;244;17.6735;-82.327;-42.0969;8.5;2572.44;5.11093;0;0;0.1;0.01;0;3.29318;1;0;-1
0;245;18.2147;-65.4544;-39.2864;10.2625;4527.39;6.17069;0;0;0.1;0.01;0;5.88434;0;0;-1
0;246;17.9202;-46.4579;-40.8024;8.89095;2943.97;5.346;0;0;0.1;0.01;0;5.26644;0;0;-1
0;247;17.8354;-31.7657;-41.1628;8.5;2572.44;5.11093;0;0;0.1;0.01;0;5.83851;1;0;-1
0;248;19.0999;-15.4964;-41.7741;9.48375;3572.97;5.70244;0;0;0.1;0.01;0;5.9241;0;0;-1
0;249;19.7513;1.94329;-42.1557;9.10927;3166.21;5.47727;0;0;0.1;0.01;0;4.69281;0;0;-1
0;250;17.6617;17.7341;-40.5186;9.27102;3337.88;5.57453;0;0;0.1;0.01;0;5.59933;0;0;-1
0;251;19.0291;36.7149;-42.8403;9.9124;4079.67;5.96018;0;0;0.1;0.01;0;7.63351;0;0;-1
0;252;16.7932;52.0151;-39.6946;10.0976;4312.64;6.07154;0;0;0.1;0.01;0;7.44073;0;0;-1
0;253;18.7628;68.4681;-41.1972;10.3155;4597.9;6.20256;0;0;0.1;0.01;0;5.94153;0;0;-1
0;254;16.4105;87.4206;-41.1287;10.0767;4285.92;6.05897;0;0;0.1;0.01;0;3.14619;0;0;-1
0;255;32.9537;-75.6332;-42.5084;8.64912;2710.22;5.20059;0;0;0.1;0.01;0;2.2503;0;0;-1
0;256;30.5651;-56.4912;-40.5221;9.0958;3152.18;5.46917;0;0;0.1;0.01;0;6.2781;0;0;-1
0;257;33.7149;-41.1819;-40.4641;10.005;4195.08;6.01586;0;0;0.1;0.01;0;7.65312;0;0;-1
0;258;32.7732;-25.2894;-41.5714;10.1242;4346.81;6.08753;0;0;0.1;0.01;0;7.40555;0;0;-1
0;259;33.7385;-8.05118;-42.0278;8.5;2572.44;5.11093;0;0;0.1;0.01;0;4.72491;1;0;-1
0;260;33.8472;10.0436;-42.2904;8.5;2572.44;5.11093;0;0;0.1;0.01;0;5.10295;1;0;-1
0;261;33.8458;29.5216;-39.8758;8.93213;2985.06;5.37076;0;0;0.1;0.01;0;6.03444;0;0;-1
0;262;32.944;46.1519;-39.4185;10.038;4236.72;6.0357;0;0;0.1;0.01;0;7.76732;0;0;-1
0;263;33.9212;60.085;-39.7054;9.38769;3465.49;5.64468;0;0;0.1;0.01;0;6.20685;0;0;-1
0;264;33.5508;79.8395;-40.4284;8.95437;3007.42;5.38413;0;0;0.1;0.01;0;2.74454;0;0;-1
0;265;47.8299;-65.275;-41.6055;8.94443;2997.41;5.37816;0;0;0.1;0.01;0;2.46544;0;0;-1
0;266;47.1433;-47.7048;-39.9521;9.52788;3623.08;5.72898;0;0;0.1;0.01;0;5.80322;0;0;-1
0;267;47.7647;-30.2383;-39.2182;10.3176;4600.71;6.20382;0;0;0.1;0.01;0;7.65925;0;0;-1
0;268;46.7918;-14.9404;-42.5871;10.067;4273.55;6.05314;0;0;0.1;0.01;0;7.77891;0;0;-1
0;269;46.0862;2.8769;-42.1865;8.5;2572.44;5.11093;0;0;0.1;0.01;0;6.20018;1;0;-1
0;270;47.7571;16.8703;-43.0408;10.1627;4396.59;6.11068;0;0;0.1;0.01;0;7.43792;0;0;-1
0;271;46.8465;37.9659;-41.1016;9.52653;3621.54;5.72816;0;0;0.1;0.01;0;6.19143;0;0;-1
0;272;46.7032;52.1388;-42.8752;9.67637;3795.12;5.81826;0;0;0.1;0.01;0;6.60627;0;0;-1
0;273;46.8364;69.2597;-39.8967;9.92643;4097.02;5.96862;0;0;0.1;0.01;0;4.49666;0;0;-1
0;274;60.3735;-55.3628;-39.3247;9.8308;3979.74;5.91112;0;0;0.1;0.01;0;4.74707;0;0;-1
0;275;63.9946;-41.6915;-39.821;8.94562;2998.61;5.37887;0;0;0.1;0.01;0;4.28042;0;0;-1
0;276;61.2056;-23.3537;-39.829;8.55006;2618.16;5.14103;0;0;0.1;0.01;0;5.54248;0;0;-1
0;277;63.417;-7.79332;-42.3272;9.67674;3795.56;5.81848;0;0;0.1;0.01;0;6.80333;0;0;-1
0;278;63.5985;8.22622;-39.4709;10.0114;4203.13;6.01971;0;0;0.1;0.01;0;6.56051;0;0;-1
0;279;63.0213;26.1893;-42.2749;10.0357;4233.81;6.03432;0;0;0.1;0.01;0;6.07371;0;0;-1
0;280;61.5523;42.1357;-41.1974;8.88075;2933.85;5.33987;0;0;0.1;0.01;0;5.08214;0;0;-1
0;281;61.9984;60.4263;-42.4646;9.23144;3295.32;5.55073;0;0;0.1;0.01;0;3.67688;0;0;-1
0;282;74.9467;-32.4955;-43.1686;9.0112;3065.04;5.4183;0;0;0.1;0.01;0;3.21657;0;0;-1
0;283;77.7425;-15.0005;-41.1198;8.62851;2690.89;5.1882;0;0;0.1;0.01;0;4.46549;0;0;-1
0;284;76.3311;-0.0868823;-41.4686;10.2851;4557.37;6.18428;0;0;0.1;0.01;0;6.87651;0;0;-1
0;285;78.74;19.725;-42.8238;8.99017;3043.63;5.40566;0;0;0.1;0.01;0;3.33069;0;0;-1
0;286;76.5364;34.3375;-41.9421;9.23964;3304.1;5.55566;0;0;0.1;0.01;0;3.54082;0;0;-1
0;287;90.5187;-4.55872;-40.5351;8.7003;2758.62;5.23136;0;0;0.1;0.01;0;2.23137;0;0;-1
0;288;-95.1308;-13.5092;-24.7018;8.77145;2826.85;5.27415;0;0;0.1;0.01;0;3.17505;0;0;-1
0;289;-95.6343;1.2496;-26.0978;9.92316;4092.97;5.96665;0;0;0.1;0.01;0;3.87458;0;0;-1
0;290;-80.87;-41.5016;-24.6564;9.90428;4069.65;5.9553;0;0;0.1;0.01;0;2.88617;0;0;-1
0;291;-81.7987;-23.4395;-27.342;9.5595;3659.27;5.74799;0;0;0.1;0.01;0;3.86396;0;0;-1
0;292;-78.9067;-4.65589;-26.4844;10.0423;4242.17;6.03829;0;0;0.1;0.01;0;5.59155;0;0;-1
0;293;-82.5768;10.9712;-26.4534;10.1274;4350.93;6.08946;0;0;0.1;0.01;0;6.28444;0;0;-1
0;294;-82.4138;27.6774;-25.1428;10.0349;4232.8;6.03384;0;0;0.1;0.01;0;5.02671;0;0;-1
0;295;-80.4036;44.5621;-28.1088;9.88358;4044.19;5.94285;0;0;0.1;0.01;0;3.28342;0;0;-1
0;296;-64.0802;-67.8793;-26.0012;8.5;2572.44;5.11093;0;0;0.1;0.01;0;2.51833;1;0;-1
0;297;-64.3818;-48.9951;-26.1286;8.77835;2833.53;5.27829;0;0;0.1;0.01;0;4.35701;0;0;-1
0;298;-64.5286;-31.2608;-25.4577;9.74862;3880.77;5.8617;0;0;0.1;0.01;0;5.46833;0;0;-1
0;299;-64.4868;-12.8929;-26.9896;9.28066;3348.31;5.58033;0;0;0.1;0.01;0;5.55898;0;0;-1
0;300;-66.0766;4.44093;-26.0326;8.5;2572.44;5.11093;0;0;0.1;0.01;0;5.94056;1;0;-1
0;301;-65.4677;20.2207;-26.9362;8.59094;2655.89;5.16561;0;0;0.1;0.01;0;5.71285;0;0;-1
0;302;-64.6836;35.2197;-27.1726;10.0497;4251.56;6.04274;0;0;0.1;0.01;0;6.31037;0;0;-1
0;303;-64.5486;50.9125;-26.2298;9.27992;3347.51;5.57988;0;0;0.1;0.01;0;5.75054;0;0;-1
0;304;-66.679;68.6673;-26.7147;9.4554;3541.02;5.68539;0;0;0.1;0.01;0;2.15012;0;0;-1
0;305;-49.7113;-72.5022;-27.7888;8.99661;3050.18;5.40953;0;0;0.1;0.01;0;5.22999;0;0;-1
0;306;-49.6161;-58.1791;-26.2927;9.25063;3315.91;5.56227;0;0;0.1;0.01;0;6.29341;0;0;-1
0;307;-51.5431;-39.7149;-26.3465;9.3425;3415.69;5.61751;0;0;0.1;0.01;0;6.00731;0;0;-1
0;308;-52.4132;-23.1162;-27.5496;9.77632;3913.95;5.87836;0;0;0.1;0.01;0;6.55636;0;0;-1
0;309;-50.4842;-7.03399;-27.8106;9.73264;3861.72;5.8521;0;0;0.1;0.01;0;6.60996;0;0;-1
0;310;-53.0183;8.653;-26.3261;8.9409;2993.87;5.37603;0;0;0.1;0.01;0;5.48757;0;0;-1
0;311;-51.1139;26.7859;-24.4688;9.14375;3202.3;5.498;0;0;0.1;0.01;0;5.57784;0;0;-1
0;312;-49.9904;45.5125;-24.8755;9.78011;3918.5;5.88064;0;0;0.1;0.01;0;7.33726;0;0;-1
0;313;-50.6673;62.488;-25.5803;8.75947;2815.28;5.26694;0;0;0.1;0.01;0;6.08488;0;0;-1
0;314;-51.7957;78.4833;-28.2578;8.72318;2780.44;5.24512;0;0;0.1;0.01;0;2.65104;0;0;-1
0;315;-36.4325;-82.1768;-26.5195;10.3133;4594.96;6.20124;0;0;0.1;0.01;0;6.19597;0;0;-1
0;316;-34.987;-67.3075;-26.8002;8.88636;2939.41;5.34324;0;0;0.1;0.01;0;6.99136;0;0;-1
0;317;-38.3699;-47.1061;-27.1471;10.1598;4392.83;6.10894;0;0;0.1;0.01;0;5.71169;0;0;-1
0;318;-36.059;-30.0829;-26.0759;9.32899;3400.89;5.60939;0;0;0.1;0.01;0;6.11499;0;0;-1
0;319;-34.6325;-13.7578;-26.7975;8.77558;2830.85;5.27663;0;0;0.1;0.01;0;5.0157;0;0;-1
0;320;-36.5826;4.31618;-27.4496;8.5;2572.44;5.11093;0;0;0.1;0.01;0;4.19308;1;0;-1
0;321;-38.357;18.5461;-27.4819;9.50184;3593.45;5.71332;0;0;0.1;0.01;0;5.45526;0;0;-1
0;322;-38.2423;34.5881;-25.1751;8.5;2572.44;5.11093;0;0;0.1;0.01;0;5.50139;1;0;-1
0;323;-37.6469;52.2766;-27.868;9.223;3286.29;5.54566;0;0;0.1;0.01;0;6.07389;0;0;-1
0;324;-38.2073;67.7256;-25.7628;8.5;2572.44;5.11093;0;0;0.1;0.01;0;4.48711;1;0;-1
0;325;-35.5355;85.8467;-24.9489;10.2803;4550.99;6.1814;0;0;0.1;0.01;0;3.74681;0;0;-1
0;326;-21.7852;-90.7762;-25.2893;10.3383;4628.45;6.21627;0;0;0.1;0.01;0;3.98739;0;0;-1
0;327;-20.5819;-73.0879;-27.0244;10.1729;4409.84;6.11682;0;0;0.1;0.01;0;8.27778;0;0;-1
0;328;-20.3483;-59.1616;-26.307;9.74517;3876.65;5.85963;0;0;0.1;0.01;0;7.26708;0;0;-1
0;329;-22.0197;-40.5894;-26.6574;8.61701;2680.15;5.18128;0;0;0.1;0.01;0;4.98717;0;0;-1
0;330;-21.3633;-21.1064;-24.9767;10.094;4308.03;6.06938;0;0;0.1;0.01;0;6.84163;0;0;-1
0;331;-19.7212;-5.48402;-28.0842;8.5;2572.44;5.11093;0;0;0.1;0.01;0;4.65037;1;0;-1
0;332;-21.3094;11.8036;-25.7724;8.5;2572.44;5.11093;0;0;0.1;0.01;0;4.00203;1;0;-1
0;333;-22.7775;28.7613;-27.785;8.64731;2708.52;5.1995;0;0;0.1;0.01;0;5.10134;0;0;-1
0;334;-21.2672;44.7696;-27.8803;9.74786;3879.86;5.86125;0;0;0.1;0.01;0;5.84178;0;0;-1
0;335;-21.6913;62.1723;-26.6146;9.66986;3787.47;5.81435;0;0;0.1;0.01;0;6.33792;0;0;-1
0;336;-22.8421;78.7594;-27.91;9.43208;3514.88;5.67137;0;0;0.1;0.01;0;5.63071;0;0;-1
0;337;-5.94036;-81.2668;-28.6507;9.37792;3454.68;5.63881;0;0;0.1;0.01;0;6.09361;0;0;-1
0;338;-7.90739;-66.6033;-26.3314;9.47884;3567.42;5.69949;0;0;0.1;0.01;0;6.68951;0;0;-1
0;339;-8.56226;-48.5905;-24.3783;9.13807;3196.33;5.49459;0;0;0.1;0.01;0;5.1861;0;0;-1
0;340;-8.20603;-29.6894;-25.5419;8.77274;2828.1;5.27492;0;0;0.1;0.01;0;5.56624;0;0;-1
0;341;-6.01111;-13.3248;-27.8157;9.41095;3491.31;5.65867;0;0;0.1;0.01;0;6.59805;0;0;-1
0;342;-5.49549;1.92969;-27.6487;8.53399;2603.42;5.13136;0;0;0.1;0.01;0;5.71025;0;0;-1
0;343;-6.60829;21.1267;-25.6284;9.60397;3710.57;5.77473;0;0;0.1;0.01;0;6.69848;0;0;-1
0;344;-7.09442;35.4102;-27.0991;9.34522;3418.67;5.61915;0;0;0.1;0.01;0;7.48303;0;0;-1
0;345;-7.92801;51.5139;-26.0286;8.65073;2711.73;5.20156;0;0;0.1;0.01;0;5.61275;0;0;-1
0;346;-9.34473;72.1675;-24.4835;8.6207;2683.59;5.1835;0;0;0.1;0.01;0;5.03774;0;0;-1
0;347;-9.09858;88.2406;-25.6667;8.64271;2704.2;5.19674;0;0;0.1;0.01;0;3.97156;0;0;-1
0;348;9.34716;-90.476;-25.4128;10.3115;4592.55;6.20016;0;0;0.1;0.01;0;4.27673;0;0;-1
0;349;6.59694;-75.794;-25.3185;9.7822;3921.01;5.88189;0;0;0.1;0.01;0;6.67468;0;0;-1
0;350;9.44471;-58.6612;-25.7677;9.33001;3402;5.61;0;0;0.1;0.01;0;5.80926;0;0;-1
0;351;5.72655;-40.0317;-25.3965;9.62018;3729.39;5.78447;0;0;0.1;0.01;0;6.09831;0;0;-1
0;352;8.26328;-25.5194;-26.5918;8.72878;2785.8;5.24849;0;0;0.1;0.01;0;5.85973;0;0;-1
0;353;9.02276;-8.7643;-27.6964;10.2426;4501.11;6.15873;0;0;0.1;0.01;0;6.79766;0;0;-1
0;354;5.51528;9.93741;-25.5078;9.14542;3204.05;5.49901;0;0;0.1;0.01;0;4.58361;0;0;-1
0;355;9.43489;29.3296;-27.6633;10.081;4291.4;6.06156;0;0;0.1;0.01;0;6.86081;0;0;-1
0;356;6.25455;44.0475;-25.2408;10.3766;4680.09;6.2393;0;0;0.1;0.01;0;7.20042;0;0;-1
0;357;6.8708;63.412;-24.6175;10.1832;4423.25;6.12301;0;0;0.1;0.01;0;6.80692;0;0;-1
0;358;5.89906;78.2891;-28.0024;9.05381;3108.73;5.44392;0;0;0.1;0.01;0;5.55775;0;0;-1
0;359;8.24502;95.6179;-26.843;10.0208;4214.98;6.02536;0;0;0.1;0.01;0;2.99701;0;0;-1
0;360;22.5773;-82.3704;-25.2177;9.14669;3205.39;5.49977;0;0;0.1;0.01;0;4.65815;0;0;-1
0;361;23.6992;-65.8979;-25.4734;9.51617;3609.73;5.72193;0;0;0.1;0.01;0;5.43792;0;0;-1
0;362;23.2746;-47.2932;-27.4336;10.114;4333.69;6.0814;0;0;0.1;0.01;0;6.2596;0;0;-1
0;363;22.7918;-31.7641;-26.046;9.7203;3847.05;5.84468;0;0;0.1;0.01;0;6.89647;0;0;-1
0;364;22.1265;-16.0916;-25.5895;10.0142;4206.66;6.02139;0;0;0.1;0.01;0;6.72878;0;0;-1
0;365;22.3191;1.01633;-26.8038;9.03568;3090.09;5.43302;0;0;0.1;0.01;0;5.17181;0;0;-1
0;366;23.3901;18.1875;-28.0164;9.62583;3735.97;5.78787;0;0;0.1;0.01;0;6.25481;0;0;-1
0;367;23.2495;34.9339;-27.5211;9.48752;3577.23;5.70471;0;0;0.1;0.01;0;7.41998;0;0;-1
0;368;20.5934;51.1107;-24.5182;9.78732;3927.17;5.88497;0;0;0.1;0.01;0;6.26112;0;0;-1
0;369;20.2882;69.1525;-26.9557;9.41126;3491.66;5.65885;0;0;0.1;0.01;0;5.36138;0;0;-1
0;370;23.3586;84.5753;-24.8055;9.48309;3572.22;5.70204;0;0;0.1;0.01;0;4.89972;0;0;-1
0;371;38.0655;-75.9953;-27.1039;9.08221;3138.07;5.461;0;0;0.1;0.01;0;3.94012;0;0;-1
0;372;35.2258;-56.9173;-27.037;8.68961;2748.46;5.22494;0;0;0.1;0.01;0;5.60676;0;0;-1
0;373;37.5309;-39.9442;-26.8232;9.92192;4091.44;5.96591;0;0;0.1;0.01;0;7.9674;0;0;-1
0;374;37.6926;-23.1689;-27.6897;9.98008;4163.81;6.00088;0;0;0.1;0.01;0;7.58974;0;0;-1
0;375;37.4562;-7.21042;-24.8406;9.68117;3800.77;5.82115;0;0;0.1;0.01;0;6.56989;0;0;-1
0;376;35.1289;8.91456;-26.7908;8.8148;2868.97;5.30021;0;0;0.1;0.01;0;5.30935;0;0;-1
0;377;37.2277;25.3897;-24.7072;9.96675;4147.15;5.99286;0;0;0.1;0.01;0;6.88023;0;0;-1
0;378;37.0142;42.1408;-27.1006;9.84583;3998.03;5.92015;0;0;0.1;0.01;0;6.57953;0;0;-1
0;379;38.451;63.6763;-24.9015;8.5;2572.44;5.11093;0;0;0.1;0.01;0;4.58571;1;0;-1
0;380;36.7479;78.8103;-24.8785;8.5;2572.44;5.11093;0;0;0.1;0.01;0;4.351;1;0;-1
0;381;50.438;-66.6499;-24.7873;10.2137;4463.11;6.14135;0;0;0.1;0.01;0;5.56986;0;0;-1
0;382;49.9655;-50.7727;-25.2891;10.1728;4409.71;6.11676;0;0;0.1;0.01;0;6.85311;0;0;-1
0;383;50.0726;-33.4183;-25.0309;8.55599;2623.61;5.14459;0;0;0.1;0.01;0;5.20462;0;0;-1
0;384;52.7139;-15.5645;-26.8575;9.21838;3281.35;5.54288;0;0;0.1;0.01;0;6.26011;0;0;-1
0;385;51.8195;1.73473;-28.3358;10.0155;4208.3;6.02217;0;0;0.1;0.01;0;7.16891;0;0;-1
0;386;50.1043;17.7971;-28.5134;9.04577;3100.45;5.43909;0;0;0.1;0.01;0;6.16631;0;0;-1
0;387;50.3089;34.8908;-25.0708;9.38364;3461.01;5.64225;0;0;0.1;0.01;0;5.57732;0;0;-1
0;388;52.9789;54.7681;-24.6945;8.65695;2717.59;5.2053;0;0;0.1;0.01;0;4.39703;0;0;-1
0;389;52.1995;72.6219;-26.9377;9.78828;3928.33;5.88555;0;0;0.1;0.01;0;4.37871;0;0;-1
0;390;66.3583;-59.2056;-27.6278;8.99162;3045.11;5.40653;0;0;0.1;0.01;0;4.13253;0;0;-1
0;391;66.6343;-42.2235;-25.0401;8.84857;2902.07;5.32052;0;0;0.1;0.01;0;5.4843;0;0;-1
0;392;67.4823;-23.2457;-24.8692;10.3678;4668.19;6.23401;0;0;0.1;0.01;0;6.53866;0;0;-1
0;393;65.5578;-5.60168;-26.9262;8.9529;3005.94;5.38325;0;0;0.1;0.01;0;6.84082;0;0;-1
0;394;66.5808;9.45575;-25.0953;9.2484;3313.51;5.56093;0;0;0.1;0.01;0;5.82199;0;0;-1
0;395;64.8745;25.4058;-25.6049;9.8348;3984.6;5.91352;0;0;0.1;0.01;0;4.80875;0;0;-1
0;396;66.38;46.5065;-25.9038;10.0347;4232.55;6.03372;0;0;0.1;0.01;0;5.81721;0;0;-1
0;397;65.0729;62.2772;-27.5187;10.0508;4252.95;6.0434;0;0;0.1;0.01;0;4.96909;0;0;-1
0;398;79.4175;-51.2667;-25.8242;10.1042;4321.1;6.07551;0;0;0.1;0.01;0;2.17717;0;0;-1
0;399;81.8805;-34.2051;-24.8264;10.2512;4512.45;6.1639;0;0;0.1;0.01;0;3.41561;0;0;-1
0;400;80.7496;-16.8132;-25.3514;8.88357;2936.64;5.34156;0;0;0.1;0.01;0;4.46949;0;0;-1
0;401;79.7997;-0.231234;-26.2436;9.30496;3374.68;5.59494;0;0;0.1;0.01;0;4.87185;0;0;-1
0;402;83.2163;17.797;-25.2695;9.79833;3940.44;5.89159;0;0;0.1;0.01;0;4.14505;0;0;-1
0;403;79.0935;33.764;-27.9959;8.5;2572.44;5.11093;0;0;0.1;0.01;0;3.36712;1;0;-1
0;404;79.3725;54.6234;-26.541;10.3516;4646.34;6.22427;0;0;0.1;0.01;0;2.70783;0;0;-1
0;405;-98.4429;0.958755;-11.8074;10.2755;4544.62;6.17851;0;0;0.1;0.01;0;3.70396;0;0;-1
0;406;-84.2805;-42.087;-11.2478;9.08598;3141.98;5.46327;0;0;0.1;0.01;0;3.46884;0;0;-1
0;407;-84.373;-23.536;-10.3059;10.4098;4725.15;6.25926;0;0;0.1;0.01;0;5.70355;0;0;-1
0;408;-85.2152;-7.13553;-12.4873;8.91246;2965.39;5.35893;0;0;0.1;0.01;0;5.26845;0;0;-1
0;409;-83.3466;11.6468;-11.9315;10.149;4378.83;6.10245;0;0;0.1;0.01;0;5.92205;0;0;-1
0;410;-84.8125;29.14;-12.4334;8.5;2572.44;5.11093;0;0;0.1;0.01;0;4.13037;1;0;-1
0;411;-84.031;42.4958;-11.3107;9.39125;3469.44;5.64682;0;0;0.1;0.01;0;4.12682;0;0;-1
0;412;-70.8147;-68.438;-10.0652;8.78734;2842.24;5.2837;0;0;0.1;0.01;0;2.13492;0;0;-1
0;413;-69.2294;-49.2681;-11.9919;9.51949;3613.51;5.72393;0;0;0.1;0.01;0;4.76817;0;0;-1
0;414;-69.8933;-32.556;-10.1367;9.37135;3447.43;5.63486;0;0;0.1;0.01;0;6.79646;0;0;-1
0;415;-72.1637;-15.7389;-11.6946;9.40543;3485.17;5.65535;0;0;0.1;0.01;0;6.58794;0;0;-1
0;416;-70.7939;3.17296;-10.3187;8.76929;2824.76;5.27285;0;0;0.1;0.01;0;6.0714;0;0;-1
0;417;-68.3508;17.3785;-12.9507;8.58719;2652.42;5.16335;0;0;0.1;0.01;0;4.93194;0;0;-1
0;418;-69.4938;36.4696;-11.9869;9.59908;3704.91;5.77179;0;0;0.1;0.01;0;6.34072;0;0;-1
0;419;-71.9161;53.7868;-13.0253;8.9755;3028.76;5.39684;0;0;0.1;0.01;0;4.41613;0;0;-1
0;420;-54.2888;-75.1308;-9.72164;8.85847;2911.82;5.32647;0;0;0.1;0.01;0;3.81521;0;0;-1
0;421;-56.6184;-58.2385;-12.3507;9.39962;3478.72;5.65186;0;0;0.1;0.01;0;5.3843;0;0;-1
0;422;-57.3291;-39.2014;-10.3169;8.57706;2643.04;5.15726;0;0;0.1;0.01;0;5.5649;0;0;-1
0;423;-57.3113;-23.9566;-11.8679;8.5;2572.44;5.11093;0;0;0.1;0.01;0;5.49395;1;0;-1
0;424;-55.2349;-7.22076;-11.8097;9.00601;3059.75;5.41518;0;0;0.1;0.01;0;5.50117;0;0;-1
0;425;-54.3084;8.60116;-12.5446;10.0595;4264.01;6.04863;0;0;0.1;0.01;0;5.9884;0;0;-1
0;426;-57.3416;29.7691;-12.8172;8.5;2572.44;5.11093;0;0;0.1;0.01;0;5.63875;1;0;-1
0;427;-55.1151;44.723;-11.8293;9.28257;3350.37;5.58147;0;0;0.1;0.01;0;6.85678;0;0;-1
0;428;-57.9492;60.0329;-10.6844;9.74725;3879.14;5.86088;0;0;0.1;0.01;0;5.4491;0;0;-1
0;429;-42.7882;-83.6434;-13.2546;10.0889;4301.5;6.06631;0;0;0.1;0.01;0;4.25797;0;0;-1
0;430;-39.357;-64.6299;-11.5706;9.79525;3936.73;5.88974;0;0;0.1;0.01;0;5.60992;0;0;-1
0;431;-41.0497;-49.3554;-10.6857;8.52157;2592.07;5.1239;0;0;0.1;0.01;0;5.0777;0;0;-1
0;432;-41.2241;-32.6041;-12.3639;9.80366;3946.87;5.8948;0;0;0.1;0.01;0;6.13947;0;0;-1
0;433;-42.0822;-14.347;-13.5201;10.014;4206.41;6.02127;0;0;0.1;0.01;0;6.08403;0;0;-1
0;434;-40.9222;3.07351;-10.7818;9.48602;3575.53;5.70381;0;0;0.1;0.01;0;5.76869;0;0;-1
0;435;-39.402;20.088;-11.2095;10.0097;4200.99;6.01869;0;0;0.1;0.01;0;6.27657;0;0;-1
0;436;-42.1331;36.906;-13.1683;9.33057;3402.62;5.61034;0;0;0.1;0.01;0;7.1989;0;0;-1
0;437;-42.6543;52.2129;-12.6221;8.5;2572.44;5.11093;0;0;0.1;0.01;0;5.05219;1;0;-1
0;438;-43.0082;70.6857;-12.5538;8.74544;2801.78;5.25851;0;0;0.1;0.01;0;4.72218;0;0;-1
0;439;-43.2539;85.1318;-13.3359;8.5;2572.44;5.11093;0;0;0.1;0.01;0;3.42455;1;0;-1
0;440;-27.9009;-93.1811;-13.0852;9.62079;3730.1;5.78484;0;0;0.1;0.01;0;4.31758;0;0;-1
0;441;-28.1493;-76.8707;-13.0041;10.1441;4372.49;6.0995;0;0;0.1;0.01;0;7.05624;0;0;-1
0;442;-24.6956;-56.5754;-12.2873;10.3899;4698.1;6.2473;0;0;0.1;0.01;0;7.30734;0;0;-1
0;443;-27.3669;-41.7524;-10.1903;10.4383;4764.07;6.2764;0;0;0.1;0.01;0;7.6318;0;0;-1
0;444;-26.6291;-22.2828;-11.8612;10.2193;4470.46;6.14472;0;0;0.1;0.01;0;6.64873;0;0;-1
0;445;-24.9578;-7.30765;-10.3171;8.54228;2611.02;5.13635;0;0;0.1;0.01;0;4.6975;0;0;-1
0;446;-25.1396;9.14565;-10.2566;9.43114;3513.83;5.67081;0;0;0.1;0.01;0;5.17483;0;0;-1
0;447;-27.4321;28.4638;-10.5823;10.2555;4518.13;6.16648;0;0;0.1;0.01;0;6.15058;0;0;-1
0;448;-28.3086;42.9588;-10.7776;9.06343;3118.65;5.44971;0;0;0.1;0.01;0;5.62652;0;0;-1
0;449;-24.4452;59.0692;-12.8468;8.80537;2859.77;5.29454;0;0;0.1;0.01;0;4.53525;0;0;-1
0;450;-24.7765;77.6987;-12.2438;9.85517;4009.41;5.92577;0;0;0.1;0.01;0;6.45196;0;0;-1
0;451;-24.8568;94.6698;-14.0136;10.1999;4445.05;6.13305;0;0;0.1;0.01;0;3.5454;0;0;-1
0;452;-13.5497;-83.3016;-11.0903;8.5;2572.44;5.11093;0;0;0.1;0.01;0;4.453;1;0;-1
0;453;-12.772;-65.4526;-13.2568;8.5;2572.44;5.11093;0;0;0.1;0.01;0;5.52625;1;0;-1
0;454;-12.6946;-48.4406;-9.71136;9.49539;3586.14;5.70944;0;0;0.1;0.01;0;6.6066;0;0;-1
0;455;-11.4451;-32.3664;-11.7616;10.4018;4714.27;6.25445;0;0;0.1;0.01;0;7.2579;0;0;-1
0;456;-10.3935;-14.2763;-10.7225;8.5;2572.44;5.11093;0;0;0.1;0.01;0;6.05881;1;0;-1
0;457;-10.7193;0.965019;-11.6009;10.2021;4447.92;6.13437;0;0;0.1;0.01;0;7.16021;0;0;-1
0;458;-10.7327;16.9683;-11.6238;9.08701;3143.05;5.46389;0;0;0.1;0.01;0;5.76991;0;0;-1
0;459;-11.5946;34.2411;-12.5337;8.56015;2627.44;5.14709;0;0;0.1;0.01;0;4.61827;0;0;-1
0;460;-10.3551;50.967;-10.6105;8.54843;2616.66;5.14005;0;0;0.1;0.01;0;5.22036;0;0;-1
0;461;-10.5241;67.4154;-11.6277;9.0735;3129.05;5.45576;0;0;0.1;0.01;0;5.90965;0;0;-1
0;462;-11.6988;87.2596;-12.4325;8.5;2572.44;5.11093;0;0;0.1;0.01;0;4.79403;1;0;-1
0;463;4.39376;-91.5526;-10.5846;8.69412;2752.74;5.22765;0;0;0.1;0.01;0;3.76515;0;0;-1
0;464;1.54122;-75.9959;-12.1285;8.5;2572.44;5.11093;0;0;0.1;0.01;0;5.48964;1;0;-1
0;465;1.34422;-59.4753;-12.8573;8.86284;2916.13;5.3291;0;0;0.1;0.01;0;6.06298;0;0;-1
0;466;1.68027;-41.2613;-12.6238;9.63019;3741.05;5.79049;0;0;0.1;0.01;0;6.53633;0;0;-1
0;467;1.2679;-21.5689;-10.4705;9.21799;3280.93;5.54264;0;0;0.1;0.01;0;6.60939;0;0;-1
0;468;1.59517;-7.44575;-12.1241;8.63646;2698.34;5.19298;0;0;0.1;0.01;0;6.12581;0;0;-1
0;469;3.27996;8.17364;-12.282;10.1133;4332.79;6.08098;0;0;0.1;0.01;0;6.21289;0;0;-1
0;470;3.19125;25.1276;-13.5576;9.05314;3108.04;5.44352;0;0;0.1;0.01;0;4.72104;0;0;-1
0;471;1.98582;43.7654;-10.4956;9.3009;3370.26;5.5925;0;0;0.1;0.01;0;5.57743;0;0;-1
0;472;2.33587;59.5218;-10.7532;9.45512;3540.71;5.68523;0;0;0.1;0.01;0;6.5885;0;0;-1
0;473;2.70562;76.7484;-10.3923;8.91847;2971.39;5.36255;0;0;0.1;0.01;0;6.0338;0;0;-1
0;474;3.09462;94.0419;-11.4607;10.2647;4530.3;6.17202;0;0;0.1;0.01;0;4.4593;0;0;-1
0;475;18.818;-85.1783;-10.5426;9.35595;3430.46;5.6256;0;0;0.1;0.01;0;5.80046;0;0;-1
0;476;16.0703;-68.1899;-10.515;9.47166;3559.32;5.69517;0;0;0.1;0.01;0;6.35358;0;0;-1
0;477;15.9632;-51.4698;-9.87294;9.86583;4022.44;5.93218;0;0;0.1;0.01;0;5.7787;0;0;-1
0;478;15.5247;-33.3905;-10.5217;9.65096;3765.3;5.80298;0;0;0.1;0.01;0;5.74269;0;0;-1
0;479;16.0341;-16.2948;-11.4652;8.57311;2639.39;5.15489;0;0;0.1;0.01;0;5.90981;0;0;-1
0;480;16.4189;1.11901;-11.4617;9.38448;3461.94;5.64275;0;0;0.1;0.01;0;5.58061;0;0;-1
0;481;19.4873;20.9007;-10.878;9.88972;4051.73;5.94655;0;0;0.1;0.01;0;6.04944;0;0;-1
0;482;19.6247;38.1934;-13.1693;8.5;2572.44;5.11093;0;0;0.1;0.01;0;5.0842;1;0;-1
0;483;18.1849;54.5323;-11.4714;8.5;2572.44;5.11093;0;0;0.1;0.01;0;4.93115;1;0;-1
0;484;17.3048;71.4361;-10.3212;10.3965;4707.06;6.25126;0;0;0.1;0.01;0;7.11136;0;0;-1
0;485;15.6988;84.9708;-12.572;8.5;2572.44;5.11093;0;0;0.1;0.01;0;5.45043;1;0;-1
0;486;31.9455;-93.7262;-12.0447;8.83098;2884.8;5.30994;0;0;0.1;0.01;0;1.85758;0;0;-1
0;487;33.3598;-76.6503;-12.3238;9.41174;3492.19;5.65914;0;0;0.1;0.01;0;5.65296;0;0;-1
0;488;32.8888;-55.3904;-10.3542;9.45135;3536.47;5.68296;0;0;0.1;0.01;0;4.99174;0;0;-1
0;489;34.1665;-38.8905;-10.1221;9.62386;3733.67;5.78669;0;0;0.1;0.01;0;6.14408;0;0;-1
0;490;31.2308;-21.3565;-12.2796;9.89423;4057.28;5.94926;0;0;0.1;0.01;0;7.10737;0;0;-1
0;491;33.1363;-6.33849;-10.7799;8.88235;2935.43;5.34083;0;0;0.1;0.01;0;5.56275;0;0;-1
0;492;33.5008;11.7947;-12.9117;10.3784;4682.52;6.24038;0;0;0.1;0.01;0;7.01885;0;0;-1
0;493;31.4703;29.0499;-10.8356;9.24443;3309.25;5.55854;0;0;0.1;0.01;0;6.8212;0;0;-1
0;494;33.5368;46.261;-13.2511;9.56238;3662.58;5.74972;0;0;0.1;0.01;0;5.9882;0;0;-1
0;495;32.7904;63.4885;-10.3722;8.6173;2680.42;5.18146;0;0;0.1;0.01;0;5.98361;0;0;-1
0;496;32.265;79.3806;-10.1262;10.0567;4260.45;6.04695;0;0;0.1;0.01;0;6.38678;0;0;-1
0;497;45.9699;-82.9381;-10.7963;8.5;2572.44;5.11093;0;0;0.1;0.01;0;4.15411;1;0;-1
0;498;48.1315;-67.8915;-11.4532;9.53328;3629.24;5.73222;0;0;0.1;0.01;0;6.01235;0;0;-1
0;499;47.7014;-47.7297;-11.9656;9.34097;3414.01;5.61659;0;0;0.1;0.01;0;6.11668;0;0;-1
0;500;48.6168;-31.7079;-12.5243;9.05733;3112.36;5.44604;0;0;0.1;0.01;0;5.54066;0;0;-1
0;501;45.5557;-14.7382;-10.9449;9.15165;3210.6;5.50275;0;0;0.1;0.01;0;6.26677;0;0;-1
0;502;46.5952;0.436857;-11.0255;10.1585;4391.14;6.10816;0;0;0.1;0.01;0;7.44484;0;0;-1
0;503;47.7331;18.1161;-13.4363;10.1742;4411.53;6.1176;0;0;0.1;0.01;0;7.74612;0;0;-1
0;504;47.9025;34.6548;-10.5463;9.51622;3609.79;5.72196;0;0;0.1;0.01;0;6.42741;0;0;-1
0;505;45.9458;55.1952;-12.4978;8.5;2572.44;5.11093;0;0;0.1;0.01;0;5.01917;1;0;-1
0;506;46.2866;68.4971;-10.01;9.24156;3306.16;5.55682;0;0;0.1;0.01;0;6.17008;0;0;-1
0;507;47.694;85.6456;-13.0963;8.6403;2701.94;5.19529;0;0;0.1;0.01;0;2.3382;0;0;-1
0;508;61.0961;-74.2517;-11.2892;10.3036;4582.01;6.19541;0;0;0.1;0.01;0;3.19778;0;0;-1
0;509;60.308;-56.07;-13.2985;9.61516;3723.56;5.78146;0;0;0.1;0.01;0;6.39416;0;0;-1
0;510;61.4393;-42.1489;-11.619;9.39919;3478.24;5.6516;0;0;0.1;0.01;0;6.41311;0;0;-1
0;511;62.5779;-25.7799;-11.8625;9.28468;3352.66;5.58274;0;0;0.1;0.01;0;5.84275;0;0;-1
0;512;62.7401;-7.65435;-11.5045;9.83406;3983.7;5.91308;0;0;0.1;0.01;0;6.4681;0;0;-1
0;513;60.7362;9.37299;-12.8085;10.2245;4477.29;6.14784;0;0;0.1;0.01;0;6.65717;0;0;-1
0;514;61.9696;28.7526;-10.2176;9.92591;4096.37;5.96831;0;0;0.1;0.01;0;6.30903;0;0;-1
0;515;62.6728;45.9888;-11.1328;9.50542;3597.51;5.71547;0;0;0.1;0.01;0;5.70431;0;0;-1
0;516;63.2358;63.5895;-10.8032;10.0981;4313.28;6.07184;0;0;0.1;0.01;0;5.3343;0;0;-1
0;517;61.0467;77.9247;-13.7911;8.90529;2958.24;5.35462;0;0;0.1;0.01;0;2.77213;0;0;-1
0;518;77.6026;-47.5333;-10.8069;8.5;2572.44;5.11093;0;0;0.1;0.01;0;3.89116;1;0;-1
0;519;77.3346;-30.0314;-11.2437;8.60685;2670.68;5.17517;0;0;0.1;0.01;0;5.62784;0;0;-1
0;520;75.2981;-14.4418;-10.8527;10.4528;4783.95;6.28512;0;0;0.1;0.01;0;7.80116;0;0;-1
0;521;74.9421;1.12227;-10.9998;8.5;2572.44;5.11093;0;0;0.1;0.01;0;6.16646;1;0;-1
0;522;76.6064;18.0109;-13.3373;8.69993;2758.26;5.23114;0;0;0.1;0.01;0;5.74957;0;0;-1
0;523;75.0676;34.8522;-12.7148;8.5;2572.44;5.11093;0;0;0.1;0.01;0;5.2523;1;0;-1
0;524;75.3407;51.4829;-10.2275;9.24246;3307.13;5.55736;0;0;0.1;0.01;0;5.72059;0;0;-1
0;525;89.5856;-22.1752;-11.9593;8.5;2572.44;5.11093;0;0;0.1;0.01;0;3.79061;1;0;-1
0;526;90.0662;-4.2506;-10.1459;9.67018;3787.85;5.81454;0;0;0.1;0.01;0;4.12052;0;0;-1
0;527;89.5546;12.011;-11.0174;8.94815;3001.15;5.38039;0;0;0.1;0.01;0;4.80397;0;0;-1
0;528;89.4283;27.0302;-11.1973;8.57982;2645.59;5.15892;0;0;0.1;0.01;0;4.51371;0;0;-1
0;529;89.2367;43.566;-9.8428;10.0381;4236.85;6.03576;0;0;0.1;0.01;0;3.29419;0;0;-1
0;530;-93.9374;-16.5779;2.39645;9.45997;3546.16;5.68814;0;0;0.1;0.01;0;3.16961;0;0;-1
0;531;-95.6862;2.72738;3.43819;9.65336;3768.11;5.80443;0;0;0.1;0.01;0;3.78236;0;0;-1
0;532;-95.9069;18.6869;2.15889;10.2032;4449.36;6.13504;0;0;0.1;0.01;0;3.23793;0;0;-1
0;533;-79.6746;-55.9214;3.03261;8.5;2572.44;5.11093;0;0;0.1;0.01;0;2.641;1;0;-1
0;534;-82.6284;-41.5229;4.68389;9.80047;3943.02;5.89288;0;0;0.1;0.01;0;4.17399;0;0;-1
0;535;-80.5958;-23.2225;2.97489;9.80139;3944.13;5.89343;0;0;0.1;0.01;0;6.45307;0;0;-1
0;536;-79.8658;-6.13419;3.7247;9.46528;3552.13;5.69134;0;0;0.1;0.01;0;5.923;0;0;-1
0;537;-81.7948;10.3525;2.71375;8.90491;2957.86;5.35439;0;0;0.1;0.01;0;4.70658;0;0;-1
0;538;-80.6027;25.4915;1.20603;8.5;2572.44;5.11093;0;0;0.1;0.01;0;3.69496;1;0;-1
0;539;-82.6791;44.0756;2.76929;10.2457;4505.19;6.16059;0;0;0.1;0.01;0;4.42316;0;0;-1
0;540;-78.9057;61.1273;3.37435;9.4202;3501.62;5.66423;0;0;0.1;0.01;0;2.5588;0;0;-1
0;541;-63.8832;-65.5074;1.68385;8.86781;2921.04;5.33209;0;0;0.1;0.01;0;4.00909;0;0;-1
0;542;-64.2803;-47.2862;4.40004;10.2617;4526.33;6.17021;0;0;0.1;0.01;0;6.23435;0;0;-1
0;543;-68.3918;-33.0489;3.55583;8.92266;2975.58;5.36507;0;0;0.1;0.01;0;5.75905;0;0;-1
0;544;-67.7956;-14.8228;1.72044;10.4365;4761.6;6.27532;0;0;0.1;0.01;0;6.9271;0;0;-1
0;545;-67.1928;0.39899;3.73582;10.3306;4618.12;6.21164;0;0;0.1;0.01;0;6.93402;0;0;-1
0;546;-64.7307;17.1262;3.37074;10.4477;4776.95;6.28205;0;0;0.1;0.01;0;6.01952;0;0;-1
0;547;-65.1793;36.5249;3.09648;10.4249;4745.74;6.26834;0;0;0.1;0.01;0;6.60373;0;0;-1
0;548;-65.567;52.0307;3.22986;9.47993;3568.65;5.70014;0;0;0.1;0.01;0;5.47937;0;0;-1
0;549;-64.9453;70.4148;3.16579;8.5;2572.44;5.11093;0;0;0.1;0.01;0;2.34802;1;0;-1
0;550;-49.9086;-75.332;3.24202;8.5823;2647.89;5.16041;0;0;0.1;0.01;0;5.00677;0;0;-1
0;551;-50.3425;-59.3864;4.2103;8.71413;2771.79;5.23968;0;0;0.1;0.01;0;5.50691;0;0;-1
0;552;-50.9517;-42.3292;3.33502;8.72965;2786.63;5.24901;0;0;0.1;0.01;0;5.46291;0;0;-1
0;553;-52.1149;-24.4723;3.65234;8.58632;2651.61;5.16283;0;0;0.1;0.01;0;4.18503;0;0;-1
0;554;-49.637;-5.37631;2.15037;8.5;2572.44;5.11093;0;0;0.1;0.01;0;4.35521;1;0;-1
0;555;-52.3002;10.059;3.75498;8.5;2572.44;5.11093;0;0;0.1;0.01;0;4.98802;1;0;-1
0;556;-52.7579;25.8337;2.69864;8.5;2572.44;5.11093;0;0;0.1;0.01;0;5.48463;1;0;-1
0;557;-50.2683;42.9859;5.11701;9.8444;3996.28;5.91929;0;0;0.1;0.01;0;5.97377;0;0;-1
0;558;-50.7522;63.46;1.83809;9.04923;3104.01;5.44117;0;0;0.1;0.01;0;5.21403;0;0;-1
0;559;-51.4564;78.1194;1.28887;9.76208;3896.87;5.8698;0;0;0.1;0.01;0;4.43693;0;0;-1
0;560;-34.9769;-84.0121;3.44408;9.36644;3442.01;5.6319;0;0;0.1;0.01;0;5.15589;0;0;-1
0;561;-38.5013;-67.3873;3.24403;9.15764;3216.91;5.50636;0;0;0.1;0.01;0;5.35498;0;0;-1
0;562;-36.7022;-50.3928;4.12103;8.5;2572.44;5.11093;0;0;0.1;0.01;0;5.17377;1;0;-1
0;563;-35.8325;-32.6251;2.67803;9.95707;4135.07;5.98704;0;0;0.1;0.01;0;6.05416;0;0;-1
0;564;-38.079;-14.0889;3.1524;8.97516;3028.41;5.39663;0;0;0.1;0.01;0;4.98396;0;0;-1
0;565;-36.6343;3.18294;4.03441;8.90095;2953.91;5.35201;0;0;0.1;0.01;0;5.85618;0;0;-1
0;566;-38.1393;19.9759;2.91724;10.1518;4382.46;6.10413;0;0;0.1;0.01;0;6.86677;0;0;-1
0;567;-38.1965;36.3081;1.02856;8.89588;2948.87;5.34896;0;0;0.1;0.01;0;5.93175;0;0;-1
0;568;-35.4169;50.8409;2.86276;9.82839;3976.82;5.90967;0;0;0.1;0.01;0;5.0147;0;0;-1
0;569;-35.7476;71.7391;1.34046;10.4423;4769.55;6.2788;0;0;0.1;0.01;0;6.287;0;0;-1
0;570;-35.3263;87.8894;3.29226;9.58234;3685.56;5.76172;0;0;0.1;0.01;0;5.14517;0;0;-1
0;571;-20.7821;-93.6588;1.60143;9.51832;3612.18;5.72323;0;0;0.1;0.01;0;4.30956;0;0;-1
0;572;-20.5654;-76.6029;4.59171;8.53528;2604.61;5.13214;0;0;0.1;0.01;0;5.26395;0;0;-1
0;573;-23.6216;-57.6383;1.54038;9.2155;3278.27;5.54115;0;0;0.1;0.01;0;6.00467;0;0;-1
0;574;-23.2252;-40.3607;2.14286;9.25268;3318.11;5.5635;0;0;0.1;0.01;0;6.41722;0;0;-1
0;575;-21.1679;-23.0845;3.56643;8.5;2572.44;5.11093;0;0;0.1;0.01;0;5.39809;1;0;-1
0;576;-20.5778;-5.19152;3.34067;8.55675;2624.31;5.14505;0;0;0.1;0.01;0;6.16054;0;0;-1
0;577;-20.1912;9.99354;4.07288;10.1133;4332.79;6.08098;0;0;0.1;0.01;0;6.90061;0;0;-1
0;578;-23.9429;27.5242;1.88927;8.5874;2652.61;5.16348;0;0;0.1;0.01;0;3.99385;0;0;-1
0;579;-19.9332;46.9956;1.83096;9.19996;3261.72;5.5318;0;0;0.1;0.01;0;4.54565;0;0;-1
0;580;-22.0292;63.3225;2.16739;9.89483;4058.01;5.94962;0;0;0.1;0.01;0;6.65853;0;0;-1
0;581;-22.1882;77.5563;1.90855;9.60554;3712.39;5.77567;0;0;0.1;0.01;0;6.19811;0;0;-1
0;582;-23.3659;96.2375;1.35743;9.90756;4073.7;5.95727;0;0;0.1;0.01;0;3.41951;0;0;-1
0;583;-7.06877;-98.9503;0.93126;10.0776;4287.06;6.05951;0;0;0.1;0.01;0;2.9742;0;0;-1
0;584;-5.64574;-81.0562;3.71544;8.73414;2790.93;5.25171;0;0;0.1;0.01;0;5.6249;0;0;-1
0;585;-9.08429;-66.6445;2.77041;10.3839;4689.97;6.24369;0;0;0.1;0.01;0;5.75047;0;0;-1
0;586;-7.63116;-49.2509;2.3119;8.64791;2709.08;5.19986;0;0;0.1;0.01;0;5.09603;0;0;-1
0;587;-7.46849;-29.9752;2.52145;9.4445;3528.79;5.67884;0;0;0.1;0.01;0;6.35206;0;0;-1
0;588;-8.77959;-14.194;3.11684;9.71029;3835.18;5.83866;0;0;0.1;0.01;0;6.88068;0;0;-1
0;589;-7.88483;1.80898;3.76989;8.5;2572.44;5.11093;0;0;0.1;0.01;0;5.90049;1;0;-1
0;590;-6.30142;17.3592;1.34221;8.51996;2590.61;5.12293;0;0;0.1;0.01;0;5.93124;0;0;-1
0;591;-6.16355;34.6535;3.70471;9.22465;3288.05;5.54665;0;0;0.1;0.01;0;5.50819;0;0;-1
0;592;-5.76046;51.8019;3.54305;8.5;2572.44;5.11093;0;0;0.1;0.01;0;5.86909;1;0;-1
0;593;-7.56568;71.7854;2.33286;10.3283;4615.04;6.21026;0;0;0.1;0.01;0;6.85584;0;0;-1
0;594;-9.20573;88.3793;3.67791;9.77079;3907.31;5.87503;0;0;0.1;0.01;0;4.9761;0;0;-1
0;595;8.04247;-92.1729;3.10199;8.71605;2773.63;5.24083;0;0;0.1;0.01;0;4.70636;0;0;-1
0;596;8.63553;-76.0922;1.8277;9.61678;3725.44;5.78243;0;0;0.1;0.01;0;7.03975;0;0;-1
0;597;5.95626;-58.9242;1.68672;10.096;4310.59;6.07058;0;0;0.1;0.01;0;6.92057;0;0;-1
0;598;7.03663;-42.7402;3.5929;9.83689;3987.15;5.91478;0;0;0.1;0.01;0;6.72663;0;0;-1
0;599;7.54445;-24.9354;1.8496;9.5353;3631.55;5.73344;0;0;0.1;0.01;0;6.50565;0;0;-1
0;600;9.35624;-8.46072;4.44074;10.1237;4346.17;6.08723;0;0;0.1;0.01;0;5.93137;0;0;-1
0;601;5.7359;10.4497;2.77335;8.89902;2951.99;5.35085;0;0;0.1;0.01;0;4.95931;0;0;-1
0;602;7.62631;25.421;2.11552;9.91149;4078.55;5.95964;0;0;0.1;0.01;0;6.08752;0;0;-1
0;603;8.3832;44.0604;2.35126;8.5;2572.44;5.11093;0;0;0.1;0.01;0;5.04457;1;0;-1
0;604;6.90961;60.3904;1.61817;8.5;2572.44;5.11093;0;0;0.1;0.01;0;5.65946;1;0;-1
0;605;8.80054;76.5011;2.68345;8.62821;2690.61;5.18802;0;0;0.1;0.01;0;5.7996;0;0;-1
0;606;5.61292;97.9071;1.52289;9.70502;3828.93;5.83549;0;0;0.1;0.01;0;2.8258;0;0;-1
0;607;20.4575;-85.2873;2.17173;8.5;2572.44;5.11093;0;0;0.1;0.01;0;4.1538;1;0;-1
0;608;23.7062;-66.3234;2.74219;10.1485;4378.19;6.10215;0;0;0.1;0.01;0;5.92441;0;0;-1
0;609;22.3823;-47.3571;4.38346;8.61569;2678.91;5.18049;0;0;0.1;0.01;0;4.58268;0;0;-1
0;610;21.7405;-31.0884;1.47674;8.5;2572.44;5.11093;0;0;0.1;0.01;0;5.78923;1;0;-1
0;611;21.4317;-14.7072;1.49285;8.5;2572.44;5.11093;0;0;0.1;0.01;0;5.46925;1;0;-1
0;612;23.2011;4.33402;1.19757;9.49255;3582.92;5.70773;0;0;0.1;0.01;0;5.44821;0;0;-1
0;613;23.3903;20.8324;4.67486;9.56391;3664.33;5.75064;0;0;0.1;0.01;0;6.8386;0;0;-1
0;614;21.98;37.2979;4.96353;8.5;2572.44;5.11093;0;0;0.1;0.01;0;5.65924;1;0;-1
0;615;22.775;51.4237;3.72141;9.88732;4048.78;5.9451;0;0;0.1;0.01;0;6.64277;0;0;-1
0;616;21.1324;67.7567;1.65638;9.16445;3224.09;5.51045;0;0;0.1;0.01;0;5.95682;0;0;-1
0;617;21.4076;89.4948;1.14069;10.1186;4339.6;6.08417;0;0;0.1;0.01;0;4.04348;0;0;-1
0;618;38.039;-75.9292;1.65724;9.44408;3528.32;5.67859;0;0;0.1;0.01;0;6.0313;0;0;-1
0;619;38.5554;-59.6031;4.02317;8.64248;2703.98;5.1966;0;0;0.1;0.01;0;5.22679;0;0;-1
0;620;34.9032;-40.1482;3.41726;8.9796;3032.91;5.3993;0;0;0.1;0.01;0;5.44964;0;0;-1
0;621;35.0449;-25.727;1.20288;9.54414;3641.66;5.73875;0;0;0.1;0.01;0;6.10598;0;0;-1
0;622;38.0183;-8.85008;4.48268;9.35846;3433.22;5.62711;0;0;0.1;0.01;0;6.01257;0;0;-1
0;623;37.2357;9.08952;1.45615;9.51894;3612.89;5.7236;0;0;0.1;0.01;0;5.74723;0;0;-1
0;624;36.6627;27.2492;2.87496;9.98295;4167.4;6.0026;0;0;0.1;0.01;0;6.51346;0;0;-1
0;625;35.9289;44.5346;1.21303;10.3932;4702.58;6.24928;0;0;0.1;0.01;0;6.87758;0;0;-1
0;626;36.101;62.707;3.82931;10.293;4567.88;6.18903;0;0;0.1;0.01;0;7.82332;0;0;-1
0;627;37.663;80.0047;2.52695;10.395;4705.03;6.25036;0;0;0.1;0.01;0;5.13947;0;0;-1
0;628;50.8407;-83.5314;2.90268;8.5;2572.44;5.11093;0;0;0.1;0.01;0;2.98729;1;0;-1
0;629;52.1823;-64.6099;4.04382;9.83279;3982.16;5.91231;0;0;0.1;0.01;0;5.58542;0;0;-1
0;630;50.3212;-48.4706;3.258;10.1367;4362.93;6.09505;0;0;0.1;0.01;0;6.36298;0;0;-1
0;631;53.4004;-33.6515;4.79523;8.5;2572.44;5.11093;0;0;0.1;0.01;0;5.81218;1;0;-1
0;632;51.3831;-15.8273;2.99503;8.60239;2666.53;5.17249;0;0;0.1;0.01;0;5.11847;0;0;-1
0;633;52.1565;1.14014;2.46802;8.51441;2585.55;5.11959;0;0;0.1;0.01;0;5.43449;0;0;-1
0;634;52.3743;17.0502;1.66439;9.47502;3563.11;5.69719;0;0;0.1;0.01;0;7.31228;0;0;-1
0;635;50.1849;34.3881;2.73586;9.80689;3950.78;5.89674;0;0;0.1;0.01;0;6.23262;0;0;-1
0;636;51.3788;54.6331;4.70277;8.5;2572.44;5.11093;0;0;0.1;0.01;0;5.01694;1;0;-1
0;637;50.0063;67.7124;3.26146;9.09874;3155.24;5.47094;0;0;0.1;0.01;0;4.69927;0;0;-1
0;638;68.0564;-56.0592;4.6873;9.91865;4087.39;5.96394;0;0;0.1;0.01;0;4.38928;0;0;-1
0;639;67.5919;-39.0464;2.40488;9.67029;3787.97;5.81461;0;0;0.1;0.01;0;7.089;0;0;-1
0;640;64.7283;-24.1599;3.89943;8.59961;2663.94;5.17082;0;0;0.1;0.01;0;5.67773;0;0;-1
0;641;67.8268;-6.65938;4.42204;8.5;2572.44;5.11093;0;0;0.1;0.01;0;4.8684;1;0;-1
0;642;65.6271;12.2019;3.83318;10.2544;4516.68;6.16582;0;0;0.1;0.01;0;6.72047;0;0;-1
0;643;65.4867;25.935;3.94064;8.5;2572.44;5.11093;0;0;0.1;0.01;0;6.09763;1;0;-1
0;644;66.917;44.31;4.36233;9.40417;3483.77;5.65459;0;0;0.1;0.01;0;5.69802;0;0;-1
0;645;67.4196;60.1768;4.31962;9.78995;3930.34;5.88655;0;0;0.1;0.01;0;4.46663;0;0;-1
0;646;82.3311;-47.3951;5.10344;9.16647;3226.23;5.51167;0;0;0.1;0.01;0;3.67518;0;0;-1
0;647;82.1677;-33.1117;3.18228;10.4059;4719.84;6.25692;0;0;0.1;0.01;0;5.82253;0;0;-1
0;648;81.3938;-15.7997;3.84525;9.58771;3691.76;5.76495;0;0;0.1;0.01;0;6.49011;0;0;-1
0;649;79.7739;0.0554075;1.87705;9.17655;3236.88;5.51773;0;0;0.1;0.01;0;5.72885;0;0;-1
0;650;80.9743;18.2536;2.4481;9.17519;3235.44;5.51691;0;0;0.1;0.01;0;6.64386;0;0;-1
0;651;82.5362;36.1047;4.09382;10.3563;4652.67;6.22709;0;0;0.1;0.01;0;5.55236;0;0;-1
0;652;82.803;55.2997;4.89521;9.98006;4163.78;6.00087;0;0;0.1;0.01;0;2.8489;0;0;-1
0;653;95.837;-23.3846;2.09992;10.372;4673.86;6.23653;0;0;0.1;0.01;0;3.6287;0;0;-1
0;654;96.3571;-7.56589;4.22485;9.30892;3378.99;5.59732;0;0;0.1;0.01;0;3.40681;0;0;-1
0;655;94.526;12.1173;1.93704;9.59168;3696.35;5.76734;0;0;0.1;0.01;0;4.21363;0;0;-1
0;656;94.3116;26.6313;4.48083;10.0281;4224.2;6.02975;0;0;0.1;0.01;0;4.46565;0;0;-1
0;657;-86.8349;-40.7525;19.2023;10.0139;4206.28;6.02121;0;0;0.1;0.01;0;3.22274;0;0;-1
0;658;-85.0798;-21.1758;18.5618;9.39531;3473.94;5.64926;0;0;0.1;0.01;0;3.282;0;0;-1
0;659;-84.8777;-4.98804;19.2731;9.9256;4095.99;5.96812;0;0;0.1;0.01;0;4.60309;0;0;-1
0;660;-86.6516;10.4807;17.1931;9.41782;3498.97;5.6628;0;0;0.1;0.01;0;4.71445;0;0;-1
0;661;-85.7248;27.1087;18.3093;8.5;2572.44;5.11093;0;0;0.1;0.01;0;3.21693;1;0;-1
0;662;-84.2576;45.3259;18.9335;8.68184;2741.09;5.22026;0;0;0.1;0.01;0;2.72864;0;0;-1
0;663;-72.1089;-63.6403;19.8426;9.46219;3548.65;5.68948;0;0;0.1;0.01;0;3.356;0;0;-1
0;664;-70.809;-48.5653;16.6733;9.04696;3101.68;5.43981;0;0;0.1;0.01;0;6.11155;0;0;-1
0;665;-68.9855;-33.8738;19.1864;8.5;2572.44;5.11093;0;0;0.1;0.01;0;5.46806;1;0;-1
0;666;-71.9597;-13.1873;19.0193;9.90376;4069.01;5.95499;0;0;0.1;0.01;0;7.23466;0;0;-1
0;667;-69.3883;2.17428;19.7053;9.7357;3865.36;5.85394;0;0;0.1;0.01;0;6.93251;0;0;-1
0;668;-70.2472;18.643;19.2997;9.64972;3763.85;5.80224;0;0;0.1;0.01;0;5.80142;0;0;-1
0;669;-70.2937;34.2612;16.7408;8.77909;2834.24;5.27874;0;0;0.1;0.01;0;4.32387;0;0;-1
0;670;-70.254;52.8821;16.2634;8.5;2572.44;5.11093;0;0;0.1;0.01;0;3.91679;1;0;-1
0;671;-58.0226;-74.948;17.1211;10.065;4271;6.05194;0;0;0.1;0.01;0;4.51597;0;0;-1
0;672;-57.4968;-58.6548;18.6996;9.47117;3558.77;5.69488;0;0;0.1;0.01;0;6.43945;0;0;-1
0;673;-56.201;-39.5372;17.4562;10.2399;4497.55;6.1571;0;0;0.1;0.01;0;7.40192;0;0;-1
0;674;-57.0866;-23.2727;16.9129;8.9323;2985.23;5.37086;0;0;0.1;0.01;0;5.73287;0;0;-1
0;675;-55.1851;-6.46578;16.0495;9.97374;4155.88;5.99707;0;0;0.1;0.01;0;6.24496;0;0;-1
0;676;-57.1283;8.6145;17.4104;8.70387;2762.01;5.23351;0;0;0.1;0.01;0;5.3865;0;0;-1
0;677;-55.3825;26.7759;16.7917;9.65507;3770.12;5.80545;0;0;0.1;0.01;0;5.71045;0;0;-1
0;678;-54.9738;46.9021;18.9414;8.5;2572.44;5.11093;0;0;0.1;0.01;0;4.35279;1;0;-1
0;679;-53.9839;61.9338;18.2827;8.67427;2733.93;5.21571;0;0;0.1;0.01;0;3.80762;0;0;-1
0;680;-53.7934;78.0468;19.6573;9.60026;3706.27;5.7725;0;0;0.1;0.01;0;2.63938;0;0;-1
0;681;-41.6983;-84.6169;16.8458;9.64536;3758.75;5.79962;0;0;0.1;0.01;0;4.3293;0;0;-1
0;682;-40.6333;-67.4706;17.7365;8.98447;3037.85;5.40223;0;0;0.1;0.01;0;5.51483;0;0;-1
0;683;-40.4669;-47.7829;16.7429;9.09298;3149.25;5.46748;0;0;0.1;0.01;0;5.2598;0;0;-1
0;684;-42.5294;-33.0286;18.1983;9.56256;3662.78;5.74983;0;0;0.1;0.01;0;6.35429;0;0;-1
0;685;-42.155;-13.7545;16.4908;8.5;2572.44;5.11093;0;0;0.1;0.01;0;4.91648;1;0;-1
0;686;-39.9945;2.27935;17.7258;8.8338;2887.56;5.31164;0;0;0.1;0.01;0;5.08431;0;0;-1
0;687;-42.2158;18.6851;18.4675;8.81873;2872.81;5.30257;0;0;0.1;0.01;0;5.43412;0;0;-1
0;688;-41.1624;33.7353;18.2742;8.97255;3025.77;5.39506;0;0;0.1;0.01;0;5.19082;0;0;-1
0;689;-39.706;53.2128;18.5411;8.97931;3032.62;5.39913;0;0;0.1;0.01;0;4.73848;0;0;-1
0;690;-39.5848;71.4839;16.399;10.2106;4459.05;6.13949;0;0;0.1;0.01;0;5.90455;0;0;-1
0;691;-41.5995;87.7489;18.5425;8.98874;3042.18;5.4048;0;0;0.1;0.01;0;2.93042;0;0;-1
0;692;-27.7632;-93.4553;16.8297;10.4523;4783.26;6.28482;0;0;0.1;0.01;0;3.97957;0;0;-1
0;693;-27.5084;-72.8551;18.4987;9.83112;3980.13;5.91131;0;0;0.1;0.01;0;6.1665;0;0;-1
0;694;-25.3693;-56.7096;16.277;8.5;2572.44;5.11093;0;0;0.1;0.01;0;4.44977;1;0;-1
0;695;-24.5022;-40.3747;17.8429;8.88227;2935.35;5.34078;0;0;0.1;0.01;0;5.4867;0;0;-1
0;696;-28.3603;-24.7219;16.3196;9.59361;3698.58;5.7685;0;0;0.1;0.01;0;6.0483;0;0;-1
0;697;-28.3776;-7.18817;16.011;9.33032;3402.34;5.61019;0;0;0.1;0.01;0;5.2926;0;0;-1
0;698;-26.9617;10.6806;16.4898;9.60486;3711.6;5.77526;0;0;0.1;0.01;0;6.09168;0;0;-1
0;699;-27.4492;28.0461;17.3591;9.05772;3112.76;5.44628;0;0;0.1;0.01;0;5.12824;0;0;-1
0;700;-25.4594;45.9313;17.6359;9.58543;3689.13;5.76358;0;0;0.1;0.01;0;5.7667;0;0;-1
0;701;-28.1553;62.0564;16.4042;9.01678;3070.74;5.42166;0;0;0.1;0.01;0;5.90465;0;0;-1
0;702;-27.4131;80.4129;16.3117;10.1887;4430.42;6.12632;0;0;0.1;0.01;0;5.88961;0;0;-1
0;703;-13.2889;-83.6074;17.6373;9.77088;3907.42;5.87509;0;0;0.1;0.01;0;5.45695;0;0;-1
0;704;-13.7375;-65.646;17.0282;8.5;2572.44;5.11093;0;0;0.1;0.01;0;4.20946;1;0;-1
0;705;-11.1821;-47.5347;16.2688;9.7905;3931;5.88689;0;0;0.1;0.01;0;5.45023;0;0;-1
0;706;-12.355;-30.7887;19.3465;8.63701;2698.85;5.19331;0;0;0.1;0.01;0;5.76251;0;0;-1
0;707;-11.5485;-16.1871;17.4747;9.71429;3839.92;5.84106;0;0;0.1;0.01;0;6.34148;0;0;-1
0;708;-13.6694;1.66418;17.1262;10.0878;4300.09;6.06565;0;0;0.1;0.01;0;7.02335;0;0;-1
0;709;-13.1796;20.7901;16.6132;10.0841;4295.36;6.06342;0;0;0.1;0.01;0;6.27127;0;0;-1
0;710;-10.954;37.3174;17.2908;8.97727;3030.55;5.3979;0;0;0.1;0.01;0;5.49565;0;0;-1
0;711;-10.0213;52.3598;18.302;10.1287;4352.61;6.09024;0;0;0.1;0.01;0;6.64399;0;0;-1
0;712;-11.6708;68.42;18.3676;8.59754;2662.02;5.16958;0;0;0.1;0.01;0;5.20815;0;0;-1
0;713;-11.0471;85.2555;18.671;8.5;2572.44;5.11093;0;0;0.1;0.01;0;3.7373;1;0;-1
0;714;1.68372;-91.9827;17.4352;10.248;4508.23;6.16197;0;0;0.1;0.01;0;3.90897;0;0;-1
0;715;4.58639;-72.2723;15.9838;8.68782;2746.76;5.22386;0;0;0.1;0.01;0;5.15373;0;0;-1
0;716;2.81904;-56.9704;17.3299;8.5;2572.44;5.11093;0;0;0.1;0.01;0;5.54563;1;0;-1
0;717;2.96224;-39.8569;16.6718;9.887;4048.39;5.94491;0;0;0.1;0.01;0;6.58601;0;0;-1
0;718;2.38275;-24.4668;16.4679;8.82136;2875.38;5.30416;0;0;0.1;0.01;0;5.63551;0;0;-1
0;719;4.974;-8.37507;17.1094;8.57217;2638.52;5.15432;0;0;0.1;0.01;0;4.74328;0;0;-1
0;720;4.17283;9.64983;16.3884;9.89258;4055.25;5.94826;0;0;0.1;0.01;0;4.89211;0;0;-1
0;721;2.16033;28.507;16.6408;9.95865;4137.04;5.98799;0;0;0.1;0.01;0;6.24776;0;0;-1
0;722;2.5308;46.1877;15.6203;8.5982;2662.63;5.16997;0;0;0.1;0.01;0;5.8018;0;0;-1
0;723;2.66252;63.4022;15.8903;10.4039;4717.12;6.25571;0;0;0.1;0.01;0;6.71377;0;0;-1
0;724;0.995026;77.9647;15.9354;8.66392;2724.16;5.20949;0;0;0.1;0.01;0;5.6853;0;0;-1
0;725;4.698;93.09;17.7705;8.70908;2766.98;5.23664;0;0;0.1;0.01;0;2.89385;0;0;-1
0;726;17.7773;-82.3792;17.1049;10.0453;4245.97;6.04009;0;0;0.1;0.01;0;5.132;0;0;-1
0;727;15.7994;-64.4117;16.3738;8.5;2572.44;5.11093;0;0;0.1;0.01;0;4.944;1;0;-1
0;728;16.023;-50.0868;18.3111;9.61978;3728.93;5.78423;0;0;0.1;0.01;0;5.55375;0;0;-1
0;729;18.9343;-33.9801;18.1057;8.5;2572.44;5.11093;0;0;0.1;0.01;0;4.31389;1;0;-1
0;730;18.3572;-17.0083;17.3406;9.30503;3374.75;5.59498;0;0;0.1;0.01;0;5.77403;0;0;-1
0;731;17.4655;2.71874;18.4875;8.54447;2613.03;5.13767;0;0;0.1;0.01;0;4.73918;0;0;-1
0;732;16.579;21.1386;16.2192;9.14026;3198.63;5.49591;0;0;0.1;0.01;0;6.27594;0;0;-1
0;733;16.5162;37.0674;17.4438;8.88866;2941.69;5.34462;0;0;0.1;0.01;0;5.88767;0;0;-1
0;734;19.6663;52.9283;17.6934;8.85858;2911.93;5.32654;0;0;0.1;0.01;0;5.16698;0;0;-1
0;735;16.4131;69.7739;17.3888;8.51644;2587.4;5.12081;0;0;0.1;0.01;0;5.15692;0;0;-1
0;736;17.9145;85.6772;16.4526;9.17315;3233.29;5.51568;0;0;0.1;0.01;0;3.56786;0;0;-1
0;737;33.1759;-92.4875;15.9355;9.05955;3114.64;5.44738;0;0;0.1;0.01;0;1.68978;0;0;-1
0;738;33.7901;-73.7664;16.099;9.51316;3606.31;5.72013;0;0;0.1;0.01;0;5.4773;0;0;-1
0;739;33.179;-55.246;18.0135;9.15668;3215.9;5.50578;0;0;0.1;0.01;0;4.5426;0;0;-1
0;740;33.6491;-39.0232;18.0745;8.5;2572.44;5.11093;0;0;0.1;0.01;0;5.33119;1;0;-1
0;741;31.4394;-24.4827;16.3375;9.37929;3456.2;5.63963;0;0;0.1;0.01;0;6.48261;0;0;-1
0;742;30.7123;-8.06058;18.5987;9.30862;3378.66;5.59714;0;0;0.1;0.01;0;5.498;0;0;-1
0;743;30.5306;11.5662;17.0215;8.87722;2930.35;5.33774;0;0;0.1;0.01;0;5.13342;0;0;-1
0;744;32.0935;26.8723;16.7679;8.78131;2836.39;5.28007;0;0;0.1;0.01;0;5.40364;0;0;-1
0;745;33.215;45.7675;16.5238;8.5;2572.44;5.11093;0;0;0.1;0.01;0;5.28937;1;0;-1
0;746;30.4893;63.4357;19.4798;9.08213;3137.99;5.46095;0;0;0.1;0.01;0;6.81584;0;0;-1
0;747;30.6499;77.8154;17.847;9.25776;3323.58;5.56656;0;0;0.1;0.01;0;5.18485;0;0;-1
0;748;45.3113;-81.2474;16.0912;9.99665;4184.58;6.01084;0;0;0.1;0.01;0;4.70893;0;0;-1
0;749;48.9032;-67.6384;17.0043;8.61752;2680.62;5.18159;0;0;0.1;0.01;0;5.08357;0;0;-1
0;750;47.5086;-48.1686;18.5949;8.5;2572.44;5.11093;0;0;0.1;0.01;0;4.60353;1;0;-1
0;751;46.7621;-31.9003;16.614;9.52674;3621.78;5.72829;0;0;0.1;0.01;0;6.82994;0;0;-1
0;752;46.3599;-15.3173;17.508;9.96599;4146.2;5.99241;0;0;0.1;0.01;0;6.40097;0;0;-1
0;753;46.2072;4.39763;19.4823;9.61473;3723.06;5.7812;0;0;0.1;0.01;0;5.43071;0;0;-1
0;754;48.79;20.4697;17.3415;9.77667;3914.37;5.87857;0;0;0.1;0.01;0;6.22947;0;0;-1
0;755;46.8605;34.8787;18.9792;8.5;2572.44;5.11093;0;0;0.1;0.01;0;5.2353;1;0;-1
0;756;45.0833;54.0912;16.5882;10.1386;4365.39;6.09619;0;0;0.1;0.01;0;6.5744;0;0;-1
0;757;46.9769;68.9793;17.7827;8.7934;2848.13;5.28734;0;0;0.1;0.01;0;5.04415;0;0;-1
0;758;45.941;86.0477;19.6648;8.5;2572.44;5.11093;0;0;0.1;0.01;0;1.28308;1;0;-1
0;759;61.22;-75.4452;17.4905;9.74749;3879.42;5.86102;0;0;0.1;0.01;0;2.82208;0;0;-1
0;760;62.3074;-57.9532;18.1635;8.5;2572.44;5.11093;0;0;0.1;0.01;0;4.94656;1;0;-1
0;761;62.5593;-38.7124;16.7022;10.097;4311.87;6.07118;0;0;0.1;0.01;0;7.4962;0;0;-1
0;762;60.421;-24.279;16.5107;9.90118;4065.83;5.95344;0;0;0.1;0.01;0;7.54608;0;0;-1
0;763;60.3757;-7.40385;16.748;8.93108;2984.01;5.37013;0;0;0.1;0.01;0;4.81047;0;0;-1
0;764;62.4583;10.6022;16.9707;9.45392;3539.36;5.6845;0;0;0.1;0.01;0;5.77995;0;0;-1
0;765;61.6895;28.5308;16.477;10.2254;4478.47;6.14838;0;0;0.1;0.01;0;7.22333;0;0;-1
0;766;61.8688;45.2096;19.0356;8.67367;2733.36;5.21535;0;0;0.1;0.01;0;6.07968;0;0;-1
0;767;62.2933;63.6352;19.0456;10.0225;4217.13;6.02638;0;0;0.1;0.01;0;4.83313;0;0;-1
0;768;75.9072;-50.2071;19.5094;8.70096;2759.24;5.23176;0;0;0.1;0.01;0;3.01371;0;0;-1
0;769;76.0464;-33.4809;18.3434;10.0886;4301.12;6.06613;0;0;0.1;0.01;0;6.13324;0;0;-1
0;770;77.6199;-16.9519;16.7432;8.5;2572.44;5.11093;0;0;0.1;0.01;0;4.96114;1;0;-1
0;771;74.8838;0.85566;19.4113;8.71841;2775.88;5.24225;0;0;0.1;0.01;0;4.44404;0;0;-1
0;772;76.4905;20.1079;16.1837;9.82373;3971.16;5.90687;0;0;0.1;0.01;0;6.53794;0;0;-1
0;773;74.8201;37.9228;19.0737;10.3722;4674.14;6.23665;0;0;0.1;0.01;0;6.73507;0;0;-1
0;774;76.5221;52.4261;18.7591;8.77615;2831.4;5.27697;0;0;0.1;0.01;0;4.58058;0;0;-1
0;775;91.5304;-22.0703;18.6388;9.7875;3927.39;5.88508;0;0;0.1;0.01;0;4.34483;0;0;-1
0;776;92.746;-7.35762;19.9363;8.5;2572.44;5.11093;0;0;0.1;0.01;0;2.62065;1;0;-1
0;777;91.6974;9.32532;16.218;9.05672;3111.73;5.44567;0;0;0.1;0.01;0;2.52827;0;0;-1
0;778;89.4649;26.8432;17.3934;9.35384;3428.14;5.62433;0;0;0.1;0.01;0;4.07924;0;0;-1
0;779;-93.5873;2.40794;34.5667;8.55786;2625.33;5.14572;0;0;0.1;0.01;0;2.84506;0;0;-1
0;780;-82.0397;-39.7104;31.6328;9.85962;4014.85;5.92845;0;0;0.1;0.01;0;3.15554;0;0;-1
0;781;-79.6849;-25.0882;32.4588;9.32437;3395.84;5.60661;0;0;0.1;0.01;0;4.2532;0;0;-1
0;782;-79.0023;-6.09181;34.0268;9.22038;3283.49;5.54408;0;0;0.1;0.01;0;5.97797;0;0;-1
0;783;-80.181;10.0453;31.814;8.73128;2788.19;5.24999;0;0;0.1;0.01;0;4.89474;0;0;-1
0;784;-82.7017;25.8719;30.9221;9.40262;3482.05;5.65366;0;0;0.1;0.01;0;2.74836;0;0;-1
0;785;-79.9033;46.0335;31.3442;8.54151;2610.31;5.13589;0;0;0.1;0.01;0;2.20495;0;0;-1
0;786;-65.9603;-66.8896;33.9518;9.46889;3556.2;5.69351;0;0;0.1;0.01;0;3.41754;0;0;-1
0;787;-66.6261;-47.6768;32.2409;9.70994;3834.76;5.83845;0;0;0.1;0.01;0;4.7903;0;0;-1
0;788;-64.303;-30.7675;34.2057;9.95636;4134.19;5.98661;0;0;0.1;0.01;0;6.5572;0;0;-1
0;789;-66.7755;-15.5668;31.0221;8.5;2572.44;5.11093;0;0;0.1;0.01;0;5.95094;1;0;-1
0;790;-65.6098;0.018031;34.1191;8.9441;2997.08;5.37796;0;0;0.1;0.01;0;5.9863;0;0;-1
0;791;-66.5562;18.1269;33.8896;8.5;2572.44;5.11093;0;0;0.1;0.01;0;4.43029;1;0;-1
0;792;-64.408;35.166;31.6591;8.58667;2651.94;5.16304;0;0;0.1;0.01;0;4.16521;0;0;-1
0;793;-66.8396;53.0595;33.2034;9.91933;4088.23;5.96435;0;0;0.1;0.01;0;3.57277;0;0;-1
0;794;-53.186;-73.3247;30.6169;10.1149;4334.84;6.08194;0;0;0.1;0.01;0;4.85253;0;0;-1
0;795;-50.1833;-58.7176;30.9849;9.48167;3570.62;5.70119;0;0;0.1;0.01;0;6.02666;0;0;-1
0;796;-49.8369;-38.4017;31.6511;9.72083;3847.68;5.84499;0;0;0.1;0.01;0;6.12843;0;0;-1
0;797;-52.8047;-21.2972;31.1165;8.5;2572.44;5.11093;0;0;0.1;0.01;0;4.91606;1;0;-1
0;798;-52.7061;-7.29164;34.1931;9.66627;3783.25;5.81219;0;0;0.1;0.01;0;4.4768;0;0;-1
0;799;-51.6703;11.8727;31.781;8.5;2572.44;5.11093;0;0;0.1;0.01;0;4.16223;1;0;-1
0;800;-50.7127;29.4034;32.6047;8.5;2572.44;5.11093;0;0;0.1;0.01;0;5.2384;1;0;-1
0;801;-52.7781;43.3403;33.1281;8.5;2572.44;5.11093;0;0;0.1;0.01;0;5.23945;1;0;-1
0;802;-51.6461;60.0679;33.9728;8.5;2572.44;5.11093;0;0;0.1;0.01;0;4.23744;1;0;-1
0;803;-35.6425;-85.3959;34.28;10.1766;4414.65;6.11904;0;0;0.1;0.01;0;3.63848;0;0;-1
0;804;-38.0038;-66.3792;31.2853;8.5;2572.44;5.11093;0;0;0.1;0.01;0;4.56056;1;0;-1
0;805;-37.9451;-47.2927;33.1305;9.74583;3877.44;5.86003;0;0;0.1;0.01;0;5.96774;0;0;-1
0;806;-34.473;-33.0343;33.0271;10.2533;4515.23;6.16516;0;0;0.1;0.01;0;6.52183;0;0;-1
0;807;-35.1756;-16.2769;32.7115;8.8572;2910.57;5.32571;0;0;0.1;0.01;0;4.12861;0;0;-1
0;808;-35.3386;2.98302;32.2912;8.80953;2863.83;5.29704;0;0;0.1;0.01;0;4.53314;0;0;-1
0;809;-38.3049;17.6736;32.7579;8.96634;3019.49;5.39133;0;0;0.1;0.01;0;4.9011;0;0;-1
0;810;-36.979;37.945;31.6603;9.65063;3764.92;5.80278;0;0;0.1;0.01;0;6.08252;0;0;-1
0;811;-36.8414;52.4723;32.4165;8.9865;3039.91;5.40345;0;0;0.1;0.01;0;5.22448;0;0;-1
0;812;-37.9074;69.1934;32.1216;8.5;2572.44;5.11093;0;0;0.1;0.01;0;3.35651;1;0;-1
0;813;-20.9692;-91.0269;34.0211;9.86408;4020.3;5.93113;0;0;0.1;0.01;0;3.76511;0;0;-1
0;814;-22.9252;-74.3031;32.2319;8.5;2572.44;5.11093;0;0;0.1;0.01;0;5.12088;1;0;-1
0;815;-22.837;-57.0568;34.4223;8.61747;2680.57;5.18156;0;0;0.1;0.01;0;4.58591;0;0;-1
0;816;-21.8602;-42.7454;31.8934;8.61331;2676.69;5.17906;0;0;0.1;0.01;0;5.68044;0;0;-1
0;817;-20.4336;-21.6637;31.3807;8.5;2572.44;5.11093;0;0;0.1;0.01;0;3.95987;1;0;-1
0;818;-20.957;-4.75651;34.0508;9.37895;3455.82;5.63943;0;0;0.1;0.01;0;5.90074;0;0;-1
0;819;-21.7864;11.1926;31.6473;8.93559;2988.53;5.37284;0;0;0.1;0.01;0;5.87883;0;0;-1
0;820;-22.9971;29.3671;33.7801;9.49202;3582.32;5.70741;0;0;0.1;0.01;0;5.55431;0;0;-1
0;821;-20.7403;44.2958;33.8094;9.19925;3260.96;5.53138;0;0;0.1;0.01;0;6.2941;0;0;-1
0;822;-20.4344;59.7022;30.9813;8.65751;2718.11;5.20564;0;0;0.1;0.01;0;5.12149;0;0;-1
0;823;-21.7713;76.7166;32.6769;10.0526;4255.24;6.04448;0;0;0.1;0.01;0;4.73803;0;0;-1
0;824;-6.81692;-81.4807;33.007;10.2345;4490.44;6.15386;0;0;0.1;0.01;0;5.736;0;0;-1
0;825;-7.58129;-65.8494;32.039;9.11861;3175.96;5.48289;0;0;0.1;0.01;0;4.85191;0;0;-1
0;826;-8.81263;-46.9423;30.789;9.1191;3176.47;5.48318;0;0;0.1;0.01;0;5.15168;0;0;-1
0;827;-5.46149;-32.6303;31.1708;8.5;2572.44;5.11093;0;0;0.1;0.01;0;4.7428;1;0;-1
0;828;-8.84285;-13.1788;31.5904;10.4144;4731.42;6.26203;0;0;0.1;0.01;0;6.59236;0;0;-1
0;829;-7.46443;3.47678;31.9444;9.30981;3379.96;5.59785;0;0;0.1;0.01;0;6.08588;0;0;-1
0;830;-6.85518;20.9989;33.6328;10.0649;4270.88;6.05188;0;0;0.1;0.01;0;5.6761;0;0;-1
0;831;-7.47878;37.7979;34.0804;9.13604;3194.2;5.49337;0;0;0.1;0.01;0;6.14315;0;0;-1
0;832;-5.84985;51.7237;33.688;8.5;2572.44;5.11093;0;0;0.1;0.01;0;5.49197;1;0;-1
0;833;-7.20166;69.7815;32.3995;8.73803;2794.66;5.25405;0;0;0.1;0.01;0;4.34973;0;0;-1
0;834;-6.78441;88.6507;31.1333;8.56897;2635.57;5.1524;0;0;0.1;0.01;0;2.16733;0;0;-1
0;835;8.24888;-89.4384;34.6634;8.757;2812.9;5.26546;0;0;0.1;0.01;0;3.18147;0;0;-1
0;836;7.70477;-74.4735;32.4965;10.4534;4784.77;6.28548;0;0;0.1;0.01;0;7.03283;0;0;-1
0;837;6.34299;-58.9466;31.815;8.79873;2853.31;5.29055;0;0;0.1;0.01;0;5.10261;0;0;-1
0;838;8.48692;-42.916;33.1995;10.0561;4259.68;6.04659;0;0;0.1;0.01;0;6.75117;0;0;-1
0;839;6.86404;-23.8827;32.7517;8.90408;2957.03;5.35389;0;0;0.1;0.01;0;4.87853;0;0;-1
0;840;7.21228;-6.04757;33.7217;9.87605;4034.95;5.93833;0;0;0.1;0.01;0;6.05082;0;0;-1
0;841;5.65038;8.78933;34.3844;9.10205;3158.68;5.47293;0;0;0.1;0.01;0;4.74237;0;0;-1
0;842;8.33776;27.82;31.0482;9.25309;3318.55;5.56375;0;0;0.1;0.01;0;5.15879;0;0;-1
0;843;6.79164;42.8931;30.5888;10.1876;4428.99;6.12566;0;0;0.1;0.01;0;6.42033;0;0;-1
0;844;8.63522;61.575;30.9001;8.68436;2743.48;5.22178;0;0;0.1;0.01;0;4.75573;0;0;-1
0;845;9.12328;78.9351;31.9;9.46328;3549.88;5.69013;0;0;0.1;0.01;0;4.7046;0;0;-1
0;846;23.1453;-82.6639;33.8527;9.93443;4106.93;5.97343;0;0;0.1;0.01;0;4.7657;0;0;-1
0;847;22.6468;-67.9642;33.0079;9.85623;4010.71;5.92641;0;0;0.1;0.01;0;5.40134;0;0;-1
0;848;23.8689;-47.7345;33.3871;8.90151;2954.47;5.35235;0;0;0.1;0.01;0;5.89625;0;0;-1
0;849;21.136;-32.2881;32.4691;10.1635;4397.63;6.11117;0;0;0.1;0.01;0;7.03869;0;0;-1
0;850;22.1164;-14.0036;32.2138;10.1553;4386.99;6.10623;0;0;0.1;0.01;0;6.79648;0;0;-1
0;851;22.3353;0.480846;30.9414;8.92445;2977.37;5.36614;0;0;0.1;0.01;0;5.12746;0;0;-1
0;852;23.0076;19.3365;30.4867;9.06881;3124.2;5.45294;0;0;0.1;0.01;0;4.82303;0;0;-1
0;853;22.1085;37.5575;33.9848;9.3486;3422.38;5.62118;0;0;0.1;0.01;0;5.73738;0;0;-1
0;854;23.7968;51.3881;32.5766;9.90615;4071.96;5.95642;0;0;0.1;0.01;0;6.81287;0;0;-1
0;855;22.327;68.7588;31.0029;8.75237;2808.44;5.26267;0;0;0.1;0.01;0;5.90292;0;0;-1
0;856;20.8571;89.3897;34.2256;9.34689;3420.5;5.62015;0;0;0.1;0.01;0;1.60317;0;0;-1
0;857;35.7844;-74.7262;32.7984;8.5;2572.44;5.11093;0;0;0.1;0.01;0;3.42547;1;0;-1
0;858;37.1875;-55.084;32.8368;9.55435;3653.36;5.74489;0;0;0.1;0.01;0;5.76239;0;0;-1
0;859;35.5748;-38.4155;30.8886;8.5;2572.44;5.11093;0;0;0.1;0.01;0;5.31018;1;0;-1
0;860;37.503;-21.9806;32.1844;8.5;2572.44;5.11093;0;0;0.1;0.01;0;4.75493;1;0;-1
0;861;35.8972;-4.81518;33.2074;9.17157;3231.62;5.51473;0;0;0.1;0.01;0;5.72498;0;0;-1
0;862;38.7397;9.34917;32.4853;8.59517;2659.82;5.16815;0;0;0.1;0.01;0;4.91392;0;0;-1
0;863;38.104;25.561;32.9998;9.81869;3965.06;5.90384;0;0;0.1;0.01;0;5.59279;0;0;-1
0;864;38.3517;43.1673;33.0891;9.76301;3897.98;5.87036;0;0;0.1;0.01;0;6.01925;0;0;-1
0;865;35.3802;61.8623;33.7068;9.76121;3895.83;5.86927;0;0;0.1;0.01;0;6.62731;0;0;-1
0;866;36.8564;77.252;32.16;10.0224;4217;6.02632;0;0;0.1;0.01;0;5.23725;0;0;-1
0;867;52.8306;-64.6656;31.9353;9.06145;3116.6;5.44852;0;0;0.1;0.01;0;3.97319;0;0;-1
0;868;53.1642;-49.3405;32.1275;9.43641;3519.73;5.67398;0;0;0.1;0.01;0;5.65663;0;0;-1
0;869;52.0711;-33.3857;32.4021;9.52844;3623.71;5.72931;0;0;0.1;0.01;0;6.14011;0;0;-1
0;870;51.5473;-17.3193;31.6006;9.93219;4104.15;5.97208;0;0;0.1;0.01;0;6.32;0;0;-1
0;871;53.2137;0.915125;33.8709;10.0205;4214.6;6.02518;0;0;0.1;0.01;0;6.86675;0;0;-1
0;872;52.4639;17.8212;33.3894;8.9672;3020.36;5.39185;0;0;0.1;0.01;0;6.01648;0;0;-1
0;873;53.4759;38.1468;32.2388;8.9671;3020.26;5.39179;0;0;0.1;0.01;0;6.03557;0;0;-1
0;874;53.2671;53.1814;33.3252;9.60563;3712.5;5.77573;0;0;0.1;0.01;0;6.9691;0;0;-1
0;875;51.4258;68.3312;32.42;9.14929;3208.12;5.50134;0;0;0.1;0.01;0;4.86903;0;0;-1
0;876;67.2588;-58.0671;32.4294;8.83388;2887.64;5.31168;0;0;0.1;0.01;0;3.29249;0;0;-1
0;877;67.6949;-38.6049;31.5529;9.31078;3381.01;5.59844;0;0;0.1;0.01;0;5.34604;0;0;-1
0;878;66.3879;-21.815;31.9691;9.12977;3187.63;5.4896;0;0;0.1;0.01;0;5.27161;0;0;-1
0;879;66.9418;-4.76795;32.6259;9.85842;4013.38;5.92772;0;0;0.1;0.01;0;5.72549;0;0;-1
0;880;67.2114;10.3568;32.9724;8.94914;3002.15;5.38099;0;0;0.1;0.01;0;6.55201;0;0;-1
0;881;66.209;28.0105;33.7802;8.61621;2679.4;5.1808;0;0;0.1;0.01;0;5.82108;0;0;-1
0;882;67.3128;45.6469;31.0847;9.11558;3172.79;5.48107;0;0;0.1;0.01;0;6.46691;0;0;-1
0;883;67.015;59.5026;32.0799;9.87652;4035.53;5.93861;0;0;0.1;0.01;0;4.75485;0;0;-1
0;884;79.9435;-30.2559;33.8311;9.91075;4077.63;5.95919;0;0;0.1;0.01;0;4.39893;0;0;-1
0;885;80.1786;-15.9684;30.7223;8.8039;2858.34;5.29366;0;0;0.1;0.01;0;4.50545;0;0;-1
0;886;79.658;3.68698;33.5465;10.0827;4293.58;6.06258;0;0;0.1;0.01;0;4.94815;0;0;-1
0;887;80.7143;19.7003;34.1966;8.73611;2792.82;5.2529;0;0;0.1;0.01;0;3.84946;0;0;-1
0;888;80.5444;33.6356;31.9263;8.98096;3034.29;5.40012;0;0;0.1;0.01;0;4.25653;0;0;-1
0;889;-86.3538;-6.44509;47.2356;9.7781;3916.08;5.87943;0;0;0.1;0.01;0;3.24503;0;0;-1
0;890;-85.6609;9.85538;47.7948;10.4049;4718.48;6.25632;0;0;0.1;0.01;0;3.02306;0;0;-1
0;891;-69.0179;-49.9825;48.796;10.4318;4755.17;6.27249;0;0;0.1;0.01;0;2.88067;0;0;-1
0;892;-69.3929;-33.7465;47.9831;8.5;2572.44;5.11093;0;0;0.1;0.01;0;4.0951;1;0;-1
0;893;-69.3647;-13.3647;47.6977;9.91875;4087.52;5.964;0;0;0.1;0.01;0;5.72637;0;0;-1
0;894;-71.5148;0.834979;46.7768;8.91111;2964.04;5.35812;0;0;0.1;0.01;0;5.62289;0;0;-1
0;895;-68.5677;18.0374;47.0524;8.75571;2811.66;5.26468;0;0;0.1;0.01;0;3.93345;0;0;-1
0;896;-70.5788;36.4612;49.3641;9.25688;3322.63;5.56603;0;0;0.1;0.01;0;1.72458;0;0;-1
0;897;-56.6378;-59.6054;46.1486;8.92538;2978.3;5.3667;0;0;0.1;0.01;0;4.10105;0;0;-1
0;898;-57.0596;-39.1312;47.6031;9.30218;3371.65;5.59327;0;0;0.1;0.01;0;5.77846;0;0;-1
0;899;-57.0488;-23.2622;47.2604;8.5;2572.44;5.11093;0;0;0.1;0.01;0;5.4529;1;0;-1
0;900;-56.8223;-6.9124;48.8067;9.56046;3660.37;5.74857;0;0;0.1;0.01;0;5.9047;0;0;-1
0;901;-54.5979;12.7546;45.9843;8.6949;2753.48;5.22812;0;0;0.1;0.01;0;4.41977;0;0;-1
0;902;-57.7018;29.7432;45.9833;8.5;2572.44;5.11093;0;0;0.1;0.01;0;4.65696;1;0;-1
0;903;-56.3023;45.9395;47.0347;8.5;2572.44;5.11093;0;0;0.1;0.01;0;4.45876;1;0;-1
0;904;-54.4397;61.3;46.4149;8.73256;2789.42;5.25076;0;0;0.1;0.01;0;3.50012;0;0;-1
0;905;-40.6496;-64.385;45.8772;8.77308;2828.43;5.27513;0;0;0.1;0.01;0;3.66503;0;0;-1
0;906;-40.4067;-50.578;48.2045;9.14813;3206.9;5.50064;0;0;0.1;0.01;0;5.1595;0;0;-1
0;907;-43.1999;-30.0732;46.0956;10.1709;4407.24;6.11561;0;0;0.1;0.01;0;6.05281;0;0;-1
0;908;-41.5058;-14.2982;49.0838;8.5;2572.44;5.11093;0;0;0.1;0.01;0;4.98888;1;0;-1
0;909;-41.6419;0.771762;49.2664;8.65928;2719.78;5.2067;0;0;0.1;0.01;0;4.60045;0;0;-1
0;910;-42.0953;16.7744;48.2688;10.2808;4551.66;6.1817;0;0;0.1;0.01;0;5.92227;0;0;-1
0;911;-42.3282;35.878;45.2268;8.59133;2656.26;5.16584;0;0;0.1;0.01;0;4.94861;0;0;-1
0;912;-41.219;53.241;48.9031;10.1348;4360.48;6.09391;0;0;0.1;0.01;0;6.53517;0;0;-1
0;913;-42.4875;69.7198;48.0961;9.85071;4003.97;5.92309;0;0;0.1;0.01;0;4.23839;0;0;-1
0;914;-27.8288;-76.7434;46.7353;9.0812;3137.03;5.46039;0;0;0.1;0.01;0;2.96214;0;0;-1
0;915;-26.1691;-55.5079;48.3109;8.59395;2658.69;5.16742;0;0;0.1;0.01;0;5.99483;0;0;-1
0;916;-27.6877;-41.4894;46.5285;9.63897;3751.29;5.79577;0;0;0.1;0.01;0;7.57659;0;0;-1
0;917;-28.0288;-24.2551;49.4344;8.5;2572.44;5.11093;0;0;0.1;0.01;0;4.80386;1;0;-1
0;918;-25.7039;-8.79545;47.3251;8.5;2572.44;5.11093;0;0;0.1;0.01;0;4.63735;1;0;-1
0;919;-26.6732;12.027;46.5394;9.92574;4096.16;5.9682;0;0;0.1;0.01;0;5.77772;0;0;-1
0;920;-26.9569;29.5835;48.5598;10.2075;4454.99;6.13762;0;0;0.1;0.01;0;7.06161;0;0;-1
0;921;-26.3506;45.1544;48.8403;9.22863;3292.31;5.54904;0;0;0.1;0.01;0;6.11758;0;0;-1
0;922;-25.8909;60.8791;46.5191;10.3198;4603.65;6.20515;0;0;0.1;0.01;0;6.8733;0;0;-1
0;923;-25.572;79.3366;48.501;9.1597;3219.08;5.50759;0;0;0.1;0.01;0;3.17671;0;0;-1
0;924;-12.3628;-80.7892;46.0166;8.874;2927.16;5.33581;0;0;0.1;0.01;0;3.06967;0;0;-1
0;925;-11.8852;-64.6893;47.966;8.62741;2689.86;5.18754;0;0;0.1;0.01;0;4.45598;0;0;-1
0;926;-13.4908;-47.9756;46.5699;10.3686;4669.27;6.23449;0;0;0.1;0.01;0;7.51892;0;0;-1
0;927;-12.6926;-33.5694;49.1085;10.005;4195.08;6.01586;0;0;0.1;0.01;0;5.88143;0;0;-1
0;928;-11.4159;-13.8846;48.689;9.93402;4106.42;5.97318;0;0;0.1;0.01;0;6.7731;0;0;-1
0;929;-11.0346;0.267753;46.1036;9.49154;3581.78;5.70713;0;0;0.1;0.01;0;6.65173;0;0;-1
0;930;-13.1758;19.5102;47.8613;10.0132;4205.4;6.02079;0;0;0.1;0.01;0;6.25708;0;0;-1
0;931;-11.2556;37.0938;49.0525;8.84922;2902.71;5.32091;0;0;0.1;0.01;0;6.44934;0;0;-1
0;932;-12.201;52.5456;48.7859;9.02879;3083.03;5.42888;0;0;0.1;0.01;0;7.20736;0;0;-1
0;933;-11.7501;69.7934;48.0794;10.1432;4371.33;6.09896;0;0;0.1;0.01;0;5.86685;0;0;-1
0;934;-12.8179;86.6122;47.996;8.5;2572.44;5.11093;0;0;0.1;0.01;0;1.66662;1;0;-1
0;935;2.06045;-73.1406;45.8831;8.5;2572.44;5.11093;0;0;0.1;0.01;0;4.91103;1;0;-1
0;936;1.61464;-59.4345;46.6233;8.99434;3047.87;5.40817;0;0;0.1;0.01;0;5.60775;0;0;-1
0;937;2.35354;-42.278;46.9561;9.40872;3488.83;5.65733;0;0;0.1;0.01;0;5.65105;0;0;-1
0;938;1.44686;-22.4086;48.5099;9.3869;3464.62;5.64421;0;0;0.1;0.01;0;5.82076;0;0;-1
0;939;4.30799;-5.38709;49.0445;9.50215;3593.8;5.7135;0;0;0.1;0.01;0;6.81242;0;0;-1
0;940;3.22364;8.8643;49.2432;9.40384;3483.41;5.65439;0;0;0.1;0.01;0;5.80771;0;0;-1
0;941;1.82477;29.6374;47.3251;8.5;2572.44;5.11093;0;0;0.1;0.01;0;5.04982;1;0;-1
0;942;1.08578;45.5431;47.6008;8.53776;2606.88;5.13363;0;0;0.1;0.01;0;6.17132;0;0;-1
0;943;1.48889;60.6229;45.6718;9.03964;3094.15;5.4354;0;0;0.1;0.01;0;5.43559;0;0;-1
0;944;4.93283;79.7312;48.6601;10.1102;4328.8;6.07912;0;0;0.1;0.01;0;3.00475;0;0;-1
0;945;18.9269;-84.4744;48.8974;8.82496;2878.9;5.30632;0;0;0.1;0.01;0;1.95302;0;0;-1
0;946;18.282;-65.932;46.7117;9.13393;3191.99;5.4921;0;0;0.1;0.01;0;4.69392;0;0;-1
0;947;16.9306;-49.4127;46.2826;8.5;2572.44;5.11093;0;0;0.1;0.01;0;4.61379;1;0;-1
0;948;19.3941;-34.4022;45.9315;10.2763;4545.68;6.17899;0;0;0.1;0.01;0;6.56779;0;0;-1
0;949;16.1492;-14.8606;48.4601;9.22523;3288.67;5.547;0;0;0.1;0.01;0;6.34157;0;0;-1
0;950;18.7774;1.80764;48.5206;8.50641;2578.26;5.11478;0;0;0.1;0.01;0;5.65821;0;0;-1
0;951;17.3913;17.4856;46.7766;9.55479;3653.86;5.74516;0;0;0.1;0.01;0;5.23476;0;0;-1
0;952;16.025;36.397;49.0142;8.5;2572.44;5.11093;0;0;0.1;0.01;0;4.9519;1;0;-1
0;953;19.2428;50.848;45.5633;9.03341;3087.76;5.43166;0;0;0.1;0.01;0;5.1121;0;0;-1
0;954;17.4169;71.0978;46.7975;9.52319;3617.73;5.72616;0;0;0.1;0.01;0;4.5424;0;0;-1
0;955;33.2084;-74.2767;48.7972;8.9766;3029.87;5.3975;0;0;0.1;0.01;0;3.24335;0;0;-1
0;956;33.1128;-57.1353;47.8258;9.60965;3717.16;5.77814;0;0;0.1;0.01;0;6.04808;0;0;-1
0;957;33.4744;-39.2124;45.8213;9.85133;4004.73;5.92346;0;0;0.1;0.01;0;6.54244;0;0;-1
0;958;30.7941;-22.5141;46.1739;9.98303;4167.5;6.00265;0;0;0.1;0.01;0;6.38927;0;0;-1
0;959;31.9827;-5.04275;47.7724;9.48791;3577.67;5.70494;0;0;0.1;0.01;0;5.83391;0;0;-1
0;960;33.2589;12.0656;47.6399;9.44032;3524.1;5.67633;0;0;0.1;0.01;0;5.47908;0;0;-1
0;961;30.6872;25.7875;46.9817;9.75134;3884.02;5.86334;0;0;0.1;0.01;0;6.52898;0;0;-1
0;962;32.708;43.2058;48.5176;8.95476;3007.81;5.38437;0;0;0.1;0.01;0;6.11667;0;0;-1
0;963;31.8865;59.3289;48.6154;9.99243;4179.28;6.0083;0;0;0.1;0.01;0;6.93109;0;0;-1
0;964;30.9348;76.25;47.6998;9.44588;3530.33;5.67967;0;0;0.1;0.01;0;4.12609;0;0;-1
0;965;45.9684;-63.7022;46.5689;8.50235;2574.57;5.11234;0;0;0.1;0.01;0;3.30938;0;0;-1
0;966;46.1747;-47.4738;47.5694;10.2055;4452.37;6.13642;0;0;0.1;0.01;0;6.42993;0;0;-1
0;967;47.6512;-31.4614;46.2939;8.5;2572.44;5.11093;0;0;0.1;0.01;0;5.04385;1;0;-1
0;968;45.2313;-13.9426;49.0314;9.26855;3335.22;5.57304;0;0;0.1;0.01;0;5.88877;0;0;-1
0;969;45.9019;-0.223065;45.3778;8.5;2572.44;5.11093;0;0;0.1;0.01;0;5.34626;1;0;-1
0;970;47.7169;20.782;46.8827;10.0206;4214.73;6.02524;0;0;0.1;0.01;0;7.16766;0;0;-1
0;971;45.2996;36.6207;48.5892;9.44979;3534.72;5.68202;0;0;0.1;0.01;0;6.79982;0;0;-1
0;972;46.4705;54.7699;49.1022;9.69619;3818.49;5.83018;0;0;0.1;0.01;0;5.88018;0;0;-1
0;973;45.6635;72.0063;48.4171;9.86394;4020.13;5.93104;0;0;0.1;0.01;0;3.34258;0;0;-1
0;974;63.7034;-58.7691;46.4849;8.74716;2803.43;5.25954;0;0;0.1;0.01;0;2.38292;0;0;-1
0;975;62.0111;-42.3774;47.6477;9.36522;3440.67;5.63117;0;0;0.1;0.01;0;5.04876;0;0;-1
0;976;59.8953;-24.0725;48.5263;8.5;2572.44;5.11093;0;0;0.1;0.01;0;4.86159;1;0;-1
0;977;63.6066;-8.69938;46.8173;10.1425;4370.42;6.09854;0;0;0.1;0.01;0;6.67376;0;0;-1
0;978;60.6641;8.13155;47.1514;9.86993;4027.46;5.93465;0;0;0.1;0.01;0;6.38293;0;0;-1
0;979;61.5222;26.8076;46.1112;9.90075;4065.3;5.95318;0;0;0.1;0.01;0;6.42595;0;0;-1
0;980;60.1747;43.6468;46.0412;10.1384;4365.13;6.09607;0;0;0.1;0.01;0;6.24289;0;0;-1
0;981;61.17;60.9999;46.9945;9.12844;3186.24;5.4888;0;0;0.1;0.01;0;3.75953;0;0;-1
0;982;77.2987;-30.3691;48.6458;8.61289;2676.3;5.17881;0;0;0.1;0.01;0;2.62217;0;0;-1
0;983;77.1303;-17.1011;47.724;8.5;2572.44;5.11093;0;0;0.1;0.01;0;3.16447;1;0;-1
0;984;75.5657;1.83025;46.5452;9.84126;3992.46;5.91741;0;0;0.1;0.01;0;5.04733;0;0;-1
0;985;78.6934;17.3382;48.8017;10.0526;4255.24;6.04448;0;0;0.1;0.01;0;4.18373;0;0;-1
0;986;75.2839;34.6935;45.9223;10.2898;4563.62;6.18711;0;0;0.1;0.01;0;4.40745;0;0;-1
0;987;-65.6088;-30.2876;62.2591;8.57744;2643.39;5.15749;0;0;0.1;0.01;0;3.43831;0;0;-1
0;988;-66.5758;-15.4225;63.5522;8.87947;2932.58;5.3391;0;0;0.1;0.01;0;3.5403;0;0;-1
0;989;-66.6944;0.551101;61.3335;8.52153;2592.04;5.12387;0;0;0.1;0.01;0;3.47844;0;0;-1
0;990;-66.1484;19.5144;63.9375;9.60852;3715.85;5.77746;0;0;0.1;0.01;0;3.35644;0;0;-1
0;991;-51.8177;-58.4808;60.4514;9.06277;3117.97;5.44931;0;0;0.1;0.01;0;2.13684;0;0;-1
0;992;-51.4174;-38.7576;63.6246;10.4312;4754.35;6.27213;0;0;0.1;0.01;0;5.1986;0;0;-1
0;993;-50.7458;-24.5007;63.2984;8.99047;3043.94;5.40584;0;0;0.1;0.01;0;6.41291;0;0;-1
0;994;-52.7037;-8.79186;61.3383;8.75928;2815.1;5.26683;0;0;0.1;0.01;0;4.57454;0;0;-1
0;995;-53.4853;10.3276;61.644;10.3467;4639.75;6.22132;0;0;0.1;0.01;0;5.60444;0;0;-1
0;996;-53.0212;27.1253;62.1071;8.5119;2583.26;5.11808;0;0;0.1;0.01;0;4.04308;0;0;-1
0;997;-51.753;46.5222;61.8029;9.49673;3587.66;5.71025;0;0;0.1;0.01;0;3.02862;0;0;-1
0;998;-36.3739;-47.5556;60.5187;9.31429;3384.84;5.60055;0;0;0.1;0.01;0;6.18512;0;0;-1
0;999;-36.9157;-33.1669;64.1657;8.56914;2635.73;5.1525;0;0;0.1;0.01;0;5.89176;0;0;-1
0;1000;-35.4747;-15.6546;62.6719;9.77893;3917.08;5.87993;0;0;0.1;0.01;0;6.62083;0;0;-1
0;1001;-36.1648;1.45476;63.9638;8.73934;2795.92;5.25484;0;0;0.1;0.01;0;4.87669;0;0;-1
0;1002;-35.0681;19.585;62.2232;8.80965;2863.94;5.29711;0;0;0.1;0.01;0;5.88718;0;0;-1
0;1003;-35.2264;37.0919;60.6592;9.96828;4149.06;5.99378;0;0;0.1;0.01;0;6.29377;0;0;-1
0;1004;-38.3045;52.2596;63.8407;9.47991;3568.63;5.70013;0;0;0.1;0.01;0;3.94545;0;0;-1
0;1005;-38.3133;67.9561;60.6959;9.61487;3723.22;5.78128;0;0;0.1;0.01;0;3.18434;0;0;-1
0;1006;-21.3211;-73.2323;63.7675;8.5;2572.44;5.11093;0;0;0.1;0.01;0;1.71292;1;0;-1
0;1007;-23.2939;-57.0305;62.2433;10.4;4711.82;6.25337;0;0;0.1;0.01;0;6.18522;0;0;-1
0;1008;-22.2425;-40.8624;61.3926;10.2717;4539.58;6.17622;0;0;0.1;0.01;0;8.02802;0;0;-1
0;1009;-21.305;-22.7363;63.6624;8.53442;2603.82;5.13162;0;0;0.1;0.01;0;6.24244;0;0;-1
0;1010;-21.9776;-5.56847;62.1259;10.3597;4657.26;6.22914;0;0;0.1;0.01;0;6.4372;0;0;-1
0;1011;-22.1203;10.5169;60.8547;8.5;2572.44;5.11093;0;0;0.1;0.01;0;3.63119;1;0;-1
0;1012;-23.7861;26.8094;63.5255;9.01866;3072.66;5.42279;0;0;0.1;0.01;0;4.69333;0;0;-1
0;1013;-22.4096;44.4763;62.8131;9.87176;4029.7;5.93575;0;0;0.1;0.01;0;6.77159;0;0;-1
0;1014;-21.8317;59.7015;60.1766;8.81698;2871.1;5.30152;0;0;0.1;0.01;0;5.43861;0;0;-1
0;1015;-7.87418;-67.69;60.3435;8.52518;2595.37;5.12607;0;0;0.1;0.01;0;3.89122;0;0;-1
0;1016;-7.87065;-47.7039;63.1322;10.2311;4485.96;6.15181;0;0;0.1;0.01;0;6.71353;0;0;-1
0;1017;-5.56467;-29.8856;63.3928;9.05885;3113.92;5.44696;0;0;0.1;0.01;0;6.57495;0;0;-1
0;1018;-6.85419;-15.3339;60.9655;8.54701;2615.36;5.13919;0;0;0.1;0.01;0;6.62466;0;0;-1
0;1019;-8.78463;0.617767;60.7647;8.5;2572.44;5.11093;0;0;0.1;0.01;0;4.7138;1;0;-1
0;1020;-6.95386;20.8324;60.3895;8.92528;2978.2;5.36664;0;0;0.1;0.01;0;4.61609;0;0;-1
0;1021;-8.82952;36.01;63.5754;9.68264;3802.51;5.82203;0;0;0.1;0.01;0;7.0481;0;0;-1
0;1022;-6.47298;52.143;61.033;9.64341;3756.48;5.79844;0;0;0.1;0.01;0;7.58164;0;0;-1
0;1023;-7.4331;67.6698;60.8776;10.3052;4584.14;6.19637;0;0;0.1;0.01;0;4.93656;0;0;-1
0;1024;5.31946;-73.773;61.9516;8.5;2572.44;5.11093;0;0;0.1;0.01;0;2.23667;1;0;-1
0;1025;6.87387;-57.4066;62.3005;10.176;4413.87;6.11868;0;0;0.1;0.01;0;5.81631;0;0;-1
0;1026;7.74471;-39.3551;61.0331;8.5;2572.44;5.11093;0;0;0.1;0.01;0;4.55265;1;0;-1
0;1027;6.38167;-22.6919;62.3473;9.92312;4092.92;5.96663;0;0;0.1;0.01;0;6.71145;0;0;-1
0;1028;9.17386;-6.37228;62.4724;10.2402;4497.94;6.15728;0;0;0.1;0.01;0;6.85734;0;0;-1
0;1029;8.77979;12.194;62.2451;8.66534;2725.5;5.21034;0;0;0.1;0.01;0;4.7888;0;0;-1
0;1030;7.91914;26.3216;63.4097;8.5;2572.44;5.11093;0;0;0.1;0.01;0;5.49378;1;0;-1
0;1031;7.42332;42.0749;60.0826;10.2988;4575.6;6.19252;0;0;0.1;0.01;0;6.63326;0;0;-1
0;1032;6.63651;63.0878;63.2883;9.3194;3390.41;5.60362;0;0;0.1;0.01;0;4.62331;0;0;-1
0;1033;21.3068;-63.8666;60.9578;8.5;2572.44;5.11093;0;0;0.1;0.01;0;3.70207;1;0;-1
0;1034;23.2578;-50.2988;61.9525;8.5;2572.44;5.11093;0;0;0.1;0.01;0;4.43467;1;0;-1
0;1035;20.9349;-32.3623;61.0289;8.5;2572.44;5.11093;0;0;0.1;0.01;0;3.8332;1;0;-1
0;1036;24.2137;-12.667;60.3644;8.5;2572.44;5.11093;0;0;0.1;0.01;0;5.40691;1;0;-1
0;1037;20.6136;2.95459;61.7829;8.5;2572.44;5.11093;0;0;0.1;0.01;0;5.06442;1;0;-1
0;1038;23.0811;19.7983;63.736;10.3275;4613.96;6.20978;0;0;0.1;0.01;0;7.34185;0;0;-1
0;1039;21.928;37.8423;63.1526;8.70203;2760.26;5.2324;0;0;0.1;0.01;0;5.68841;0;0;-1
0;1040;21.5767;53.1576;60.4212;8.5;2572.44;5.11093;0;0;0.1;0.01;0;5.29505;1;0;-1
0;1041;22.1362;69.1081;61.3937;9.0674;3122.75;5.4521;0;0;0.1;0.01;0;3.39083;0;0;-1
0;1042;34.671;-59.7295;63.5339;8.5;2572.44;5.11093;0;0;0.1;0.01;0;2.17469;1;0;-1
0;1043;36.1552;-39.3426;62.576;9.23923;3303.66;5.55541;0;0;0.1;0.01;0;4.51175;0;0;-1
0;1044;38.1817;-22.8184;61.8938;8.81792;2872.02;5.30209;0;0;0.1;0.01;0;4.89355;0;0;-1
0;1045;35.7988;-5.06165;62.6085;8.95321;3006.25;5.38344;0;0;0.1;0.01;0;4.80403;0;0;-1
0;1046;38.2691;12.2863;61.3805;9.45337;3538.74;5.68417;0;0;0.1;0.01;0;5.64782;0;0;-1
0;1047;37.951;26.2066;60.2467;8.5;2572.44;5.11093;0;0;0.1;0.01;0;6.73418;1;0;-1
0;1048;35.5238;43.3552;63.5229;9.23679;3301.05;5.55395;0;0;0.1;0.01;0;5.62882;0;0;-1
0;1049;38.6601;60.476;63.3819;9.72555;3853.28;5.84783;0;0;0.1;0.01;0;3.94656;0;0;-1
0;1050;53.4588;-48.7339;61.7409;9.52246;3616.9;5.72572;0;0;0.1;0.01;0;3.22435;0;0;-1
0;1051;50.3695;-33.3893;60.879;8.5;2572.44;5.11093;0;0;0.1;0.01;0;4.87681;1;0;-1
0;1052;51.0233;-15.2832;62.142;9.58171;3684.83;5.76134;0;0;0.1;0.01;0;5.69807;0;0;-1
0;1053;50.0366;0.79577;62.6998;8.5;2572.44;5.11093;0;0;0.1;0.01;0;4.12904;1;0;-1
0;1054;50.5533;20.6979;60.9288;8.5;2572.44;5.11093;0;0;0.1;0.01;0;5.72361;1;0;-1
0;1055;50.8725;34.8024;61.8194;9.8158;3961.56;5.9021;0;0;0.1;0.01;0;6.01815;0;0;-1
0;1056;53.6938;53.0088;62.7402;10.1404;4367.71;6.09728;0;0;0.1;0.01;0;3.14108;0;0;-1
0;1057;67.0768;-40.8583;60.8961;10.4293;4751.76;6.27099;0;0;0.1;0.01;0;2.85267;0;0;-1
0;1058;64.4499;-21.5174;62.1443;8.5;2572.44;5.11093;0;0;0.1;0.01;0;2.95912;1;0;-1
0;1059;64.4433;-5.43868;61.8729;8.5;2572.44;5.11093;0;0;0.1;0.01;0;4.07977;1;0;-1
0;1060;66.7735;9.19564;60.6586;9.7064;3830.57;5.83632;0;0;0.1;0.01;0;3.28648;0;0;-1
0;1061;65.173;25.0331;60.1651;8.80062;2855.15;5.29169;0;0;0.1;0.01;0;2.82015;0;0;-1
0;1062;-54.4226;-23.766;75.9851;9.34551;3418.99;5.61932;0;0;0.1;0.01;0;3.60169;0;0;-1
0;1063;-56.5082;-4.69843;78.7064;8.5;2572.44;5.11093;0;0;0.1;0.01;0;1.66318;1;0;-1
0;1064;-54.9474;10.6818;76.2451;9.32397;3395.4;5.60637;0;0;0.1;0.01;0;3.905;0;0;-1
0;1065;-56.4432;29.7241;75.0148;10.447;4775.99;6.28163;0;0;0.1;0.01;0;3.23475;0;0;-1
0;1066;-40.029;-48.9657;77.0229;8.5;2572.44;5.11093;0;0;0.1;0.01;0;2.24632;1;0;-1
0;1067;-42.2515;-30.7984;77.7914;8.79456;2849.25;5.28804;0;0;0.1;0.01;0;4.74919;0;0;-1
0;1068;-40.3981;-15.9244;75.1;9.98709;4172.59;6.00509;0;0;0.1;0.01;0;6.54564;0;0;-1
0;1069;-40.4544;2.86836;77.9507;9.51488;3608.27;5.72116;0;0;0.1;0.01;0;5.73088;0;0;-1
0;1070;-41.6345;17.7752;74.6465;8.54694;2615.29;5.13915;0;0;0.1;0.01;0;5.54937;0;0;-1
0;1071;-39.3204;33.6821;76.4768;9.87209;4030.1;5.93594;0;0;0.1;0.01;0;4.14354;0;0;-1
0;1072;-24.3922;-55.1618;76.9391;9.73996;3870.44;5.8565;0;0;0.1;0.01;0;3.46882;0;0;-1
0;1073;-26.2734;-40.8474;74.9495;9.02504;3079.19;5.42663;0;0;0.1;0.01;0;5.50539;0;0;-1
0;1074;-27.4706;-23.1536;76.536;10.0637;4269.35;6.05116;0;0;0.1;0.01;0;7.014;0;0;-1
0;1075;-27.2508;-4.5221;77.9009;9.34698;3420.6;5.6202;0;0;0.1;0.01;0;6.5491;0;0;-1
0;1076;-24.9804;12.2908;77.0437;9.04555;3100.23;5.43896;0;0;0.1;0.01;0;5.77498;0;0;-1
0;1077;-25.7877;26.5343;77.3028;9.31413;3384.66;5.60045;0;0;0.1;0.01;0;5.89688;0;0;-1
0;1078;-25.3432;43.7268;77.7617;9.28589;3353.97;5.58347;0;0;0.1;0.01;0;3.80757;0;0;-1
0;1079;-10.0663;-47.8103;76.4013;8.80812;2862.45;5.29619;0;0;0.1;0.01;0;4.92341;0;0;-1
0;1080;-12.4524;-31.1433;76.4172;10.2266;4480.05;6.14911;0;0;0.1;0.01;0;7.47827;0;0;-1
0;1081;-12.8032;-16.1709;74.6147;9.40462;3484.27;5.65486;0;0;0.1;0.01;0;7.35029;0;0;-1
0;1082;-13.567;0.327611;78.497;10.2202;4471.64;6.14526;0;0;0.1;0.01;0;6.59408;0;0;-1
0;1083;-11.4801;20.5755;78.3193;8.95194;3004.97;5.38267;0;0;0.1;0.01;0;5.81066;0;0;-1
0;1084;-10.8845;36.5089;76.7764;10.0821;4292.81;6.06222;0;0;0.1;0.01;0;7.27587;0;0;-1
0;1085;-11.9893;51.6004;76.3094;9.93362;4105.93;5.97294;0;0;0.1;0.01;0;4.78385;0;0;-1
0;1086;3.54573;-58.8456;76.602;10.3992;4710.73;6.25289;0;0;0.1;0.01;0;3.37175;0;0;-1
0;1087;1.37849;-42.229;78.4848;8.5;2572.44;5.11093;0;0;0.1;0.01;0;4.97527;1;0;-1
0;1088;4.76935;-23.2438;76.3325;10.0445;4244.96;6.03961;0;0;0.1;0.01;0;6.80677;0;0;-1
0;1089;1.30103;-7.59287;78.2454;9.92445;4094.57;5.96743;0;0;0.1;0.01;0;6.26714;0;0;-1
0;1090;3.27254;11.4149;77.6332;8.90179;2954.75;5.35252;0;0;0.1;0.01;0;4.54021;0;0;-1
0;1091;1.50815;27.3584;77.78;9.65841;3774.03;5.80746;0;0;0.1;0.01;0;7.23952;0;0;-1
0;1092;2.54145;42.4953;76.468;10.3015;4579.2;6.19414;0;0;0.1;0.01;0;6.337;0;0;-1
0;1093;4.04583;61.3674;76.567;9.70352;3827.16;5.83459;0;0;0.1;0.01;0;3.29327;0;0;-1
0;1094;16.4745;-49.6018;74.9895;8.82222;2876.22;5.30467;0;0;0.1;0.01;0;3.51516;0;0;-1
0;1095;17.4673;-30.7394;77.8436;9.94785;4123.6;5.9815;0;0;0.1;0.01;0;6.04368;0;0;-1
0;1096;18.4984;-13.1229;74.609;9.11763;3174.93;5.4823;0;0;0.1;0.01;0;6.14189;0;0;-1
0;1097;16.7237;3.33857;76.3076;8.78297;2838;5.28107;0;0;0.1;0.01;0;5.25353;0;0;-1
0;1098;18.4114;20.126;76.7606;8.5;2572.44;5.11093;0;0;0.1;0.01;0;5.81247;1;0;-1
0;1099;18.6024;33.9773;76.014;10.0972;4312.13;6.0713;0;0;0.1;0.01;0;7.30804;0;0;-1
0;1100;18.5659;54.4283;76.1417;9.59276;3697.6;5.76799;0;0;0.1;0.01;0;3.60208;0;0;-1
0;1101;32.5513;-40.2017;76.4273;10.1849;4425.47;6.12403;0;0;0.1;0.01;0;3.81269;0;0;-1
0;1102;31.2493;-22.9472;78.5525;10.1291;4353.13;6.09048;0;0;0.1;0.01;0;5.5832;0;0;-1
0;1103;31.1815;-5.98771;77.3404;8.5572;2624.72;5.14532;0;0;0.1;0.01;0;5.20048;0;0;-1
0;1104;32.3709;11.7426;76.1716;9.07028;3125.72;5.45383;0;0;0.1;0.01;0;4.46405;0;0;-1
0;1105;34.5163;28.4066;76.6481;10.3011;4578.67;6.1939;0;0;0.1;0.01;0;5.87632;0;0;-1
0;1106;30.9535;46.4958;78.1602;10.3268;4613.03;6.20935;0;0;0.1;0.01;0;4.16938;0;0;-1
0;1107;49.0837;-30.3971;78.6692;9.26179;3327.92;5.56898;0;0;0.1;0.01;0;1.68911;0;0;-1
0;1108;45.4495;-13.8854;75.31;8.5304;2600.14;5.12921;0;0;0.1;0.01;0;4.76138;0;0;-1
0;1109;47.4461;0.398537;77.9797;8.55106;2619.08;5.14163;0;0;0.1;0.01;0;3.45271;0;0;-1
0;1110;48.322;20.0363;74.9191;9.58572;3689.46;5.76375;0;0;0.1;0.01;0;3.86948;0;0;-1
0;1111;49.0127;36.2386;77.4649;8.5;2572.44;5.11093;0;0;0.1;0.01;0;2.34144;1;0;-1
0;1112;60.44;-6.10963;78.443;8.5;2572.44;5.11093;0;0;0.1;0.01;0;1.59542;1;0;-1
0;1113;-36.2697;-15.7332;89.6411;9.8315;3980.59;5.91154;0;0;0.1;0.01;0;4.24704;0;0;-1
0;1114;-36.4145;1.56767;91.2378;8.5;2572.44;5.11093;0;0;0.1;0.01;0;3.92237;1;0;-1
0;1115;-38.445;16.95;89.8834;10.0141;4206.53;6.02133;0;0;0.1;0.01;0;3.77203;0;0;-1
0;1116;-21.1044;-24.4712;90.0475;10.4526;4783.67;6.285;0;0;0.1;0.01;0;4.94992;0;0;-1
0;1117;-23.4174;-6.36235;93.0763;10.0382;4236.98;6.03582;0;0;0.1;0.01;0;4.54073;0;0;-1
0;1118;-22.7395;11.6917;89.7668;8.5;2572.44;5.11093;0;0;0.1;0.01;0;4.5647;1;0;-1
0;1119;-21.626;27.6339;93.373;10.1704;4406.59;6.11531;0;0;0.1;0.01;0;3.63879;0;0;-1
0;1120;-7.47636;-31.4702;90.7973;9.99572;4183.41;6.01028;0;0;0.1;0.01;0;4.7445;0;0;-1
0;1121;-8.53465;-14.0094;89.4456;9.49792;3589.01;5.71096;0;0;0.1;0.01;0;6.43206;0;0;-1
0;1122;-6.51553;1.18193;92.6623;9.92513;4095.41;5.96784;0;0;0.1;0.01;0;5.31157;0;0;-1
0;1123;-5.81046;19.1309;93.3202;10.3778;4681.71;6.24002;0;0;0.1;0.01;0;5.37707;0;0;-1
0;1124;-7.61203;35.0404;92.3556;8.5;2572.44;5.11093;0;0;0.1;0.01;0;3.7111;1;0;-1
0;1125;5.42229;-38.5684;92.1441;8.64182;2703.36;5.1962;0;0;0.1;0.01;0;2.77441;0;0;-1
0;1126;6.63397;-23.3673;92.1261;9.97299;4154.94;5.99661;0;0;0.1;0.01;0;4.85821;0;0;-1
0;1127;7.32748;-5.04097;91.6075;9.76217;3896.98;5.86985;0;0;0.1;0.01;0;4.37036;0;0;-1
0;1128;6.66561;10.8059;91.2111;9.29955;3368.79;5.59168;0;0;0.1;0.01;0;4.12478;0;0;-1
0;1129;6.09892;28.7507;90.0547;9.47028;3557.76;5.69434;0;0;0.1;0.01;0;5.33544;0;0;-1
0;1130;23.7578;-31.9707;89.859;8.5;2572.44;5.11093;0;0;0.1;0.01;0;2.94909;1;0;-1
0;1131;20.707;-13.4742;89.3551;8.96289;3016.01;5.38926;0;0;0.1;0.01;0;4.82264;0;0;-1
0;1132;22.7932;0.119466;90.1618;8.56343;2630.46;5.14907;0;0;0.1;0.01;0;3.46894;0;0;-1
0;1133;20.0063;20.8188;90.964;8.88242;2935.5;5.34087;0;0;0.1;0.01;0;3.25303;0;0;-1
0;1134;20.8912;36.7155;90.3469;8.61361;2676.97;5.17924;0;0;0.1;0.01;0;2.71981;0;0;-1
0;1135;37.3225;-7.80769;89.7345;9.767;3902.76;5.87276;0;0;0.1;0.01;0;3.63577;0;0;-1
0;1136;35.4282;9.725;91.164;8.5238;2594.11;5.12524;0;0;0.1;0.01;0;1.96285;0;0;-1
