Time;ID;x;y;z;radius;volume_total;radius_nuclear;contact_ECM;freezer;polarized_fraction;motility;cell_line;Cell_cell;phase;Cycle;NFkB
0;0;-51.3175;-4.61253;-83.4217;8.5;2572.44;5.11093;0;0;0.1;0.01;0;2.64533;1;0;-1
0;1;-37.4343;-33.3429;-84.6849;9.8791;4038.69;5.94016;0;0;0.1;0.01;0;2.67535;0;0;-1
0;2;-37.6529;-13.8242;-86.4817;8.5;2572.44;5.11093;0;0;0.1;0.01;0;2.65405;1;0;-1
0;3;-38.5082;0.469709;-85.594;8.93259;2985.53;5.37104;0;0;0.1;0.01;0;2.49601;0;0;-1
0;4;-35.4887;20.6063;-84.3371;10.0373;4235.84;6.03528;0;0;0.1;0.01;0;3.05463;0;0;-1
0;5;-21.8005;-40.6288;-87.2592;9.31441;3384.97;5.60062;0;0;0.1;0.01;0;2.80821;0;0;-1
0;6;-20.5451;-22.4009;-85.9326;8.72424;2781.45;5.24576;0;0;0.1;0.01;0;4.24029;0;0;-1
0;7;-21.0305;-8.41528;-84.5086;8.68751;2746.47;5.22367;0;0;0.1;0.01;0;4.109;0;0;-1
0;8;-20.3068;10.7178;-85.971;8.9461;2999.09;5.37916;0;0;0.1;0.01;0;3.39604;0;0;-1
0;9;-22.3006;28.7591;-84.001;9.1147;3171.87;5.48054;0;0;0.1;0.01;0;3.8144;0;0;-1
0;10;-8.84518;-49.3338;-83.42;10.3831;4688.89;6.24321;0;0;0.1;0.01;0;3.60805;0;0;-1
0;11;-7.09836;-30.751;-87.1679;9.25676;3322.5;5.56596;0;0;0.1;0.01;0;4.75211;0;0;-1
0;12;-6.80709;-16.6143;-86.2552;8.92614;2979.06;5.36716;0;0;0.1;0.01;0;5.07674;0;0;-1
0;13;-6.58987;0.144076;-85.5136;10.1914;4433.94;6.12794;0;0;0.1;0.01;0;5.02148;0;0;-1
0;14;-7.56717;20.0319;-83.7567;10.1998;4444.92;6.13299;0;0;0.1;0.01;0;5.00802;0;0;-1
0;15;-7.67491;38.2929;-83.9339;9.71243;3837.71;5.83994;0;0;0.1;0.01;0;3.32119;0;0;-1
0;16;7.44509;-40.8693;-85.9489;10.0896;4302.4;6.06673;0;0;0.1;0.01;0;4.84849;0;0;-1
0;17;6.40287;-24.2358;-83.4883;10.0954;4309.82;6.07022;0;0;0.1;0.01;0;6.03732;0;0;-1
0;18;8.7252;-6.01947;-85.8439;8.76963;2825.09;5.27305;0;0;0.1;0.01;0;3.89156;0;0;-1
0;19;6.47878;10.9346;-86.7599;8.73724;2793.9;5.25358;0;0;0.1;0.01;0;2.66703;0;0;-1
0;20;7.75701;27.7561;-87.3941;8.84193;2895.54;5.31652;0;0;0.1;0.01;0;3.18227;0;0;-1
0;21;8.87882;45.3863;-83.5771;10.2972;4573.47;6.19156;0;0;0.1;0.01;0;3.8016;0;0;-1
0;22;20.2428;-49.1568;-84.4976;9.44966;3534.57;5.68194;0;0;0.1;0.01;0;3.23376;0;0;-1
0;23;23.335;-34.036;-86.6648;10.0918;4305.21;6.06805;0;0;0.1;0.01;0;5.12336;0;0;-1
0;24;20.6071;-15.728;-84.9645;8.5;2572.44;5.11093;0;0;0.1;0.01;0;3.28291;1;0;-1
0;25;22.4754;3.4523;-86.8667;8.58914;2654.22;5.16453;0;0;0.1;0.01;0;3.59027;0;0;-1
0;26;23.6324;20.3882;-84.4863;8.88816;2941.2;5.34432;0;0;0.1;0.01;0;4.47597;0;0;-1
0;27;23.547;37.7416;-84.8621;9.8457;3997.87;5.92008;0;0;0.1;0.01;0;3.69301;0;0;-1
0;28;36.353;-40.1917;-83.6469;9.99562;4183.29;6.01022;0;0;0.1;0.01;0;3.76978;0;0;-1
0;29;35.4689;-25.5478;-86.1299;8.5;2572.44;5.11093;0;0;0.1;0.01;0;3.01386;1;0;-1
0;30;37.2068;-5.59564;-85.3005;10.2046;4451.19;6.13588;0;0;0.1;0.01;0;2.52863;0;0;-1
0;31;36.5608;10.858;-83.9701;10.2277;4481.49;6.14977;0;0;0.1;0.01;0;3.93937;0;0;-1
0;32;37.5888;26.9798;-83.9322;10.0868;4298.82;6.06505;0;0;0.1;0.01;0;4.35675;0;0;-1
0;33;-70.527;-14.7638;-69.3734;9.3986;3477.59;5.65124;0;0;0.1;0.01;0;2.28143;0;0;-1
0;34;-57.8119;-39.448;-71.3412;9.97762;4160.73;5.9994;0;0;0.1;0.01;0;3.10571;0;0;-1
0;35;-56.6677;-25.1894;-72.4891;9.30194;3371.39;5.59312;0;0;0.1;0.01;0;3.99745;0;0;-1
0;36;-54.7635;-8.89788;-70.8547;8.5;2572.44;5.11093;0;0;0.1;0.01;0;4.50392;1;0;-1
0;37;-56.2925;9.85617;-69.7944;10.3383;4628.45;6.21627;0;0;0.1;0.01;0;3.50687;0;0;-1
0;38;-57.7892;28.4717;-71.5043;8.5;2572.44;5.11093;0;0;0.1;0.01;0;2.15693;1;0;-1
0;39;-54.6524;46.9032;-68.5809;9.52835;3623.61;5.72926;0;0;0.1;0.01;0;3.24104;0;0;-1
0;40;-41.5481;-51.3143;-72.6771;9.08313;3139.03;5.46155;0;0;0.1;0.01;0;2.1121;0;0;-1
0;41;-41.3954;-30.453;-70.9829;9.44447;3528.75;5.67882;0;0;0.1;0.01;0;5.73803;0;0;-1
0;42;-42.2318;-16.6239;-69.6691;10.4347;4759.14;6.27423;0;0;0.1;0.01;0;6.8567;0;0;-1
0;43;-39.4106;1.73406;-69.0966;8.5;2572.44;5.11093;0;0;0.1;0.01;0;4.22044;1;0;-1
0;44;-42.3625;16.7607;-69.0653;8.5;2572.44;5.11093;0;0;0.1;0.01;0;5.51175;1;0;-1
0;45;-42.4226;34.2548;-69.8608;9.48534;3574.76;5.7034;0;0;0.1;0.01;0;5.21302;0;0;-1
0;46;-41.2141;53.4623;-69.4175;8.5;2572.44;5.11093;0;0;0.1;0.01;0;3.80448;1;0;-1
0;47;-26.5806;-57.1953;-70.3632;8.69547;2754.02;5.22846;0;0;0.1;0.01;0;4.02428;0;0;-1
0;48;-28.5592;-42.589;-68.4929;10.4235;4743.83;6.2675;0;0;0.1;0.01;0;6.38773;0;0;-1
0;49;-26.2513;-24.7406;-70.6786;8.78999;2844.81;5.28529;0;0;0.1;0.01;0;5.81334;0;0;-1
0;50;-24.7276;-8.81034;-71.868;8.5;2572.44;5.11093;0;0;0.1;0.01;0;4.47613;1;0;-1
0;51;-26.8775;11.107;-69.6495;9.33999;3412.93;5.616;0;0;0.1;0.01;0;5.35133;0;0;-1
0;52;-26.007;26.9276;-69.2401;10.0291;4225.46;6.03035;0;0;0.1;0.01;0;6.56925;0;0;-1
0;53;-27.6145;43.7352;-70.6725;9.33376;3406.11;5.61225;0;0;0.1;0.01;0;4.60031;0;0;-1
0;54;-27.1637;62.1946;-69.8063;9.79464;3935.99;5.88937;0;0;0.1;0.01;0;3.73861;0;0;-1
0;55;-13.5687;-63.8501;-69.0152;9.87774;4037.02;5.93934;0;0;0.1;0.01;0;4.04163;0;0;-1
0;56;-13.8222;-48.1383;-68.339;8.5;2572.44;5.11093;0;0;0.1;0.01;0;5.72163;1;0;-1
0;57;-11.3436;-31.1855;-72.6119;8.91585;2968.77;5.36097;0;0;0.1;0.01;0;5.0975;0;0;-1
0;58;-12.6952;-15.0501;-70.9683;9.29638;3365.35;5.58978;0;0;0.1;0.01;0;6.58897;0;0;-1
0;59;-9.9529;1.96293;-71.7785;9.45092;3535.99;5.6827;0;0;0.1;0.01;0;5.81082;0;0;-1
0;60;-11.6452;16.5858;-70.1452;8.82064;2874.68;5.30372;0;0;0.1;0.01;0;5.34794;0;0;-1
0;61;-11.8815;36.6258;-70.9358;9.09843;3154.92;5.47075;0;0;0.1;0.01;0;4.65136;0;0;-1
0;62;-10.7466;55.0833;-70.3573;9.75011;3882.55;5.8626;0;0;0.1;0.01;0;3.31443;0;0;-1
0;63;2.18101;-56.2408;-69.0674;9.01971;3073.73;5.42342;0;0;0.1;0.01;0;4.73845;0;0;-1
0;64;3.94339;-40.1488;-72.0486;8.76763;2823.16;5.27185;0;0;0.1;0.01;0;5.20008;0;0;-1
0;65;2.71688;-22.8983;-68.5046;10.2393;4496.76;6.15674;0;0;0.1;0.01;0;7.06995;0;0;-1
0;66;4.34183;-7.97723;-72.0207;9.90275;4067.77;5.95438;0;0;0.1;0.01;0;6.59407;0;0;-1
0;67;2.35231;10.1683;-69.2166;8.5;2572.44;5.11093;0;0;0.1;0.01;0;4.96825;1;0;-1
0;68;4.40185;26.7878;-69.6894;8.5;2572.44;5.11093;0;0;0.1;0.01;0;4.49196;1;0;-1
0;69;4.43592;45.7966;-70.5484;9.40266;3482.1;5.65368;0;0;0.1;0.01;0;6.07129;0;0;-1
0;70;3.50285;63.7175;-70.1498;9.87208;4030.09;5.93594;0;0;0.1;0.01;0;3.45369;0;0;-1
0;71;16.3309;-66.2691;-69.8947;9.33398;3406.35;5.61239;0;0;0.1;0.01;0;2.89252;0;0;-1
0;72;15.9664;-47.1683;-70.9243;8.71329;2770.99;5.23917;0;0;0.1;0.01;0;4.75375;0;0;-1
0;73;19.2601;-30.206;-70.8795;10.2304;4485.04;6.15139;0;0;0.1;0.01;0;6.89118;0;0;-1
0;74;16.4096;-14.0941;-69.2256;8.5;2572.44;5.11093;0;0;0.1;0.01;0;6.69752;1;0;-1
0;75;16.9944;1.22353;-71.3235;9.24351;3308.26;5.55799;0;0;0.1;0.01;0;5.43961;0;0;-1
0;76;16.0056;18.2085;-69.2056;8.72477;2781.96;5.24608;0;0;0.1;0.01;0;4.98869;0;0;-1
0;77;17.3103;35.4433;-70.6359;9.03495;3089.34;5.43258;0;0;0.1;0.01;0;5.48795;0;0;-1
0;78;19.4571;55.0764;-70.2804;10.194;4437.34;6.1295;0;0;0.1;0.01;0;4.06579;0;0;-1
0;79;31.0811;-57.7951;-69.4706;8.5;2572.44;5.11093;0;0;0.1;0.01;0;3.35918;1;0;-1
0;80;31.7646;-38.5286;-68.4289;9.87873;4038.24;5.93994;0;0;0.1;0.01;0;6.27466;0;0;-1
0;81;32.0165;-21.8246;-69.6475;8.5;2572.44;5.11093;0;0;0.1;0.01;0;4.93396;1;0;-1
0;82;33.3345;-6.34128;-68.8055;9.53103;3626.67;5.73087;0;0;0.1;0.01;0;5.57065;0;0;-1
0;83;30.5732;12.4399;-71.2996;9.73152;3860.39;5.85142;0;0;0.1;0.01;0;6.45279;0;0;-1
0;84;33.6237;28.6048;-68.5205;10.0382;4236.98;6.03582;0;0;0.1;0.01;0;6.88749;0;0;-1
0;85;34.0116;43.7469;-71.9739;8.5;2572.44;5.11093;0;0;0.1;0.01;0;4.2343;1;0;-1
0;86;46.3645;-51.2913;-68.9113;9.61922;3728.28;5.7839;0;0;0.1;0.01;0;2.75907;0;0;-1
0;87;45.9819;-30.485;-71.9485;9.01313;3067.01;5.41946;0;0;0.1;0.01;0;4.33329;0;0;-1
0;88;47.5527;-13.4234;-71.9991;9.9526;4129.51;5.98435;0;0;0.1;0.01;0;4.86611;0;0;-1
0;89;45.3278;1.6552;-69.058;8.5;2572.44;5.11093;0;0;0.1;0.01;0;5.76402;1;0;-1
0;90;47.3085;17.1278;-68.9568;10.3912;4699.87;6.24808;0;0;0.1;0.01;0;6.38407;0;0;-1
0;91;48.97;36.88;-71.9505;10.2103;4458.66;6.13931;0;0;0.1;0.01;0;3.53575;0;0;-1
0;92;46.7017;54.1082;-68.9989;8.5;2572.44;5.11093;0;0;0.1;0.01;0;2.53769;1;0;-1
0;93;60.0264;-25.6667;-72.0484;10.0688;4275.84;6.05422;0;0;0.1;0.01;0;2.7524;0;0;-1
0;94;62.5642;-5.60777;-71.9187;8.73835;2794.97;5.25424;0;0;0.1;0.01;0;2.33555;0;0;-1
0;95;61.3281;9.87387;-68.8408;9.81409;3959.49;5.90107;0;0;0.1;0.01;0;3.63492;0;0;-1
0;96;-80.3947;-8.31352;-55.4105;9.69228;3813.88;5.82783;0;0;0.1;0.01;0;2.96247;0;0;-1
0;97;-80.1276;12.4613;-54.3346;8.7296;2786.58;5.24898;0;0;0.1;0.01;0;2.61272;0;0;-1
0;98;-65.759;-48.4234;-54.272;10.1245;4347.2;6.08771;0;0;0.1;0.01;0;4.68111;0;0;-1
0;99;-67.7003;-33.874;-55.4059;8.95215;3005.18;5.3828;0;0;0.1;0.01;0;3.30575;0;0;-1
0;100;-65.5551;-12.6515;-56.3763;8.50736;2579.13;5.11535;0;0;0.1;0.01;0;4.00058;0;0;-1
0;101;-64.5994;1.73838;-53.9653;9.72048;3847.26;5.84478;0;0;0.1;0.01;0;5.33397;0;0;-1
0;102;-68.0137;19.644;-57.7831;8.68328;2742.46;5.22113;0;0;0.1;0.01;0;3.53474;0;0;-1
0;103;-66.4432;35.4401;-55.5524;8.5;2572.44;5.11093;0;0;0.1;0.01;0;3.49207;1;0;-1
0;104;-52.2528;-59.3445;-54.872;9.7421;3872.99;5.85778;0;0;0.1;0.01;0;4.06024;0;0;-1
0;105;-52.9122;-42.368;-57.5552;8.54632;2614.73;5.13878;0;0;0.1;0.01;0;4.59321;0;0;-1
0;106;-51.3198;-24.6934;-57.8071;8.5;2572.44;5.11093;0;0;0.1;0.01;0;4.56998;1;0;-1
0;107;-49.8626;-4.79622;-57.1201;9.83619;3986.29;5.91436;0;0;0.1;0.01;0;6.42055;0;0;-1
0;108;-51.7465;12.043;-54.3845;9.7551;3888.52;5.8656;0;0;0.1;0.01;0;7.06049;0;0;-1
0;109;-51.032;27.8571;-57.8105;10.3779;4681.85;6.24008;0;0;0.1;0.01;0;6.92832;0;0;-1
0;110;-52.1437;44.8072;-54.0109;9.75705;3890.85;5.86677;0;0;0.1;0.01;0;6.19929;0;0;-1
0;111;-50.5751;59.7321;-54.4367;10.0947;4308.92;6.0698;0;0;0.1;0.01;0;5.1515;0;0;-1
0;112;-38.6625;-66.5806;-56.3477;9.78686;3926.62;5.8847;0;0;0.1;0.01;0;4.10011;0;0;-1
0;113;-38.3722;-51.0463;-54.5699;9.22818;3291.83;5.54877;0;0;0.1;0.01;0;5.19122;0;0;-1
0;114;-36.5516;-31.228;-56.2485;9.62245;3732.03;5.78584;0;0;0.1;0.01;0;6.18184;0;0;-1
0;115;-36.5252;-14.8522;-55.7941;10.2702;4537.59;6.17532;0;0;0.1;0.01;0;6.81581;0;0;-1
0;116;-37.7502;2.43781;-54.3745;8.98033;3033.65;5.39974;0;0;0.1;0.01;0;5.52305;0;0;-1
0;117;-36.0784;20.9961;-57.0188;10.2728;4541.04;6.17689;0;0;0.1;0.01;0;7.54033;0;0;-1
0;118;-35.2057;36.6532;-55.0656;8.75833;2814.18;5.26626;0;0;0.1;0.01;0;6.65395;0;0;-1
0;119;-37.0007;51.2816;-56.5069;10.0445;4244.96;6.03961;0;0;0.1;0.01;0;6.94571;0;0;-1
0;120;-35.9289;70.3125;-57.9338;10.4064;4720.52;6.25722;0;0;0.1;0.01;0;4.27175;0;0;-1
0;121;-23.9298;-76.0224;-57.3288;9.56038;3660.28;5.74852;0;0;0.1;0.01;0;3.14475;0;0;-1
0;122;-21.8294;-56.2155;-56.4056;9.42137;3502.92;5.66493;0;0;0.1;0.01;0;6.51138;0;0;-1
0;123;-21.0903;-40.462;-54.8478;10.0066;4197.09;6.01682;0;0;0.1;0.01;0;6.98382;0;0;-1
0;124;-23.6245;-22.5392;-56.7422;9.91108;4078.04;5.95939;0;0;0.1;0.01;0;6.87586;0;0;-1
0;125;-21.5838;-7.14916;-56.3468;8.98657;3039.98;5.40349;0;0;0.1;0.01;0;5.62903;0;0;-1
0;126;-22.4098;9.00322;-55.9859;9.44496;3529.3;5.67912;0;0;0.1;0.01;0;4.79969;0;0;-1
0;127;-21.4008;25.5967;-55.5896;8.61865;2681.68;5.18227;0;0;0.1;0.01;0;5.26503;0;0;-1
0;128;-21.7818;42.3077;-56.7056;8.5;2572.44;5.11093;0;0;0.1;0.01;0;5.12152;1;0;-1
0;129;-22.114;63.2046;-54.4589;10.3642;4663.33;6.23184;0;0;0.1;0.01;0;7.13691;0;0;-1
0;130;-22.0236;77.9777;-57.0124;9.14647;3205.16;5.49964;0;0;0.1;0.01;0;3.52553;0;0;-1
0;131;-9.28076;-80.7916;-56.0107;8.5;2572.44;5.11093;0;0;0.1;0.01;0;2.46968;1;0;-1
0;132;-5.76974;-65.6694;-55.7533;9.0412;3095.76;5.43634;0;0;0.1;0.01;0;4.74585;0;0;-1
0;133;-6.23463;-47.1131;-55.1264;9.62786;3738.33;5.78909;0;0;0.1;0.01;0;5.88271;0;0;-1
0;134;-8.77041;-29.922;-54.6164;9.80216;3945.06;5.8939;0;0;0.1;0.01;0;5.57566;0;0;-1
0;135;-8.94638;-14.1412;-55.4252;8.61231;2675.76;5.17846;0;0;0.1;0.01;0;5.84034;0;0;-1
0;136;-7.06437;0.36638;-56.718;8.5;2572.44;5.11093;0;0;0.1;0.01;0;5.33854;1;0;-1
0;137;-5.92559;20.9933;-55.1535;10.3787;4682.93;6.24056;0;0;0.1;0.01;0;6.33427;0;0;-1
0;138;-8.23693;36.9525;-55.4911;10.3709;4672.38;6.23587;0;0;0.1;0.01;0;6.41153;0;0;-1
0;139;-5.83069;54.938;-55.1117;10.4463;4775.03;6.28121;0;0;0.1;0.01;0;6.18425;0;0;-1
0;140;-8.7187;70.3295;-55.1331;8.9171;2970.02;5.36172;0;0;0.1;0.01;0;3.30239;0;0;-1
0;141;8.98648;-74.3212;-56.9063;8.95921;3012.3;5.38704;0;0;0.1;0.01;0;3.46735;0;0;-1
0;142;6.86142;-58.0811;-56.2096;9.9375;4110.74;5.97527;0;0;0.1;0.01;0;6.12591;0;0;-1
0;143;7.34493;-41.705;-54.9324;8.5;2572.44;5.11093;0;0;0.1;0.01;0;4.38098;1;0;-1
0;144;9.40143;-22.716;-56.6019;9.348;3421.72;5.62082;0;0;0.1;0.01;0;6.49456;0;0;-1
0;145;6.03122;-8.01515;-56.8609;9.37777;3454.52;5.63872;0;0;0.1;0.01;0;6.47315;0;0;-1
0;146;5.60962;9.72394;-55.2385;8.95394;3006.98;5.38387;0;0;0.1;0.01;0;4.27949;0;0;-1
0;147;8.44405;27.749;-53.9516;10.1128;4332.14;6.08068;0;0;0.1;0.01;0;6.67679;0;0;-1
0;148;8.53585;44.974;-55.9745;10.2821;4553.38;6.18248;0;0;0.1;0.01;0;7.63828;0;0;-1
0;149;8.84281;59.8438;-57.7152;8.76315;2818.83;5.26915;0;0;0.1;0.01;0;5.80931;0;0;-1
0;150;8.57107;79.8427;-54.3412;9.33081;3402.88;5.61048;0;0;0.1;0.01;0;2.80857;0;0;-1
0;151;22.2791;-64.2615;-56.656;9.79249;3933.4;5.88808;0;0;0.1;0.01;0;4.96823;0;0;-1
0;152;24.1766;-49.987;-53.7234;8.97699;3030.27;5.39773;0;0;0.1;0.01;0;5.40041;0;0;-1
0;153;20.2931;-32.614;-55.2847;9.10775;3164.62;5.47636;0;0;0.1;0.01;0;5.15432;0;0;-1
0;154;20.5218;-12.7148;-57.3665;9.31056;3380.77;5.5983;0;0;0.1;0.01;0;6.00838;0;0;-1
0;155;23.6285;1.41745;-56.4413;9.29185;3360.43;5.58705;0;0;0.1;0.01;0;5.6794;0;0;-1
0;156;23.751;20.6588;-55.7398;10.1452;4373.92;6.10016;0;0;0.1;0.01;0;6.42697;0;0;-1
0;157;22.6858;38.2406;-56.2109;10.0929;4306.62;6.06871;0;0;0.1;0.01;0;7.041;0;0;-1
0;158;22.926;54.3779;-53.978;10.4336;4757.64;6.27357;0;0;0.1;0.01;0;7.09889;0;0;-1
0;159;22.0541;70.5677;-57.692;9.08793;3144.01;5.46444;0;0;0.1;0.01;0;2.47114;0;0;-1
0;160;38.5679;-56.0252;-56.4225;9.06067;3115.8;5.44805;0;0;0.1;0.01;0;4.55382;0;0;-1
0;161;34.9364;-38.3557;-54.7238;8.60039;2664.67;5.17129;0;0;0.1;0.01;0;5.32451;0;0;-1
0;162;38.5244;-25.102;-56.4562;9.04343;3098.05;5.43768;0;0;0.1;0.01;0;5.60577;0;0;-1
0;163;37.2088;-5.69471;-54.8352;8.57831;2644.2;5.15801;0;0;0.1;0.01;0;5.96744;0;0;-1
0;164;38.4599;8.33209;-55.4104;9.23354;3297.56;5.55199;0;0;0.1;0.01;0;6.96499;0;0;-1
0;165;38.8672;25.4363;-54.6062;9.85015;4003.29;5.92275;0;0;0.1;0.01;0;6.32617;0;0;-1
0;166;36.7806;46.1486;-56.6472;9.17439;3234.6;5.51643;0;0;0.1;0.01;0;5.8556;0;0;-1
0;167;36.3647;60.7333;-54.1184;8.5;2572.44;5.11093;0;0;0.1;0.01;0;4.54087;1;0;-1
0;168;52.8869;-50.9585;-56.0562;8.97539;3028.65;5.39677;0;0;0.1;0.01;0;3.28704;0;0;-1
0;169;52.0669;-31.0902;-54.1372;9.95776;4135.93;5.98746;0;0;0.1;0.01;0;5.73192;0;0;-1
0;170;52.9077;-15.0651;-54.385;8.5;2572.44;5.11093;0;0;0.1;0.01;0;5.22964;1;0;-1
0;171;52.2499;0.0389599;-54.386;9.99184;4178.54;6.00795;0;0;0.1;0.01;0;7.51569;0;0;-1
0;172;51.1886;18.0861;-56.039;9.0008;3054.44;5.41205;0;0;0.1;0.01;0;6.7899;0;0;-1
0;173;52.9419;34.0775;-55.7707;9.24176;3306.38;5.55694;0;0;0.1;0.01;0;5.30905;0;0;-1
0;174;52.6993;55.2601;-56.5065;10.1122;4331.37;6.08032;0;0;0.1;0.01;0;4.26845;0;0;-1
0;175;64.6175;-40.8724;-56.6731;9.03274;3087.07;5.43126;0;0;0.1;0.01;0;2.99545;0;0;-1
0;176;67.2858;-25.0847;-56.1088;9.38578;3463.38;5.64353;0;0;0.1;0.01;0;4.42128;0;0;-1
0;177;67.7729;-4.50078;-55.1338;8.5;2572.44;5.11093;0;0;0.1;0.01;0;5.13819;1;0;-1
0;178;65.8318;11.9945;-53.8064;9.54477;3642.38;5.73913;0;0;0.1;0.01;0;5.87371;0;0;-1
0;179;66.0115;26.6438;-55.2785;8.5;2572.44;5.11093;0;0;0.1;0.01;0;3.88876;1;0;-1
0;180;64.7694;46.0632;-54.3204;9.81335;3958.59;5.90062;0;0;0.1;0.01;0;3.397;0;0;-1
0;181;79.7186;-16.8491;-56.7546;10.1836;4423.77;6.12325;0;0;0.1;0.01;0;2.82778;0;0;-1
0;182;82.2249;1.12039;-54.4691;8.92226;2975.18;5.36483;0;0;0.1;0.01;0;2.8269;0;0;-1
0;183;-87.5108;-21.6623;-40.6308;9.37018;3446.14;5.63415;0;0;0.1;0.01;0;3.14623;0;0;-1
0;184;-84.1168;-8.17331;-40.1268;10.0307;4227.49;6.03131;0;0;0.1;0.01;0;5.21906;0;0;-1
0;185;-86.3089;12.3508;-39.6301;9.63572;3747.5;5.79382;0;0;0.1;0.01;0;4.43871;0;0;-1
0;186;-86.6567;29.3367;-39.2265;9.84885;4001.71;5.92197;0;0;0.1;0.01;0;3.00419;0;0;-1
0;187;-70.1791;-48.0379;-39.6442;8.5;2572.44;5.11093;0;0;0.1;0.01;0;4.05881;1;0;-1
0;188;-72.1206;-33.945;-41.5627;10.2288;4482.94;6.15043;0;0;0.1;0.01;0;5.027;0;0;-1
0;189;-71.5936;-14.5673;-41.6321;8.5;2572.44;5.11093;0;0;0.1;0.01;0;5.38686;1;0;-1
0;190;-72.6791;3.61626;-40.9306;10.2704;4537.86;6.17544;0;0;0.1;0.01;0;7.38573;0;0;-1
0;191;-70.5067;19.0696;-42.0655;9.73679;3866.66;5.85459;0;0;0.1;0.01;0;6.24106;0;0;-1
0;192;-69.985;37.079;-42.9179;9.92192;4091.44;5.96591;0;0;0.1;0.01;0;5.68341;0;0;-1
0;193;-72.6593;51.3905;-41.1016;9.59208;3696.81;5.76758;0;0;0.1;0.01;0;3.09413;0;0;-1
0;194;-56.9551;-59.2043;-39.9329;10.3288;4615.71;6.21056;0;0;0.1;0.01;0;5.25008;0;0;-1
0;195;-56.7262;-39.4565;-41.8727;9.50868;3601.22;5.71743;0;0;0.1;0.01;0;6.64281;0;0;-1
0;196;-54.1631;-24.6447;-40.9057;9.31218;3382.54;5.59928;0;0;0.1;0.01;0;5.42193;0;0;-1
0;197;-57.4641;-7.32695;-42.0171;10.0834;4294.47;6.063;0;0;0.1;0.01;0;6.99115;0;0;-1
0;198;-55.063;9.53749;-39.851;10.2811;4552.05;6.18188;0;0;0.1;0.01;0;6.71562;0;0;-1
0;199;-55.5418;25.8743;-41.5467;9.89022;4052.35;5.94685;0;0;0.1;0.01;0;6.11491;0;0;-1
0;200;-56.9727;42.6537;-40.1068;9.6706;3788.34;5.81479;0;0;0.1;0.01;0;6.5274;0;0;-1
0;201;-54.2536;60.4468;-39.5884;9.62047;3729.73;5.78465;0;0;0.1;0.01;0;5.24065;0;0;-1
0;202;-40.518;-80.625;-40.9748;8.5;2572.44;5.11093;0;0;0.1;0.01;0;2.97219;1;0;-1
0;203;-41.6791;-65.8992;-39.2322;9.46189;3548.32;5.6893;0;0;0.1;0.01;0;6.38103;0;0;-1
0;204;-43.0539;-47.5199;-41.7179;8.5;2572.44;5.11093;0;0;0.1;0.01;0;4.90097;1;0;-1
0;205;-42.5737;-31.6897;-42.2012;8.64528;2706.61;5.19828;0;0;0.1;0.01;0;5.09604;0;0;-1
0;206;-40.2486;-13.4544;-40.6499;9.60474;3711.47;5.77519;0;0;0.1;0.01;0;6.10377;0;0;-1
0;207;-42.0138;1.95079;-39.9944;9.25091;3316.21;5.56244;0;0;0.1;0.01;0;6.47554;0;0;-1
0;208;-41.7837;19.6567;-42.4159;8.59492;2659.59;5.168;0;0;0.1;0.01;0;5.91476;0;0;-1
0;209;-41.4536;34.4603;-41.411;8.78789;2842.77;5.28403;0;0;0.1;0.01;0;5.64196;0;0;-1
0;210;-40.2704;53.618;-41.2205;9.53739;3633.94;5.73469;0;0;0.1;0.01;0;7.07314;0;0;-1
0;211;-40.8066;68.4796;-42.1378;10.3601;4657.8;6.22938;0;0;0.1;0.01;0;6.08061;0;0;-1
0;212;-27.6583;-72.9685;-42.8735;9.39388;3472.35;5.6484;0;0;0.1;0.01;0;6.10665;0;0;-1
0;213;-28.1423;-57.7295;-40.4607;10.4418;4768.86;6.2785;0;0;0.1;0.01;0;7.09315;0;0;-1
0;214;-25.2973;-38.5054;-42.3705;9.23225;3296.18;5.55122;0;0;0.1;0.01;0;5.32818;0;0;-1
0;215;-25.0099;-22.3781;-39.8151;9.9908;4177.24;6.00732;0;0;0.1;0.01;0;6.38895;0;0;-1
0;216;-24.746;-5.17902;-40.651;8.87426;2927.42;5.33596;0;0;0.1;0.01;0;5.61269;0;0;-1
0;217;-25.4523;9.7604;-41.039;8.5;2572.44;5.11093;0;0;0.1;0.01;0;4.04255;1;0;-1
0;218;-28.176;27.0126;-42.0148;9.3773;3454;5.63843;0;0;0.1;0.01;0;5.48915;0;0;-1
0;219;-27.2181;44.123;-42.0993;9.59228;3697.04;5.7677;0;0;0.1;0.01;0;6.10551;0;0;-1
0;220;-27.5565;60.5338;-40.7613;9.41372;3494.4;5.66033;0;0;0.1;0.01;0;7.06705;0;0;-1
0;221;-25.0126;77.1734;-42.0769;9.57316;3674.98;5.7562;0;0;0.1;0.01;0;5.24476;0;0;-1
0;222;-12.9893;-83.1436;-42.1723;8.61093;2674.48;5.17763;0;0;0.1;0.01;0;4.03628;0;0;-1
0;223;-12.9512;-67.607;-39.7435;10.0617;4266.8;6.04995;0;0;0.1;0.01;0;6.69533;0;0;-1
0;224;-12.3953;-49.3777;-41.8316;9.18212;3242.78;5.52108;0;0;0.1;0.01;0;5.31961;0;0;-1
0;225;-9.78615;-33.3268;-39.8354;9.50911;3601.71;5.71769;0;0;0.1;0.01;0;6.1175;0;0;-1
0;226;-13.0685;-15.5115;-40.7613;8.69144;2750.2;5.22604;0;0;0.1;0.01;0;6.37266;0;0;-1
0;227;-11.0671;0.254798;-41.448;8.66025;2720.7;5.20728;0;0;0.1;0.01;0;5.45342;0;0;-1
0;228;-12.5345;20.0326;-39.3426;9.95302;4130.03;5.98461;0;0;0.1;0.01;0;6.16117;0;0;-1
0;229;-9.96102;34.3088;-39.7696;8.5;2572.44;5.11093;0;0;0.1;0.01;0;6.08769;1;0;-1
0;230;-11.5625;52.9635;-39.357;10.1789;4417.65;6.12042;0;0;0.1;0.01;0;6.47178;0;0;-1
0;231;-11.0968;70.7586;-40.0392;9.43087;3513.53;5.67065;0;0;0.1;0.01;0;5.57616;0;0;-1
0;232;-9.78693;87.1024;-39.9597;8.5;2572.44;5.11093;0;0;0.1;0.01;0;2.38808;1;0;-1
0;233;2.8204;-89.5449;-42.0541;9.11671;3173.97;5.48175;0;0;0.1;0.01;0;2.88123;0;0;-1
0;234;4.67952;-74.9293;-41.1645;8.55271;2620.59;5.14262;0;0;0.1;0.01;0;5.17541;0;0;-1
0;235;2.01144;-59.7588;-39.377;9.47364;3561.55;5.69636;0;0;0.1;0.01;0;5.41762;0;0;-1
0;236;3.62517;-40.7637;-39.8046;8.5;2572.44;5.11093;0;0;0.1;0.01;0;4.84936;1;0;-1
0;237;4.67508;-25.2824;-39.5146;9.5216;3615.92;5.7252;0;0;0.1;0.01;0;6.13803;0;0;-1
0;238;1.2329;-8.07871;-42.4309;10.2613;4525.8;6.16997;0;0;0.1;0.01;0;6.26759;0;0;-1
0;239;3.21398;10.4511;-41.0092;8.61838;2681.42;5.18211;0;0;0.1;0.01;0;4.3708;0;0;-1
0;240;4.07341;27.1873;-39.4724;8.90471;2957.66;5.35427;0;0;0.1;0.01;0;6.72866;0;0;-1
0;241;1.22568;43.0336;-40.2723;10.0973;4312.25;6.07136;0;0;0.1;0.01;0;7.97708;0;0;-1
0;242;1.51881;60.6201;-40.9707;8.5;2572.44;5.11093;0;0;0.1;0.01;0;5.36242;1;0;-1
0;243;3.95696;76.3828;-41.0747;9.14274;3201.24;5.4974;0;0;0.1;0.01;0;5.26562;0;0;-1
0;244;17.6744;-82.3252;-42.0934;8.5;2572.44;5.11093;0;0;0.1;0.01;0;3.29349;1;0;-1
0;245;18.2156;-65.4514;-39.288;10.2625;4527.39;6.17069;0;0;0.1;0.01;0;5.88408;0;0;-1
0;246;17.9204;-46.4594;-40.8015;8.89095;2943.97;5.346;0;0;0.1;0.01;0;5.26615;0;0;-1
0;247;17.8403;-31.7603;-41.1592;8.5;2572.44;5.11093;0;0;0.1;0.01;0;5.83659;1;0;-1
0;248;19.0953;-15.4952;-41.7717;9.48375;3572.97;5.70244;0;0;0.1;0.01;0;5.92399;0;0;-1
0;249;19.7497;1.94101;-42.156;9.10927;3166.21;5.47727;0;0;0.1;0.01;0;4.69283;0;0;-1
0;250;17.6642;17.7358;-40.517;9.27102;3337.88;5.57453;0;0;0.1;0.01;0;5.59982;0;0;-1
0;251;19.028;36.7145;-42.8411;9.9124;4079.67;5.96018;0;0;0.1;0.01;0;7.63353;0;0;-1
0;252;16.795;52.0143;-39.6914;10.0976;4312.64;6.07154;0;0;0.1;0.01;0;7.44129;0;0;-1
0;253;18.7616;68.4703;-41.1991;10.3155;4597.9;6.20256;0;0;0.1;0.01;0;5.94164;0;0;-1
0;254;16.4137;87.4176;-41.1289;10.0767;4285.92;6.05897;0;0;0.1;0.01;0;3.14629;0;0;-1
0;255;32.9547;-75.6349;-42.5062;8.64912;2710.22;5.20059;0;0;0.1;0.01;0;2.25042;0;0;-1
0;256;30.5659;-56.4933;-40.5211;9.0958;3152.18;5.46917;0;0;0.1;0.01;0;6.27921;0;0;-1
0;257;33.7191;-41.181;-40.4664;10.005;4195.08;6.01586;0;0;0.1;0.01;0;7.6525;0;0;-1
0;258;32.7745;-25.2892;-41.5677;10.1242;4346.81;6.08753;0;0;0.1;0.01;0;7.40502;0;0;-1
0;259;33.7396;-8.04624;-42.0287;8.5;2572.44;5.11093;0;0;0.1;0.01;0;4.72506;1;0;-1
0;260;33.8457;10.0352;-42.2896;8.5;2572.44;5.11093;0;0;0.1;0.01;0;5.10077;1;0;-1
0;261;33.8484;29.5172;-39.8794;8.93213;2985.06;5.37076;0;0;0.1;0.01;0;6.0334;0;0;-1
0;262;32.9444;46.1528;-39.4245;10.038;4236.72;6.0357;0;0;0.1;0.01;0;7.76773;0;0;-1
0;263;33.9208;60.0842;-39.7076;9.38769;3465.49;5.64468;0;0;0.1;0.01;0;6.20747;0;0;-1
0;264;33.5553;79.8408;-40.429;8.95437;3007.42;5.38413;0;0;0.1;0.01;0;2.74426;0;0;-1
0;265;47.8248;-65.2737;-41.6046;8.94443;2997.41;5.37816;0;0;0.1;0.01;0;2.46635;0;0;-1
0;266;47.1451;-47.7028;-39.9511;9.52788;3623.08;5.72898;0;0;0.1;0.01;0;5.80396;0;0;-1
0;267;47.7665;-30.2397;-39.2225;10.3176;4600.71;6.20382;0;0;0.1;0.01;0;7.65946;0;0;-1
0;268;46.7905;-14.9364;-42.5872;10.067;4273.55;6.05314;0;0;0.1;0.01;0;7.7788;0;0;-1
0;269;46.0794;2.87792;-42.1842;8.5;2572.44;5.11093;0;0;0.1;0.01;0;6.20088;1;0;-1
0;270;47.7595;16.8704;-43.0408;10.1627;4396.59;6.11068;0;0;0.1;0.01;0;7.43775;0;0;-1
0;271;46.8469;37.9663;-41.0982;9.52653;3621.54;5.72816;0;0;0.1;0.01;0;6.19047;0;0;-1
0;272;46.7037;52.1406;-42.8748;9.67637;3795.12;5.81826;0;0;0.1;0.01;0;6.60521;0;0;-1
0;273;46.8354;69.263;-39.9003;9.92643;4097.02;5.96862;0;0;0.1;0.01;0;4.49535;0;0;-1
0;274;60.376;-55.3628;-39.3277;9.8308;3979.74;5.91112;0;0;0.1;0.01;0;4.74607;0;0;-1
0;275;63.9951;-41.6895;-39.8283;8.94562;2998.61;5.37887;0;0;0.1;0.01;0;4.28202;0;0;-1
0;276;61.2108;-23.3559;-39.8313;8.55006;2618.16;5.14103;0;0;0.1;0.01;0;5.54363;0;0;-1
0;277;63.4154;-7.79728;-42.3296;9.67674;3795.56;5.81848;0;0;0.1;0.01;0;6.80238;0;0;-1
0;278;63.5984;8.22851;-39.4678;10.0114;4203.13;6.01971;0;0;0.1;0.01;0;6.55955;0;0;-1
0;279;63.0231;26.1886;-42.2713;10.0357;4233.81;6.03432;0;0;0.1;0.01;0;6.0735;0;0;-1
0;280;61.5511;42.136;-41.1957;8.88075;2933.85;5.33987;0;0;0.1;0.01;0;5.08185;0;0;-1
0;281;61.9978;60.4252;-42.4617;9.23144;3295.32;5.55073;0;0;0.1;0.01;0;3.67709;0;0;-1
0;282;74.9443;-32.4957;-43.1714;9.0112;3065.04;5.4183;0;0;0.1;0.01;0;3.21776;0;0;-1
0;283;77.7401;-14.9984;-41.1204;8.62851;2690.89;5.1882;0;0;0.1;0.01;0;4.46696;0;0;-1
0;284;76.3289;-0.084812;-41.4696;10.2851;4557.37;6.18428;0;0;0.1;0.01;0;6.87664;0;0;-1
0;285;78.7407;19.7239;-42.823;8.99017;3043.63;5.40566;0;0;0.1;0.01;0;3.33114;0;0;-1
0;286;76.5359;34.3394;-41.9453;9.23964;3304.1;5.55566;0;0;0.1;0.01;0;3.54094;0;0;-1
0;287;90.5142;-4.56063;-40.5364;8.7003;2758.62;5.23136;0;0;0.1;0.01;0;2.23247;0;0;-1
0;288;-95.1332;-13.5068;-24.7042;8.77145;2826.85;5.27415;0;0;0.1;0.01;0;3.17428;0;0;-1
0;289;-95.6349;1.24809;-26.0985;9.92316;4092.97;5.96665;0;0;0.1;0.01;0;3.8741;0;0;-1
0;290;-80.8682;-41.5019;-24.6597;9.90428;4069.65;5.9553;0;0;0.1;0.01;0;2.88684;0;0;-1
0;291;-81.7986;-23.443;-27.3406;9.5595;3659.27;5.74799;0;0;0.1;0.01;0;3.86387;0;0;-1
0;292;-78.9093;-4.6579;-26.4861;10.0423;4242.17;6.03829;0;0;0.1;0.01;0;5.59064;0;0;-1
0;293;-82.5731;10.9718;-26.448;10.1274;4350.93;6.08946;0;0;0.1;0.01;0;6.28688;0;0;-1
0;294;-82.4121;27.677;-25.1423;10.0349;4232.8;6.03384;0;0;0.1;0.01;0;5.02847;0;0;-1
0;295;-80.4018;44.5601;-28.1126;9.88358;4044.19;5.94285;0;0;0.1;0.01;0;3.28463;0;0;-1
0;296;-64.083;-67.8784;-25.9995;8.5;2572.44;5.11093;0;0;0.1;0.01;0;2.51725;1;0;-1
0;297;-64.3815;-48.9964;-26.1293;8.77835;2833.53;5.27829;0;0;0.1;0.01;0;4.35806;0;0;-1
0;298;-64.53;-31.2644;-25.4582;9.74862;3880.77;5.8617;0;0;0.1;0.01;0;5.4689;0;0;-1
0;299;-64.487;-12.8939;-26.9934;9.28066;3348.31;5.58033;0;0;0.1;0.01;0;5.5574;0;0;-1
0;300;-66.0795;4.44548;-26.0282;8.5;2572.44;5.11093;0;0;0.1;0.01;0;5.9406;1;0;-1
0;301;-65.4706;20.2232;-26.936;8.59094;2655.89;5.16561;0;0;0.1;0.01;0;5.71458;0;0;-1
0;302;-64.6837;35.2184;-27.1748;10.0497;4251.56;6.04274;0;0;0.1;0.01;0;6.31062;0;0;-1
0;303;-64.5487;50.9162;-26.2266;9.27992;3347.51;5.57988;0;0;0.1;0.01;0;5.74988;0;0;-1
0;304;-66.6809;68.6708;-26.7114;9.4554;3541.02;5.68539;0;0;0.1;0.01;0;2.14986;0;0;-1
0;305;-49.7067;-72.5009;-27.7924;8.99661;3050.18;5.40953;0;0;0.1;0.01;0;5.22963;0;0;-1
0;306;-49.617;-58.1776;-26.2874;9.25063;3315.91;5.56227;0;0;0.1;0.01;0;6.29388;0;0;-1
0;307;-51.5393;-39.7141;-26.3443;9.3425;3415.69;5.61751;0;0;0.1;0.01;0;6.00982;0;0;-1
0;308;-52.4108;-23.1188;-27.5518;9.77632;3913.95;5.87836;0;0;0.1;0.01;0;6.55624;0;0;-1
0;309;-50.4833;-7.03078;-27.8146;9.73264;3861.72;5.8521;0;0;0.1;0.01;0;6.60962;0;0;-1
0;310;-53.0222;8.65465;-26.3253;8.9409;2993.87;5.37603;0;0;0.1;0.01;0;5.48737;0;0;-1
0;311;-51.1133;26.7845;-24.469;9.14375;3202.3;5.498;0;0;0.1;0.01;0;5.5786;0;0;-1
0;312;-49.9879;45.5122;-24.8748;9.78011;3918.5;5.88064;0;0;0.1;0.01;0;7.33765;0;0;-1
0;313;-50.6688;62.488;-25.5815;8.75947;2815.28;5.26694;0;0;0.1;0.01;0;6.08575;0;0;-1
0;314;-51.7958;78.4839;-28.2535;8.72318;2780.44;5.24512;0;0;0.1;0.01;0;2.65248;0;0;-1
0;315;-36.4302;-82.1749;-26.5156;10.3133;4594.96;6.20124;0;0;0.1;0.01;0;6.19686;0;0;-1
0;316;-34.9841;-67.3056;-26.8014;8.88636;2939.41;5.34324;0;0;0.1;0.01;0;6.99093;0;0;-1
0;317;-38.3686;-47.105;-27.1475;10.1598;4392.83;6.10894;0;0;0.1;0.01;0;5.71219;0;0;-1
0;318;-36.0609;-30.0817;-26.0723;9.32899;3400.89;5.60939;0;0;0.1;0.01;0;6.11641;0;0;-1
0;319;-34.6344;-13.7604;-26.7999;8.77558;2830.85;5.27663;0;0;0.1;0.01;0;5.01596;0;0;-1
0;320;-36.5876;4.3152;-27.4455;8.5;2572.44;5.11093;0;0;0.1;0.01;0;4.19419;1;0;-1
0;321;-38.3592;18.5456;-27.4808;9.50184;3593.45;5.71332;0;0;0.1;0.01;0;5.4553;0;0;-1
0;322;-38.2453;34.5869;-25.1742;8.5;2572.44;5.11093;0;0;0.1;0.01;0;5.50091;1;0;-1
0;323;-37.6478;52.2746;-27.8657;9.223;3286.29;5.54566;0;0;0.1;0.01;0;6.07395;0;0;-1
0;324;-38.2099;67.7224;-25.7586;8.5;2572.44;5.11093;0;0;0.1;0.01;0;4.487;1;0;-1
0;325;-35.5393;85.8461;-24.952;10.2803;4550.99;6.1814;0;0;0.1;0.01;0;3.74729;0;0;-1
0;326;-21.783;-90.7771;-25.2856;10.3383;4628.45;6.21627;0;0;0.1;0.01;0;3.98734;0;0;-1
0;327;-20.5811;-73.0907;-27.0222;10.1729;4409.84;6.11682;0;0;0.1;0.01;0;8.27723;0;0;-1
0;328;-20.3454;-59.1618;-26.3077;9.74517;3876.65;5.85963;0;0;0.1;0.01;0;7.26684;0;0;-1
0;329;-22.0183;-40.5886;-26.6566;8.61701;2680.15;5.18128;0;0;0.1;0.01;0;4.98713;0;0;-1
0;330;-21.3622;-21.1036;-24.9725;10.094;4308.03;6.06938;0;0;0.1;0.01;0;6.84251;0;0;-1
0;331;-19.7199;-5.4844;-28.0828;8.5;2572.44;5.11093;0;0;0.1;0.01;0;4.65068;1;0;-1
0;332;-21.3128;11.805;-25.7692;8.5;2572.44;5.11093;0;0;0.1;0.01;0;4.00262;1;0;-1
0;333;-22.7743;28.7612;-27.7888;8.64731;2708.52;5.1995;0;0;0.1;0.01;0;5.10108;0;0;-1
0;334;-21.2684;44.7706;-27.8791;9.74786;3879.86;5.86125;0;0;0.1;0.01;0;5.84094;0;0;-1
0;335;-21.6916;62.1741;-26.6147;9.66986;3787.47;5.81435;0;0;0.1;0.01;0;6.33918;0;0;-1
0;336;-22.8423;78.7612;-27.9099;9.43208;3514.88;5.67137;0;0;0.1;0.01;0;5.63095;0;0;-1
0;337;-5.9398;-81.2655;-28.6525;9.37792;3454.68;5.63881;0;0;0.1;0.01;0;6.09306;0;0;-1
0;338;-7.90875;-66.6037;-26.3277;9.47884;3567.42;5.69949;0;0;0.1;0.01;0;6.68907;0;0;-1
0;339;-8.56393;-48.5906;-24.3805;9.13807;3196.33;5.49459;0;0;0.1;0.01;0;5.18614;0;0;-1
0;340;-8.20255;-29.6912;-25.5421;8.77274;2828.1;5.27492;0;0;0.1;0.01;0;5.56628;0;0;-1
0;341;-6.01192;-13.3257;-27.8107;9.41095;3491.31;5.65867;0;0;0.1;0.01;0;6.59758;0;0;-1
0;342;-5.49557;1.93299;-27.6516;8.53399;2603.42;5.13136;0;0;0.1;0.01;0;5.70954;0;0;-1
0;343;-6.60657;21.127;-25.6298;9.60397;3710.57;5.77473;0;0;0.1;0.01;0;6.70075;0;0;-1
0;344;-7.09225;35.4076;-27.1012;9.34522;3418.67;5.61915;0;0;0.1;0.01;0;7.48509;0;0;-1
0;345;-7.93353;51.5119;-26.0258;8.65073;2711.73;5.20156;0;0;0.1;0.01;0;5.61144;0;0;-1
0;346;-9.34324;72.1639;-24.4868;8.6207;2683.59;5.1835;0;0;0.1;0.01;0;5.03838;0;0;-1
0;347;-9.09669;88.2395;-25.6691;8.64271;2704.2;5.19674;0;0;0.1;0.01;0;3.97153;0;0;-1
0;348;9.34546;-90.4748;-25.4099;10.3115;4592.55;6.20016;0;0;0.1;0.01;0;4.27661;0;0;-1
0;349;6.5967;-75.7942;-25.3215;9.7822;3921.01;5.88189;0;0;0.1;0.01;0;6.67358;0;0;-1
0;350;9.44354;-58.6609;-25.7676;9.33001;3402;5.61;0;0;0.1;0.01;0;5.80895;0;0;-1
0;351;5.72802;-40.0286;-25.3971;9.62018;3729.39;5.78447;0;0;0.1;0.01;0;6.09863;0;0;-1
0;352;8.26579;-25.5212;-26.5946;8.72878;2785.8;5.24849;0;0;0.1;0.01;0;5.86069;0;0;-1
0;353;9.02254;-8.76726;-27.6971;10.2426;4501.11;6.15873;0;0;0.1;0.01;0;6.7977;0;0;-1
0;354;5.51764;9.93403;-25.5138;9.14542;3204.05;5.49901;0;0;0.1;0.01;0;4.58398;0;0;-1
0;355;9.43629;29.3296;-27.659;10.081;4291.4;6.06156;0;0;0.1;0.01;0;6.8613;0;0;-1
0;356;6.25212;44.0452;-25.2407;10.3766;4680.09;6.2393;0;0;0.1;0.01;0;7.2001;0;0;-1
0;357;6.8696;63.4075;-24.6249;10.1832;4423.25;6.12301;0;0;0.1;0.01;0;6.80634;0;0;-1
0;358;5.90136;78.2852;-28.0021;9.05381;3108.73;5.44392;0;0;0.1;0.01;0;5.55849;0;0;-1
0;359;8.24239;95.6189;-26.8409;10.0208;4214.98;6.02536;0;0;0.1;0.01;0;2.99668;0;0;-1
0;360;22.5777;-82.3683;-25.2174;9.14669;3205.39;5.49977;0;0;0.1;0.01;0;4.6584;0;0;-1
0;361;23.7011;-65.8981;-25.4769;9.51617;3609.73;5.72193;0;0;0.1;0.01;0;5.43849;0;0;-1
0;362;23.2744;-47.2893;-27.4359;10.114;4333.69;6.0814;0;0;0.1;0.01;0;6.26;0;0;-1
0;363;22.791;-31.7621;-26.0438;9.7203;3847.05;5.84468;0;0;0.1;0.01;0;6.89711;0;0;-1
0;364;22.129;-16.0922;-25.5885;10.0142;4206.66;6.02139;0;0;0.1;0.01;0;6.73028;0;0;-1
0;365;22.3182;1.01531;-26.8058;9.03568;3090.09;5.43302;0;0;0.1;0.01;0;5.17149;0;0;-1
0;366;23.3885;18.1876;-28.0139;9.62583;3735.97;5.78787;0;0;0.1;0.01;0;6.25412;0;0;-1
0;367;23.2501;34.9355;-27.5202;9.48752;3577.23;5.70471;0;0;0.1;0.01;0;7.41907;0;0;-1
0;368;20.5944;51.1121;-24.5172;9.78732;3927.17;5.88497;0;0;0.1;0.01;0;6.26133;0;0;-1
0;369;20.2899;69.1532;-26.951;9.41126;3491.66;5.65885;0;0;0.1;0.01;0;5.36266;0;0;-1
0;370;23.3571;84.5752;-24.8036;9.48309;3572.22;5.70204;0;0;0.1;0.01;0;4.90063;0;0;-1
0;371;38.0629;-75.9945;-27.0995;9.08221;3138.07;5.461;0;0;0.1;0.01;0;3.94122;0;0;-1
0;372;35.2254;-56.9173;-27.0376;8.68961;2748.46;5.22494;0;0;0.1;0.01;0;5.60601;0;0;-1
0;373;37.5297;-39.9431;-26.8264;9.92192;4091.44;5.96591;0;0;0.1;0.01;0;7.96707;0;0;-1
0;374;37.6918;-23.1663;-27.6907;9.98008;4163.81;6.00088;0;0;0.1;0.01;0;7.59073;0;0;-1
0;375;37.4582;-7.20789;-24.8422;9.68117;3800.77;5.82115;0;0;0.1;0.01;0;6.57128;0;0;-1
0;376;35.1269;8.91234;-26.7885;8.8148;2868.97;5.30021;0;0;0.1;0.01;0;5.30863;0;0;-1
0;377;37.2275;25.3885;-24.7131;9.96675;4147.15;5.99286;0;0;0.1;0.01;0;6.87937;0;0;-1
0;378;37.0134;42.1379;-27.0984;9.84583;3998.03;5.92015;0;0;0.1;0.01;0;6.57792;0;0;-1
0;379;38.4476;63.6766;-24.9002;8.5;2572.44;5.11093;0;0;0.1;0.01;0;4.58544;1;0;-1
0;380;36.7473;78.8101;-24.8788;8.5;2572.44;5.11093;0;0;0.1;0.01;0;4.35149;1;0;-1
0;381;50.4416;-66.6501;-24.787;10.2137;4463.11;6.14135;0;0;0.1;0.01;0;5.56898;0;0;-1
0;382;49.9656;-50.7723;-25.2895;10.1728;4409.71;6.11676;0;0;0.1;0.01;0;6.85212;0;0;-1
0;383;50.0716;-33.4165;-25.0331;8.55599;2623.61;5.14459;0;0;0.1;0.01;0;5.2036;0;0;-1
0;384;52.7148;-15.5659;-26.8561;9.21838;3281.35;5.54288;0;0;0.1;0.01;0;6.26058;0;0;-1
0;385;51.8207;1.73332;-28.3342;10.0155;4208.3;6.02217;0;0;0.1;0.01;0;7.16938;0;0;-1
0;386;50.1079;17.7973;-28.5137;9.04577;3100.45;5.43909;0;0;0.1;0.01;0;6.16718;0;0;-1
0;387;50.3082;34.891;-25.0684;9.38364;3461.01;5.64225;0;0;0.1;0.01;0;5.57787;0;0;-1
0;388;52.9793;54.7679;-24.6931;8.65695;2717.59;5.2053;0;0;0.1;0.01;0;4.3964;0;0;-1
0;389;52.2019;72.6215;-26.9415;9.78828;3928.33;5.88555;0;0;0.1;0.01;0;4.37782;0;0;-1
0;390;66.361;-59.2015;-27.6303;8.99162;3045.11;5.40653;0;0;0.1;0.01;0;4.13237;0;0;-1
0;391;66.6326;-42.2214;-25.0388;8.84857;2902.07;5.32052;0;0;0.1;0.01;0;5.48437;0;0;-1
0;392;67.4827;-23.2438;-24.8714;10.3678;4668.19;6.23401;0;0;0.1;0.01;0;6.53828;0;0;-1
0;393;65.5546;-5.59838;-26.9235;8.9529;3005.94;5.38325;0;0;0.1;0.01;0;6.8409;0;0;-1
0;394;66.5819;9.45381;-25.0903;9.2484;3313.51;5.56093;0;0;0.1;0.01;0;5.82388;0;0;-1
0;395;64.8704;25.409;-25.6043;9.8348;3984.6;5.91352;0;0;0.1;0.01;0;4.8098;0;0;-1
0;396;66.3808;46.5038;-25.9003;10.0347;4232.55;6.03372;0;0;0.1;0.01;0;5.81712;0;0;-1
0;397;65.0722;62.2767;-27.5171;10.0508;4252.95;6.0434;0;0;0.1;0.01;0;4.96935;0;0;-1
0;398;79.4147;-51.2654;-25.8195;10.1042;4321.1;6.07551;0;0;0.1;0.01;0;2.17897;0;0;-1
0;399;81.8794;-34.2059;-24.83;10.2512;4512.45;6.1639;0;0;0.1;0.01;0;3.41495;0;0;-1
0;400;80.7525;-16.8117;-25.3495;8.88357;2936.64;5.34156;0;0;0.1;0.01;0;4.46815;0;0;-1
0;401;79.7972;-0.229993;-26.2399;9.30496;3374.68;5.59494;0;0;0.1;0.01;0;4.87195;0;0;-1
0;402;83.217;17.7936;-25.2698;9.79833;3940.44;5.89159;0;0;0.1;0.01;0;4.14529;0;0;-1
0;403;79.0952;33.7619;-27.991;8.5;2572.44;5.11093;0;0;0.1;0.01;0;3.36567;1;0;-1
0;404;79.3736;54.6261;-26.5413;10.3516;4646.34;6.22427;0;0;0.1;0.01;0;2.70734;0;0;-1
0;405;-98.4438;0.962043;-11.8073;10.2755;4544.62;6.17851;0;0;0.1;0.01;0;3.70387;0;0;-1
0;406;-84.2874;-42.0839;-11.2477;9.08598;3141.98;5.46327;0;0;0.1;0.01;0;3.4672;0;0;-1
0;407;-84.3734;-23.5396;-10.3066;10.4098;4725.15;6.25926;0;0;0.1;0.01;0;5.70427;0;0;-1
0;408;-85.2162;-7.13624;-12.4886;8.91246;2965.39;5.35893;0;0;0.1;0.01;0;5.2678;0;0;-1
0;409;-83.347;11.6456;-11.9306;10.149;4378.83;6.10245;0;0;0.1;0.01;0;5.92269;0;0;-1
0;410;-84.8162;29.1399;-12.4327;8.5;2572.44;5.11093;0;0;0.1;0.01;0;4.12823;1;0;-1
0;411;-84.0341;42.4979;-11.3166;9.39125;3469.44;5.64682;0;0;0.1;0.01;0;4.12607;0;0;-1
0;412;-70.8144;-68.44;-10.0665;8.78734;2842.24;5.2837;0;0;0.1;0.01;0;2.13505;0;0;-1
0;413;-69.2267;-49.2643;-11.9977;9.51949;3613.51;5.72393;0;0;0.1;0.01;0;4.7682;0;0;-1
0;414;-69.893;-32.5578;-10.1396;9.37135;3447.43;5.63486;0;0;0.1;0.01;0;6.79681;0;0;-1
0;415;-72.1602;-15.7412;-11.6918;9.40543;3485.17;5.65535;0;0;0.1;0.01;0;6.58607;0;0;-1
0;416;-70.8017;3.17472;-10.3153;8.76929;2824.76;5.27285;0;0;0.1;0.01;0;6.07203;0;0;-1
0;417;-68.3496;17.3718;-12.9568;8.58719;2652.42;5.16335;0;0;0.1;0.01;0;4.93339;0;0;-1
0;418;-69.4922;36.4695;-11.9859;9.59908;3704.91;5.77179;0;0;0.1;0.01;0;6.33948;0;0;-1
0;419;-71.9193;53.7859;-13.0218;8.9755;3028.76;5.39684;0;0;0.1;0.01;0;4.41685;0;0;-1
0;420;-54.2894;-75.1323;-9.72111;8.85847;2911.82;5.32647;0;0;0.1;0.01;0;3.81437;0;0;-1
0;421;-56.6164;-58.2375;-12.3477;9.39962;3478.72;5.65186;0;0;0.1;0.01;0;5.38569;0;0;-1
0;422;-57.3289;-39.2015;-10.321;8.57706;2643.04;5.15726;0;0;0.1;0.01;0;5.56664;0;0;-1
0;423;-57.3111;-23.9567;-11.8661;8.5;2572.44;5.11093;0;0;0.1;0.01;0;5.49221;1;0;-1
0;424;-55.236;-7.21919;-11.8081;9.00601;3059.75;5.41518;0;0;0.1;0.01;0;5.49795;0;0;-1
0;425;-54.3088;8.60366;-12.541;10.0595;4264.01;6.04863;0;0;0.1;0.01;0;5.98801;0;0;-1
0;426;-57.3412;29.7666;-12.8202;8.5;2572.44;5.11093;0;0;0.1;0.01;0;5.63772;1;0;-1
0;427;-55.116;44.7237;-11.8269;9.28257;3350.37;5.58147;0;0;0.1;0.01;0;6.85684;0;0;-1
0;428;-57.951;60.0315;-10.6836;9.74725;3879.14;5.86088;0;0;0.1;0.01;0;5.45015;0;0;-1
0;429;-42.7875;-83.6443;-13.2559;10.0889;4301.5;6.06631;0;0;0.1;0.01;0;4.25793;0;0;-1
0;430;-39.3576;-64.6262;-11.5705;9.79525;3936.73;5.88974;0;0;0.1;0.01;0;5.61118;0;0;-1
0;431;-41.0518;-49.3553;-10.693;8.52157;2592.07;5.1239;0;0;0.1;0.01;0;5.07853;0;0;-1
0;432;-41.2243;-32.6065;-12.3616;9.80366;3946.87;5.8948;0;0;0.1;0.01;0;6.13959;0;0;-1
0;433;-42.0808;-14.3445;-13.5199;10.014;4206.41;6.02127;0;0;0.1;0.01;0;6.08318;0;0;-1
0;434;-40.9232;3.07313;-10.7905;9.48602;3575.53;5.70381;0;0;0.1;0.01;0;5.76888;0;0;-1
0;435;-39.4011;20.0902;-11.207;10.0097;4200.99;6.01869;0;0;0.1;0.01;0;6.27696;0;0;-1
0;436;-42.129;36.9048;-13.1703;9.33057;3402.62;5.61034;0;0;0.1;0.01;0;7.19986;0;0;-1
0;437;-42.656;52.2151;-12.6265;8.5;2572.44;5.11093;0;0;0.1;0.01;0;5.05205;1;0;-1
0;438;-43.0065;70.6863;-12.5598;8.74544;2801.78;5.25851;0;0;0.1;0.01;0;4.72322;0;0;-1
0;439;-43.2526;85.1292;-13.3344;8.5;2572.44;5.11093;0;0;0.1;0.01;0;3.42662;1;0;-1
0;440;-27.9028;-93.1815;-13.0836;9.62079;3730.1;5.78484;0;0;0.1;0.01;0;4.31837;0;0;-1
0;441;-28.148;-76.8704;-13.0031;10.1441;4372.49;6.0995;0;0;0.1;0.01;0;7.05674;0;0;-1
0;442;-24.6973;-56.574;-12.2833;10.3899;4698.1;6.2473;0;0;0.1;0.01;0;7.30758;0;0;-1
0;443;-27.3652;-41.7529;-10.1906;10.4383;4764.07;6.2764;0;0;0.1;0.01;0;7.63167;0;0;-1
0;444;-26.6337;-22.2859;-11.8642;10.2193;4470.46;6.14472;0;0;0.1;0.01;0;6.64913;0;0;-1
0;445;-24.9509;-7.30558;-10.3254;8.54228;2611.02;5.13635;0;0;0.1;0.01;0;4.69848;0;0;-1
0;446;-25.1397;9.14723;-10.2573;9.43114;3513.83;5.67081;0;0;0.1;0.01;0;5.17504;0;0;-1
0;447;-27.4313;28.4671;-10.5814;10.2555;4518.13;6.16648;0;0;0.1;0.01;0;6.14984;0;0;-1
0;448;-28.3104;42.9588;-10.7749;9.06343;3118.65;5.44971;0;0;0.1;0.01;0;5.6268;0;0;-1
0;449;-24.4465;59.07;-12.8439;8.80537;2859.77;5.29454;0;0;0.1;0.01;0;4.53567;0;0;-1
0;450;-24.7743;77.7002;-12.245;9.85517;4009.41;5.92577;0;0;0.1;0.01;0;6.45214;0;0;-1
0;451;-24.8602;94.6716;-14.0136;10.1999;4445.05;6.13305;0;0;0.1;0.01;0;3.54467;0;0;-1
0;452;-13.5494;-83.3065;-11.0871;8.5;2572.44;5.11093;0;0;0.1;0.01;0;4.45442;1;0;-1
0;453;-12.7725;-65.4533;-13.2506;8.5;2572.44;5.11093;0;0;0.1;0.01;0;5.52667;1;0;-1
0;454;-12.6951;-48.4397;-9.71119;9.49539;3586.14;5.70944;0;0;0.1;0.01;0;6.608;0;0;-1
0;455;-11.4443;-32.3654;-11.7611;10.4018;4714.27;6.25445;0;0;0.1;0.01;0;7.2586;0;0;-1
0;456;-10.3969;-14.2752;-10.7272;8.5;2572.44;5.11093;0;0;0.1;0.01;0;6.06024;1;0;-1
0;457;-10.7169;0.962443;-11.6027;10.2021;4447.92;6.13437;0;0;0.1;0.01;0;7.16012;0;0;-1
0;458;-10.7344;16.9704;-11.6284;9.08701;3143.05;5.46389;0;0;0.1;0.01;0;5.76911;0;0;-1
0;459;-11.5948;34.2457;-12.5409;8.56015;2627.44;5.14709;0;0;0.1;0.01;0;4.61826;0;0;-1
0;460;-10.3565;50.9683;-10.6091;8.54843;2616.66;5.14005;0;0;0.1;0.01;0;5.22158;0;0;-1
0;461;-10.5222;67.4173;-11.634;9.0735;3129.05;5.45576;0;0;0.1;0.01;0;5.91061;0;0;-1
0;462;-11.6993;87.2552;-12.4363;8.5;2572.44;5.11093;0;0;0.1;0.01;0;4.79456;1;0;-1
0;463;4.3954;-91.5469;-10.5883;8.69412;2752.74;5.22765;0;0;0.1;0.01;0;3.76601;0;0;-1
0;464;1.54067;-75.9954;-12.1301;8.5;2572.44;5.11093;0;0;0.1;0.01;0;5.49018;1;0;-1
0;465;1.34331;-59.476;-12.8531;8.86284;2916.13;5.3291;0;0;0.1;0.01;0;6.06343;0;0;-1
0;466;1.68132;-41.2631;-12.622;9.63019;3741.05;5.79049;0;0;0.1;0.01;0;6.53691;0;0;-1
0;467;1.26704;-21.5711;-10.4651;9.21799;3280.93;5.54264;0;0;0.1;0.01;0;6.60853;0;0;-1
0;468;1.59525;-7.44299;-12.1293;8.63646;2698.34;5.19298;0;0;0.1;0.01;0;6.12515;0;0;-1
0;469;3.27899;8.17362;-12.28;10.1133;4332.79;6.08098;0;0;0.1;0.01;0;6.2114;0;0;-1
0;470;3.19136;25.1296;-13.551;9.05314;3108.04;5.44352;0;0;0.1;0.01;0;4.72296;0;0;-1
0;471;1.98613;43.7632;-10.499;9.3009;3370.26;5.5925;0;0;0.1;0.01;0;5.57725;0;0;-1
0;472;2.33417;59.5237;-10.7491;9.45512;3540.71;5.68523;0;0;0.1;0.01;0;6.58744;0;0;-1
0;473;2.7046;76.7474;-10.3964;8.91847;2971.39;5.36255;0;0;0.1;0.01;0;6.03276;0;0;-1
0;474;3.09388;94.0418;-11.4643;10.2647;4530.3;6.17202;0;0;0.1;0.01;0;4.45888;0;0;-1
0;475;18.8198;-85.1798;-10.5385;9.35595;3430.46;5.6256;0;0;0.1;0.01;0;5.79862;0;0;-1
0;476;16.0686;-68.1915;-10.5122;9.47166;3559.32;5.69517;0;0;0.1;0.01;0;6.35252;0;0;-1
0;477;15.965;-51.4686;-9.87677;9.86583;4022.44;5.93218;0;0;0.1;0.01;0;5.77798;0;0;-1
0;478;15.521;-33.3881;-10.5207;9.65096;3765.3;5.80298;0;0;0.1;0.01;0;5.743;0;0;-1
0;479;16.036;-16.297;-11.4662;8.57311;2639.39;5.15489;0;0;0.1;0.01;0;5.90851;0;0;-1
0;480;16.4156;1.11951;-11.4625;9.38448;3461.94;5.64275;0;0;0.1;0.01;0;5.57887;0;0;-1
0;481;19.4901;20.903;-10.8766;9.88972;4051.73;5.94655;0;0;0.1;0.01;0;6.04981;0;0;-1
0;482;19.6231;38.1937;-13.1667;8.5;2572.44;5.11093;0;0;0.1;0.01;0;5.08522;1;0;-1
0;483;18.1886;54.532;-11.4713;8.5;2572.44;5.11093;0;0;0.1;0.01;0;4.93029;1;0;-1
0;484;17.3036;71.436;-10.322;10.3965;4707.06;6.25126;0;0;0.1;0.01;0;7.11124;0;0;-1
0;485;15.7005;84.9769;-12.5686;8.5;2572.44;5.11093;0;0;0.1;0.01;0;5.45072;1;0;-1
0;486;31.95;-93.7261;-12.0405;8.83098;2884.8;5.30994;0;0;0.1;0.01;0;1.85691;0;0;-1
0;487;33.3565;-76.6539;-12.3273;9.41174;3492.19;5.65914;0;0;0.1;0.01;0;5.6528;0;0;-1
0;488;32.8853;-55.392;-10.3552;9.45135;3536.47;5.68296;0;0;0.1;0.01;0;4.99085;0;0;-1
0;489;34.1671;-38.8905;-10.126;9.62386;3733.67;5.78669;0;0;0.1;0.01;0;6.14316;0;0;-1
0;490;31.2313;-21.3551;-12.2819;9.89423;4057.28;5.94926;0;0;0.1;0.01;0;7.1085;0;0;-1
0;491;33.1384;-6.33933;-10.7734;8.88235;2935.43;5.34083;0;0;0.1;0.01;0;5.56188;0;0;-1
0;492;33.5001;11.7958;-12.9133;10.3784;4682.52;6.24038;0;0;0.1;0.01;0;7.01893;0;0;-1
0;493;31.4732;29.0498;-10.8296;9.24443;3309.25;5.55854;0;0;0.1;0.01;0;6.8213;0;0;-1
0;494;33.5361;46.263;-13.2503;9.56238;3662.58;5.74972;0;0;0.1;0.01;0;5.9888;0;0;-1
0;495;32.7891;63.4915;-10.3685;8.6173;2680.42;5.18146;0;0;0.1;0.01;0;5.98538;0;0;-1
0;496;32.264;79.3817;-10.1253;10.0567;4260.45;6.04695;0;0;0.1;0.01;0;6.38671;0;0;-1
0;497;45.9667;-82.9319;-10.7957;8.5;2572.44;5.11093;0;0;0.1;0.01;0;4.15743;1;0;-1
0;498;48.131;-67.8865;-11.4502;9.53328;3629.24;5.73222;0;0;0.1;0.01;0;6.01276;0;0;-1
0;499;47.7015;-47.7317;-11.9643;9.34097;3414.01;5.61659;0;0;0.1;0.01;0;6.11432;0;0;-1
0;500;48.6167;-31.7081;-12.5245;9.05733;3112.36;5.44604;0;0;0.1;0.01;0;5.54013;0;0;-1
0;501;45.5562;-14.738;-10.957;9.15165;3210.6;5.50275;0;0;0.1;0.01;0;6.26793;0;0;-1
0;502;46.5932;0.438061;-11.0262;10.1585;4391.14;6.10816;0;0;0.1;0.01;0;7.44568;0;0;-1
0;503;47.735;18.1178;-13.4352;10.1742;4411.53;6.1176;0;0;0.1;0.01;0;7.74678;0;0;-1
0;504;47.9016;34.65;-10.543;9.51622;3609.79;5.72196;0;0;0.1;0.01;0;6.42837;0;0;-1
0;505;45.9454;55.1922;-12.497;8.5;2572.44;5.11093;0;0;0.1;0.01;0;5.01905;1;0;-1
0;506;46.2848;68.496;-10.0158;9.24156;3306.16;5.55682;0;0;0.1;0.01;0;6.17024;0;0;-1
0;507;47.6981;85.6446;-13.097;8.6403;2701.94;5.19529;0;0;0.1;0.01;0;2.33763;0;0;-1
0;508;61.0925;-74.2501;-11.2882;10.3036;4582.01;6.19541;0;0;0.1;0.01;0;3.19899;0;0;-1
0;509;60.3082;-56.0628;-13.3015;9.61516;3723.56;5.78146;0;0;0.1;0.01;0;6.39486;0;0;-1
0;510;61.4387;-42.1484;-11.6159;9.39919;3478.24;5.6516;0;0;0.1;0.01;0;6.41321;0;0;-1
0;511;62.5779;-25.7789;-11.861;9.28468;3352.66;5.58274;0;0;0.1;0.01;0;5.84252;0;0;-1
0;512;62.7434;-7.65081;-11.5047;9.83406;3983.7;5.91308;0;0;0.1;0.01;0;6.46925;0;0;-1
0;513;60.7359;9.37241;-12.813;10.2245;4477.29;6.14784;0;0;0.1;0.01;0;6.65894;0;0;-1
0;514;61.9702;28.7537;-10.2217;9.92591;4096.37;5.96831;0;0;0.1;0.01;0;6.30804;0;0;-1
0;515;62.6714;45.9885;-11.1318;9.50542;3597.51;5.71547;0;0;0.1;0.01;0;5.7039;0;0;-1
0;516;63.237;63.5922;-10.7987;10.0981;4313.28;6.07184;0;0;0.1;0.01;0;5.3325;0;0;-1
0;517;61.0458;77.9224;-13.7926;8.90529;2958.24;5.35462;0;0;0.1;0.01;0;2.7736;0;0;-1
0;518;77.6018;-47.532;-10.8097;8.5;2572.44;5.11093;0;0;0.1;0.01;0;3.89157;1;0;-1
0;519;77.3345;-30.032;-11.2428;8.60685;2670.68;5.17517;0;0;0.1;0.01;0;5.62873;0;0;-1
0;520;75.2972;-14.4406;-10.8557;10.4528;4783.95;6.28512;0;0;0.1;0.01;0;7.80124;0;0;-1
0;521;74.9424;1.11849;-10.9942;8.5;2572.44;5.11093;0;0;0.1;0.01;0;6.16627;1;0;-1
0;522;76.6094;18.0102;-13.3394;8.69993;2758.26;5.23114;0;0;0.1;0.01;0;5.74896;0;0;-1
0;523;75.0679;34.8492;-12.7114;8.5;2572.44;5.11093;0;0;0.1;0.01;0;5.25353;1;0;-1
0;524;75.3411;51.4817;-10.2295;9.24246;3307.13;5.55736;0;0;0.1;0.01;0;5.72107;0;0;-1
0;525;89.5853;-22.1769;-11.9561;8.5;2572.44;5.11093;0;0;0.1;0.01;0;3.79105;1;0;-1
0;526;90.0696;-4.25118;-10.1476;9.67018;3787.85;5.81454;0;0;0.1;0.01;0;4.12006;0;0;-1
0;527;89.5551;12.008;-11.0204;8.94815;3001.15;5.38039;0;0;0.1;0.01;0;4.80374;0;0;-1
0;528;89.4279;27.0284;-11.1966;8.57982;2645.59;5.15892;0;0;0.1;0.01;0;4.51481;0;0;-1
0;529;89.2365;43.5636;-9.84437;10.0381;4236.85;6.03576;0;0;0.1;0.01;0;3.29436;0;0;-1
0;530;-93.936;-16.577;2.39617;9.45997;3546.16;5.68814;0;0;0.1;0.01;0;3.17123;0;0;-1
0;531;-95.6861;2.72962;3.4348;9.65336;3768.11;5.80443;0;0;0.1;0.01;0;3.78326;0;0;-1
0;532;-95.9067;18.6869;2.16047;10.2032;4449.36;6.13504;0;0;0.1;0.01;0;3.23933;0;0;-1
0;533;-79.6729;-55.9221;3.03784;8.5;2572.44;5.11093;0;0;0.1;0.01;0;2.64115;1;0;-1
0;534;-82.6278;-41.5218;4.68417;9.80047;3943.02;5.89288;0;0;0.1;0.01;0;4.17378;0;0;-1
0;535;-80.599;-23.2272;2.97028;9.80139;3944.13;5.89343;0;0;0.1;0.01;0;6.45365;0;0;-1
0;536;-79.8679;-6.13749;3.72368;9.46528;3552.13;5.69134;0;0;0.1;0.01;0;5.9246;0;0;-1
0;537;-81.7934;10.3565;2.71797;8.90491;2957.86;5.35439;0;0;0.1;0.01;0;4.70829;0;0;-1
0;538;-80.598;25.4942;1.20738;8.5;2572.44;5.11093;0;0;0.1;0.01;0;3.69399;1;0;-1
0;539;-82.6833;44.0749;2.77176;10.2457;4505.19;6.16059;0;0;0.1;0.01;0;4.42071;0;0;-1
0;540;-78.9045;61.1294;3.3725;9.4202;3501.62;5.66423;0;0;0.1;0.01;0;2.55934;0;0;-1
0;541;-63.8861;-65.5081;1.67773;8.86781;2921.04;5.33209;0;0;0.1;0.01;0;4.00786;0;0;-1
0;542;-64.2806;-47.2853;4.39783;10.2617;4526.33;6.17021;0;0;0.1;0.01;0;6.23366;0;0;-1
0;543;-68.3916;-33.0505;3.55489;8.92266;2975.58;5.36507;0;0;0.1;0.01;0;5.7591;0;0;-1
0;544;-67.7986;-14.8229;1.72689;10.4365;4761.6;6.27532;0;0;0.1;0.01;0;6.9253;0;0;-1
0;545;-67.1961;0.398378;3.73487;10.3306;4618.12;6.21164;0;0;0.1;0.01;0;6.93319;0;0;-1
0;546;-64.7326;17.1281;3.36692;10.4477;4776.95;6.28205;0;0;0.1;0.01;0;6.01849;0;0;-1
0;547;-65.1796;36.5238;3.09535;10.4249;4745.74;6.26834;0;0;0.1;0.01;0;6.60319;0;0;-1
0;548;-65.5658;52.0285;3.22268;9.47993;3568.65;5.70014;0;0;0.1;0.01;0;5.48057;0;0;-1
0;549;-64.9449;70.411;3.1629;8.5;2572.44;5.11093;0;0;0.1;0.01;0;2.34891;1;0;-1
0;550;-49.9079;-75.3347;3.24173;8.5823;2647.89;5.16041;0;0;0.1;0.01;0;5.00605;0;0;-1
0;551;-50.3442;-59.3865;4.21219;8.71413;2771.79;5.23968;0;0;0.1;0.01;0;5.50653;0;0;-1
0;552;-50.9566;-42.3291;3.33873;8.72965;2786.63;5.24901;0;0;0.1;0.01;0;5.46223;0;0;-1
0;553;-52.1148;-24.4739;3.65153;8.58632;2651.61;5.16283;0;0;0.1;0.01;0;4.18474;0;0;-1
0;554;-49.6376;-5.3769;2.15138;8.5;2572.44;5.11093;0;0;0.1;0.01;0;4.35375;1;0;-1
0;555;-52.3022;10.0568;3.74796;8.5;2572.44;5.11093;0;0;0.1;0.01;0;4.98659;1;0;-1
0;556;-52.7554;25.8361;2.70449;8.5;2572.44;5.11093;0;0;0.1;0.01;0;5.48496;1;0;-1
0;557;-50.2704;42.9851;5.11355;9.8444;3996.28;5.91929;0;0;0.1;0.01;0;5.97367;0;0;-1
0;558;-50.7527;63.4582;1.83371;9.04923;3104.01;5.44117;0;0;0.1;0.01;0;5.21321;0;0;-1
0;559;-51.4563;78.1178;1.28733;9.76208;3896.87;5.8698;0;0;0.1;0.01;0;4.43596;0;0;-1
0;560;-34.9793;-84.0145;3.44108;9.36644;3442.01;5.6319;0;0;0.1;0.01;0;5.15512;0;0;-1
0;561;-38.5005;-67.384;3.24629;9.15764;3216.91;5.50636;0;0;0.1;0.01;0;5.35577;0;0;-1
0;562;-36.7075;-50.392;4.12131;8.5;2572.44;5.11093;0;0;0.1;0.01;0;5.17274;1;0;-1
0;563;-35.831;-32.6238;2.67765;9.95707;4135.07;5.98704;0;0;0.1;0.01;0;6.05337;0;0;-1
0;564;-38.0802;-14.0895;3.15561;8.97516;3028.41;5.39663;0;0;0.1;0.01;0;4.98179;0;0;-1
0;565;-36.6329;3.18371;4.03426;8.90095;2953.91;5.35201;0;0;0.1;0.01;0;5.85566;0;0;-1
0;566;-38.1423;19.9756;2.91918;10.1518;4382.46;6.10413;0;0;0.1;0.01;0;6.86654;0;0;-1
0;567;-38.1991;36.3097;1.02897;8.89588;2948.87;5.34896;0;0;0.1;0.01;0;5.93172;0;0;-1
0;568;-35.4152;50.8427;2.86412;9.82839;3976.82;5.90967;0;0;0.1;0.01;0;5.01458;0;0;-1
0;569;-35.7486;71.7413;1.34288;10.4423;4769.55;6.2788;0;0;0.1;0.01;0;6.28641;0;0;-1
0;570;-35.3284;87.8913;3.28974;9.58234;3685.56;5.76172;0;0;0.1;0.01;0;5.1448;0;0;-1
0;571;-20.7798;-93.6581;1.59887;9.51832;3612.18;5.72323;0;0;0.1;0.01;0;4.31143;0;0;-1
0;572;-20.5644;-76.6043;4.59205;8.53528;2604.61;5.13214;0;0;0.1;0.01;0;5.26409;0;0;-1
0;573;-23.6236;-57.6389;1.54016;9.2155;3278.27;5.54115;0;0;0.1;0.01;0;6.00443;0;0;-1
0;574;-23.222;-40.3623;2.14202;9.25268;3318.11;5.5635;0;0;0.1;0.01;0;6.41731;0;0;-1
0;575;-21.1666;-23.0784;3.56797;8.5;2572.44;5.11093;0;0;0.1;0.01;0;5.39819;1;0;-1
0;576;-20.5775;-5.1951;3.34075;8.55675;2624.31;5.14505;0;0;0.1;0.01;0;6.16061;0;0;-1
0;577;-20.1917;9.99457;4.07154;10.1133;4332.79;6.08098;0;0;0.1;0.01;0;6.89946;0;0;-1
0;578;-23.9401;27.5217;1.88905;8.5874;2652.61;5.16348;0;0;0.1;0.01;0;3.99171;0;0;-1
0;579;-19.9315;46.9953;1.82854;9.19996;3261.72;5.5318;0;0;0.1;0.01;0;4.5467;0;0;-1
0;580;-22.0308;63.3259;2.16557;9.89483;4058.01;5.94962;0;0;0.1;0.01;0;6.6588;0;0;-1
0;581;-22.1836;77.556;1.91015;9.60554;3712.39;5.77567;0;0;0.1;0.01;0;6.19909;0;0;-1
0;582;-23.3686;96.2375;1.35851;9.90756;4073.7;5.95727;0;0;0.1;0.01;0;3.41914;0;0;-1
0;583;-7.07196;-98.9514;0.927399;10.0776;4287.06;6.05951;0;0;0.1;0.01;0;2.97379;0;0;-1
0;584;-5.64489;-81.056;3.71321;8.73414;2790.93;5.25171;0;0;0.1;0.01;0;5.62637;0;0;-1
0;585;-9.08278;-66.6455;2.77029;10.3839;4689.97;6.24369;0;0;0.1;0.01;0;5.7521;0;0;-1
0;586;-7.63483;-49.2508;2.30881;8.64791;2709.08;5.19986;0;0;0.1;0.01;0;5.09741;0;0;-1
0;587;-7.46699;-29.978;2.51862;9.4445;3528.79;5.67884;0;0;0.1;0.01;0;6.35298;0;0;-1
0;588;-8.77901;-14.1944;3.11647;9.71029;3835.18;5.83866;0;0;0.1;0.01;0;6.88117;0;0;-1
0;589;-7.89047;1.8053;3.77244;8.5;2572.44;5.11093;0;0;0.1;0.01;0;5.89893;1;0;-1
0;590;-6.29825;17.3603;1.34142;8.51996;2590.61;5.12293;0;0;0.1;0.01;0;5.93029;0;0;-1
0;591;-6.16468;34.6558;3.70308;9.22465;3288.05;5.54665;0;0;0.1;0.01;0;5.50882;0;0;-1
0;592;-5.76121;51.7994;3.54024;8.5;2572.44;5.11093;0;0;0.1;0.01;0;5.87039;1;0;-1
0;593;-7.56544;71.7833;2.32915;10.3283;4615.04;6.21026;0;0;0.1;0.01;0;6.85606;0;0;-1
0;594;-9.20471;88.3824;3.68007;9.77079;3907.31;5.87503;0;0;0.1;0.01;0;4.97569;0;0;-1
0;595;8.04351;-92.1737;3.1028;8.71605;2773.63;5.24083;0;0;0.1;0.01;0;4.70675;0;0;-1
0;596;8.63501;-76.0905;1.83058;9.61678;3725.44;5.78243;0;0;0.1;0.01;0;7.03954;0;0;-1
0;597;5.95248;-58.925;1.68931;10.096;4310.59;6.07058;0;0;0.1;0.01;0;6.91951;0;0;-1
0;598;7.036;-42.7385;3.59302;9.83689;3987.15;5.91478;0;0;0.1;0.01;0;6.72751;0;0;-1
0;599;7.54434;-24.9347;1.85064;9.5353;3631.55;5.73344;0;0;0.1;0.01;0;6.5065;0;0;-1
0;600;9.35514;-8.46215;4.446;10.1237;4346.17;6.08723;0;0;0.1;0.01;0;5.9302;0;0;-1
0;601;5.7376;10.4495;2.77767;8.89902;2951.99;5.35085;0;0;0.1;0.01;0;4.9591;0;0;-1
0;602;7.63063;25.4208;2.1156;9.91149;4078.55;5.95964;0;0;0.1;0.01;0;6.08872;0;0;-1
0;603;8.38106;44.0597;2.34917;8.5;2572.44;5.11093;0;0;0.1;0.01;0;5.04627;1;0;-1
0;604;6.91074;60.3898;1.62404;8.5;2572.44;5.11093;0;0;0.1;0.01;0;5.65821;1;0;-1
0;605;8.80067;76.5049;2.68065;8.62821;2690.61;5.18802;0;0;0.1;0.01;0;5.79774;0;0;-1
0;606;5.61254;97.9064;1.52538;9.70502;3828.93;5.83549;0;0;0.1;0.01;0;2.82731;0;0;-1
0;607;20.453;-85.2902;2.17787;8.5;2572.44;5.11093;0;0;0.1;0.01;0;4.15245;1;0;-1
0;608;23.7069;-66.325;2.74008;10.1485;4378.19;6.10215;0;0;0.1;0.01;0;5.92273;0;0;-1
0;609;22.3807;-47.3544;4.38606;8.61569;2678.91;5.18049;0;0;0.1;0.01;0;4.5835;0;0;-1
0;610;21.7383;-31.0872;1.47674;8.5;2572.44;5.11093;0;0;0.1;0.01;0;5.7885;1;0;-1
0;611;21.4301;-14.7069;1.49641;8.5;2572.44;5.11093;0;0;0.1;0.01;0;5.46888;1;0;-1
0;612;23.2008;4.33905;1.1976;9.49255;3582.92;5.70773;0;0;0.1;0.01;0;5.44809;0;0;-1
0;613;23.3903;20.8313;4.67217;9.56391;3664.33;5.75064;0;0;0.1;0.01;0;6.84024;0;0;-1
0;614;21.9804;37.2986;4.96112;8.5;2572.44;5.11093;0;0;0.1;0.01;0;5.65984;1;0;-1
0;615;22.775;51.4239;3.72307;9.88732;4048.78;5.9451;0;0;0.1;0.01;0;6.64414;0;0;-1
0;616;21.135;67.7535;1.65574;9.16445;3224.09;5.51045;0;0;0.1;0.01;0;5.9573;0;0;-1
0;617;21.4046;89.4981;1.13614;10.1186;4339.6;6.08417;0;0;0.1;0.01;0;4.04363;0;0;-1
0;618;38.0416;-75.9267;1.65716;9.44408;3528.32;5.67859;0;0;0.1;0.01;0;6.03107;0;0;-1
0;619;38.5528;-59.6022;4.02232;8.64248;2703.98;5.1966;0;0;0.1;0.01;0;5.22601;0;0;-1
0;620;34.9047;-40.1497;3.41711;8.9796;3032.91;5.3993;0;0;0.1;0.01;0;5.44983;0;0;-1
0;621;35.0463;-25.7235;1.19495;9.54414;3641.66;5.73875;0;0;0.1;0.01;0;6.10565;0;0;-1
0;622;38.0175;-8.85259;4.48409;9.35846;3433.22;5.62711;0;0;0.1;0.01;0;6.01348;0;0;-1
0;623;37.236;9.08762;1.45492;9.51894;3612.89;5.7236;0;0;0.1;0.01;0;5.74729;0;0;-1
0;624;36.6653;27.2534;2.87002;9.98295;4167.4;6.0026;0;0;0.1;0.01;0;6.515;0;0;-1
0;625;35.9288;44.5376;1.21326;10.3932;4702.58;6.24928;0;0;0.1;0.01;0;6.8797;0;0;-1
0;626;36.0988;62.7057;3.83084;10.293;4567.88;6.18903;0;0;0.1;0.01;0;7.8245;0;0;-1
0;627;37.664;80.0018;2.52564;10.395;4705.03;6.25036;0;0;0.1;0.01;0;5.13958;0;0;-1
0;628;50.8391;-83.5291;2.89588;8.5;2572.44;5.11093;0;0;0.1;0.01;0;2.98894;1;0;-1
0;629;52.1827;-64.6112;4.04467;9.83279;3982.16;5.91231;0;0;0.1;0.01;0;5.58596;0;0;-1
0;630;50.3219;-48.4664;3.25824;10.1367;4362.93;6.09505;0;0;0.1;0.01;0;6.36314;0;0;-1
0;631;53.4013;-33.6508;4.79826;8.5;2572.44;5.11093;0;0;0.1;0.01;0;5.81159;1;0;-1
0;632;51.3809;-15.8297;2.99098;8.60239;2666.53;5.17249;0;0;0.1;0.01;0;5.11584;0;0;-1
0;633;52.1599;1.13675;2.46604;8.51441;2585.55;5.11959;0;0;0.1;0.01;0;5.43382;0;0;-1
0;634;52.3789;17.0481;1.66292;9.47502;3563.11;5.69719;0;0;0.1;0.01;0;7.31199;0;0;-1
0;635;50.1827;34.3889;2.73684;9.80689;3950.78;5.89674;0;0;0.1;0.01;0;6.23248;0;0;-1
0;636;51.3768;54.6329;4.70488;8.5;2572.44;5.11093;0;0;0.1;0.01;0;5.01699;1;0;-1
0;637;50.0053;67.7078;3.25666;9.09874;3155.24;5.47094;0;0;0.1;0.01;0;4.69971;0;0;-1
0;638;68.0562;-56.0629;4.68677;9.91865;4087.39;5.96394;0;0;0.1;0.01;0;4.38813;0;0;-1
0;639;67.594;-39.0434;2.40143;9.67029;3787.97;5.81461;0;0;0.1;0.01;0;7.08874;0;0;-1
0;640;64.7309;-24.1588;3.89976;8.59961;2663.94;5.17082;0;0;0.1;0.01;0;5.67604;0;0;-1
0;641;67.8264;-6.66003;4.42778;8.5;2572.44;5.11093;0;0;0.1;0.01;0;4.86785;1;0;-1
0;642;65.6295;12.2018;3.83675;10.2544;4516.68;6.16582;0;0;0.1;0.01;0;6.72005;0;0;-1
0;643;65.4868;25.9332;3.94049;8.5;2572.44;5.11093;0;0;0.1;0.01;0;6.09785;1;0;-1
0;644;66.9167;44.3135;4.36497;9.40417;3483.77;5.65459;0;0;0.1;0.01;0;5.69755;0;0;-1
0;645;67.4223;60.1789;4.32256;9.78995;3930.34;5.88655;0;0;0.1;0.01;0;4.466;0;0;-1
0;646;82.3277;-47.3944;5.10631;9.16647;3226.23;5.51167;0;0;0.1;0.01;0;3.67513;0;0;-1
0;647;82.1707;-33.1092;3.18279;10.4059;4719.84;6.25692;0;0;0.1;0.01;0;5.82284;0;0;-1
0;648;81.3956;-15.7969;3.83753;9.58771;3691.76;5.76495;0;0;0.1;0.01;0;6.48978;0;0;-1
0;649;79.7774;0.0566209;1.87594;9.17655;3236.88;5.51773;0;0;0.1;0.01;0;5.72917;0;0;-1
0;650;80.9736;18.2576;2.44677;9.17519;3235.44;5.51691;0;0;0.1;0.01;0;6.64374;0;0;-1
0;651;82.5343;36.1042;4.09305;10.3563;4652.67;6.22709;0;0;0.1;0.01;0;5.55375;0;0;-1
0;652;82.8031;55.2969;4.89526;9.98006;4163.78;6.00087;0;0;0.1;0.01;0;2.84968;0;0;-1
0;653;95.836;-23.3892;2.10117;10.372;4673.86;6.23653;0;0;0.1;0.01;0;3.62903;0;0;-1
0;654;96.3599;-7.56542;4.22357;9.30892;3378.99;5.59732;0;0;0.1;0.01;0;3.40702;0;0;-1
0;655;94.5267;12.1163;1.93705;9.59168;3696.35;5.76734;0;0;0.1;0.01;0;4.21308;0;0;-1
0;656;94.3098;26.6319;4.47893;10.0281;4224.2;6.02975;0;0;0.1;0.01;0;4.46529;0;0;-1
0;657;-86.8367;-40.751;19.2013;10.0139;4206.28;6.02121;0;0;0.1;0.01;0;3.22232;0;0;-1
0;658;-85.0808;-21.1785;18.5547;9.39531;3473.94;5.64926;0;0;0.1;0.01;0;3.28312;0;0;-1
0;659;-84.877;-4.98792;19.2725;9.9256;4095.99;5.96812;0;0;0.1;0.01;0;4.60424;0;0;-1
0;660;-86.6481;10.4797;17.1924;9.41782;3498.97;5.6628;0;0;0.1;0.01;0;4.71571;0;0;-1
0;661;-85.7253;27.1045;18.3088;8.5;2572.44;5.11093;0;0;0.1;0.01;0;3.21718;1;0;-1
0;662;-84.2563;45.3275;18.9326;8.68184;2741.09;5.22026;0;0;0.1;0.01;0;2.72872;0;0;-1
0;663;-72.1099;-63.6418;19.8425;9.46219;3548.65;5.68948;0;0;0.1;0.01;0;3.35609;0;0;-1
0;664;-70.81;-48.5597;16.6713;9.04696;3101.68;5.43981;0;0;0.1;0.01;0;6.11194;0;0;-1
0;665;-68.9807;-33.8698;19.1901;8.5;2572.44;5.11093;0;0;0.1;0.01;0;5.46656;1;0;-1
0;666;-71.9608;-13.1848;19.0207;9.90376;4069.01;5.95499;0;0;0.1;0.01;0;7.23506;0;0;-1
0;667;-69.3887;2.17453;19.7073;9.7357;3865.36;5.85394;0;0;0.1;0.01;0;6.93169;0;0;-1
0;668;-70.25;18.6418;19.301;9.64972;3763.85;5.80224;0;0;0.1;0.01;0;5.80197;0;0;-1
0;669;-70.2921;34.2566;16.745;8.77909;2834.24;5.27874;0;0;0.1;0.01;0;4.32302;0;0;-1
0;670;-70.256;52.8852;16.2612;8.5;2572.44;5.11093;0;0;0.1;0.01;0;3.91538;1;0;-1
0;671;-58.0232;-74.95;17.1213;10.065;4271;6.05194;0;0;0.1;0.01;0;4.51412;0;0;-1
0;672;-57.4993;-58.6554;18.7063;9.47117;3558.77;5.69488;0;0;0.1;0.01;0;6.43739;0;0;-1
0;673;-56.2013;-39.5364;17.4579;10.2399;4497.55;6.1571;0;0;0.1;0.01;0;7.40206;0;0;-1
0;674;-57.0865;-23.2698;16.9129;8.9323;2985.23;5.37086;0;0;0.1;0.01;0;5.7327;0;0;-1
0;675;-55.1866;-6.46167;16.0548;9.97374;4155.88;5.99707;0;0;0.1;0.01;0;6.24445;0;0;-1
0;676;-57.1258;8.61637;17.4094;8.70387;2762.01;5.23351;0;0;0.1;0.01;0;5.38415;0;0;-1
0;677;-55.3797;26.7712;16.795;9.65507;3770.12;5.80545;0;0;0.1;0.01;0;5.70926;0;0;-1
0;678;-54.9728;46.8997;18.9466;8.5;2572.44;5.11093;0;0;0.1;0.01;0;4.35262;1;0;-1
0;679;-53.9883;61.9329;18.2855;8.67427;2733.93;5.21571;0;0;0.1;0.01;0;3.80671;0;0;-1
0;680;-53.7936;78.0492;19.6587;9.60026;3706.27;5.7725;0;0;0.1;0.01;0;2.63785;0;0;-1
0;681;-41.6957;-84.614;16.8475;9.64536;3758.75;5.79962;0;0;0.1;0.01;0;4.32874;0;0;-1
0;682;-40.6323;-67.4686;17.7353;8.98447;3037.85;5.40223;0;0;0.1;0.01;0;5.51468;0;0;-1
0;683;-40.4646;-47.7804;16.74;9.09298;3149.25;5.46748;0;0;0.1;0.01;0;5.2604;0;0;-1
0;684;-42.5277;-33.0311;18.1941;9.56256;3662.78;5.74983;0;0;0.1;0.01;0;6.35485;0;0;-1
0;685;-42.1579;-13.7563;16.4919;8.5;2572.44;5.11093;0;0;0.1;0.01;0;4.91553;1;0;-1
0;686;-39.992;2.27902;17.7202;8.8338;2887.56;5.31164;0;0;0.1;0.01;0;5.08423;0;0;-1
0;687;-42.2113;18.6822;18.4648;8.81873;2872.81;5.30257;0;0;0.1;0.01;0;5.43453;0;0;-1
0;688;-41.1643;33.7339;18.2746;8.97255;3025.77;5.39506;0;0;0.1;0.01;0;5.19108;0;0;-1
0;689;-39.708;53.21;18.5433;8.97931;3032.62;5.39913;0;0;0.1;0.01;0;4.73879;0;0;-1
0;690;-39.5848;71.4843;16.4024;10.2106;4459.05;6.13949;0;0;0.1;0.01;0;5.9027;0;0;-1
0;691;-41.5935;87.7475;18.5424;8.98874;3042.18;5.4048;0;0;0.1;0.01;0;2.92976;0;0;-1
0;692;-27.762;-93.4546;16.8267;10.4523;4783.26;6.28482;0;0;0.1;0.01;0;3.97922;0;0;-1
0;693;-27.5095;-72.8527;18.4978;9.83112;3980.13;5.91131;0;0;0.1;0.01;0;6.16558;0;0;-1
0;694;-25.3705;-56.7113;16.2783;8.5;2572.44;5.11093;0;0;0.1;0.01;0;4.44997;1;0;-1
0;695;-24.505;-40.3783;17.841;8.88227;2935.35;5.34078;0;0;0.1;0.01;0;5.48713;0;0;-1
0;696;-28.3616;-24.7257;16.3182;9.59361;3698.58;5.7685;0;0;0.1;0.01;0;6.04735;0;0;-1
0;697;-28.3794;-7.18544;16.0154;9.33032;3402.34;5.61019;0;0;0.1;0.01;0;5.29148;0;0;-1
0;698;-26.9598;10.6801;16.4861;9.60486;3711.6;5.77526;0;0;0.1;0.01;0;6.09222;0;0;-1
0;699;-27.4499;28.0465;17.3646;9.05772;3112.76;5.44628;0;0;0.1;0.01;0;5.12826;0;0;-1
0;700;-25.4594;45.9305;17.633;9.58543;3689.13;5.76358;0;0;0.1;0.01;0;5.76678;0;0;-1
0;701;-28.1533;62.0588;16.4031;9.01678;3070.74;5.42166;0;0;0.1;0.01;0;5.90502;0;0;-1
0;702;-27.4133;80.411;16.3126;10.1887;4430.42;6.12632;0;0;0.1;0.01;0;5.89137;0;0;-1
0;703;-13.2897;-83.6097;17.6383;9.77088;3907.42;5.87509;0;0;0.1;0.01;0;5.45595;0;0;-1
0;704;-13.7334;-65.6459;17.0272;8.5;2572.44;5.11093;0;0;0.1;0.01;0;4.20844;1;0;-1
0;705;-11.1816;-47.533;16.2733;9.7905;3931;5.88689;0;0;0.1;0.01;0;5.44888;0;0;-1
0;706;-12.3571;-30.7854;19.3433;8.63701;2698.85;5.19331;0;0;0.1;0.01;0;5.76152;0;0;-1
0;707;-11.5484;-16.1873;17.4751;9.71429;3839.92;5.84106;0;0;0.1;0.01;0;6.34159;0;0;-1
0;708;-13.6717;1.66264;17.1292;10.0878;4300.09;6.06565;0;0;0.1;0.01;0;7.02369;0;0;-1
0;709;-13.1776;20.7898;16.6127;10.0841;4295.36;6.06342;0;0;0.1;0.01;0;6.26994;0;0;-1
0;710;-10.9554;37.3188;17.2928;8.97727;3030.55;5.3979;0;0;0.1;0.01;0;5.49492;0;0;-1
0;711;-10.0188;52.3626;18.2986;10.1287;4352.61;6.09024;0;0;0.1;0.01;0;6.64242;0;0;-1
0;712;-11.666;68.4221;18.3707;8.59754;2662.02;5.16958;0;0;0.1;0.01;0;5.20857;0;0;-1
0;713;-11.0503;85.2555;18.6725;8.5;2572.44;5.11093;0;0;0.1;0.01;0;3.73764;1;0;-1
0;714;1.68011;-91.984;17.4343;10.248;4508.23;6.16197;0;0;0.1;0.01;0;3.90864;0;0;-1
0;715;4.58297;-72.2705;15.9819;8.68782;2746.76;5.22386;0;0;0.1;0.01;0;5.15315;0;0;-1
0;716;2.81806;-56.9725;17.3307;8.5;2572.44;5.11093;0;0;0.1;0.01;0;5.54477;1;0;-1
0;717;2.96219;-39.8554;16.6725;9.887;4048.39;5.94491;0;0;0.1;0.01;0;6.58589;0;0;-1
0;718;2.38492;-24.468;16.4701;8.82136;2875.38;5.30416;0;0;0.1;0.01;0;5.63554;0;0;-1
0;719;4.97388;-8.37666;17.1105;8.57217;2638.52;5.15432;0;0;0.1;0.01;0;4.74434;0;0;-1
0;720;4.1728;9.65031;16.389;9.89258;4055.25;5.94826;0;0;0.1;0.01;0;4.89128;0;0;-1
0;721;2.15993;28.5084;16.6408;9.95865;4137.04;5.98799;0;0;0.1;0.01;0;6.24748;0;0;-1
0;722;2.53394;46.1868;15.6156;8.5982;2662.63;5.16997;0;0;0.1;0.01;0;5.8037;0;0;-1
0;723;2.66194;63.4027;15.8901;10.4039;4717.12;6.25571;0;0;0.1;0.01;0;6.71396;0;0;-1
0;724;0.992347;77.9623;15.9352;8.66392;2724.16;5.20949;0;0;0.1;0.01;0;5.68461;0;0;-1
0;725;4.69861;93.0905;17.7646;8.70908;2766.98;5.23664;0;0;0.1;0.01;0;2.89402;0;0;-1
0;726;17.7793;-82.3798;17.1068;10.0453;4245.97;6.04009;0;0;0.1;0.01;0;5.13161;0;0;-1
0;727;15.8;-64.4105;16.3811;8.5;2572.44;5.11093;0;0;0.1;0.01;0;4.94389;1;0;-1
0;728;16.0248;-50.0834;18.3084;9.61978;3728.93;5.78423;0;0;0.1;0.01;0;5.55459;0;0;-1
0;729;18.9356;-33.9875;18.104;8.5;2572.44;5.11093;0;0;0.1;0.01;0;4.31477;1;0;-1
0;730;18.3553;-17.0119;17.3408;9.30503;3374.75;5.59498;0;0;0.1;0.01;0;5.775;0;0;-1
0;731;17.4647;2.71717;18.4886;8.54447;2613.03;5.13767;0;0;0.1;0.01;0;4.74018;0;0;-1
0;732;16.5791;21.1391;16.2185;9.14026;3198.63;5.49591;0;0;0.1;0.01;0;6.27644;0;0;-1
0;733;16.5132;37.0704;17.446;8.88866;2941.69;5.34462;0;0;0.1;0.01;0;5.88818;0;0;-1
0;734;19.6644;52.933;17.6966;8.85858;2911.93;5.32654;0;0;0.1;0.01;0;5.1691;0;0;-1
0;735;16.414;69.7756;17.3903;8.51644;2587.4;5.12081;0;0;0.1;0.01;0;5.15681;0;0;-1
0;736;17.916;85.6775;16.4569;9.17315;3233.29;5.51568;0;0;0.1;0.01;0;3.5668;0;0;-1
0;737;33.1737;-92.4905;15.9339;9.05955;3114.64;5.44738;0;0;0.1;0.01;0;1.68879;0;0;-1
0;738;33.789;-73.7673;16.1017;9.51316;3606.31;5.72013;0;0;0.1;0.01;0;5.47686;0;0;-1
0;739;33.1776;-55.2461;18.0152;9.15668;3215.9;5.50578;0;0;0.1;0.01;0;4.54313;0;0;-1
0;740;33.6519;-39.0277;18.0676;8.5;2572.44;5.11093;0;0;0.1;0.01;0;5.33125;1;0;-1
0;741;31.4421;-24.4834;16.3344;9.37929;3456.2;5.63963;0;0;0.1;0.01;0;6.48215;0;0;-1
0;742;30.7114;-8.06088;18.5952;9.30862;3378.66;5.59714;0;0;0.1;0.01;0;5.49845;0;0;-1
0;743;30.5274;11.5711;17.0143;8.87722;2930.35;5.33774;0;0;0.1;0.01;0;5.13334;0;0;-1
0;744;32.0943;26.8755;16.7607;8.78131;2836.39;5.28007;0;0;0.1;0.01;0;5.40231;0;0;-1
0;745;33.2165;45.7694;16.5199;8.5;2572.44;5.11093;0;0;0.1;0.01;0;5.28922;1;0;-1
0;746;30.4921;63.4346;19.479;9.08213;3137.99;5.46095;0;0;0.1;0.01;0;6.81727;0;0;-1
0;747;30.6507;77.8155;17.8474;9.25776;3323.58;5.56656;0;0;0.1;0.01;0;5.18459;0;0;-1
0;748;45.3102;-81.2476;16.0917;9.99665;4184.58;6.01084;0;0;0.1;0.01;0;4.70763;0;0;-1
0;749;48.9078;-67.6384;17.0073;8.61752;2680.62;5.18159;0;0;0.1;0.01;0;5.08286;0;0;-1
0;750;47.5121;-48.167;18.5915;8.5;2572.44;5.11093;0;0;0.1;0.01;0;4.60341;1;0;-1
0;751;46.7631;-31.9002;16.617;9.52674;3621.78;5.72829;0;0;0.1;0.01;0;6.82947;0;0;-1
0;752;46.359;-15.3194;17.504;9.96599;4146.2;5.99241;0;0;0.1;0.01;0;6.40095;0;0;-1
0;753;46.2082;4.39521;19.4755;9.61473;3723.06;5.7812;0;0;0.1;0.01;0;5.4292;0;0;-1
0;754;48.7909;20.4701;17.3366;9.77667;3914.37;5.87857;0;0;0.1;0.01;0;6.22851;0;0;-1
0;755;46.8608;34.8785;18.9832;8.5;2572.44;5.11093;0;0;0.1;0.01;0;5.23619;1;0;-1
0;756;45.0843;54.0916;16.5897;10.1386;4365.39;6.09619;0;0;0.1;0.01;0;6.57563;0;0;-1
0;757;46.979;68.9791;17.7824;8.7934;2848.13;5.28734;0;0;0.1;0.01;0;5.04425;0;0;-1
0;758;45.9402;86.0481;19.6645;8.5;2572.44;5.11093;0;0;0.1;0.01;0;1.28282;1;0;-1
0;759;61.2219;-75.4455;17.4884;9.74749;3879.42;5.86102;0;0;0.1;0.01;0;2.82141;0;0;-1
0;760;62.3059;-57.954;18.1612;8.5;2572.44;5.11093;0;0;0.1;0.01;0;4.94847;1;0;-1
0;761;62.5618;-38.7156;16.7013;10.097;4311.87;6.07118;0;0;0.1;0.01;0;7.49692;0;0;-1
0;762;60.4206;-24.2786;16.5112;9.90118;4065.83;5.95344;0;0;0.1;0.01;0;7.54531;0;0;-1
0;763;60.378;-7.40074;16.7495;8.93108;2984.01;5.37013;0;0;0.1;0.01;0;4.80926;0;0;-1
0;764;62.4606;10.6031;16.9707;9.45392;3539.36;5.6845;0;0;0.1;0.01;0;5.78003;0;0;-1
0;765;61.6868;28.532;16.4788;10.2254;4478.47;6.14838;0;0;0.1;0.01;0;7.22266;0;0;-1
0;766;61.8627;45.207;19.0368;8.67367;2733.36;5.21535;0;0;0.1;0.01;0;6.08056;0;0;-1
0;767;62.2901;63.6361;19.0456;10.0225;4217.13;6.02638;0;0;0.1;0.01;0;4.83388;0;0;-1
0;768;75.9059;-50.2079;19.5105;8.70096;2759.24;5.23176;0;0;0.1;0.01;0;3.01443;0;0;-1
0;769;76.0475;-33.4787;18.3426;10.0886;4301.12;6.06613;0;0;0.1;0.01;0;6.13309;0;0;-1
0;770;77.6205;-16.9542;16.7485;8.5;2572.44;5.11093;0;0;0.1;0.01;0;4.9613;1;0;-1
0;771;74.8815;0.854821;19.4067;8.71841;2775.88;5.24225;0;0;0.1;0.01;0;4.44532;0;0;-1
0;772;76.4889;20.1087;16.1868;9.82373;3971.16;5.90687;0;0;0.1;0.01;0;6.53798;0;0;-1
0;773;74.8193;37.923;19.0731;10.3722;4674.14;6.23665;0;0;0.1;0.01;0;6.73486;0;0;-1
0;774;76.5192;52.4242;18.7561;8.77615;2831.4;5.27697;0;0;0.1;0.01;0;4.58229;0;0;-1
0;775;91.5306;-22.0687;18.6357;9.7875;3927.39;5.88508;0;0;0.1;0.01;0;4.34465;0;0;-1
0;776;92.7474;-7.359;19.9314;8.5;2572.44;5.11093;0;0;0.1;0.01;0;2.61915;1;0;-1
0;777;91.6977;9.32604;16.2196;9.05672;3111.73;5.44567;0;0;0.1;0.01;0;2.52818;0;0;-1
0;778;89.4689;26.8426;17.3949;9.35384;3428.14;5.62433;0;0;0.1;0.01;0;4.07824;0;0;-1
0;779;-93.5838;2.4095;34.5592;8.55786;2625.33;5.14572;0;0;0.1;0.01;0;2.84622;0;0;-1
0;780;-82.0381;-39.711;31.6309;9.85962;4014.85;5.92845;0;0;0.1;0.01;0;3.15542;0;0;-1
0;781;-79.6824;-25.0875;32.4538;9.32437;3395.84;5.60661;0;0;0.1;0.01;0;4.25361;0;0;-1
0;782;-79.0008;-6.08938;34.0284;9.22038;3283.49;5.54408;0;0;0.1;0.01;0;5.97828;0;0;-1
0;783;-80.1799;10.046;31.8197;8.73128;2788.19;5.24999;0;0;0.1;0.01;0;4.89366;0;0;-1
0;784;-82.7008;25.8731;30.9227;9.40262;3482.05;5.65366;0;0;0.1;0.01;0;2.74883;0;0;-1
0;785;-79.9036;46.034;31.3436;8.54151;2610.31;5.13589;0;0;0.1;0.01;0;2.20467;0;0;-1
0;786;-65.96;-66.8905;33.9555;9.46889;3556.2;5.69351;0;0;0.1;0.01;0;3.41753;0;0;-1
0;787;-66.627;-47.6799;32.2392;9.70994;3834.76;5.83845;0;0;0.1;0.01;0;4.79043;0;0;-1
0;788;-64.3026;-30.7699;34.2054;9.95636;4134.19;5.98661;0;0;0.1;0.01;0;6.55753;0;0;-1
0;789;-66.7751;-15.5653;31.0193;8.5;2572.44;5.11093;0;0;0.1;0.01;0;5.95282;1;0;-1
0;790;-65.6105;0.0122615;34.1257;8.9441;2997.08;5.37796;0;0;0.1;0.01;0;5.98605;0;0;-1
0;791;-66.5518;18.129;33.8907;8.5;2572.44;5.11093;0;0;0.1;0.01;0;4.42996;1;0;-1
0;792;-64.4087;35.1699;31.6545;8.58667;2651.94;5.16304;0;0;0.1;0.01;0;4.16693;0;0;-1
0;793;-66.8401;53.0608;33.2028;9.91933;4088.23;5.96435;0;0;0.1;0.01;0;3.57381;0;0;-1
0;794;-53.1868;-73.3253;30.6189;10.1149;4334.84;6.08194;0;0;0.1;0.01;0;4.85218;0;0;-1
0;795;-50.1841;-58.7166;30.9873;9.48167;3570.62;5.70119;0;0;0.1;0.01;0;6.02624;0;0;-1
0;796;-49.8361;-38.402;31.6494;9.72083;3847.68;5.84499;0;0;0.1;0.01;0;6.128;0;0;-1
0;797;-52.8038;-21.2973;31.1165;8.5;2572.44;5.11093;0;0;0.1;0.01;0;4.91529;1;0;-1
0;798;-52.7041;-7.29098;34.1892;9.66627;3783.25;5.81219;0;0;0.1;0.01;0;4.47749;0;0;-1
0;799;-51.6696;11.8667;31.7789;8.5;2572.44;5.11093;0;0;0.1;0.01;0;4.16067;1;0;-1
0;800;-50.7098;29.4006;32.6071;8.5;2572.44;5.11093;0;0;0.1;0.01;0;5.23838;1;0;-1
0;801;-52.7799;43.3409;33.1273;8.5;2572.44;5.11093;0;0;0.1;0.01;0;5.24206;1;0;-1
0;802;-51.6457;60.0651;33.9722;8.5;2572.44;5.11093;0;0;0.1;0.01;0;4.2395;1;0;-1
0;803;-35.6431;-85.3938;34.2829;10.1766;4414.65;6.11904;0;0;0.1;0.01;0;3.63701;0;0;-1
0;804;-37.9999;-66.3787;31.285;8.5;2572.44;5.11093;0;0;0.1;0.01;0;4.56016;1;0;-1
0;805;-37.9477;-47.2927;33.1288;9.74583;3877.44;5.86003;0;0;0.1;0.01;0;5.96681;0;0;-1
0;806;-34.4764;-33.0321;33.03;10.2533;4515.23;6.16516;0;0;0.1;0.01;0;6.52063;0;0;-1
0;807;-35.171;-16.2783;32.7148;8.8572;2910.57;5.32571;0;0;0.1;0.01;0;4.12966;0;0;-1
0;808;-35.3377;2.97931;32.2961;8.80953;2863.83;5.29704;0;0;0.1;0.01;0;4.53302;0;0;-1
0;809;-38.3037;17.6718;32.7611;8.96634;3019.49;5.39133;0;0;0.1;0.01;0;4.90134;0;0;-1
0;810;-36.9792;37.9461;31.6588;9.65063;3764.92;5.80278;0;0;0.1;0.01;0;6.08299;0;0;-1
0;811;-36.8423;52.4716;32.4172;8.9865;3039.91;5.40345;0;0;0.1;0.01;0;5.22484;0;0;-1
0;812;-37.9086;69.1938;32.1246;8.5;2572.44;5.11093;0;0;0.1;0.01;0;3.35577;1;0;-1
0;813;-20.9668;-91.0255;34.021;9.86408;4020.3;5.93113;0;0;0.1;0.01;0;3.76584;0;0;-1
0;814;-22.9233;-74.2949;32.2318;8.5;2572.44;5.11093;0;0;0.1;0.01;0;5.12089;1;0;-1
0;815;-22.8356;-57.0533;34.4194;8.61747;2680.57;5.18156;0;0;0.1;0.01;0;4.58702;0;0;-1
0;816;-21.8604;-42.7405;31.8927;8.61331;2676.69;5.17906;0;0;0.1;0.01;0;5.67964;0;0;-1
0;817;-20.4319;-21.6638;31.3824;8.5;2572.44;5.11093;0;0;0.1;0.01;0;3.95873;1;0;-1
0;818;-20.9533;-4.75434;34.0511;9.37895;3455.82;5.63943;0;0;0.1;0.01;0;5.90127;0;0;-1
0;819;-21.7931;11.1938;31.6414;8.93559;2988.53;5.37284;0;0;0.1;0.01;0;5.8755;0;0;-1
0;820;-22.9987;29.3694;33.7819;9.49202;3582.32;5.70741;0;0;0.1;0.01;0;5.55468;0;0;-1
0;821;-20.7381;44.2958;33.8089;9.19925;3260.96;5.53138;0;0;0.1;0.01;0;6.29455;0;0;-1
0;822;-20.4361;59.6997;30.9795;8.65751;2718.11;5.20564;0;0;0.1;0.01;0;5.12047;0;0;-1
0;823;-21.769;76.7139;32.6742;10.0526;4255.24;6.04448;0;0;0.1;0.01;0;4.73849;0;0;-1
0;824;-6.81861;-81.4811;33.0063;10.2345;4490.44;6.15386;0;0;0.1;0.01;0;5.73702;0;0;-1
0;825;-7.58257;-65.85;32.043;9.11861;3175.96;5.48289;0;0;0.1;0.01;0;4.85338;0;0;-1
0;826;-8.81127;-46.9415;30.7957;9.1191;3176.47;5.48318;0;0;0.1;0.01;0;5.14992;0;0;-1
0;827;-5.46041;-32.6268;31.1731;8.5;2572.44;5.11093;0;0;0.1;0.01;0;4.74391;1;0;-1
0;828;-8.84199;-13.1767;31.5877;10.4144;4731.42;6.26203;0;0;0.1;0.01;0;6.59264;0;0;-1
0;829;-7.46533;3.47576;31.9466;9.30981;3379.96;5.59785;0;0;0.1;0.01;0;6.08512;0;0;-1
0;830;-6.85254;20.9998;33.6345;10.0649;4270.88;6.05188;0;0;0.1;0.01;0;5.67474;0;0;-1
0;831;-7.48099;37.7989;34.0869;9.13604;3194.2;5.49337;0;0;0.1;0.01;0;6.14251;0;0;-1
0;832;-5.8506;51.7245;33.6895;8.5;2572.44;5.11093;0;0;0.1;0.01;0;5.49106;1;0;-1
0;833;-7.20044;69.785;32.3992;8.73803;2794.66;5.25405;0;0;0.1;0.01;0;4.34916;0;0;-1
0;834;-6.7831;88.6524;31.1358;8.56897;2635.57;5.1524;0;0;0.1;0.01;0;2.16648;0;0;-1
0;835;8.24641;-89.4406;34.664;8.757;2812.9;5.26546;0;0;0.1;0.01;0;3.18152;0;0;-1
0;836;7.70489;-74.4777;32.4978;10.4534;4784.77;6.28548;0;0;0.1;0.01;0;7.03312;0;0;-1
0;837;6.34367;-58.9506;31.816;8.79873;2853.31;5.29055;0;0;0.1;0.01;0;5.10359;0;0;-1
0;838;8.48707;-42.9176;33.1989;10.0561;4259.68;6.04659;0;0;0.1;0.01;0;6.75182;0;0;-1
0;839;6.86164;-23.8844;32.7542;8.90408;2957.03;5.35389;0;0;0.1;0.01;0;4.87982;0;0;-1
0;840;7.21213;-6.0472;33.7252;9.87605;4034.95;5.93833;0;0;0.1;0.01;0;6.05154;0;0;-1
0;841;5.64875;8.78963;34.3822;9.10205;3158.68;5.47293;0;0;0.1;0.01;0;4.74224;0;0;-1
0;842;8.33943;27.8203;31.0462;9.25309;3318.55;5.56375;0;0;0.1;0.01;0;5.15884;0;0;-1
0;843;6.79362;42.8926;30.5902;10.1876;4428.99;6.12566;0;0;0.1;0.01;0;6.42093;0;0;-1
0;844;8.63963;61.5735;30.8984;8.68436;2743.48;5.22178;0;0;0.1;0.01;0;4.75754;0;0;-1
0;845;9.12062;78.9335;31.9004;9.46328;3549.88;5.69013;0;0;0.1;0.01;0;4.70572;0;0;-1
0;846;23.1435;-82.666;33.8556;9.93443;4106.93;5.97343;0;0;0.1;0.01;0;4.76598;0;0;-1
0;847;22.6466;-67.9632;33.004;9.85623;4010.71;5.92641;0;0;0.1;0.01;0;5.40344;0;0;-1
0;848;23.8686;-47.738;33.3863;8.90151;2954.47;5.35235;0;0;0.1;0.01;0;5.89562;0;0;-1
0;849;21.1365;-32.2887;32.467;10.1635;4397.63;6.11117;0;0;0.1;0.01;0;7.03812;0;0;-1
0;850;22.1141;-14.0021;32.2145;10.1553;4386.99;6.10623;0;0;0.1;0.01;0;6.79611;0;0;-1
0;851;22.3367;0.48137;30.9423;8.92445;2977.37;5.36614;0;0;0.1;0.01;0;5.12737;0;0;-1
0;852;23.0079;19.3375;30.4874;9.06881;3124.2;5.45294;0;0;0.1;0.01;0;4.8229;0;0;-1
0;853;22.1091;37.559;33.9831;9.3486;3422.38;5.62118;0;0;0.1;0.01;0;5.73779;0;0;-1
0;854;23.793;51.3887;32.5727;9.90615;4071.96;5.95642;0;0;0.1;0.01;0;6.81416;0;0;-1
0;855;22.3295;68.7562;30.9983;8.75237;2808.44;5.26267;0;0;0.1;0.01;0;5.90461;0;0;-1
0;856;20.856;89.3879;34.224;9.34689;3420.5;5.62015;0;0;0.1;0.01;0;1.60235;0;0;-1
0;857;35.7807;-74.7225;32.7951;8.5;2572.44;5.11093;0;0;0.1;0.01;0;3.42715;1;0;-1
0;858;37.1876;-55.0835;32.8385;9.55435;3653.36;5.74489;0;0;0.1;0.01;0;5.7614;0;0;-1
0;859;35.5743;-38.4146;30.8857;8.5;2572.44;5.11093;0;0;0.1;0.01;0;5.3072;1;0;-1
0;860;37.4959;-21.977;32.1854;8.5;2572.44;5.11093;0;0;0.1;0.01;0;4.75394;1;0;-1
0;861;35.8995;-4.81178;33.208;9.17157;3231.62;5.51473;0;0;0.1;0.01;0;5.72534;0;0;-1
0;862;38.7405;9.35508;32.4882;8.59517;2659.82;5.16815;0;0;0.1;0.01;0;4.91299;0;0;-1
0;863;38.1046;25.5627;32.9991;9.81869;3965.06;5.90384;0;0;0.1;0.01;0;5.59324;0;0;-1
0;864;38.3484;43.1635;33.0924;9.76301;3897.98;5.87036;0;0;0.1;0.01;0;6.01923;0;0;-1
0;865;35.3797;61.8601;33.7031;9.76121;3895.83;5.86927;0;0;0.1;0.01;0;6.62669;0;0;-1
0;866;36.8581;77.247;32.1598;10.0224;4217;6.02632;0;0;0.1;0.01;0;5.23731;0;0;-1
0;867;52.828;-64.665;31.9393;9.06145;3116.6;5.44852;0;0;0.1;0.01;0;3.97287;0;0;-1
0;868;53.1661;-49.3391;32.1215;9.43641;3519.73;5.67398;0;0;0.1;0.01;0;5.65537;0;0;-1
0;869;52.0747;-33.3871;32.4037;9.52844;3623.71;5.72931;0;0;0.1;0.01;0;6.14069;0;0;-1
0;870;51.5467;-17.3196;31.6012;9.93219;4104.15;5.97208;0;0;0.1;0.01;0;6.32035;0;0;-1
0;871;53.2106;0.914131;33.8746;10.0205;4214.6;6.02518;0;0;0.1;0.01;0;6.86675;0;0;-1
0;872;52.4644;17.8218;33.3875;8.9672;3020.36;5.39185;0;0;0.1;0.01;0;6.01555;0;0;-1
0;873;53.4733;38.1513;32.2377;8.9671;3020.26;5.39179;0;0;0.1;0.01;0;6.03565;0;0;-1
0;874;53.2653;53.1805;33.3255;9.60563;3712.5;5.77573;0;0;0.1;0.01;0;6.96963;0;0;-1
0;875;51.4273;68.3296;32.4202;9.14929;3208.12;5.50134;0;0;0.1;0.01;0;4.86942;0;0;-1
0;876;67.2595;-58.0743;32.4307;8.83388;2887.64;5.31168;0;0;0.1;0.01;0;3.29141;0;0;-1
0;877;67.6961;-38.6038;31.5524;9.31078;3381.01;5.59844;0;0;0.1;0.01;0;5.34596;0;0;-1
0;878;66.3886;-21.8161;31.9625;9.12977;3187.63;5.4896;0;0;0.1;0.01;0;5.27301;0;0;-1
0;879;66.943;-4.76697;32.6264;9.85842;4013.38;5.92772;0;0;0.1;0.01;0;5.72551;0;0;-1
0;880;67.2124;10.3558;32.9752;8.94914;3002.15;5.38099;0;0;0.1;0.01;0;6.55188;0;0;-1
0;881;66.2103;28.0108;33.7882;8.61621;2679.4;5.1808;0;0;0.1;0.01;0;5.82092;0;0;-1
0;882;67.3167;45.6475;31.0875;9.11558;3172.79;5.48107;0;0;0.1;0.01;0;6.46682;0;0;-1
0;883;67.0116;59.5009;32.0772;9.87652;4035.53;5.93861;0;0;0.1;0.01;0;4.75608;0;0;-1
0;884;79.9438;-30.255;33.8308;9.91075;4077.63;5.95919;0;0;0.1;0.01;0;4.39893;0;0;-1
0;885;80.1774;-15.9654;30.724;8.8039;2858.34;5.29366;0;0;0.1;0.01;0;4.50485;0;0;-1
0;886;79.6579;3.68551;33.5486;10.0827;4293.58;6.06258;0;0;0.1;0.01;0;4.94832;0;0;-1
0;887;80.7167;19.6981;34.1928;8.73611;2792.82;5.2529;0;0;0.1;0.01;0;3.84863;0;0;-1
0;888;80.5427;33.6378;31.9247;8.98096;3034.29;5.40012;0;0;0.1;0.01;0;4.25703;0;0;-1
0;889;-86.3524;-6.44235;47.2351;9.7781;3916.08;5.87943;0;0;0.1;0.01;0;3.24514;0;0;-1
0;890;-85.6605;9.85675;47.7986;10.4049;4718.48;6.25632;0;0;0.1;0.01;0;3.02206;0;0;-1
0;891;-69.0198;-49.9831;48.7943;10.4318;4755.17;6.27249;0;0;0.1;0.01;0;2.88075;0;0;-1
0;892;-69.3948;-33.744;47.9832;8.5;2572.44;5.11093;0;0;0.1;0.01;0;4.09465;1;0;-1
0;893;-69.367;-13.3657;47.6948;9.91875;4087.52;5.964;0;0;0.1;0.01;0;5.72673;0;0;-1
0;894;-71.5167;0.837562;46.7818;8.91111;2964.04;5.35812;0;0;0.1;0.01;0;5.62287;0;0;-1
0;895;-68.5681;18.039;47.0532;8.75571;2811.66;5.26468;0;0;0.1;0.01;0;3.93496;0;0;-1
0;896;-70.5782;36.4571;49.3648;9.25688;3322.63;5.56603;0;0;0.1;0.01;0;1.72501;0;0;-1
0;897;-56.6378;-59.6063;46.1519;8.92538;2978.3;5.3667;0;0;0.1;0.01;0;4.10136;0;0;-1
0;898;-57.0599;-39.1339;47.604;9.30218;3371.65;5.59327;0;0;0.1;0.01;0;5.77717;0;0;-1
0;899;-57.0509;-23.2654;47.2556;8.5;2572.44;5.11093;0;0;0.1;0.01;0;5.45062;1;0;-1
0;900;-56.8244;-6.9131;48.8066;9.56046;3660.37;5.74857;0;0;0.1;0.01;0;5.90481;0;0;-1
0;901;-54.6002;12.7566;45.9886;8.6949;2753.48;5.22812;0;0;0.1;0.01;0;4.4193;0;0;-1
0;902;-57.7037;29.7434;45.9783;8.5;2572.44;5.11093;0;0;0.1;0.01;0;4.6593;1;0;-1
0;903;-56.3034;45.9416;47.0291;8.5;2572.44;5.11093;0;0;0.1;0.01;0;4.46138;1;0;-1
0;904;-54.4392;61.2983;46.4159;8.73256;2789.42;5.25076;0;0;0.1;0.01;0;3.50012;0;0;-1
0;905;-40.6531;-64.384;45.8762;8.77308;2828.43;5.27513;0;0;0.1;0.01;0;3.66615;0;0;-1
0;906;-40.4049;-50.5779;48.2085;9.14813;3206.9;5.50064;0;0;0.1;0.01;0;5.16002;0;0;-1
0;907;-43.1984;-30.0706;46.0967;10.1709;4407.24;6.11561;0;0;0.1;0.01;0;6.05296;0;0;-1
0;908;-41.5054;-14.2935;49.0782;8.5;2572.44;5.11093;0;0;0.1;0.01;0;4.98826;1;0;-1
0;909;-41.6398;0.770301;49.2678;8.65928;2719.78;5.2067;0;0;0.1;0.01;0;4.59948;0;0;-1
0;910;-42.0985;16.7774;48.2724;10.2808;4551.66;6.1817;0;0;0.1;0.01;0;5.92155;0;0;-1
0;911;-42.3296;35.8769;45.2269;8.59133;2656.26;5.16584;0;0;0.1;0.01;0;4.94927;0;0;-1
0;912;-41.2186;53.2385;48.9017;10.1348;4360.48;6.09391;0;0;0.1;0.01;0;6.53566;0;0;-1
0;913;-42.4847;69.7192;48.0992;9.85071;4003.97;5.92309;0;0;0.1;0.01;0;4.23731;0;0;-1
0;914;-27.8271;-76.7429;46.7377;9.0812;3137.03;5.46039;0;0;0.1;0.01;0;2.96238;0;0;-1
0;915;-26.1713;-55.5065;48.3143;8.59395;2658.69;5.16742;0;0;0.1;0.01;0;5.99568;0;0;-1
0;916;-27.6874;-41.4923;46.53;9.63897;3751.29;5.79577;0;0;0.1;0.01;0;7.57679;0;0;-1
0;917;-28.0319;-24.2527;49.4416;8.5;2572.44;5.11093;0;0;0.1;0.01;0;4.80503;1;0;-1
0;918;-25.7038;-8.79771;47.3255;8.5;2572.44;5.11093;0;0;0.1;0.01;0;4.63882;1;0;-1
0;919;-26.6738;12.029;46.5402;9.92574;4096.16;5.9682;0;0;0.1;0.01;0;5.77814;0;0;-1
0;920;-26.9558;29.5842;48.5563;10.2075;4454.99;6.13762;0;0;0.1;0.01;0;7.06197;0;0;-1
0;921;-26.3514;45.1552;48.8375;9.22863;3292.31;5.54904;0;0;0.1;0.01;0;6.11793;0;0;-1
0;922;-25.892;60.8802;46.5197;10.3198;4603.65;6.20515;0;0;0.1;0.01;0;6.87232;0;0;-1
0;923;-25.5719;79.3363;48.501;9.1597;3219.08;5.50759;0;0;0.1;0.01;0;3.17545;0;0;-1
0;924;-12.3626;-80.7897;46.0095;8.874;2927.16;5.33581;0;0;0.1;0.01;0;3.07267;0;0;-1
0;925;-11.8886;-64.6885;47.9636;8.62741;2689.86;5.18754;0;0;0.1;0.01;0;4.45628;0;0;-1
0;926;-13.4938;-47.972;46.5691;10.3686;4669.27;6.23449;0;0;0.1;0.01;0;7.51884;0;0;-1
0;927;-12.6905;-33.5684;49.1082;10.005;4195.08;6.01586;0;0;0.1;0.01;0;5.88192;0;0;-1
0;928;-11.4164;-13.8827;48.6901;9.93402;4106.42;5.97318;0;0;0.1;0.01;0;6.77309;0;0;-1
0;929;-11.035;0.270336;46.1111;9.49154;3581.78;5.70713;0;0;0.1;0.01;0;6.64965;0;0;-1
0;930;-13.1741;19.5118;47.8668;10.0132;4205.4;6.02079;0;0;0.1;0.01;0;6.25784;0;0;-1
0;931;-11.2593;37.0927;49.0528;8.84922;2902.71;5.32091;0;0;0.1;0.01;0;6.4502;0;0;-1
0;932;-12.2016;52.5469;48.7863;9.02879;3083.03;5.42888;0;0;0.1;0.01;0;7.20831;0;0;-1
0;933;-11.7485;69.7932;48.0758;10.1432;4371.33;6.09896;0;0;0.1;0.01;0;5.8675;0;0;-1
0;934;-12.8159;86.6155;47.9916;8.5;2572.44;5.11093;0;0;0.1;0.01;0;1.66618;1;0;-1
0;935;2.05769;-73.1406;45.8854;8.5;2572.44;5.11093;0;0;0.1;0.01;0;4.91218;1;0;-1
0;936;1.61383;-59.4376;46.6225;8.99434;3047.87;5.40817;0;0;0.1;0.01;0;5.60745;0;0;-1
0;937;2.35854;-42.2805;46.9571;9.40872;3488.83;5.65733;0;0;0.1;0.01;0;5.65089;0;0;-1
0;938;1.44321;-22.409;48.5051;9.3869;3464.62;5.64421;0;0;0.1;0.01;0;5.82041;0;0;-1
0;939;4.30857;-5.38649;49.0456;9.50215;3593.8;5.7135;0;0;0.1;0.01;0;6.8114;0;0;-1
0;940;3.22452;8.86537;49.2364;9.40384;3483.41;5.65439;0;0;0.1;0.01;0;5.80839;0;0;-1
0;941;1.8248;29.6377;47.3257;8.5;2572.44;5.11093;0;0;0.1;0.01;0;5.05052;1;0;-1
0;942;1.08556;45.5437;47.6;8.53776;2606.88;5.13363;0;0;0.1;0.01;0;6.17181;0;0;-1
0;943;1.48703;60.6193;45.6717;9.03964;3094.15;5.4354;0;0;0.1;0.01;0;5.4364;0;0;-1
0;944;4.93237;79.7308;48.656;10.1102;4328.8;6.07912;0;0;0.1;0.01;0;3.00461;0;0;-1
0;945;18.9261;-84.4716;48.8927;8.82496;2878.9;5.30632;0;0;0.1;0.01;0;1.95484;0;0;-1
0;946;18.2815;-65.932;46.7088;9.13393;3191.99;5.4921;0;0;0.1;0.01;0;4.69392;0;0;-1
0;947;16.9274;-49.4114;46.2854;8.5;2572.44;5.11093;0;0;0.1;0.01;0;4.61391;1;0;-1
0;948;19.3942;-34.4013;45.9323;10.2763;4545.68;6.17899;0;0;0.1;0.01;0;6.56709;0;0;-1
0;949;16.1466;-14.8624;48.4596;9.22523;3288.67;5.547;0;0;0.1;0.01;0;6.34068;0;0;-1
0;950;18.7821;1.80588;48.5184;8.50641;2578.26;5.11478;0;0;0.1;0.01;0;5.65769;0;0;-1
0;951;17.3921;17.4873;46.7743;9.55479;3653.86;5.74516;0;0;0.1;0.01;0;5.2352;0;0;-1
0;952;16.024;36.3975;49.0173;8.5;2572.44;5.11093;0;0;0.1;0.01;0;4.95258;1;0;-1
0;953;19.2419;50.8484;45.5634;9.03341;3087.76;5.43166;0;0;0.1;0.01;0;5.11252;0;0;-1
0;954;17.4154;71.0972;46.7945;9.52319;3617.73;5.72616;0;0;0.1;0.01;0;4.54159;0;0;-1
0;955;33.2091;-74.2767;48.7907;8.9766;3029.87;5.3975;0;0;0.1;0.01;0;3.24458;0;0;-1
0;956;33.1109;-57.1331;47.8284;9.60965;3717.16;5.77814;0;0;0.1;0.01;0;6.04773;0;0;-1
0;957;33.4737;-39.2155;45.818;9.85133;4004.73;5.92346;0;0;0.1;0.01;0;6.54225;0;0;-1
0;958;30.7975;-22.5132;46.1729;9.98303;4167.5;6.00265;0;0;0.1;0.01;0;6.38894;0;0;-1
0;959;31.9817;-5.04224;47.7702;9.48791;3577.67;5.70494;0;0;0.1;0.01;0;5.83493;0;0;-1
0;960;33.2563;12.0654;47.6388;9.44032;3524.1;5.67633;0;0;0.1;0.01;0;5.48089;0;0;-1
0;961;30.6855;25.7843;46.978;9.75134;3884.02;5.86334;0;0;0.1;0.01;0;6.52831;0;0;-1
0;962;32.7056;43.2084;48.5149;8.95476;3007.81;5.38437;0;0;0.1;0.01;0;6.11744;0;0;-1
0;963;31.8861;59.3298;48.6136;9.99243;4179.28;6.0083;0;0;0.1;0.01;0;6.93025;0;0;-1
0;964;30.9337;76.2538;47.6976;9.44588;3530.33;5.67967;0;0;0.1;0.01;0;4.125;0;0;-1
0;965;45.9647;-63.705;46.5703;8.50235;2574.57;5.11234;0;0;0.1;0.01;0;3.30883;0;0;-1
0;966;46.1762;-47.4726;47.5743;10.2055;4452.37;6.13642;0;0;0.1;0.01;0;6.42734;0;0;-1
0;967;47.6514;-31.4646;46.2906;8.5;2572.44;5.11093;0;0;0.1;0.01;0;5.04385;1;0;-1
0;968;45.2324;-13.9432;49.0284;9.26855;3335.22;5.57304;0;0;0.1;0.01;0;5.88917;0;0;-1
0;969;45.8981;-0.223716;45.3777;8.5;2572.44;5.11093;0;0;0.1;0.01;0;5.34668;1;0;-1
0;970;47.7168;20.7854;46.8818;10.0206;4214.73;6.02524;0;0;0.1;0.01;0;7.16736;0;0;-1
0;971;45.2991;36.6203;48.585;9.44979;3534.72;5.68202;0;0;0.1;0.01;0;6.79944;0;0;-1
0;972;46.4725;54.7713;49.1046;9.69619;3818.49;5.83018;0;0;0.1;0.01;0;5.88022;0;0;-1
0;973;45.6615;72.0086;48.4243;9.86394;4020.13;5.93104;0;0;0.1;0.01;0;3.34208;0;0;-1
0;974;63.702;-58.7697;46.4819;8.74716;2803.43;5.25954;0;0;0.1;0.01;0;2.38194;0;0;-1
0;975;62.0114;-42.3746;47.6461;9.36522;3440.67;5.63117;0;0;0.1;0.01;0;5.04884;0;0;-1
0;976;59.8957;-24.0726;48.517;8.5;2572.44;5.11093;0;0;0.1;0.01;0;4.86197;1;0;-1
0;977;63.6059;-8.70006;46.8175;10.1425;4370.42;6.09854;0;0;0.1;0.01;0;6.67346;0;0;-1
0;978;60.6652;8.13263;47.1521;9.86993;4027.46;5.93465;0;0;0.1;0.01;0;6.38297;0;0;-1
0;979;61.5219;26.8082;46.1143;9.90075;4065.3;5.95318;0;0;0.1;0.01;0;6.42708;0;0;-1
0;980;60.1742;43.6502;46.0439;10.1384;4365.13;6.09607;0;0;0.1;0.01;0;6.24394;0;0;-1
0;981;61.1701;61.0025;46.9953;9.12844;3186.24;5.4888;0;0;0.1;0.01;0;3.76024;0;0;-1
0;982;77.2961;-30.371;48.6469;8.61289;2676.3;5.17881;0;0;0.1;0.01;0;2.62305;0;0;-1
0;983;77.1307;-17.1051;47.7308;8.5;2572.44;5.11093;0;0;0.1;0.01;0;3.16237;1;0;-1
0;984;75.5697;1.83127;46.5482;9.84126;3992.46;5.91741;0;0;0.1;0.01;0;5.04648;0;0;-1
0;985;78.69;17.3401;48.8024;10.0526;4255.24;6.04448;0;0;0.1;0.01;0;4.18577;0;0;-1
0;986;75.2815;34.6955;45.9214;10.2898;4563.62;6.18711;0;0;0.1;0.01;0;4.40866;0;0;-1
0;987;-65.6108;-30.2915;62.2647;8.57744;2643.39;5.15749;0;0;0.1;0.01;0;3.43659;0;0;-1
0;988;-66.5764;-15.4229;63.5508;8.87947;2932.58;5.3391;0;0;0.1;0.01;0;3.54053;0;0;-1
0;989;-66.6961;0.550167;61.3367;8.52153;2592.04;5.12387;0;0;0.1;0.01;0;3.47905;0;0;-1
0;990;-66.1517;19.5141;63.9341;9.60852;3715.85;5.77746;0;0;0.1;0.01;0;3.35436;0;0;-1
0;991;-51.8164;-58.4777;60.4482;9.06277;3117.97;5.44931;0;0;0.1;0.01;0;2.13879;0;0;-1
0;992;-51.4176;-38.7564;63.6282;10.4312;4754.35;6.27213;0;0;0.1;0.01;0;5.19838;0;0;-1
0;993;-50.7471;-24.5003;63.3001;8.99047;3043.94;5.40584;0;0;0.1;0.01;0;6.41202;0;0;-1
0;994;-52.7054;-8.79157;61.3389;8.75928;2815.1;5.26683;0;0;0.1;0.01;0;4.57234;0;0;-1
0;995;-53.4869;10.3292;61.6466;10.3467;4639.75;6.22132;0;0;0.1;0.01;0;5.60312;0;0;-1
0;996;-53.0244;27.1235;62.1083;8.5119;2583.26;5.11808;0;0;0.1;0.01;0;4.0409;0;0;-1
0;997;-51.7512;46.5244;61.801;9.49673;3587.66;5.71025;0;0;0.1;0.01;0;3.02925;0;0;-1
0;998;-36.3724;-47.5578;60.5198;9.31429;3384.84;5.60055;0;0;0.1;0.01;0;6.18575;0;0;-1
0;999;-36.917;-33.1658;64.1658;8.56914;2635.73;5.1525;0;0;0.1;0.01;0;5.89174;0;0;-1
0;1000;-35.4729;-15.6567;62.6747;9.77893;3917.08;5.87993;0;0;0.1;0.01;0;6.6211;0;0;-1
0;1001;-36.1637;1.45689;63.9613;8.73934;2795.92;5.25484;0;0;0.1;0.01;0;4.87605;0;0;-1
0;1002;-35.0658;19.5872;62.2221;8.80965;2863.94;5.29711;0;0;0.1;0.01;0;5.88703;0;0;-1
0;1003;-35.2272;37.0922;60.6645;9.96828;4149.06;5.99378;0;0;0.1;0.01;0;6.29357;0;0;-1
0;1004;-38.3072;52.2559;63.8438;9.47991;3568.63;5.70013;0;0;0.1;0.01;0;3.94442;0;0;-1
0;1005;-38.3166;67.9564;60.702;9.61487;3723.22;5.78128;0;0;0.1;0.01;0;3.18252;0;0;-1
0;1006;-21.3165;-73.2326;63.7692;8.5;2572.44;5.11093;0;0;0.1;0.01;0;1.71309;1;0;-1
0;1007;-23.2919;-57.0288;62.2462;10.4;4711.82;6.25337;0;0;0.1;0.01;0;6.18623;0;0;-1
0;1008;-22.2408;-40.861;61.3927;10.2717;4539.58;6.17622;0;0;0.1;0.01;0;8.02923;0;0;-1
0;1009;-21.3011;-22.7389;63.6597;8.53442;2603.82;5.13162;0;0;0.1;0.01;0;6.24514;0;0;-1
0;1010;-21.9772;-5.56957;62.1241;10.3597;4657.26;6.22914;0;0;0.1;0.01;0;6.43809;0;0;-1
0;1011;-22.116;10.5234;60.8531;8.5;2572.44;5.11093;0;0;0.1;0.01;0;3.63339;1;0;-1
0;1012;-23.7852;26.8112;63.5254;9.01866;3072.66;5.42279;0;0;0.1;0.01;0;4.69344;0;0;-1
0;1013;-22.4086;44.477;62.8135;9.87176;4029.7;5.93575;0;0;0.1;0.01;0;6.77145;0;0;-1
0;1014;-21.8327;59.6996;60.175;8.81698;2871.1;5.30152;0;0;0.1;0.01;0;5.43813;0;0;-1
0;1015;-7.87464;-67.6924;60.3477;8.52518;2595.37;5.12607;0;0;0.1;0.01;0;3.89055;0;0;-1
0;1016;-7.87002;-47.7047;63.1312;10.2311;4485.96;6.15181;0;0;0.1;0.01;0;6.71309;0;0;-1
0;1017;-5.56303;-29.886;63.3927;9.05885;3113.92;5.44696;0;0;0.1;0.01;0;6.57688;0;0;-1
0;1018;-6.85471;-15.3331;60.9708;8.54701;2615.36;5.13919;0;0;0.1;0.01;0;6.6261;0;0;-1
0;1019;-8.78366;0.620046;60.7672;8.5;2572.44;5.11093;0;0;0.1;0.01;0;4.71413;1;0;-1
0;1020;-6.95543;20.8311;60.3895;8.92528;2978.2;5.36664;0;0;0.1;0.01;0;4.61734;0;0;-1
0;1021;-8.8328;36.0088;63.5781;9.68264;3802.51;5.82203;0;0;0.1;0.01;0;7.04776;0;0;-1
0;1022;-6.47338;52.1429;61.0322;9.64341;3756.48;5.79844;0;0;0.1;0.01;0;7.58102;0;0;-1
0;1023;-7.43245;67.6697;60.8737;10.3052;4584.14;6.19637;0;0;0.1;0.01;0;4.93694;0;0;-1
0;1024;5.31857;-73.7704;61.9465;8.5;2572.44;5.11093;0;0;0.1;0.01;0;2.23797;1;0;-1
0;1025;6.87179;-57.4064;62.3036;10.176;4413.87;6.11868;0;0;0.1;0.01;0;5.81562;0;0;-1
0;1026;7.74225;-39.3497;61.0393;8.5;2572.44;5.11093;0;0;0.1;0.01;0;4.5522;1;0;-1
0;1027;6.38293;-22.6906;62.3501;9.92312;4092.92;5.96663;0;0;0.1;0.01;0;6.7124;0;0;-1
0;1028;9.17332;-6.37142;62.4717;10.2402;4497.94;6.15728;0;0;0.1;0.01;0;6.85656;0;0;-1
0;1029;8.77947;12.1947;62.2442;8.66534;2725.5;5.21034;0;0;0.1;0.01;0;4.78755;0;0;-1
0;1030;7.91987;26.3187;63.4115;8.5;2572.44;5.11093;0;0;0.1;0.01;0;5.49452;1;0;-1
0;1031;7.42213;42.0722;60.0812;10.2988;4575.6;6.19252;0;0;0.1;0.01;0;6.6334;0;0;-1
0;1032;6.63816;63.0873;63.2913;9.3194;3390.41;5.60362;0;0;0.1;0.01;0;4.62206;0;0;-1
0;1033;21.303;-63.8677;60.9574;8.5;2572.44;5.11093;0;0;0.1;0.01;0;3.7013;1;0;-1
0;1034;23.2604;-50.2971;61.9485;8.5;2572.44;5.11093;0;0;0.1;0.01;0;4.43338;1;0;-1
0;1035;20.937;-32.36;61.029;8.5;2572.44;5.11093;0;0;0.1;0.01;0;3.83338;1;0;-1
0;1036;24.2141;-12.6676;60.3655;8.5;2572.44;5.11093;0;0;0.1;0.01;0;5.40611;1;0;-1
0;1037;20.6119;2.95655;61.7763;8.5;2572.44;5.11093;0;0;0.1;0.01;0;5.0648;1;0;-1
0;1038;23.0814;19.7985;63.7354;10.3275;4613.96;6.20978;0;0;0.1;0.01;0;7.34248;0;0;-1
0;1039;21.9262;37.8459;63.1513;8.70203;2760.26;5.2324;0;0;0.1;0.01;0;5.68911;0;0;-1
0;1040;21.5782;53.1546;60.424;8.5;2572.44;5.11093;0;0;0.1;0.01;0;5.29647;1;0;-1
0;1041;22.1342;69.1087;61.3936;9.0674;3122.75;5.4521;0;0;0.1;0.01;0;3.39001;0;0;-1
0;1042;34.6674;-59.7336;63.5353;8.5;2572.44;5.11093;0;0;0.1;0.01;0;2.17411;1;0;-1
0;1043;36.1553;-39.3389;62.5738;9.23923;3303.66;5.55541;0;0;0.1;0.01;0;4.51094;0;0;-1
0;1044;38.1834;-22.8156;61.8962;8.81792;2872.02;5.30209;0;0;0.1;0.01;0;4.89394;0;0;-1
0;1045;35.7928;-5.06092;62.6092;8.95321;3006.25;5.38344;0;0;0.1;0.01;0;4.80243;0;0;-1
0;1046;38.2692;12.2852;61.3794;9.45337;3538.74;5.68417;0;0;0.1;0.01;0;5.64818;0;0;-1
0;1047;37.949;26.2052;60.2487;8.5;2572.44;5.11093;0;0;0.1;0.01;0;6.73326;1;0;-1
0;1048;35.5193;43.3591;63.5211;9.23679;3301.05;5.55395;0;0;0.1;0.01;0;5.62914;0;0;-1
0;1049;38.661;60.4714;63.3809;9.72555;3853.28;5.84783;0;0;0.1;0.01;0;3.94792;0;0;-1
0;1050;53.4587;-48.7325;61.7466;9.52246;3616.9;5.72572;0;0;0.1;0.01;0;3.22296;0;0;-1
0;1051;50.3688;-33.3894;60.8793;8.5;2572.44;5.11093;0;0;0.1;0.01;0;4.87592;1;0;-1
0;1052;51.0252;-15.28;62.1423;9.58171;3684.83;5.76134;0;0;0.1;0.01;0;5.69793;0;0;-1
0;1053;50.0337;0.797559;62.6979;8.5;2572.44;5.11093;0;0;0.1;0.01;0;4.12852;1;0;-1
0;1054;50.5505;20.6979;60.9275;8.5;2572.44;5.11093;0;0;0.1;0.01;0;5.72334;1;0;-1
0;1055;50.8711;34.8035;61.8182;9.8158;3961.56;5.9021;0;0;0.1;0.01;0;6.01718;0;0;-1
0;1056;53.6966;53.0101;62.7382;10.1404;4367.71;6.09728;0;0;0.1;0.01;0;3.14159;0;0;-1
0;1057;67.0773;-40.8565;60.8963;10.4293;4751.76;6.27099;0;0;0.1;0.01;0;2.8527;0;0;-1
0;1058;64.4519;-21.5133;62.1421;8.5;2572.44;5.11093;0;0;0.1;0.01;0;2.95962;1;0;-1
0;1059;64.4396;-5.44036;61.8679;8.5;2572.44;5.11093;0;0;0.1;0.01;0;4.0817;1;0;-1
0;1060;66.7714;9.19933;60.6554;9.7064;3830.57;5.83632;0;0;0.1;0.01;0;3.28644;0;0;-1
0;1061;65.1722;25.0284;60.1624;8.80062;2855.15;5.29169;0;0;0.1;0.01;0;2.82139;0;0;-1
0;1062;-54.4228;-23.7674;75.9868;9.34551;3418.99;5.61932;0;0;0.1;0.01;0;3.6028;0;0;-1
0;1063;-56.5094;-4.70088;78.7116;8.5;2572.44;5.11093;0;0;0.1;0.01;0;1.66227;1;0;-1
0;1064;-54.9423;10.681;76.2481;9.32397;3395.4;5.60637;0;0;0.1;0.01;0;3.90441;0;0;-1
0;1065;-56.4404;29.7267;75.0195;10.447;4775.99;6.28163;0;0;0.1;0.01;0;3.23418;0;0;-1
0;1066;-40.029;-48.963;77.029;8.5;2572.44;5.11093;0;0;0.1;0.01;0;2.24574;1;0;-1
0;1067;-42.2508;-30.7949;77.7961;8.79456;2849.25;5.28804;0;0;0.1;0.01;0;4.7485;0;0;-1
0;1068;-40.3975;-15.9247;75.0966;9.98709;4172.59;6.00509;0;0;0.1;0.01;0;6.54678;0;0;-1
0;1069;-40.4539;2.86611;77.9491;9.51488;3608.27;5.72116;0;0;0.1;0.01;0;5.73063;0;0;-1
0;1070;-41.633;17.7803;74.6511;8.54694;2615.29;5.13915;0;0;0.1;0.01;0;5.54888;0;0;-1
0;1071;-39.3206;33.6827;76.4743;9.87209;4030.1;5.93594;0;0;0.1;0.01;0;4.14426;0;0;-1
0;1072;-24.3906;-55.1617;76.9422;9.73996;3870.44;5.8565;0;0;0.1;0.01;0;3.4686;0;0;-1
0;1073;-26.273;-40.8506;74.9514;9.02504;3079.19;5.42663;0;0;0.1;0.01;0;5.50472;0;0;-1
0;1074;-27.466;-23.1571;76.5346;10.0637;4269.35;6.05116;0;0;0.1;0.01;0;7.01408;0;0;-1
0;1075;-27.2511;-4.5203;77.8984;9.34698;3420.6;5.6202;0;0;0.1;0.01;0;6.55002;0;0;-1
0;1076;-24.9783;12.29;77.0439;9.04555;3100.23;5.43896;0;0;0.1;0.01;0;5.77374;0;0;-1
0;1077;-25.7844;26.5318;77.303;9.31413;3384.66;5.60045;0;0;0.1;0.01;0;5.89683;0;0;-1
0;1078;-25.341;43.7254;77.7621;9.28589;3353.97;5.58347;0;0;0.1;0.01;0;3.80815;0;0;-1
0;1079;-10.0676;-47.8116;76.4024;8.80812;2862.45;5.29619;0;0;0.1;0.01;0;4.92357;0;0;-1
0;1080;-12.4517;-31.1432;76.416;10.2266;4480.05;6.14911;0;0;0.1;0.01;0;7.47919;0;0;-1
0;1081;-12.8034;-16.1731;74.6113;9.40462;3484.27;5.65486;0;0;0.1;0.01;0;7.35193;0;0;-1
0;1082;-13.5654;0.325952;78.4966;10.2202;4471.64;6.14526;0;0;0.1;0.01;0;6.59484;0;0;-1
0;1083;-11.4803;20.5728;78.3185;8.95194;3004.97;5.38267;0;0;0.1;0.01;0;5.81074;0;0;-1
0;1084;-10.8835;36.509;76.7813;10.0821;4292.81;6.06222;0;0;0.1;0.01;0;7.27566;0;0;-1
0;1085;-11.9898;51.5977;76.3116;9.93362;4105.93;5.97294;0;0;0.1;0.01;0;4.78284;0;0;-1
0;1086;3.54427;-58.8461;76.6041;10.3992;4710.73;6.25289;0;0;0.1;0.01;0;3.37161;0;0;-1
0;1087;1.37702;-42.2263;78.4809;8.5;2572.44;5.11093;0;0;0.1;0.01;0;4.97731;1;0;-1
0;1088;4.76537;-23.2422;76.3311;10.0445;4244.96;6.03961;0;0;0.1;0.01;0;6.80839;0;0;-1
0;1089;1.30052;-7.5939;78.2444;9.92445;4094.57;5.96743;0;0;0.1;0.01;0;6.26908;0;0;-1
0;1090;3.26997;11.4166;77.635;8.90179;2954.75;5.35252;0;0;0.1;0.01;0;4.54074;0;0;-1
0;1091;1.50397;27.3576;77.777;9.65841;3774.03;5.80746;0;0;0.1;0.01;0;7.23908;0;0;-1
0;1092;2.54166;42.4948;76.4689;10.3015;4579.2;6.19414;0;0;0.1;0.01;0;6.33619;0;0;-1
0;1093;4.04495;61.3691;76.5656;9.70352;3827.16;5.83459;0;0;0.1;0.01;0;3.29253;0;0;-1
0;1094;16.4744;-49.6034;74.991;8.82222;2876.22;5.30467;0;0;0.1;0.01;0;3.51426;0;0;-1
0;1095;17.4689;-30.7402;77.8431;9.94785;4123.6;5.9815;0;0;0.1;0.01;0;6.04414;0;0;-1
0;1096;18.4947;-13.1246;74.6043;9.11763;3174.93;5.4823;0;0;0.1;0.01;0;6.14097;0;0;-1
0;1097;16.7241;3.34189;76.3025;8.78297;2838;5.28107;0;0;0.1;0.01;0;5.25199;0;0;-1
0;1098;18.4097;20.1272;76.7587;8.5;2572.44;5.11093;0;0;0.1;0.01;0;5.81173;1;0;-1
0;1099;18.6026;33.9815;76.0108;10.0972;4312.13;6.0713;0;0;0.1;0.01;0;7.30784;0;0;-1
0;1100;18.5647;54.4261;76.1454;9.59276;3697.6;5.76799;0;0;0.1;0.01;0;3.60214;0;0;-1
0;1101;32.5533;-40.1999;76.4293;10.1849;4425.47;6.12403;0;0;0.1;0.01;0;3.81236;0;0;-1
0;1102;31.2479;-22.9471;78.5548;10.1291;4353.13;6.09048;0;0;0.1;0.01;0;5.58308;0;0;-1
0;1103;31.1796;-5.98763;77.3444;8.5572;2624.72;5.14532;0;0;0.1;0.01;0;5.20014;0;0;-1
0;1104;32.3757;11.741;76.1722;9.07028;3125.72;5.45383;0;0;0.1;0.01;0;4.46357;0;0;-1
0;1105;34.5171;28.409;76.6469;10.3011;4578.67;6.1939;0;0;0.1;0.01;0;5.87651;0;0;-1
0;1106;30.9545;46.4965;78.1603;10.3268;4613.03;6.20935;0;0;0.1;0.01;0;4.16997;0;0;-1
0;1107;49.0824;-30.3952;78.6694;9.26179;3327.92;5.56898;0;0;0.1;0.01;0;1.69057;0;0;-1
0;1108;45.4495;-13.8859;75.3059;8.5304;2600.14;5.12921;0;0;0.1;0.01;0;4.76091;0;0;-1
0;1109;47.4423;0.399447;77.9779;8.55106;2619.08;5.14163;0;0;0.1;0.01;0;3.45336;0;0;-1
0;1110;48.3178;20.0379;74.9217;9.58572;3689.46;5.76375;0;0;0.1;0.01;0;3.87079;0;0;-1
0;1111;49.0088;36.2396;77.462;8.5;2572.44;5.11093;0;0;0.1;0.01;0;2.34203;1;0;-1
0;1112;60.4415;-6.10478;78.4477;8.5;2572.44;5.11093;0;0;0.1;0.01;0;1.59288;1;0;-1
0;1113;-36.2705;-15.7321;89.636;9.8315;3980.59;5.91154;0;0;0.1;0.01;0;4.24715;0;0;-1
0;1114;-36.4138;1.56771;91.2417;8.5;2572.44;5.11093;0;0;0.1;0.01;0;3.92177;1;0;-1
0;1115;-38.4482;16.9511;89.8858;10.0141;4206.53;6.02133;0;0;0.1;0.01;0;3.77032;0;0;-1
0;1116;-21.1027;-24.4699;90.0509;10.4526;4783.67;6.285;0;0;0.1;0.01;0;4.94842;0;0;-1
0;1117;-23.4152;-6.36046;93.0707;10.0382;4236.98;6.03582;0;0;0.1;0.01;0;4.5415;0;0;-1
0;1118;-22.7379;11.6905;89.7683;8.5;2572.44;5.11093;0;0;0.1;0.01;0;4.56381;1;0;-1
0;1119;-21.6287;27.6354;93.3757;10.1704;4406.59;6.11531;0;0;0.1;0.01;0;3.63768;0;0;-1
0;1120;-7.47589;-31.4724;90.7927;9.99572;4183.41;6.01028;0;0;0.1;0.01;0;4.74566;0;0;-1
0;1121;-8.53445;-14.0109;89.4443;9.49792;3589.01;5.71096;0;0;0.1;0.01;0;6.43336;0;0;-1
0;1122;-6.51138;1.18095;92.6598;9.92513;4095.41;5.96784;0;0;0.1;0.01;0;5.31264;0;0;-1
0;1123;-5.80966;19.1298;93.3209;10.3778;4681.71;6.24002;0;0;0.1;0.01;0;5.37674;0;0;-1
0;1124;-7.61206;35.0375;92.3543;8.5;2572.44;5.11093;0;0;0.1;0.01;0;3.7109;1;0;-1
0;1125;5.41887;-38.5705;92.1453;8.64182;2703.36;5.1962;0;0;0.1;0.01;0;2.77302;0;0;-1
0;1126;6.63413;-23.3678;92.1226;9.97299;4154.94;5.99661;0;0;0.1;0.01;0;4.85836;0;0;-1
0;1127;7.3251;-5.04094;91.6084;9.76217;3896.98;5.86985;0;0;0.1;0.01;0;4.36998;0;0;-1
0;1128;6.66626;10.8051;91.2096;9.29955;3368.79;5.59168;0;0;0.1;0.01;0;4.12358;0;0;-1
0;1129;6.09617;28.749;90.0579;9.47028;3557.76;5.69434;0;0;0.1;0.01;0;5.33314;0;0;-1
0;1130;23.7561;-31.9746;89.8582;8.5;2572.44;5.11093;0;0;0.1;0.01;0;2.94968;1;0;-1
0;1131;20.7071;-13.4754;89.3551;8.96289;3016.01;5.38926;0;0;0.1;0.01;0;4.8221;0;0;-1
0;1132;22.7939;0.117152;90.165;8.56343;2630.46;5.14907;0;0;0.1;0.01;0;3.46773;0;0;-1
0;1133;20.0109;20.8199;90.9608;8.88242;2935.5;5.34087;0;0;0.1;0.01;0;3.2532;0;0;-1
0;1134;20.8897;36.7122;90.3463;8.61361;2676.97;5.17924;0;0;0.1;0.01;0;2.71927;0;0;-1
0;1135;37.3222;-7.8066;89.7348;9.767;3902.76;5.87276;0;0;0.1;0.01;0;3.63585;0;0;-1
0;1136;35.4283;9.72729;91.1705;8.5238;2594.11;5.12524;0;0;0.1;0.01;0;1.96221;0;0;-1
