Time;ID;x;y;z;radius;volume_total;radius_nuclear;contact_ECM;freezer;polarized_fraction;motility;cell_line;Cell_cell;phase;Cycle;NFkB
0;0;-51.3147;-4.61319;-83.4224;8.5;2572.44;5.11093;0;0;0.1;0.01;0;2.64577;1;0;-1
0;1;-37.4343;-33.3432;-84.6886;9.8791;4038.69;5.94016;0;0;0.1;0.01;0;2.67461;0;0;-1
0;2;-37.657;-13.8257;-86.485;8.5;2572.44;5.11093;0;0;0.1;0.01;0;2.65157;1;0;-1
0;3;-38.511;0.469457;-85.5939;8.93259;2985.53;5.37104;0;0;0.1;0.01;0;2.49532;0;0;-1
0;4;-35.4904;20.6081;-84.3369;10.0373;4235.84;6.03528;0;0;0.1;0.01;0;3.0548;0;0;-1
0;5;-21.8029;-40.6289;-87.2647;9.31441;3384.97;5.60062;0;0;0.1;0.01;0;2.80681;0;0;-1
0;6;-20.5469;-22.4018;-85.9345;8.72424;2781.45;5.24576;0;0;0.1;0.01;0;4.23859;0;0;-1
0;7;-21.0307;-8.41685;-84.5086;8.68751;2746.47;5.22367;0;0;0.1;0.01;0;4.10777;0;0;-1
0;8;-20.3046;10.7174;-85.9723;8.9461;2999.09;5.37916;0;0;0.1;0.01;0;3.39546;0;0;-1
0;9;-22.2973;28.7615;-84.0033;9.1147;3171.87;5.48054;0;0;0.1;0.01;0;3.81441;0;0;-1
0;10;-8.84516;-49.336;-83.4172;10.3831;4688.89;6.24321;0;0;0.1;0.01;0;3.60763;0;0;-1
0;11;-7.09472;-30.7477;-87.1654;9.25676;3322.5;5.56596;0;0;0.1;0.01;0;4.75142;0;0;-1
0;12;-6.80801;-16.6149;-86.2535;8.92614;2979.06;5.36716;0;0;0.1;0.01;0;5.07711;0;0;-1
0;13;-6.59146;0.139867;-85.5157;10.1914;4433.94;6.12794;0;0;0.1;0.01;0;5.02028;0;0;-1
0;14;-7.56823;20.0308;-83.7587;10.1998;4444.92;6.13299;0;0;0.1;0.01;0;5.00687;0;0;-1
0;15;-7.67365;38.2928;-83.9332;9.71243;3837.71;5.83994;0;0;0.1;0.01;0;3.32163;0;0;-1
0;16;7.44537;-40.8713;-85.9504;10.0896;4302.4;6.06673;0;0;0.1;0.01;0;4.84779;0;0;-1
0;17;6.40145;-24.2342;-83.4861;10.0954;4309.82;6.07022;0;0;0.1;0.01;0;6.03881;0;0;-1
0;18;8.72578;-6.0222;-85.8366;8.76963;2825.09;5.27305;0;0;0.1;0.01;0;3.89311;0;0;-1
0;19;6.47869;10.9338;-86.7663;8.73724;2793.9;5.25358;0;0;0.1;0.01;0;2.66644;0;0;-1
0;20;7.75367;27.7508;-87.3864;8.84193;2895.54;5.31652;0;0;0.1;0.01;0;3.18355;0;0;-1
0;21;8.87834;45.3832;-83.5782;10.2972;4573.47;6.19156;0;0;0.1;0.01;0;3.80171;0;0;-1
0;22;20.2418;-49.1546;-84.4988;9.44966;3534.57;5.68194;0;0;0.1;0.01;0;3.23363;0;0;-1
0;23;23.3375;-34.0341;-86.6629;10.0918;4305.21;6.06805;0;0;0.1;0.01;0;5.12358;0;0;-1
0;24;20.609;-15.7306;-84.969;8.5;2572.44;5.11093;0;0;0.1;0.01;0;3.28168;1;0;-1
0;25;22.4794;3.45543;-86.8681;8.58914;2654.22;5.16453;0;0;0.1;0.01;0;3.5899;0;0;-1
0;26;23.6323;20.3891;-84.4867;8.88816;2941.2;5.34432;0;0;0.1;0.01;0;4.47675;0;0;-1
0;27;23.551;37.7421;-84.8646;9.8457;3997.87;5.92008;0;0;0.1;0.01;0;3.6926;0;0;-1
0;28;36.3544;-40.1947;-83.6459;9.99562;4183.29;6.01022;0;0;0.1;0.01;0;3.76979;0;0;-1
0;29;35.4688;-25.5474;-86.1292;8.5;2572.44;5.11093;0;0;0.1;0.01;0;3.01471;1;0;-1
0;30;37.2108;-5.59692;-85.3015;10.2046;4451.19;6.13588;0;0;0.1;0.01;0;2.52898;0;0;-1
0;31;36.5583;10.861;-83.9741;10.2277;4481.49;6.14977;0;0;0.1;0.01;0;3.93936;0;0;-1
0;32;37.589;26.9786;-83.9287;10.0868;4298.82;6.06505;0;0;0.1;0.01;0;4.35874;0;0;-1
0;33;-70.5273;-14.7652;-69.3733;9.3986;3477.59;5.65124;0;0;0.1;0.01;0;2.28059;0;0;-1
0;34;-57.8109;-39.4468;-71.3427;9.97762;4160.73;5.9994;0;0;0.1;0.01;0;3.10566;0;0;-1
0;35;-56.6654;-25.1914;-72.4898;9.30194;3371.39;5.59312;0;0;0.1;0.01;0;3.99605;0;0;-1
0;36;-54.7608;-8.89668;-70.8538;8.5;2572.44;5.11093;0;0;0.1;0.01;0;4.50359;1;0;-1
0;37;-56.2945;9.85685;-69.7941;10.3383;4628.45;6.21627;0;0;0.1;0.01;0;3.50704;0;0;-1
0;38;-57.787;28.4767;-71.5067;8.5;2572.44;5.11093;0;0;0.1;0.01;0;2.15658;1;0;-1
0;39;-54.6556;46.9032;-68.581;9.52835;3623.61;5.72926;0;0;0.1;0.01;0;3.23889;0;0;-1
0;40;-41.5517;-51.3132;-72.6755;9.08313;3139.03;5.46155;0;0;0.1;0.01;0;2.11214;0;0;-1
0;41;-41.3955;-30.4536;-70.982;9.44447;3528.75;5.67882;0;0;0.1;0.01;0;5.73776;0;0;-1
0;42;-42.2321;-16.6235;-69.6673;10.4347;4759.14;6.27423;0;0;0.1;0.01;0;6.85579;0;0;-1
0;43;-39.4137;1.73426;-69.0931;8.5;2572.44;5.11093;0;0;0.1;0.01;0;4.22204;1;0;-1
0;44;-42.377;16.7554;-69.0668;8.5;2572.44;5.11093;0;0;0.1;0.01;0;4.68414;1;0;-1
0;45;-42.4233;34.2492;-69.8594;9.48534;3574.76;5.7034;0;0;0.1;0.01;0;5.21357;0;0;-1
0;46;-41.2122;53.4648;-69.4174;8.5;2572.44;5.11093;0;0;0.1;0.01;0;3.80281;1;0;-1
0;47;-26.5803;-57.193;-70.361;8.69547;2754.02;5.22846;0;0;0.1;0.01;0;4.02435;0;0;-1
0;48;-28.5582;-42.5896;-68.4904;10.4235;4743.83;6.2675;0;0;0.1;0.01;0;6.38749;0;0;-1
0;49;-26.2495;-24.7419;-70.6798;8.78999;2844.81;5.28529;0;0;0.1;0.01;0;5.81296;0;0;-1
0;50;-24.7247;-8.81393;-71.8635;8.5;2572.44;5.11093;0;0;0.1;0.01;0;4.47423;1;0;-1
0;51;-26.8825;11.1063;-69.6548;9.33999;3412.93;5.616;0;0;0.1;0.01;0;5.35018;0;0;-1
0;52;-26.0061;26.9265;-69.2369;10.0291;4225.46;6.03035;0;0;0.1;0.01;0;6.57046;0;0;-1
0;53;-27.6138;43.7327;-70.6716;9.33376;3406.11;5.61225;0;0;0.1;0.01;0;4.6015;0;0;-1
0;54;-27.1645;62.1954;-69.8095;9.79464;3935.99;5.88937;0;0;0.1;0.01;0;3.73871;0;0;-1
0;55;-13.5719;-63.8494;-69.0168;9.87774;4037.02;5.93934;0;0;0.1;0.01;0;4.04129;0;0;-1
0;56;-13.8219;-48.1342;-68.3406;8.5;2572.44;5.11093;0;0;0.1;0.01;0;5.72073;1;0;-1
0;57;-11.3452;-31.1842;-72.6117;8.91585;2968.77;5.36097;0;0;0.1;0.01;0;5.09724;0;0;-1
0;58;-12.6986;-15.0508;-70.9669;9.29638;3365.35;5.58978;0;0;0.1;0.01;0;6.58844;0;0;-1
0;59;-9.94855;1.9632;-71.7759;9.45092;3535.99;5.6827;0;0;0.1;0.01;0;5.8086;0;0;-1
0;60;-11.6515;16.5853;-70.1489;8.82064;2874.68;5.30372;0;0;0.1;0.01;0;5.34575;0;0;-1
0;61;-11.8847;36.6284;-70.9322;9.09843;3154.92;5.47075;0;0;0.1;0.01;0;4.65113;0;0;-1
0;62;-10.7515;55.0829;-70.3586;9.75011;3882.55;5.8626;0;0;0.1;0.01;0;3.31478;0;0;-1
0;63;2.17757;-56.2475;-69.065;9.01971;3073.73;5.42342;0;0;0.1;0.01;0;4.73761;0;0;-1
0;64;3.94563;-40.152;-72.0483;8.76763;2823.16;5.27185;0;0;0.1;0.01;0;5.1986;0;0;-1
0;65;2.71737;-22.8987;-68.5022;10.2393;4496.76;6.15674;0;0;0.1;0.01;0;7.06948;0;0;-1
0;66;4.34204;-7.97797;-72.0153;9.90275;4067.77;5.95438;0;0;0.1;0.01;0;6.59516;0;0;-1
0;67;2.35249;10.1699;-69.2183;8.5;2572.44;5.11093;0;0;0.1;0.01;0;4.9664;1;0;-1
0;68;4.40246;26.7903;-69.6915;8.5;2572.44;5.11093;0;0;0.1;0.01;0;4.49126;1;0;-1
0;69;4.43561;45.7965;-70.5475;9.40266;3482.1;5.65368;0;0;0.1;0.01;0;6.07106;0;0;-1
0;70;3.50502;63.7165;-70.1491;9.87208;4030.09;5.93594;0;0;0.1;0.01;0;3.45378;0;0;-1
0;71;16.3294;-66.2639;-69.8975;9.33398;3406.35;5.61239;0;0;0.1;0.01;0;2.89275;0;0;-1
0;72;15.9708;-47.1688;-70.9226;8.71329;2770.99;5.23917;0;0;0.1;0.01;0;4.75291;0;0;-1
0;73;19.2568;-30.2047;-70.879;10.2304;4485.04;6.15139;0;0;0.1;0.01;0;6.89092;0;0;-1
0;74;16.4068;-14.0905;-69.2268;8.5;2572.44;5.11093;0;0;0.1;0.01;0;6.69872;1;0;-1
0;75;16.9943;1.22404;-71.324;9.24351;3308.26;5.55799;0;0;0.1;0.01;0;5.44139;0;0;-1
0;76;16.0036;18.2051;-69.2064;8.72477;2781.96;5.24608;0;0;0.1;0.01;0;4.9887;0;0;-1
0;77;17.3102;35.4455;-70.6345;9.03495;3089.34;5.43258;0;0;0.1;0.01;0;5.4882;0;0;-1
0;78;19.4574;55.0754;-70.2833;10.194;4437.34;6.1295;0;0;0.1;0.01;0;4.0651;0;0;-1
0;79;31.0831;-57.7941;-69.4722;8.5;2572.44;5.11093;0;0;0.1;0.01;0;3.3602;1;0;-1
0;80;31.7648;-38.5282;-68.4315;9.87873;4038.24;5.93994;0;0;0.1;0.01;0;6.27496;0;0;-1
0;81;32.0136;-21.8271;-69.6465;8.5;2572.44;5.11093;0;0;0.1;0.01;0;4.93287;1;0;-1
0;82;33.3323;-6.33994;-68.8081;9.53103;3626.67;5.73087;0;0;0.1;0.01;0;5.57039;0;0;-1
0;83;30.5711;12.4431;-71.3025;9.73152;3860.39;5.85142;0;0;0.1;0.01;0;6.45337;0;0;-1
0;84;33.6246;28.6043;-68.5216;10.0382;4236.98;6.03582;0;0;0.1;0.01;0;6.88809;0;0;-1
0;85;34.0054;43.7433;-71.9742;8.5;2572.44;5.11093;0;0;0.1;0.01;0;4.23657;1;0;-1
0;86;46.3645;-51.2907;-68.9097;9.61922;3728.28;5.7839;0;0;0.1;0.01;0;2.7598;0;0;-1
0;87;45.9818;-30.4845;-71.9486;9.01313;3067.01;5.41946;0;0;0.1;0.01;0;4.33365;0;0;-1
0;88;47.5554;-13.4231;-72.0038;9.9526;4129.51;5.98435;0;0;0.1;0.01;0;4.8625;0;0;-1
0;89;45.327;1.65423;-69.0565;8.5;2572.44;5.11093;0;0;0.1;0.01;0;5.76182;1;0;-1
0;90;47.3069;17.128;-68.9507;10.3912;4699.87;6.24808;0;0;0.1;0.01;0;6.38453;0;0;-1
0;91;48.9703;36.8804;-71.9528;10.2103;4458.66;6.13931;0;0;0.1;0.01;0;3.53438;0;0;-1
0;92;46.703;54.1075;-69.0008;8.5;2572.44;5.11093;0;0;0.1;0.01;0;2.53792;1;0;-1
0;93;60.025;-25.6663;-72.0491;10.0688;4275.84;6.05422;0;0;0.1;0.01;0;2.75222;0;0;-1
0;94;62.568;-5.60521;-71.9199;8.73835;2794.97;5.25424;0;0;0.1;0.01;0;2.33383;0;0;-1
0;95;61.3304;9.8722;-68.8389;9.81409;3959.49;5.90107;0;0;0.1;0.01;0;3.63485;0;0;-1
0;96;-80.3902;-8.31338;-55.4073;9.69228;3813.88;5.82783;0;0;0.1;0.01;0;2.96268;0;0;-1
0;97;-80.1241;12.4626;-54.3326;8.7296;2786.58;5.24898;0;0;0.1;0.01;0;2.61397;0;0;-1
0;98;-65.7606;-48.4235;-54.2737;10.1245;4347.2;6.08771;0;0;0.1;0.01;0;4.67953;0;0;-1
0;99;-67.7047;-33.8794;-55.4124;8.95215;3005.18;5.3828;0;0;0.1;0.01;0;3.30341;0;0;-1
0;100;-65.5525;-12.6533;-56.3756;8.50736;2579.13;5.11535;0;0;0.1;0.01;0;4.00103;0;0;-1
0;101;-64.5981;1.73546;-53.9671;9.72048;3847.26;5.84478;0;0;0.1;0.01;0;5.33449;0;0;-1
0;102;-68.0146;19.6431;-57.7799;8.68328;2742.46;5.22113;0;0;0.1;0.01;0;3.53424;0;0;-1
0;103;-66.4438;35.4396;-55.5472;8.5;2572.44;5.11093;0;0;0.1;0.01;0;3.4929;1;0;-1
0;104;-52.2531;-59.3463;-54.8723;9.7421;3872.99;5.85778;0;0;0.1;0.01;0;4.05961;0;0;-1
0;105;-52.9123;-42.3677;-57.5565;8.54632;2614.73;5.13878;0;0;0.1;0.01;0;4.59394;0;0;-1
0;106;-51.3178;-24.6971;-57.7993;8.5;2572.44;5.11093;0;0;0.1;0.01;0;4.57019;1;0;-1
0;107;-49.8623;-4.79419;-57.1214;9.83619;3986.29;5.91436;0;0;0.1;0.01;0;6.4228;0;0;-1
0;108;-51.7458;12.0412;-54.3893;9.7551;3888.52;5.8656;0;0;0.1;0.01;0;7.06175;0;0;-1
0;109;-51.0364;27.8572;-57.8099;10.3779;4681.85;6.24008;0;0;0.1;0.01;0;6.92836;0;0;-1
0;110;-52.1445;44.8101;-54.013;9.75705;3890.85;5.86677;0;0;0.1;0.01;0;6.19719;0;0;-1
0;111;-50.5768;59.7344;-54.4366;10.0947;4308.92;6.0698;0;0;0.1;0.01;0;5.15024;0;0;-1
0;112;-38.6609;-66.5821;-56.3474;9.78686;3926.62;5.8847;0;0;0.1;0.01;0;4.10247;0;0;-1
0;113;-38.3739;-51.0442;-54.5665;9.22818;3291.83;5.54877;0;0;0.1;0.01;0;5.19212;0;0;-1
0;114;-36.5515;-31.2274;-56.2447;9.62245;3732.03;5.78584;0;0;0.1;0.01;0;6.18316;0;0;-1
0;115;-36.5256;-14.8534;-55.7953;10.2702;4537.59;6.17532;0;0;0.1;0.01;0;6.81692;0;0;-1
0;116;-37.7548;2.44009;-54.3717;8.98033;3033.65;5.39974;0;0;0.1;0.01;0;5.52401;0;0;-1
0;117;-36.0779;20.9942;-57.0224;10.2728;4541.04;6.17689;0;0;0.1;0.01;0;7.54203;0;0;-1
0;118;-35.2033;36.6485;-55.0691;8.75833;2814.18;5.26626;0;0;0.1;0.01;0;6.65485;0;0;-1
0;119;-36.9983;51.2792;-56.5087;10.0445;4244.96;6.03961;0;0;0.1;0.01;0;6.94381;0;0;-1
0;120;-35.9266;70.3132;-57.932;10.4064;4720.52;6.25722;0;0;0.1;0.01;0;4.27221;0;0;-1
0;121;-23.9305;-76.0221;-57.3294;9.56038;3660.28;5.74852;0;0;0.1;0.01;0;3.14513;0;0;-1
0;122;-21.8326;-56.2175;-56.4057;9.42137;3502.92;5.66493;0;0;0.1;0.01;0;6.51206;0;0;-1
0;123;-21.0915;-40.4617;-54.8475;10.0066;4197.09;6.01682;0;0;0.1;0.01;0;6.98334;0;0;-1
0;124;-23.6228;-22.5421;-56.7436;9.91108;4078.04;5.95939;0;0;0.1;0.01;0;6.87669;0;0;-1
0;125;-21.5838;-7.15249;-56.3424;8.98657;3039.98;5.40349;0;0;0.1;0.01;0;5.62949;0;0;-1
0;126;-22.4114;8.99928;-55.9836;9.44496;3529.3;5.67912;0;0;0.1;0.01;0;4.79981;0;0;-1
0;127;-21.4018;25.5965;-55.5802;8.61865;2681.68;5.18227;0;0;0.1;0.01;0;5.26464;0;0;-1
0;128;-21.7819;42.3068;-56.704;8.5;2572.44;5.11093;0;0;0.1;0.01;0;5.123;1;0;-1
0;129;-22.1131;63.2057;-54.4611;10.3642;4663.33;6.23184;0;0;0.1;0.01;0;7.13685;0;0;-1
0;130;-22.0253;77.9767;-57.0159;9.14647;3205.16;5.49964;0;0;0.1;0.01;0;3.52614;0;0;-1
0;131;-9.28479;-80.7871;-56.0076;8.5;2572.44;5.11093;0;0;0.1;0.01;0;2.47014;1;0;-1
0;132;-5.76896;-65.6687;-55.7513;9.0412;3095.76;5.43634;0;0;0.1;0.01;0;4.74633;0;0;-1
0;133;-6.2326;-47.1139;-55.122;9.62786;3738.33;5.78909;0;0;0.1;0.01;0;5.88178;0;0;-1
0;134;-8.77344;-29.9186;-54.6112;9.80216;3945.06;5.8939;0;0;0.1;0.01;0;5.57554;0;0;-1
0;135;-8.94425;-14.1384;-55.4214;8.61231;2675.76;5.17846;0;0;0.1;0.01;0;5.84023;0;0;-1
0;136;-7.06623;0.366669;-56.7193;8.5;2572.44;5.11093;0;0;0.1;0.01;0;5.33821;1;0;-1
0;137;-5.92321;20.9913;-55.1496;10.3787;4682.93;6.24056;0;0;0.1;0.01;0;6.33287;0;0;-1
0;138;-8.23983;36.9508;-55.4915;10.3709;4672.38;6.23587;0;0;0.1;0.01;0;6.41046;0;0;-1
0;139;-5.83128;54.9364;-55.1083;10.4463;4775.03;6.28121;0;0;0.1;0.01;0;6.18422;0;0;-1
0;140;-8.71658;70.3268;-55.1334;8.9171;2970.02;5.36172;0;0;0.1;0.01;0;3.30274;0;0;-1
0;141;8.98725;-74.3207;-56.907;8.95921;3012.3;5.38704;0;0;0.1;0.01;0;3.46768;0;0;-1
0;142;6.86306;-58.0814;-56.2117;9.9375;4110.74;5.97527;0;0;0.1;0.01;0;6.12655;0;0;-1
0;143;7.34367;-41.7052;-54.9307;8.5;2572.44;5.11093;0;0;0.1;0.01;0;4.38033;1;0;-1
0;144;9.39988;-22.7179;-56.6009;9.348;3421.72;5.62082;0;0;0.1;0.01;0;6.49405;0;0;-1
0;145;6.0342;-8.01847;-56.8578;9.37777;3454.52;5.63872;0;0;0.1;0.01;0;6.47314;0;0;-1
0;146;5.613;9.72441;-55.2355;8.95394;3006.98;5.38387;0;0;0.1;0.01;0;4.2808;0;0;-1
0;147;8.44377;27.748;-53.9555;10.1128;4332.14;6.08068;0;0;0.1;0.01;0;6.67586;0;0;-1
0;148;8.53459;44.9771;-55.9753;10.2821;4553.38;6.18248;0;0;0.1;0.01;0;7.63759;0;0;-1
0;149;8.84124;59.8438;-57.7136;8.76315;2818.83;5.26915;0;0;0.1;0.01;0;5.80998;0;0;-1
0;150;8.56906;79.8461;-54.3439;9.33081;3402.88;5.61048;0;0;0.1;0.01;0;2.80716;0;0;-1
0;151;22.2807;-64.2608;-56.6566;9.79249;3933.4;5.88808;0;0;0.1;0.01;0;4.9691;0;0;-1
0;152;24.1799;-49.9867;-53.7204;8.97699;3030.27;5.39773;0;0;0.1;0.01;0;5.40062;0;0;-1
0;153;20.2905;-32.6128;-55.2877;9.10775;3164.62;5.47636;0;0;0.1;0.01;0;5.1537;0;0;-1
0;154;20.5218;-12.7105;-57.3708;9.31056;3380.77;5.5983;0;0;0.1;0.01;0;6.01038;0;0;-1
0;155;23.6292;1.42065;-56.4409;9.29185;3360.43;5.58705;0;0;0.1;0.01;0;5.6806;0;0;-1
0;156;23.7528;20.6611;-55.7407;10.1452;4373.92;6.10016;0;0;0.1;0.01;0;6.42687;0;0;-1
0;157;22.6846;38.2401;-56.2094;10.0929;4306.62;6.06871;0;0;0.1;0.01;0;7.0402;0;0;-1
0;158;22.9279;54.3768;-53.9814;10.4336;4757.64;6.27357;0;0;0.1;0.01;0;7.09745;0;0;-1
0;159;22.0534;70.5655;-57.6853;9.08793;3144.01;5.46444;0;0;0.1;0.01;0;2.47143;0;0;-1
0;160;38.5698;-56.0267;-56.4258;9.06067;3115.8;5.44805;0;0;0.1;0.01;0;4.55288;0;0;-1
0;161;34.9352;-38.3542;-54.7234;8.60039;2664.67;5.17129;0;0;0.1;0.01;0;5.32422;0;0;-1
0;162;38.5227;-25.0986;-56.4522;9.04343;3098.05;5.43768;0;0;0.1;0.01;0;5.60541;0;0;-1
0;163;37.2091;-5.69248;-54.8299;8.57831;2644.2;5.15801;0;0;0.1;0.01;0;5.96663;0;0;-1
0;164;38.4629;8.3324;-55.4107;9.23354;3297.56;5.55199;0;0;0.1;0.01;0;6.96558;0;0;-1
0;165;38.8667;25.4348;-54.6071;9.85015;4003.29;5.92275;0;0;0.1;0.01;0;6.3268;0;0;-1
0;166;36.7838;46.1486;-56.6518;9.17439;3234.6;5.51643;0;0;0.1;0.01;0;5.85468;0;0;-1
0;167;36.3641;60.7317;-54.1184;8.5;2572.44;5.11093;0;0;0.1;0.01;0;4.54089;1;0;-1
0;168;52.8839;-50.9576;-56.0593;8.97539;3028.65;5.39677;0;0;0.1;0.01;0;3.28689;0;0;-1
0;169;52.0654;-31.0869;-54.139;9.95776;4135.93;5.98746;0;0;0.1;0.01;0;5.73049;0;0;-1
0;170;52.9081;-15.0638;-54.3784;8.5;2572.44;5.11093;0;0;0.1;0.01;0;5.22871;1;0;-1
0;171;52.2484;0.0398971;-54.3852;9.99184;4178.54;6.00795;0;0;0.1;0.01;0;7.51524;0;0;-1
0;172;51.1926;18.0854;-56.0424;9.0008;3054.44;5.41205;0;0;0.1;0.01;0;6.79148;0;0;-1
0;173;52.94;34.0763;-55.7672;9.24176;3306.38;5.55694;0;0;0.1;0.01;0;5.3104;0;0;-1
0;174;52.6951;55.2619;-56.5063;10.1122;4331.37;6.08032;0;0;0.1;0.01;0;4.26871;0;0;-1
0;175;64.6167;-40.8736;-56.6761;9.03274;3087.07;5.43126;0;0;0.1;0.01;0;2.99366;0;0;-1
0;176;67.2829;-25.0852;-56.1067;9.38578;3463.38;5.64353;0;0;0.1;0.01;0;4.42089;0;0;-1
0;177;67.7718;-4.49553;-55.1307;8.5;2572.44;5.11093;0;0;0.1;0.01;0;5.1386;1;0;-1
0;178;65.8279;11.9986;-53.8077;9.54477;3642.38;5.73913;0;0;0.1;0.01;0;5.8735;0;0;-1
0;179;66.0125;26.6451;-55.276;8.5;2572.44;5.11093;0;0;0.1;0.01;0;3.89015;1;0;-1
0;180;64.7668;46.0639;-54.3228;9.81335;3958.59;5.90062;0;0;0.1;0.01;0;3.3958;0;0;-1
0;181;79.7179;-16.8487;-56.7548;10.1836;4423.77;6.12325;0;0;0.1;0.01;0;2.82717;0;0;-1
0;182;82.2242;1.12425;-54.4657;8.92226;2975.18;5.36483;0;0;0.1;0.01;0;2.82647;0;0;-1
0;183;-87.5147;-21.6622;-40.6249;9.37018;3446.14;5.63415;0;0;0.1;0.01;0;3.14651;0;0;-1
0;184;-84.1187;-8.17144;-40.1214;10.0307;4227.49;6.03131;0;0;0.1;0.01;0;5.21944;0;0;-1
0;185;-86.3082;12.3498;-39.6314;9.63572;3747.5;5.79382;0;0;0.1;0.01;0;4.43939;0;0;-1
0;186;-86.6562;29.338;-39.2284;9.84885;4001.71;5.92197;0;0;0.1;0.01;0;3.00447;0;0;-1
0;187;-70.1785;-48.0365;-39.6378;8.5;2572.44;5.11093;0;0;0.1;0.01;0;4.0586;1;0;-1
0;188;-72.1213;-33.9457;-41.5605;10.2288;4482.94;6.15043;0;0;0.1;0.01;0;5.02671;0;0;-1
0;189;-71.593;-14.571;-41.6337;8.5;2572.44;5.11093;0;0;0.1;0.01;0;5.38656;1;0;-1
0;190;-72.6796;3.6165;-40.9302;10.2704;4537.86;6.17544;0;0;0.1;0.01;0;7.38482;0;0;-1
0;191;-70.509;19.073;-42.0661;9.73679;3866.66;5.85459;0;0;0.1;0.01;0;6.24192;0;0;-1
0;192;-69.9848;37.0783;-42.9193;9.92192;4091.44;5.96591;0;0;0.1;0.01;0;5.68356;0;0;-1
0;193;-72.6593;51.392;-41.0999;9.59208;3696.81;5.76758;0;0;0.1;0.01;0;3.09413;0;0;-1
0;194;-56.9541;-59.2042;-39.9324;10.3288;4615.71;6.21056;0;0;0.1;0.01;0;5.24999;0;0;-1
0;195;-56.7219;-39.4569;-41.8764;9.50868;3601.22;5.71743;0;0;0.1;0.01;0;6.64108;0;0;-1
0;196;-54.1647;-24.6421;-40.9085;9.31218;3382.54;5.59928;0;0;0.1;0.01;0;5.42152;0;0;-1
0;197;-57.4638;-7.3311;-42.0189;10.0834;4294.47;6.063;0;0;0.1;0.01;0;6.99039;0;0;-1
0;198;-55.0629;9.53675;-39.853;10.2811;4552.05;6.18188;0;0;0.1;0.01;0;6.71394;0;0;-1
0;199;-55.5441;25.8715;-41.5499;9.89022;4052.35;5.94685;0;0;0.1;0.01;0;6.11436;0;0;-1
0;200;-56.971;42.654;-40.1096;9.6706;3788.34;5.81479;0;0;0.1;0.01;0;6.52763;0;0;-1
0;201;-54.2538;60.4469;-39.5915;9.62047;3729.73;5.78465;0;0;0.1;0.01;0;5.24214;0;0;-1
0;202;-40.5218;-80.621;-40.9787;8.5;2572.44;5.11093;0;0;0.1;0.01;0;2.97265;1;0;-1
0;203;-41.681;-65.9008;-39.2309;9.46189;3548.32;5.6893;0;0;0.1;0.01;0;6.38216;0;0;-1
0;204;-43.0522;-47.5193;-41.7206;8.5;2572.44;5.11093;0;0;0.1;0.01;0;4.90232;1;0;-1
0;205;-42.569;-31.691;-42.2028;8.64528;2706.61;5.19828;0;0;0.1;0.01;0;5.09602;0;0;-1
0;206;-40.2498;-13.4508;-40.6541;9.60474;3711.47;5.77519;0;0;0.1;0.01;0;6.10417;0;0;-1
0;207;-42.0109;1.95249;-39.9909;9.25091;3316.21;5.56244;0;0;0.1;0.01;0;6.47623;0;0;-1
0;208;-41.7827;19.6594;-42.4213;8.59492;2659.59;5.168;0;0;0.1;0.01;0;5.91381;0;0;-1
0;209;-41.4512;34.4553;-41.4117;8.78789;2842.77;5.28403;0;0;0.1;0.01;0;5.64171;0;0;-1
0;210;-40.2704;53.6156;-41.2192;9.53739;3633.94;5.73469;0;0;0.1;0.01;0;7.07373;0;0;-1
0;211;-40.807;68.4799;-42.1352;10.3601;4657.8;6.22938;0;0;0.1;0.01;0;6.08118;0;0;-1
0;212;-27.6587;-72.9646;-42.8775;9.39388;3472.35;5.6484;0;0;0.1;0.01;0;6.1085;0;0;-1
0;213;-28.1463;-57.7308;-40.4646;10.4418;4768.86;6.2785;0;0;0.1;0.01;0;7.09557;0;0;-1
0;214;-25.2988;-38.5065;-42.3651;9.23225;3296.18;5.55122;0;0;0.1;0.01;0;5.32992;0;0;-1
0;215;-25.0141;-22.3789;-39.8181;9.9908;4177.24;6.00732;0;0;0.1;0.01;0;6.39105;0;0;-1
0;216;-24.7488;-5.1767;-40.6515;8.87426;2927.42;5.33596;0;0;0.1;0.01;0;5.61365;0;0;-1
0;217;-25.4515;9.75619;-41.0461;8.5;2572.44;5.11093;0;0;0.1;0.01;0;4.04259;1;0;-1
0;218;-28.1731;27.0154;-42.0173;9.3773;3454;5.63843;0;0;0.1;0.01;0;5.4908;0;0;-1
0;219;-27.2215;44.1209;-42.0971;9.59228;3697.04;5.7677;0;0;0.1;0.01;0;6.10569;0;0;-1
0;220;-27.5578;60.5358;-40.7645;9.41372;3494.4;5.66033;0;0;0.1;0.01;0;7.0673;0;0;-1
0;221;-25.0128;77.1715;-42.0762;9.57316;3674.98;5.7562;0;0;0.1;0.01;0;5.245;0;0;-1
0;222;-12.9864;-83.1415;-42.1726;8.61093;2674.48;5.17763;0;0;0.1;0.01;0;4.03587;0;0;-1
0;223;-12.9516;-67.6064;-39.742;10.0617;4266.8;6.04995;0;0;0.1;0.01;0;6.69543;0;0;-1
0;224;-12.3956;-49.3793;-41.8359;9.18212;3242.78;5.52108;0;0;0.1;0.01;0;5.31882;0;0;-1
0;225;-9.78819;-33.3259;-39.8338;9.50911;3601.71;5.71769;0;0;0.1;0.01;0;6.1175;0;0;-1
0;226;-13.0724;-15.5101;-40.7562;8.69144;2750.2;5.22604;0;0;0.1;0.01;0;6.37265;0;0;-1
0;227;-11.0635;0.26;-41.4512;8.66025;2720.7;5.20728;0;0;0.1;0.01;0;5.45254;0;0;-1
0;228;-12.5383;20.0297;-39.3379;9.95302;4130.03;5.98461;0;0;0.1;0.01;0;6.16142;0;0;-1
0;229;-9.96015;34.3095;-39.7672;8.5;2572.44;5.11093;0;0;0.1;0.01;0;6.08764;1;0;-1
0;230;-11.5649;52.9641;-39.3566;10.1789;4417.65;6.12042;0;0;0.1;0.01;0;6.4714;0;0;-1
0;231;-11.0979;70.7592;-40.0402;9.43087;3513.53;5.67065;0;0;0.1;0.01;0;5.57625;0;0;-1
0;232;-9.78681;87.1022;-39.9596;8.5;2572.44;5.11093;0;0;0.1;0.01;0;2.38832;1;0;-1
0;233;2.82099;-89.5412;-42.0586;9.11671;3173.97;5.48175;0;0;0.1;0.01;0;2.88058;0;0;-1
0;234;4.68132;-74.932;-41.1655;8.55271;2620.59;5.14262;0;0;0.1;0.01;0;5.17546;0;0;-1
0;235;2.01397;-59.7583;-39.3819;9.47364;3561.55;5.69636;0;0;0.1;0.01;0;5.41804;0;0;-1
0;236;3.62372;-40.7663;-39.802;8.5;2572.44;5.11093;0;0;0.1;0.01;0;4.84963;1;0;-1
0;237;4.67412;-25.2787;-39.5117;9.5216;3615.92;5.7252;0;0;0.1;0.01;0;6.13839;0;0;-1
0;238;1.23456;-8.0794;-42.429;10.2613;4525.8;6.16997;0;0;0.1;0.01;0;6.26723;0;0;-1
0;239;3.2162;10.4452;-41.0099;8.61838;2681.42;5.18211;0;0;0.1;0.01;0;4.36963;0;0;-1
0;240;4.07525;27.1888;-39.4785;8.90471;2957.66;5.35427;0;0;0.1;0.01;0;6.72717;0;0;-1
0;241;1.22485;43.0316;-40.2707;10.0973;4312.25;6.07136;0;0;0.1;0.01;0;7.97675;0;0;-1
0;242;1.52;60.6203;-40.9764;8.5;2572.44;5.11093;0;0;0.1;0.01;0;5.36213;1;0;-1
0;243;3.95661;76.3855;-41.074;9.14274;3201.24;5.4974;0;0;0.1;0.01;0;5.26547;0;0;-1
0;244;17.6749;-82.3278;-42.0995;8.5;2572.44;5.11093;0;0;0.1;0.01;0;3.29236;1;0;-1
0;245;18.2165;-65.4546;-39.2905;10.2625;4527.39;6.17069;0;0;0.1;0.01;0;5.88442;0;0;-1
0;246;17.9187;-46.46;-40.807;8.89095;2943.97;5.346;0;0;0.1;0.01;0;5.26659;0;0;-1
0;247;17.8374;-31.7613;-41.1589;8.5;2572.44;5.11093;0;0;0.1;0.01;0;5.83757;1;0;-1
0;248;19.1006;-15.497;-41.7709;9.48375;3572.97;5.70244;0;0;0.1;0.01;0;5.92463;0;0;-1
0;249;19.7495;1.9403;-42.1584;9.10927;3166.21;5.47727;0;0;0.1;0.01;0;4.69246;0;0;-1
0;250;17.6643;17.731;-40.5171;9.27102;3337.88;5.57453;0;0;0.1;0.01;0;5.59934;0;0;-1
0;251;19.0276;36.7141;-42.8406;9.9124;4079.67;5.96018;0;0;0.1;0.01;0;7.63288;0;0;-1
0;252;16.7951;52.0127;-39.6902;10.0976;4312.64;6.07154;0;0;0.1;0.01;0;7.44048;0;0;-1
0;253;18.761;68.468;-41.1962;10.3155;4597.9;6.20256;0;0;0.1;0.01;0;5.94183;0;0;-1
0;254;16.4123;87.4202;-41.1303;10.0767;4285.92;6.05897;0;0;0.1;0.01;0;3.14596;0;0;-1
0;255;32.9514;-75.6285;-42.5077;8.64912;2710.22;5.20059;0;0;0.1;0.01;0;2.25231;0;0;-1
0;256;30.561;-56.4917;-40.5209;9.0958;3152.18;5.46917;0;0;0.1;0.01;0;6.2794;0;0;-1
0;257;33.7153;-41.1807;-40.4687;10.005;4195.08;6.01586;0;0;0.1;0.01;0;7.65225;0;0;-1
0;258;32.7737;-25.2899;-41.5703;10.1242;4346.81;6.08753;0;0;0.1;0.01;0;7.40614;0;0;-1
0;259;33.7361;-8.05044;-42.0316;8.5;2572.44;5.11093;0;0;0.1;0.01;0;4.72602;1;0;-1
0;260;33.8465;10.0442;-42.2955;8.5;2572.44;5.11093;0;0;0.1;0.01;0;5.10297;1;0;-1
0;261;33.8489;29.5219;-39.8736;8.93213;2985.06;5.37076;0;0;0.1;0.01;0;6.0334;0;0;-1
0;262;32.9472;46.1541;-39.4185;10.038;4236.72;6.0357;0;0;0.1;0.01;0;7.76645;0;0;-1
0;263;33.9174;60.0851;-39.7074;9.38769;3465.49;5.64468;0;0;0.1;0.01;0;6.20708;0;0;-1
0;264;33.5525;79.8398;-40.4291;8.95437;3007.42;5.38413;0;0;0.1;0.01;0;2.74404;0;0;-1
0;265;47.826;-65.2758;-41.606;8.94443;2997.41;5.37816;0;0;0.1;0.01;0;2.46543;0;0;-1
0;266;47.1418;-47.7059;-39.9514;9.52788;3623.08;5.72898;0;0;0.1;0.01;0;5.80271;0;0;-1
0;267;47.7647;-30.2395;-39.2227;10.3176;4600.71;6.20382;0;0;0.1;0.01;0;7.65927;0;0;-1
0;268;46.79;-14.9394;-42.5865;10.067;4273.55;6.05314;0;0;0.1;0.01;0;7.77858;0;0;-1
0;269;46.0799;2.87868;-42.1797;8.5;2572.44;5.11093;0;0;0.1;0.01;0;6.19963;1;0;-1
0;270;47.7579;16.8719;-43.0433;10.1627;4396.59;6.11068;0;0;0.1;0.01;0;7.43786;0;0;-1
0;271;46.8474;37.9647;-41.0993;9.52653;3621.54;5.72816;0;0;0.1;0.01;0;6.19088;0;0;-1
0;272;46.7026;52.1411;-42.8699;9.67637;3795.12;5.81826;0;0;0.1;0.01;0;6.60508;0;0;-1
0;273;46.8352;69.2615;-39.8999;9.92643;4097.02;5.96862;0;0;0.1;0.01;0;4.49625;0;0;-1
0;274;60.378;-55.3648;-39.3276;9.8308;3979.74;5.91112;0;0;0.1;0.01;0;4.74471;0;0;-1
0;275;63.9943;-41.6908;-39.8258;8.94562;2998.61;5.37887;0;0;0.1;0.01;0;4.27951;0;0;-1
0;276;61.2111;-23.3561;-39.831;8.55006;2618.16;5.14103;0;0;0.1;0.01;0;5.54232;0;0;-1
0;277;63.4153;-7.79527;-42.3289;9.67674;3795.56;5.81848;0;0;0.1;0.01;0;6.80271;0;0;-1
0;278;63.5974;8.22788;-39.4652;10.0114;4203.13;6.01971;0;0;0.1;0.01;0;6.55954;0;0;-1
0;279;63.0237;26.1914;-42.2774;10.0357;4233.81;6.03432;0;0;0.1;0.01;0;6.0747;0;0;-1
0;280;61.5534;42.1369;-41.1974;8.88075;2933.85;5.33987;0;0;0.1;0.01;0;5.08157;0;0;-1
0;281;61.9964;60.4218;-42.4641;9.23144;3295.32;5.55073;0;0;0.1;0.01;0;3.67726;0;0;-1
0;282;74.9461;-32.4928;-43.1703;9.0112;3065.04;5.4183;0;0;0.1;0.01;0;3.21778;0;0;-1
0;283;77.7385;-14.9996;-41.1248;8.62851;2690.89;5.1882;0;0;0.1;0.01;0;4.46688;0;0;-1
0;284;76.3297;-0.0844145;-41.4648;10.2851;4557.37;6.18428;0;0;0.1;0.01;0;6.87593;0;0;-1
0;285;78.7431;19.7257;-42.822;8.99017;3043.63;5.40566;0;0;0.1;0.01;0;3.33093;0;0;-1
0;286;76.5371;34.3347;-41.9404;9.23964;3304.1;5.55566;0;0;0.1;0.01;0;3.54191;0;0;-1
0;287;90.5163;-4.56194;-40.5351;8.7003;2758.62;5.23136;0;0;0.1;0.01;0;2.23223;0;0;-1
0;288;-95.1323;-13.506;-24.7024;8.77145;2826.85;5.27415;0;0;0.1;0.01;0;3.17561;0;0;-1
0;289;-95.6344;1.24936;-26.0984;9.92316;4092.97;5.96665;0;0;0.1;0.01;0;3.87482;0;0;-1
0;290;-80.8668;-41.5036;-24.66;9.90428;4069.65;5.9553;0;0;0.1;0.01;0;2.88731;0;0;-1
0;291;-81.7967;-23.4406;-27.3429;9.5595;3659.27;5.74799;0;0;0.1;0.01;0;3.86544;0;0;-1
0;292;-78.9083;-4.65542;-26.4863;10.0423;4242.17;6.03829;0;0;0.1;0.01;0;5.59147;0;0;-1
0;293;-82.574;10.9699;-26.4497;10.1274;4350.93;6.08946;0;0;0.1;0.01;0;6.28522;0;0;-1
0;294;-82.4154;27.6795;-25.1456;10.0349;4232.8;6.03384;0;0;0.1;0.01;0;5.02667;0;0;-1
0;295;-80.4013;44.5633;-28.1121;9.88358;4044.19;5.94285;0;0;0.1;0.01;0;3.28437;0;0;-1
0;296;-64.0789;-67.8783;-26.0019;8.5;2572.44;5.11093;0;0;0.1;0.01;0;2.51697;1;0;-1
0;297;-64.3799;-48.9939;-26.1294;8.77835;2833.53;5.27829;0;0;0.1;0.01;0;4.3588;0;0;-1
0;298;-64.5286;-31.2644;-25.4616;9.74862;3880.77;5.8617;0;0;0.1;0.01;0;5.46919;0;0;-1
0;299;-64.4875;-12.8933;-26.9894;9.28066;3348.31;5.58033;0;0;0.1;0.01;0;5.55807;0;0;-1
0;300;-66.0772;4.44396;-26.0216;8.5;2572.44;5.11093;0;0;0.1;0.01;0;5.93893;1;0;-1
0;301;-65.4668;20.2183;-26.9337;8.59094;2655.89;5.16561;0;0;0.1;0.01;0;5.7123;0;0;-1
0;302;-64.6855;35.2191;-27.1725;10.0497;4251.56;6.04274;0;0;0.1;0.01;0;6.30901;0;0;-1
0;303;-64.5509;50.9156;-26.2284;9.27992;3347.51;5.57988;0;0;0.1;0.01;0;5.74963;0;0;-1
0;304;-66.6806;68.6691;-26.7119;9.4554;3541.02;5.68539;0;0;0.1;0.01;0;2.15025;0;0;-1
0;305;-49.7085;-72.5027;-27.791;8.99661;3050.18;5.40953;0;0;0.1;0.01;0;5.22936;0;0;-1
0;306;-49.6157;-58.1742;-26.2903;9.25063;3315.91;5.56227;0;0;0.1;0.01;0;6.29303;0;0;-1
0;307;-51.5426;-39.712;-26.3451;9.3425;3415.69;5.61751;0;0;0.1;0.01;0;6.00828;0;0;-1
0;308;-52.4126;-23.1176;-27.5463;9.77632;3913.95;5.87836;0;0;0.1;0.01;0;6.55473;0;0;-1
0;309;-50.4822;-7.03623;-27.8146;9.73264;3861.72;5.8521;0;0;0.1;0.01;0;6.60928;0;0;-1
0;310;-53.017;8.65005;-26.3262;8.9409;2993.87;5.37603;0;0;0.1;0.01;0;5.4884;0;0;-1
0;311;-51.1149;26.7845;-24.4673;9.14375;3202.3;5.498;0;0;0.1;0.01;0;5.57776;0;0;-1
0;312;-49.9892;45.5122;-24.877;9.78011;3918.5;5.88064;0;0;0.1;0.01;0;7.33701;0;0;-1
0;313;-50.6658;62.4874;-25.5824;8.75947;2815.28;5.26694;0;0;0.1;0.01;0;6.08542;0;0;-1
0;314;-51.7958;78.4825;-28.2581;8.72318;2780.44;5.24512;0;0;0.1;0.01;0;2.65109;0;0;-1
0;315;-36.4309;-82.1762;-26.5206;10.3133;4594.96;6.20124;0;0;0.1;0.01;0;6.19622;0;0;-1
0;316;-34.9822;-67.3062;-26.8072;8.88636;2939.41;5.34324;0;0;0.1;0.01;0;6.99111;0;0;-1
0;317;-38.3693;-47.1081;-27.1481;10.1598;4392.83;6.10894;0;0;0.1;0.01;0;5.71259;0;0;-1
0;318;-36.0598;-30.0837;-26.078;9.32899;3400.89;5.60939;0;0;0.1;0.01;0;6.11598;0;0;-1
0;319;-34.6334;-13.7611;-26.8032;8.77558;2830.85;5.27663;0;0;0.1;0.01;0;5.01501;0;0;-1
0;320;-36.585;4.31589;-27.4437;8.5;2572.44;5.11093;0;0;0.1;0.01;0;4.19358;1;0;-1
0;321;-38.358;18.5465;-27.4787;9.50184;3593.45;5.71332;0;0;0.1;0.01;0;5.45428;0;0;-1
0;322;-38.2415;34.588;-25.1801;8.5;2572.44;5.11093;0;0;0.1;0.01;0;5.50081;1;0;-1
0;323;-37.6465;52.2762;-27.8691;9.223;3286.29;5.54566;0;0;0.1;0.01;0;6.07467;0;0;-1
0;324;-38.2089;67.7236;-25.7619;8.5;2572.44;5.11093;0;0;0.1;0.01;0;4.48681;1;0;-1
0;325;-35.5375;85.843;-24.9499;10.2803;4550.99;6.1814;0;0;0.1;0.01;0;3.74679;0;0;-1
0;326;-21.7849;-90.7764;-25.284;10.3383;4628.45;6.21627;0;0;0.1;0.01;0;3.98779;0;0;-1
0;327;-20.583;-73.0891;-27.0232;10.1729;4409.84;6.11682;0;0;0.1;0.01;0;8.27729;0;0;-1
0;328;-20.3483;-59.1618;-26.3093;9.74517;3876.65;5.85963;0;0;0.1;0.01;0;7.26662;0;0;-1
0;329;-22.021;-40.5874;-26.6572;8.61701;2680.15;5.18128;0;0;0.1;0.01;0;4.98669;0;0;-1
0;330;-21.3636;-21.1048;-24.9768;10.094;4308.03;6.06938;0;0;0.1;0.01;0;6.84246;0;0;-1
0;331;-19.7214;-5.48557;-28.0797;8.5;2572.44;5.11093;0;0;0.1;0.01;0;4.649;1;0;-1
0;332;-21.311;11.8056;-25.7718;8.5;2572.44;5.11093;0;0;0.1;0.01;0;4.00193;1;0;-1
0;333;-22.7759;28.761;-27.7846;8.64731;2708.52;5.1995;0;0;0.1;0.01;0;5.10193;0;0;-1
0;334;-21.2687;44.7705;-27.8817;9.74786;3879.86;5.86125;0;0;0.1;0.01;0;5.84179;0;0;-1
0;335;-21.6911;62.1724;-26.6119;9.66986;3787.47;5.81435;0;0;0.1;0.01;0;6.33976;0;0;-1
0;336;-22.8416;78.7601;-27.9109;9.43208;3514.88;5.67137;0;0;0.1;0.01;0;5.63151;0;0;-1
0;337;-5.94555;-81.2678;-28.6479;9.37792;3454.68;5.63881;0;0;0.1;0.01;0;6.09154;0;0;-1
0;338;-7.90687;-66.6067;-26.3307;9.47884;3567.42;5.69949;0;0;0.1;0.01;0;6.68818;0;0;-1
0;339;-8.56475;-48.5889;-24.3836;9.13807;3196.33;5.49459;0;0;0.1;0.01;0;5.18462;0;0;-1
0;340;-8.2015;-29.6906;-25.5434;8.77274;2828.1;5.27492;0;0;0.1;0.01;0;5.56674;0;0;-1
0;341;-6.01184;-13.3242;-27.8119;9.41095;3491.31;5.65867;0;0;0.1;0.01;0;6.5989;0;0;-1
0;342;-5.49588;1.92946;-27.646;8.53399;2603.42;5.13136;0;0;0.1;0.01;0;5.70921;0;0;-1
0;343;-6.60787;21.1285;-25.6321;9.60397;3710.57;5.77473;0;0;0.1;0.01;0;6.69911;0;0;-1
0;344;-7.09269;35.4066;-27.0997;9.34522;3418.67;5.61915;0;0;0.1;0.01;0;7.48425;0;0;-1
0;345;-7.93359;51.5149;-26.0261;8.65073;2711.73;5.20156;0;0;0.1;0.01;0;5.6109;0;0;-1
0;346;-9.34321;72.1623;-24.4876;8.6207;2683.59;5.1835;0;0;0.1;0.01;0;5.03818;0;0;-1
0;347;-9.09979;88.2402;-25.6688;8.64271;2704.2;5.19674;0;0;0.1;0.01;0;3.97148;0;0;-1
0;348;9.34579;-90.4756;-25.4125;10.3115;4592.55;6.20016;0;0;0.1;0.01;0;4.27605;0;0;-1
0;349;6.59657;-75.7967;-25.3183;9.7822;3921.01;5.88189;0;0;0.1;0.01;0;6.67237;0;0;-1
0;350;9.44239;-58.6618;-25.7697;9.33001;3402;5.61;0;0;0.1;0.01;0;5.80721;0;0;-1
0;351;5.72503;-40.0306;-25.3942;9.62018;3729.39;5.78447;0;0;0.1;0.01;0;6.09637;0;0;-1
0;352;8.25992;-25.5175;-26.5892;8.72878;2785.8;5.24849;0;0;0.1;0.01;0;5.86041;0;0;-1
0;353;9.02385;-8.76736;-27.6936;10.2426;4501.11;6.15873;0;0;0.1;0.01;0;6.79913;0;0;-1
0;354;5.51886;9.93193;-25.5105;9.14542;3204.05;5.49901;0;0;0.1;0.01;0;4.58396;0;0;-1
0;355;9.43523;29.3302;-27.6639;10.081;4291.4;6.06156;0;0;0.1;0.01;0;6.86163;0;0;-1
0;356;6.25142;44.0461;-25.2411;10.3766;4680.09;6.2393;0;0;0.1;0.01;0;7.20012;0;0;-1
0;357;6.8693;63.4103;-24.6227;10.1832;4423.25;6.12301;0;0;0.1;0.01;0;6.80594;0;0;-1
0;358;5.89785;78.2877;-28.0072;9.05381;3108.73;5.44392;0;0;0.1;0.01;0;5.55731;0;0;-1
0;359;8.24347;95.6174;-26.8405;10.0208;4214.98;6.02536;0;0;0.1;0.01;0;2.9971;0;0;-1
0;360;22.5783;-82.3711;-25.2169;9.14669;3205.39;5.49977;0;0;0.1;0.01;0;4.65727;0;0;-1
0;361;23.6984;-65.8959;-25.4753;9.51617;3609.73;5.72193;0;0;0.1;0.01;0;5.43748;0;0;-1
0;362;23.2778;-47.2905;-27.4355;10.114;4333.69;6.0814;0;0;0.1;0.01;0;6.25858;0;0;-1
0;363;22.7905;-31.7591;-26.0471;9.7203;3847.05;5.84468;0;0;0.1;0.01;0;6.89619;0;0;-1
0;364;22.1283;-16.0906;-25.5866;10.0142;4206.66;6.02139;0;0;0.1;0.01;0;6.73158;0;0;-1
0;365;22.3185;1.01319;-26.8026;9.03568;3090.09;5.43302;0;0;0.1;0.01;0;5.17282;0;0;-1
0;366;23.3876;18.1883;-28.0153;9.62583;3735.97;5.78787;0;0;0.1;0.01;0;6.25393;0;0;-1
0;367;23.2524;34.9349;-27.519;9.48752;3577.23;5.70471;0;0;0.1;0.01;0;7.41976;0;0;-1
0;368;20.5934;51.1081;-24.5179;9.78732;3927.17;5.88497;0;0;0.1;0.01;0;6.26154;0;0;-1
0;369;20.2892;69.1522;-26.9516;9.41126;3491.66;5.65885;0;0;0.1;0.01;0;5.36091;0;0;-1
0;370;23.3569;84.5736;-24.8016;9.48309;3572.22;5.70204;0;0;0.1;0.01;0;4.9003;0;0;-1
0;371;38.0634;-75.9981;-27.1071;9.08221;3138.07;5.461;0;0;0.1;0.01;0;3.93897;0;0;-1
0;372;35.2279;-56.9179;-27.0385;8.68961;2748.46;5.22494;0;0;0.1;0.01;0;5.60664;0;0;-1
0;373;37.5313;-39.9448;-26.825;9.92192;4091.44;5.96591;0;0;0.1;0.01;0;7.96797;0;0;-1
0;374;37.6914;-23.1662;-27.6888;9.98008;4163.81;6.00088;0;0;0.1;0.01;0;7.58967;0;0;-1
0;375;37.4555;-7.20798;-24.8401;9.68117;3800.77;5.82115;0;0;0.1;0.01;0;6.57105;0;0;-1
0;376;35.1289;8.91455;-26.7889;8.8148;2868.97;5.30021;0;0;0.1;0.01;0;5.3085;0;0;-1
0;377;37.2284;25.39;-24.7075;9.96675;4147.15;5.99286;0;0;0.1;0.01;0;6.87975;0;0;-1
0;378;37.0146;42.14;-27.0963;9.84583;3998.03;5.92015;0;0;0.1;0.01;0;6.58006;0;0;-1
0;379;38.4526;63.6741;-24.9017;8.5;2572.44;5.11093;0;0;0.1;0.01;0;4.58604;1;0;-1
0;380;36.7487;78.8103;-24.8798;8.5;2572.44;5.11093;0;0;0.1;0.01;0;4.35023;1;0;-1
0;381;50.4374;-66.6514;-24.7854;10.2137;4463.11;6.14135;0;0;0.1;0.01;0;5.56938;0;0;-1
0;382;49.9663;-50.7705;-25.2916;10.1728;4409.71;6.11676;0;0;0.1;0.01;0;6.85315;0;0;-1
0;383;50.0724;-33.416;-25.0364;8.55599;2623.61;5.14459;0;0;0.1;0.01;0;5.20316;0;0;-1
0;384;52.7123;-15.5621;-26.8569;9.21838;3281.35;5.54288;0;0;0.1;0.01;0;6.25893;0;0;-1
0;385;51.8231;1.73234;-28.3305;10.0155;4208.3;6.02217;0;0;0.1;0.01;0;7.16907;0;0;-1
0;386;50.1084;17.7969;-28.516;9.04577;3100.45;5.43909;0;0;0.1;0.01;0;6.16658;0;0;-1
0;387;50.3096;34.8908;-25.0685;9.38364;3461.01;5.64225;0;0;0.1;0.01;0;5.57728;0;0;-1
0;388;52.9799;54.7687;-24.6987;8.65695;2717.59;5.2053;0;0;0.1;0.01;0;4.39737;0;0;-1
0;389;52.2017;72.6192;-26.9384;9.78828;3928.33;5.88555;0;0;0.1;0.01;0;4.37846;0;0;-1
0;390;66.362;-59.2061;-27.6324;8.99162;3045.11;5.40653;0;0;0.1;0.01;0;4.13199;0;0;-1
0;391;66.6334;-42.2262;-25.0385;8.84857;2902.07;5.32052;0;0;0.1;0.01;0;5.48391;0;0;-1
0;392;67.4833;-23.2436;-24.871;10.3678;4668.19;6.23401;0;0;0.1;0.01;0;6.53816;0;0;-1
0;393;65.5589;-5.60314;-26.9262;8.9529;3005.94;5.38325;0;0;0.1;0.01;0;6.841;0;0;-1
0;394;66.5844;9.45271;-25.0932;9.2484;3313.51;5.56093;0;0;0.1;0.01;0;5.82308;0;0;-1
0;395;64.8733;25.4083;-25.6003;9.8348;3984.6;5.91352;0;0;0.1;0.01;0;4.80997;0;0;-1
0;396;66.3787;46.5047;-25.9042;10.0347;4232.55;6.03372;0;0;0.1;0.01;0;5.81695;0;0;-1
0;397;65.0718;62.2786;-27.5157;10.0508;4252.95;6.0434;0;0;0.1;0.01;0;4.96881;0;0;-1
0;398;79.4178;-51.2661;-25.8185;10.1042;4321.1;6.07551;0;0;0.1;0.01;0;2.17802;0;0;-1
0;399;81.8797;-34.2044;-24.8265;10.2512;4512.45;6.1639;0;0;0.1;0.01;0;3.4148;0;0;-1
0;400;80.75;-16.8117;-25.3477;8.88357;2936.64;5.34156;0;0;0.1;0.01;0;4.46895;0;0;-1
0;401;79.7987;-0.228566;-26.2405;9.30496;3374.68;5.59494;0;0;0.1;0.01;0;4.87196;0;0;-1
0;402;83.2175;17.7952;-25.2691;9.79833;3940.44;5.89159;0;0;0.1;0.01;0;4.14558;0;0;-1
0;403;79.0983;33.764;-27.9938;8.5;2572.44;5.11093;0;0;0.1;0.01;0;3.36702;1;0;-1
0;404;79.3707;54.6247;-26.5452;10.3516;4646.34;6.22427;0;0;0.1;0.01;0;2.70658;0;0;-1
0;405;-98.4414;0.963059;-11.8078;10.2755;4544.62;6.17851;0;0;0.1;0.01;0;3.705;0;0;-1
0;406;-84.2841;-42.0842;-11.251;9.08598;3141.98;5.46327;0;0;0.1;0.01;0;3.46717;0;0;-1
0;407;-84.3749;-23.5393;-10.3086;10.4098;4725.15;6.25926;0;0;0.1;0.01;0;5.70309;0;0;-1
0;408;-85.2154;-7.13597;-12.4822;8.91246;2965.39;5.35893;0;0;0.1;0.01;0;5.26855;0;0;-1
0;409;-83.3473;11.6467;-11.9318;10.149;4378.83;6.10245;0;0;0.1;0.01;0;5.92294;0;0;-1
0;410;-84.8137;29.1415;-12.4316;8.5;2572.44;5.11093;0;0;0.1;0.01;0;4.12956;1;0;-1
0;411;-84.0299;42.4948;-11.3163;9.39125;3469.44;5.64682;0;0;0.1;0.01;0;4.12795;0;0;-1
0;412;-70.8133;-68.4422;-10.0664;8.78734;2842.24;5.2837;0;0;0.1;0.01;0;2.13418;0;0;-1
0;413;-69.2281;-49.2683;-11.9974;9.51949;3613.51;5.72393;0;0;0.1;0.01;0;4.76665;0;0;-1
0;414;-69.8911;-32.5583;-10.1384;9.37135;3447.43;5.63486;0;0;0.1;0.01;0;6.79651;0;0;-1
0;415;-72.1626;-15.7394;-11.6975;9.40543;3485.17;5.65535;0;0;0.1;0.01;0;6.5866;0;0;-1
0;416;-70.7987;3.17494;-10.3095;8.76929;2824.76;5.27285;0;0;0.1;0.01;0;6.0729;0;0;-1
0;417;-68.3501;17.3753;-12.9514;8.58719;2652.42;5.16335;0;0;0.1;0.01;0;4.93187;0;0;-1
0;418;-69.492;36.4707;-11.9849;9.59908;3704.91;5.77179;0;0;0.1;0.01;0;6.34024;0;0;-1
0;419;-71.919;53.7866;-13.025;8.9755;3028.76;5.39684;0;0;0.1;0.01;0;4.41588;0;0;-1
0;420;-54.2905;-75.1309;-9.72042;8.85847;2911.82;5.32647;0;0;0.1;0.01;0;3.81449;0;0;-1
0;421;-56.6171;-58.2397;-12.3422;9.39962;3478.72;5.65186;0;0;0.1;0.01;0;5.38533;0;0;-1
0;422;-57.3277;-39.2006;-10.3233;8.57706;2643.04;5.15726;0;0;0.1;0.01;0;5.56519;0;0;-1
0;423;-57.313;-23.9557;-11.8637;8.5;2572.44;5.11093;0;0;0.1;0.01;0;5.49325;1;0;-1
0;424;-55.2378;-7.2197;-11.8118;9.00601;3059.75;5.41518;0;0;0.1;0.01;0;5.50009;0;0;-1
0;425;-54.3063;8.60222;-12.5469;10.0595;4264.01;6.04863;0;0;0.1;0.01;0;5.9887;0;0;-1
0;426;-57.3403;29.7682;-12.8175;8.5;2572.44;5.11093;0;0;0.1;0.01;0;5.63932;1;0;-1
0;427;-55.1166;44.7214;-11.8264;9.28257;3350.37;5.58147;0;0;0.1;0.01;0;6.85664;0;0;-1
0;428;-57.9488;60.0338;-10.6861;9.74725;3879.14;5.86088;0;0;0.1;0.01;0;5.44943;0;0;-1
0;429;-42.789;-83.6437;-13.2582;10.0889;4301.5;6.06631;0;0;0.1;0.01;0;4.25706;0;0;-1
0;430;-39.3564;-64.6265;-11.5718;9.79525;3936.73;5.88974;0;0;0.1;0.01;0;5.60906;0;0;-1
0;431;-41.0523;-49.3558;-10.688;8.52157;2592.07;5.1239;0;0;0.1;0.01;0;5.07811;0;0;-1
0;432;-41.2222;-32.605;-12.36;9.80366;3946.87;5.8948;0;0;0.1;0.01;0;6.13934;0;0;-1
0;433;-42.0791;-14.3475;-13.5189;10.014;4206.41;6.02127;0;0;0.1;0.01;0;6.08417;0;0;-1
0;434;-40.9231;3.06997;-10.7846;9.48602;3575.53;5.70381;0;0;0.1;0.01;0;5.77042;0;0;-1
0;435;-39.403;20.0876;-11.2092;10.0097;4200.99;6.01869;0;0;0.1;0.01;0;6.2772;0;0;-1
0;436;-42.1308;36.9054;-13.1709;9.33057;3402.62;5.61034;0;0;0.1;0.01;0;7.1986;0;0;-1
0;437;-42.6562;52.215;-12.6276;8.5;2572.44;5.11093;0;0;0.1;0.01;0;5.05112;1;0;-1
0;438;-43.0061;70.6846;-12.5546;8.74544;2801.78;5.25851;0;0;0.1;0.01;0;4.72305;0;0;-1
0;439;-43.2534;85.1279;-13.3349;8.5;2572.44;5.11093;0;0;0.1;0.01;0;3.42654;1;0;-1
0;440;-27.9035;-93.1806;-13.0837;9.62079;3730.1;5.78484;0;0;0.1;0.01;0;4.31836;0;0;-1
0;441;-28.1448;-76.8712;-13.0068;10.1441;4372.49;6.0995;0;0;0.1;0.01;0;7.05601;0;0;-1
0;442;-24.6969;-56.5735;-12.283;10.3899;4698.1;6.2473;0;0;0.1;0.01;0;7.30632;0;0;-1
0;443;-27.3683;-41.7547;-10.1924;10.4383;4764.07;6.2764;0;0;0.1;0.01;0;7.63227;0;0;-1
0;444;-26.6314;-22.2864;-11.8618;10.2193;4470.46;6.14472;0;0;0.1;0.01;0;6.64895;0;0;-1
0;445;-24.9543;-7.30777;-10.317;8.54228;2611.02;5.13635;0;0;0.1;0.01;0;4.6988;0;0;-1
0;446;-25.1397;9.14515;-10.2571;9.43114;3513.83;5.67081;0;0;0.1;0.01;0;5.17461;0;0;-1
0;447;-27.433;28.4672;-10.582;10.2555;4518.13;6.16648;0;0;0.1;0.01;0;6.1503;0;0;-1
0;448;-28.3045;42.9599;-10.7765;9.06343;3118.65;5.44971;0;0;0.1;0.01;0;5.62536;0;0;-1
0;449;-24.4451;59.0704;-12.8489;8.80537;2859.77;5.29454;0;0;0.1;0.01;0;4.53575;0;0;-1
0;450;-24.7754;77.6985;-12.2472;9.85517;4009.41;5.92577;0;0;0.1;0.01;0;6.45286;0;0;-1
0;451;-24.8565;94.671;-14.013;10.1999;4445.05;6.13305;0;0;0.1;0.01;0;3.54443;0;0;-1
0;452;-13.5475;-83.3054;-11.0859;8.5;2572.44;5.11093;0;0;0.1;0.01;0;4.45466;1;0;-1
0;453;-12.7697;-65.4528;-13.2558;8.5;2572.44;5.11093;0;0;0.1;0.01;0;5.52552;1;0;-1
0;454;-12.6942;-48.4389;-9.7127;9.49539;3586.14;5.70944;0;0;0.1;0.01;0;6.60616;0;0;-1
0;455;-11.448;-32.3676;-11.7587;10.4018;4714.27;6.25445;0;0;0.1;0.01;0;7.25768;0;0;-1
0;456;-10.398;-14.2732;-10.7254;8.5;2572.44;5.11093;0;0;0.1;0.01;0;6.05947;1;0;-1
0;457;-10.7191;0.962508;-11.602;10.2021;4447.92;6.13437;0;0;0.1;0.01;0;7.16045;0;0;-1
0;458;-10.7306;16.9715;-11.6256;9.08701;3143.05;5.46389;0;0;0.1;0.01;0;5.76848;0;0;-1
0;459;-11.5889;34.2397;-12.5349;8.56015;2627.44;5.14709;0;0;0.1;0.01;0;4.61839;0;0;-1
0;460;-10.3556;50.9679;-10.6098;8.54843;2616.66;5.14005;0;0;0.1;0.01;0;5.22078;0;0;-1
0;461;-10.5243;67.4134;-11.6324;9.0735;3129.05;5.45576;0;0;0.1;0.01;0;5.91046;0;0;-1
0;462;-11.6979;87.2556;-12.4338;8.5;2572.44;5.11093;0;0;0.1;0.01;0;4.79473;1;0;-1
0;463;4.39389;-91.5493;-10.5878;8.69412;2752.74;5.22765;0;0;0.1;0.01;0;3.76667;0;0;-1
0;464;1.54174;-75.9928;-12.122;8.5;2572.44;5.11093;0;0;0.1;0.01;0;5.49147;1;0;-1
0;465;1.34593;-59.4768;-12.8544;8.86284;2916.13;5.3291;0;0;0.1;0.01;0;6.06192;0;0;-1
0;466;1.67972;-41.2618;-12.624;9.63019;3741.05;5.79049;0;0;0.1;0.01;0;6.53665;0;0;-1
0;467;1.26581;-21.5718;-10.4666;9.21799;3280.93;5.54264;0;0;0.1;0.01;0;6.60897;0;0;-1
0;468;1.59454;-7.44914;-12.1276;8.63646;2698.34;5.19298;0;0;0.1;0.01;0;6.1262;0;0;-1
0;469;3.28003;8.17289;-12.2764;10.1133;4332.79;6.08098;0;0;0.1;0.01;0;6.21178;0;0;-1
0;470;3.19186;25.1316;-13.5534;9.05314;3108.04;5.44352;0;0;0.1;0.01;0;4.72446;0;0;-1
0;471;1.98609;43.7596;-10.4934;9.3009;3370.26;5.5925;0;0;0.1;0.01;0;5.57856;0;0;-1
0;472;2.33509;59.5207;-10.7497;9.45512;3540.71;5.68523;0;0;0.1;0.01;0;6.58693;0;0;-1
0;473;2.70472;76.745;-10.3944;8.91847;2971.39;5.36255;0;0;0.1;0.01;0;6.03215;0;0;-1
0;474;3.09316;94.042;-11.4651;10.2647;4530.3;6.17202;0;0;0.1;0.01;0;4.45903;0;0;-1
0;475;18.8187;-85.178;-10.5366;9.35595;3430.46;5.6256;0;0;0.1;0.01;0;5.80033;0;0;-1
0;476;16.0707;-68.1913;-10.5177;9.47166;3559.32;5.69517;0;0;0.1;0.01;0;6.35318;0;0;-1
0;477;15.9639;-51.4703;-9.87237;9.86583;4022.44;5.93218;0;0;0.1;0.01;0;5.77811;0;0;-1
0;478;15.5217;-33.3894;-10.5164;9.65096;3765.3;5.80298;0;0;0.1;0.01;0;5.74281;0;0;-1
0;479;16.037;-16.296;-11.468;8.57311;2639.39;5.15489;0;0;0.1;0.01;0;5.90833;0;0;-1
0;480;16.4161;1.11767;-11.463;9.38448;3461.94;5.64275;0;0;0.1;0.01;0;5.58065;0;0;-1
0;481;19.4887;20.9025;-10.8799;9.88972;4051.73;5.94655;0;0;0.1;0.01;0;6.04979;0;0;-1
0;482;19.6222;38.1941;-13.1648;8.5;2572.44;5.11093;0;0;0.1;0.01;0;5.08617;1;0;-1
0;483;18.1855;54.5313;-11.4707;8.5;2572.44;5.11093;0;0;0.1;0.01;0;4.93089;1;0;-1
0;484;17.3055;71.438;-10.3211;10.3965;4707.06;6.25126;0;0;0.1;0.01;0;7.11024;0;0;-1
0;485;15.6986;84.9746;-12.574;8.5;2572.44;5.11093;0;0;0.1;0.01;0;5.45024;1;0;-1
0;486;31.9441;-93.7237;-12.0414;8.83098;2884.8;5.30994;0;0;0.1;0.01;0;1.85872;0;0;-1
0;487;33.3612;-76.6496;-12.325;9.41174;3492.19;5.65914;0;0;0.1;0.01;0;5.6518;0;0;-1
0;488;32.8907;-55.3922;-10.3543;9.45135;3536.47;5.68296;0;0;0.1;0.01;0;4.99221;0;0;-1
0;489;34.1665;-38.8893;-10.1242;9.62386;3733.67;5.78669;0;0;0.1;0.01;0;6.14363;0;0;-1
0;490;31.2313;-21.3571;-12.2789;9.89423;4057.28;5.94926;0;0;0.1;0.01;0;7.10732;0;0;-1
0;491;33.1397;-6.34006;-10.7814;8.88235;2935.43;5.34083;0;0;0.1;0.01;0;5.5627;0;0;-1
0;492;33.5002;11.7953;-12.9112;10.3784;4682.52;6.24038;0;0;0.1;0.01;0;7.02002;0;0;-1
0;493;31.4743;29.0528;-10.8322;9.24443;3309.25;5.55854;0;0;0.1;0.01;0;6.82178;0;0;-1
0;494;33.5348;46.2609;-13.2488;9.56238;3662.58;5.74972;0;0;0.1;0.01;0;5.9896;0;0;-1
0;495;32.7951;63.4867;-10.3675;8.6173;2680.42;5.18146;0;0;0.1;0.01;0;5.98445;0;0;-1
0;496;32.2659;79.3779;-10.128;10.0567;4260.45;6.04695;0;0;0.1;0.01;0;6.38632;0;0;-1
0;497;45.9657;-82.9385;-10.7934;8.5;2572.44;5.11093;0;0;0.1;0.01;0;4.15438;1;0;-1
0;498;48.1308;-67.8891;-11.4498;9.53328;3629.24;5.73222;0;0;0.1;0.01;0;6.01223;0;0;-1
0;499;47.7006;-47.7309;-11.967;9.34097;3414.01;5.61659;0;0;0.1;0.01;0;6.11565;0;0;-1
0;500;48.6188;-31.7085;-12.5265;9.05733;3112.36;5.44604;0;0;0.1;0.01;0;5.53943;0;0;-1
0;501;45.5568;-14.7371;-10.9481;9.15165;3210.6;5.50275;0;0;0.1;0.01;0;6.26718;0;0;-1
0;502;46.594;0.436096;-11.0274;10.1585;4391.14;6.10816;0;0;0.1;0.01;0;7.44537;0;0;-1
0;503;47.7344;18.1143;-13.4381;10.1742;4411.53;6.1176;0;0;0.1;0.01;0;7.74717;0;0;-1
0;504;47.9002;34.6482;-10.5416;9.51622;3609.79;5.72196;0;0;0.1;0.01;0;6.42916;0;0;-1
0;505;45.9444;55.1945;-12.4964;8.5;2572.44;5.11093;0;0;0.1;0.01;0;5.02054;1;0;-1
0;506;46.2864;68.4929;-10.0129;9.24156;3306.16;5.55682;0;0;0.1;0.01;0;6.17018;0;0;-1
0;507;47.6961;85.6426;-13.0974;8.6403;2701.94;5.19529;0;0;0.1;0.01;0;2.33712;0;0;-1
0;508;61.0944;-74.2473;-11.2887;10.3036;4582.01;6.19541;0;0;0.1;0.01;0;3.19824;0;0;-1
0;509;60.3056;-56.068;-13.3025;9.61516;3723.56;5.78146;0;0;0.1;0.01;0;6.39488;0;0;-1
0;510;61.439;-42.1487;-11.6221;9.39919;3478.24;5.6516;0;0;0.1;0.01;0;6.41324;0;0;-1
0;511;62.5781;-25.7812;-11.862;9.28468;3352.66;5.58274;0;0;0.1;0.01;0;5.84247;0;0;-1
0;512;62.7416;-7.65237;-11.5003;9.83406;3983.7;5.91308;0;0;0.1;0.01;0;6.46874;0;0;-1
0;513;60.7337;9.37248;-12.8097;10.2245;4477.29;6.14784;0;0;0.1;0.01;0;6.65798;0;0;-1
0;514;61.9696;28.7557;-10.2198;9.92591;4096.37;5.96831;0;0;0.1;0.01;0;6.30936;0;0;-1
0;515;62.6735;45.9887;-11.1303;9.50542;3597.51;5.71547;0;0;0.1;0.01;0;5.70311;0;0;-1
0;516;63.2342;63.5925;-10.7992;10.0981;4313.28;6.07184;0;0;0.1;0.01;0;5.33224;0;0;-1
0;517;61.0474;77.9258;-13.7913;8.90529;2958.24;5.35462;0;0;0.1;0.01;0;2.772;0;0;-1
0;518;77.6018;-47.5317;-10.8055;8.5;2572.44;5.11093;0;0;0.1;0.01;0;3.89217;1;0;-1
0;519;77.3358;-30.0375;-11.242;8.60685;2670.68;5.17517;0;0;0.1;0.01;0;5.62778;0;0;-1
0;520;75.2988;-14.4419;-10.8534;10.4528;4783.95;6.28512;0;0;0.1;0.01;0;7.80067;0;0;-1
0;521;74.9419;1.12028;-10.9922;8.5;2572.44;5.11093;0;0;0.1;0.01;0;6.16622;1;0;-1
0;522;76.6084;18.0072;-13.3387;8.69993;2758.26;5.23114;0;0;0.1;0.01;0;5.74893;0;0;-1
0;523;75.0652;34.8523;-12.7168;8.5;2572.44;5.11093;0;0;0.1;0.01;0;5.25423;1;0;-1
0;524;75.3425;51.483;-10.2308;9.24246;3307.13;5.55736;0;0;0.1;0.01;0;5.7197;0;0;-1
0;525;89.5836;-22.1794;-11.955;8.5;2572.44;5.11093;0;0;0.1;0.01;0;3.79073;1;0;-1
0;526;90.0694;-4.25127;-10.1462;9.67018;3787.85;5.81454;0;0;0.1;0.01;0;4.12104;0;0;-1
0;527;89.5572;12.0066;-11.0206;8.94815;3001.15;5.38039;0;0;0.1;0.01;0;4.80298;0;0;-1
0;528;89.425;27.0314;-11.1995;8.57982;2645.59;5.15892;0;0;0.1;0.01;0;4.51505;0;0;-1
0;529;89.2342;43.5624;-9.84201;10.0381;4236.85;6.03576;0;0;0.1;0.01;0;3.2947;0;0;-1
0;530;-93.9372;-16.5769;2.39715;9.45997;3546.16;5.68814;0;0;0.1;0.01;0;3.17025;0;0;-1
0;531;-95.6866;2.72943;3.43141;9.65336;3768.11;5.80443;0;0;0.1;0.01;0;3.78366;0;0;-1
0;532;-95.9081;18.6894;2.15932;10.2032;4449.36;6.13504;0;0;0.1;0.01;0;3.2389;0;0;-1
0;533;-79.6756;-55.9202;3.04238;8.5;2572.44;5.11093;0;0;0.1;0.01;0;2.63921;1;0;-1
0;534;-82.6266;-41.5217;4.68288;9.80047;3943.02;5.89288;0;0;0.1;0.01;0;4.17427;0;0;-1
0;535;-80.5968;-23.2256;2.97264;9.80139;3944.13;5.89343;0;0;0.1;0.01;0;6.45364;0;0;-1
0;536;-79.8656;-6.13457;3.72367;9.46528;3552.13;5.69134;0;0;0.1;0.01;0;5.92366;0;0;-1
0;537;-81.7943;10.3527;2.71477;8.90491;2957.86;5.35439;0;0;0.1;0.01;0;4.70787;0;0;-1
0;538;-80.6012;25.4941;1.2045;8.5;2572.44;5.11093;0;0;0.1;0.01;0;3.69522;1;0;-1
0;539;-82.6806;44.0757;2.76869;10.2457;4505.19;6.16059;0;0;0.1;0.01;0;4.42188;0;0;-1
0;540;-78.9054;61.128;3.37743;9.4202;3501.62;5.66423;0;0;0.1;0.01;0;2.55891;0;0;-1
0;541;-63.8856;-65.505;1.67643;8.86781;2921.04;5.33209;0;0;0.1;0.01;0;4.00821;0;0;-1
0;542;-64.2782;-47.2878;4.39977;10.2617;4526.33;6.17021;0;0;0.1;0.01;0;6.23322;0;0;-1
0;543;-68.3909;-33.05;3.55585;8.92266;2975.58;5.36507;0;0;0.1;0.01;0;5.75762;0;0;-1
0;544;-67.7959;-14.825;1.72369;10.4365;4761.6;6.27532;0;0;0.1;0.01;0;6.92572;0;0;-1
0;545;-67.194;0.398995;3.73377;10.3306;4618.12;6.21164;0;0;0.1;0.01;0;6.93336;0;0;-1
0;546;-64.7303;17.129;3.36819;10.4477;4776.95;6.28205;0;0;0.1;0.01;0;6.02007;0;0;-1
0;547;-65.1779;36.5245;3.09351;10.4249;4745.74;6.26834;0;0;0.1;0.01;0;6.60401;0;0;-1
0;548;-65.5639;52.0298;3.22636;9.47993;3568.65;5.70014;0;0;0.1;0.01;0;5.48062;0;0;-1
0;549;-64.9417;70.4108;3.16517;8.5;2572.44;5.11093;0;0;0.1;0.01;0;2.35003;1;0;-1
0;550;-49.9091;-75.3349;3.23972;8.5823;2647.89;5.16041;0;0;0.1;0.01;0;5.00591;0;0;-1
0;551;-50.3452;-59.3886;4.21364;8.71413;2771.79;5.23968;0;0;0.1;0.01;0;5.50677;0;0;-1
0;552;-50.9547;-42.329;3.34203;8.72965;2786.63;5.24901;0;0;0.1;0.01;0;5.46223;0;0;-1
0;553;-52.1134;-24.4727;3.65243;8.58632;2651.61;5.16283;0;0;0.1;0.01;0;4.18516;0;0;-1
0;554;-49.6376;-5.37626;2.15094;8.5;2572.44;5.11093;0;0;0.1;0.01;0;4.35452;1;0;-1
0;555;-52.3004;10.0571;3.74582;8.5;2572.44;5.11093;0;0;0.1;0.01;0;4.98749;1;0;-1
0;556;-52.7546;25.8387;2.69483;8.5;2572.44;5.11093;0;0;0.1;0.01;0;5.48561;1;0;-1
0;557;-50.2691;42.9888;5.11512;9.8444;3996.28;5.91929;0;0;0.1;0.01;0;5.97365;0;0;-1
0;558;-50.7543;63.462;1.83764;9.04923;3104.01;5.44117;0;0;0.1;0.01;0;5.21432;0;0;-1
0;559;-51.4541;78.1188;1.28546;9.76208;3896.87;5.8698;0;0;0.1;0.01;0;4.43826;0;0;-1
0;560;-34.9763;-84.0125;3.44241;9.36644;3442.01;5.6319;0;0;0.1;0.01;0;5.1549;0;0;-1
0;561;-38.5016;-67.385;3.24286;9.15764;3216.91;5.50636;0;0;0.1;0.01;0;5.35399;0;0;-1
0;562;-36.7034;-50.3905;4.12468;8.5;2572.44;5.11093;0;0;0.1;0.01;0;5.17264;1;0;-1
0;563;-35.8349;-32.6233;2.6805;9.95707;4135.07;5.98704;0;0;0.1;0.01;0;6.05397;0;0;-1
0;564;-38.0817;-14.0883;3.14936;8.97516;3028.41;5.39663;0;0;0.1;0.01;0;4.98361;0;0;-1
0;565;-36.6332;3.18195;4.0339;8.90095;2953.91;5.35201;0;0;0.1;0.01;0;5.85609;0;0;-1
0;566;-38.1423;19.9754;2.91292;10.1518;4382.46;6.10413;0;0;0.1;0.01;0;6.86502;0;0;-1
0;567;-38.1981;36.3097;1.02517;8.89588;2948.87;5.34896;0;0;0.1;0.01;0;5.93145;0;0;-1
0;568;-35.416;50.844;2.86409;9.82839;3976.82;5.90967;0;0;0.1;0.01;0;5.01426;0;0;-1
0;569;-35.7478;71.7418;1.33787;10.4423;4769.55;6.2788;0;0;0.1;0.01;0;6.28709;0;0;-1
0;570;-35.3296;87.8893;3.2945;9.58234;3685.56;5.76172;0;0;0.1;0.01;0;5.14496;0;0;-1
0;571;-20.7845;-93.6586;1.59963;9.51832;3612.18;5.72323;0;0;0.1;0.01;0;4.3111;0;0;-1
0;572;-20.5631;-76.6064;4.5943;8.53528;2604.61;5.13214;0;0;0.1;0.01;0;5.26376;0;0;-1
0;573;-23.6243;-57.6389;1.53943;9.2155;3278.27;5.54115;0;0;0.1;0.01;0;6.00316;0;0;-1
0;574;-23.2216;-40.356;2.14482;9.25268;3318.11;5.5635;0;0;0.1;0.01;0;6.418;0;0;-1
0;575;-21.1638;-23.0811;3.57516;8.5;2572.44;5.11093;0;0;0.1;0.01;0;5.39901;1;0;-1
0;576;-20.5817;-5.19348;3.33778;8.55675;2624.31;5.14505;0;0;0.1;0.01;0;6.16153;0;0;-1
0;577;-20.1902;9.99266;4.07099;10.1133;4332.79;6.08098;0;0;0.1;0.01;0;6.89995;0;0;-1
0;578;-23.9397;27.5261;1.88723;8.5874;2652.61;5.16348;0;0;0.1;0.01;0;3.99285;0;0;-1
0;579;-19.9315;46.9953;1.8329;9.19996;3261.72;5.5318;0;0;0.1;0.01;0;4.54621;0;0;-1
0;580;-22.0305;63.3246;2.16491;9.89483;4058.01;5.94962;0;0;0.1;0.01;0;6.65756;0;0;-1
0;581;-22.1864;77.5545;1.90897;9.60554;3712.39;5.77567;0;0;0.1;0.01;0;6.19867;0;0;-1
0;582;-23.367;96.238;1.35687;9.90756;4073.7;5.95727;0;0;0.1;0.01;0;3.41865;0;0;-1
0;583;-7.07127;-98.9529;0.930101;10.0776;4287.06;6.05951;0;0;0.1;0.01;0;2.97312;0;0;-1
0;584;-5.64222;-81.0535;3.71411;8.73414;2790.93;5.25171;0;0;0.1;0.01;0;5.62642;0;0;-1
0;585;-9.08361;-66.6462;2.77061;10.3839;4689.97;6.24369;0;0;0.1;0.01;0;5.75245;0;0;-1
0;586;-7.63307;-49.2495;2.30912;8.64791;2709.08;5.19986;0;0;0.1;0.01;0;5.09617;0;0;-1
0;587;-7.46348;-29.9734;2.51683;9.4445;3528.79;5.67884;0;0;0.1;0.01;0;6.35297;0;0;-1
0;588;-8.78122;-14.1913;3.11849;9.71029;3835.18;5.83866;0;0;0.1;0.01;0;6.87984;0;0;-1
0;589;-7.88654;1.80672;3.77439;8.5;2572.44;5.11093;0;0;0.1;0.01;0;5.90039;1;0;-1
0;590;-6.29986;17.3601;1.34073;8.51996;2590.61;5.12293;0;0;0.1;0.01;0;5.93091;0;0;-1
0;591;-6.16312;34.6565;3.70124;9.22465;3288.05;5.54665;0;0;0.1;0.01;0;5.50932;0;0;-1
0;592;-5.76004;51.8014;3.54237;8.5;2572.44;5.11093;0;0;0.1;0.01;0;5.86938;1;0;-1
0;593;-7.56854;71.7839;2.33103;10.3283;4615.04;6.21026;0;0;0.1;0.01;0;6.85549;0;0;-1
0;594;-9.20755;88.3781;3.67735;9.77079;3907.31;5.87503;0;0;0.1;0.01;0;4.97598;0;0;-1
0;595;8.04163;-92.1729;3.10092;8.71605;2773.63;5.24083;0;0;0.1;0.01;0;4.70607;0;0;-1
0;596;8.63635;-76.0912;1.8254;9.61678;3725.44;5.78243;0;0;0.1;0.01;0;7.03953;0;0;-1
0;597;5.95413;-58.9226;1.69001;10.096;4310.59;6.07058;0;0;0.1;0.01;0;6.91949;0;0;-1
0;598;7.03789;-42.7377;3.58803;9.83689;3987.15;5.91478;0;0;0.1;0.01;0;6.72812;0;0;-1
0;599;7.54787;-24.9352;1.84834;9.5353;3631.55;5.73344;0;0;0.1;0.01;0;6.50642;0;0;-1
0;600;9.3583;-8.46126;4.44198;10.1237;4346.17;6.08723;0;0;0.1;0.01;0;5.9294;0;0;-1
0;601;5.73503;10.4498;2.77565;8.89902;2951.99;5.35085;0;0;0.1;0.01;0;4.95989;0;0;-1
0;602;7.62833;25.4199;2.11752;9.91149;4078.55;5.95964;0;0;0.1;0.01;0;6.0884;0;0;-1
0;603;8.38498;44.0629;2.35182;8.5;2572.44;5.11093;0;0;0.1;0.01;0;5.0463;1;0;-1
0;604;6.91325;60.3891;1.62676;8.5;2572.44;5.11093;0;0;0.1;0.01;0;5.65785;1;0;-1
0;605;8.79988;76.5038;2.68228;8.62821;2690.61;5.18802;0;0;0.1;0.01;0;5.79808;0;0;-1
0;606;5.6102;97.9063;1.51836;9.70502;3828.93;5.83549;0;0;0.1;0.01;0;2.82601;0;0;-1
0;607;20.455;-85.288;2.178;8.5;2572.44;5.11093;0;0;0.1;0.01;0;4.15282;1;0;-1
0;608;23.7045;-66.3225;2.74;10.1485;4378.19;6.10215;0;0;0.1;0.01;0;5.92253;0;0;-1
0;609;22.3822;-47.3598;4.38327;8.61569;2678.91;5.18049;0;0;0.1;0.01;0;4.58446;0;0;-1
0;610;21.7425;-31.0908;1.47959;8.5;2572.44;5.11093;0;0;0.1;0.01;0;5.78967;1;0;-1
0;611;21.4306;-14.7045;1.49984;8.5;2572.44;5.11093;0;0;0.1;0.01;0;5.46814;1;0;-1
0;612;23.2014;4.33691;1.19719;9.49255;3582.92;5.70773;0;0;0.1;0.01;0;5.44811;0;0;-1
0;613;23.3868;20.8333;4.67098;9.56391;3664.33;5.75064;0;0;0.1;0.01;0;6.83867;0;0;-1
0;614;21.9863;37.2969;4.9626;8.5;2572.44;5.11093;0;0;0.1;0.01;0;5.65956;1;0;-1
0;615;22.7757;51.4223;3.72591;9.88732;4048.78;5.9451;0;0;0.1;0.01;0;6.64438;0;0;-1
0;616;21.1326;67.7537;1.65688;9.16445;3224.09;5.51045;0;0;0.1;0.01;0;5.95686;0;0;-1
0;617;21.4062;89.4973;1.13667;10.1186;4339.6;6.08417;0;0;0.1;0.01;0;4.04271;0;0;-1
0;618;38.041;-75.9245;1.65911;9.44408;3528.32;5.67859;0;0;0.1;0.01;0;6.03204;0;0;-1
0;619;38.5535;-59.603;4.02641;8.64248;2703.98;5.1966;0;0;0.1;0.01;0;5.22725;0;0;-1
0;620;34.9037;-40.1487;3.41405;8.9796;3032.91;5.3993;0;0;0.1;0.01;0;5.44992;0;0;-1
0;621;35.0461;-25.7244;1.19996;9.54414;3641.66;5.73875;0;0;0.1;0.01;0;6.10598;0;0;-1
0;622;38.0178;-8.85263;4.48739;9.35846;3433.22;5.62711;0;0;0.1;0.01;0;6.01251;0;0;-1
0;623;37.2319;9.08803;1.45527;9.51894;3612.89;5.7236;0;0;0.1;0.01;0;5.7455;0;0;-1
0;624;36.666;27.2487;2.87266;9.98295;4167.4;6.0026;0;0;0.1;0.01;0;6.51368;0;0;-1
0;625;35.9317;44.5374;1.21034;10.3932;4702.58;6.24928;0;0;0.1;0.01;0;6.88047;0;0;-1
0;626;36.1026;62.7079;3.83118;10.293;4567.88;6.18903;0;0;0.1;0.01;0;7.82572;0;0;-1
0;627;37.662;80.0008;2.52649;10.395;4705.03;6.25036;0;0;0.1;0.01;0;5.13944;0;0;-1
0;628;50.8414;-83.5315;2.90071;8.5;2572.44;5.11093;0;0;0.1;0.01;0;2.98711;1;0;-1
0;629;52.1808;-64.6095;4.04631;9.83279;3982.16;5.91231;0;0;0.1;0.01;0;5.58592;0;0;-1
0;630;50.3194;-48.4681;3.25772;10.1367;4362.93;6.09505;0;0;0.1;0.01;0;6.36204;0;0;-1
0;631;53.4062;-33.6518;4.79324;8.5;2572.44;5.11093;0;0;0.1;0.01;0;5.81321;1;0;-1
0;632;51.3843;-15.8295;2.99397;8.60239;2666.53;5.17249;0;0;0.1;0.01;0;5.11943;0;0;-1
0;633;52.1587;1.13799;2.46788;8.51441;2585.55;5.11959;0;0;0.1;0.01;0;5.43371;0;0;-1
0;634;52.3748;17.0497;1.66497;9.47502;3563.11;5.69719;0;0;0.1;0.01;0;7.31172;0;0;-1
0;635;50.1827;34.3901;2.73753;9.80689;3950.78;5.89674;0;0;0.1;0.01;0;6.23285;0;0;-1
0;636;51.3757;54.6317;4.70348;8.5;2572.44;5.11093;0;0;0.1;0.01;0;5.01804;1;0;-1
0;637;50.005;67.7099;3.26048;9.09874;3155.24;5.47094;0;0;0.1;0.01;0;4.70052;0;0;-1
0;638;68.0573;-56.0612;4.68552;9.91865;4087.39;5.96394;0;0;0.1;0.01;0;4.38676;0;0;-1
0;639;67.593;-39.0447;2.40098;9.67029;3787.97;5.81461;0;0;0.1;0.01;0;7.08968;0;0;-1
0;640;64.7296;-24.16;3.8986;8.59961;2663.94;5.17082;0;0;0.1;0.01;0;5.6767;0;0;-1
0;641;67.8232;-6.655;4.42637;8.5;2572.44;5.11093;0;0;0.1;0.01;0;4.86763;1;0;-1
0;642;65.6282;12.2011;3.83521;10.2544;4516.68;6.16582;0;0;0.1;0.01;0;6.72065;0;0;-1
0;643;65.4874;25.9313;3.93724;8.5;2572.44;5.11093;0;0;0.1;0.01;0;6.09748;1;0;-1
0;644;66.9161;44.3108;4.3603;9.40417;3483.77;5.65459;0;0;0.1;0.01;0;5.69847;0;0;-1
0;645;67.424;60.1805;4.32185;9.78995;3930.34;5.88655;0;0;0.1;0.01;0;4.46631;0;0;-1
0;646;82.3289;-47.3924;5.10423;9.16647;3226.23;5.51167;0;0;0.1;0.01;0;3.67631;0;0;-1
0;647;82.1686;-33.111;3.1867;10.4059;4719.84;6.25692;0;0;0.1;0.01;0;5.82368;0;0;-1
0;648;81.3965;-15.7986;3.84139;9.58771;3691.76;5.76495;0;0;0.1;0.01;0;6.49003;0;0;-1
0;649;79.7761;0.0539919;1.88126;9.17655;3236.88;5.51773;0;0;0.1;0.01;0;5.72922;0;0;-1
0;650;80.9764;18.2573;2.44858;9.17519;3235.44;5.51691;0;0;0.1;0.01;0;6.64377;0;0;-1
0;651;82.5359;36.104;4.08928;10.3563;4652.67;6.22709;0;0;0.1;0.01;0;5.55372;0;0;-1
0;652;82.7995;55.3;4.89773;9.98006;4163.78;6.00087;0;0;0.1;0.01;0;2.84971;0;0;-1
0;653;95.8383;-23.3875;2.10249;10.372;4673.86;6.23653;0;0;0.1;0.01;0;3.62941;0;0;-1
0;654;96.3549;-7.56623;4.22547;9.30892;3378.99;5.59732;0;0;0.1;0.01;0;3.40873;0;0;-1
0;655;94.5254;12.1181;1.93276;9.59168;3696.35;5.76734;0;0;0.1;0.01;0;4.21348;0;0;-1
0;656;94.3117;26.6335;4.47914;10.0281;4224.2;6.02975;0;0;0.1;0.01;0;4.46548;0;0;-1
0;657;-86.8348;-40.7521;19.2011;10.0139;4206.28;6.02121;0;0;0.1;0.01;0;3.22254;0;0;-1
0;658;-85.0803;-21.1771;18.557;9.39531;3473.94;5.64926;0;0;0.1;0.01;0;3.28319;0;0;-1
0;659;-84.8788;-4.98855;19.2744;9.9256;4095.99;5.96812;0;0;0.1;0.01;0;4.60228;0;0;-1
0;660;-86.6487;10.4821;17.189;9.41782;3498.97;5.6628;0;0;0.1;0.01;0;4.71365;0;0;-1
0;661;-85.7263;27.1103;18.3053;8.5;2572.44;5.11093;0;0;0.1;0.01;0;3.21643;1;0;-1
0;662;-84.2569;45.3296;18.9273;8.68184;2741.09;5.22026;0;0;0.1;0.01;0;2.72848;0;0;-1
0;663;-72.1101;-63.6401;19.8453;9.46219;3548.65;5.68948;0;0;0.1;0.01;0;3.35692;0;0;-1
0;664;-70.8108;-48.5641;16.6749;9.04696;3101.68;5.43981;0;0;0.1;0.01;0;6.11232;0;0;-1
0;665;-68.9833;-33.8705;19.1887;8.5;2572.44;5.11093;0;0;0.1;0.01;0;5.468;1;0;-1
0;666;-71.9599;-13.189;19.0196;9.90376;4069.01;5.95499;0;0;0.1;0.01;0;7.23421;0;0;-1
0;667;-69.3864;2.17195;19.7079;9.7357;3865.36;5.85394;0;0;0.1;0.01;0;6.93131;0;0;-1
0;668;-70.2489;18.6426;19.3007;9.64972;3763.85;5.80224;0;0;0.1;0.01;0;5.80133;0;0;-1
0;669;-70.2949;34.258;16.7463;8.77909;2834.24;5.27874;0;0;0.1;0.01;0;4.32303;0;0;-1
0;670;-70.2495;52.887;16.2626;8.5;2572.44;5.11093;0;0;0.1;0.01;0;3.91594;1;0;-1
0;671;-58.0222;-74.9498;17.119;10.065;4271;6.05194;0;0;0.1;0.01;0;4.51392;0;0;-1
0;672;-57.5012;-58.6526;18.7051;9.47117;3558.77;5.69488;0;0;0.1;0.01;0;6.43919;0;0;-1
0;673;-56.2028;-39.538;17.4607;10.2399;4497.55;6.1571;0;0;0.1;0.01;0;7.40296;0;0;-1
0;674;-57.0818;-23.2739;16.9191;8.9323;2985.23;5.37086;0;0;0.1;0.01;0;5.73301;0;0;-1
0;675;-55.1869;-6.46338;16.0505;9.97374;4155.88;5.99707;0;0;0.1;0.01;0;6.24335;0;0;-1
0;676;-57.128;8.61878;17.4068;8.70387;2762.01;5.23351;0;0;0.1;0.01;0;5.38467;0;0;-1
0;677;-55.3822;26.7721;16.7895;9.65507;3770.12;5.80545;0;0;0.1;0.01;0;5.70879;0;0;-1
0;678;-54.9718;46.8977;18.9381;8.5;2572.44;5.11093;0;0;0.1;0.01;0;4.35273;1;0;-1
0;679;-53.991;61.934;18.2836;8.67427;2733.93;5.21571;0;0;0.1;0.01;0;3.80805;0;0;-1
0;680;-53.7961;78.0483;19.6605;9.60026;3706.27;5.7725;0;0;0.1;0.01;0;2.6384;0;0;-1
0;681;-41.6983;-84.6153;16.8491;9.64536;3758.75;5.79962;0;0;0.1;0.01;0;4.32855;0;0;-1
0;682;-40.6314;-67.4662;17.7341;8.98447;3037.85;5.40223;0;0;0.1;0.01;0;5.51389;0;0;-1
0;683;-40.4647;-47.7811;16.7426;9.09298;3149.25;5.46748;0;0;0.1;0.01;0;5.26069;0;0;-1
0;684;-42.5287;-33.0322;18.1944;9.56256;3662.78;5.74983;0;0;0.1;0.01;0;6.35549;0;0;-1
0;685;-42.1535;-13.7596;16.4878;8.5;2572.44;5.11093;0;0;0.1;0.01;0;4.91401;1;0;-1
0;686;-39.9902;2.28246;17.7268;8.8338;2887.56;5.31164;0;0;0.1;0.01;0;5.08302;0;0;-1
0;687;-42.2111;18.6818;18.4637;8.81873;2872.81;5.30257;0;0;0.1;0.01;0;5.4325;0;0;-1
0;688;-41.1622;33.7399;18.2784;8.97255;3025.77;5.39506;0;0;0.1;0.01;0;5.18926;0;0;-1
0;689;-39.7065;53.2147;18.5416;8.97931;3032.62;5.39913;0;0;0.1;0.01;0;4.73835;0;0;-1
0;690;-39.5876;71.4855;16.4009;10.2106;4459.05;6.13949;0;0;0.1;0.01;0;5.90327;0;0;-1
0;691;-41.598;87.7462;18.5409;8.98874;3042.18;5.4048;0;0;0.1;0.01;0;2.93125;0;0;-1
0;692;-27.7631;-93.4546;16.8279;10.4523;4783.26;6.28482;0;0;0.1;0.01;0;3.97954;0;0;-1
0;693;-27.5065;-72.8546;18.5037;9.83112;3980.13;5.91131;0;0;0.1;0.01;0;6.16466;0;0;-1
0;694;-25.3717;-56.7116;16.2809;8.5;2572.44;5.11093;0;0;0.1;0.01;0;4.45056;1;0;-1
0;695;-24.5033;-40.3823;17.8409;8.88227;2935.35;5.34078;0;0;0.1;0.01;0;5.48651;0;0;-1
0;696;-28.3615;-24.7241;16.3184;9.59361;3698.58;5.7685;0;0;0.1;0.01;0;6.0477;0;0;-1
0;697;-28.3775;-7.18353;16.0146;9.33032;3402.34;5.61019;0;0;0.1;0.01;0;5.29205;0;0;-1
0;698;-26.9598;10.6787;16.4891;9.60486;3711.6;5.77526;0;0;0.1;0.01;0;6.09126;0;0;-1
0;699;-27.4493;28.0506;17.3634;9.05772;3112.76;5.44628;0;0;0.1;0.01;0;5.12749;0;0;-1
0;700;-25.4614;45.9302;17.6342;9.58543;3689.13;5.76358;0;0;0.1;0.01;0;5.76764;0;0;-1
0;701;-28.1566;62.0581;16.4024;9.01678;3070.74;5.42166;0;0;0.1;0.01;0;5.90451;0;0;-1
0;702;-27.4117;80.413;16.3146;10.1887;4430.42;6.12632;0;0;0.1;0.01;0;5.89079;0;0;-1
0;703;-13.2908;-83.6086;17.6375;9.77088;3907.42;5.87509;0;0;0.1;0.01;0;5.45751;0;0;-1
0;704;-13.7281;-65.6467;17.0263;8.5;2572.44;5.11093;0;0;0.1;0.01;0;4.20878;1;0;-1
0;705;-11.1838;-47.5325;16.2694;9.7905;3931;5.88689;0;0;0.1;0.01;0;5.44846;0;0;-1
0;706;-12.3558;-30.7851;19.3438;8.63701;2698.85;5.19331;0;0;0.1;0.01;0;5.76205;0;0;-1
0;707;-11.5499;-16.1877;17.4733;9.71429;3839.92;5.84106;0;0;0.1;0.01;0;6.34246;0;0;-1
0;708;-13.6705;1.6625;17.1281;10.0878;4300.09;6.06565;0;0;0.1;0.01;0;7.02481;0;0;-1
0;709;-13.1789;20.7892;16.6114;10.0841;4295.36;6.06342;0;0;0.1;0.01;0;6.26954;0;0;-1
0;710;-10.957;37.3171;17.2908;8.97727;3030.55;5.3979;0;0;0.1;0.01;0;5.49492;0;0;-1
0;711;-10.0194;52.3622;18.3025;10.1287;4352.61;6.09024;0;0;0.1;0.01;0;6.64303;0;0;-1
0;712;-11.6697;68.4251;18.3672;8.59754;2662.02;5.16958;0;0;0.1;0.01;0;5.20892;0;0;-1
0;713;-11.054;85.2593;18.6663;8.5;2572.44;5.11093;0;0;0.1;0.01;0;3.73778;1;0;-1
0;714;1.68312;-91.9813;17.437;10.248;4508.23;6.16197;0;0;0.1;0.01;0;3.90969;0;0;-1
0;715;4.58083;-72.2717;15.9875;8.68782;2746.76;5.22386;0;0;0.1;0.01;0;5.15572;0;0;-1
0;716;2.81728;-56.9742;17.3328;8.5;2572.44;5.11093;0;0;0.1;0.01;0;5.54429;1;0;-1
0;717;2.96255;-39.8523;16.6698;9.887;4048.39;5.94491;0;0;0.1;0.01;0;6.58584;0;0;-1
0;718;2.38569;-24.4661;16.4699;8.82136;2875.38;5.30416;0;0;0.1;0.01;0;5.63646;0;0;-1
0;719;4.97438;-8.37403;17.1158;8.57217;2638.52;5.15432;0;0;0.1;0.01;0;4.74425;0;0;-1
0;720;4.17253;9.65181;16.3865;9.89258;4055.25;5.94826;0;0;0.1;0.01;0;4.8916;0;0;-1
0;721;2.16121;28.5087;16.6401;9.95865;4137.04;5.98799;0;0;0.1;0.01;0;6.24792;0;0;-1
0;722;2.533;46.1904;15.6182;8.5982;2662.63;5.16997;0;0;0.1;0.01;0;5.80288;0;0;-1
0;723;2.66204;63.4024;15.8894;10.4039;4717.12;6.25571;0;0;0.1;0.01;0;6.71411;0;0;-1
0;724;0.99455;77.9641;15.9378;8.66392;2724.16;5.20949;0;0;0.1;0.01;0;5.68484;0;0;-1
0;725;4.69865;93.0933;17.7717;8.70908;2766.98;5.23664;0;0;0.1;0.01;0;2.89263;0;0;-1
0;726;17.7781;-82.3799;17.104;10.0453;4245.97;6.04009;0;0;0.1;0.01;0;5.13126;0;0;-1
0;727;15.799;-64.4121;16.382;8.5;2572.44;5.11093;0;0;0.1;0.01;0;4.94377;1;0;-1
0;728;16.0234;-50.0852;18.303;9.61978;3728.93;5.78423;0;0;0.1;0.01;0;5.55364;0;0;-1
0;729;18.9297;-33.9815;18.1007;8.5;2572.44;5.11093;0;0;0.1;0.01;0;4.31545;1;0;-1
0;730;18.3547;-17.0123;17.342;9.30503;3374.75;5.59498;0;0;0.1;0.01;0;5.776;0;0;-1
0;731;17.4661;2.71738;18.49;8.54447;2613.03;5.13767;0;0;0.1;0.01;0;4.73824;0;0;-1
0;732;16.5778;21.1389;16.219;9.14026;3198.63;5.49591;0;0;0.1;0.01;0;6.27678;0;0;-1
0;733;16.5149;37.0667;17.4436;8.88866;2941.69;5.34462;0;0;0.1;0.01;0;5.88854;0;0;-1
0;734;19.663;52.9292;17.6988;8.85858;2911.93;5.32654;0;0;0.1;0.01;0;5.16857;0;0;-1
0;735;16.4161;69.7755;17.3895;8.51644;2587.4;5.12081;0;0;0.1;0.01;0;5.15702;0;0;-1
0;736;17.9159;85.6744;16.4537;9.17315;3233.29;5.51568;0;0;0.1;0.01;0;3.56702;0;0;-1
0;737;33.1773;-92.4865;15.9311;9.05955;3114.64;5.44738;0;0;0.1;0.01;0;1.69006;0;0;-1
0;738;33.7859;-73.765;16.1019;9.51316;3606.31;5.72013;0;0;0.1;0.01;0;5.47866;0;0;-1
0;739;33.1797;-55.2444;18.0144;9.15668;3215.9;5.50578;0;0;0.1;0.01;0;4.54281;0;0;-1
0;740;33.6526;-39.0258;18.0743;8.5;2572.44;5.11093;0;0;0.1;0.01;0;5.3295;1;0;-1
0;741;31.4377;-24.4843;16.3363;9.37929;3456.2;5.63963;0;0;0.1;0.01;0;6.48298;0;0;-1
0;742;30.7096;-8.06088;18.5962;9.30862;3378.66;5.59714;0;0;0.1;0.01;0;5.4993;0;0;-1
0;743;30.5295;11.567;17.017;8.87722;2930.35;5.33774;0;0;0.1;0.01;0;5.13305;0;0;-1
0;744;32.0946;26.8748;16.7682;8.78131;2836.39;5.28007;0;0;0.1;0.01;0;5.40111;0;0;-1
0;745;33.2148;45.771;16.5201;8.5;2572.44;5.11093;0;0;0.1;0.01;0;5.28935;1;0;-1
0;746;30.4894;63.4366;19.4735;9.08213;3137.99;5.46095;0;0;0.1;0.01;0;6.81659;0;0;-1
0;747;30.6485;77.814;17.8485;9.25776;3323.58;5.56656;0;0;0.1;0.01;0;5.18569;0;0;-1
0;748;45.3061;-81.2479;16.089;9.99665;4184.58;6.01084;0;0;0.1;0.01;0;4.70921;0;0;-1
0;749;48.9041;-67.6388;17.0055;8.61752;2680.62;5.18159;0;0;0.1;0.01;0;5.08406;0;0;-1
0;750;47.5125;-48.1712;18.5996;8.5;2572.44;5.11093;0;0;0.1;0.01;0;4.60406;1;0;-1
0;751;46.7632;-31.8981;16.6099;9.52674;3621.78;5.72829;0;0;0.1;0.01;0;6.82988;0;0;-1
0;752;46.3594;-15.3167;17.5074;9.96599;4146.2;5.99241;0;0;0.1;0.01;0;6.40287;0;0;-1
0;753;46.2061;4.3922;19.4811;9.61473;3723.06;5.7812;0;0;0.1;0.01;0;5.43051;0;0;-1
0;754;48.7923;20.4704;17.3392;9.77667;3914.37;5.87857;0;0;0.1;0.01;0;6.22846;0;0;-1
0;755;46.8639;34.8824;18.9846;8.5;2572.44;5.11093;0;0;0.1;0.01;0;5.23487;1;0;-1
0;756;45.0854;54.0927;16.5892;10.1386;4365.39;6.09619;0;0;0.1;0.01;0;6.57498;0;0;-1
0;757;46.9815;68.9791;17.78;8.7934;2848.13;5.28734;0;0;0.1;0.01;0;5.04304;0;0;-1
0;758;45.9401;86.0489;19.6655;8.5;2572.44;5.11093;0;0;0.1;0.01;0;1.28291;1;0;-1
0;759;61.2231;-75.4427;17.4895;9.74749;3879.42;5.86102;0;0;0.1;0.01;0;2.82162;0;0;-1
0;760;62.3055;-57.9525;18.1606;8.5;2572.44;5.11093;0;0;0.1;0.01;0;4.94866;1;0;-1
0;761;62.5596;-38.713;16.7025;10.097;4311.87;6.07118;0;0;0.1;0.01;0;7.49652;0;0;-1
0;762;60.4195;-24.2777;16.5093;9.90118;4065.83;5.95344;0;0;0.1;0.01;0;7.54587;0;0;-1
0;763;60.3724;-7.40273;16.7505;8.93108;2984.01;5.37013;0;0;0.1;0.01;0;4.81169;0;0;-1
0;764;62.4611;10.6027;16.9704;9.45392;3539.36;5.6845;0;0;0.1;0.01;0;5.77977;0;0;-1
0;765;61.6891;28.5345;16.4777;10.2254;4478.47;6.14838;0;0;0.1;0.01;0;7.2226;0;0;-1
0;766;61.8654;45.2103;19.0349;8.67367;2733.36;5.21535;0;0;0.1;0.01;0;6.0808;0;0;-1
0;767;62.2902;63.636;19.045;10.0225;4217.13;6.02638;0;0;0.1;0.01;0;4.83403;0;0;-1
0;768;75.9048;-50.2071;19.5112;8.70096;2759.24;5.23176;0;0;0.1;0.01;0;3.01338;0;0;-1
0;769;76.0467;-33.4794;18.3419;10.0886;4301.12;6.06613;0;0;0.1;0.01;0;6.13341;0;0;-1
0;770;77.6221;-16.9533;16.7495;8.5;2572.44;5.11093;0;0;0.1;0.01;0;4.96058;1;0;-1
0;771;74.8826;0.852131;19.4056;8.71841;2775.88;5.24225;0;0;0.1;0.01;0;4.44626;0;0;-1
0;772;76.4904;20.1035;16.1869;9.82373;3971.16;5.90687;0;0;0.1;0.01;0;6.53806;0;0;-1
0;773;74.8209;37.9206;19.0691;10.3722;4674.14;6.23665;0;0;0.1;0.01;0;6.73474;0;0;-1
0;774;76.5217;52.4247;18.7555;8.77615;2831.4;5.27697;0;0;0.1;0.01;0;4.58166;0;0;-1
0;775;91.5283;-22.0677;18.6354;9.7875;3927.39;5.88508;0;0;0.1;0.01;0;4.34642;0;0;-1
0;776;92.7484;-7.3555;19.9366;8.5;2572.44;5.11093;0;0;0.1;0.01;0;2.62037;1;0;-1
0;777;91.7001;9.32258;16.2189;9.05672;3111.73;5.44567;0;0;0.1;0.01;0;2.5279;0;0;-1
0;778;89.4641;26.8414;17.391;9.35384;3428.14;5.62433;0;0;0.1;0.01;0;4.07998;0;0;-1
0;779;-93.5849;2.41055;34.5649;8.55786;2625.33;5.14572;0;0;0.1;0.01;0;2.84603;0;0;-1
0;780;-82.0391;-39.7109;31.6378;9.85962;4014.85;5.92845;0;0;0.1;0.01;0;3.15472;0;0;-1
0;781;-79.6882;-25.0878;32.4532;9.32437;3395.84;5.60661;0;0;0.1;0.01;0;4.2517;0;0;-1
0;782;-78.9992;-6.08989;34.0237;9.22038;3283.49;5.54408;0;0;0.1;0.01;0;5.97825;0;0;-1
0;783;-80.1766;10.0438;31.816;8.73128;2788.19;5.24999;0;0;0.1;0.01;0;4.89455;0;0;-1
0;784;-82.7039;25.8713;30.9214;9.40262;3482.05;5.65366;0;0;0.1;0.01;0;2.74852;0;0;-1
0;785;-79.9076;46.0345;31.348;8.54151;2610.31;5.13589;0;0;0.1;0.01;0;2.20299;0;0;-1
0;786;-65.9578;-66.8914;33.9556;9.46889;3556.2;5.69351;0;0;0.1;0.01;0;3.41842;0;0;-1
0;787;-66.6254;-47.6762;32.2325;9.70994;3834.76;5.83845;0;0;0.1;0.01;0;4.7926;0;0;-1
0;788;-64.3016;-30.7704;34.2058;9.95636;4134.19;5.98661;0;0;0.1;0.01;0;6.55736;0;0;-1
0;789;-66.7739;-15.5636;31.0226;8.5;2572.44;5.11093;0;0;0.1;0.01;0;5.95208;1;0;-1
0;790;-65.6081;0.0142086;34.1233;8.9441;2997.08;5.37796;0;0;0.1;0.01;0;5.98641;0;0;-1
0;791;-66.55;18.129;33.8892;8.5;2572.44;5.11093;0;0;0.1;0.01;0;4.43001;1;0;-1
0;792;-64.407;35.1718;31.6544;8.58667;2651.94;5.16304;0;0;0.1;0.01;0;4.16579;0;0;-1
0;793;-66.843;53.0594;33.2011;9.91933;4088.23;5.96435;0;0;0.1;0.01;0;3.57269;0;0;-1
0;794;-53.1854;-73.3251;30.6184;10.1149;4334.84;6.08194;0;0;0.1;0.01;0;4.85143;0;0;-1
0;795;-50.1847;-58.7154;30.985;9.48167;3570.62;5.70119;0;0;0.1;0.01;0;6.02662;0;0;-1
0;796;-49.8366;-38.4046;31.6517;9.72083;3847.68;5.84499;0;0;0.1;0.01;0;6.1295;0;0;-1
0;797;-52.804;-21.2951;31.1185;8.5;2572.44;5.11093;0;0;0.1;0.01;0;4.91516;1;0;-1
0;798;-52.7081;-7.28837;34.1919;9.66627;3783.25;5.81219;0;0;0.1;0.01;0;4.47702;0;0;-1
0;799;-51.6692;11.8707;31.7788;8.5;2572.44;5.11093;0;0;0.1;0.01;0;4.16124;1;0;-1
0;800;-50.7127;29.4036;32.6093;8.5;2572.44;5.11093;0;0;0.1;0.01;0;5.23725;1;0;-1
0;801;-52.7796;43.3391;33.1255;8.5;2572.44;5.11093;0;0;0.1;0.01;0;5.24055;1;0;-1
0;802;-51.6435;60.0672;33.9731;8.5;2572.44;5.11093;0;0;0.1;0.01;0;4.23788;1;0;-1
0;803;-35.6404;-85.3972;34.2814;10.1766;4414.65;6.11904;0;0;0.1;0.01;0;3.63712;0;0;-1
0;804;-38.0035;-66.3771;31.2849;8.5;2572.44;5.11093;0;0;0.1;0.01;0;4.55922;1;0;-1
0;805;-37.9467;-47.2915;33.1287;9.74583;3877.44;5.86003;0;0;0.1;0.01;0;5.96749;0;0;-1
0;806;-34.4744;-33.0304;33.0312;10.2533;4515.23;6.16516;0;0;0.1;0.01;0;6.52117;0;0;-1
0;807;-35.1754;-16.2765;32.7137;8.8572;2910.57;5.32571;0;0;0.1;0.01;0;4.12969;0;0;-1
0;808;-35.3377;2.98175;32.2955;8.80953;2863.83;5.29704;0;0;0.1;0.01;0;4.53438;0;0;-1
0;809;-38.3057;17.6697;32.7578;8.96634;3019.49;5.39133;0;0;0.1;0.01;0;4.89894;0;0;-1
0;810;-36.9766;37.9442;31.6588;9.65063;3764.92;5.80278;0;0;0.1;0.01;0;6.08255;0;0;-1
0;811;-36.8426;52.4709;32.4185;8.9865;3039.91;5.40345;0;0;0.1;0.01;0;5.22364;0;0;-1
0;812;-37.9058;69.198;32.1241;8.5;2572.44;5.11093;0;0;0.1;0.01;0;3.35679;1;0;-1
0;813;-20.9663;-91.0286;34.0197;9.86408;4020.3;5.93113;0;0;0.1;0.01;0;3.76495;0;0;-1
0;814;-22.9278;-74.3022;32.231;8.5;2572.44;5.11093;0;0;0.1;0.01;0;5.1194;1;0;-1
0;815;-22.8375;-57.0531;34.4217;8.61747;2680.57;5.18156;0;0;0.1;0.01;0;4.58483;0;0;-1
0;816;-21.8596;-42.7391;31.8905;8.61331;2676.69;5.17906;0;0;0.1;0.01;0;5.67995;0;0;-1
0;817;-20.4335;-21.6635;31.38;8.5;2572.44;5.11093;0;0;0.1;0.01;0;3.95824;1;0;-1
0;818;-20.9572;-4.75464;34.0524;9.37895;3455.82;5.63943;0;0;0.1;0.01;0;5.90076;0;0;-1
0;819;-21.7848;11.1934;31.6478;8.93559;2988.53;5.37284;0;0;0.1;0.01;0;5.87772;0;0;-1
0;820;-22.9948;29.3686;33.784;9.49202;3582.32;5.70741;0;0;0.1;0.01;0;5.55435;0;0;-1
0;821;-20.737;44.2975;33.8094;9.19925;3260.96;5.53138;0;0;0.1;0.01;0;6.29441;0;0;-1
0;822;-20.4345;59.6998;30.9774;8.65751;2718.11;5.20564;0;0;0.1;0.01;0;5.12077;0;0;-1
0;823;-21.7735;76.7163;32.6716;10.0526;4255.24;6.04448;0;0;0.1;0.01;0;4.738;0;0;-1
0;824;-6.8194;-81.4825;33.0067;10.2345;4490.44;6.15386;0;0;0.1;0.01;0;5.73708;0;0;-1
0;825;-7.58137;-65.851;32.0433;9.11861;3175.96;5.48289;0;0;0.1;0.01;0;4.85365;0;0;-1
0;826;-8.80867;-46.9428;30.7963;9.1191;3176.47;5.48318;0;0;0.1;0.01;0;5.15025;0;0;-1
0;827;-5.4599;-32.6319;31.1716;8.5;2572.44;5.11093;0;0;0.1;0.01;0;4.74303;1;0;-1
0;828;-8.84184;-13.1755;31.5881;10.4144;4731.42;6.26203;0;0;0.1;0.01;0;6.59277;0;0;-1
0;829;-7.46494;3.47544;31.9491;9.30981;3379.96;5.59785;0;0;0.1;0.01;0;6.08592;0;0;-1
0;830;-6.85308;21.0001;33.6339;10.0649;4270.88;6.05188;0;0;0.1;0.01;0;5.67633;0;0;-1
0;831;-7.48009;37.7972;34.0804;9.13604;3194.2;5.49337;0;0;0.1;0.01;0;6.14338;0;0;-1
0;832;-5.85124;51.7252;33.6916;8.5;2572.44;5.11093;0;0;0.1;0.01;0;5.49245;1;0;-1
0;833;-7.20126;69.7836;32.3992;8.73803;2794.66;5.25405;0;0;0.1;0.01;0;4.35076;0;0;-1
0;834;-6.78291;88.6496;31.1303;8.56897;2635.57;5.1524;0;0;0.1;0.01;0;2.16742;0;0;-1
0;835;8.24777;-89.4376;34.6627;8.757;2812.9;5.26546;0;0;0.1;0.01;0;3.18155;0;0;-1
0;836;7.70438;-74.4765;32.4972;10.4534;4784.77;6.28548;0;0;0.1;0.01;0;7.03323;0;0;-1
0;837;6.34425;-58.9451;31.8165;8.79873;2853.31;5.29055;0;0;0.1;0.01;0;5.10358;0;0;-1
0;838;8.4871;-42.9166;33.1982;10.0561;4259.68;6.04659;0;0;0.1;0.01;0;6.75131;0;0;-1
0;839;6.86258;-23.8821;32.7519;8.90408;2957.03;5.35389;0;0;0.1;0.01;0;4.87939;0;0;-1
0;840;7.21378;-6.04704;33.7205;9.87605;4034.95;5.93833;0;0;0.1;0.01;0;6.05147;0;0;-1
0;841;5.65094;8.79034;34.3835;9.10205;3158.68;5.47293;0;0;0.1;0.01;0;4.74176;0;0;-1
0;842;8.33983;27.8199;31.0426;9.25309;3318.55;5.56375;0;0;0.1;0.01;0;5.15935;0;0;-1
0;843;6.79204;42.8915;30.5906;10.1876;4428.99;6.12566;0;0;0.1;0.01;0;6.42083;0;0;-1
0;844;8.6344;61.5761;30.898;8.68436;2743.48;5.22178;0;0;0.1;0.01;0;4.75596;0;0;-1
0;845;9.12094;78.9327;31.9055;9.46328;3549.88;5.69013;0;0;0.1;0.01;0;4.70507;0;0;-1
0;846;23.1442;-82.6627;33.8564;9.93443;4106.93;5.97343;0;0;0.1;0.01;0;4.76637;0;0;-1
0;847;22.6493;-67.9632;33.0044;9.85623;4010.71;5.92641;0;0;0.1;0.01;0;5.4037;0;0;-1
0;848;23.867;-47.7364;33.3852;8.90151;2954.47;5.35235;0;0;0.1;0.01;0;5.89517;0;0;-1
0;849;21.1356;-32.2891;32.4681;10.1635;4397.63;6.11117;0;0;0.1;0.01;0;7.03805;0;0;-1
0;850;22.1178;-14.005;32.216;10.1553;4386.99;6.10623;0;0;0.1;0.01;0;6.79671;0;0;-1
0;851;22.3396;0.48122;30.9431;8.92445;2977.37;5.36614;0;0;0.1;0.01;0;5.1267;0;0;-1
0;852;23.0063;19.3351;30.4837;9.06881;3124.2;5.45294;0;0;0.1;0.01;0;4.82242;0;0;-1
0;853;22.111;37.5572;33.9841;9.3486;3422.38;5.62118;0;0;0.1;0.01;0;5.73739;0;0;-1
0;854;23.7974;51.3861;32.574;9.90615;4071.96;5.95642;0;0;0.1;0.01;0;6.81276;0;0;-1
0;855;22.331;68.7606;30.9998;8.75237;2808.44;5.26267;0;0;0.1;0.01;0;5.90389;0;0;-1
0;856;20.8559;89.3904;34.224;9.34689;3420.5;5.62015;0;0;0.1;0.01;0;1.60198;0;0;-1
0;857;35.7833;-74.7208;32.7947;8.5;2572.44;5.11093;0;0;0.1;0.01;0;3.42756;1;0;-1
0;858;37.1867;-55.0853;32.8417;9.55435;3653.36;5.74489;0;0;0.1;0.01;0;5.76243;0;0;-1
0;859;35.5751;-38.4174;30.8867;8.5;2572.44;5.11093;0;0;0.1;0.01;0;5.3084;1;0;-1
0;860;37.4984;-21.9811;32.1829;8.5;2572.44;5.11093;0;0;0.1;0.01;0;4.75481;1;0;-1
0;861;35.8997;-4.8134;33.2069;9.17157;3231.62;5.51473;0;0;0.1;0.01;0;5.72672;0;0;-1
0;862;38.7412;9.35337;32.4816;8.59517;2659.82;5.16815;0;0;0.1;0.01;0;4.91409;0;0;-1
0;863;38.1052;25.5594;32.9996;9.81869;3965.06;5.90384;0;0;0.1;0.01;0;5.59327;0;0;-1
0;864;38.3501;43.1657;33.0945;9.76301;3897.98;5.87036;0;0;0.1;0.01;0;6.01918;0;0;-1
0;865;35.3788;61.8631;33.7052;9.76121;3895.83;5.86927;0;0;0.1;0.01;0;6.62534;0;0;-1
0;866;36.8588;77.2514;32.1619;10.0224;4217;6.02632;0;0;0.1;0.01;0;5.2362;0;0;-1
0;867;52.8287;-64.6689;31.9332;9.06145;3116.6;5.44852;0;0;0.1;0.01;0;3.97339;0;0;-1
0;868;53.1687;-49.3384;32.1248;9.43641;3519.73;5.67398;0;0;0.1;0.01;0;5.65621;0;0;-1
0;869;52.0684;-33.3844;32.4023;9.52844;3623.71;5.72931;0;0;0.1;0.01;0;6.13897;0;0;-1
0;870;51.5461;-17.3167;31.5958;9.93219;4104.15;5.97208;0;0;0.1;0.01;0;6.32016;0;0;-1
0;871;53.2129;0.91737;33.8738;10.0205;4214.6;6.02518;0;0;0.1;0.01;0;6.86811;0;0;-1
0;872;52.4621;17.8202;33.3859;8.9672;3020.36;5.39185;0;0;0.1;0.01;0;6.01762;0;0;-1
0;873;53.4735;38.1463;32.2401;8.9671;3020.26;5.39179;0;0;0.1;0.01;0;6.03711;0;0;-1
0;874;53.2652;53.1811;33.3252;9.60563;3712.5;5.77573;0;0;0.1;0.01;0;6.96904;0;0;-1
0;875;51.427;68.3323;32.4179;9.14929;3208.12;5.50134;0;0;0.1;0.01;0;4.86774;0;0;-1
0;876;67.2598;-58.0705;32.4286;8.83388;2887.64;5.31168;0;0;0.1;0.01;0;3.29178;0;0;-1
0;877;67.6944;-38.6029;31.5497;9.31078;3381.01;5.59844;0;0;0.1;0.01;0;5.34533;0;0;-1
0;878;66.3894;-21.816;31.9669;9.12977;3187.63;5.4896;0;0;0.1;0.01;0;5.27159;0;0;-1
0;879;66.9428;-4.76997;32.6231;9.85842;4013.38;5.92772;0;0;0.1;0.01;0;5.72467;0;0;-1
0;880;67.2106;10.3568;32.9751;8.94914;3002.15;5.38099;0;0;0.1;0.01;0;6.55319;0;0;-1
0;881;66.2113;28.0067;33.7876;8.61621;2679.4;5.1808;0;0;0.1;0.01;0;5.82206;0;0;-1
0;882;67.3127;45.6415;31.0844;9.11558;3172.79;5.48107;0;0;0.1;0.01;0;6.46632;0;0;-1
0;883;67.0132;59.5015;32.0797;9.87652;4035.53;5.93861;0;0;0.1;0.01;0;4.75437;0;0;-1
0;884;79.9445;-30.2599;33.8319;9.91075;4077.63;5.95919;0;0;0.1;0.01;0;4.39695;0;0;-1
0;885;80.1778;-15.969;30.72;8.8039;2858.34;5.29366;0;0;0.1;0.01;0;4.50591;0;0;-1
0;886;79.6589;3.68727;33.5467;10.0827;4293.58;6.06258;0;0;0.1;0.01;0;4.94776;0;0;-1
0;887;80.7103;19.7005;34.1917;8.73611;2792.82;5.2529;0;0;0.1;0.01;0;3.84993;0;0;-1
0;888;80.5439;33.6377;31.9238;8.98096;3034.29;5.40012;0;0;0.1;0.01;0;4.25667;0;0;-1
0;889;-86.3539;-6.44655;47.2343;9.7781;3916.08;5.87943;0;0;0.1;0.01;0;3.24494;0;0;-1
0;890;-85.6636;9.85611;47.7961;10.4049;4718.48;6.25632;0;0;0.1;0.01;0;3.02313;0;0;-1
0;891;-69.0168;-49.9839;48.7938;10.4318;4755.17;6.27249;0;0;0.1;0.01;0;2.88094;0;0;-1
0;892;-69.392;-33.7469;47.9858;8.5;2572.44;5.11093;0;0;0.1;0.01;0;4.09367;1;0;-1
0;893;-69.3666;-13.3671;47.694;9.91875;4087.52;5.964;0;0;0.1;0.01;0;5.72615;0;0;-1
0;894;-71.5157;0.838341;46.7826;8.91111;2964.04;5.35812;0;0;0.1;0.01;0;5.62299;0;0;-1
0;895;-68.5671;18.0377;47.0542;8.75571;2811.66;5.26468;0;0;0.1;0.01;0;3.93412;0;0;-1
0;896;-70.5802;36.4587;49.3698;9.25688;3322.63;5.56603;0;0;0.1;0.01;0;1.72291;0;0;-1
0;897;-56.6377;-59.6032;46.1501;8.92538;2978.3;5.3667;0;0;0.1;0.01;0;4.10098;0;0;-1
0;898;-57.0566;-39.1316;47.603;9.30218;3371.65;5.59327;0;0;0.1;0.01;0;5.77795;0;0;-1
0;899;-57.0499;-23.262;47.2609;8.5;2572.44;5.11093;0;0;0.1;0.01;0;5.45251;1;0;-1
0;900;-56.8274;-6.91428;48.8053;9.56046;3660.37;5.74857;0;0;0.1;0.01;0;5.90516;0;0;-1
0;901;-54.5966;12.7545;45.9878;8.6949;2753.48;5.22812;0;0;0.1;0.01;0;4.4192;0;0;-1
0;902;-57.7044;29.7423;45.9823;8.5;2572.44;5.11093;0;0;0.1;0.01;0;4.65745;1;0;-1
0;903;-56.3049;45.9434;47.0265;8.5;2572.44;5.11093;0;0;0.1;0.01;0;4.45979;1;0;-1
0;904;-54.4389;61.3015;46.418;8.73256;2789.42;5.25076;0;0;0.1;0.01;0;3.49942;0;0;-1
0;905;-40.6447;-64.3894;45.8795;8.77308;2828.43;5.27513;0;0;0.1;0.01;0;3.66334;0;0;-1
0;906;-40.4044;-50.5772;48.2016;9.14813;3206.9;5.50064;0;0;0.1;0.01;0;5.1589;0;0;-1
0;907;-43.1998;-30.0728;46.0955;10.1709;4407.24;6.11561;0;0;0.1;0.01;0;6.05302;0;0;-1
0;908;-41.5071;-14.2989;49.0763;8.5;2572.44;5.11093;0;0;0.1;0.01;0;4.98733;1;0;-1
0;909;-41.6375;0.771616;49.2614;8.65928;2719.78;5.2067;0;0;0.1;0.01;0;4.5983;0;0;-1
0;910;-42.0977;16.7763;48.2739;10.2808;4551.66;6.1817;0;0;0.1;0.01;0;5.92218;0;0;-1
0;911;-42.3301;35.8743;45.2264;8.59133;2656.26;5.16584;0;0;0.1;0.01;0;4.94894;0;0;-1
0;912;-41.2214;53.2393;48.903;10.1348;4360.48;6.09391;0;0;0.1;0.01;0;6.53506;0;0;-1
0;913;-42.4859;69.7218;48.0943;9.85071;4003.97;5.92309;0;0;0.1;0.01;0;4.2375;0;0;-1
0;914;-27.8301;-76.7428;46.7416;9.0812;3137.03;5.46039;0;0;0.1;0.01;0;2.96218;0;0;-1
0;915;-26.1719;-55.5073;48.3174;8.59395;2658.69;5.16742;0;0;0.1;0.01;0;5.99622;0;0;-1
0;916;-27.6848;-41.4903;46.528;9.63897;3751.29;5.79577;0;0;0.1;0.01;0;7.5766;0;0;-1
0;917;-28.03;-24.2544;49.4397;8.5;2572.44;5.11093;0;0;0.1;0.01;0;4.80483;1;0;-1
0;918;-25.703;-8.79672;47.3245;8.5;2572.44;5.11093;0;0;0.1;0.01;0;4.63793;1;0;-1
0;919;-26.6724;12.0291;46.5389;9.92574;4096.16;5.9682;0;0;0.1;0.01;0;5.77871;0;0;-1
0;920;-26.9593;29.5809;48.556;10.2075;4454.99;6.13762;0;0;0.1;0.01;0;7.0617;0;0;-1
0;921;-26.3528;45.1527;48.8372;9.22863;3292.31;5.54904;0;0;0.1;0.01;0;6.11719;0;0;-1
0;922;-25.8925;60.8793;46.5189;10.3198;4603.65;6.20515;0;0;0.1;0.01;0;6.8716;0;0;-1
0;923;-25.5681;79.3345;48.5011;9.1597;3219.08;5.50759;0;0;0.1;0.01;0;3.17612;0;0;-1
0;924;-12.3633;-80.7862;46.0152;8.874;2927.16;5.33581;0;0;0.1;0.01;0;3.07151;0;0;-1
0;925;-11.8844;-64.6877;47.9617;8.62741;2689.86;5.18754;0;0;0.1;0.01;0;4.45621;0;0;-1
0;926;-13.4924;-47.9745;46.5716;10.3686;4669.27;6.23449;0;0;0.1;0.01;0;7.51962;0;0;-1
0;927;-12.6921;-33.5681;49.1087;10.005;4195.08;6.01586;0;0;0.1;0.01;0;5.88152;0;0;-1
0;928;-11.4136;-13.8829;48.691;9.93402;4106.42;5.97318;0;0;0.1;0.01;0;6.77244;0;0;-1
0;929;-11.0342;0.267921;46.109;9.49154;3581.78;5.70713;0;0;0.1;0.01;0;6.65112;0;0;-1
0;930;-13.173;19.51;47.8657;10.0132;4205.4;6.02079;0;0;0.1;0.01;0;6.25877;0;0;-1
0;931;-11.2549;37.0959;49.0571;8.84922;2902.71;5.32091;0;0;0.1;0.01;0;6.45;0;0;-1
0;932;-12.2008;52.5432;48.7871;9.02879;3083.03;5.42888;0;0;0.1;0.01;0;7.20788;0;0;-1
0;933;-11.7491;69.7926;48.0764;10.1432;4371.33;6.09896;0;0;0.1;0.01;0;5.86693;0;0;-1
0;934;-12.8187;86.6161;47.9971;8.5;2572.44;5.11093;0;0;0.1;0.01;0;1.6649;1;0;-1
0;935;2.05827;-73.1372;45.8798;8.5;2572.44;5.11093;0;0;0.1;0.01;0;4.91155;1;0;-1
0;936;1.6152;-59.435;46.6232;8.99434;3047.87;5.40817;0;0;0.1;0.01;0;5.60827;0;0;-1
0;937;2.35483;-42.2784;46.961;9.40872;3488.83;5.65733;0;0;0.1;0.01;0;5.65193;0;0;-1
0;938;1.4465;-22.4083;48.5044;9.3869;3464.62;5.64421;0;0;0.1;0.01;0;5.81965;0;0;-1
0;939;4.30753;-5.39005;49.0437;9.50215;3593.8;5.7135;0;0;0.1;0.01;0;6.81164;0;0;-1
0;940;3.22033;8.86886;49.2385;9.40384;3483.41;5.65439;0;0;0.1;0.01;0;5.8083;0;0;-1
0;941;1.82094;29.638;47.3274;8.5;2572.44;5.11093;0;0;0.1;0.01;0;5.04975;1;0;-1
0;942;1.08494;45.5426;47.5991;8.53776;2606.88;5.13363;0;0;0.1;0.01;0;6.17181;0;0;-1
0;943;1.48638;60.6212;45.6738;9.03964;3094.15;5.4354;0;0;0.1;0.01;0;5.4369;0;0;-1
0;944;4.93357;79.7294;48.6603;10.1102;4328.8;6.07912;0;0;0.1;0.01;0;3.00517;0;0;-1
0;945;18.9318;-84.4722;48.8942;8.82496;2878.9;5.30632;0;0;0.1;0.01;0;1.9537;0;0;-1
0;946;18.2852;-65.9323;46.7115;9.13393;3191.99;5.4921;0;0;0.1;0.01;0;4.69352;0;0;-1
0;947;16.9261;-49.4144;46.285;8.5;2572.44;5.11093;0;0;0.1;0.01;0;4.61414;1;0;-1
0;948;19.3952;-34.4026;45.9315;10.2763;4545.68;6.17899;0;0;0.1;0.01;0;6.56584;0;0;-1
0;949;16.1487;-14.8579;48.4568;9.22523;3288.67;5.547;0;0;0.1;0.01;0;6.34077;0;0;-1
0;950;18.78;1.80904;48.5184;8.50641;2578.26;5.11478;0;0;0.1;0.01;0;5.65698;0;0;-1
0;951;17.3911;17.4863;46.778;9.55479;3653.86;5.74516;0;0;0.1;0.01;0;5.23467;0;0;-1
0;952;16.0255;36.3973;49.0148;8.5;2572.44;5.11093;0;0;0.1;0.01;0;4.95137;1;0;-1
0;953;19.2372;50.8475;45.5609;9.03341;3087.76;5.43166;0;0;0.1;0.01;0;5.1127;0;0;-1
0;954;17.4127;71.0973;46.7934;9.52319;3617.73;5.72616;0;0;0.1;0.01;0;4.54265;0;0;-1
0;955;33.2068;-74.2748;48.7915;8.9766;3029.87;5.3975;0;0;0.1;0.01;0;3.24472;0;0;-1
0;956;33.1114;-57.1347;47.8291;9.60965;3717.16;5.77814;0;0;0.1;0.01;0;6.04726;0;0;-1
0;957;33.4754;-39.2138;45.8223;9.85133;4004.73;5.92346;0;0;0.1;0.01;0;6.54179;0;0;-1
0;958;30.7975;-22.5132;46.1741;9.98303;4167.5;6.00265;0;0;0.1;0.01;0;6.38929;0;0;-1
0;959;31.9817;-5.04493;47.7724;9.48791;3577.67;5.70494;0;0;0.1;0.01;0;5.83519;0;0;-1
0;960;33.2569;12.0649;47.644;9.44032;3524.1;5.67633;0;0;0.1;0.01;0;5.47944;0;0;-1
0;961;30.6867;25.7859;46.9795;9.75134;3884.02;5.86334;0;0;0.1;0.01;0;6.52725;0;0;-1
0;962;32.7074;43.2111;48.5174;8.95476;3007.81;5.38437;0;0;0.1;0.01;0;6.11718;0;0;-1
0;963;31.888;59.3286;48.612;9.99243;4179.28;6.0083;0;0;0.1;0.01;0;6.93183;0;0;-1
0;964;30.9352;76.2515;47.6996;9.44588;3530.33;5.67967;0;0;0.1;0.01;0;4.12551;0;0;-1
0;965;45.9689;-63.701;46.5682;8.50235;2574.57;5.11234;0;0;0.1;0.01;0;3.30938;0;0;-1
0;966;46.1761;-47.4736;47.5718;10.2055;4452.37;6.13642;0;0;0.1;0.01;0;6.42896;0;0;-1
0;967;47.65;-31.4606;46.2957;8.5;2572.44;5.11093;0;0;0.1;0.01;0;5.04272;1;0;-1
0;968;45.2316;-13.9397;49.0321;9.26855;3335.22;5.57304;0;0;0.1;0.01;0;5.88907;0;0;-1
0;969;45.896;-0.222052;45.375;8.5;2572.44;5.11093;0;0;0.1;0.01;0;5.34706;1;0;-1
0;970;47.7144;20.7844;46.8808;10.0206;4214.73;6.02524;0;0;0.1;0.01;0;7.16725;0;0;-1
0;971;45.3059;36.6201;48.5877;9.44979;3534.72;5.68202;0;0;0.1;0.01;0;6.80038;0;0;-1
0;972;46.4695;54.7693;49.105;9.69619;3818.49;5.83018;0;0;0.1;0.01;0;5.88169;0;0;-1
0;973;45.6629;72.0076;48.4248;9.86394;4020.13;5.93104;0;0;0.1;0.01;0;3.34213;0;0;-1
0;974;63.7025;-58.7692;46.4852;8.74716;2803.43;5.25954;0;0;0.1;0.01;0;2.38231;0;0;-1
0;975;62.0108;-42.3792;47.6492;9.36522;3440.67;5.63117;0;0;0.1;0.01;0;5.04758;0;0;-1
0;976;59.8934;-24.073;48.5224;8.5;2572.44;5.11093;0;0;0.1;0.01;0;4.8601;1;0;-1
0;977;63.6055;-8.69974;46.8148;10.1425;4370.42;6.09854;0;0;0.1;0.01;0;6.67261;0;0;-1
0;978;60.6622;8.1351;47.1494;9.86993;4027.46;5.93465;0;0;0.1;0.01;0;6.38174;0;0;-1
0;979;61.5226;26.8083;46.1099;9.90075;4065.3;5.95318;0;0;0.1;0.01;0;6.42599;0;0;-1
0;980;60.1704;43.6478;46.0409;10.1384;4365.13;6.09607;0;0;0.1;0.01;0;6.24447;0;0;-1
0;981;61.1641;61.0028;46.9967;9.12844;3186.24;5.4888;0;0;0.1;0.01;0;3.76111;0;0;-1
0;982;77.2969;-30.3701;48.6499;8.61289;2676.3;5.17881;0;0;0.1;0.01;0;2.62241;0;0;-1
0;983;77.1307;-17.1006;47.7274;8.5;2572.44;5.11093;0;0;0.1;0.01;0;3.16188;1;0;-1
0;984;75.5645;1.83161;46.5468;9.84126;3992.46;5.91741;0;0;0.1;0.01;0;5.04681;0;0;-1
0;985;78.6898;17.3364;48.7981;10.0526;4255.24;6.04448;0;0;0.1;0.01;0;4.1851;0;0;-1
0;986;75.2845;34.6949;45.9211;10.2898;4563.62;6.18711;0;0;0.1;0.01;0;4.40644;0;0;-1
0;987;-65.6125;-30.2894;62.2587;8.57744;2643.39;5.15749;0;0;0.1;0.01;0;3.43818;0;0;-1
0;988;-66.5774;-15.422;63.5506;8.87947;2932.58;5.3391;0;0;0.1;0.01;0;3.5407;0;0;-1
0;989;-66.6934;0.547745;61.3342;8.52153;2592.04;5.12387;0;0;0.1;0.01;0;3.48053;0;0;-1
0;990;-66.152;19.5111;63.9362;9.60852;3715.85;5.77746;0;0;0.1;0.01;0;3.3555;0;0;-1
0;991;-51.8172;-58.4781;60.4516;9.06277;3117.97;5.44931;0;0;0.1;0.01;0;2.13718;0;0;-1
0;992;-51.4177;-38.7576;63.6248;10.4312;4754.35;6.27213;0;0;0.1;0.01;0;5.19731;0;0;-1
0;993;-50.7479;-24.5007;63.3053;8.99047;3043.94;5.40584;0;0;0.1;0.01;0;6.41201;0;0;-1
0;994;-52.7072;-8.7918;61.3388;8.75928;2815.1;5.26683;0;0;0.1;0.01;0;4.57238;0;0;-1
0;995;-53.4885;10.329;61.6475;10.3467;4639.75;6.22132;0;0;0.1;0.01;0;5.60426;0;0;-1
0;996;-53.0241;27.1237;62.1096;8.5119;2583.26;5.11808;0;0;0.1;0.01;0;4.04269;0;0;-1
0;997;-51.7534;46.522;61.8017;9.49673;3587.66;5.71025;0;0;0.1;0.01;0;3.02792;0;0;-1
0;998;-36.3714;-47.557;60.518;9.31429;3384.84;5.60055;0;0;0.1;0.01;0;6.18485;0;0;-1
0;999;-36.9138;-33.1663;64.1657;8.56914;2635.73;5.1525;0;0;0.1;0.01;0;5.89198;0;0;-1
0;1000;-35.4722;-15.6567;62.6736;9.77893;3917.08;5.87993;0;0;0.1;0.01;0;6.62032;0;0;-1
0;1001;-36.1639;1.4552;63.9609;8.73934;2795.92;5.25484;0;0;0.1;0.01;0;4.87485;0;0;-1
0;1002;-35.0673;19.587;62.225;8.80965;2863.94;5.29711;0;0;0.1;0.01;0;5.88869;0;0;-1
0;1003;-35.2267;37.09;60.6642;9.96828;4149.06;5.99378;0;0;0.1;0.01;0;6.29351;0;0;-1
0;1004;-38.3059;52.2562;63.8419;9.47991;3568.63;5.70013;0;0;0.1;0.01;0;3.94451;0;0;-1
0;1005;-38.3175;67.9582;60.6999;9.61487;3723.22;5.78128;0;0;0.1;0.01;0;3.18168;0;0;-1
0;1006;-21.3198;-73.2314;63.7679;8.5;2572.44;5.11093;0;0;0.1;0.01;0;1.71361;1;0;-1
0;1007;-23.2911;-57.0283;62.2435;10.4;4711.82;6.25337;0;0;0.1;0.01;0;6.18712;0;0;-1
0;1008;-22.2416;-40.8635;61.3935;10.2717;4539.58;6.17622;0;0;0.1;0.01;0;8.02966;0;0;-1
0;1009;-21.302;-22.7339;63.6588;8.53442;2603.82;5.13162;0;0;0.1;0.01;0;6.24397;0;0;-1
0;1010;-21.9752;-5.56904;62.1291;10.3597;4657.26;6.22914;0;0;0.1;0.01;0;6.43904;0;0;-1
0;1011;-22.1228;10.5213;60.851;8.5;2572.44;5.11093;0;0;0.1;0.01;0;3.63218;1;0;-1
0;1012;-23.7877;26.8079;63.5254;9.01866;3072.66;5.42279;0;0;0.1;0.01;0;4.69319;0;0;-1
0;1013;-22.4094;44.4755;62.8128;9.87176;4029.7;5.93575;0;0;0.1;0.01;0;6.77152;0;0;-1
0;1014;-21.8311;59.7033;60.1769;8.81698;2871.1;5.30152;0;0;0.1;0.01;0;5.43772;0;0;-1
0;1015;-7.87707;-67.6925;60.3443;8.52518;2595.37;5.12607;0;0;0.1;0.01;0;3.8912;0;0;-1
0;1016;-7.87077;-47.7037;63.13;10.2311;4485.96;6.15181;0;0;0.1;0.01;0;6.71496;0;0;-1
0;1017;-5.56276;-29.8886;63.3946;9.05885;3113.92;5.44696;0;0;0.1;0.01;0;6.57525;0;0;-1
0;1018;-6.85372;-15.3359;60.9686;8.54701;2615.36;5.13919;0;0;0.1;0.01;0;6.62561;0;0;-1
0;1019;-8.78522;0.61874;60.7697;8.5;2572.44;5.11093;0;0;0.1;0.01;0;4.7131;1;0;-1
0;1020;-6.95451;20.8343;60.3913;8.92528;2978.2;5.36664;0;0;0.1;0.01;0;4.61704;0;0;-1
0;1021;-8.83188;36.0074;63.5789;9.68264;3802.51;5.82203;0;0;0.1;0.01;0;7.04832;0;0;-1
0;1022;-6.4726;52.1433;61.0335;9.64341;3756.48;5.79844;0;0;0.1;0.01;0;7.58262;0;0;-1
0;1023;-7.43307;67.6675;60.8761;10.3052;4584.14;6.19637;0;0;0.1;0.01;0;4.93741;0;0;-1
0;1024;5.31749;-73.7708;61.9515;8.5;2572.44;5.11093;0;0;0.1;0.01;0;2.23759;1;0;-1
0;1025;6.8729;-57.4073;62.3048;10.176;4413.87;6.11868;0;0;0.1;0.01;0;5.81662;0;0;-1
0;1026;7.74462;-39.3528;61.0377;8.5;2572.44;5.11093;0;0;0.1;0.01;0;4.55346;1;0;-1
0;1027;6.38362;-22.6907;62.3508;9.92312;4092.92;5.96663;0;0;0.1;0.01;0;6.71077;0;0;-1
0;1028;9.17409;-6.37308;62.4714;10.2402;4497.94;6.15728;0;0;0.1;0.01;0;6.85564;0;0;-1
0;1029;8.78217;12.1994;62.2422;8.66534;2725.5;5.21034;0;0;0.1;0.01;0;4.78892;0;0;-1
0;1030;7.91731;26.3214;63.4147;8.5;2572.44;5.11093;0;0;0.1;0.01;0;5.49432;1;0;-1
0;1031;7.42257;42.0756;60.0844;10.2988;4575.6;6.19252;0;0;0.1;0.01;0;6.63396;0;0;-1
0;1032;6.63899;63.0829;63.2898;9.3194;3390.41;5.60362;0;0;0.1;0.01;0;4.62394;0;0;-1
0;1033;21.2995;-63.8662;60.9617;8.5;2572.44;5.11093;0;0;0.1;0.01;0;3.70144;1;0;-1
0;1034;23.2565;-50.2968;61.9504;8.5;2572.44;5.11093;0;0;0.1;0.01;0;4.43465;1;0;-1
0;1035;20.9414;-32.3598;61.0296;8.5;2572.44;5.11093;0;0;0.1;0.01;0;3.83418;1;0;-1
0;1036;24.2148;-12.6736;60.3677;8.5;2572.44;5.11093;0;0;0.1;0.01;0;5.40517;1;0;-1
0;1037;20.6107;2.95407;61.7845;8.5;2572.44;5.11093;0;0;0.1;0.01;0;5.06437;1;0;-1
0;1038;23.0808;19.795;63.7336;10.3275;4613.96;6.20978;0;0;0.1;0.01;0;7.342;0;0;-1
0;1039;21.9253;37.8449;63.1537;8.70203;2760.26;5.2324;0;0;0.1;0.01;0;5.68721;0;0;-1
0;1040;21.578;53.1584;60.4212;8.5;2572.44;5.11093;0;0;0.1;0.01;0;5.29632;1;0;-1
0;1041;22.1349;69.1066;61.3909;9.0674;3122.75;5.4521;0;0;0.1;0.01;0;3.39123;0;0;-1
0;1042;34.6674;-59.7308;63.5388;8.5;2572.44;5.11093;0;0;0.1;0.01;0;2.17412;1;0;-1
0;1043;36.156;-39.3409;62.5718;9.23923;3303.66;5.55541;0;0;0.1;0.01;0;4.51303;0;0;-1
0;1044;38.1859;-22.8169;61.8966;8.81792;2872.02;5.30209;0;0;0.1;0.01;0;4.89494;0;0;-1
0;1045;35.7955;-5.05593;62.6121;8.95321;3006.25;5.38344;0;0;0.1;0.01;0;4.80148;0;0;-1
0;1046;38.2706;12.2861;61.3838;9.45337;3538.74;5.68417;0;0;0.1;0.01;0;5.64751;0;0;-1
0;1047;37.9509;26.2065;60.2484;8.5;2572.44;5.11093;0;0;0.1;0.01;0;6.7322;1;0;-1
0;1048;35.5218;43.3607;63.5198;9.23679;3301.05;5.55395;0;0;0.1;0.01;0;5.62952;0;0;-1
0;1049;38.664;60.4733;63.3808;9.72555;3853.28;5.84783;0;0;0.1;0.01;0;3.94789;0;0;-1
0;1050;53.4584;-48.7341;61.7438;9.52246;3616.9;5.72572;0;0;0.1;0.01;0;3.22449;0;0;-1
0;1051;50.3653;-33.3945;60.8899;8.5;2572.44;5.11093;0;0;0.1;0.01;0;4.87631;1;0;-1
0;1052;51.0272;-15.2824;62.138;9.58171;3684.83;5.76134;0;0;0.1;0.01;0;5.69772;0;0;-1
0;1053;50.0352;0.793891;62.6957;8.5;2572.44;5.11093;0;0;0.1;0.01;0;4.12944;1;0;-1
0;1054;50.5552;20.6976;60.9291;8.5;2572.44;5.11093;0;0;0.1;0.01;0;5.723;1;0;-1
0;1055;50.8699;34.8058;61.822;9.8158;3961.56;5.9021;0;0;0.1;0.01;0;6.0163;0;0;-1
0;1056;53.6956;53.0076;62.7346;10.1404;4367.71;6.09728;0;0;0.1;0.01;0;3.14311;0;0;-1
0;1057;67.0779;-40.8551;60.8964;10.4293;4751.76;6.27099;0;0;0.1;0.01;0;2.85351;0;0;-1
0;1058;64.4554;-21.5168;62.1442;8.5;2572.44;5.11093;0;0;0.1;0.01;0;2.95855;1;0;-1
0;1059;64.4402;-5.4409;61.8748;8.5;2572.44;5.11093;0;0;0.1;0.01;0;4.07917;1;0;-1
0;1060;66.7712;9.19566;60.6577;9.7064;3830.57;5.83632;0;0;0.1;0.01;0;3.28695;0;0;-1
0;1061;65.1726;25.0311;60.1647;8.80062;2855.15;5.29169;0;0;0.1;0.01;0;2.81856;0;0;-1
0;1062;-54.4241;-23.7668;75.9847;9.34551;3418.99;5.61932;0;0;0.1;0.01;0;3.60293;0;0;-1
0;1063;-56.5065;-4.69909;78.7083;8.5;2572.44;5.11093;0;0;0.1;0.01;0;1.6633;1;0;-1
0;1064;-54.9461;10.6804;76.2449;9.32397;3395.4;5.60637;0;0;0.1;0.01;0;3.90492;0;0;-1
0;1065;-56.4415;29.7243;75.0148;10.447;4775.99;6.28163;0;0;0.1;0.01;0;3.2351;0;0;-1
0;1066;-40.0287;-48.964;77.0278;8.5;2572.44;5.11093;0;0;0.1;0.01;0;2.24507;1;0;-1
0;1067;-42.2478;-30.7961;77.7932;8.79456;2849.25;5.28804;0;0;0.1;0.01;0;4.74903;0;0;-1
0;1068;-40.3979;-15.9268;75.0983;9.98709;4172.59;6.00509;0;0;0.1;0.01;0;6.54565;0;0;-1
0;1069;-40.4551;2.86773;77.9496;9.51488;3608.27;5.72116;0;0;0.1;0.01;0;5.72975;0;0;-1
0;1070;-41.6367;17.7777;74.6442;8.54694;2615.29;5.13915;0;0;0.1;0.01;0;5.54982;0;0;-1
0;1071;-39.3203;33.6803;76.4782;9.87209;4030.1;5.93594;0;0;0.1;0.01;0;4.1433;0;0;-1
0;1072;-24.3936;-55.1621;76.9415;9.73996;3870.44;5.8565;0;0;0.1;0.01;0;3.46795;0;0;-1
0;1073;-26.2703;-40.8486;74.9483;9.02504;3079.19;5.42663;0;0;0.1;0.01;0;5.50548;0;0;-1
0;1074;-27.4677;-23.154;76.5345;10.0637;4269.35;6.05116;0;0;0.1;0.01;0;7.01438;0;0;-1
0;1075;-27.2506;-4.51905;77.8968;9.34698;3420.6;5.6202;0;0;0.1;0.01;0;6.54899;0;0;-1
0;1076;-24.98;12.2916;77.044;9.04555;3100.23;5.43896;0;0;0.1;0.01;0;5.77422;0;0;-1
0;1077;-25.7882;26.5307;77.3016;9.31413;3384.66;5.60045;0;0;0.1;0.01;0;5.89681;0;0;-1
0;1078;-25.3432;43.7265;77.7611;9.28589;3353.97;5.58347;0;0;0.1;0.01;0;3.80763;0;0;-1
0;1079;-10.0665;-47.811;76.3979;8.80812;2862.45;5.29619;0;0;0.1;0.01;0;4.92457;0;0;-1
0;1080;-12.4513;-31.1444;76.4191;10.2266;4480.05;6.14911;0;0;0.1;0.01;0;7.47882;0;0;-1
0;1081;-12.8026;-16.1723;74.6137;9.40462;3484.27;5.65486;0;0;0.1;0.01;0;7.35173;0;0;-1
0;1082;-13.5664;0.328699;78.4978;10.2202;4471.64;6.14526;0;0;0.1;0.01;0;6.59501;0;0;-1
0;1083;-11.4828;20.5717;78.3194;8.95194;3004.97;5.38267;0;0;0.1;0.01;0;5.81021;0;0;-1
0;1084;-10.8841;36.5084;76.7762;10.0821;4292.81;6.06222;0;0;0.1;0.01;0;7.27534;0;0;-1
0;1085;-11.9904;51.5995;76.308;9.93362;4105.93;5.97294;0;0;0.1;0.01;0;4.78414;0;0;-1
0;1086;3.54195;-58.8473;76.6031;10.3992;4710.73;6.25289;0;0;0.1;0.01;0;3.37172;0;0;-1
0;1087;1.37739;-42.2323;78.481;8.5;2572.44;5.11093;0;0;0.1;0.01;0;4.97733;1;0;-1
0;1088;4.7684;-23.2446;76.3375;10.0445;4244.96;6.03961;0;0;0.1;0.01;0;6.80823;0;0;-1
0;1089;1.29761;-7.59494;78.2436;9.92445;4094.57;5.96743;0;0;0.1;0.01;0;6.26954;0;0;-1
0;1090;3.27265;11.4205;77.6328;8.90179;2954.75;5.35252;0;0;0.1;0.01;0;4.54052;0;0;-1
0;1091;1.50517;27.3599;77.7778;9.65841;3774.03;5.80746;0;0;0.1;0.01;0;7.23971;0;0;-1
0;1092;2.54043;42.4962;76.4675;10.3015;4579.2;6.19414;0;0;0.1;0.01;0;6.33695;0;0;-1
0;1093;4.04233;61.3711;76.5654;9.70352;3827.16;5.83459;0;0;0.1;0.01;0;3.29291;0;0;-1
0;1094;16.4728;-49.5981;74.9902;8.82222;2876.22;5.30467;0;0;0.1;0.01;0;3.51626;0;0;-1
0;1095;17.4659;-30.74;77.8458;9.94785;4123.6;5.9815;0;0;0.1;0.01;0;6.04486;0;0;-1
0;1096;18.4973;-13.123;74.6104;9.11763;3174.93;5.4823;0;0;0.1;0.01;0;6.14212;0;0;-1
0;1097;16.7209;3.33681;76.3105;8.78297;2838;5.28107;0;0;0.1;0.01;0;5.25115;0;0;-1
0;1098;18.412;20.1255;76.759;8.5;2572.44;5.11093;0;0;0.1;0.01;0;5.81101;1;0;-1
0;1099;18.6034;33.9789;76.0122;10.0972;4312.13;6.0713;0;0;0.1;0.01;0;7.30753;0;0;-1
0;1100;18.5651;54.4279;76.1457;9.59276;3697.6;5.76799;0;0;0.1;0.01;0;3.60187;0;0;-1
0;1101;32.5506;-40.1989;76.4273;10.1849;4425.47;6.12403;0;0;0.1;0.01;0;3.81416;0;0;-1
0;1102;31.2482;-22.9462;78.5554;10.1291;4353.13;6.09048;0;0;0.1;0.01;0;5.58408;0;0;-1
0;1103;31.18;-5.98959;77.3481;8.5572;2624.72;5.14532;0;0;0.1;0.01;0;5.20154;0;0;-1
0;1104;32.372;11.7424;76.172;9.07028;3125.72;5.45383;0;0;0.1;0.01;0;4.46362;0;0;-1
0;1105;34.5159;28.4096;76.6486;10.3011;4578.67;6.1939;0;0;0.1;0.01;0;5.87633;0;0;-1
0;1106;30.9535;46.4957;78.1588;10.3268;4613.03;6.20935;0;0;0.1;0.01;0;4.17052;0;0;-1
0;1107;49.0847;-30.3984;78.6643;9.26179;3327.92;5.56898;0;0;0.1;0.01;0;1.69258;0;0;-1
0;1108;45.4475;-13.8857;75.3085;8.5304;2600.14;5.12921;0;0;0.1;0.01;0;4.76123;0;0;-1
0;1109;47.4453;0.401052;77.9776;8.55106;2619.08;5.14163;0;0;0.1;0.01;0;3.4533;0;0;-1
0;1110;48.3204;20.0351;74.9209;9.58572;3689.46;5.76375;0;0;0.1;0.01;0;3.86965;0;0;-1
0;1111;49.0076;36.2387;77.4612;8.5;2572.44;5.11093;0;0;0.1;0.01;0;2.3432;1;0;-1
0;1112;60.4392;-6.10699;78.4505;8.5;2572.44;5.11093;0;0;0.1;0.01;0;1.59314;1;0;-1
0;1113;-36.2726;-15.7324;89.6407;9.8315;3980.59;5.91154;0;0;0.1;0.01;0;4.24539;0;0;-1
0;1114;-36.4155;1.56397;91.2436;8.5;2572.44;5.11093;0;0;0.1;0.01;0;3.92149;1;0;-1
0;1115;-38.4449;16.9487;89.889;10.0141;4206.53;6.02133;0;0;0.1;0.01;0;3.77009;0;0;-1
0;1116;-21.1015;-24.4712;90.0476;10.4526;4783.67;6.285;0;0;0.1;0.01;0;4.94893;0;0;-1
0;1117;-23.4159;-6.36239;93.0702;10.0382;4236.98;6.03582;0;0;0.1;0.01;0;4.54126;0;0;-1
0;1118;-22.7416;11.6906;89.77;8.5;2572.44;5.11093;0;0;0.1;0.01;0;4.56357;1;0;-1
0;1119;-21.6268;27.6342;93.3772;10.1704;4406.59;6.11531;0;0;0.1;0.01;0;3.63762;0;0;-1
0;1120;-7.47759;-31.4731;90.7932;9.99572;4183.41;6.01028;0;0;0.1;0.01;0;4.74574;0;0;-1
0;1121;-8.53272;-14.0093;89.4456;9.49792;3589.01;5.71096;0;0;0.1;0.01;0;6.43321;0;0;-1
0;1122;-6.51452;1.18254;92.6599;9.92513;4095.41;5.96784;0;0;0.1;0.01;0;5.31196;0;0;-1
0;1123;-5.80791;19.1322;93.3181;10.3778;4681.71;6.24002;0;0;0.1;0.01;0;5.37809;0;0;-1
0;1124;-7.61222;35.0413;92.357;8.5;2572.44;5.11093;0;0;0.1;0.01;0;3.70894;1;0;-1
0;1125;5.4184;-38.5704;92.1429;8.64182;2703.36;5.1962;0;0;0.1;0.01;0;2.77305;0;0;-1
0;1126;6.63387;-23.365;92.1246;9.97299;4154.94;5.99661;0;0;0.1;0.01;0;4.8584;0;0;-1
0;1127;7.32742;-5.04172;91.6112;9.76217;3896.98;5.86985;0;0;0.1;0.01;0;4.37079;0;0;-1
0;1128;6.66437;10.8085;91.216;9.29955;3368.79;5.59168;0;0;0.1;0.01;0;4.12362;0;0;-1
0;1129;6.0947;28.7516;90.0567;9.47028;3557.76;5.69434;0;0;0.1;0.01;0;5.33416;0;0;-1
0;1130;23.7598;-31.972;89.8541;8.5;2572.44;5.11093;0;0;0.1;0.01;0;2.94938;1;0;-1
0;1131;20.7052;-13.4741;89.3571;8.96289;3016.01;5.38926;0;0;0.1;0.01;0;4.82223;0;0;-1
0;1132;22.7934;0.119334;90.1615;8.56343;2630.46;5.14907;0;0;0.1;0.01;0;3.46989;0;0;-1
0;1133;20.0082;20.8199;90.9645;8.88242;2935.5;5.34087;0;0;0.1;0.01;0;3.25189;0;0;-1
0;1134;20.8906;36.7183;90.3435;8.61361;2676.97;5.17924;0;0;0.1;0.01;0;2.71956;0;0;-1
0;1135;37.3232;-7.80933;89.7327;9.767;3902.76;5.87276;0;0;0.1;0.01;0;3.63637;0;0;-1
0;1136;35.4276;9.72309;91.1696;8.5238;2594.11;5.12524;0;0;0.1;0.01;0;1.96267;0;0;-1
