Time;ID;x;y;z;radius;volume_total;radius_nuclear;contact_ECM;freezer;polarized_fraction;motility;cell_line;Cell_cell;phase;Cycle;NFkB
0;0;-51.3174;-4.61186;-83.4224;8.5;2572.44;5.11093;0;0;0.1;0.01;0;2.64558;1;0;-1
0;1;-37.4349;-33.3437;-84.6859;9.8791;4038.69;5.94016;0;0;0.1;0.01;0;2.67551;0;0;-1
0;2;-37.6584;-13.8262;-86.4831;8.5;2572.44;5.11093;0;0;0.1;0.01;0;2.65158;1;0;-1
0;3;-38.5118;0.470862;-85.5931;8.93259;2985.53;5.37104;0;0;0.1;0.01;0;2.4954;0;0;-1
0;4;-35.4902;20.6063;-84.3394;10.0373;4235.84;6.03528;0;0;0.1;0.01;0;3.05377;0;0;-1
0;5;-21.7997;-40.6297;-87.2628;9.31441;3384.97;5.60062;0;0;0.1;0.01;0;2.80765;0;0;-1
0;6;-20.5479;-22.3966;-85.9379;8.72424;2781.45;5.24576;0;0;0.1;0.01;0;4.23829;0;0;-1
0;7;-21.0294;-8.41788;-84.5112;8.68751;2746.47;5.22367;0;0;0.1;0.01;0;4.10743;0;0;-1
0;8;-20.3019;10.7184;-85.975;8.9461;2999.09;5.37916;0;0;0.1;0.01;0;3.39356;0;0;-1
0;9;-22.2962;28.7595;-84.0064;9.1147;3171.87;5.48054;0;0;0.1;0.01;0;3.81235;0;0;-1
0;10;-8.84418;-49.3328;-83.4163;10.3831;4688.89;6.24321;0;0;0.1;0.01;0;3.60924;0;0;-1
0;11;-7.09869;-30.7485;-87.1634;9.25676;3322.5;5.56596;0;0;0.1;0.01;0;4.7528;0;0;-1
0;12;-6.80672;-16.6171;-86.2465;8.92614;2979.06;5.36716;0;0;0.1;0.01;0;5.08016;0;0;-1
0;13;-6.59114;0.139396;-85.516;10.1914;4433.94;6.12794;0;0;0.1;0.01;0;5.02024;0;0;-1
0;14;-7.56546;20.0309;-83.7597;10.1998;4444.92;6.13299;0;0;0.1;0.01;0;5.00657;0;0;-1
0;15;-7.67697;38.2913;-83.9353;9.71243;3837.71;5.83994;0;0;0.1;0.01;0;3.3209;0;0;-1
0;16;7.44524;-40.8695;-85.9506;10.0896;4302.4;6.06673;0;0;0.1;0.01;0;4.8485;0;0;-1
0;17;6.40505;-24.2341;-83.4882;10.0954;4309.82;6.07022;0;0;0.1;0.01;0;6.03797;0;0;-1
0;18;8.72431;-6.01945;-85.8384;8.76963;2825.09;5.27305;0;0;0.1;0.01;0;3.89441;0;0;-1
0;19;6.4778;10.9368;-86.756;8.73724;2793.9;5.25358;0;0;0.1;0.01;0;2.66801;0;0;-1
0;20;7.75268;27.7533;-87.3898;8.84193;2895.54;5.31652;0;0;0.1;0.01;0;3.18394;0;0;-1
0;21;8.8757;45.3832;-83.5803;10.2972;4573.47;6.19156;0;0;0.1;0.01;0;3.80054;0;0;-1
0;22;20.2449;-49.153;-84.4981;9.44966;3534.57;5.68194;0;0;0.1;0.01;0;3.23445;0;0;-1
0;23;23.3358;-34.0347;-86.6695;10.0918;4305.21;6.06805;0;0;0.1;0.01;0;5.12162;0;0;-1
0;24;20.6095;-15.7232;-84.968;8.5;2572.44;5.11093;0;0;0.1;0.01;0;3.2812;1;0;-1
0;25;22.4773;3.45377;-86.8669;8.58914;2654.22;5.16453;0;0;0.1;0.01;0;3.59104;0;0;-1
0;26;23.6326;20.3906;-84.4853;8.88816;2941.2;5.34432;0;0;0.1;0.01;0;4.4774;0;0;-1
0;27;23.5515;37.7406;-84.8644;9.8457;3997.87;5.92008;0;0;0.1;0.01;0;3.6927;0;0;-1
0;28;36.3513;-40.1927;-83.645;9.99562;4183.29;6.01022;0;0;0.1;0.01;0;3.76995;0;0;-1
0;29;35.4704;-25.543;-86.1221;8.5;2572.44;5.11093;0;0;0.1;0.01;0;3.01557;1;0;-1
0;30;37.2095;-5.59892;-85.3035;10.2046;4451.19;6.13588;0;0;0.1;0.01;0;2.52962;0;0;-1
0;31;36.5614;10.8594;-83.973;10.2277;4481.49;6.14977;0;0;0.1;0.01;0;3.93934;0;0;-1
0;32;37.5902;26.9799;-83.9258;10.0868;4298.82;6.06505;0;0;0.1;0.01;0;4.3593;0;0;-1
0;33;-70.5269;-14.767;-69.3723;9.3986;3477.59;5.65124;0;0;0.1;0.01;0;2.28106;0;0;-1
0;34;-57.8124;-39.4508;-71.3458;9.97762;4160.73;5.9994;0;0;0.1;0.01;0;3.10527;0;0;-1
0;35;-56.6685;-25.1881;-72.4907;9.30194;3371.39;5.59312;0;0;0.1;0.01;0;3.99602;0;0;-1
0;36;-54.7616;-8.89716;-70.8513;8.5;2572.44;5.11093;0;0;0.1;0.01;0;4.5036;1;0;-1
0;37;-56.2944;9.85791;-69.7912;10.3383;4628.45;6.21627;0;0;0.1;0.01;0;3.50728;0;0;-1
0;38;-57.7892;28.4718;-71.5076;8.5;2572.44;5.11093;0;0;0.1;0.01;0;2.15567;1;0;-1
0;39;-54.6527;46.9026;-68.5833;9.52835;3623.61;5.72926;0;0;0.1;0.01;0;3.2387;0;0;-1
0;40;-41.5529;-51.3134;-72.6759;9.08313;3139.03;5.46155;0;0;0.1;0.01;0;2.11238;0;0;-1
0;41;-41.3987;-30.452;-70.9833;9.44447;3528.75;5.67882;0;0;0.1;0.01;0;5.73667;0;0;-1
0;42;-42.2318;-16.6226;-69.6692;10.4347;4759.14;6.27423;0;0;0.1;0.01;0;6.85649;0;0;-1
0;43;-39.413;1.73066;-69.1005;8.5;2572.44;5.11093;0;0;0.1;0.01;0;4.22165;1;0;-1
0;44;-42.3635;16.7641;-69.0628;8.5;2572.44;5.11093;0;0;0.1;0.01;0;5.5132;1;0;-1
0;45;-42.4234;34.2509;-69.8661;9.48534;3574.76;5.7034;0;0;0.1;0.01;0;5.21158;0;0;-1
0;46;-41.2117;53.4654;-69.4153;8.5;2572.44;5.11093;0;0;0.1;0.01;0;3.80447;1;0;-1
0;47;-26.5785;-57.1934;-70.3639;8.69547;2754.02;5.22846;0;0;0.1;0.01;0;4.02475;0;0;-1
0;48;-28.5597;-42.5888;-68.4957;10.4235;4743.83;6.2675;0;0;0.1;0.01;0;6.38709;0;0;-1
0;49;-26.2498;-24.7411;-70.6816;8.78999;2844.81;5.28529;0;0;0.1;0.01;0;5.81308;0;0;-1
0;50;-24.7278;-8.81223;-71.8601;8.5;2572.44;5.11093;0;0;0.1;0.01;0;4.47472;1;0;-1
0;51;-26.8792;11.1051;-69.651;9.33999;3412.93;5.616;0;0;0.1;0.01;0;5.34971;0;0;-1
0;52;-26.0066;26.9263;-69.2412;10.0291;4225.46;6.03035;0;0;0.1;0.01;0;6.56939;0;0;-1
0;53;-27.6138;43.7348;-70.67;9.33376;3406.11;5.61225;0;0;0.1;0.01;0;4.60099;0;0;-1
0;54;-27.1646;62.1968;-69.807;9.79464;3935.99;5.88937;0;0;0.1;0.01;0;3.73936;0;0;-1
0;55;-13.5701;-63.8518;-69.0171;9.87774;4037.02;5.93934;0;0;0.1;0.01;0;4.04184;0;0;-1
0;56;-13.8242;-48.1408;-68.3401;8.5;2572.44;5.11093;0;0;0.1;0.01;0;5.722;1;0;-1
0;57;-11.3494;-31.186;-72.6107;8.91585;2968.77;5.36097;0;0;0.1;0.01;0;5.09865;0;0;-1
0;58;-12.6978;-15.0524;-70.9662;9.29638;3365.35;5.58978;0;0;0.1;0.01;0;6.58953;0;0;-1
0;59;-9.95068;1.9638;-71.7775;9.45092;3535.99;5.6827;0;0;0.1;0.01;0;5.80828;0;0;-1
0;60;-11.6512;16.5876;-70.1435;8.82064;2874.68;5.30372;0;0;0.1;0.01;0;5.34557;0;0;-1
0;61;-11.8851;36.6254;-70.9297;9.09843;3154.92;5.47075;0;0;0.1;0.01;0;4.65183;0;0;-1
0;62;-10.7507;55.0824;-70.3584;9.75011;3882.55;5.8626;0;0;0.1;0.01;0;3.31393;0;0;-1
0;63;2.17658;-56.2462;-69.0621;9.01971;3073.73;5.42342;0;0;0.1;0.01;0;4.73851;0;0;-1
0;64;3.94449;-40.1489;-72.0513;8.76763;2823.16;5.27185;0;0;0.1;0.01;0;5.19949;0;0;-1
0;65;2.7164;-22.8979;-68.5012;10.2393;4496.76;6.15674;0;0;0.1;0.01;0;7.07115;0;0;-1
0;66;4.34367;-7.97799;-72.0182;9.90275;4067.77;5.95438;0;0;0.1;0.01;0;6.59505;0;0;-1
0;67;2.35511;10.1675;-69.2126;8.5;2572.44;5.11093;0;0;0.1;0.01;0;4.966;1;0;-1
0;68;4.401;26.7922;-69.6867;8.5;2572.44;5.11093;0;0;0.1;0.01;0;4.49234;1;0;-1
0;69;4.43548;45.7974;-70.5422;9.40266;3482.1;5.65368;0;0;0.1;0.01;0;6.07188;0;0;-1
0;70;3.50798;63.7162;-70.1514;9.87208;4030.09;5.93594;0;0;0.1;0.01;0;3.45368;0;0;-1
0;71;16.3306;-66.2652;-69.893;9.33398;3406.35;5.61239;0;0;0.1;0.01;0;2.89308;0;0;-1
0;72;15.9663;-47.1681;-70.923;8.71329;2770.99;5.23917;0;0;0.1;0.01;0;4.75181;0;0;-1
0;73;19.2584;-30.2057;-70.8774;10.2304;4485.04;6.15139;0;0;0.1;0.01;0;6.89033;0;0;-1
0;74;16.4068;-14.0945;-69.2256;8.5;2572.44;5.11093;0;0;0.1;0.01;0;6.69883;1;0;-1
0;75;16.9968;1.22293;-71.3297;9.24351;3308.26;5.55799;0;0;0.1;0.01;0;5.44055;0;0;-1
0;76;16.005;18.2091;-69.2076;8.72477;2781.96;5.24608;0;0;0.1;0.01;0;4.98795;0;0;-1
0;77;17.3076;35.4408;-70.6384;9.03495;3089.34;5.43258;0;0;0.1;0.01;0;5.48829;0;0;-1
0;78;19.4562;55.0756;-70.2793;10.194;4437.34;6.1295;0;0;0.1;0.01;0;4.06707;0;0;-1
0;79;31.0801;-57.7984;-69.4681;8.5;2572.44;5.11093;0;0;0.1;0.01;0;3.35968;1;0;-1
0;80;31.7644;-38.5281;-68.4313;9.87873;4038.24;5.93994;0;0;0.1;0.01;0;6.27352;0;0;-1
0;81;32.0142;-21.8261;-69.6498;8.5;2572.44;5.11093;0;0;0.1;0.01;0;4.93389;1;0;-1
0;82;33.3331;-6.34122;-68.8076;9.53103;3626.67;5.73087;0;0;0.1;0.01;0;5.57011;0;0;-1
0;83;30.5742;12.4426;-71.3027;9.73152;3860.39;5.85142;0;0;0.1;0.01;0;6.45292;0;0;-1
0;84;33.6249;28.605;-68.5242;10.0382;4236.98;6.03582;0;0;0.1;0.01;0;6.88821;0;0;-1
0;85;34.0096;43.7488;-71.9715;8.5;2572.44;5.11093;0;0;0.1;0.01;0;4.23479;1;0;-1
0;86;46.3667;-51.2913;-68.91;9.61922;3728.28;5.7839;0;0;0.1;0.01;0;2.75876;0;0;-1
0;87;45.9805;-30.483;-71.9476;9.01313;3067.01;5.41946;0;0;0.1;0.01;0;4.33453;0;0;-1
0;88;47.5554;-13.4208;-72.0012;9.9526;4129.51;5.98435;0;0;0.1;0.01;0;4.86535;0;0;-1
0;89;45.3327;1.65337;-69.0602;8.5;2572.44;5.11093;0;0;0.1;0.01;0;5.76264;1;0;-1
0;90;47.3062;17.1291;-68.955;10.3912;4699.87;6.24808;0;0;0.1;0.01;0;6.38477;0;0;-1
0;91;48.9685;36.8815;-71.9481;10.2103;4458.66;6.13931;0;0;0.1;0.01;0;3.5365;0;0;-1
0;92;46.6996;54.1098;-69.0038;8.5;2572.44;5.11093;0;0;0.1;0.01;0;2.53774;1;0;-1
0;93;60.0244;-25.669;-72.0448;10.0688;4275.84;6.05422;0;0;0.1;0.01;0;2.75352;0;0;-1
0;94;62.5648;-5.60732;-71.9188;8.73835;2794.97;5.25424;0;0;0.1;0.01;0;2.33482;0;0;-1
0;95;61.3295;9.8729;-68.8363;9.81409;3959.49;5.90107;0;0;0.1;0.01;0;3.63603;0;0;-1
0;96;-80.3938;-8.31485;-55.4089;9.69228;3813.88;5.82783;0;0;0.1;0.01;0;2.96277;0;0;-1
0;97;-80.1252;12.4602;-54.337;8.7296;2786.58;5.24898;0;0;0.1;0.01;0;2.61291;0;0;-1
0;98;-65.7581;-48.4225;-54.276;10.1245;4347.2;6.08771;0;0;0.1;0.01;0;4.68019;0;0;-1
0;99;-67.7011;-33.8813;-55.4093;8.95215;3005.18;5.3828;0;0;0.1;0.01;0;3.30522;0;0;-1
0;100;-65.5544;-12.6504;-56.3735;8.50736;2579.13;5.11535;0;0;0.1;0.01;0;4.00123;0;0;-1
0;101;-64.5974;1.73796;-53.9649;9.72048;3847.26;5.84478;0;0;0.1;0.01;0;5.33444;0;0;-1
0;102;-68.0123;19.6424;-57.7798;8.68328;2742.46;5.22113;0;0;0.1;0.01;0;3.53428;0;0;-1
0;103;-66.4426;35.4407;-55.5513;8.5;2572.44;5.11093;0;0;0.1;0.01;0;3.49159;1;0;-1
0;104;-52.2504;-59.3442;-54.874;9.7421;3872.99;5.85778;0;0;0.1;0.01;0;4.05991;0;0;-1
0;105;-52.9188;-42.3702;-57.5534;8.54632;2614.73;5.13878;0;0;0.1;0.01;0;4.59234;0;0;-1
0;106;-51.321;-24.6926;-57.8044;8.5;2572.44;5.11093;0;0;0.1;0.01;0;4.5679;1;0;-1
0;107;-49.8572;-4.79598;-57.1216;9.83619;3986.29;5.91436;0;0;0.1;0.01;0;6.42143;0;0;-1
0;108;-51.7461;12.0407;-54.3858;9.7551;3888.52;5.8656;0;0;0.1;0.01;0;7.06154;0;0;-1
0;109;-51.0313;27.8574;-57.8107;10.3779;4681.85;6.24008;0;0;0.1;0.01;0;6.92757;0;0;-1
0;110;-52.1435;44.8057;-54.0124;9.75705;3890.85;5.86677;0;0;0.1;0.01;0;6.19718;0;0;-1
0;111;-50.5755;59.7315;-54.4353;10.0947;4308.92;6.0698;0;0;0.1;0.01;0;5.15147;0;0;-1
0;112;-38.6608;-66.5855;-56.3496;9.78686;3926.62;5.8847;0;0;0.1;0.01;0;4.10022;0;0;-1
0;113;-38.3698;-51.0466;-54.5702;9.22818;3291.83;5.54877;0;0;0.1;0.01;0;5.19065;0;0;-1
0;114;-36.5536;-31.2274;-56.2459;9.62245;3732.03;5.78584;0;0;0.1;0.01;0;6.1807;0;0;-1
0;115;-36.5251;-14.8558;-55.7905;10.2702;4537.59;6.17532;0;0;0.1;0.01;0;6.8169;0;0;-1
0;116;-37.7532;2.43891;-54.3732;8.98033;3033.65;5.39974;0;0;0.1;0.01;0;5.52356;0;0;-1
0;117;-36.0786;20.9944;-57.0177;10.2728;4541.04;6.17689;0;0;0.1;0.01;0;7.54134;0;0;-1
0;118;-35.2053;36.6526;-55.0656;8.75833;2814.18;5.26626;0;0;0.1;0.01;0;6.65461;0;0;-1
0;119;-36.9964;51.2822;-56.5105;10.0445;4244.96;6.03961;0;0;0.1;0.01;0;6.94515;0;0;-1
0;120;-35.9287;70.3122;-57.9342;10.4064;4720.52;6.25722;0;0;0.1;0.01;0;4.27209;0;0;-1
0;121;-23.9309;-76.0254;-57.3276;9.56038;3660.28;5.74852;0;0;0.1;0.01;0;3.14361;0;0;-1
0;122;-21.8312;-56.2153;-56.4067;9.42137;3502.92;5.66493;0;0;0.1;0.01;0;6.51098;0;0;-1
0;123;-21.0887;-40.4636;-54.8473;10.0066;4197.09;6.01682;0;0;0.1;0.01;0;6.98259;0;0;-1
0;124;-23.6202;-22.5397;-56.7419;9.91108;4078.04;5.95939;0;0;0.1;0.01;0;6.87737;0;0;-1
0;125;-21.5858;-7.15197;-56.3418;8.98657;3039.98;5.40349;0;0;0.1;0.01;0;5.63051;0;0;-1
0;126;-22.4081;9.00005;-55.9835;9.44496;3529.3;5.67912;0;0;0.1;0.01;0;4.80163;0;0;-1
0;127;-21.4022;25.5995;-55.5894;8.61865;2681.68;5.18227;0;0;0.1;0.01;0;5.26695;0;0;-1
0;128;-21.7833;42.3085;-56.7031;8.5;2572.44;5.11093;0;0;0.1;0.01;0;5.12355;1;0;-1
0;129;-22.1163;63.2047;-54.46;10.3642;4663.33;6.23184;0;0;0.1;0.01;0;7.13656;0;0;-1
0;130;-22.0259;77.976;-57.0111;9.14647;3205.16;5.49964;0;0;0.1;0.01;0;3.52633;0;0;-1
0;131;-9.28114;-80.7874;-56.0025;8.5;2572.44;5.11093;0;0;0.1;0.01;0;2.47149;1;0;-1
0;132;-5.77133;-65.6699;-55.7497;9.0412;3095.76;5.43634;0;0;0.1;0.01;0;4.74554;0;0;-1
0;133;-6.23344;-47.1141;-55.1239;9.62786;3738.33;5.78909;0;0;0.1;0.01;0;5.88202;0;0;-1
0;134;-8.7736;-29.9184;-54.6135;9.80216;3945.06;5.8939;0;0;0.1;0.01;0;5.57678;0;0;-1
0;135;-8.94607;-14.1424;-55.4227;8.61231;2675.76;5.17846;0;0;0.1;0.01;0;5.83945;0;0;-1
0;136;-7.06925;0.369064;-56.7194;8.5;2572.44;5.11093;0;0;0.1;0.01;0;5.33723;1;0;-1
0;137;-5.92386;20.9949;-55.1482;10.3787;4682.93;6.24056;0;0;0.1;0.01;0;6.33405;0;0;-1
0;138;-8.23842;36.9545;-55.4935;10.3709;4672.38;6.23587;0;0;0.1;0.01;0;6.41183;0;0;-1
0;139;-5.83108;54.9359;-55.1106;10.4463;4775.03;6.28121;0;0;0.1;0.01;0;6.18407;0;0;-1
0;140;-8.71567;70.3289;-55.1324;8.9171;2970.02;5.36172;0;0;0.1;0.01;0;3.3025;0;0;-1
0;141;8.98457;-74.324;-56.8985;8.95921;3012.3;5.38704;0;0;0.1;0.01;0;3.46749;0;0;-1
0;142;6.86185;-58.0825;-56.2122;9.9375;4110.74;5.97527;0;0;0.1;0.01;0;6.12615;0;0;-1
0;143;7.34565;-41.7044;-54.931;8.5;2572.44;5.11093;0;0;0.1;0.01;0;4.38017;1;0;-1
0;144;9.40216;-22.7184;-56.6023;9.348;3421.72;5.62082;0;0;0.1;0.01;0;6.4952;0;0;-1
0;145;6.03307;-8.01461;-56.8633;9.37777;3454.52;5.63872;0;0;0.1;0.01;0;6.47205;0;0;-1
0;146;5.60796;9.72433;-55.2387;8.95394;3006.98;5.38387;0;0;0.1;0.01;0;4.27874;0;0;-1
0;147;8.44567;27.7515;-53.9542;10.1128;4332.14;6.08068;0;0;0.1;0.01;0;6.67656;0;0;-1
0;148;8.536;44.9767;-55.9755;10.2821;4553.38;6.18248;0;0;0.1;0.01;0;7.63923;0;0;-1
0;149;8.8437;59.8436;-57.714;8.76315;2818.83;5.26915;0;0;0.1;0.01;0;5.81048;0;0;-1
0;150;8.56863;79.8425;-54.3399;9.33081;3402.88;5.61048;0;0;0.1;0.01;0;2.80741;0;0;-1
0;151;22.2796;-64.2591;-56.6549;9.79249;3933.4;5.88808;0;0;0.1;0.01;0;4.96854;0;0;-1
0;152;24.1796;-49.9842;-53.7194;8.97699;3030.27;5.39773;0;0;0.1;0.01;0;5.40002;0;0;-1
0;153;20.2937;-32.6128;-55.2843;9.10775;3164.62;5.47636;0;0;0.1;0.01;0;5.15505;0;0;-1
0;154;20.5187;-12.7154;-57.3686;9.31056;3380.77;5.5983;0;0;0.1;0.01;0;6.00936;0;0;-1
0;155;23.6312;1.42155;-56.4399;9.29185;3360.43;5.58705;0;0;0.1;0.01;0;5.67964;0;0;-1
0;156;23.7548;20.6584;-55.7397;10.1452;4373.92;6.10016;0;0;0.1;0.01;0;6.42552;0;0;-1
0;157;22.6859;38.2418;-56.208;10.0929;4306.62;6.06871;0;0;0.1;0.01;0;7.04099;0;0;-1
0;158;22.9281;54.3768;-53.9782;10.4336;4757.64;6.27357;0;0;0.1;0.01;0;7.09907;0;0;-1
0;159;22.055;70.5633;-57.6919;9.08793;3144.01;5.46444;0;0;0.1;0.01;0;2.47034;0;0;-1
0;160;38.5678;-56.0276;-56.4278;9.06067;3115.8;5.44805;0;0;0.1;0.01;0;4.55229;0;0;-1
0;161;34.9363;-38.3576;-54.7228;8.60039;2664.67;5.17129;0;0;0.1;0.01;0;5.3241;0;0;-1
0;162;38.5256;-25.0996;-56.4567;9.04343;3098.05;5.43768;0;0;0.1;0.01;0;5.60451;0;0;-1
0;163;37.2073;-5.69318;-54.8373;8.57831;2644.2;5.15801;0;0;0.1;0.01;0;5.96516;0;0;-1
0;164;38.4617;8.3343;-55.4121;9.23354;3297.56;5.55199;0;0;0.1;0.01;0;6.96462;0;0;-1
0;165;38.8654;25.4358;-54.6075;9.85015;4003.29;5.92275;0;0;0.1;0.01;0;6.32606;0;0;-1
0;166;36.7817;46.1501;-56.6493;9.17439;3234.6;5.51643;0;0;0.1;0.01;0;5.85587;0;0;-1
0;167;36.3692;60.7327;-54.1124;8.5;2572.44;5.11093;0;0;0.1;0.01;0;4.54266;1;0;-1
0;168;52.8882;-50.9589;-56.059;8.97539;3028.65;5.39677;0;0;0.1;0.01;0;3.28606;0;0;-1
0;169;52.0647;-31.0908;-54.1381;9.95776;4135.93;5.98746;0;0;0.1;0.01;0;5.73169;0;0;-1
0;170;52.9098;-15.0645;-54.3821;8.5;2572.44;5.11093;0;0;0.1;0.01;0;5.22935;1;0;-1
0;171;52.2506;0.0401196;-54.3887;9.99184;4178.54;6.00795;0;0;0.1;0.01;0;7.51535;0;0;-1
0;172;51.1909;18.0878;-56.0423;9.0008;3054.44;5.41205;0;0;0.1;0.01;0;6.79068;0;0;-1
0;173;52.9384;34.075;-55.7661;9.24176;3306.38;5.55694;0;0;0.1;0.01;0;5.31098;0;0;-1
0;174;52.699;55.2599;-56.5039;10.1122;4331.37;6.08032;0;0;0.1;0.01;0;4.26856;0;0;-1
0;175;64.6172;-40.873;-56.6744;9.03274;3087.07;5.43126;0;0;0.1;0.01;0;2.9958;0;0;-1
0;176;67.2825;-25.0839;-56.1085;9.38578;3463.38;5.64353;0;0;0.1;0.01;0;4.42241;0;0;-1
0;177;67.7738;-4.49792;-55.1275;8.5;2572.44;5.11093;0;0;0.1;0.01;0;5.14067;1;0;-1
0;178;65.8336;11.995;-53.8089;9.54477;3642.38;5.73913;0;0;0.1;0.01;0;5.87367;0;0;-1
0;179;66.0109;26.6463;-55.2789;8.5;2572.44;5.11093;0;0;0.1;0.01;0;3.88938;1;0;-1
0;180;64.7692;46.0609;-54.319;9.81335;3958.59;5.90062;0;0;0.1;0.01;0;3.39698;0;0;-1
0;181;79.7163;-16.8498;-56.7569;10.1836;4423.77;6.12325;0;0;0.1;0.01;0;2.82719;0;0;-1
0;182;82.2218;1.11848;-54.4702;8.92226;2975.18;5.36483;0;0;0.1;0.01;0;2.82756;0;0;-1
0;183;-87.5138;-21.6628;-40.63;9.37018;3446.14;5.63415;0;0;0.1;0.01;0;3.14581;0;0;-1
0;184;-84.1153;-8.17185;-40.126;10.0307;4227.49;6.03131;0;0;0.1;0.01;0;5.21925;0;0;-1
0;185;-86.3104;12.3513;-39.6265;9.63572;3747.5;5.79382;0;0;0.1;0.01;0;4.43979;0;0;-1
0;186;-86.6573;29.3373;-39.2301;9.84885;4001.71;5.92197;0;0;0.1;0.01;0;3.00421;0;0;-1
0;187;-70.1807;-48.0366;-39.6407;8.5;2572.44;5.11093;0;0;0.1;0.01;0;4.05703;1;0;-1
0;188;-72.1239;-33.9455;-41.5614;10.2288;4482.94;6.15043;0;0;0.1;0.01;0;5.02608;0;0;-1
0;189;-71.5921;-14.5699;-41.6302;8.5;2572.44;5.11093;0;0;0.1;0.01;0;5.38671;1;0;-1
0;190;-72.6806;3.61623;-40.9322;10.2704;4537.86;6.17544;0;0;0.1;0.01;0;7.38537;0;0;-1
0;191;-70.5094;19.0729;-42.0668;9.73679;3866.66;5.85459;0;0;0.1;0.01;0;6.24154;0;0;-1
0;192;-69.9886;37.0803;-42.9186;9.92192;4091.44;5.96591;0;0;0.1;0.01;0;5.68384;0;0;-1
0;193;-72.6582;51.3922;-41.0999;9.59208;3696.81;5.76758;0;0;0.1;0.01;0;3.09406;0;0;-1
0;194;-56.9517;-59.2025;-39.9312;10.3288;4615.71;6.21056;0;0;0.1;0.01;0;5.24964;0;0;-1
0;195;-56.7247;-39.4569;-41.8743;9.50868;3601.22;5.71743;0;0;0.1;0.01;0;6.64086;0;0;-1
0;196;-54.1633;-24.6438;-40.9073;9.31218;3382.54;5.59928;0;0;0.1;0.01;0;5.42195;0;0;-1
0;197;-57.4639;-7.32945;-42.02;10.0834;4294.47;6.063;0;0;0.1;0.01;0;6.99027;0;0;-1
0;198;-55.0624;9.53891;-39.8518;10.2811;4552.05;6.18188;0;0;0.1;0.01;0;6.71495;0;0;-1
0;199;-55.5409;25.8736;-41.5508;9.89022;4052.35;5.94685;0;0;0.1;0.01;0;6.11451;0;0;-1
0;200;-56.9744;42.6508;-40.1085;9.6706;3788.34;5.81479;0;0;0.1;0.01;0;6.52675;0;0;-1
0;201;-54.2534;60.4474;-39.5962;9.62047;3729.73;5.78465;0;0;0.1;0.01;0;5.24006;0;0;-1
0;202;-40.5198;-80.6269;-40.983;8.5;2572.44;5.11093;0;0;0.1;0.01;0;2.9697;1;0;-1
0;203;-41.6812;-65.9;-39.2276;9.46189;3548.32;5.6893;0;0;0.1;0.01;0;6.3813;0;0;-1
0;204;-43.0502;-47.5193;-41.7169;8.5;2572.44;5.11093;0;0;0.1;0.01;0;4.90086;1;0;-1
0;205;-42.5684;-31.6902;-42.2015;8.64528;2706.61;5.19828;0;0;0.1;0.01;0;5.09631;0;0;-1
0;206;-40.2489;-13.455;-40.6487;9.60474;3711.47;5.77519;0;0;0.1;0.01;0;6.10509;0;0;-1
0;207;-42.0112;1.94773;-39.9955;9.25091;3316.21;5.56244;0;0;0.1;0.01;0;6.47591;0;0;-1
0;208;-41.7854;19.6584;-42.4195;8.59492;2659.59;5.168;0;0;0.1;0.01;0;5.91461;0;0;-1
0;209;-41.45;34.4576;-41.4087;8.78789;2842.77;5.28403;0;0;0.1;0.01;0;5.64217;0;0;-1
0;210;-40.2697;53.6152;-41.2183;9.53739;3633.94;5.73469;0;0;0.1;0.01;0;7.07292;0;0;-1
0;211;-40.8063;68.4793;-42.1382;10.3601;4657.8;6.22938;0;0;0.1;0.01;0;6.08162;0;0;-1
0;212;-27.6605;-72.9659;-42.8717;9.39388;3472.35;5.6484;0;0;0.1;0.01;0;6.10801;0;0;-1
0;213;-28.1441;-57.7294;-40.4606;10.4418;4768.86;6.2785;0;0;0.1;0.01;0;7.09427;0;0;-1
0;214;-25.2989;-38.5076;-42.3698;9.23225;3296.18;5.55122;0;0;0.1;0.01;0;5.32858;0;0;-1
0;215;-25.0114;-22.3759;-39.8181;9.9908;4177.24;6.00732;0;0;0.1;0.01;0;6.39067;0;0;-1
0;216;-24.7495;-5.17691;-40.6522;8.87426;2927.42;5.33596;0;0;0.1;0.01;0;5.61619;0;0;-1
0;217;-25.4505;9.76064;-41.0425;8.5;2572.44;5.11093;0;0;0.1;0.01;0;4.04283;1;0;-1
0;218;-28.1754;27.0139;-42.0204;9.3773;3454;5.63843;0;0;0.1;0.01;0;5.48968;0;0;-1
0;219;-27.2216;44.1209;-42.1002;9.59228;3697.04;5.7677;0;0;0.1;0.01;0;6.10533;0;0;-1
0;220;-27.5581;60.537;-40.7593;9.41372;3494.4;5.66033;0;0;0.1;0.01;0;7.06793;0;0;-1
0;221;-25.0129;77.1733;-42.0757;9.57316;3674.98;5.7562;0;0;0.1;0.01;0;5.24502;0;0;-1
0;222;-12.9851;-83.1476;-42.1695;8.61093;2674.48;5.17763;0;0;0.1;0.01;0;4.03646;0;0;-1
0;223;-12.952;-67.6075;-39.7381;10.0617;4266.8;6.04995;0;0;0.1;0.01;0;6.69601;0;0;-1
0;224;-12.3949;-49.3797;-41.8351;9.18212;3242.78;5.52108;0;0;0.1;0.01;0;5.31815;0;0;-1
0;225;-9.78601;-33.3288;-39.8357;9.50911;3601.71;5.71769;0;0;0.1;0.01;0;6.11675;0;0;-1
0;226;-13.0706;-15.5092;-40.7614;8.69144;2750.2;5.22604;0;0;0.1;0.01;0;6.37329;0;0;-1
0;227;-11.0682;0.257526;-41.4494;8.66025;2720.7;5.20728;0;0;0.1;0.01;0;5.45354;0;0;-1
0;228;-12.5354;20.0341;-39.3427;9.95302;4130.03;5.98461;0;0;0.1;0.01;0;6.16067;0;0;-1
0;229;-9.96279;34.3121;-39.7665;8.5;2572.44;5.11093;0;0;0.1;0.01;0;6.08774;1;0;-1
0;230;-11.5633;52.9657;-39.3553;10.1789;4417.65;6.12042;0;0;0.1;0.01;0;6.47087;0;0;-1
0;231;-11.1001;70.7581;-40.0367;9.43087;3513.53;5.67065;0;0;0.1;0.01;0;5.57659;0;0;-1
0;232;-9.78868;87.1009;-39.9624;8.5;2572.44;5.11093;0;0;0.1;0.01;0;2.38782;1;0;-1
0;233;2.81973;-89.5416;-42.0558;9.11671;3173.97;5.48175;0;0;0.1;0.01;0;2.88268;0;0;-1
0;234;4.68043;-74.9304;-41.1583;8.55271;2620.59;5.14262;0;0;0.1;0.01;0;5.17833;0;0;-1
0;235;2.01294;-59.7592;-39.3798;9.47364;3561.55;5.69636;0;0;0.1;0.01;0;5.41853;0;0;-1
0;236;3.62378;-40.7652;-39.8049;8.5;2572.44;5.11093;0;0;0.1;0.01;0;4.85009;1;0;-1
0;237;4.67447;-25.2807;-39.513;9.5216;3615.92;5.7252;0;0;0.1;0.01;0;6.13867;0;0;-1
0;238;1.23579;-8.07854;-42.4299;10.2613;4525.8;6.16997;0;0;0.1;0.01;0;6.26596;0;0;-1
0;239;3.21598;10.4513;-41.0109;8.61838;2681.42;5.18211;0;0;0.1;0.01;0;4.37042;0;0;-1
0;240;4.07625;27.1893;-39.4739;8.90471;2957.66;5.35427;0;0;0.1;0.01;0;6.72777;0;0;-1
0;241;1.22688;43.0303;-40.2747;10.0973;4312.25;6.07136;0;0;0.1;0.01;0;7.9771;0;0;-1
0;242;1.52197;60.6258;-40.9786;8.5;2572.44;5.11093;0;0;0.1;0.01;0;5.36222;1;0;-1
0;243;3.95508;76.3818;-41.0722;9.14274;3201.24;5.4974;0;0;0.1;0.01;0;5.26556;0;0;-1
0;244;17.6692;-82.3296;-42.0931;8.5;2572.44;5.11093;0;0;0.1;0.01;0;3.2941;1;0;-1
0;245;18.2141;-65.4537;-39.2857;10.2625;4527.39;6.17069;0;0;0.1;0.01;0;5.88497;0;0;-1
0;246;17.9212;-46.4618;-40.8032;8.89095;2943.97;5.346;0;0;0.1;0.01;0;5.26716;0;0;-1
0;247;17.8342;-31.76;-41.1558;8.5;2572.44;5.11093;0;0;0.1;0.01;0;5.83878;1;0;-1
0;248;19.0997;-15.4984;-41.774;9.48375;3572.97;5.70244;0;0;0.1;0.01;0;5.92431;0;0;-1
0;249;19.7508;1.93993;-42.1594;9.10927;3166.21;5.47727;0;0;0.1;0.01;0;4.69341;0;0;-1
0;250;17.6637;17.734;-40.5181;9.27102;3337.88;5.57453;0;0;0.1;0.01;0;5.59875;0;0;-1
0;251;19.027;36.7175;-42.8438;9.9124;4079.67;5.96018;0;0;0.1;0.01;0;7.63416;0;0;-1
0;252;16.7945;52.0129;-39.6899;10.0976;4312.64;6.07154;0;0;0.1;0.01;0;7.44167;0;0;-1
0;253;18.7595;68.4685;-41.1946;10.3155;4597.9;6.20256;0;0;0.1;0.01;0;5.94252;0;0;-1
0;254;16.4148;87.4195;-41.1277;10.0767;4285.92;6.05897;0;0;0.1;0.01;0;3.14616;0;0;-1
0;255;32.9517;-75.6292;-42.5037;8.64912;2710.22;5.20059;0;0;0.1;0.01;0;2.25109;0;0;-1
0;256;30.5637;-56.491;-40.5188;9.0958;3152.18;5.46917;0;0;0.1;0.01;0;6.28013;0;0;-1
0;257;33.7146;-41.1818;-40.4629;10.005;4195.08;6.01586;0;0;0.1;0.01;0;7.65301;0;0;-1
0;258;32.7746;-25.2881;-41.5708;10.1242;4346.81;6.08753;0;0;0.1;0.01;0;7.40503;0;0;-1
0;259;33.7394;-8.04497;-42.0258;8.5;2572.44;5.11093;0;0;0.1;0.01;0;4.72458;1;0;-1
0;260;33.8422;10.0293;-42.293;8.5;2572.44;5.11093;0;0;0.1;0.01;0;5.10021;1;0;-1
0;261;33.8474;29.5186;-39.8778;8.93213;2985.06;5.37076;0;0;0.1;0.01;0;6.0322;0;0;-1
0;262;32.9437;46.155;-39.4246;10.038;4236.72;6.0357;0;0;0.1;0.01;0;7.76883;0;0;-1
0;263;33.9195;60.0861;-39.7076;9.38769;3465.49;5.64468;0;0;0.1;0.01;0;6.20791;0;0;-1
0;264;33.551;79.8376;-40.4295;8.95437;3007.42;5.38413;0;0;0.1;0.01;0;2.74497;0;0;-1
0;265;47.8255;-65.2734;-41.6052;8.94443;2997.41;5.37816;0;0;0.1;0.01;0;2.46627;0;0;-1
0;266;47.1419;-47.7031;-39.9491;9.52788;3623.08;5.72898;0;0;0.1;0.01;0;5.80274;0;0;-1
0;267;47.7644;-30.2355;-39.2199;10.3176;4600.71;6.20382;0;0;0.1;0.01;0;7.65938;0;0;-1
0;268;46.7902;-14.9376;-42.585;10.067;4273.55;6.05314;0;0;0.1;0.01;0;7.77885;0;0;-1
0;269;46.0802;2.87969;-42.1822;8.5;2572.44;5.11093;0;0;0.1;0.01;0;6.20163;1;0;-1
0;270;47.7576;16.8707;-43.0425;10.1627;4396.59;6.11068;0;0;0.1;0.01;0;7.43722;0;0;-1
0;271;46.8444;37.9654;-41.0984;9.52653;3621.54;5.72816;0;0;0.1;0.01;0;6.19104;0;0;-1
0;272;46.703;52.1429;-42.8732;9.67637;3795.12;5.81826;0;0;0.1;0.01;0;6.60661;0;0;-1
0;273;46.8352;69.2615;-39.895;9.92643;4097.02;5.96862;0;0;0.1;0.01;0;4.49735;0;0;-1
0;274;60.3771;-55.3655;-39.325;9.8308;3979.74;5.91112;0;0;0.1;0.01;0;4.74541;0;0;-1
0;275;63.9923;-41.6915;-39.8261;8.94562;2998.61;5.37887;0;0;0.1;0.01;0;4.28047;0;0;-1
0;276;61.2097;-23.3553;-39.8335;8.55006;2618.16;5.14103;0;0;0.1;0.01;0;5.54359;0;0;-1
0;277;63.4155;-7.79403;-42.3295;9.67674;3795.56;5.81848;0;0;0.1;0.01;0;6.80332;0;0;-1
0;278;63.5973;8.22638;-39.4699;10.0114;4203.13;6.01971;0;0;0.1;0.01;0;6.55994;0;0;-1
0;279;63.0248;26.1915;-42.2772;10.0357;4233.81;6.03432;0;0;0.1;0.01;0;6.07346;0;0;-1
0;280;61.5506;42.1368;-41.1943;8.88075;2933.85;5.33987;0;0;0.1;0.01;0;5.08214;0;0;-1
0;281;61.9965;60.4214;-42.4588;9.23144;3295.32;5.55073;0;0;0.1;0.01;0;3.67954;0;0;-1
0;282;74.9423;-32.4959;-43.1743;9.0112;3065.04;5.4183;0;0;0.1;0.01;0;3.21759;0;0;-1
0;283;77.7442;-14.9992;-41.1223;8.62851;2690.89;5.1882;0;0;0.1;0.01;0;4.4657;0;0;-1
0;284;76.3306;-0.0848939;-41.4648;10.2851;4557.37;6.18428;0;0;0.1;0.01;0;6.87624;0;0;-1
0;285;78.7429;19.728;-42.8262;8.99017;3043.63;5.40566;0;0;0.1;0.01;0;3.33056;0;0;-1
0;286;76.5362;34.3358;-41.943;9.23964;3304.1;5.55566;0;0;0.1;0.01;0;3.54146;0;0;-1
0;287;90.5175;-4.56062;-40.5404;8.7003;2758.62;5.23136;0;0;0.1;0.01;0;2.23201;0;0;-1
0;288;-95.1324;-13.5099;-24.7022;8.77145;2826.85;5.27415;0;0;0.1;0.01;0;3.175;0;0;-1
0;289;-95.6341;1.24921;-26.1003;9.92316;4092.97;5.96665;0;0;0.1;0.01;0;3.87485;0;0;-1
0;290;-80.8668;-41.5025;-24.6603;9.90428;4069.65;5.9553;0;0;0.1;0.01;0;2.88732;0;0;-1
0;291;-81.7973;-23.4397;-27.3411;9.5595;3659.27;5.74799;0;0;0.1;0.01;0;3.86481;0;0;-1
0;292;-78.9059;-4.65587;-26.4869;10.0423;4242.17;6.03829;0;0;0.1;0.01;0;5.59096;0;0;-1
0;293;-82.574;10.9697;-26.4494;10.1274;4350.93;6.08946;0;0;0.1;0.01;0;6.286;0;0;-1
0;294;-82.4122;27.6796;-25.1448;10.0349;4232.8;6.03384;0;0;0.1;0.01;0;5.02818;0;0;-1
0;295;-80.402;44.5612;-28.1123;9.88358;4044.19;5.94285;0;0;0.1;0.01;0;3.28448;0;0;-1
0;296;-64.0837;-67.8789;-26.0009;8.5;2572.44;5.11093;0;0;0.1;0.01;0;2.51673;1;0;-1
0;297;-64.3772;-48.994;-26.1281;8.77835;2833.53;5.27829;0;0;0.1;0.01;0;4.35894;0;0;-1
0;298;-64.5266;-31.2612;-25.4635;9.74862;3880.77;5.8617;0;0;0.1;0.01;0;5.46816;0;0;-1
0;299;-64.4901;-12.8946;-26.9883;9.28066;3348.31;5.58033;0;0;0.1;0.01;0;5.55802;0;0;-1
0;300;-66.0767;4.44108;-26.0322;8.5;2572.44;5.11093;0;0;0.1;0.01;0;5.94013;1;0;-1
0;301;-65.4682;20.2171;-26.9365;8.59094;2655.89;5.16561;0;0;0.1;0.01;0;5.71356;0;0;-1
0;302;-64.6851;35.2183;-27.174;10.0497;4251.56;6.04274;0;0;0.1;0.01;0;6.30969;0;0;-1
0;303;-64.5487;50.9153;-26.2271;9.27992;3347.51;5.57988;0;0;0.1;0.01;0;5.7494;0;0;-1
0;304;-66.6797;68.6693;-26.7131;9.4554;3541.02;5.68539;0;0;0.1;0.01;0;2.14978;0;0;-1
0;305;-49.7081;-72.4989;-27.7909;8.99661;3050.18;5.40953;0;0;0.1;0.01;0;5.22963;0;0;-1
0;306;-49.6192;-58.1776;-26.2855;9.25063;3315.91;5.56227;0;0;0.1;0.01;0;6.29451;0;0;-1
0;307;-51.5408;-39.7128;-26.347;9.3425;3415.69;5.61751;0;0;0.1;0.01;0;6.00886;0;0;-1
0;308;-52.4096;-23.117;-27.5501;9.77632;3913.95;5.87836;0;0;0.1;0.01;0;6.55641;0;0;-1
0;309;-50.4828;-7.03398;-27.8129;9.73264;3861.72;5.8521;0;0;0.1;0.01;0;6.61016;0;0;-1
0;310;-53.0201;8.65109;-26.3282;8.9409;2993.87;5.37603;0;0;0.1;0.01;0;5.48822;0;0;-1
0;311;-51.1159;26.7854;-24.4711;9.14375;3202.3;5.498;0;0;0.1;0.01;0;5.57809;0;0;-1
0;312;-49.9882;45.511;-24.8738;9.78011;3918.5;5.88064;0;0;0.1;0.01;0;7.33656;0;0;-1
0;313;-50.6659;62.4896;-25.5803;8.75947;2815.28;5.26694;0;0;0.1;0.01;0;6.08505;0;0;-1
0;314;-51.7923;78.484;-28.2526;8.72318;2780.44;5.24512;0;0;0.1;0.01;0;2.65269;0;0;-1
0;315;-36.43;-82.1758;-26.5162;10.3133;4594.96;6.20124;0;0;0.1;0.01;0;6.19611;0;0;-1
0;316;-34.9834;-67.3068;-26.8044;8.88636;2939.41;5.34324;0;0;0.1;0.01;0;6.99086;0;0;-1
0;317;-38.3677;-47.1102;-27.1474;10.1598;4392.83;6.10894;0;0;0.1;0.01;0;5.71279;0;0;-1
0;318;-36.0594;-30.0833;-26.0723;9.32899;3400.89;5.60939;0;0;0.1;0.01;0;6.1165;0;0;-1
0;319;-34.6341;-13.7585;-26.8;8.77558;2830.85;5.27663;0;0;0.1;0.01;0;5.01685;0;0;-1
0;320;-36.5872;4.31517;-27.452;8.5;2572.44;5.11093;0;0;0.1;0.01;0;4.19376;1;0;-1
0;321;-38.3583;18.545;-27.4815;9.50184;3593.45;5.71332;0;0;0.1;0.01;0;5.45526;0;0;-1
0;322;-38.2422;34.5844;-25.1703;8.5;2572.44;5.11093;0;0;0.1;0.01;0;5.50242;1;0;-1
0;323;-37.6477;52.2799;-27.8678;9.223;3286.29;5.54566;0;0;0.1;0.01;0;6.07487;0;0;-1
0;324;-38.2094;67.7243;-25.7604;8.5;2572.44;5.11093;0;0;0.1;0.01;0;4.48779;1;0;-1
0;325;-35.5404;85.8436;-24.9543;10.2803;4550.99;6.1814;0;0;0.1;0.01;0;3.74743;0;0;-1
0;326;-21.7856;-90.7739;-25.2869;10.3383;4628.45;6.21627;0;0;0.1;0.01;0;3.98846;0;0;-1
0;327;-20.5824;-73.0903;-27.0225;10.1729;4409.84;6.11682;0;0;0.1;0.01;0;8.27852;0;0;-1
0;328;-20.3491;-59.163;-26.3082;9.74517;3876.65;5.85963;0;0;0.1;0.01;0;7.26751;0;0;-1
0;329;-22.0222;-40.5812;-26.6577;8.61701;2680.15;5.18128;0;0;0.1;0.01;0;4.98479;0;0;-1
0;330;-21.3625;-21.1038;-24.9735;10.094;4308.03;6.06938;0;0;0.1;0.01;0;6.84171;0;0;-1
0;331;-19.7225;-5.48639;-28.0851;8.5;2572.44;5.11093;0;0;0.1;0.01;0;4.65121;1;0;-1
0;332;-21.3117;11.8086;-25.771;8.5;2572.44;5.11093;0;0;0.1;0.01;0;4.00212;1;0;-1
0;333;-22.7745;28.7616;-27.7833;8.64731;2708.52;5.1995;0;0;0.1;0.01;0;5.10094;0;0;-1
0;334;-21.2705;44.7692;-27.8805;9.74786;3879.86;5.86125;0;0;0.1;0.01;0;5.84156;0;0;-1
0;335;-21.691;62.1706;-26.6172;9.66986;3787.47;5.81435;0;0;0.1;0.01;0;6.33978;0;0;-1
0;336;-22.8426;78.7607;-27.9073;9.43208;3514.88;5.67137;0;0;0.1;0.01;0;5.6302;0;0;-1
0;337;-5.9411;-81.268;-28.6484;9.37792;3454.68;5.63881;0;0;0.1;0.01;0;6.094;0;0;-1
0;338;-7.90784;-66.6041;-26.3306;9.47884;3567.42;5.69949;0;0;0.1;0.01;0;6.69001;0;0;-1
0;339;-8.5638;-48.5919;-24.3788;9.13807;3196.33;5.49459;0;0;0.1;0.01;0;5.18361;0;0;-1
0;340;-8.20109;-29.6911;-25.5445;8.77274;2828.1;5.27492;0;0;0.1;0.01;0;5.56614;0;0;-1
0;341;-6.01095;-13.322;-27.8155;9.41095;3491.31;5.65867;0;0;0.1;0.01;0;6.59763;0;0;-1
0;342;-5.4976;1.93223;-27.6489;8.53399;2603.42;5.13136;0;0;0.1;0.01;0;5.70929;0;0;-1
0;343;-6.60643;21.1284;-25.6318;9.60397;3710.57;5.77473;0;0;0.1;0.01;0;6.69978;0;0;-1
0;344;-7.09379;35.4071;-27.0999;9.34522;3418.67;5.61915;0;0;0.1;0.01;0;7.48483;0;0;-1
0;345;-7.92876;51.5105;-26.0271;8.65073;2711.73;5.20156;0;0;0.1;0.01;0;5.61097;0;0;-1
0;346;-9.34434;72.1591;-24.4913;8.6207;2683.59;5.1835;0;0;0.1;0.01;0;5.03688;0;0;-1
0;347;-9.09963;88.2413;-25.6701;8.64271;2704.2;5.19674;0;0;0.1;0.01;0;3.96918;0;0;-1
0;348;9.34722;-90.4736;-25.4108;10.3115;4592.55;6.20016;0;0;0.1;0.01;0;4.27783;0;0;-1
0;349;6.59589;-75.7959;-25.3178;9.7822;3921.01;5.88189;0;0;0.1;0.01;0;6.67469;0;0;-1
0;350;9.44246;-58.6616;-25.7707;9.33001;3402;5.61;0;0;0.1;0.01;0;5.80905;0;0;-1
0;351;5.72646;-40.0312;-25.3999;9.62018;3729.39;5.78447;0;0;0.1;0.01;0;6.09891;0;0;-1
0;352;8.26447;-25.5192;-26.5923;8.72878;2785.8;5.24849;0;0;0.1;0.01;0;5.86102;0;0;-1
0;353;9.02482;-8.76489;-27.6924;10.2426;4501.11;6.15873;0;0;0.1;0.01;0;6.79832;0;0;-1
0;354;5.51787;9.93647;-25.5163;9.14542;3204.05;5.49901;0;0;0.1;0.01;0;4.58407;0;0;-1
0;355;9.4356;29.331;-27.6625;10.081;4291.4;6.06156;0;0;0.1;0.01;0;6.86136;0;0;-1
0;356;6.25194;44.0477;-25.2388;10.3766;4680.09;6.2393;0;0;0.1;0.01;0;7.20078;0;0;-1
0;357;6.86787;63.4112;-24.6212;10.1832;4423.25;6.12301;0;0;0.1;0.01;0;6.8078;0;0;-1
0;358;5.8989;78.2879;-28.0007;9.05381;3108.73;5.44392;0;0;0.1;0.01;0;5.55883;0;0;-1
0;359;8.24531;95.6195;-26.8449;10.0208;4214.98;6.02536;0;0;0.1;0.01;0;2.99625;0;0;-1
0;360;22.5763;-82.3672;-25.2123;9.14669;3205.39;5.49977;0;0;0.1;0.01;0;4.65819;0;0;-1
0;361;23.7011;-65.8964;-25.4772;9.51617;3609.73;5.72193;0;0;0.1;0.01;0;5.43841;0;0;-1
0;362;23.2767;-47.2899;-27.4347;10.114;4333.69;6.0814;0;0;0.1;0.01;0;6.25971;0;0;-1
0;363;22.7915;-31.7604;-26.0472;9.7203;3847.05;5.84468;0;0;0.1;0.01;0;6.89693;0;0;-1
0;364;22.1291;-16.089;-25.5895;10.0142;4206.66;6.02139;0;0;0.1;0.01;0;6.73073;0;0;-1
0;365;22.319;1.01482;-26.8048;9.03568;3090.09;5.43302;0;0;0.1;0.01;0;5.17277;0;0;-1
0;366;23.3873;18.1889;-28.0114;9.62583;3735.97;5.78787;0;0;0.1;0.01;0;6.25404;0;0;-1
0;367;23.2499;34.9352;-27.5232;9.48752;3577.23;5.70471;0;0;0.1;0.01;0;7.41937;0;0;-1
0;368;20.5945;51.1124;-24.5188;9.78732;3927.17;5.88497;0;0;0.1;0.01;0;6.26225;0;0;-1
0;369;20.2895;69.152;-26.9516;9.41126;3491.66;5.65885;0;0;0.1;0.01;0;5.36326;0;0;-1
0;370;23.3603;84.5738;-24.8068;9.48309;3572.22;5.70204;0;0;0.1;0.01;0;4.90072;0;0;-1
0;371;38.0637;-75.9939;-27.103;9.08221;3138.07;5.461;0;0;0.1;0.01;0;3.94094;0;0;-1
0;372;35.2283;-56.9197;-27.0377;8.68961;2748.46;5.22494;0;0;0.1;0.01;0;5.608;0;0;-1
0;373;37.5307;-39.9412;-26.8232;9.92192;4091.44;5.96591;0;0;0.1;0.01;0;7.96711;0;0;-1
0;374;37.692;-23.1663;-27.6904;9.98008;4163.81;6.00088;0;0;0.1;0.01;0;7.59019;0;0;-1
0;375;37.4546;-7.20827;-24.8405;9.68117;3800.77;5.82115;0;0;0.1;0.01;0;6.57137;0;0;-1
0;376;35.129;8.9126;-26.7889;8.8148;2868.97;5.30021;0;0;0.1;0.01;0;5.30946;0;0;-1
0;377;37.2276;25.3871;-24.71;9.96675;4147.15;5.99286;0;0;0.1;0.01;0;6.87982;0;0;-1
0;378;37.0151;42.1405;-27.0982;9.84583;3998.03;5.92015;0;0;0.1;0.01;0;6.5792;0;0;-1
0;379;38.4487;63.6772;-24.9029;8.5;2572.44;5.11093;0;0;0.1;0.01;0;4.58564;1;0;-1
0;380;36.7512;78.8107;-24.8765;8.5;2572.44;5.11093;0;0;0.1;0.01;0;4.35182;1;0;-1
0;381;50.4412;-66.6514;-24.7855;10.2137;4463.11;6.14135;0;0;0.1;0.01;0;5.56983;0;0;-1
0;382;49.963;-50.7732;-25.2896;10.1728;4409.71;6.11676;0;0;0.1;0.01;0;6.8523;0;0;-1
0;383;50.0716;-33.4187;-25.029;8.55599;2623.61;5.14459;0;0;0.1;0.01;0;5.20375;0;0;-1
0;384;52.7123;-15.5626;-26.8628;9.21838;3281.35;5.54288;0;0;0.1;0.01;0;6.25942;0;0;-1
0;385;51.8215;1.73294;-28.3359;10.0155;4208.3;6.02217;0;0;0.1;0.01;0;7.16835;0;0;-1
0;386;50.1063;17.7978;-28.5163;9.04577;3100.45;5.43909;0;0;0.1;0.01;0;6.16619;0;0;-1
0;387;50.3078;34.892;-25.0684;9.38364;3461.01;5.64225;0;0;0.1;0.01;0;5.57806;0;0;-1
0;388;52.9784;54.7654;-24.698;8.65695;2717.59;5.2053;0;0;0.1;0.01;0;4.39769;0;0;-1
0;389;52.2006;72.6197;-26.9432;9.78828;3928.33;5.88555;0;0;0.1;0.01;0;4.37815;0;0;-1
0;390;66.3577;-59.2041;-27.632;8.99162;3045.11;5.40653;0;0;0.1;0.01;0;4.13205;0;0;-1
0;391;66.6333;-42.2216;-25.036;8.84857;2902.07;5.32052;0;0;0.1;0.01;0;5.48393;0;0;-1
0;392;67.4826;-23.2448;-24.8703;10.3678;4668.19;6.23401;0;0;0.1;0.01;0;6.53692;0;0;-1
0;393;65.557;-5.60242;-26.9237;8.9529;3005.94;5.38325;0;0;0.1;0.01;0;6.84041;0;0;-1
0;394;66.5855;9.45791;-25.0925;9.2484;3313.51;5.56093;0;0;0.1;0.01;0;5.82226;0;0;-1
0;395;64.8731;25.4109;-25.6017;9.8348;3984.6;5.91352;0;0;0.1;0.01;0;4.8097;0;0;-1
0;396;66.3799;46.5075;-25.9018;10.0347;4232.55;6.03372;0;0;0.1;0.01;0;5.81807;0;0;-1
0;397;65.0741;62.2766;-27.5163;10.0508;4252.95;6.0434;0;0;0.1;0.01;0;4.97039;0;0;-1
0;398;79.4161;-51.2656;-25.8231;10.1042;4321.1;6.07551;0;0;0.1;0.01;0;2.17845;0;0;-1
0;399;81.8809;-34.2046;-24.831;10.2512;4512.45;6.1639;0;0;0.1;0.01;0;3.41403;0;0;-1
0;400;80.7473;-16.8092;-25.3533;8.88357;2936.64;5.34156;0;0;0.1;0.01;0;4.46849;0;0;-1
0;401;79.7982;-0.230794;-26.2423;9.30496;3374.68;5.59494;0;0;0.1;0.01;0;4.87177;0;0;-1
0;402;83.2189;17.7933;-25.2688;9.79833;3940.44;5.89159;0;0;0.1;0.01;0;4.14658;0;0;-1
0;403;79.098;33.764;-27.9937;8.5;2572.44;5.11093;0;0;0.1;0.01;0;3.36591;1;0;-1
0;404;79.3723;54.6227;-26.5441;10.3516;4646.34;6.22427;0;0;0.1;0.01;0;2.70784;0;0;-1
0;405;-98.4414;0.962437;-11.81;10.2755;4544.62;6.17851;0;0;0.1;0.01;0;3.70508;0;0;-1
0;406;-84.2847;-42.0857;-11.2474;9.08598;3141.98;5.46327;0;0;0.1;0.01;0;3.46824;0;0;-1
0;407;-84.3742;-23.5412;-10.3071;10.4098;4725.15;6.25926;0;0;0.1;0.01;0;5.70457;0;0;-1
0;408;-85.217;-7.13493;-12.4882;8.91246;2965.39;5.35893;0;0;0.1;0.01;0;5.26822;0;0;-1
0;409;-83.3474;11.6455;-11.9316;10.149;4378.83;6.10245;0;0;0.1;0.01;0;5.92308;0;0;-1
0;410;-84.8159;29.1425;-12.4329;8.5;2572.44;5.11093;0;0;0.1;0.01;0;4.12852;1;0;-1
0;411;-84.0307;42.4988;-11.3148;9.39125;3469.44;5.64682;0;0;0.1;0.01;0;4.12666;0;0;-1
0;412;-70.8141;-68.4396;-10.0652;8.78734;2842.24;5.2837;0;0;0.1;0.01;0;2.13537;0;0;-1
0;413;-69.2318;-49.2669;-11.9968;9.51949;3613.51;5.72393;0;0;0.1;0.01;0;4.76787;0;0;-1
0;414;-69.8918;-32.557;-10.1389;9.37135;3447.43;5.63486;0;0;0.1;0.01;0;6.79676;0;0;-1
0;415;-72.1621;-15.742;-11.6904;9.40543;3485.17;5.65535;0;0;0.1;0.01;0;6.58711;0;0;-1
0;416;-70.7968;3.17401;-10.3102;8.76929;2824.76;5.27285;0;0;0.1;0.01;0;6.07148;0;0;-1
0;417;-68.3547;17.3762;-12.9567;8.58719;2652.42;5.16335;0;0;0.1;0.01;0;4.93277;0;0;-1
0;418;-69.4917;36.4703;-11.9844;9.59908;3704.91;5.77179;0;0;0.1;0.01;0;6.34021;0;0;-1
0;419;-71.9178;53.7837;-13.0198;8.9755;3028.76;5.39684;0;0;0.1;0.01;0;4.41766;0;0;-1
0;420;-54.2903;-75.1313;-9.72206;8.85847;2911.82;5.32647;0;0;0.1;0.01;0;3.81407;0;0;-1
0;421;-56.6175;-58.2387;-12.3485;9.39962;3478.72;5.65186;0;0;0.1;0.01;0;5.38589;0;0;-1
0;422;-57.3307;-39.2046;-10.3184;8.57706;2643.04;5.15726;0;0;0.1;0.01;0;5.56573;0;0;-1
0;423;-57.3114;-23.9536;-11.8626;8.5;2572.44;5.11093;0;0;0.1;0.01;0;5.49267;1;0;-1
0;424;-55.2372;-7.21999;-11.8101;9.00601;3059.75;5.41518;0;0;0.1;0.01;0;5.49996;0;0;-1
0;425;-54.3064;8.60202;-12.5446;10.0595;4264.01;6.04863;0;0;0.1;0.01;0;5.9874;0;0;-1
0;426;-57.3422;29.7715;-12.8166;8.5;2572.44;5.11093;0;0;0.1;0.01;0;5.63794;1;0;-1
0;427;-55.1166;44.7219;-11.8303;9.28257;3350.37;5.58147;0;0;0.1;0.01;0;6.85765;0;0;-1
0;428;-57.9509;60.0338;-10.6844;9.74725;3879.14;5.86088;0;0;0.1;0.01;0;5.44983;0;0;-1
0;429;-42.7869;-83.643;-13.2563;10.0889;4301.5;6.06631;0;0;0.1;0.01;0;4.25703;0;0;-1
0;430;-39.3558;-64.6269;-11.5726;9.79525;3936.73;5.88974;0;0;0.1;0.01;0;5.60963;0;0;-1
0;431;-41.0503;-49.3541;-10.6907;8.52157;2592.07;5.1239;0;0;0.1;0.01;0;5.0785;0;0;-1
0;432;-41.2246;-32.6054;-12.3591;9.80366;3946.87;5.8948;0;0;0.1;0.01;0;6.13954;0;0;-1
0;433;-42.0804;-14.3457;-13.5232;10.014;4206.41;6.02127;0;0;0.1;0.01;0;6.08416;0;0;-1
0;434;-40.9216;3.06842;-10.7832;9.48602;3575.53;5.70381;0;0;0.1;0.01;0;5.76801;0;0;-1
0;435;-39.4035;20.0883;-11.2077;10.0097;4200.99;6.01869;0;0;0.1;0.01;0;6.27591;0;0;-1
0;436;-42.1308;36.9068;-13.1689;9.33057;3402.62;5.61034;0;0;0.1;0.01;0;7.19994;0;0;-1
0;437;-42.653;52.2139;-12.6256;8.5;2572.44;5.11093;0;0;0.1;0.01;0;5.05283;1;0;-1
0;438;-43.0053;70.6871;-12.5537;8.74544;2801.78;5.25851;0;0;0.1;0.01;0;4.72283;0;0;-1
0;439;-43.2512;85.1303;-13.3395;8.5;2572.44;5.11093;0;0;0.1;0.01;0;3.42673;1;0;-1
0;440;-27.9034;-93.1832;-13.0845;9.62079;3730.1;5.78484;0;0;0.1;0.01;0;4.31747;0;0;-1
0;441;-28.1457;-76.872;-13.0032;10.1441;4372.49;6.0995;0;0;0.1;0.01;0;7.05537;0;0;-1
0;442;-24.6983;-56.5743;-12.2852;10.3899;4698.1;6.2473;0;0;0.1;0.01;0;7.307;0;0;-1
0;443;-27.366;-41.753;-10.1925;10.4383;4764.07;6.2764;0;0;0.1;0.01;0;7.63271;0;0;-1
0;444;-26.6319;-22.2863;-11.8637;10.2193;4470.46;6.14472;0;0;0.1;0.01;0;6.64895;0;0;-1
0;445;-24.9554;-7.30787;-10.3203;8.54228;2611.02;5.13635;0;0;0.1;0.01;0;4.69836;0;0;-1
0;446;-25.1412;9.14671;-10.2538;9.43114;3513.83;5.67081;0;0;0.1;0.01;0;5.17356;0;0;-1
0;447;-27.4339;28.4654;-10.5847;10.2555;4518.13;6.16648;0;0;0.1;0.01;0;6.15095;0;0;-1
0;448;-28.3103;42.9604;-10.7766;9.06343;3118.65;5.44971;0;0;0.1;0.01;0;5.62652;0;0;-1
0;449;-24.4461;59.0689;-12.8498;8.80537;2859.77;5.29454;0;0;0.1;0.01;0;4.53446;0;0;-1
0;450;-24.7739;77.7004;-12.2428;9.85517;4009.41;5.92577;0;0;0.1;0.01;0;6.45148;0;0;-1
0;451;-24.8603;94.674;-14.015;10.1999;4445.05;6.13305;0;0;0.1;0.01;0;3.54401;0;0;-1
0;452;-13.5498;-83.3045;-11.0874;8.5;2572.44;5.11093;0;0;0.1;0.01;0;4.45265;1;0;-1
0;453;-12.7693;-65.4497;-13.2568;8.5;2572.44;5.11093;0;0;0.1;0.01;0;5.52525;1;0;-1
0;454;-12.6946;-48.4404;-9.70716;9.49539;3586.14;5.70944;0;0;0.1;0.01;0;6.60564;0;0;-1
0;455;-11.4445;-32.3664;-11.7614;10.4018;4714.27;6.25445;0;0;0.1;0.01;0;7.25711;0;0;-1
0;456;-10.3973;-14.2722;-10.7259;8.5;2572.44;5.11093;0;0;0.1;0.01;0;6.0592;1;0;-1
0;457;-10.7172;0.964509;-11.6036;10.2021;4447.92;6.13437;0;0;0.1;0.01;0;7.15961;0;0;-1
0;458;-10.7321;16.9694;-11.625;9.08701;3143.05;5.46389;0;0;0.1;0.01;0;5.76867;0;0;-1
0;459;-11.5936;34.2443;-12.5346;8.56015;2627.44;5.14709;0;0;0.1;0.01;0;4.6192;0;0;-1
0;460;-10.3538;50.9657;-10.6055;8.54843;2616.66;5.14005;0;0;0.1;0.01;0;5.22075;0;0;-1
0;461;-10.5247;67.415;-11.6338;9.0735;3129.05;5.45576;0;0;0.1;0.01;0;5.90933;0;0;-1
0;462;-11.6995;87.255;-12.4316;8.5;2572.44;5.11093;0;0;0.1;0.01;0;4.79539;1;0;-1
0;463;4.39495;-91.5516;-10.5867;8.69412;2752.74;5.22765;0;0;0.1;0.01;0;3.76477;0;0;-1
0;464;1.54615;-75.9929;-12.1272;8.5;2572.44;5.11093;0;0;0.1;0.01;0;5.49032;1;0;-1
0;465;1.34847;-59.4754;-12.8573;8.86284;2916.13;5.3291;0;0;0.1;0.01;0;6.06245;0;0;-1
0;466;1.68078;-41.2588;-12.6223;9.63019;3741.05;5.79049;0;0;0.1;0.01;0;6.53657;0;0;-1
0;467;1.2663;-21.5679;-10.4649;9.21799;3280.93;5.54264;0;0;0.1;0.01;0;6.60942;0;0;-1
0;468;1.59671;-7.44524;-12.1292;8.63646;2698.34;5.19298;0;0;0.1;0.01;0;6.12615;0;0;-1
0;469;3.27877;8.17292;-12.2809;10.1133;4332.79;6.08098;0;0;0.1;0.01;0;6.2116;0;0;-1
0;470;3.1883;25.1331;-13.5509;9.05314;3108.04;5.44352;0;0;0.1;0.01;0;4.72392;0;0;-1
0;471;1.98639;43.7628;-10.4974;9.3009;3370.26;5.5925;0;0;0.1;0.01;0;5.5775;0;0;-1
0;472;2.33354;59.5209;-10.7498;9.45512;3540.71;5.68523;0;0;0.1;0.01;0;6.5878;0;0;-1
0;473;2.70524;76.7491;-10.3985;8.91847;2971.39;5.36255;0;0;0.1;0.01;0;6.03319;0;0;-1
0;474;3.09757;94.0412;-11.465;10.2647;4530.3;6.17202;0;0;0.1;0.01;0;4.45951;0;0;-1
0;475;18.8181;-85.1757;-10.5369;9.35595;3430.46;5.6256;0;0;0.1;0.01;0;5.80079;0;0;-1
0;476;16.0703;-68.1899;-10.5134;9.47166;3559.32;5.69517;0;0;0.1;0.01;0;6.35412;0;0;-1
0;477;15.9625;-51.4696;-9.87881;9.86583;4022.44;5.93218;0;0;0.1;0.01;0;5.77801;0;0;-1
0;478;15.5191;-33.3906;-10.5206;9.65096;3765.3;5.80298;0;0;0.1;0.01;0;5.7424;0;0;-1
0;479;16.0308;-16.2993;-11.467;8.57311;2639.39;5.15489;0;0;0.1;0.01;0;5.90976;0;0;-1
0;480;16.4182;1.1191;-11.4649;9.38448;3461.94;5.64275;0;0;0.1;0.01;0;5.57894;0;0;-1
0;481;19.4897;20.9037;-10.8797;9.88972;4051.73;5.94655;0;0;0.1;0.01;0;6.04885;0;0;-1
0;482;19.6208;38.1892;-13.1664;8.5;2572.44;5.11093;0;0;0.1;0.01;0;5.08404;1;0;-1
0;483;18.1879;54.5363;-11.4777;8.5;2572.44;5.11093;0;0;0.1;0.01;0;4.93018;1;0;-1
0;484;17.3015;71.4365;-10.3209;10.3965;4707.06;6.25126;0;0;0.1;0.01;0;7.11144;0;0;-1
0;485;15.6997;84.9736;-12.572;8.5;2572.44;5.11093;0;0;0.1;0.01;0;5.45141;1;0;-1
0;486;31.947;-93.7281;-12.0409;8.83098;2884.8;5.30994;0;0;0.1;0.01;0;1.85615;0;0;-1
0;487;33.36;-76.6508;-12.3244;9.41174;3492.19;5.65914;0;0;0.1;0.01;0;5.65293;0;0;-1
0;488;32.8872;-55.389;-10.3519;9.45135;3536.47;5.68296;0;0;0.1;0.01;0;4.99134;0;0;-1
0;489;34.1676;-38.8898;-10.12;9.62386;3733.67;5.78669;0;0;0.1;0.01;0;6.14306;0;0;-1
0;490;31.2299;-21.3551;-12.2805;9.89423;4057.28;5.94926;0;0;0.1;0.01;0;7.10759;0;0;-1
0;491;33.1374;-6.33566;-10.7779;8.88235;2935.43;5.34083;0;0;0.1;0.01;0;5.56301;0;0;-1
0;492;33.5006;11.7948;-12.9125;10.3784;4682.52;6.24038;0;0;0.1;0.01;0;7.01965;0;0;-1
0;493;31.4729;29.0503;-10.838;9.24443;3309.25;5.55854;0;0;0.1;0.01;0;6.82161;0;0;-1
0;494;33.5331;46.2625;-13.2525;9.56238;3662.58;5.74972;0;0;0.1;0.01;0;5.98846;0;0;-1
0;495;32.7901;63.4854;-10.3667;8.6173;2680.42;5.18146;0;0;0.1;0.01;0;5.98535;0;0;-1
0;496;32.2632;79.3827;-10.1261;10.0567;4260.45;6.04695;0;0;0.1;0.01;0;6.38683;0;0;-1
0;497;45.9671;-82.9346;-10.7946;8.5;2572.44;5.11093;0;0;0.1;0.01;0;4.15689;1;0;-1
0;498;48.1299;-67.8887;-11.4519;9.53328;3629.24;5.73222;0;0;0.1;0.01;0;6.01314;0;0;-1
0;499;47.6992;-47.7318;-11.9665;9.34097;3414.01;5.61659;0;0;0.1;0.01;0;6.11519;0;0;-1
0;500;48.6185;-31.7091;-12.5216;9.05733;3112.36;5.44604;0;0;0.1;0.01;0;5.53979;0;0;-1
0;501;45.5558;-14.736;-10.9543;9.15165;3210.6;5.50275;0;0;0.1;0.01;0;6.26687;0;0;-1
0;502;46.5925;0.438646;-11.0265;10.1585;4391.14;6.10816;0;0;0.1;0.01;0;7.44615;0;0;-1
0;503;47.7329;18.1176;-13.4368;10.1742;4411.53;6.1176;0;0;0.1;0.01;0;7.74686;0;0;-1
0;504;47.9007;34.6493;-10.5434;9.51622;3609.79;5.72196;0;0;0.1;0.01;0;6.42842;0;0;-1
0;505;45.9446;55.1924;-12.4958;8.5;2572.44;5.11093;0;0;0.1;0.01;0;5.01962;1;0;-1
0;506;46.2859;68.4967;-10.0119;9.24156;3306.16;5.55682;0;0;0.1;0.01;0;6.16966;0;0;-1
0;507;47.6944;85.6423;-13.0937;8.6403;2701.94;5.19529;0;0;0.1;0.01;0;2.33812;0;0;-1
0;508;61.0938;-74.2519;-11.2891;10.3036;4582.01;6.19541;0;0;0.1;0.01;0;3.1979;0;0;-1
0;509;60.3068;-56.0662;-13.2965;9.61516;3723.56;5.78146;0;0;0.1;0.01;0;6.39369;0;0;-1
0;510;61.4406;-42.1484;-11.6212;9.39919;3478.24;5.6516;0;0;0.1;0.01;0;6.41352;0;0;-1
0;511;62.5761;-25.7804;-11.861;9.28468;3352.66;5.58274;0;0;0.1;0.01;0;5.8436;0;0;-1
0;512;62.7417;-7.65327;-11.5028;9.83406;3983.7;5.91308;0;0;0.1;0.01;0;6.46841;0;0;-1
0;513;60.736;9.37254;-12.811;10.2245;4477.29;6.14784;0;0;0.1;0.01;0;6.65834;0;0;-1
0;514;61.97;28.7545;-10.2236;9.92591;4096.37;5.96831;0;0;0.1;0.01;0;6.30877;0;0;-1
0;515;62.6704;45.9905;-11.1311;9.50542;3597.51;5.71547;0;0;0.1;0.01;0;5.70463;0;0;-1
0;516;63.2363;63.5904;-10.8016;10.0981;4313.28;6.07184;0;0;0.1;0.01;0;5.33397;0;0;-1
0;517;61.0464;77.924;-13.7957;8.90529;2958.24;5.35462;0;0;0.1;0.01;0;2.77228;0;0;-1
0;518;77.607;-47.5296;-10.8142;8.5;2572.44;5.11093;0;0;0.1;0.01;0;3.88996;1;0;-1
0;519;77.3292;-30.0337;-11.2405;8.60685;2670.68;5.17517;0;0;0.1;0.01;0;5.62857;0;0;-1
0;520;75.2994;-14.4388;-10.8546;10.4528;4783.95;6.28512;0;0;0.1;0.01;0;7.80078;0;0;-1
0;521;74.9391;1.11962;-10.9932;8.5;2572.44;5.11093;0;0;0.1;0.01;0;6.16565;1;0;-1
0;522;76.6089;18.011;-13.3402;8.69993;2758.26;5.23114;0;0;0.1;0.01;0;5.74995;0;0;-1
0;523;75.0671;34.8488;-12.7113;8.5;2572.44;5.11093;0;0;0.1;0.01;0;5.25236;1;0;-1
0;524;75.3403;51.4817;-10.2309;9.24246;3307.13;5.55736;0;0;0.1;0.01;0;5.72029;0;0;-1
0;525;89.5853;-22.1769;-11.9554;8.5;2572.44;5.11093;0;0;0.1;0.01;0;3.78968;1;0;-1
0;526;90.0687;-4.25044;-10.1461;9.67018;3787.85;5.81454;0;0;0.1;0.01;0;4.12003;0;0;-1
0;527;89.5569;12.0103;-11.0238;8.94815;3001.15;5.38039;0;0;0.1;0.01;0;4.80214;0;0;-1
0;528;89.4254;27.028;-11.2003;8.57982;2645.59;5.15892;0;0;0.1;0.01;0;4.51477;0;0;-1
0;529;89.2395;43.563;-9.84161;10.0381;4236.85;6.03576;0;0;0.1;0.01;0;3.29313;0;0;-1
0;530;-93.9364;-16.5773;2.39356;9.45997;3546.16;5.68814;0;0;0.1;0.01;0;3.17088;0;0;-1
0;531;-95.6868;2.72711;3.42998;9.65336;3768.11;5.80443;0;0;0.1;0.01;0;3.78411;0;0;-1
0;532;-95.9053;18.6865;2.16358;10.2032;4449.36;6.13504;0;0;0.1;0.01;0;3.23988;0;0;-1
0;533;-79.6768;-55.9232;3.03553;8.5;2572.44;5.11093;0;0;0.1;0.01;0;2.64014;1;0;-1
0;534;-82.6271;-41.5243;4.68246;9.80047;3943.02;5.89288;0;0;0.1;0.01;0;4.17445;0;0;-1
0;535;-80.598;-23.2246;2.97439;9.80139;3944.13;5.89343;0;0;0.1;0.01;0;6.45397;0;0;-1
0;536;-79.8669;-6.13527;3.72503;9.46528;3552.13;5.69134;0;0;0.1;0.01;0;5.92431;0;0;-1
0;537;-81.7945;10.3541;2.7117;8.90491;2957.86;5.35439;0;0;0.1;0.01;0;4.70897;0;0;-1
0;538;-80.6015;25.4908;1.20281;8.5;2572.44;5.11093;0;0;0.1;0.01;0;3.6959;1;0;-1
0;539;-82.6817;44.0746;2.76961;10.2457;4505.19;6.16059;0;0;0.1;0.01;0;4.42268;0;0;-1
0;540;-78.9058;61.1264;3.37292;9.4202;3501.62;5.66423;0;0;0.1;0.01;0;2.55946;0;0;-1
0;541;-63.8874;-65.5077;1.67681;8.86781;2921.04;5.33209;0;0;0.1;0.01;0;4.00769;0;0;-1
0;542;-64.2786;-47.2855;4.40085;10.2617;4526.33;6.17021;0;0;0.1;0.01;0;6.23371;0;0;-1
0;543;-68.3918;-33.0478;3.5508;8.92266;2975.58;5.36507;0;0;0.1;0.01;0;5.75839;0;0;-1
0;544;-67.7991;-14.8234;1.7256;10.4365;4761.6;6.27532;0;0;0.1;0.01;0;6.92683;0;0;-1
0;545;-67.1931;0.396652;3.73569;10.3306;4618.12;6.21164;0;0;0.1;0.01;0;6.93337;0;0;-1
0;546;-64.731;17.1273;3.36572;10.4477;4776.95;6.28205;0;0;0.1;0.01;0;6.01926;0;0;-1
0;547;-65.1806;36.5246;3.09702;10.4249;4745.74;6.26834;0;0;0.1;0.01;0;6.60369;0;0;-1
0;548;-65.5651;52.0312;3.22268;9.47993;3568.65;5.70014;0;0;0.1;0.01;0;5.48045;0;0;-1
0;549;-64.9432;70.4109;3.16775;8.5;2572.44;5.11093;0;0;0.1;0.01;0;2.35042;1;0;-1
0;550;-49.9102;-75.3336;3.24268;8.5823;2647.89;5.16041;0;0;0.1;0.01;0;5.00555;0;0;-1
0;551;-50.3436;-59.3866;4.20975;8.71413;2771.79;5.23968;0;0;0.1;0.01;0;5.50626;0;0;-1
0;552;-50.954;-42.3342;3.33789;8.72965;2786.63;5.24901;0;0;0.1;0.01;0;5.46258;0;0;-1
0;553;-52.1138;-24.4752;3.65371;8.58632;2651.61;5.16283;0;0;0.1;0.01;0;4.18462;0;0;-1
0;554;-49.6379;-5.37507;2.14986;8.5;2572.44;5.11093;0;0;0.1;0.01;0;4.35369;1;0;-1
0;555;-52.303;10.0584;3.75109;8.5;2572.44;5.11093;0;0;0.1;0.01;0;4.98676;1;0;-1
0;556;-52.7557;25.8378;2.70198;8.5;2572.44;5.11093;0;0;0.1;0.01;0;5.48461;1;0;-1
0;557;-50.269;42.9867;5.11325;9.8444;3996.28;5.91929;0;0;0.1;0.01;0;5.97393;0;0;-1
0;558;-50.7569;63.4571;1.83647;9.04923;3104.01;5.44117;0;0;0.1;0.01;0;5.21469;0;0;-1
0;559;-51.4576;78.1184;1.28338;9.76208;3896.87;5.8698;0;0;0.1;0.01;0;4.43696;0;0;-1
0;560;-34.9782;-84.0129;3.44243;9.36644;3442.01;5.6319;0;0;0.1;0.01;0;5.156;0;0;-1
0;561;-38.4998;-67.3856;3.24795;9.15764;3216.91;5.50636;0;0;0.1;0.01;0;5.35499;0;0;-1
0;562;-36.7059;-50.3897;4.12142;8.5;2572.44;5.11093;0;0;0.1;0.01;0;5.17301;1;0;-1
0;563;-35.8328;-32.6239;2.67868;9.95707;4135.07;5.98704;0;0;0.1;0.01;0;6.05333;0;0;-1
0;564;-38.0806;-14.0884;3.15315;8.97516;3028.41;5.39663;0;0;0.1;0.01;0;4.9835;0;0;-1
0;565;-36.6306;3.18089;4.0363;8.90095;2953.91;5.35201;0;0;0.1;0.01;0;5.85732;0;0;-1
0;566;-38.1398;19.9775;2.91992;10.1518;4382.46;6.10413;0;0;0.1;0.01;0;6.86539;0;0;-1
0;567;-38.1975;36.307;1.03194;8.89588;2948.87;5.34896;0;0;0.1;0.01;0;5.93164;0;0;-1
0;568;-35.4174;50.8418;2.86269;9.82839;3976.82;5.90967;0;0;0.1;0.01;0;5.01494;0;0;-1
0;569;-35.7503;71.74;1.34108;10.4423;4769.55;6.2788;0;0;0.1;0.01;0;6.28614;0;0;-1
0;570;-35.3285;87.8912;3.2895;9.58234;3685.56;5.76172;0;0;0.1;0.01;0;5.14422;0;0;-1
0;571;-20.7816;-93.6572;1.60461;9.51832;3612.18;5.72323;0;0;0.1;0.01;0;4.31276;0;0;-1
0;572;-20.5668;-76.6093;4.59774;8.53528;2604.61;5.13214;0;0;0.1;0.01;0;5.26587;0;0;-1
0;573;-23.6211;-57.6376;1.53752;9.2155;3278.27;5.54115;0;0;0.1;0.01;0;6.00407;0;0;-1
0;574;-23.2243;-40.3613;2.14213;9.25268;3318.11;5.5635;0;0;0.1;0.01;0;6.41707;0;0;-1
0;575;-21.1672;-23.0782;3.57104;8.5;2572.44;5.11093;0;0;0.1;0.01;0;5.39747;1;0;-1
0;576;-20.5797;-5.19301;3.33915;8.55675;2624.31;5.14505;0;0;0.1;0.01;0;6.1617;0;0;-1
0;577;-20.1917;9.99092;4.07415;10.1133;4332.79;6.08098;0;0;0.1;0.01;0;6.90035;0;0;-1
0;578;-23.9409;27.5236;1.88838;8.5874;2652.61;5.16348;0;0;0.1;0.01;0;3.99279;0;0;-1
0;579;-19.929;46.9963;1.83339;9.19996;3261.72;5.5318;0;0;0.1;0.01;0;4.54748;0;0;-1
0;580;-22.0311;63.3245;2.16437;9.89483;4058.01;5.94962;0;0;0.1;0.01;0;6.65758;0;0;-1
0;581;-22.188;77.5576;1.90966;9.60554;3712.39;5.77567;0;0;0.1;0.01;0;6.1988;0;0;-1
0;582;-23.3659;96.2359;1.35785;9.90756;4073.7;5.95727;0;0;0.1;0.01;0;3.42027;0;0;-1
0;583;-7.0742;-98.9533;0.929418;10.0776;4287.06;6.05951;0;0;0.1;0.01;0;2.97272;0;0;-1
0;584;-5.64648;-81.053;3.71576;8.73414;2790.93;5.25171;0;0;0.1;0.01;0;5.62524;0;0;-1
0;585;-9.08184;-66.6485;2.77153;10.3839;4689.97;6.24369;0;0;0.1;0.01;0;5.7514;0;0;-1
0;586;-7.63282;-49.2523;2.31734;8.64791;2709.08;5.19986;0;0;0.1;0.01;0;5.09604;0;0;-1
0;587;-7.46585;-29.9777;2.51829;9.4445;3528.79;5.67884;0;0;0.1;0.01;0;6.35312;0;0;-1
0;588;-8.78078;-14.1944;3.1153;9.71029;3835.18;5.83866;0;0;0.1;0.01;0;6.881;0;0;-1
0;589;-7.8878;1.80781;3.76865;8.5;2572.44;5.11093;0;0;0.1;0.01;0;5.90066;1;0;-1
0;590;-6.29828;17.3572;1.34182;8.51996;2590.61;5.12293;0;0;0.1;0.01;0;5.93055;0;0;-1
0;591;-6.16566;34.6559;3.70065;9.22465;3288.05;5.54665;0;0;0.1;0.01;0;5.50913;0;0;-1
0;592;-5.7622;51.8013;3.54115;8.5;2572.44;5.11093;0;0;0.1;0.01;0;5.87008;1;0;-1
0;593;-7.56784;71.7857;2.32933;10.3283;4615.04;6.21026;0;0;0.1;0.01;0;6.85566;0;0;-1
0;594;-9.20584;88.3779;3.67726;9.77079;3907.31;5.87503;0;0;0.1;0.01;0;4.97632;0;0;-1
0;595;8.0416;-92.1726;3.10114;8.71605;2773.63;5.24083;0;0;0.1;0.01;0;4.70556;0;0;-1
0;596;8.63556;-76.0876;1.82863;9.61678;3725.44;5.78243;0;0;0.1;0.01;0;7.0394;0;0;-1
0;597;5.95539;-58.9243;1.68695;10.096;4310.59;6.07058;0;0;0.1;0.01;0;6.91919;0;0;-1
0;598;7.03495;-42.7403;3.59102;9.83689;3987.15;5.91478;0;0;0.1;0.01;0;6.72657;0;0;-1
0;599;7.5462;-24.9353;1.84888;9.5353;3631.55;5.73344;0;0;0.1;0.01;0;6.50748;0;0;-1
0;600;9.35555;-8.46408;4.44261;10.1237;4346.17;6.08723;0;0;0.1;0.01;0;5.93022;0;0;-1
0;601;5.73439;10.4466;2.77588;8.89902;2951.99;5.35085;0;0;0.1;0.01;0;4.95802;0;0;-1
0;602;7.62706;25.4189;2.121;9.91149;4078.55;5.95964;0;0;0.1;0.01;0;6.08752;0;0;-1
0;603;8.38412;44.0617;2.35344;8.5;2572.44;5.11093;0;0;0.1;0.01;0;5.04463;1;0;-1
0;604;6.91174;60.3878;1.62502;8.5;2572.44;5.11093;0;0;0.1;0.01;0;5.65681;1;0;-1
0;605;8.80158;76.5043;2.6771;8.62821;2690.61;5.18802;0;0;0.1;0.01;0;5.79712;0;0;-1
0;606;5.61088;97.9072;1.5226;9.70502;3828.93;5.83549;0;0;0.1;0.01;0;2.82625;0;0;-1
0;607;20.4548;-85.2861;2.17971;8.5;2572.44;5.11093;0;0;0.1;0.01;0;4.153;1;0;-1
0;608;23.7077;-66.3264;2.73918;10.1485;4378.19;6.10215;0;0;0.1;0.01;0;5.92359;0;0;-1
0;609;22.3827;-47.358;4.38689;8.61569;2678.91;5.18049;0;0;0.1;0.01;0;4.58201;0;0;-1
0;610;21.7405;-31.0857;1.47364;8.5;2572.44;5.11093;0;0;0.1;0.01;0;5.79034;1;0;-1
0;611;21.4293;-14.7094;1.49446;8.5;2572.44;5.11093;0;0;0.1;0.01;0;5.46785;1;0;-1
0;612;23.2031;4.33633;1.19762;9.49255;3582.92;5.70773;0;0;0.1;0.01;0;5.44688;0;0;-1
0;613;23.3907;20.8315;4.67152;9.56391;3664.33;5.75064;0;0;0.1;0.01;0;6.83765;0;0;-1
0;614;21.9837;37.2959;4.96221;8.5;2572.44;5.11093;0;0;0.1;0.01;0;5.65958;1;0;-1
0;615;22.7761;51.4239;3.72522;9.88732;4048.78;5.9451;0;0;0.1;0.01;0;6.64378;0;0;-1
0;616;21.1373;67.7538;1.65941;9.16445;3224.09;5.51045;0;0;0.1;0.01;0;5.9579;0;0;-1
0;617;21.4039;89.4945;1.13564;10.1186;4339.6;6.08417;0;0;0.1;0.01;0;4.0443;0;0;-1
0;618;38.0421;-75.9264;1.65858;9.44408;3528.32;5.67859;0;0;0.1;0.01;0;6.03306;0;0;-1
0;619;38.5527;-59.6022;4.02542;8.64248;2703.98;5.1966;0;0;0.1;0.01;0;5.2267;0;0;-1
0;620;34.9059;-40.1457;3.41526;8.9796;3032.91;5.3993;0;0;0.1;0.01;0;5.45026;0;0;-1
0;621;35.0428;-25.7245;1.1989;9.54414;3641.66;5.73875;0;0;0.1;0.01;0;6.1065;0;0;-1
0;622;38.0186;-8.85237;4.47952;9.35846;3433.22;5.62711;0;0;0.1;0.01;0;6.01289;0;0;-1
0;623;37.2326;9.08685;1.45594;9.51894;3612.89;5.7236;0;0;0.1;0.01;0;5.74629;0;0;-1
0;624;36.6647;27.2511;2.87492;9.98295;4167.4;6.0026;0;0;0.1;0.01;0;6.51309;0;0;-1
0;625;35.9306;44.5352;1.21477;10.3932;4702.58;6.24928;0;0;0.1;0.01;0;6.87836;0;0;-1
0;626;36.1013;62.7068;3.82872;10.293;4567.88;6.18903;0;0;0.1;0.01;0;7.8241;0;0;-1
0;627;37.6637;80.0019;2.52434;10.395;4705.03;6.25036;0;0;0.1;0.01;0;5.13948;0;0;-1
0;628;50.8395;-83.5302;2.89781;8.5;2572.44;5.11093;0;0;0.1;0.01;0;2.9886;1;0;-1
0;629;52.1823;-64.6093;4.04931;9.83279;3982.16;5.91231;0;0;0.1;0.01;0;5.58563;0;0;-1
0;630;50.322;-48.4687;3.25733;10.1367;4362.93;6.09505;0;0;0.1;0.01;0;6.36342;0;0;-1
0;631;53.4012;-33.6536;4.79176;8.5;2572.44;5.11093;0;0;0.1;0.01;0;5.8129;1;0;-1
0;632;51.3858;-15.8252;2.99143;8.60239;2666.53;5.17249;0;0;0.1;0.01;0;5.11832;0;0;-1
0;633;52.1624;1.13903;2.46715;8.51441;2585.55;5.11959;0;0;0.1;0.01;0;5.43533;0;0;-1
0;634;52.3779;17.0462;1.66538;9.47502;3563.11;5.69719;0;0;0.1;0.01;0;7.31218;0;0;-1
0;635;50.1849;34.389;2.7336;9.80689;3950.78;5.89674;0;0;0.1;0.01;0;6.23258;0;0;-1
0;636;51.3798;54.6309;4.70471;8.5;2572.44;5.11093;0;0;0.1;0.01;0;5.01698;1;0;-1
0;637;50.0103;67.7085;3.25613;9.09874;3155.24;5.47094;0;0;0.1;0.01;0;4.70003;0;0;-1
0;638;68.058;-56.0622;4.686;9.91865;4087.39;5.96394;0;0;0.1;0.01;0;4.38726;0;0;-1
0;639;67.5906;-39.043;2.40308;9.67029;3787.97;5.81461;0;0;0.1;0.01;0;7.08924;0;0;-1
0;640;64.7297;-24.1601;3.90133;8.59961;2663.94;5.17082;0;0;0.1;0.01;0;5.67744;0;0;-1
0;641;67.8249;-6.65913;4.42391;8.5;2572.44;5.11093;0;0;0.1;0.01;0;4.86837;1;0;-1
0;642;65.6276;12.2021;3.83549;10.2544;4516.68;6.16582;0;0;0.1;0.01;0;6.72145;0;0;-1
0;643;65.485;25.934;3.94095;8.5;2572.44;5.11093;0;0;0.1;0.01;0;6.09805;1;0;-1
0;644;66.9167;44.3111;4.36046;9.40417;3483.77;5.65459;0;0;0.1;0.01;0;5.69826;0;0;-1
0;645;67.42;60.1776;4.32399;9.78995;3930.34;5.88655;0;0;0.1;0.01;0;4.46695;0;0;-1
0;646;82.3291;-47.393;5.10715;9.16647;3226.23;5.51167;0;0;0.1;0.01;0;3.67471;0;0;-1
0;647;82.1681;-33.11;3.18404;10.4059;4719.84;6.25692;0;0;0.1;0.01;0;5.8224;0;0;-1
0;648;81.3983;-15.7972;3.84353;9.58771;3691.76;5.76495;0;0;0.1;0.01;0;6.48955;0;0;-1
0;649;79.7771;0.0571673;1.879;9.17655;3236.88;5.51773;0;0;0.1;0.01;0;5.7287;0;0;-1
0;650;80.9738;18.2564;2.44885;9.17519;3235.44;5.51691;0;0;0.1;0.01;0;6.64225;0;0;-1
0;651;82.5366;36.1037;4.09472;10.3563;4652.67;6.22709;0;0;0.1;0.01;0;5.5528;0;0;-1
0;652;82.8005;55.3001;4.89642;9.98006;4163.78;6.00087;0;0;0.1;0.01;0;2.84929;0;0;-1
0;653;95.8389;-23.3861;2.10145;10.372;4673.86;6.23653;0;0;0.1;0.01;0;3.62871;0;0;-1
0;654;96.3572;-7.56324;4.22454;9.30892;3378.99;5.59732;0;0;0.1;0.01;0;3.40716;0;0;-1
0;655;94.526;12.1172;1.93469;9.59168;3696.35;5.76734;0;0;0.1;0.01;0;4.21306;0;0;-1
0;656;94.3117;26.6321;4.4784;10.0281;4224.2;6.02975;0;0;0.1;0.01;0;4.46482;0;0;-1
0;657;-86.8346;-40.753;19.1993;10.0139;4206.28;6.02121;0;0;0.1;0.01;0;3.22268;0;0;-1
0;658;-85.0793;-21.1763;18.5567;9.39531;3473.94;5.64926;0;0;0.1;0.01;0;3.28294;0;0;-1
0;659;-84.8787;-4.98651;19.2714;9.9256;4095.99;5.96812;0;0;0.1;0.01;0;4.60404;0;0;-1
0;660;-86.6476;10.4787;17.189;9.41782;3498.97;5.6628;0;0;0.1;0.01;0;4.71529;0;0;-1
0;661;-85.7196;27.1063;18.3024;8.5;2572.44;5.11093;0;0;0.1;0.01;0;3.21872;1;0;-1
0;662;-84.2566;45.3287;18.9254;8.68184;2741.09;5.22026;0;0;0.1;0.01;0;2.72876;0;0;-1
0;663;-72.108;-63.6385;19.8411;9.46219;3548.65;5.68948;0;0;0.1;0.01;0;3.35674;0;0;-1
0;664;-70.8101;-48.5634;16.6673;9.04696;3101.68;5.43981;0;0;0.1;0.01;0;6.11197;0;0;-1
0;665;-68.9841;-33.8694;19.1865;8.5;2572.44;5.11093;0;0;0.1;0.01;0;5.46792;1;0;-1
0;666;-71.9588;-13.1895;19.0211;9.90376;4069.01;5.95499;0;0;0.1;0.01;0;7.23507;0;0;-1
0;667;-69.3898;2.17345;19.7046;9.7357;3865.36;5.85394;0;0;0.1;0.01;0;6.93249;0;0;-1
0;668;-70.2522;18.6401;19.2992;9.64972;3763.85;5.80224;0;0;0.1;0.01;0;5.802;0;0;-1
0;669;-70.2922;34.255;16.7405;8.77909;2834.24;5.27874;0;0;0.1;0.01;0;4.32497;0;0;-1
0;670;-70.2565;52.8808;16.2637;8.5;2572.44;5.11093;0;0;0.1;0.01;0;3.91519;1;0;-1
0;671;-58.022;-74.9492;17.1224;10.065;4271;6.05194;0;0;0.1;0.01;0;4.51473;0;0;-1
0;672;-57.4986;-58.6538;18.7047;9.47117;3558.77;5.69488;0;0;0.1;0.01;0;6.4384;0;0;-1
0;673;-56.2021;-39.5378;17.4605;10.2399;4497.55;6.1571;0;0;0.1;0.01;0;7.40194;0;0;-1
0;674;-57.0871;-23.2706;16.9153;8.9323;2985.23;5.37086;0;0;0.1;0.01;0;5.73292;0;0;-1
0;675;-55.1826;-6.46304;16.0528;9.97374;4155.88;5.99707;0;0;0.1;0.01;0;6.2442;0;0;-1
0;676;-57.1283;8.61553;17.4084;8.70387;2762.01;5.23351;0;0;0.1;0.01;0;5.385;0;0;-1
0;677;-55.3822;26.7708;16.7937;9.65507;3770.12;5.80545;0;0;0.1;0.01;0;5.70945;0;0;-1
0;678;-54.9717;46.9008;18.9429;8.5;2572.44;5.11093;0;0;0.1;0.01;0;4.35159;1;0;-1
0;679;-53.9891;61.9378;18.2843;8.67427;2733.93;5.21571;0;0;0.1;0.01;0;3.80602;0;0;-1
0;680;-53.7941;78.0496;19.6556;9.60026;3706.27;5.7725;0;0;0.1;0.01;0;2.63994;0;0;-1
0;681;-41.6952;-84.6161;16.8507;9.64536;3758.75;5.79962;0;0;0.1;0.01;0;4.32929;0;0;-1
0;682;-40.6327;-67.4687;17.7377;8.98447;3037.85;5.40223;0;0;0.1;0.01;0;5.51503;0;0;-1
0;683;-40.4668;-47.7825;16.7385;9.09298;3149.25;5.46748;0;0;0.1;0.01;0;5.25963;0;0;-1
0;684;-42.5289;-33.0284;18.1934;9.56256;3662.78;5.74983;0;0;0.1;0.01;0;6.35423;0;0;-1
0;685;-42.1536;-13.7598;16.4895;8.5;2572.44;5.11093;0;0;0.1;0.01;0;4.91593;1;0;-1
0;686;-39.9939;2.27924;17.7193;8.8338;2887.56;5.31164;0;0;0.1;0.01;0;5.08539;0;0;-1
0;687;-42.2124;18.6842;18.4662;8.81873;2872.81;5.30257;0;0;0.1;0.01;0;5.43334;0;0;-1
0;688;-41.1652;33.7365;18.2796;8.97255;3025.77;5.39506;0;0;0.1;0.01;0;5.19058;0;0;-1
0;689;-39.7084;53.2125;18.5396;8.97931;3032.62;5.39913;0;0;0.1;0.01;0;4.73733;0;0;-1
0;690;-39.588;71.4871;16.3989;10.2106;4459.05;6.13949;0;0;0.1;0.01;0;5.90405;0;0;-1
0;691;-41.5951;87.7446;18.5411;8.98874;3042.18;5.4048;0;0;0.1;0.01;0;2.93106;0;0;-1
0;692;-27.7621;-93.4543;16.8252;10.4523;4783.26;6.28482;0;0;0.1;0.01;0;3.97988;0;0;-1
0;693;-27.5098;-72.8515;18.4987;9.83112;3980.13;5.91131;0;0;0.1;0.01;0;6.16576;0;0;-1
0;694;-25.3709;-56.7105;16.2697;8.5;2572.44;5.11093;0;0;0.1;0.01;0;4.44924;1;0;-1
0;695;-24.5029;-40.3795;17.8423;8.88227;2935.35;5.34078;0;0;0.1;0.01;0;5.48661;0;0;-1
0;696;-28.3612;-24.7239;16.3206;9.59361;3698.58;5.7685;0;0;0.1;0.01;0;6.04799;0;0;-1
0;697;-28.3799;-7.18728;16.0114;9.33032;3402.34;5.61019;0;0;0.1;0.01;0;5.29283;0;0;-1
0;698;-26.9617;10.6747;16.4883;9.60486;3711.6;5.77526;0;0;0.1;0.01;0;6.09149;0;0;-1
0;699;-27.4524;28.0487;17.3651;9.05772;3112.76;5.44628;0;0;0.1;0.01;0;5.12844;0;0;-1
0;700;-25.4582;45.93;17.6354;9.58543;3689.13;5.76358;0;0;0.1;0.01;0;5.76709;0;0;-1
0;701;-28.1553;62.0565;16.4044;9.01678;3070.74;5.42166;0;0;0.1;0.01;0;5.90437;0;0;-1
0;702;-27.4149;80.4124;16.3166;10.1887;4430.42;6.12632;0;0;0.1;0.01;0;5.88981;0;0;-1
0;703;-13.2911;-83.6087;17.6372;9.77088;3907.42;5.87509;0;0;0.1;0.01;0;5.45775;0;0;-1
0;704;-13.7331;-65.6474;17.0249;8.5;2572.44;5.11093;0;0;0.1;0.01;0;4.20955;1;0;-1
0;705;-11.1806;-47.5321;16.2686;9.7905;3931;5.88689;0;0;0.1;0.01;0;5.45066;0;0;-1
0;706;-12.3548;-30.7841;19.3433;8.63701;2698.85;5.19331;0;0;0.1;0.01;0;5.76259;0;0;-1
0;707;-11.5489;-16.1863;17.4743;9.71429;3839.92;5.84106;0;0;0.1;0.01;0;6.34116;0;0;-1
0;708;-13.6693;1.66258;17.1279;10.0878;4300.09;6.06565;0;0;0.1;0.01;0;7.02333;0;0;-1
0;709;-13.1766;20.7906;16.613;10.0841;4295.36;6.06342;0;0;0.1;0.01;0;6.26884;0;0;-1
0;710;-10.9581;37.3182;17.292;8.97727;3030.55;5.3979;0;0;0.1;0.01;0;5.49525;0;0;-1
0;711;-10.0215;52.3614;18.2999;10.1287;4352.61;6.09024;0;0;0.1;0.01;0;6.64373;0;0;-1
0;712;-11.6706;68.4221;18.3681;8.59754;2662.02;5.16958;0;0;0.1;0.01;0;5.20867;0;0;-1
0;713;-11.0511;85.2635;18.6674;8.5;2572.44;5.11093;0;0;0.1;0.01;0;3.73677;1;0;-1
0;714;1.68353;-91.9822;17.4362;10.248;4508.23;6.16197;0;0;0.1;0.01;0;3.9083;0;0;-1
0;715;4.5829;-72.2708;15.9833;8.68782;2746.76;5.22386;0;0;0.1;0.01;0;5.15552;0;0;-1
0;716;2.81685;-56.9754;17.3334;8.5;2572.44;5.11093;0;0;0.1;0.01;0;5.54491;1;0;-1
0;717;2.96268;-39.8558;16.6734;9.887;4048.39;5.94491;0;0;0.1;0.01;0;6.58607;0;0;-1
0;718;2.38454;-24.4678;16.4619;8.82136;2875.38;5.30416;0;0;0.1;0.01;0;5.63569;0;0;-1
0;719;4.97309;-8.37475;17.1089;8.57217;2638.52;5.15432;0;0;0.1;0.01;0;4.74454;0;0;-1
0;720;4.17383;9.64937;16.3848;9.89258;4055.25;5.94826;0;0;0.1;0.01;0;4.89188;0;0;-1
0;721;2.1593;28.5093;16.6417;9.95865;4137.04;5.98799;0;0;0.1;0.01;0;6.24803;0;0;-1
0;722;2.53161;46.1897;15.6152;8.5982;2662.63;5.16997;0;0;0.1;0.01;0;5.80306;0;0;-1
0;723;2.66117;63.4024;15.8895;10.4039;4717.12;6.25571;0;0;0.1;0.01;0;6.71286;0;0;-1
0;724;0.993578;77.9629;15.9375;8.66392;2724.16;5.20949;0;0;0.1;0.01;0;5.68448;0;0;-1
0;725;4.69917;93.0879;17.7693;8.70908;2766.98;5.23664;0;0;0.1;0.01;0;2.89525;0;0;-1
0;726;17.7781;-82.3797;17.1048;10.0453;4245.97;6.04009;0;0;0.1;0.01;0;5.13106;0;0;-1
0;727;15.8008;-64.4105;16.379;8.5;2572.44;5.11093;0;0;0.1;0.01;0;4.94327;1;0;-1
0;728;16.0248;-50.0836;18.3071;9.61978;3728.93;5.78423;0;0;0.1;0.01;0;5.55372;0;0;-1
0;729;18.9329;-33.9796;18.1035;8.5;2572.44;5.11093;0;0;0.1;0.01;0;4.31467;1;0;-1
0;730;18.3563;-17.0129;17.3463;9.30503;3374.75;5.59498;0;0;0.1;0.01;0;5.77613;0;0;-1
0;731;17.4626;2.71625;18.4888;8.54447;2613.03;5.13767;0;0;0.1;0.01;0;4.73962;0;0;-1
0;732;16.5772;21.1399;16.2213;9.14026;3198.63;5.49591;0;0;0.1;0.01;0;6.27507;0;0;-1
0;733;16.5163;37.0711;17.4436;8.88866;2941.69;5.34462;0;0;0.1;0.01;0;5.88834;0;0;-1
0;734;19.6659;52.9291;17.6936;8.85858;2911.93;5.32654;0;0;0.1;0.01;0;5.16769;0;0;-1
0;735;16.4127;69.7747;17.3874;8.51644;2587.4;5.12081;0;0;0.1;0.01;0;5.15544;0;0;-1
0;736;17.9165;85.6784;16.4551;9.17315;3233.29;5.51568;0;0;0.1;0.01;0;3.56716;0;0;-1
0;737;33.1757;-92.4895;15.9386;9.05955;3114.64;5.44738;0;0;0.1;0.01;0;1.68885;0;0;-1
0;738;33.7876;-73.7656;16.1013;9.51316;3606.31;5.72013;0;0;0.1;0.01;0;5.47767;0;0;-1
0;739;33.1817;-55.2443;18.0174;9.15668;3215.9;5.50578;0;0;0.1;0.01;0;4.54209;0;0;-1
0;740;33.6514;-39.0246;18.0697;8.5;2572.44;5.11093;0;0;0.1;0.01;0;5.33107;1;0;-1
0;741;31.4392;-24.4843;16.3371;9.37929;3456.2;5.63963;0;0;0.1;0.01;0;6.48276;0;0;-1
0;742;30.7118;-8.05877;18.597;9.30862;3378.66;5.59714;0;0;0.1;0.01;0;5.49784;0;0;-1
0;743;30.5324;11.5691;17.0258;8.87722;2930.35;5.33774;0;0;0.1;0.01;0;5.1332;0;0;-1
0;744;32.0966;26.8746;16.7676;8.78131;2836.39;5.28007;0;0;0.1;0.01;0;5.40252;0;0;-1
0;745;33.2182;45.7685;16.5263;8.5;2572.44;5.11093;0;0;0.1;0.01;0;5.2901;1;0;-1
0;746;30.49;63.4341;19.4773;9.08213;3137.99;5.46095;0;0;0.1;0.01;0;6.81661;0;0;-1
0;747;30.6469;77.8124;17.8471;9.25776;3323.58;5.56656;0;0;0.1;0.01;0;5.18425;0;0;-1
0;748;45.3112;-81.247;16.0893;9.99665;4184.58;6.01084;0;0;0.1;0.01;0;4.70865;0;0;-1
0;749;48.9022;-67.6372;17.0109;8.61752;2680.62;5.18159;0;0;0.1;0.01;0;5.08442;0;0;-1
0;750;47.5134;-48.167;18.5917;8.5;2572.44;5.11093;0;0;0.1;0.01;0;4.60375;1;0;-1
0;751;46.7637;-31.8987;16.6136;9.52674;3621.78;5.72829;0;0;0.1;0.01;0;6.82923;0;0;-1
0;752;46.3605;-15.3176;17.5052;9.96599;4146.2;5.99241;0;0;0.1;0.01;0;6.40161;0;0;-1
0;753;46.207;4.39565;19.4824;9.61473;3723.06;5.7812;0;0;0.1;0.01;0;5.43053;0;0;-1
0;754;48.7897;20.4704;17.3388;9.77667;3914.37;5.87857;0;0;0.1;0.01;0;6.22904;0;0;-1
0;755;46.8611;34.881;18.9832;8.5;2572.44;5.11093;0;0;0.1;0.01;0;5.23576;1;0;-1
0;756;45.0836;54.0918;16.5911;10.1386;4365.39;6.09619;0;0;0.1;0.01;0;6.5742;0;0;-1
0;757;46.9781;68.9805;17.778;8.7934;2848.13;5.28734;0;0;0.1;0.01;0;5.04242;0;0;-1
0;758;45.9398;86.0494;19.6667;8.5;2572.44;5.11093;0;0;0.1;0.01;0;1.28237;1;0;-1
0;759;61.2235;-75.4451;17.4891;9.74749;3879.42;5.86102;0;0;0.1;0.01;0;2.82148;0;0;-1
0;760;62.3061;-57.9515;18.1638;8.5;2572.44;5.11093;0;0;0.1;0.01;0;4.94892;1;0;-1
0;761;62.5608;-38.7141;16.7031;10.097;4311.87;6.07118;0;0;0.1;0.01;0;7.49628;0;0;-1
0;762;60.42;-24.2805;16.5105;9.90118;4065.83;5.95344;0;0;0.1;0.01;0;7.54587;0;0;-1
0;763;60.3729;-7.40311;16.7533;8.93108;2984.01;5.37013;0;0;0.1;0.01;0;4.81135;0;0;-1
0;764;62.4588;10.6015;16.9655;9.45392;3539.36;5.6845;0;0;0.1;0.01;0;5.77961;0;0;-1
0;765;61.6891;28.5306;16.4749;10.2254;4478.47;6.14838;0;0;0.1;0.01;0;7.22258;0;0;-1
0;766;61.8711;45.2059;19.0368;8.67367;2733.36;5.21535;0;0;0.1;0.01;0;6.0806;0;0;-1
0;767;62.2949;63.6395;19.0455;10.0225;4217.13;6.02638;0;0;0.1;0.01;0;4.8315;0;0;-1
0;768;75.9058;-50.2093;19.5146;8.70096;2759.24;5.23176;0;0;0.1;0.01;0;3.01321;0;0;-1
0;769;76.0447;-33.4782;18.344;10.0886;4301.12;6.06613;0;0;0.1;0.01;0;6.13335;0;0;-1
0;770;77.622;-16.9523;16.7473;8.5;2572.44;5.11093;0;0;0.1;0.01;0;4.9609;1;0;-1
0;771;74.8827;0.852291;19.4078;8.71841;2775.88;5.24225;0;0;0.1;0.01;0;4.44464;0;0;-1
0;772;76.4927;20.1057;16.185;9.82373;3971.16;5.90687;0;0;0.1;0.01;0;6.5379;0;0;-1
0;773;74.8211;37.9218;19.0698;10.3722;4674.14;6.23665;0;0;0.1;0.01;0;6.73557;0;0;-1
0;774;76.5205;52.4233;18.7564;8.77615;2831.4;5.27697;0;0;0.1;0.01;0;4.58306;0;0;-1
0;775;91.5278;-22.0689;18.6383;9.7875;3927.39;5.88508;0;0;0.1;0.01;0;4.34491;0;0;-1
0;776;92.7476;-7.35885;19.9318;8.5;2572.44;5.11093;0;0;0.1;0.01;0;2.61946;1;0;-1
0;777;91.6986;9.32583;16.2224;9.05672;3111.73;5.44567;0;0;0.1;0.01;0;2.52706;0;0;-1
0;778;89.4644;26.8416;17.3944;9.35384;3428.14;5.62433;0;0;0.1;0.01;0;4.07977;0;0;-1
0;779;-93.5866;2.41095;34.5595;8.55786;2625.33;5.14572;0;0;0.1;0.01;0;2.84502;0;0;-1
0;780;-82.0402;-39.7095;31.6305;9.85962;4014.85;5.92845;0;0;0.1;0.01;0;3.15511;0;0;-1
0;781;-79.6857;-25.0908;32.4542;9.32437;3395.84;5.60661;0;0;0.1;0.01;0;4.25207;0;0;-1
0;782;-78.9993;-6.09064;34.0235;9.22038;3283.49;5.54408;0;0;0.1;0.01;0;5.97683;0;0;-1
0;783;-80.1798;10.0436;31.816;8.73128;2788.19;5.24999;0;0;0.1;0.01;0;4.89477;0;0;-1
0;784;-82.701;25.8737;30.9234;9.40262;3482.05;5.65366;0;0;0.1;0.01;0;2.74787;0;0;-1
0;785;-79.9054;46.0348;31.3496;8.54151;2610.31;5.13589;0;0;0.1;0.01;0;2.20431;0;0;-1
0;786;-65.9585;-66.8873;33.9502;9.46889;3556.2;5.69351;0;0;0.1;0.01;0;3.41896;0;0;-1
0;787;-66.6283;-47.6736;32.2349;9.70994;3834.76;5.83845;0;0;0.1;0.01;0;4.79101;0;0;-1
0;788;-64.3026;-30.7704;34.2073;9.95636;4134.19;5.98661;0;0;0.1;0.01;0;6.55715;0;0;-1
0;789;-66.7734;-15.563;31.0216;8.5;2572.44;5.11093;0;0;0.1;0.01;0;5.95164;1;0;-1
0;790;-65.608;0.0166983;34.1171;8.9441;2997.08;5.37796;0;0;0.1;0.01;0;5.9862;0;0;-1
0;791;-66.5506;18.1297;33.8904;8.5;2572.44;5.11093;0;0;0.1;0.01;0;4.43056;1;0;-1
0;792;-64.4082;35.1725;31.6514;8.58667;2651.94;5.16304;0;0;0.1;0.01;0;4.16534;0;0;-1
0;793;-66.8408;53.059;33.2064;9.91933;4088.23;5.96435;0;0;0.1;0.01;0;3.57302;0;0;-1
0;794;-53.1866;-73.3261;30.6175;10.1149;4334.84;6.08194;0;0;0.1;0.01;0;4.85191;0;0;-1
0;795;-50.1838;-58.7177;30.9886;9.48167;3570.62;5.70119;0;0;0.1;0.01;0;6.02648;0;0;-1
0;796;-49.8394;-38.4027;31.6559;9.72083;3847.68;5.84499;0;0;0.1;0.01;0;6.12768;0;0;-1
0;797;-52.8039;-21.2957;31.1136;8.5;2572.44;5.11093;0;0;0.1;0.01;0;4.91571;1;0;-1
0;798;-52.7054;-7.29234;34.1978;9.66627;3783.25;5.81219;0;0;0.1;0.01;0;4.4784;0;0;-1
0;799;-51.6684;11.8698;31.7812;8.5;2572.44;5.11093;0;0;0.1;0.01;0;4.16228;1;0;-1
0;800;-50.714;29.4048;32.6101;8.5;2572.44;5.11093;0;0;0.1;0.01;0;5.2379;1;0;-1
0;801;-52.7797;43.3431;33.1225;8.5;2572.44;5.11093;0;0;0.1;0.01;0;5.24022;1;0;-1
0;802;-51.6442;60.0662;33.9778;8.5;2572.44;5.11093;0;0;0.1;0.01;0;4.23795;1;0;-1
0;803;-35.644;-85.3965;34.2846;10.1766;4414.65;6.11904;0;0;0.1;0.01;0;3.63647;0;0;-1
0;804;-38.0039;-66.3766;31.2867;8.5;2572.44;5.11093;0;0;0.1;0.01;0;4.55914;1;0;-1
0;805;-37.9462;-47.2932;33.1268;9.74583;3877.44;5.86003;0;0;0.1;0.01;0;5.96632;0;0;-1
0;806;-34.4752;-33.0325;33.0293;10.2533;4515.23;6.16516;0;0;0.1;0.01;0;6.52072;0;0;-1
0;807;-35.1727;-16.2765;32.7142;8.8572;2910.57;5.32571;0;0;0.1;0.01;0;4.1303;0;0;-1
0;808;-35.3371;2.98237;32.2931;8.80953;2863.83;5.29704;0;0;0.1;0.01;0;4.5338;0;0;-1
0;809;-38.3043;17.6723;32.7616;8.96634;3019.49;5.39133;0;0;0.1;0.01;0;4.90095;0;0;-1
0;810;-36.9798;37.9445;31.6601;9.65063;3764.92;5.80278;0;0;0.1;0.01;0;6.08226;0;0;-1
0;811;-36.8425;52.4699;32.4196;8.9865;3039.91;5.40345;0;0;0.1;0.01;0;5.22448;0;0;-1
0;812;-37.9037;69.1959;32.1248;8.5;2572.44;5.11093;0;0;0.1;0.01;0;3.35745;1;0;-1
0;813;-20.9654;-91.0269;34.021;9.86408;4020.3;5.93113;0;0;0.1;0.01;0;3.76443;0;0;-1
0;814;-22.925;-74.3006;32.2365;8.5;2572.44;5.11093;0;0;0.1;0.01;0;5.11796;1;0;-1
0;815;-22.8338;-57.0526;34.4189;8.61747;2680.57;5.18156;0;0;0.1;0.01;0;4.58639;0;0;-1
0;816;-21.8612;-42.7438;31.8892;8.61331;2676.69;5.17906;0;0;0.1;0.01;0;5.68111;0;0;-1
0;817;-20.4309;-21.663;31.3807;8.5;2572.44;5.11093;0;0;0.1;0.01;0;3.95918;1;0;-1
0;818;-20.9552;-4.75528;34.0505;9.37895;3455.82;5.63943;0;0;0.1;0.01;0;5.90084;0;0;-1
0;819;-21.7915;11.1934;31.6494;8.93559;2988.53;5.37284;0;0;0.1;0.01;0;5.87774;0;0;-1
0;820;-22.9944;29.3699;33.7845;9.49202;3582.32;5.70741;0;0;0.1;0.01;0;5.55501;0;0;-1
0;821;-20.7399;44.2967;33.8093;9.19925;3260.96;5.53138;0;0;0.1;0.01;0;6.29483;0;0;-1
0;822;-20.4344;59.6969;30.9755;8.65751;2718.11;5.20564;0;0;0.1;0.01;0;5.12117;0;0;-1
0;823;-21.7718;76.7152;32.6755;10.0526;4255.24;6.04448;0;0;0.1;0.01;0;4.73823;0;0;-1
0;824;-6.81489;-81.4824;33.0071;10.2345;4490.44;6.15386;0;0;0.1;0.01;0;5.73634;0;0;-1
0;825;-7.58059;-65.848;32.0369;9.11861;3175.96;5.48289;0;0;0.1;0.01;0;4.85239;0;0;-1
0;826;-8.81129;-46.9385;30.7933;9.1191;3176.47;5.48318;0;0;0.1;0.01;0;5.15206;0;0;-1
0;827;-5.46353;-32.6266;31.1746;8.5;2572.44;5.11093;0;0;0.1;0.01;0;4.74225;1;0;-1
0;828;-8.84263;-13.176;31.5918;10.4144;4731.42;6.26203;0;0;0.1;0.01;0;6.59177;0;0;-1
0;829;-7.46764;3.4779;31.9504;9.30981;3379.96;5.59785;0;0;0.1;0.01;0;6.08629;0;0;-1
0;830;-6.85315;20.9971;33.6373;10.0649;4270.88;6.05188;0;0;0.1;0.01;0;5.67613;0;0;-1
0;831;-7.48202;37.795;34.0846;9.13604;3194.2;5.49337;0;0;0.1;0.01;0;6.14219;0;0;-1
0;832;-5.85187;51.7218;33.6913;8.5;2572.44;5.11093;0;0;0.1;0.01;0;5.49193;1;0;-1
0;833;-7.20118;69.7839;32.399;8.73803;2794.66;5.25405;0;0;0.1;0.01;0;4.34954;0;0;-1
0;834;-6.78225;88.6513;31.1317;8.56897;2635.57;5.1524;0;0;0.1;0.01;0;2.16674;0;0;-1
0;835;8.24954;-89.4391;34.6645;8.757;2812.9;5.26546;0;0;0.1;0.01;0;3.18181;0;0;-1
0;836;7.70438;-74.4745;32.4969;10.4534;4784.77;6.28548;0;0;0.1;0.01;0;7.03401;0;0;-1
0;837;6.34602;-58.9461;31.8166;8.79873;2853.31;5.29055;0;0;0.1;0.01;0;5.10315;0;0;-1
0;838;8.48792;-42.9151;33.1993;10.0561;4259.68;6.04659;0;0;0.1;0.01;0;6.75034;0;0;-1
0;839;6.86588;-23.8798;32.7557;8.90408;2957.03;5.35389;0;0;0.1;0.01;0;4.88021;0;0;-1
0;840;7.21063;-6.04591;33.7217;9.87605;4034.95;5.93833;0;0;0.1;0.01;0;6.05187;0;0;-1
0;841;5.64891;8.79081;34.3846;9.10205;3158.68;5.47293;0;0;0.1;0.01;0;4.74259;0;0;-1
0;842;8.3385;27.8151;31.0499;9.25309;3318.55;5.56375;0;0;0.1;0.01;0;5.1578;0;0;-1
0;843;6.793;42.891;30.5863;10.1876;4428.99;6.12566;0;0;0.1;0.01;0;6.41919;0;0;-1
0;844;8.63698;61.5733;30.905;8.68436;2743.48;5.22178;0;0;0.1;0.01;0;4.75664;0;0;-1
0;845;9.12319;78.9359;31.9054;9.46328;3549.88;5.69013;0;0;0.1;0.01;0;4.70491;0;0;-1
0;846;23.1437;-82.664;33.8582;9.93443;4106.93;5.97343;0;0;0.1;0.01;0;4.76656;0;0;-1
0;847;22.6475;-67.9625;33.0062;9.85623;4010.71;5.92641;0;0;0.1;0.01;0;5.40297;0;0;-1
0;848;23.8683;-47.7321;33.3868;8.90151;2954.47;5.35235;0;0;0.1;0.01;0;5.8954;0;0;-1
0;849;21.1359;-32.2875;32.4669;10.1635;4397.63;6.11117;0;0;0.1;0.01;0;7.03926;0;0;-1
0;850;22.118;-14.0035;32.2163;10.1553;4386.99;6.10623;0;0;0.1;0.01;0;6.7974;0;0;-1
0;851;22.3395;0.480296;30.9393;8.92445;2977.37;5.36614;0;0;0.1;0.01;0;5.12766;0;0;-1
0;852;23.0057;19.3337;30.4868;9.06881;3124.2;5.45294;0;0;0.1;0.01;0;4.82414;0;0;-1
0;853;22.1096;37.5577;33.9861;9.3486;3422.38;5.62118;0;0;0.1;0.01;0;5.73696;0;0;-1
0;854;23.7959;51.3871;32.5718;9.90615;4071.96;5.95642;0;0;0.1;0.01;0;6.8137;0;0;-1
0;855;22.3273;68.7543;31.0032;8.75237;2808.44;5.26267;0;0;0.1;0.01;0;5.90423;0;0;-1
0;856;20.8574;89.3911;34.2276;9.34689;3420.5;5.62015;0;0;0.1;0.01;0;1.60261;0;0;-1
0;857;35.7843;-74.7221;32.7968;8.5;2572.44;5.11093;0;0;0.1;0.01;0;3.42699;1;0;-1
0;858;37.1886;-55.0849;32.8389;9.55435;3653.36;5.74489;0;0;0.1;0.01;0;5.76253;0;0;-1
0;859;35.5718;-38.4168;30.8923;8.5;2572.44;5.11093;0;0;0.1;0.01;0;5.30797;1;0;-1
0;860;37.4982;-21.9786;32.1838;8.5;2572.44;5.11093;0;0;0.1;0.01;0;4.75447;1;0;-1
0;861;35.8985;-4.81314;33.2085;9.17157;3231.62;5.51473;0;0;0.1;0.01;0;5.72704;0;0;-1
0;862;38.7435;9.35247;32.4843;8.59517;2659.82;5.16815;0;0;0.1;0.01;0;4.91551;0;0;-1
0;863;38.1039;25.5612;32.9984;9.81869;3965.06;5.90384;0;0;0.1;0.01;0;5.59301;0;0;-1
0;864;38.3505;43.1653;33.0897;9.76301;3897.98;5.87036;0;0;0.1;0.01;0;6.01917;0;0;-1
0;865;35.3775;61.8627;33.7039;9.76121;3895.83;5.86927;0;0;0.1;0.01;0;6.62608;0;0;-1
0;866;36.8561;77.2522;32.159;10.0224;4217;6.02632;0;0;0.1;0.01;0;5.23607;0;0;-1
0;867;52.8281;-64.6704;31.9323;9.06145;3116.6;5.44852;0;0;0.1;0.01;0;3.97429;0;0;-1
0;868;53.1663;-49.341;32.1241;9.43641;3519.73;5.67398;0;0;0.1;0.01;0;5.6563;0;0;-1
0;869;52.0723;-33.3863;32.4025;9.52844;3623.71;5.72931;0;0;0.1;0.01;0;6.13988;0;0;-1
0;870;51.5448;-17.3171;31.5957;9.93219;4104.15;5.97208;0;0;0.1;0.01;0;6.32125;0;0;-1
0;871;53.2124;0.914334;33.8722;10.0205;4214.6;6.02518;0;0;0.1;0.01;0;6.86816;0;0;-1
0;872;52.4605;17.8214;33.386;8.9672;3020.36;5.39185;0;0;0.1;0.01;0;6.01549;0;0;-1
0;873;53.4759;38.1495;32.2378;8.9671;3020.26;5.39179;0;0;0.1;0.01;0;6.03589;0;0;-1
0;874;53.2647;53.178;33.3243;9.60563;3712.5;5.77573;0;0;0.1;0.01;0;6.96869;0;0;-1
0;875;51.4251;68.3301;32.4199;9.14929;3208.12;5.50134;0;0;0.1;0.01;0;4.86802;0;0;-1
0;876;67.2578;-58.0716;32.4295;8.83388;2887.64;5.31168;0;0;0.1;0.01;0;3.29262;0;0;-1
0;877;67.6951;-38.604;31.5563;9.31078;3381.01;5.59844;0;0;0.1;0.01;0;5.34591;0;0;-1
0;878;66.3894;-21.8148;31.966;9.12977;3187.63;5.4896;0;0;0.1;0.01;0;5.2731;0;0;-1
0;879;66.9406;-4.76902;32.6286;9.85842;4013.38;5.92772;0;0;0.1;0.01;0;5.72626;0;0;-1
0;880;67.2109;10.3583;32.9756;8.94914;3002.15;5.38099;0;0;0.1;0.01;0;6.55041;0;0;-1
0;881;66.2115;28.0156;33.7824;8.61621;2679.4;5.1808;0;0;0.1;0.01;0;5.82103;0;0;-1
0;882;67.3146;45.6458;31.0866;9.11558;3172.79;5.48107;0;0;0.1;0.01;0;6.46687;0;0;-1
0;883;67.0113;59.5002;32.0794;9.87652;4035.53;5.93861;0;0;0.1;0.01;0;4.75548;0;0;-1
0;884;79.9429;-30.2585;33.83;9.91075;4077.63;5.95919;0;0;0.1;0.01;0;4.39922;0;0;-1
0;885;80.1764;-15.9646;30.7281;8.8039;2858.34;5.29366;0;0;0.1;0.01;0;4.50608;0;0;-1
0;886;79.6579;3.68705;33.5514;10.0827;4293.58;6.06258;0;0;0.1;0.01;0;4.948;0;0;-1
0;887;80.7142;19.7029;34.193;8.73611;2792.82;5.2529;0;0;0.1;0.01;0;3.84952;0;0;-1
0;888;80.5427;33.6374;31.9247;8.98096;3034.29;5.40012;0;0;0.1;0.01;0;4.25697;0;0;-1
0;889;-86.3518;-6.44485;47.2373;9.7781;3916.08;5.87943;0;0;0.1;0.01;0;3.24452;0;0;-1
0;890;-85.6625;9.85604;47.7963;10.4049;4718.48;6.25632;0;0;0.1;0.01;0;3.02277;0;0;-1
0;891;-69.0183;-49.9841;48.7924;10.4318;4755.17;6.27249;0;0;0.1;0.01;0;2.8808;0;0;-1
0;892;-69.3933;-33.7475;47.9879;8.5;2572.44;5.11093;0;0;0.1;0.01;0;4.09256;1;0;-1
0;893;-69.3657;-13.3663;47.696;9.91875;4087.52;5.964;0;0;0.1;0.01;0;5.72634;0;0;-1
0;894;-71.5157;0.837636;46.7809;8.91111;2964.04;5.35812;0;0;0.1;0.01;0;5.62236;0;0;-1
0;895;-68.5679;18.0359;47.0533;8.75571;2811.66;5.26468;0;0;0.1;0.01;0;3.93361;0;0;-1
0;896;-70.5806;36.4627;49.3672;9.25688;3322.63;5.56603;0;0;0.1;0.01;0;1.72208;0;0;-1
0;897;-56.6365;-59.6035;46.1499;8.92538;2978.3;5.3667;0;0;0.1;0.01;0;4.10149;0;0;-1
0;898;-57.0562;-39.1333;47.6017;9.30218;3371.65;5.59327;0;0;0.1;0.01;0;5.77849;0;0;-1
0;899;-57.0482;-23.2648;47.2593;8.5;2572.44;5.11093;0;0;0.1;0.01;0;5.45145;1;0;-1
0;900;-56.8245;-6.91222;48.8119;9.56046;3660.37;5.74857;0;0;0.1;0.01;0;5.90561;0;0;-1
0;901;-54.5977;12.7593;45.9846;8.6949;2753.48;5.22812;0;0;0.1;0.01;0;4.42026;0;0;-1
0;902;-57.7004;29.7414;45.983;8.5;2572.44;5.11093;0;0;0.1;0.01;0;4.65758;1;0;-1
0;903;-56.305;45.9425;47.033;8.5;2572.44;5.11093;0;0;0.1;0.01;0;4.45997;1;0;-1
0;904;-54.4395;61.3006;46.4147;8.73256;2789.42;5.25076;0;0;0.1;0.01;0;3.49992;0;0;-1
0;905;-40.6489;-64.3863;45.8827;8.77308;2828.43;5.27513;0;0;0.1;0.01;0;3.66433;0;0;-1
0;906;-40.4057;-50.5785;48.2044;9.14813;3206.9;5.50064;0;0;0.1;0.01;0;5.1598;0;0;-1
0;907;-43.1986;-30.0708;46.0954;10.1709;4407.24;6.11561;0;0;0.1;0.01;0;6.05225;0;0;-1
0;908;-41.5043;-14.295;49.075;8.5;2572.44;5.11093;0;0;0.1;0.01;0;4.98784;1;0;-1
0;909;-41.6399;0.7746;49.2635;8.65928;2719.78;5.2067;0;0;0.1;0.01;0;4.60001;0;0;-1
0;910;-42.0976;16.7768;48.2708;10.2808;4551.66;6.1817;0;0;0.1;0.01;0;5.92354;0;0;-1
0;911;-42.3276;35.8765;45.2305;8.59133;2656.26;5.16584;0;0;0.1;0.01;0;4.94842;0;0;-1
0;912;-41.2189;53.2398;48.9034;10.1348;4360.48;6.09391;0;0;0.1;0.01;0;6.53572;0;0;-1
0;913;-42.4848;69.7239;48.0953;9.85071;4003.97;5.92309;0;0;0.1;0.01;0;4.23819;0;0;-1
0;914;-27.8338;-76.743;46.74;9.0812;3137.03;5.46039;0;0;0.1;0.01;0;2.96211;0;0;-1
0;915;-26.1702;-55.5064;48.3123;8.59395;2658.69;5.16742;0;0;0.1;0.01;0;5.99545;0;0;-1
0;916;-27.6845;-41.4902;46.5276;9.63897;3751.29;5.79577;0;0;0.1;0.01;0;7.5761;0;0;-1
0;917;-28.0317;-24.2573;49.4414;8.5;2572.44;5.11093;0;0;0.1;0.01;0;4.80394;1;0;-1
0;918;-25.7039;-8.79166;47.3262;8.5;2572.44;5.11093;0;0;0.1;0.01;0;4.63767;1;0;-1
0;919;-26.6755;12.0279;46.5407;9.92574;4096.16;5.9682;0;0;0.1;0.01;0;5.77984;0;0;-1
0;920;-26.9561;29.584;48.5575;10.2075;4454.99;6.13762;0;0;0.1;0.01;0;7.06255;0;0;-1
0;921;-26.3516;45.1542;48.8437;9.22863;3292.31;5.54904;0;0;0.1;0.01;0;6.11663;0;0;-1
0;922;-25.8934;60.8816;46.5171;10.3198;4603.65;6.20515;0;0;0.1;0.01;0;6.87199;0;0;-1
0;923;-25.5707;79.3386;48.5039;9.1597;3219.08;5.50759;0;0;0.1;0.01;0;3.17696;0;0;-1
0;924;-12.3641;-80.788;46.0176;8.874;2927.16;5.33581;0;0;0.1;0.01;0;3.06978;0;0;-1
0;925;-11.8872;-64.6882;47.962;8.62741;2689.86;5.18754;0;0;0.1;0.01;0;4.45533;0;0;-1
0;926;-13.4919;-47.9733;46.5691;10.3686;4669.27;6.23449;0;0;0.1;0.01;0;7.51982;0;0;-1
0;927;-12.693;-33.5671;49.1094;10.005;4195.08;6.01586;0;0;0.1;0.01;0;5.88178;0;0;-1
0;928;-11.4158;-13.8813;48.6915;9.93402;4106.42;5.97318;0;0;0.1;0.01;0;6.77159;0;0;-1
0;929;-11.0373;0.272103;46.1078;9.49154;3581.78;5.70713;0;0;0.1;0.01;0;6.65136;0;0;-1
0;930;-13.1772;19.5087;47.8643;10.0132;4205.4;6.02079;0;0;0.1;0.01;0;6.25892;0;0;-1
0;931;-11.2535;37.0952;49.055;8.84922;2902.71;5.32091;0;0;0.1;0.01;0;6.45032;0;0;-1
0;932;-12.2006;52.5438;48.7887;9.02879;3083.03;5.42888;0;0;0.1;0.01;0;7.20731;0;0;-1
0;933;-11.7519;69.7932;48.0766;10.1432;4371.33;6.09896;0;0;0.1;0.01;0;5.86629;0;0;-1
0;934;-12.8207;86.613;47.9956;8.5;2572.44;5.11093;0;0;0.1;0.01;0;1.66632;1;0;-1
0;935;2.05732;-73.1379;45.8797;8.5;2572.44;5.11093;0;0;0.1;0.01;0;4.91261;1;0;-1
0;936;1.61447;-59.4347;46.625;8.99434;3047.87;5.40817;0;0;0.1;0.01;0;5.60764;0;0;-1
0;937;2.35263;-42.2786;46.9551;9.40872;3488.83;5.65733;0;0;0.1;0.01;0;5.6517;0;0;-1
0;938;1.44599;-22.4081;48.5083;9.3869;3464.62;5.64421;0;0;0.1;0.01;0;5.82205;0;0;-1
0;939;4.30913;-5.38927;49.0433;9.50215;3593.8;5.7135;0;0;0.1;0.01;0;6.81262;0;0;-1
0;940;3.22483;8.86549;49.2388;9.40384;3483.41;5.65439;0;0;0.1;0.01;0;5.80845;0;0;-1
0;941;1.82376;29.6367;47.3281;8.5;2572.44;5.11093;0;0;0.1;0.01;0;5.0495;1;0;-1
0;942;1.0831;45.5443;47.5972;8.53776;2606.88;5.13363;0;0;0.1;0.01;0;6.17089;0;0;-1
0;943;1.48817;60.6205;45.6694;9.03964;3094.15;5.4354;0;0;0.1;0.01;0;5.43648;0;0;-1
0;944;4.93374;79.7309;48.6566;10.1102;4328.8;6.07912;0;0;0.1;0.01;0;3.00426;0;0;-1
0;945;18.9282;-84.4704;48.8962;8.82496;2878.9;5.30632;0;0;0.1;0.01;0;1.95521;0;0;-1
0;946;18.2832;-65.9329;46.7124;9.13393;3191.99;5.4921;0;0;0.1;0.01;0;4.69513;0;0;-1
0;947;16.9267;-49.4143;46.2923;8.5;2572.44;5.11093;0;0;0.1;0.01;0;4.61271;1;0;-1
0;948;19.3909;-34.4004;45.9312;10.2763;4545.68;6.17899;0;0;0.1;0.01;0;6.56867;0;0;-1
0;949;16.1442;-14.8625;48.4597;9.22523;3288.67;5.547;0;0;0.1;0.01;0;6.34291;0;0;-1
0;950;18.7801;1.80375;48.5221;8.50641;2578.26;5.11478;0;0;0.1;0.01;0;5.65743;0;0;-1
0;951;17.3932;17.4862;46.7755;9.55479;3653.86;5.74516;0;0;0.1;0.01;0;5.23416;0;0;-1
0;952;16.0235;36.3938;49.0132;8.5;2572.44;5.11093;0;0;0.1;0.01;0;4.95116;1;0;-1
0;953;19.2397;50.8476;45.562;9.03341;3087.76;5.43166;0;0;0.1;0.01;0;5.11291;0;0;-1
0;954;17.4134;71.0968;46.7956;9.52319;3617.73;5.72616;0;0;0.1;0.01;0;4.54392;0;0;-1
0;955;33.2077;-74.2747;48.7936;8.9766;3029.87;5.3975;0;0;0.1;0.01;0;3.2441;0;0;-1
0;956;33.1117;-57.1358;47.8295;9.60965;3717.16;5.77814;0;0;0.1;0.01;0;6.04618;0;0;-1
0;957;33.4735;-39.2149;45.821;9.85133;4004.73;5.92346;0;0;0.1;0.01;0;6.54172;0;0;-1
0;958;30.7959;-22.5138;46.1757;9.98303;4167.5;6.00265;0;0;0.1;0.01;0;6.38877;0;0;-1
0;959;31.9798;-5.04459;47.773;9.48791;3577.67;5.70494;0;0;0.1;0.01;0;5.83541;0;0;-1
0;960;33.2566;12.0638;47.6434;9.44032;3524.1;5.67633;0;0;0.1;0.01;0;5.4787;0;0;-1
0;961;30.6852;25.7869;46.9776;9.75134;3884.02;5.86334;0;0;0.1;0.01;0;6.52821;0;0;-1
0;962;32.7087;43.2076;48.5164;8.95476;3007.81;5.38437;0;0;0.1;0.01;0;6.11715;0;0;-1
0;963;31.8858;59.3284;48.6141;9.99243;4179.28;6.0083;0;0;0.1;0.01;0;6.93225;0;0;-1
0;964;30.9336;76.2513;47.6964;9.44588;3530.33;5.67967;0;0;0.1;0.01;0;4.12672;0;0;-1
0;965;45.9705;-63.7051;46.5636;8.50235;2574.57;5.11234;0;0;0.1;0.01;0;3.30933;0;0;-1
0;966;46.1758;-47.4734;47.5696;10.2055;4452.37;6.13642;0;0;0.1;0.01;0;6.42875;0;0;-1
0;967;47.6532;-31.4639;46.2924;8.5;2572.44;5.11093;0;0;0.1;0.01;0;5.04218;1;0;-1
0;968;45.2302;-13.9412;49.0273;9.26855;3335.22;5.57304;0;0;0.1;0.01;0;5.88909;0;0;-1
0;969;45.8965;-0.225306;45.3754;8.5;2572.44;5.11093;0;0;0.1;0.01;0;5.34641;1;0;-1
0;970;47.7159;20.7861;46.8823;10.0206;4214.73;6.02524;0;0;0.1;0.01;0;7.1661;0;0;-1
0;971;45.3001;36.6215;48.59;9.44979;3534.72;5.68202;0;0;0.1;0.01;0;6.80026;0;0;-1
0;972;46.4701;54.7686;49.1091;9.69619;3818.49;5.83018;0;0;0.1;0.01;0;5.88028;0;0;-1
0;973;45.6606;72.0048;48.4206;9.86394;4020.13;5.93104;0;0;0.1;0.01;0;3.34313;0;0;-1
0;974;63.7053;-58.7708;46.4821;8.74716;2803.43;5.25954;0;0;0.1;0.01;0;2.38187;0;0;-1
0;975;62.0116;-42.3768;47.6454;9.36522;3440.67;5.63117;0;0;0.1;0.01;0;5.04976;0;0;-1
0;976;59.8932;-24.0697;48.5247;8.5;2572.44;5.11093;0;0;0.1;0.01;0;4.86008;1;0;-1
0;977;63.6057;-8.69966;46.8151;10.1425;4370.42;6.09854;0;0;0.1;0.01;0;6.67306;0;0;-1
0;978;60.6631;8.13276;47.1512;9.86993;4027.46;5.93465;0;0;0.1;0.01;0;6.38216;0;0;-1
0;979;61.5226;26.8095;46.1106;9.90075;4065.3;5.95318;0;0;0.1;0.01;0;6.42553;0;0;-1
0;980;60.1733;43.6471;46.0431;10.1384;4365.13;6.09607;0;0;0.1;0.01;0;6.24371;0;0;-1
0;981;61.1684;61.0034;46.9927;9.12844;3186.24;5.4888;0;0;0.1;0.01;0;3.76008;0;0;-1
0;982;77.296;-30.3702;48.6428;8.61289;2676.3;5.17881;0;0;0.1;0.01;0;2.62342;0;0;-1
0;983;77.1314;-17.1033;47.7217;8.5;2572.44;5.11093;0;0;0.1;0.01;0;3.16538;1;0;-1
0;984;75.5674;1.82945;46.5482;9.84126;3992.46;5.91741;0;0;0.1;0.01;0;5.04606;0;0;-1
0;985;78.6935;17.3398;48.7984;10.0526;4255.24;6.04448;0;0;0.1;0.01;0;4.18388;0;0;-1
0;986;75.2852;34.6949;45.9231;10.2898;4563.62;6.18711;0;0;0.1;0.01;0;4.40663;0;0;-1
0;987;-65.6121;-30.2889;62.2637;8.57744;2643.39;5.15749;0;0;0.1;0.01;0;3.43639;0;0;-1
0;988;-66.5758;-15.4212;63.5526;8.87947;2932.58;5.3391;0;0;0.1;0.01;0;3.54057;0;0;-1
0;989;-66.6904;0.547982;61.3356;8.52153;2592.04;5.12387;0;0;0.1;0.01;0;3.48099;0;0;-1
0;990;-66.1529;19.5108;63.9358;9.60852;3715.85;5.77746;0;0;0.1;0.01;0;3.35438;0;0;-1
0;991;-51.8189;-58.4816;60.4506;9.06277;3117.97;5.44931;0;0;0.1;0.01;0;2.13784;0;0;-1
0;992;-51.4175;-38.7594;63.6271;10.4312;4754.35;6.27213;0;0;0.1;0.01;0;5.19734;0;0;-1
0;993;-50.7464;-24.5025;63.3027;8.99047;3043.94;5.40584;0;0;0.1;0.01;0;6.41055;0;0;-1
0;994;-52.7052;-8.79136;61.3368;8.75928;2815.1;5.26683;0;0;0.1;0.01;0;4.57285;0;0;-1
0;995;-53.4864;10.327;61.6436;10.3467;4639.75;6.22132;0;0;0.1;0.01;0;5.60321;0;0;-1
0;996;-53.0243;27.1261;62.1081;8.5119;2583.26;5.11808;0;0;0.1;0.01;0;4.04214;0;0;-1
0;997;-51.7525;46.5211;61.8006;9.49673;3587.66;5.71025;0;0;0.1;0.01;0;3.02903;0;0;-1
0;998;-36.3742;-47.5557;60.518;9.31429;3384.84;5.60055;0;0;0.1;0.01;0;6.18367;0;0;-1
0;999;-36.9151;-33.1684;64.1716;8.56914;2635.73;5.1525;0;0;0.1;0.01;0;5.89194;0;0;-1
0;1000;-35.471;-15.6547;62.6738;9.77893;3917.08;5.87993;0;0;0.1;0.01;0;6.6195;0;0;-1
0;1001;-36.165;1.45857;63.9652;8.73934;2795.92;5.25484;0;0;0.1;0.01;0;4.87606;0;0;-1
0;1002;-35.0661;19.5886;62.22;8.80965;2863.94;5.29711;0;0;0.1;0.01;0;5.88843;0;0;-1
0;1003;-35.2262;37.0941;60.6642;9.96828;4149.06;5.99378;0;0;0.1;0.01;0;6.29422;0;0;-1
0;1004;-38.3071;52.26;63.8435;9.47991;3568.63;5.70013;0;0;0.1;0.01;0;3.94375;0;0;-1
0;1005;-38.3146;67.9577;60.6969;9.61487;3723.22;5.78128;0;0;0.1;0.01;0;3.18478;0;0;-1
0;1006;-21.3176;-73.2352;63.7678;8.5;2572.44;5.11093;0;0;0.1;0.01;0;1.71276;1;0;-1
0;1007;-23.2943;-57.0281;62.2436;10.4;4711.82;6.25337;0;0;0.1;0.01;0;6.18484;0;0;-1
0;1008;-22.2418;-40.8619;61.3892;10.2717;4539.58;6.17622;0;0;0.1;0.01;0;8.02886;0;0;-1
0;1009;-21.3072;-22.7324;63.6583;8.53442;2603.82;5.13162;0;0;0.1;0.01;0;6.24288;0;0;-1
0;1010;-21.9761;-5.56663;62.1261;10.3597;4657.26;6.22914;0;0;0.1;0.01;0;6.43828;0;0;-1
0;1011;-22.1188;10.5199;60.856;8.5;2572.44;5.11093;0;0;0.1;0.01;0;3.634;1;0;-1
0;1012;-23.7861;26.8085;63.5258;9.01866;3072.66;5.42279;0;0;0.1;0.01;0;4.69395;0;0;-1
0;1013;-22.4078;44.4761;62.815;9.87176;4029.7;5.93575;0;0;0.1;0.01;0;6.77123;0;0;-1
0;1014;-21.8343;59.7015;60.1788;8.81698;2871.1;5.30152;0;0;0.1;0.01;0;5.43691;0;0;-1
0;1015;-7.87447;-67.6925;60.3464;8.52518;2595.37;5.12607;0;0;0.1;0.01;0;3.89133;0;0;-1
0;1016;-7.87029;-47.7028;63.1317;10.2311;4485.96;6.15181;0;0;0.1;0.01;0;6.71467;0;0;-1
0;1017;-5.56137;-29.8876;63.3948;9.05885;3113.92;5.44696;0;0;0.1;0.01;0;6.57509;0;0;-1
0;1018;-6.85337;-15.3343;60.9675;8.54701;2615.36;5.13919;0;0;0.1;0.01;0;6.62497;0;0;-1
0;1019;-8.78426;0.620176;60.7711;8.5;2572.44;5.11093;0;0;0.1;0.01;0;4.71307;1;0;-1
0;1020;-6.95678;20.8327;60.3861;8.92528;2978.2;5.36664;0;0;0.1;0.01;0;4.6165;0;0;-1
0;1021;-8.8327;36.01;63.5807;9.68264;3802.51;5.82203;0;0;0.1;0.01;0;7.04806;0;0;-1
0;1022;-6.47411;52.1422;61.032;9.64341;3756.48;5.79844;0;0;0.1;0.01;0;7.58061;0;0;-1
0;1023;-7.43381;67.6703;60.8766;10.3052;4584.14;6.19637;0;0;0.1;0.01;0;4.93499;0;0;-1
0;1024;5.31693;-73.7739;61.9447;8.5;2572.44;5.11093;0;0;0.1;0.01;0;2.23741;1;0;-1
0;1025;6.87103;-57.4059;62.301;10.176;4413.87;6.11868;0;0;0.1;0.01;0;5.81699;0;0;-1
0;1026;7.74088;-39.3538;61.0352;8.5;2572.44;5.11093;0;0;0.1;0.01;0;4.55429;1;0;-1
0;1027;6.383;-22.6917;62.3457;9.92312;4092.92;5.96663;0;0;0.1;0.01;0;6.71255;0;0;-1
0;1028;9.17257;-6.37554;62.4723;10.2402;4497.94;6.15728;0;0;0.1;0.01;0;6.85747;0;0;-1
0;1029;8.77801;12.1964;62.2439;8.66534;2725.5;5.21034;0;0;0.1;0.01;0;4.78704;0;0;-1
0;1030;7.91437;26.3228;63.414;8.5;2572.44;5.11093;0;0;0.1;0.01;0;5.4947;1;0;-1
0;1031;7.42435;42.07;60.083;10.2988;4575.6;6.19252;0;0;0.1;0.01;0;6.63336;0;0;-1
0;1032;6.63816;63.0884;63.2903;9.3194;3390.41;5.60362;0;0;0.1;0.01;0;4.62105;0;0;-1
0;1033;21.3022;-63.866;60.9573;8.5;2572.44;5.11093;0;0;0.1;0.01;0;3.70095;1;0;-1
0;1034;23.2556;-50.2967;61.9531;8.5;2572.44;5.11093;0;0;0.1;0.01;0;4.4346;1;0;-1
0;1035;20.9362;-32.362;61.0294;8.5;2572.44;5.11093;0;0;0.1;0.01;0;3.83313;1;0;-1
0;1036;24.2177;-12.6704;60.3627;8.5;2572.44;5.11093;0;0;0.1;0.01;0;5.40683;1;0;-1
0;1037;20.6137;2.94951;61.7827;8.5;2572.44;5.11093;0;0;0.1;0.01;0;5.0644;1;0;-1
0;1038;23.082;19.7963;63.734;10.3275;4613.96;6.20978;0;0;0.1;0.01;0;7.34098;0;0;-1
0;1039;21.9237;37.8407;63.1545;8.70203;2760.26;5.2324;0;0;0.1;0.01;0;5.68818;0;0;-1
0;1040;21.5774;53.1583;60.4175;8.5;2572.44;5.11093;0;0;0.1;0.01;0;5.2951;1;0;-1
0;1041;22.1353;69.1058;61.3882;9.0674;3122.75;5.4521;0;0;0.1;0.01;0;3.39132;0;0;-1
0;1042;34.6657;-59.73;63.5416;8.5;2572.44;5.11093;0;0;0.1;0.01;0;2.174;1;0;-1
0;1043;36.1549;-39.3417;62.5752;9.23923;3303.66;5.55541;0;0;0.1;0.01;0;4.51072;0;0;-1
0;1044;38.1841;-22.8154;61.8966;8.81792;2872.02;5.30209;0;0;0.1;0.01;0;4.89325;0;0;-1
0;1045;35.7965;-5.05989;62.6075;8.95321;3006.25;5.38344;0;0;0.1;0.01;0;4.80357;0;0;-1
0;1046;38.2655;12.2888;61.3821;9.45337;3538.74;5.68417;0;0;0.1;0.01;0;5.64798;0;0;-1
0;1047;37.9531;26.2077;60.2489;8.5;2572.44;5.11093;0;0;0.1;0.01;0;6.73292;1;0;-1
0;1048;35.5209;43.3613;63.5158;9.23679;3301.05;5.55395;0;0;0.1;0.01;0;5.63017;0;0;-1
0;1049;38.6638;60.4752;63.3836;9.72555;3853.28;5.84783;0;0;0.1;0.01;0;3.94758;0;0;-1
0;1050;53.4609;-48.7338;61.7426;9.52246;3616.9;5.72572;0;0;0.1;0.01;0;3.22426;0;0;-1
0;1051;50.3693;-33.39;60.8836;8.5;2572.44;5.11093;0;0;0.1;0.01;0;4.8753;1;0;-1
0;1052;51.0257;-15.2808;62.1431;9.58171;3684.83;5.76134;0;0;0.1;0.01;0;5.69831;0;0;-1
0;1053;50.0361;0.794347;62.6975;8.5;2572.44;5.11093;0;0;0.1;0.01;0;4.12963;1;0;-1
0;1054;50.5505;20.6956;60.9299;8.5;2572.44;5.11093;0;0;0.1;0.01;0;5.72267;1;0;-1
0;1055;50.8716;34.8049;61.8163;9.8158;3961.56;5.9021;0;0;0.1;0.01;0;6.0177;0;0;-1
0;1056;53.6963;53.0087;62.7377;10.1404;4367.71;6.09728;0;0;0.1;0.01;0;3.14205;0;0;-1
0;1057;67.077;-40.8603;60.8931;10.4293;4751.76;6.27099;0;0;0.1;0.01;0;2.85252;0;0;-1
0;1058;64.4538;-21.5173;62.1481;8.5;2572.44;5.11093;0;0;0.1;0.01;0;2.95661;1;0;-1
0;1059;64.4394;-5.43601;61.8759;8.5;2572.44;5.11093;0;0;0.1;0.01;0;4.08044;1;0;-1
0;1060;66.7722;9.19893;60.6551;9.7064;3830.57;5.83632;0;0;0.1;0.01;0;3.28724;0;0;-1
0;1061;65.1716;25.0306;60.1653;8.80062;2855.15;5.29169;0;0;0.1;0.01;0;2.81985;0;0;-1
0;1062;-54.4206;-23.7661;75.9872;9.34551;3418.99;5.61932;0;0;0.1;0.01;0;3.60162;0;0;-1
0;1063;-56.509;-4.6986;78.7038;8.5;2572.44;5.11093;0;0;0.1;0.01;0;1.66222;1;0;-1
0;1064;-54.9434;10.6822;76.2479;9.32397;3395.4;5.60637;0;0;0.1;0.01;0;3.90548;0;0;-1
0;1065;-56.441;29.7253;75.0178;10.447;4775.99;6.28163;0;0;0.1;0.01;0;3.23453;0;0;-1
0;1066;-40.0299;-48.9637;77.0334;8.5;2572.44;5.11093;0;0;0.1;0.01;0;2.24441;1;0;-1
0;1067;-42.2497;-30.7978;77.7946;8.79456;2849.25;5.28804;0;0;0.1;0.01;0;4.75026;0;0;-1
0;1068;-40.3981;-15.9263;75.0958;9.98709;4172.59;6.00509;0;0;0.1;0.01;0;6.54621;0;0;-1
0;1069;-40.453;2.87097;77.9464;9.51488;3608.27;5.72116;0;0;0.1;0.01;0;5.7309;0;0;-1
0;1070;-41.6352;17.7792;74.6444;8.54694;2615.29;5.13915;0;0;0.1;0.01;0;5.55024;0;0;-1
0;1071;-39.3204;33.6801;76.4739;9.87209;4030.1;5.93594;0;0;0.1;0.01;0;4.14455;0;0;-1
0;1072;-24.3917;-55.1627;76.9429;9.73996;3870.44;5.8565;0;0;0.1;0.01;0;3.46658;0;0;-1
0;1073;-26.2723;-40.8456;74.9469;9.02504;3079.19;5.42663;0;0;0.1;0.01;0;5.50612;0;0;-1
0;1074;-27.4686;-23.1558;76.5362;10.0637;4269.35;6.05116;0;0;0.1;0.01;0;7.01457;0;0;-1
0;1075;-27.2531;-4.52048;77.9006;9.34698;3420.6;5.6202;0;0;0.1;0.01;0;6.55029;0;0;-1
0;1076;-24.9793;12.2898;77.0424;9.04555;3100.23;5.43896;0;0;0.1;0.01;0;5.77452;0;0;-1
0;1077;-25.785;26.5312;77.2985;9.31413;3384.66;5.60045;0;0;0.1;0.01;0;5.89561;0;0;-1
0;1078;-25.3403;43.7278;77.7643;9.28589;3353.97;5.58347;0;0;0.1;0.01;0;3.80716;0;0;-1
0;1079;-10.0666;-47.8128;76.4;8.80812;2862.45;5.29619;0;0;0.1;0.01;0;4.92361;0;0;-1
0;1080;-12.4532;-31.1441;76.4173;10.2266;4480.05;6.14911;0;0;0.1;0.01;0;7.47862;0;0;-1
0;1081;-12.8037;-16.1697;74.6147;9.40462;3484.27;5.65486;0;0;0.1;0.01;0;7.3506;0;0;-1
0;1082;-13.5658;0.32939;78.4962;10.2202;4471.64;6.14526;0;0;0.1;0.01;0;6.59525;0;0;-1
0;1083;-11.4804;20.5752;78.3224;8.95194;3004.97;5.38267;0;0;0.1;0.01;0;5.80974;0;0;-1
0;1084;-10.8843;36.51;76.78;10.0821;4292.81;6.06222;0;0;0.1;0.01;0;7.27549;0;0;-1
0;1085;-11.9876;51.5969;76.3111;9.93362;4105.93;5.97294;0;0;0.1;0.01;0;4.78379;0;0;-1
0;1086;3.54257;-58.8479;76.6024;10.3992;4710.73;6.25289;0;0;0.1;0.01;0;3.37115;0;0;-1
0;1087;1.37816;-42.2287;78.4833;8.5;2572.44;5.11093;0;0;0.1;0.01;0;4.97662;1;0;-1
0;1088;4.77028;-23.2449;76.3311;10.0445;4244.96;6.03961;0;0;0.1;0.01;0;6.80627;0;0;-1
0;1089;1.30285;-7.59606;78.2447;9.92445;4094.57;5.96743;0;0;0.1;0.01;0;6.26906;0;0;-1
0;1090;3.27282;11.4156;77.6296;8.90179;2954.75;5.35252;0;0;0.1;0.01;0;4.53921;0;0;-1
0;1091;1.50852;27.3571;77.7778;9.65841;3774.03;5.80746;0;0;0.1;0.01;0;7.23854;0;0;-1
0;1092;2.53902;42.4974;76.4687;10.3015;4579.2;6.19414;0;0;0.1;0.01;0;6.33623;0;0;-1
0;1093;4.04627;61.3719;76.5698;9.70352;3827.16;5.83459;0;0;0.1;0.01;0;3.29162;0;0;-1
0;1094;16.472;-49.5975;74.9928;8.82222;2876.22;5.30467;0;0;0.1;0.01;0;3.51565;0;0;-1
0;1095;17.4695;-30.7379;77.8428;9.94785;4123.6;5.9815;0;0;0.1;0.01;0;6.04337;0;0;-1
0;1096;18.4999;-13.1245;74.606;9.11763;3174.93;5.4823;0;0;0.1;0.01;0;6.14157;0;0;-1
0;1097;16.7206;3.33959;76.3027;8.78297;2838;5.28107;0;0;0.1;0.01;0;5.25205;0;0;-1
0;1098;18.4072;20.1271;76.7577;8.5;2572.44;5.11093;0;0;0.1;0.01;0;5.81166;1;0;-1
0;1099;18.6043;33.9794;76.0117;10.0972;4312.13;6.0713;0;0;0.1;0.01;0;7.30796;0;0;-1
0;1100;18.5639;54.4268;76.1434;9.59276;3697.6;5.76799;0;0;0.1;0.01;0;3.60119;0;0;-1
0;1101;32.551;-40.2015;76.4283;10.1849;4425.47;6.12403;0;0;0.1;0.01;0;3.81292;0;0;-1
0;1102;31.2475;-22.9446;78.5531;10.1291;4353.13;6.09048;0;0;0.1;0.01;0;5.58416;0;0;-1
0;1103;31.1783;-5.985;77.3426;8.5572;2624.72;5.14532;0;0;0.1;0.01;0;5.2;0;0;-1
0;1104;32.377;11.7445;76.171;9.07028;3125.72;5.45383;0;0;0.1;0.01;0;4.46325;0;0;-1
0;1105;34.5168;28.4106;76.6482;10.3011;4578.67;6.1939;0;0;0.1;0.01;0;5.8761;0;0;-1
0;1106;30.9549;46.494;78.158;10.3268;4613.03;6.20935;0;0;0.1;0.01;0;4.17021;0;0;-1
0;1107;49.0826;-30.3924;78.6715;9.26179;3327.92;5.56898;0;0;0.1;0.01;0;1.69109;0;0;-1
0;1108;45.4515;-13.8856;75.3078;8.5304;2600.14;5.12921;0;0;0.1;0.01;0;4.76216;0;0;-1
0;1109;47.4432;0.400322;77.9811;8.55106;2619.08;5.14163;0;0;0.1;0.01;0;3.4542;0;0;-1
0;1110;48.319;20.0393;74.9209;9.58572;3689.46;5.76375;0;0;0.1;0.01;0;3.8709;0;0;-1
0;1111;49.0107;36.2359;77.4623;8.5;2572.44;5.11093;0;0;0.1;0.01;0;2.3421;1;0;-1
0;1112;60.4394;-6.10838;78.4489;8.5;2572.44;5.11093;0;0;0.1;0.01;0;1.59481;1;0;-1
0;1113;-36.2698;-15.7307;89.6392;9.8315;3980.59;5.91154;0;0;0.1;0.01;0;4.24737;0;0;-1
0;1114;-36.4151;1.5659;91.2423;8.5;2572.44;5.11093;0;0;0.1;0.01;0;3.92219;1;0;-1
0;1115;-38.4479;16.9513;89.8871;10.0141;4206.53;6.02133;0;0;0.1;0.01;0;3.77005;0;0;-1
0;1116;-21.1048;-24.4713;90.05;10.4526;4783.67;6.285;0;0;0.1;0.01;0;4.94925;0;0;-1
0;1117;-23.4159;-6.36196;93.0756;10.0382;4236.98;6.03582;0;0;0.1;0.01;0;4.54066;0;0;-1
0;1118;-22.7387;11.6867;89.7641;8.5;2572.44;5.11093;0;0;0.1;0.01;0;4.56378;1;0;-1
0;1119;-21.6285;27.6353;93.3763;10.1704;4406.59;6.11531;0;0;0.1;0.01;0;3.63709;0;0;-1
0;1120;-7.47882;-31.4712;90.7907;9.99572;4183.41;6.01028;0;0;0.1;0.01;0;4.74621;0;0;-1
0;1121;-8.53557;-14.0112;89.4449;9.49792;3589.01;5.71096;0;0;0.1;0.01;0;6.4331;0;0;-1
0;1122;-6.51454;1.18078;92.6596;9.92513;4095.41;5.96784;0;0;0.1;0.01;0;5.31186;0;0;-1
0;1123;-5.80771;19.1312;93.3205;10.3778;4681.71;6.24002;0;0;0.1;0.01;0;5.37608;0;0;-1
0;1124;-7.61319;35.0398;92.3639;8.5;2572.44;5.11093;0;0;0.1;0.01;0;3.70835;1;0;-1
0;1125;5.4205;-38.5691;92.1484;8.64182;2703.36;5.1962;0;0;0.1;0.01;0;2.77182;0;0;-1
0;1126;6.63345;-23.3644;92.1254;9.97299;4154.94;5.99661;0;0;0.1;0.01;0;4.85806;0;0;-1
0;1127;7.32825;-5.04241;91.6077;9.76217;3896.98;5.86985;0;0;0.1;0.01;0;4.3699;0;0;-1
0;1128;6.66653;10.8068;91.2158;9.29955;3368.79;5.59168;0;0;0.1;0.01;0;4.1228;0;0;-1
0;1129;6.0983;28.7507;90.0582;9.47028;3557.76;5.69434;0;0;0.1;0.01;0;5.33298;0;0;-1
0;1130;23.7554;-31.9727;89.8621;8.5;2572.44;5.11093;0;0;0.1;0.01;0;2.94906;1;0;-1
0;1131;20.7115;-13.476;89.3595;8.96289;3016.01;5.38926;0;0;0.1;0.01;0;4.82162;0;0;-1
0;1132;22.7923;0.11981;90.1692;8.56343;2630.46;5.14907;0;0;0.1;0.01;0;3.46593;0;0;-1
0;1133;20.0088;20.8186;90.9645;8.88242;2935.5;5.34087;0;0;0.1;0.01;0;3.25249;0;0;-1
0;1134;20.8931;36.7168;90.345;8.61361;2676.97;5.17924;0;0;0.1;0.01;0;2.71983;0;0;-1
0;1135;37.3241;-7.8063;89.7304;9.767;3902.76;5.87276;0;0;0.1;0.01;0;3.63646;0;0;-1
0;1136;35.4313;9.72933;91.1637;8.5238;2594.11;5.12524;0;0;0.1;0.01;0;1.96306;0;0;-1
