Time;ID;x;y;z;radius;volume_total;radius_nuclear;contact_ECM;freezer;polarized_fraction;motility;cell_line;Cell_cell;phase;Cycle;NFkB
0;0;-51.3232;-4.61086;-83.4245;8.5;2572.44;5.11093;0;0;0.1;0.01;0;2.64405;1;0;-1
0;1;-37.4358;-33.3448;-84.6853;9.8791;4038.69;5.94016;0;0;0.1;0.01;0;2.67458;0;0;-1
0;2;-37.6607;-13.8258;-86.4863;8.5;2572.44;5.11093;0;0;0.1;0.01;0;2.64955;1;0;-1
0;3;-38.5099;0.469432;-85.5938;8.93259;2985.53;5.37104;0;0;0.1;0.01;0;2.49463;0;0;-1
0;4;-35.4905;20.6071;-84.3369;10.0373;4235.84;6.03528;0;0;0.1;0.01;0;3.05424;0;0;-1
0;5;-21.8014;-40.6307;-87.2601;9.31441;3384.97;5.60062;0;0;0.1;0.01;0;2.80798;0;0;-1
0;6;-20.5437;-22.3993;-85.9329;8.72424;2781.45;5.24576;0;0;0.1;0.01;0;4.2395;0;0;-1
0;7;-21.0294;-8.41346;-84.5114;8.68751;2746.47;5.22367;0;0;0.1;0.01;0;4.10705;0;0;-1
0;8;-20.3032;10.7181;-85.9706;8.9461;2999.09;5.37916;0;0;0.1;0.01;0;3.39473;0;0;-1
0;9;-22.2984;28.7622;-84.0027;9.1147;3171.87;5.48054;0;0;0.1;0.01;0;3.81329;0;0;-1
0;10;-8.84379;-49.3358;-83.4141;10.3831;4688.89;6.24321;0;0;0.1;0.01;0;3.61018;0;0;-1
0;11;-7.09598;-30.7523;-87.1639;9.25676;3322.5;5.56596;0;0;0.1;0.01;0;4.75301;0;0;-1
0;12;-6.80492;-16.6161;-86.2477;8.92614;2979.06;5.36716;0;0;0.1;0.01;0;5.0781;0;0;-1
0;13;-6.59109;0.142724;-85.5157;10.1914;4433.94;6.12794;0;0;0.1;0.01;0;5.02145;0;0;-1
0;14;-7.56781;20.0309;-83.7582;10.1998;4444.92;6.13299;0;0;0.1;0.01;0;5.00665;0;0;-1
0;15;-7.67549;38.2923;-83.936;9.71243;3837.71;5.83994;0;0;0.1;0.01;0;3.32091;0;0;-1
0;16;7.44732;-40.8712;-85.9489;10.0896;4302.4;6.06673;0;0;0.1;0.01;0;4.84817;0;0;-1
0;17;6.4034;-24.2351;-83.4899;10.0954;4309.82;6.07022;0;0;0.1;0.01;0;6.03559;0;0;-1
0;18;8.7266;-6.02001;-85.8323;8.76963;2825.09;5.27305;0;0;0.1;0.01;0;3.89442;0;0;-1
0;19;6.47718;10.9316;-86.7583;8.73724;2793.9;5.25358;0;0;0.1;0.01;0;2.6679;0;0;-1
0;20;7.75648;27.7535;-87.3915;8.84193;2895.54;5.31652;0;0;0.1;0.01;0;3.18478;0;0;-1
0;21;8.87683;45.3807;-83.5795;10.2972;4573.47;6.19156;0;0;0.1;0.01;0;3.80209;0;0;-1
0;22;20.2459;-49.154;-84.4961;9.44966;3534.57;5.68194;0;0;0.1;0.01;0;3.23457;0;0;-1
0;23;23.3386;-34.0348;-86.6648;10.0918;4305.21;6.06805;0;0;0.1;0.01;0;5.12297;0;0;-1
0;24;20.6102;-15.7269;-84.9724;8.5;2572.44;5.11093;0;0;0.1;0.01;0;3.28129;1;0;-1
0;25;22.4789;3.45133;-86.8663;8.58914;2654.22;5.16453;0;0;0.1;0.01;0;3.59234;0;0;-1
0;26;23.6286;20.3908;-84.4833;8.88816;2941.2;5.34432;0;0;0.1;0.01;0;4.47827;0;0;-1
0;27;23.5456;37.7413;-84.8648;9.8457;3997.87;5.92008;0;0;0.1;0.01;0;3.69378;0;0;-1
0;28;36.3549;-40.1954;-83.6494;9.99562;4183.29;6.01022;0;0;0.1;0.01;0;3.76814;0;0;-1
0;29;35.4676;-25.543;-86.1248;8.5;2572.44;5.11093;0;0;0.1;0.01;0;3.01694;1;0;-1
0;30;37.2065;-5.59958;-85.2998;10.2046;4451.19;6.13588;0;0;0.1;0.01;0;2.53029;0;0;-1
0;31;36.5589;10.859;-83.9738;10.2277;4481.49;6.14977;0;0;0.1;0.01;0;3.93837;0;0;-1
0;32;37.586;26.979;-83.9252;10.0868;4298.82;6.06505;0;0;0.1;0.01;0;4.35966;0;0;-1
0;33;-70.5251;-14.7642;-69.3748;9.3986;3477.59;5.65124;0;0;0.1;0.01;0;2.28086;0;0;-1
0;34;-57.8102;-39.4477;-71.3436;9.97762;4160.73;5.9994;0;0;0.1;0.01;0;3.10577;0;0;-1
0;35;-56.6653;-25.1898;-72.4989;9.30194;3371.39;5.59312;0;0;0.1;0.01;0;3.99537;0;0;-1
0;36;-54.7625;-8.89659;-70.8582;8.5;2572.44;5.11093;0;0;0.1;0.01;0;4.50335;1;0;-1
0;37;-56.2935;9.85825;-69.7946;10.3383;4628.45;6.21627;0;0;0.1;0.01;0;3.50731;0;0;-1
0;38;-57.7877;28.4738;-71.5089;8.5;2572.44;5.11093;0;0;0.1;0.01;0;2.1556;1;0;-1
0;39;-54.6523;46.9038;-68.5808;9.52835;3623.61;5.72926;0;0;0.1;0.01;0;3.23993;0;0;-1
0;40;-41.5513;-51.3146;-72.6784;9.08313;3139.03;5.46155;0;0;0.1;0.01;0;2.11116;0;0;-1
0;41;-41.3936;-30.4506;-70.9853;9.44447;3528.75;5.67882;0;0;0.1;0.01;0;5.7387;0;0;-1
0;42;-42.2298;-16.6233;-69.6685;10.4347;4759.14;6.27423;0;0;0.1;0.01;0;6.85592;0;0;-1
0;43;-39.4121;1.73243;-69.0929;8.5;2572.44;5.11093;0;0;0.1;0.01;0;4.22076;1;0;-1
0;44;-42.3601;16.76;-69.0629;8.5;2572.44;5.11093;0;0;0.1;0.01;0;5.51241;1;0;-1
0;45;-42.4259;34.2526;-69.8637;9.48534;3574.76;5.7034;0;0;0.1;0.01;0;5.21262;0;0;-1
0;46;-41.214;53.4605;-69.4184;8.5;2572.44;5.11093;0;0;0.1;0.01;0;3.80416;1;0;-1
0;47;-26.5813;-57.1959;-70.3594;8.69547;2754.02;5.22846;0;0;0.1;0.01;0;4.02456;0;0;-1
0;48;-28.5584;-42.5891;-68.4936;10.4235;4743.83;6.2675;0;0;0.1;0.01;0;6.3883;0;0;-1
0;49;-26.252;-24.7403;-70.679;8.78999;2844.81;5.28529;0;0;0.1;0.01;0;5.81458;0;0;-1
0;50;-24.7235;-8.81684;-71.8682;8.5;2572.44;5.11093;0;0;0.1;0.01;0;4.47506;1;0;-1
0;51;-26.8785;11.1065;-69.6517;9.33999;3412.93;5.616;0;0;0.1;0.01;0;5.3504;0;0;-1
0;52;-26.0041;26.9244;-69.2376;10.0291;4225.46;6.03035;0;0;0.1;0.01;0;6.56958;0;0;-1
0;53;-27.6105;43.7336;-70.6704;9.33376;3406.11;5.61225;0;0;0.1;0.01;0;4.60085;0;0;-1
0;54;-27.1648;62.1968;-69.809;9.79464;3935.99;5.88937;0;0;0.1;0.01;0;3.73859;0;0;-1
0;55;-13.5702;-63.8508;-69.0181;9.87774;4037.02;5.93934;0;0;0.1;0.01;0;4.04135;0;0;-1
0;56;-13.8255;-48.1417;-68.3413;8.5;2572.44;5.11093;0;0;0.1;0.01;0;5.72216;1;0;-1
0;57;-11.3464;-31.1876;-72.6102;8.91585;2968.77;5.36097;0;0;0.1;0.01;0;5.09896;0;0;-1
0;58;-12.6967;-15.0489;-70.9698;9.29638;3365.35;5.58978;0;0;0.1;0.01;0;6.59;0;0;-1
0;59;-9.95116;1.96206;-71.7795;9.45092;3535.99;5.6827;0;0;0.1;0.01;0;5.80931;0;0;-1
0;60;-11.6477;16.5877;-70.1425;8.82064;2874.68;5.30372;0;0;0.1;0.01;0;5.34617;0;0;-1
0;61;-11.8841;36.6285;-70.9297;9.09843;3154.92;5.47075;0;0;0.1;0.01;0;4.65206;0;0;-1
0;62;-10.7482;55.0844;-70.3576;9.75011;3882.55;5.8626;0;0;0.1;0.01;0;3.31385;0;0;-1
0;63;2.17757;-56.2453;-69.0655;9.01971;3073.73;5.42342;0;0;0.1;0.01;0;4.73832;0;0;-1
0;64;3.9414;-40.1507;-72.0486;8.76763;2823.16;5.27185;0;0;0.1;0.01;0;5.20001;0;0;-1
0;65;2.7178;-22.899;-68.5023;10.2393;4496.76;6.15674;0;0;0.1;0.01;0;7.07008;0;0;-1
0;66;4.34132;-7.97748;-72.0157;9.90275;4067.77;5.95438;0;0;0.1;0.01;0;6.59459;0;0;-1
0;67;2.35185;10.1698;-69.215;8.5;2572.44;5.11093;0;0;0.1;0.01;0;4.96711;1;0;-1
0;68;4.40236;26.7924;-69.6945;8.5;2572.44;5.11093;0;0;0.1;0.01;0;4.49213;1;0;-1
0;69;4.43472;45.795;-70.5454;9.40266;3482.1;5.65368;0;0;0.1;0.01;0;6.07239;0;0;-1
0;70;3.50664;63.717;-70.1494;9.87208;4030.09;5.93594;0;0;0.1;0.01;0;3.45395;0;0;-1
0;71;16.3308;-66.2711;-69.8966;9.33398;3406.35;5.61239;0;0;0.1;0.01;0;2.89259;0;0;-1
0;72;15.9676;-47.1645;-70.9257;8.71329;2770.99;5.23917;0;0;0.1;0.01;0;4.75339;0;0;-1
0;73;19.2614;-30.2036;-70.8771;10.2304;4485.04;6.15139;0;0;0.1;0.01;0;6.88917;0;0;-1
0;74;16.4045;-14.0917;-69.223;8.5;2572.44;5.11093;0;0;0.1;0.01;0;6.69743;1;0;-1
0;75;16.9973;1.22407;-71.3282;9.24351;3308.26;5.55799;0;0;0.1;0.01;0;5.44149;0;0;-1
0;76;16.0035;18.2057;-69.208;8.72477;2781.96;5.24608;0;0;0.1;0.01;0;4.98802;0;0;-1
0;77;17.3091;35.4418;-70.6388;9.03495;3089.34;5.43258;0;0;0.1;0.01;0;5.48908;0;0;-1
0;78;19.4563;55.0769;-70.2783;10.194;4437.34;6.1295;0;0;0.1;0.01;0;4.06602;0;0;-1
0;79;31.0823;-57.7948;-69.4706;8.5;2572.44;5.11093;0;0;0.1;0.01;0;3.35835;1;0;-1
0;80;31.765;-38.5302;-68.4275;9.87873;4038.24;5.93994;0;0;0.1;0.01;0;6.27487;0;0;-1
0;81;32.018;-21.8252;-69.6527;8.5;2572.44;5.11093;0;0;0.1;0.01;0;4.93369;1;0;-1
0;82;33.3323;-6.34225;-68.8081;9.53103;3626.67;5.73087;0;0;0.1;0.01;0;5.57021;0;0;-1
0;83;30.5757;12.4393;-71.302;9.73152;3860.39;5.85142;0;0;0.1;0.01;0;6.45242;0;0;-1
0;84;33.6227;28.6042;-68.5247;10.0382;4236.98;6.03582;0;0;0.1;0.01;0;6.88804;0;0;-1
0;85;34.0135;43.7456;-71.9735;8.5;2572.44;5.11093;0;0;0.1;0.01;0;4.23471;1;0;-1
0;86;46.366;-51.2901;-68.9067;9.61922;3728.28;5.7839;0;0;0.1;0.01;0;2.75949;0;0;-1
0;87;45.9812;-30.4833;-71.9459;9.01313;3067.01;5.41946;0;0;0.1;0.01;0;4.33324;0;0;-1
0;88;47.5561;-13.4218;-71.9991;9.9526;4129.51;5.98435;0;0;0.1;0.01;0;4.86542;0;0;-1
0;89;45.3347;1.65003;-69.0586;8.5;2572.44;5.11093;0;0;0.1;0.01;0;5.76167;1;0;-1
0;90;47.3083;17.1287;-68.9539;10.3912;4699.87;6.24808;0;0;0.1;0.01;0;6.38401;0;0;-1
0;91;48.9685;36.8808;-71.9509;10.2103;4458.66;6.13931;0;0;0.1;0.01;0;3.53657;0;0;-1
0;92;46.7023;54.1089;-69.0053;8.5;2572.44;5.11093;0;0;0.1;0.01;0;2.53723;1;0;-1
0;93;60.0257;-25.6695;-72.0474;10.0688;4275.84;6.05422;0;0;0.1;0.01;0;2.75259;0;0;-1
0;94;62.5674;-5.61034;-71.9194;8.73835;2794.97;5.25424;0;0;0.1;0.01;0;2.33543;0;0;-1
0;95;61.3291;9.87435;-68.8413;9.81409;3959.49;5.90107;0;0;0.1;0.01;0;3.63417;0;0;-1
0;96;-80.3946;-8.31335;-55.4069;9.69228;3813.88;5.82783;0;0;0.1;0.01;0;2.96194;0;0;-1
0;97;-80.1244;12.4635;-54.3347;8.7296;2786.58;5.24898;0;0;0.1;0.01;0;2.61253;0;0;-1
0;98;-65.7575;-48.4231;-54.2728;10.1245;4347.2;6.08771;0;0;0.1;0.01;0;4.68087;0;0;-1
0;99;-67.7015;-33.8758;-55.4069;8.95215;3005.18;5.3828;0;0;0.1;0.01;0;3.30544;0;0;-1
0;100;-65.5556;-12.6552;-56.3797;8.50736;2579.13;5.11535;0;0;0.1;0.01;0;4.00028;0;0;-1
0;101;-64.5971;1.73555;-53.9658;9.72048;3847.26;5.84478;0;0;0.1;0.01;0;5.33352;0;0;-1
0;102;-68.013;19.6481;-57.7818;8.68328;2742.46;5.22113;0;0;0.1;0.01;0;3.53354;0;0;-1
0;103;-66.4423;35.4434;-55.549;8.5;2572.44;5.11093;0;0;0.1;0.01;0;3.49068;1;0;-1
0;104;-52.2512;-59.3444;-54.8728;9.7421;3872.99;5.85778;0;0;0.1;0.01;0;4.06032;0;0;-1
0;105;-52.9162;-42.3636;-57.5529;8.54632;2614.73;5.13878;0;0;0.1;0.01;0;4.59345;0;0;-1
0;106;-51.32;-24.6996;-57.8032;8.5;2572.44;5.11093;0;0;0.1;0.01;0;4.57112;1;0;-1
0;107;-49.8611;-4.79203;-57.1243;9.83619;3986.29;5.91436;0;0;0.1;0.01;0;6.42129;0;0;-1
0;108;-51.7473;12.0426;-54.385;9.7551;3888.52;5.8656;0;0;0.1;0.01;0;7.06132;0;0;-1
0;109;-51.0317;27.8581;-57.8103;10.3779;4681.85;6.24008;0;0;0.1;0.01;0;6.92778;0;0;-1
0;110;-52.1437;44.8057;-54.0104;9.75705;3890.85;5.86677;0;0;0.1;0.01;0;6.19827;0;0;-1
0;111;-50.5762;59.731;-54.4324;10.0947;4308.92;6.0698;0;0;0.1;0.01;0;5.15121;0;0;-1
0;112;-38.6634;-66.5849;-56.3468;9.78686;3926.62;5.8847;0;0;0.1;0.01;0;4.10121;0;0;-1
0;113;-38.3713;-51.0463;-54.5693;9.22818;3291.83;5.54877;0;0;0.1;0.01;0;5.19104;0;0;-1
0;114;-36.5504;-31.2281;-56.2472;9.62245;3732.03;5.78584;0;0;0.1;0.01;0;6.18313;0;0;-1
0;115;-36.5265;-14.8562;-55.7941;10.2702;4537.59;6.17532;0;0;0.1;0.01;0;6.81643;0;0;-1
0;116;-37.7506;2.43986;-54.3715;8.98033;3033.65;5.39974;0;0;0.1;0.01;0;5.52368;0;0;-1
0;117;-36.0791;20.9934;-57.0198;10.2728;4541.04;6.17689;0;0;0.1;0.01;0;7.54056;0;0;-1
0;118;-35.2048;36.6498;-55.0671;8.75833;2814.18;5.26626;0;0;0.1;0.01;0;6.65535;0;0;-1
0;119;-36.9986;51.2769;-56.5084;10.0445;4244.96;6.03961;0;0;0.1;0.01;0;6.94519;0;0;-1
0;120;-35.9281;70.3117;-57.9301;10.4064;4720.52;6.25722;0;0;0.1;0.01;0;4.27384;0;0;-1
0;121;-23.9313;-76.0261;-57.3262;9.56038;3660.28;5.74852;0;0;0.1;0.01;0;3.14428;0;0;-1
0;122;-21.8306;-56.213;-56.4058;9.42137;3502.92;5.66493;0;0;0.1;0.01;0;6.51147;0;0;-1
0;123;-21.0907;-40.4638;-54.8484;10.0066;4197.09;6.01682;0;0;0.1;0.01;0;6.9825;0;0;-1
0;124;-23.6221;-22.5408;-56.7449;9.91108;4078.04;5.95939;0;0;0.1;0.01;0;6.87704;0;0;-1
0;125;-21.5877;-7.15332;-56.3424;8.98657;3039.98;5.40349;0;0;0.1;0.01;0;5.6292;0;0;-1
0;126;-22.4102;8.99915;-55.9823;9.44496;3529.3;5.67912;0;0;0.1;0.01;0;4.80095;0;0;-1
0;127;-21.402;25.6009;-55.5872;8.61865;2681.68;5.18227;0;0;0.1;0.01;0;5.26619;0;0;-1
0;128;-21.7836;42.3059;-56.7023;8.5;2572.44;5.11093;0;0;0.1;0.01;0;5.12224;1;0;-1
0;129;-22.1145;63.2095;-54.4626;10.3642;4663.33;6.23184;0;0;0.1;0.01;0;7.13627;0;0;-1
0;130;-22.0242;77.9763;-57.018;9.14647;3205.16;5.49964;0;0;0.1;0.01;0;3.52621;0;0;-1
0;131;-9.27869;-80.7865;-56.0114;8.5;2572.44;5.11093;0;0;0.1;0.01;0;2.4696;1;0;-1
0;132;-5.76744;-65.6688;-55.7513;9.0412;3095.76;5.43634;0;0;0.1;0.01;0;4.7457;0;0;-1
0;133;-6.23279;-47.1143;-55.1227;9.62786;3738.33;5.78909;0;0;0.1;0.01;0;5.88202;0;0;-1
0;134;-8.77149;-29.9208;-54.6154;9.80216;3945.06;5.8939;0;0;0.1;0.01;0;5.57515;0;0;-1
0;135;-8.94413;-14.1417;-55.4272;8.61231;2675.76;5.17846;0;0;0.1;0.01;0;5.84008;0;0;-1
0;136;-7.06916;0.36848;-56.718;8.5;2572.44;5.11093;0;0;0.1;0.01;0;5.33757;1;0;-1
0;137;-5.92275;20.993;-55.1523;10.3787;4682.93;6.24056;0;0;0.1;0.01;0;6.33351;0;0;-1
0;138;-8.23679;36.9549;-55.4945;10.3709;4672.38;6.23587;0;0;0.1;0.01;0;6.41133;0;0;-1
0;139;-5.82975;54.9388;-55.1089;10.4463;4775.03;6.28121;0;0;0.1;0.01;0;6.1834;0;0;-1
0;140;-8.71614;70.3241;-55.1293;8.9171;2970.02;5.36172;0;0;0.1;0.01;0;3.30361;0;0;-1
0;141;8.98471;-74.3249;-56.908;8.95921;3012.3;5.38704;0;0;0.1;0.01;0;3.4673;0;0;-1
0;142;6.86186;-58.0818;-56.2142;9.9375;4110.74;5.97527;0;0;0.1;0.01;0;6.12553;0;0;-1
0;143;7.34304;-41.7016;-54.9323;8.5;2572.44;5.11093;0;0;0.1;0.01;0;4.38113;1;0;-1
0;144;9.40212;-22.7184;-56.6017;9.348;3421.72;5.62082;0;0;0.1;0.01;0;6.49581;0;0;-1
0;145;6.03272;-8.01801;-56.8597;9.37777;3454.52;5.63872;0;0;0.1;0.01;0;6.4729;0;0;-1
0;146;5.61017;9.71972;-55.2415;8.95394;3006.98;5.38387;0;0;0.1;0.01;0;4.28023;0;0;-1
0;147;8.44546;27.7514;-53.9545;10.1128;4332.14;6.08068;0;0;0.1;0.01;0;6.67618;0;0;-1
0;148;8.53675;44.9746;-55.975;10.2821;4553.38;6.18248;0;0;0.1;0.01;0;7.63908;0;0;-1
0;149;8.8451;59.8433;-57.7161;8.76315;2818.83;5.26915;0;0;0.1;0.01;0;5.80989;0;0;-1
0;150;8.57152;79.841;-54.3406;9.33081;3402.88;5.61048;0;0;0.1;0.01;0;2.80734;0;0;-1
0;151;22.2775;-64.2613;-56.656;9.79249;3933.4;5.88808;0;0;0.1;0.01;0;4.96709;0;0;-1
0;152;24.1778;-49.9846;-53.7216;8.97699;3030.27;5.39773;0;0;0.1;0.01;0;5.39953;0;0;-1
0;153;20.2927;-32.6149;-55.2887;9.10775;3164.62;5.47636;0;0;0.1;0.01;0;5.15473;0;0;-1
0;154;20.524;-12.712;-57.367;9.31056;3380.77;5.5983;0;0;0.1;0.01;0;6.00988;0;0;-1
0;155;23.63;1.42162;-56.4389;9.29185;3360.43;5.58705;0;0;0.1;0.01;0;5.68039;0;0;-1
0;156;23.7515;20.6567;-55.7387;10.1452;4373.92;6.10016;0;0;0.1;0.01;0;6.42535;0;0;-1
0;157;22.6862;38.2421;-56.2073;10.0929;4306.62;6.06871;0;0;0.1;0.01;0;7.04024;0;0;-1
0;158;22.929;54.3761;-53.9791;10.4336;4757.64;6.27357;0;0;0.1;0.01;0;7.0991;0;0;-1
0;159;22.0577;70.5634;-57.6901;9.08793;3144.01;5.46444;0;0;0.1;0.01;0;2.47156;0;0;-1
0;160;38.5699;-56.0263;-56.4224;9.06067;3115.8;5.44805;0;0;0.1;0.01;0;4.55361;0;0;-1
0;161;34.9327;-38.3589;-54.7205;8.60039;2664.67;5.17129;0;0;0.1;0.01;0;5.32521;0;0;-1
0;162;38.5233;-25.1003;-56.4559;9.04343;3098.05;5.43768;0;0;0.1;0.01;0;5.60468;0;0;-1
0;163;37.2044;-5.69256;-54.8368;8.57831;2644.2;5.15801;0;0;0.1;0.01;0;5.96652;0;0;-1
0;164;38.4598;8.33432;-55.4075;9.23354;3297.56;5.55199;0;0;0.1;0.01;0;6.96389;0;0;-1
0;165;38.8682;25.4331;-54.6063;9.85015;4003.29;5.92275;0;0;0.1;0.01;0;6.327;0;0;-1
0;166;36.782;46.1492;-56.6482;9.17439;3234.6;5.51643;0;0;0.1;0.01;0;5.85582;0;0;-1
0;167;36.3643;60.7313;-54.1175;8.5;2572.44;5.11093;0;0;0.1;0.01;0;4.54004;1;0;-1
0;168;52.8868;-50.9615;-56.0594;8.97539;3028.65;5.39677;0;0;0.1;0.01;0;3.287;0;0;-1
0;169;52.0671;-31.0908;-54.1356;9.95776;4135.93;5.98746;0;0;0.1;0.01;0;5.73212;0;0;-1
0;170;52.9104;-15.0627;-54.3808;8.5;2572.44;5.11093;0;0;0.1;0.01;0;5.22935;1;0;-1
0;171;52.2493;0.040221;-54.3859;9.99184;4178.54;6.00795;0;0;0.1;0.01;0;7.51572;0;0;-1
0;172;51.1917;18.0863;-56.0391;9.0008;3054.44;5.41205;0;0;0.1;0.01;0;6.79183;0;0;-1
0;173;52.9389;34.0763;-55.766;9.24176;3306.38;5.55694;0;0;0.1;0.01;0;5.31166;0;0;-1
0;174;52.6963;55.2566;-56.5065;10.1122;4331.37;6.08032;0;0;0.1;0.01;0;4.26845;0;0;-1
0;175;64.6147;-40.8718;-56.6705;9.03274;3087.07;5.43126;0;0;0.1;0.01;0;2.99598;0;0;-1
0;176;67.2847;-25.0866;-56.1094;9.38578;3463.38;5.64353;0;0;0.1;0.01;0;4.42081;0;0;-1
0;177;67.7681;-4.49838;-55.1331;8.5;2572.44;5.11093;0;0;0.1;0.01;0;5.13973;1;0;-1
0;178;65.8309;11.9978;-53.8083;9.54477;3642.38;5.73913;0;0;0.1;0.01;0;5.87374;0;0;-1
0;179;66.0084;26.645;-55.2775;8.5;2572.44;5.11093;0;0;0.1;0.01;0;3.89003;1;0;-1
0;180;64.7708;46.0648;-54.3228;9.81335;3958.59;5.90062;0;0;0.1;0.01;0;3.39605;0;0;-1
0;181;79.7167;-16.849;-56.7559;10.1836;4423.77;6.12325;0;0;0.1;0.01;0;2.82722;0;0;-1
0;182;82.2228;1.12196;-54.471;8.92226;2975.18;5.36483;0;0;0.1;0.01;0;2.82619;0;0;-1
0;183;-87.5141;-21.6612;-40.6272;9.37018;3446.14;5.63415;0;0;0.1;0.01;0;3.14537;0;0;-1
0;184;-84.1189;-8.17193;-40.1215;10.0307;4227.49;6.03131;0;0;0.1;0.01;0;5.21947;0;0;-1
0;185;-86.3097;12.352;-39.6295;9.63572;3747.5;5.79382;0;0;0.1;0.01;0;4.44031;0;0;-1
0;186;-86.6568;29.3355;-39.2309;9.84885;4001.71;5.92197;0;0;0.1;0.01;0;3.00524;0;0;-1
0;187;-70.1822;-48.0392;-39.643;8.5;2572.44;5.11093;0;0;0.1;0.01;0;4.05755;1;0;-1
0;188;-72.1205;-33.9471;-41.5628;10.2288;4482.94;6.15043;0;0;0.1;0.01;0;5.02713;0;0;-1
0;189;-71.5916;-14.5695;-41.6328;8.5;2572.44;5.11093;0;0;0.1;0.01;0;5.38643;1;0;-1
0;190;-72.6781;3.61561;-40.9259;10.2704;4537.86;6.17544;0;0;0.1;0.01;0;7.3853;0;0;-1
0;191;-70.5109;19.0717;-42.0654;9.73679;3866.66;5.85459;0;0;0.1;0.01;0;6.24159;0;0;-1
0;192;-69.9864;37.0802;-42.9152;9.92192;4091.44;5.96591;0;0;0.1;0.01;0;5.68421;0;0;-1
0;193;-72.6589;51.3923;-41.1011;9.59208;3696.81;5.76758;0;0;0.1;0.01;0;3.09334;0;0;-1
0;194;-56.9529;-59.2042;-39.9323;10.3288;4615.71;6.21056;0;0;0.1;0.01;0;5.24941;0;0;-1
0;195;-56.722;-39.4607;-41.8722;9.50868;3601.22;5.71743;0;0;0.1;0.01;0;6.64095;0;0;-1
0;196;-54.1658;-24.6392;-40.9073;9.31218;3382.54;5.59928;0;0;0.1;0.01;0;5.42185;0;0;-1
0;197;-57.464;-7.32998;-42.0192;10.0834;4294.47;6.063;0;0;0.1;0.01;0;6.99027;0;0;-1
0;198;-55.0626;9.53682;-39.8529;10.2811;4552.05;6.18188;0;0;0.1;0.01;0;6.71494;0;0;-1
0;199;-55.5426;25.8734;-41.5476;9.89022;4052.35;5.94685;0;0;0.1;0.01;0;6.11469;0;0;-1
0;200;-56.9712;42.6522;-40.1058;9.6706;3788.34;5.81479;0;0;0.1;0.01;0;6.52728;0;0;-1
0;201;-54.2536;60.4468;-39.5919;9.62047;3729.73;5.78465;0;0;0.1;0.01;0;5.24243;0;0;-1
0;202;-40.5206;-80.6296;-40.9844;8.5;2572.44;5.11093;0;0;0.1;0.01;0;2.97025;1;0;-1
0;203;-41.6795;-65.9021;-39.2305;9.46189;3548.32;5.6893;0;0;0.1;0.01;0;6.38208;0;0;-1
0;204;-43.0503;-47.5233;-41.7188;8.5;2572.44;5.11093;0;0;0.1;0.01;0;4.9009;1;0;-1
0;205;-42.573;-31.6888;-42.2061;8.64528;2706.61;5.19828;0;0;0.1;0.01;0;5.09455;0;0;-1
0;206;-40.25;-13.4522;-40.6513;9.60474;3711.47;5.77519;0;0;0.1;0.01;0;6.10425;0;0;-1
0;207;-42.0092;1.95449;-39.9921;9.25091;3316.21;5.56244;0;0;0.1;0.01;0;6.47584;0;0;-1
0;208;-41.7861;19.6584;-42.4202;8.59492;2659.59;5.168;0;0;0.1;0.01;0;5.91455;0;0;-1
0;209;-41.4519;34.4578;-41.4074;8.78789;2842.77;5.28403;0;0;0.1;0.01;0;5.64233;0;0;-1
0;210;-40.2703;53.6151;-41.2202;9.53739;3633.94;5.73469;0;0;0.1;0.01;0;7.0733;0;0;-1
0;211;-40.8058;68.4787;-42.1403;10.3601;4657.8;6.22938;0;0;0.1;0.01;0;6.08123;0;0;-1
0;212;-27.661;-72.9662;-42.8795;9.39388;3472.35;5.6484;0;0;0.1;0.01;0;6.10709;0;0;-1
0;213;-28.1432;-57.7314;-40.4605;10.4418;4768.86;6.2785;0;0;0.1;0.01;0;7.09432;0;0;-1
0;214;-25.2974;-38.5025;-42.3693;9.23225;3296.18;5.55122;0;0;0.1;0.01;0;5.32726;0;0;-1
0;215;-25.012;-22.3773;-39.8168;9.9908;4177.24;6.00732;0;0;0.1;0.01;0;6.38964;0;0;-1
0;216;-24.7462;-5.17974;-40.6458;8.87426;2927.42;5.33596;0;0;0.1;0.01;0;5.61543;0;0;-1
0;217;-25.4489;9.75851;-41.0435;8.5;2572.44;5.11093;0;0;0.1;0.01;0;4.04257;1;0;-1
0;218;-28.1727;27.0179;-42.0145;9.3773;3454;5.63843;0;0;0.1;0.01;0;5.49001;0;0;-1
0;219;-27.2193;44.1211;-42.1006;9.59228;3697.04;5.7677;0;0;0.1;0.01;0;6.10527;0;0;-1
0;220;-27.5577;60.5341;-40.7607;9.41372;3494.4;5.66033;0;0;0.1;0.01;0;7.06709;0;0;-1
0;221;-25.0107;77.1744;-42.0796;9.57316;3674.98;5.7562;0;0;0.1;0.01;0;5.24568;0;0;-1
0;222;-12.9874;-83.1426;-42.1722;8.61093;2674.48;5.17763;0;0;0.1;0.01;0;4.03642;0;0;-1
0;223;-12.9522;-67.6064;-39.7424;10.0617;4266.8;6.04995;0;0;0.1;0.01;0;6.69552;0;0;-1
0;224;-12.3937;-49.3792;-41.8366;9.18212;3242.78;5.52108;0;0;0.1;0.01;0;5.31957;0;0;-1
0;225;-9.78655;-33.3273;-39.8342;9.50911;3601.71;5.71769;0;0;0.1;0.01;0;6.1169;0;0;-1
0;226;-13.0725;-15.5085;-40.7621;8.69144;2750.2;5.22604;0;0;0.1;0.01;0;6.37293;0;0;-1
0;227;-11.0665;0.25792;-41.4495;8.66025;2720.7;5.20728;0;0;0.1;0.01;0;5.45323;0;0;-1
0;228;-12.5357;20.0319;-39.3408;9.95302;4130.03;5.98461;0;0;0.1;0.01;0;6.16053;0;0;-1
0;229;-9.96044;34.3098;-39.7711;8.5;2572.44;5.11093;0;0;0.1;0.01;0;6.08744;1;0;-1
0;230;-11.5623;52.9625;-39.3546;10.1789;4417.65;6.12042;0;0;0.1;0.01;0;6.47108;0;0;-1
0;231;-11.101;70.757;-40.04;9.43087;3513.53;5.67065;0;0;0.1;0.01;0;5.57686;0;0;-1
0;232;-9.78985;87.1012;-39.96;8.5;2572.44;5.11093;0;0;0.1;0.01;0;2.38922;1;0;-1
0;233;2.82046;-89.5442;-42.0558;9.11671;3173.97;5.48175;0;0;0.1;0.01;0;2.88189;0;0;-1
0;234;4.68043;-74.9309;-41.1598;8.55271;2620.59;5.14262;0;0;0.1;0.01;0;5.17767;0;0;-1
0;235;2.01069;-59.7581;-39.3799;9.47364;3561.55;5.69636;0;0;0.1;0.01;0;5.41874;0;0;-1
0;236;3.62726;-40.7642;-39.8002;8.5;2572.44;5.11093;0;0;0.1;0.01;0;4.84983;1;0;-1
0;237;4.67332;-25.28;-39.5146;9.5216;3615.92;5.7252;0;0;0.1;0.01;0;6.13906;0;0;-1
0;238;1.2344;-8.07935;-42.4293;10.2613;4525.8;6.16997;0;0;0.1;0.01;0;6.26762;0;0;-1
0;239;3.22054;10.4462;-41.012;8.61838;2681.42;5.18211;0;0;0.1;0.01;0;4.36883;0;0;-1
0;240;4.07184;27.1879;-39.4768;8.90471;2957.66;5.35427;0;0;0.1;0.01;0;6.7274;0;0;-1
0;241;1.22601;43.0321;-40.2737;10.0973;4312.25;6.07136;0;0;0.1;0.01;0;7.97706;0;0;-1
0;242;1.52026;60.6191;-40.9743;8.5;2572.44;5.11093;0;0;0.1;0.01;0;5.36205;1;0;-1
0;243;3.95487;76.3805;-41.0731;9.14274;3201.24;5.4974;0;0;0.1;0.01;0;5.26434;0;0;-1
0;244;17.672;-82.3255;-42.0954;8.5;2572.44;5.11093;0;0;0.1;0.01;0;3.29413;1;0;-1
0;245;18.2133;-65.4526;-39.2891;10.2625;4527.39;6.17069;0;0;0.1;0.01;0;5.88417;0;0;-1
0;246;17.9216;-46.4587;-40.8023;8.89095;2943.97;5.346;0;0;0.1;0.01;0;5.2657;0;0;-1
0;247;17.8351;-31.7637;-41.1644;8.5;2572.44;5.11093;0;0;0.1;0.01;0;5.8376;1;0;-1
0;248;19.095;-15.4961;-41.7691;9.48375;3572.97;5.70244;0;0;0.1;0.01;0;5.92559;0;0;-1
0;249;19.7505;1.9398;-42.1577;9.10927;3166.21;5.47727;0;0;0.1;0.01;0;4.69426;0;0;-1
0;250;17.6605;17.7297;-40.5187;9.27102;3337.88;5.57453;0;0;0.1;0.01;0;5.59896;0;0;-1
0;251;19.0267;36.714;-42.8411;9.9124;4079.67;5.96018;0;0;0.1;0.01;0;7.63339;0;0;-1
0;252;16.7936;52.0125;-39.6923;10.0976;4312.64;6.07154;0;0;0.1;0.01;0;7.44096;0;0;-1
0;253;18.7611;68.4657;-41.1958;10.3155;4597.9;6.20256;0;0;0.1;0.01;0;5.9403;0;0;-1
0;254;16.4127;87.4213;-41.1278;10.0767;4285.92;6.05897;0;0;0.1;0.01;0;3.14532;0;0;-1
0;255;32.9578;-75.6306;-42.5039;8.64912;2710.22;5.20059;0;0;0.1;0.01;0;2.25087;0;0;-1
0;256;30.563;-56.492;-40.5215;9.0958;3152.18;5.46917;0;0;0.1;0.01;0;6.27903;0;0;-1
0;257;33.7183;-41.1829;-40.463;10.005;4195.08;6.01586;0;0;0.1;0.01;0;7.65308;0;0;-1
0;258;32.7744;-25.2889;-41.5713;10.1242;4346.81;6.08753;0;0;0.1;0.01;0;7.40538;0;0;-1
0;259;33.7377;-8.05149;-42.0313;8.5;2572.44;5.11093;0;0;0.1;0.01;0;4.7254;1;0;-1
0;260;33.8462;10.039;-42.2869;8.5;2572.44;5.11093;0;0;0.1;0.01;0;5.10186;1;0;-1
0;261;33.8486;29.5183;-39.8812;8.93213;2985.06;5.37076;0;0;0.1;0.01;0;6.03255;0;0;-1
0;262;32.9461;46.1522;-39.4207;10.038;4236.72;6.0357;0;0;0.1;0.01;0;7.76734;0;0;-1
0;263;33.9206;60.0833;-39.7032;9.38769;3465.49;5.64468;0;0;0.1;0.01;0;6.20709;0;0;-1
0;264;33.556;79.84;-40.4302;8.95437;3007.42;5.38413;0;0;0.1;0.01;0;2.74407;0;0;-1
0;265;47.8256;-65.2758;-41.6067;8.94443;2997.41;5.37816;0;0;0.1;0.01;0;2.46604;0;0;-1
0;266;47.1411;-47.7044;-39.947;9.52788;3623.08;5.72898;0;0;0.1;0.01;0;5.8032;0;0;-1
0;267;47.7649;-30.2375;-39.2236;10.3176;4600.71;6.20382;0;0;0.1;0.01;0;7.65974;0;0;-1
0;268;46.7899;-14.9409;-42.5827;10.067;4273.55;6.05314;0;0;0.1;0.01;0;7.77878;0;0;-1
0;269;46.0821;2.87629;-42.1824;8.5;2572.44;5.11093;0;0;0.1;0.01;0;6.19943;1;0;-1
0;270;47.7594;16.874;-43.0425;10.1627;4396.59;6.11068;0;0;0.1;0.01;0;7.43879;0;0;-1
0;271;46.8437;37.9671;-41.1028;9.52653;3621.54;5.72816;0;0;0.1;0.01;0;6.19185;0;0;-1
0;272;46.703;52.1411;-42.8757;9.67637;3795.12;5.81826;0;0;0.1;0.01;0;6.60506;0;0;-1
0;273;46.834;69.2631;-39.8956;9.92643;4097.02;5.96862;0;0;0.1;0.01;0;4.496;0;0;-1
0;274;60.375;-55.3642;-39.3236;9.8308;3979.74;5.91112;0;0;0.1;0.01;0;4.74567;0;0;-1
0;275;63.9935;-41.6878;-39.8313;8.94562;2998.61;5.37887;0;0;0.1;0.01;0;4.28118;0;0;-1
0;276;61.2095;-23.3577;-39.8361;8.55006;2618.16;5.14103;0;0;0.1;0.01;0;5.54367;0;0;-1
0;277;63.4155;-7.7946;-42.3288;9.67674;3795.56;5.81848;0;0;0.1;0.01;0;6.80388;0;0;-1
0;278;63.5992;8.2282;-39.4705;10.0114;4203.13;6.01971;0;0;0.1;0.01;0;6.5613;0;0;-1
0;279;63.0211;26.1919;-42.2751;10.0357;4233.81;6.03432;0;0;0.1;0.01;0;6.07543;0;0;-1
0;280;61.5504;42.1385;-41.1964;8.88075;2933.85;5.33987;0;0;0.1;0.01;0;5.08244;0;0;-1
0;281;62.0011;60.4265;-42.4637;9.23144;3295.32;5.55073;0;0;0.1;0.01;0;3.67567;0;0;-1
0;282;74.9447;-32.4949;-43.1733;9.0112;3065.04;5.4183;0;0;0.1;0.01;0;3.21722;0;0;-1
0;283;77.7413;-14.9975;-41.1195;8.62851;2690.89;5.1882;0;0;0.1;0.01;0;4.46547;0;0;-1
0;284;76.3296;-0.0838096;-41.4679;10.2851;4557.37;6.18428;0;0;0.1;0.01;0;6.87705;0;0;-1
0;285;78.7395;19.7252;-42.8213;8.99017;3043.63;5.40566;0;0;0.1;0.01;0;3.33163;0;0;-1
0;286;76.5324;34.3364;-41.9432;9.23964;3304.1;5.55566;0;0;0.1;0.01;0;3.54239;0;0;-1
0;287;90.5165;-4.55852;-40.5319;8.7003;2758.62;5.23136;0;0;0.1;0.01;0;2.23194;0;0;-1
0;288;-95.1364;-13.5091;-24.6989;8.77145;2826.85;5.27415;0;0;0.1;0.01;0;3.17478;0;0;-1
0;289;-95.6325;1.24789;-26.0971;9.92316;4092.97;5.96665;0;0;0.1;0.01;0;3.87658;0;0;-1
0;290;-80.869;-41.502;-24.6641;9.90428;4069.65;5.9553;0;0;0.1;0.01;0;2.88587;0;0;-1
0;291;-81.798;-23.4417;-27.3417;9.5595;3659.27;5.74799;0;0;0.1;0.01;0;3.86447;0;0;-1
0;292;-78.9081;-4.6566;-26.4841;10.0423;4242.17;6.03829;0;0;0.1;0.01;0;5.59199;0;0;-1
0;293;-82.5768;10.9704;-26.4506;10.1274;4350.93;6.08946;0;0;0.1;0.01;0;6.28649;0;0;-1
0;294;-82.4146;27.6795;-25.1485;10.0349;4232.8;6.03384;0;0;0.1;0.01;0;5.02777;0;0;-1
0;295;-80.4018;44.5626;-28.1122;9.88358;4044.19;5.94285;0;0;0.1;0.01;0;3.28393;0;0;-1
0;296;-64.0805;-67.8767;-25.9985;8.5;2572.44;5.11093;0;0;0.1;0.01;0;2.51663;1;0;-1
0;297;-64.3789;-48.9934;-26.1255;8.77835;2833.53;5.27829;0;0;0.1;0.01;0;4.35845;0;0;-1
0;298;-64.5296;-31.2653;-25.4598;9.74862;3880.77;5.8617;0;0;0.1;0.01;0;5.46832;0;0;-1
0;299;-64.4857;-12.8943;-26.9931;9.28066;3348.31;5.58033;0;0;0.1;0.01;0;5.55848;0;0;-1
0;300;-66.0773;4.44432;-26.0248;8.5;2572.44;5.11093;0;0;0.1;0.01;0;5.94004;1;0;-1
0;301;-65.4685;20.2218;-26.9342;8.59094;2655.89;5.16561;0;0;0.1;0.01;0;5.71422;0;0;-1
0;302;-64.6842;35.2184;-27.172;10.0497;4251.56;6.04274;0;0;0.1;0.01;0;6.3108;0;0;-1
0;303;-64.5491;50.918;-26.2286;9.27992;3347.51;5.57988;0;0;0.1;0.01;0;5.75032;0;0;-1
0;304;-66.6791;68.6677;-26.7157;9.4554;3541.02;5.68539;0;0;0.1;0.01;0;2.15094;0;0;-1
0;305;-49.7056;-72.5003;-27.7935;8.99661;3050.18;5.40953;0;0;0.1;0.01;0;5.22914;0;0;-1
0;306;-49.6154;-58.1749;-26.2876;9.25063;3315.91;5.56227;0;0;0.1;0.01;0;6.29323;0;0;-1
0;307;-51.5414;-39.7132;-26.3446;9.3425;3415.69;5.61751;0;0;0.1;0.01;0;6.00716;0;0;-1
0;308;-52.4124;-23.1151;-27.5517;9.77632;3913.95;5.87836;0;0;0.1;0.01;0;6.55532;0;0;-1
0;309;-50.4828;-7.03277;-27.8129;9.73264;3861.72;5.8521;0;0;0.1;0.01;0;6.60978;0;0;-1
0;310;-53.0195;8.653;-26.3253;8.9409;2993.87;5.37603;0;0;0.1;0.01;0;5.48721;0;0;-1
0;311;-51.1159;26.7843;-24.4689;9.14375;3202.3;5.498;0;0;0.1;0.01;0;5.57835;0;0;-1
0;312;-49.9877;45.513;-24.8749;9.78011;3918.5;5.88064;0;0;0.1;0.01;0;7.33698;0;0;-1
0;313;-50.67;62.4927;-25.5761;8.75947;2815.28;5.26694;0;0;0.1;0.01;0;6.0847;0;0;-1
0;314;-51.7957;78.48;-28.2584;8.72318;2780.44;5.24512;0;0;0.1;0.01;0;2.65275;0;0;-1
0;315;-36.4325;-82.1739;-26.519;10.3133;4594.96;6.20124;0;0;0.1;0.01;0;6.19592;0;0;-1
0;316;-34.9828;-67.3088;-26.805;8.88636;2939.41;5.34324;0;0;0.1;0.01;0;6.99001;0;0;-1
0;317;-38.3687;-47.1092;-27.1457;10.1598;4392.83;6.10894;0;0;0.1;0.01;0;5.71158;0;0;-1
0;318;-36.0607;-30.0818;-26.0717;9.32899;3400.89;5.60939;0;0;0.1;0.01;0;6.11497;0;0;-1
0;319;-34.6363;-13.7584;-26.8019;8.77558;2830.85;5.27663;0;0;0.1;0.01;0;5.0149;0;0;-1
0;320;-36.5838;4.31582;-27.4501;8.5;2572.44;5.11093;0;0;0.1;0.01;0;4.19345;1;0;-1
0;321;-38.3583;18.5486;-27.4826;9.50184;3593.45;5.71332;0;0;0.1;0.01;0;5.45517;0;0;-1
0;322;-38.2412;34.5858;-25.1737;8.5;2572.44;5.11093;0;0;0.1;0.01;0;5.50259;1;0;-1
0;323;-37.6497;52.2779;-27.8689;9.223;3286.29;5.54566;0;0;0.1;0.01;0;6.07373;0;0;-1
0;324;-38.2116;67.7228;-25.762;8.5;2572.44;5.11093;0;0;0.1;0.01;0;4.48652;1;0;-1
0;325;-35.538;85.8466;-24.9521;10.2803;4550.99;6.1814;0;0;0.1;0.01;0;3.74623;0;0;-1
0;326;-21.786;-90.7776;-25.2852;10.3383;4628.45;6.21627;0;0;0.1;0.01;0;3.98667;0;0;-1
0;327;-20.5822;-73.0889;-27.0229;10.1729;4409.84;6.11682;0;0;0.1;0.01;0;8.27656;0;0;-1
0;328;-20.3461;-59.1604;-26.3097;9.74517;3876.65;5.85963;0;0;0.1;0.01;0;7.26688;0;0;-1
0;329;-22.0172;-40.5903;-26.657;8.61701;2680.15;5.18128;0;0;0.1;0.01;0;4.9879;0;0;-1
0;330;-21.3608;-21.1056;-24.9738;10.094;4308.03;6.06938;0;0;0.1;0.01;0;6.84172;0;0;-1
0;331;-19.719;-5.48562;-28.0834;8.5;2572.44;5.11093;0;0;0.1;0.01;0;4.64991;1;0;-1
0;332;-21.3094;11.8057;-25.7705;8.5;2572.44;5.11093;0;0;0.1;0.01;0;4.00178;1;0;-1
0;333;-22.7761;28.7607;-27.7804;8.64731;2708.52;5.1995;0;0;0.1;0.01;0;5.10151;0;0;-1
0;334;-21.272;44.7698;-27.8791;9.74786;3879.86;5.86125;0;0;0.1;0.01;0;5.84143;0;0;-1
0;335;-21.6903;62.171;-26.6147;9.66986;3787.47;5.81435;0;0;0.1;0.01;0;6.33924;0;0;-1
0;336;-22.8425;78.758;-27.9155;9.43208;3514.88;5.67137;0;0;0.1;0.01;0;5.63003;0;0;-1
0;337;-5.94236;-81.2675;-28.6508;9.37792;3454.68;5.63881;0;0;0.1;0.01;0;6.09342;0;0;-1
0;338;-7.90788;-66.6041;-26.3304;9.47884;3567.42;5.69949;0;0;0.1;0.01;0;6.68971;0;0;-1
0;339;-8.56475;-48.5886;-24.383;9.13807;3196.33;5.49459;0;0;0.1;0.01;0;5.1868;0;0;-1
0;340;-8.20353;-29.6908;-25.5414;8.77274;2828.1;5.27492;0;0;0.1;0.01;0;5.56706;0;0;-1
0;341;-6.01067;-13.3255;-27.8163;9.41095;3491.31;5.65867;0;0;0.1;0.01;0;6.5973;0;0;-1
0;342;-5.49399;1.92869;-27.6483;8.53399;2603.42;5.13136;0;0;0.1;0.01;0;5.70853;0;0;-1
0;343;-6.60775;21.1272;-25.6281;9.60397;3710.57;5.77473;0;0;0.1;0.01;0;6.69918;0;0;-1
0;344;-7.09526;35.4102;-27.1016;9.34522;3418.67;5.61915;0;0;0.1;0.01;0;7.48447;0;0;-1
0;345;-7.93111;51.514;-26.0246;8.65073;2711.73;5.20156;0;0;0.1;0.01;0;5.61137;0;0;-1
0;346;-9.3447;72.1654;-24.4902;8.6207;2683.59;5.1835;0;0;0.1;0.01;0;5.03743;0;0;-1
0;347;-9.10133;88.2429;-25.6698;8.64271;2704.2;5.19674;0;0;0.1;0.01;0;3.97092;0;0;-1
0;348;9.346;-90.4744;-25.4144;10.3115;4592.55;6.20016;0;0;0.1;0.01;0;4.2773;0;0;-1
0;349;6.59617;-75.7946;-25.3183;9.7822;3921.01;5.88189;0;0;0.1;0.01;0;6.67391;0;0;-1
0;350;9.44323;-58.6619;-25.7719;9.33001;3402;5.61;0;0;0.1;0.01;0;5.80836;0;0;-1
0;351;5.72712;-40.0329;-25.3933;9.62018;3729.39;5.78447;0;0;0.1;0.01;0;6.09756;0;0;-1
0;352;8.26398;-25.5178;-26.5955;8.72878;2785.8;5.24849;0;0;0.1;0.01;0;5.86004;0;0;-1
0;353;9.02407;-8.76581;-27.6985;10.2426;4501.11;6.15873;0;0;0.1;0.01;0;6.79831;0;0;-1
0;354;5.51759;9.93498;-25.5128;9.14542;3204.05;5.49901;0;0;0.1;0.01;0;4.58391;0;0;-1
0;355;9.43706;29.3313;-27.664;10.081;4291.4;6.06156;0;0;0.1;0.01;0;6.86135;0;0;-1
0;356;6.25113;44.0485;-25.2388;10.3766;4680.09;6.2393;0;0;0.1;0.01;0;7.20082;0;0;-1
0;357;6.86828;63.4106;-24.619;10.1832;4423.25;6.12301;0;0;0.1;0.01;0;6.80673;0;0;-1
0;358;5.89506;78.2871;-28.0027;9.05381;3108.73;5.44392;0;0;0.1;0.01;0;5.55753;0;0;-1
0;359;8.24482;95.6186;-26.8426;10.0208;4214.98;6.02536;0;0;0.1;0.01;0;2.99716;0;0;-1
0;360;22.5767;-82.3667;-25.216;9.14669;3205.39;5.49977;0;0;0.1;0.01;0;4.65826;0;0;-1
0;361;23.7007;-65.8968;-25.4777;9.51617;3609.73;5.72193;0;0;0.1;0.01;0;5.439;0;0;-1
0;362;23.274;-47.292;-27.433;10.114;4333.69;6.0814;0;0;0.1;0.01;0;6.2594;0;0;-1
0;363;22.7892;-31.7591;-26.0486;9.7203;3847.05;5.84468;0;0;0.1;0.01;0;6.89722;0;0;-1
0;364;22.1289;-16.0906;-25.5838;10.0142;4206.66;6.02139;0;0;0.1;0.01;0;6.73035;0;0;-1
0;365;22.3165;1.01244;-26.8029;9.03568;3090.09;5.43302;0;0;0.1;0.01;0;5.17276;0;0;-1
0;366;23.3885;18.1875;-28.014;9.62583;3735.97;5.78787;0;0;0.1;0.01;0;6.25458;0;0;-1
0;367;23.2473;34.935;-27.5239;9.48752;3577.23;5.70471;0;0;0.1;0.01;0;7.41857;0;0;-1
0;368;20.5942;51.1104;-24.5172;9.78732;3927.17;5.88497;0;0;0.1;0.01;0;6.26143;0;0;-1
0;369;20.2894;69.1533;-26.9533;9.41126;3491.66;5.65885;0;0;0.1;0.01;0;5.36206;0;0;-1
0;370;23.3576;84.5753;-24.8033;9.48309;3572.22;5.70204;0;0;0.1;0.01;0;4.89975;0;0;-1
0;371;38.0652;-75.9924;-27.1007;9.08221;3138.07;5.461;0;0;0.1;0.01;0;3.94147;0;0;-1
0;372;35.2278;-56.9176;-27.0381;8.68961;2748.46;5.22494;0;0;0.1;0.01;0;5.60774;0;0;-1
0;373;37.5307;-39.944;-26.8214;9.92192;4091.44;5.96591;0;0;0.1;0.01;0;7.96752;0;0;-1
0;374;37.6933;-23.1685;-27.6907;9.98008;4163.81;6.00088;0;0;0.1;0.01;0;7.59033;0;0;-1
0;375;37.456;-7.20627;-24.8424;9.68117;3800.77;5.82115;0;0;0.1;0.01;0;6.56937;0;0;-1
0;376;35.1237;8.91652;-26.7879;8.8148;2868.97;5.30021;0;0;0.1;0.01;0;5.30712;0;0;-1
0;377;37.2281;25.389;-24.7118;9.96675;4147.15;5.99286;0;0;0.1;0.01;0;6.8786;0;0;-1
0;378;37.0135;42.1393;-27.0974;9.84583;3998.03;5.92015;0;0;0.1;0.01;0;6.5782;0;0;-1
0;379;38.4521;63.6796;-24.9007;8.5;2572.44;5.11093;0;0;0.1;0.01;0;4.58628;1;0;-1
0;380;36.7475;78.8099;-24.8786;8.5;2572.44;5.11093;0;0;0.1;0.01;0;4.35197;1;0;-1
0;381;50.4384;-66.6516;-24.7841;10.2137;4463.11;6.14135;0;0;0.1;0.01;0;5.56963;0;0;-1
0;382;49.9647;-50.7709;-25.2891;10.1728;4409.71;6.11676;0;0;0.1;0.01;0;6.85204;0;0;-1
0;383;50.0725;-33.4159;-25.0304;8.55599;2623.61;5.14459;0;0;0.1;0.01;0;5.20307;0;0;-1
0;384;52.7131;-15.5608;-26.8568;9.21838;3281.35;5.54288;0;0;0.1;0.01;0;6.25837;0;0;-1
0;385;51.8233;1.73523;-28.3359;10.0155;4208.3;6.02217;0;0;0.1;0.01;0;7.16833;0;0;-1
0;386;50.1081;17.7989;-28.5149;9.04577;3100.45;5.43909;0;0;0.1;0.01;0;6.1663;0;0;-1
0;387;50.3091;34.8895;-25.0718;9.38364;3461.01;5.64225;0;0;0.1;0.01;0;5.57696;0;0;-1
0;388;52.9788;54.7671;-24.696;8.65695;2717.59;5.2053;0;0;0.1;0.01;0;4.39643;0;0;-1
0;389;52.203;72.624;-26.9397;9.78828;3928.33;5.88555;0;0;0.1;0.01;0;4.37848;0;0;-1
0;390;66.3618;-59.2053;-27.6326;8.99162;3045.11;5.40653;0;0;0.1;0.01;0;4.13118;0;0;-1
0;391;66.6353;-42.2252;-25.0387;8.84857;2902.07;5.32052;0;0;0.1;0.01;0;5.483;0;0;-1
0;392;67.4821;-23.2435;-24.8682;10.3678;4668.19;6.23401;0;0;0.1;0.01;0;6.5367;0;0;-1
0;393;65.5561;-5.60035;-26.9281;8.9529;3005.94;5.38325;0;0;0.1;0.01;0;6.84009;0;0;-1
0;394;66.582;9.45487;-25.0995;9.2484;3313.51;5.56093;0;0;0.1;0.01;0;5.82266;0;0;-1
0;395;64.8742;25.4082;-25.6019;9.8348;3984.6;5.91352;0;0;0.1;0.01;0;4.80997;0;0;-1
0;396;66.3793;46.5076;-25.9022;10.0347;4232.55;6.03372;0;0;0.1;0.01;0;5.81695;0;0;-1
0;397;65.0721;62.277;-27.5171;10.0508;4252.95;6.0434;0;0;0.1;0.01;0;4.96956;0;0;-1
0;398;79.4161;-51.2635;-25.8173;10.1042;4321.1;6.07551;0;0;0.1;0.01;0;2.17876;0;0;-1
0;399;81.8815;-34.2023;-24.8269;10.2512;4512.45;6.1639;0;0;0.1;0.01;0;3.41508;0;0;-1
0;400;80.7492;-16.8117;-25.3489;8.88357;2936.64;5.34156;0;0;0.1;0.01;0;4.46915;0;0;-1
0;401;79.7963;-0.230239;-26.2408;9.30496;3374.68;5.59494;0;0;0.1;0.01;0;4.87236;0;0;-1
0;402;83.217;17.7953;-25.2693;9.79833;3940.44;5.89159;0;0;0.1;0.01;0;4.14636;0;0;-1
0;403;79.0973;33.7631;-27.9967;8.5;2572.44;5.11093;0;0;0.1;0.01;0;3.36549;1;0;-1
0;404;79.3721;54.6247;-26.5422;10.3516;4646.34;6.22427;0;0;0.1;0.01;0;2.70833;0;0;-1
0;405;-98.4427;0.961826;-11.8096;10.2755;4544.62;6.17851;0;0;0.1;0.01;0;3.7045;0;0;-1
0;406;-84.2831;-42.0856;-11.2482;9.08598;3141.98;5.46327;0;0;0.1;0.01;0;3.46739;0;0;-1
0;407;-84.3738;-23.5377;-10.304;10.4098;4725.15;6.25926;0;0;0.1;0.01;0;5.70501;0;0;-1
0;408;-85.219;-7.13511;-12.4885;8.91246;2965.39;5.35893;0;0;0.1;0.01;0;5.26841;0;0;-1
0;409;-83.3453;11.6449;-11.9347;10.149;4378.83;6.10245;0;0;0.1;0.01;0;5.9221;0;0;-1
0;410;-84.811;29.139;-12.4341;8.5;2572.44;5.11093;0;0;0.1;0.01;0;4.12948;1;0;-1
0;411;-84.0318;42.4986;-11.3127;9.39125;3469.44;5.64682;0;0;0.1;0.01;0;4.12573;0;0;-1
0;412;-70.8118;-68.4356;-10.0634;8.78734;2842.24;5.2837;0;0;0.1;0.01;0;2.13595;0;0;-1
0;413;-69.2283;-49.2633;-11.9938;9.51949;3613.51;5.72393;0;0;0.1;0.01;0;4.76895;0;0;-1
0;414;-69.8911;-32.5566;-10.1356;9.37135;3447.43;5.63486;0;0;0.1;0.01;0;6.79703;0;0;-1
0;415;-72.1617;-15.7402;-11.6957;9.40543;3485.17;5.65535;0;0;0.1;0.01;0;6.58612;0;0;-1
0;416;-70.7985;3.17049;-10.3158;8.76929;2824.76;5.27285;0;0;0.1;0.01;0;6.07148;0;0;-1
0;417;-68.3547;17.375;-12.9591;8.58719;2652.42;5.16335;0;0;0.1;0.01;0;4.93406;0;0;-1
0;418;-69.4924;36.4693;-11.9841;9.59908;3704.91;5.77179;0;0;0.1;0.01;0;6.34036;0;0;-1
0;419;-71.9171;53.7835;-13.0236;8.9755;3028.76;5.39684;0;0;0.1;0.01;0;4.41736;0;0;-1
0;420;-54.2867;-75.1318;-9.72395;8.85847;2911.82;5.32647;0;0;0.1;0.01;0;3.81395;0;0;-1
0;421;-56.6174;-58.2357;-12.3464;9.39962;3478.72;5.65186;0;0;0.1;0.01;0;5.38577;0;0;-1
0;422;-57.3291;-39.2058;-10.3169;8.57706;2643.04;5.15726;0;0;0.1;0.01;0;5.56655;0;0;-1
0;423;-57.3096;-23.9563;-11.8654;8.5;2572.44;5.11093;0;0;0.1;0.01;0;5.49205;1;0;-1
0;424;-55.233;-7.21743;-11.8107;9.00601;3059.75;5.41518;0;0;0.1;0.01;0;5.49925;0;0;-1
0;425;-54.3062;8.6007;-12.5456;10.0595;4264.01;6.04863;0;0;0.1;0.01;0;5.98814;0;0;-1
0;426;-57.3431;29.7689;-12.818;8.5;2572.44;5.11093;0;0;0.1;0.01;0;5.63884;1;0;-1
0;427;-55.1134;44.7209;-11.8304;9.28257;3350.37;5.58147;0;0;0.1;0.01;0;6.85641;0;0;-1
0;428;-57.9522;60.0317;-10.6851;9.74725;3879.14;5.86088;0;0;0.1;0.01;0;5.44979;0;0;-1
0;429;-42.7891;-83.6426;-13.2582;10.0889;4301.5;6.06631;0;0;0.1;0.01;0;4.25762;0;0;-1
0;430;-39.3539;-64.6263;-11.5717;9.79525;3936.73;5.88974;0;0;0.1;0.01;0;5.60908;0;0;-1
0;431;-41.05;-49.3583;-10.6917;8.52157;2592.07;5.1239;0;0;0.1;0.01;0;5.07766;0;0;-1
0;432;-41.2242;-32.6031;-12.3629;9.80366;3946.87;5.8948;0;0;0.1;0.01;0;6.13944;0;0;-1
0;433;-42.079;-14.3456;-13.5218;10.014;4206.41;6.02127;0;0;0.1;0.01;0;6.08386;0;0;-1
0;434;-40.924;3.07278;-10.7843;9.48602;3575.53;5.70381;0;0;0.1;0.01;0;5.76939;0;0;-1
0;435;-39.4015;20.0875;-11.2096;10.0097;4200.99;6.01869;0;0;0.1;0.01;0;6.27737;0;0;-1
0;436;-42.1273;36.9071;-13.1709;9.33057;3402.62;5.61034;0;0;0.1;0.01;0;7.19887;0;0;-1
0;437;-42.6539;52.2142;-12.6255;8.5;2572.44;5.11093;0;0;0.1;0.01;0;5.05153;1;0;-1
0;438;-43.0017;70.6857;-12.5552;8.74544;2801.78;5.25851;0;0;0.1;0.01;0;4.72251;0;0;-1
0;439;-43.2516;85.1289;-13.3363;8.5;2572.44;5.11093;0;0;0.1;0.01;0;3.42559;1;0;-1
0;440;-27.9011;-93.182;-13.0837;9.62079;3730.1;5.78484;0;0;0.1;0.01;0;4.31812;0;0;-1
0;441;-28.1454;-76.8727;-13.0044;10.1441;4372.49;6.0995;0;0;0.1;0.01;0;7.05532;0;0;-1
0;442;-24.6955;-56.5724;-12.2842;10.3899;4698.1;6.2473;0;0;0.1;0.01;0;7.30644;0;0;-1
0;443;-27.3674;-41.7509;-10.1902;10.4383;4764.07;6.2764;0;0;0.1;0.01;0;7.63193;0;0;-1
0;444;-26.6309;-22.2854;-11.865;10.2193;4470.46;6.14472;0;0;0.1;0.01;0;6.6486;0;0;-1
0;445;-24.9533;-7.30722;-10.3145;8.54228;2611.02;5.13635;0;0;0.1;0.01;0;4.69632;0;0;-1
0;446;-25.1394;9.14631;-10.2566;9.43114;3513.83;5.67081;0;0;0.1;0.01;0;5.17417;0;0;-1
0;447;-27.4325;28.4643;-10.5842;10.2555;4518.13;6.16648;0;0;0.1;0.01;0;6.15187;0;0;-1
0;448;-28.3069;42.9603;-10.7764;9.06343;3118.65;5.44971;0;0;0.1;0.01;0;5.62687;0;0;-1
0;449;-24.4438;59.0684;-12.8506;8.80537;2859.77;5.29454;0;0;0.1;0.01;0;4.53445;0;0;-1
0;450;-24.7753;77.7019;-12.2465;9.85517;4009.41;5.92577;0;0;0.1;0.01;0;6.45194;0;0;-1
0;451;-24.8568;94.6711;-14.0117;10.1999;4445.05;6.13305;0;0;0.1;0.01;0;3.54494;0;0;-1
0;452;-13.5464;-83.3053;-11.0842;8.5;2572.44;5.11093;0;0;0.1;0.01;0;4.45503;1;0;-1
0;453;-12.7723;-65.4526;-13.2527;8.5;2572.44;5.11093;0;0;0.1;0.01;0;5.52603;1;0;-1
0;454;-12.6967;-48.439;-9.70992;9.49539;3586.14;5.70944;0;0;0.1;0.01;0;6.60705;0;0;-1
0;455;-11.4456;-32.3681;-11.7605;10.4018;4714.27;6.25445;0;0;0.1;0.01;0;7.25777;0;0;-1
0;456;-10.393;-14.2715;-10.7244;8.5;2572.44;5.11093;0;0;0.1;0.01;0;6.0583;1;0;-1
0;457;-10.7167;0.963467;-11.6001;10.2021;4447.92;6.13437;0;0;0.1;0.01;0;7.15989;0;0;-1
0;458;-10.7312;16.9723;-11.6265;9.08701;3143.05;5.46389;0;0;0.1;0.01;0;5.76895;0;0;-1
0;459;-11.5935;34.245;-12.5398;8.56015;2627.44;5.14709;0;0;0.1;0.01;0;4.61981;0;0;-1
0;460;-10.3554;50.9669;-10.6051;8.54843;2616.66;5.14005;0;0;0.1;0.01;0;5.22114;0;0;-1
0;461;-10.5283;67.4157;-11.6282;9.0735;3129.05;5.45576;0;0;0.1;0.01;0;5.91076;0;0;-1
0;462;-11.6984;87.2578;-12.4348;8.5;2572.44;5.11093;0;0;0.1;0.01;0;4.79463;1;0;-1
0;463;4.39255;-91.5528;-10.5881;8.69412;2752.74;5.22765;0;0;0.1;0.01;0;3.76612;0;0;-1
0;464;1.54197;-75.9945;-12.1266;8.5;2572.44;5.11093;0;0;0.1;0.01;0;5.49068;1;0;-1
0;465;1.34567;-59.4748;-12.8553;8.86284;2916.13;5.3291;0;0;0.1;0.01;0;6.06159;0;0;-1
0;466;1.67998;-41.2646;-12.622;9.63019;3741.05;5.79049;0;0;0.1;0.01;0;6.53617;0;0;-1
0;467;1.26501;-21.5671;-10.4676;9.21799;3280.93;5.54264;0;0;0.1;0.01;0;6.60863;0;0;-1
0;468;1.59703;-7.44421;-12.126;8.63646;2698.34;5.19298;0;0;0.1;0.01;0;6.12642;0;0;-1
0;469;3.2809;8.17253;-12.276;10.1133;4332.79;6.08098;0;0;0.1;0.01;0;6.21186;0;0;-1
0;470;3.18852;25.1335;-13.5548;9.05314;3108.04;5.44352;0;0;0.1;0.01;0;4.72424;0;0;-1
0;471;1.98598;43.7626;-10.4972;9.3009;3370.26;5.5925;0;0;0.1;0.01;0;5.5787;0;0;-1
0;472;2.3358;59.524;-10.7503;9.45512;3540.71;5.68523;0;0;0.1;0.01;0;6.58794;0;0;-1
0;473;2.70535;76.7483;-10.3963;8.91847;2971.39;5.36255;0;0;0.1;0.01;0;6.03344;0;0;-1
0;474;3.09485;94.0403;-11.4635;10.2647;4530.3;6.17202;0;0;0.1;0.01;0;4.45963;0;0;-1
0;475;18.8188;-85.1783;-10.5353;9.35595;3430.46;5.6256;0;0;0.1;0.01;0;5.79928;0;0;-1
0;476;16.0729;-68.1912;-10.5165;9.47166;3559.32;5.69517;0;0;0.1;0.01;0;6.35313;0;0;-1
0;477;15.9653;-51.4718;-9.87722;9.86583;4022.44;5.93218;0;0;0.1;0.01;0;5.77875;0;0;-1
0;478;15.5227;-33.3918;-10.52;9.65096;3765.3;5.80298;0;0;0.1;0.01;0;5.74286;0;0;-1
0;479;16.0311;-16.2965;-11.4624;8.57311;2639.39;5.15489;0;0;0.1;0.01;0;5.91026;0;0;-1
0;480;16.4165;1.11807;-11.4612;9.38448;3461.94;5.64275;0;0;0.1;0.01;0;5.58033;0;0;-1
0;481;19.4873;20.8992;-10.8756;9.88972;4051.73;5.94655;0;0;0.1;0.01;0;6.04864;0;0;-1
0;482;19.6209;38.1913;-13.1697;8.5;2572.44;5.11093;0;0;0.1;0.01;0;5.08503;1;0;-1
0;483;18.1835;54.5348;-11.475;8.5;2572.44;5.11093;0;0;0.1;0.01;0;4.93172;1;0;-1
0;484;17.3057;71.4356;-10.3202;10.3965;4707.06;6.25126;0;0;0.1;0.01;0;7.11131;0;0;-1
0;485;15.6995;84.9729;-12.5758;8.5;2572.44;5.11093;0;0;0.1;0.01;0;5.45091;1;0;-1
0;486;31.9463;-93.7266;-12.0429;8.83098;2884.8;5.30994;0;0;0.1;0.01;0;1.85751;0;0;-1
0;487;33.3597;-76.6495;-12.3234;9.41174;3492.19;5.65914;0;0;0.1;0.01;0;5.65351;0;0;-1
0;488;32.8881;-55.3939;-10.3541;9.45135;3536.47;5.68296;0;0;0.1;0.01;0;4.99191;0;0;-1
0;489;34.1692;-38.8916;-10.1247;9.62386;3733.67;5.78669;0;0;0.1;0.01;0;6.14244;0;0;-1
0;490;31.2319;-21.3573;-12.281;9.89423;4057.28;5.94926;0;0;0.1;0.01;0;7.10708;0;0;-1
0;491;33.1368;-6.34021;-10.7795;8.88235;2935.43;5.34083;0;0;0.1;0.01;0;5.56271;0;0;-1
0;492;33.5;11.7961;-12.9145;10.3784;4682.52;6.24038;0;0;0.1;0.01;0;7.01814;0;0;-1
0;493;31.4707;29.0534;-10.8336;9.24443;3309.25;5.55854;0;0;0.1;0.01;0;6.82105;0;0;-1
0;494;33.5336;46.2648;-13.2495;9.56238;3662.58;5.74972;0;0;0.1;0.01;0;5.98861;0;0;-1
0;495;32.7907;63.4855;-10.371;8.6173;2680.42;5.18146;0;0;0.1;0.01;0;5.98365;0;0;-1
0;496;32.2648;79.3813;-10.1305;10.0567;4260.45;6.04695;0;0;0.1;0.01;0;6.38563;0;0;-1
0;497;45.9686;-82.9369;-10.7925;8.5;2572.44;5.11093;0;0;0.1;0.01;0;4.1553;1;0;-1
0;498;48.1309;-67.8856;-11.4509;9.53328;3629.24;5.73222;0;0;0.1;0.01;0;6.01234;0;0;-1
0;499;47.7015;-47.7323;-11.9639;9.34097;3414.01;5.61659;0;0;0.1;0.01;0;6.11473;0;0;-1
0;500;48.6166;-31.7097;-12.5242;9.05733;3112.36;5.44604;0;0;0.1;0.01;0;5.54102;0;0;-1
0;501;45.5558;-14.7383;-10.9522;9.15165;3210.6;5.50275;0;0;0.1;0.01;0;6.26653;0;0;-1
0;502;46.5942;0.435355;-11.0245;10.1585;4391.14;6.10816;0;0;0.1;0.01;0;7.44432;0;0;-1
0;503;47.7347;18.115;-13.4341;10.1742;4411.53;6.1176;0;0;0.1;0.01;0;7.7454;0;0;-1
0;504;47.8999;34.6508;-10.54;9.51622;3609.79;5.72196;0;0;0.1;0.01;0;6.42817;0;0;-1
0;505;45.9446;55.1967;-12.4935;8.5;2572.44;5.11093;0;0;0.1;0.01;0;5.02064;1;0;-1
0;506;46.2882;68.4941;-10.0101;9.24156;3306.16;5.55682;0;0;0.1;0.01;0;6.16986;0;0;-1
0;507;47.6979;85.6413;-13.0924;8.6403;2701.94;5.19529;0;0;0.1;0.01;0;2.33792;0;0;-1
0;508;61.094;-74.2476;-11.2861;10.3036;4582.01;6.19541;0;0;0.1;0.01;0;3.19853;0;0;-1
0;509;60.3087;-56.0653;-13.3017;9.61516;3723.56;5.78146;0;0;0.1;0.01;0;6.39368;0;0;-1
0;510;61.4407;-42.1478;-11.6165;9.39919;3478.24;5.6516;0;0;0.1;0.01;0;6.41251;0;0;-1
0;511;62.5791;-25.7809;-11.8592;9.28468;3352.66;5.58274;0;0;0.1;0.01;0;5.84235;0;0;-1
0;512;62.7444;-7.65101;-11.4991;9.83406;3983.7;5.91308;0;0;0.1;0.01;0;6.46689;0;0;-1
0;513;60.735;9.3727;-12.8113;10.2245;4477.29;6.14784;0;0;0.1;0.01;0;6.65746;0;0;-1
0;514;61.9713;28.7531;-10.2222;9.92591;4096.37;5.96831;0;0;0.1;0.01;0;6.30898;0;0;-1
0;515;62.6723;45.9882;-11.1299;9.50542;3597.51;5.71547;0;0;0.1;0.01;0;5.70296;0;0;-1
0;516;63.2338;63.5894;-10.804;10.0981;4313.28;6.07184;0;0;0.1;0.01;0;5.33396;0;0;-1
0;517;61.048;77.9234;-13.7948;8.90529;2958.24;5.35462;0;0;0.1;0.01;0;2.7733;0;0;-1
0;518;77.6051;-47.5283;-10.81;8.5;2572.44;5.11093;0;0;0.1;0.01;0;3.89131;1;0;-1
0;519;77.3343;-30.0326;-11.2397;8.60685;2670.68;5.17517;0;0;0.1;0.01;0;5.6296;0;0;-1
0;520;75.2991;-14.4413;-10.8547;10.4528;4783.95;6.28512;0;0;0.1;0.01;0;7.80091;0;0;-1
0;521;74.9435;1.11904;-10.9941;8.5;2572.44;5.11093;0;0;0.1;0.01;0;6.16508;1;0;-1
0;522;76.6066;18.0131;-13.3399;8.69993;2758.26;5.23114;0;0;0.1;0.01;0;5.74973;0;0;-1
0;523;75.0698;34.8518;-12.7076;8.5;2572.44;5.11093;0;0;0.1;0.01;0;5.25343;1;0;-1
0;524;75.3405;51.4797;-10.2306;9.24246;3307.13;5.55736;0;0;0.1;0.01;0;5.72046;0;0;-1
0;525;89.5832;-22.1739;-11.9546;8.5;2572.44;5.11093;0;0;0.1;0.01;0;3.79167;1;0;-1
0;526;90.0694;-4.24992;-10.1447;9.67018;3787.85;5.81454;0;0;0.1;0.01;0;4.12064;0;0;-1
0;527;89.5551;12.0097;-11.0233;8.94815;3001.15;5.38039;0;0;0.1;0.01;0;4.80291;0;0;-1
0;528;89.428;27.028;-11.1977;8.57982;2645.59;5.15892;0;0;0.1;0.01;0;4.51445;0;0;-1
0;529;89.2363;43.5662;-9.84186;10.0381;4236.85;6.03576;0;0;0.1;0.01;0;3.29383;0;0;-1
0;530;-93.9375;-16.5784;2.3936;9.45997;3546.16;5.68814;0;0;0.1;0.01;0;3.16997;0;0;-1
0;531;-95.6903;2.72696;3.43328;9.65336;3768.11;5.80443;0;0;0.1;0.01;0;3.7817;0;0;-1
0;532;-95.9056;18.6876;2.16449;10.2032;4449.36;6.13504;0;0;0.1;0.01;0;3.23875;0;0;-1
0;533;-79.677;-55.9209;3.03731;8.5;2572.44;5.11093;0;0;0.1;0.01;0;2.63922;1;0;-1
0;534;-82.626;-41.5205;4.68056;9.80047;3943.02;5.89288;0;0;0.1;0.01;0;4.17663;0;0;-1
0;535;-80.5997;-23.2271;2.97226;9.80139;3944.13;5.89343;0;0;0.1;0.01;0;6.45415;0;0;-1
0;536;-79.8659;-6.13827;3.72134;9.46528;3552.13;5.69134;0;0;0.1;0.01;0;5.92458;0;0;-1
0;537;-81.7937;10.355;2.71482;8.90491;2957.86;5.35439;0;0;0.1;0.01;0;4.70693;0;0;-1
0;538;-80.5995;25.4925;1.20651;8.5;2572.44;5.11093;0;0;0.1;0.01;0;3.69556;1;0;-1
0;539;-82.6823;44.0764;2.76864;10.2457;4505.19;6.16059;0;0;0.1;0.01;0;4.42323;0;0;-1
0;540;-78.9038;61.1264;3.37318;9.4202;3501.62;5.66423;0;0;0.1;0.01;0;2.55993;0;0;-1
0;541;-63.8869;-65.5064;1.67985;8.86781;2921.04;5.33209;0;0;0.1;0.01;0;4.00875;0;0;-1
0;542;-64.2777;-47.2865;4.39974;10.2617;4526.33;6.17021;0;0;0.1;0.01;0;6.23444;0;0;-1
0;543;-68.3942;-33.0498;3.55464;8.92266;2975.58;5.36507;0;0;0.1;0.01;0;5.75864;0;0;-1
0;544;-67.7972;-14.8231;1.72472;10.4365;4761.6;6.27532;0;0;0.1;0.01;0;6.9258;0;0;-1
0;545;-67.1945;0.398459;3.73878;10.3306;4618.12;6.21164;0;0;0.1;0.01;0;6.93254;0;0;-1
0;546;-64.7308;17.1272;3.36343;10.4477;4776.95;6.28205;0;0;0.1;0.01;0;6.0184;0;0;-1
0;547;-65.1804;36.5241;3.09559;10.4249;4745.74;6.26834;0;0;0.1;0.01;0;6.60293;0;0;-1
0;548;-65.5688;52.0295;3.22605;9.47993;3568.65;5.70014;0;0;0.1;0.01;0;5.47961;0;0;-1
0;549;-64.9448;70.4112;3.16615;8.5;2572.44;5.11093;0;0;0.1;0.01;0;2.34969;1;0;-1
0;550;-49.9105;-75.3356;3.24097;8.5823;2647.89;5.16041;0;0;0.1;0.01;0;5.0056;0;0;-1
0;551;-50.3427;-59.3883;4.21518;8.71413;2771.79;5.23968;0;0;0.1;0.01;0;5.50631;0;0;-1
0;552;-50.9536;-42.328;3.33675;8.72965;2786.63;5.24901;0;0;0.1;0.01;0;5.46203;0;0;-1
0;553;-52.1152;-24.472;3.6578;8.58632;2651.61;5.16283;0;0;0.1;0.01;0;4.18471;0;0;-1
0;554;-49.6391;-5.37889;2.14984;8.5;2572.44;5.11093;0;0;0.1;0.01;0;4.35508;1;0;-1
0;555;-52.3013;10.0602;3.75114;8.5;2572.44;5.11093;0;0;0.1;0.01;0;4.98697;1;0;-1
0;556;-52.7559;25.8376;2.69996;8.5;2572.44;5.11093;0;0;0.1;0.01;0;5.48498;1;0;-1
0;557;-50.2697;42.9856;5.11474;9.8444;3996.28;5.91929;0;0;0.1;0.01;0;5.97273;0;0;-1
0;558;-50.754;63.4577;1.83161;9.04923;3104.01;5.44117;0;0;0.1;0.01;0;5.21307;0;0;-1
0;559;-51.457;78.1202;1.28727;9.76208;3896.87;5.8698;0;0;0.1;0.01;0;4.43584;0;0;-1
0;560;-34.9764;-84.0149;3.4409;9.36644;3442.01;5.6319;0;0;0.1;0.01;0;5.15541;0;0;-1
0;561;-38.5054;-67.3881;3.24476;9.15764;3216.91;5.50636;0;0;0.1;0.01;0;5.35467;0;0;-1
0;562;-36.7031;-50.3933;4.12596;8.5;2572.44;5.11093;0;0;0.1;0.01;0;5.17147;1;0;-1
0;563;-35.8325;-32.6229;2.67757;9.95707;4135.07;5.98704;0;0;0.1;0.01;0;6.05368;0;0;-1
0;564;-38.0813;-14.088;3.15481;8.97516;3028.41;5.39663;0;0;0.1;0.01;0;4.98354;0;0;-1
0;565;-36.6324;3.17852;4.03579;8.90095;2953.91;5.35201;0;0;0.1;0.01;0;5.85579;0;0;-1
0;566;-38.1388;19.9752;2.91818;10.1518;4382.46;6.10413;0;0;0.1;0.01;0;6.86586;0;0;-1
0;567;-38.1976;36.306;1.02609;8.89588;2948.87;5.34896;0;0;0.1;0.01;0;5.93158;0;0;-1
0;568;-35.4184;50.8427;2.86409;9.82839;3976.82;5.90967;0;0;0.1;0.01;0;5.01445;0;0;-1
0;569;-35.7462;71.7393;1.3381;10.4423;4769.55;6.2788;0;0;0.1;0.01;0;6.28561;0;0;-1
0;570;-35.3269;87.8901;3.28928;9.58234;3685.56;5.76172;0;0;0.1;0.01;0;5.14463;0;0;-1
0;571;-20.7824;-93.6573;1.6;9.51832;3612.18;5.72323;0;0;0.1;0.01;0;4.31236;0;0;-1
0;572;-20.5656;-76.6044;4.59612;8.53528;2604.61;5.13214;0;0;0.1;0.01;0;5.2646;0;0;-1
0;573;-23.6238;-57.6393;1.53878;9.2155;3278.27;5.54115;0;0;0.1;0.01;0;6.00324;0;0;-1
0;574;-23.2224;-40.3568;2.14327;9.25268;3318.11;5.5635;0;0;0.1;0.01;0;6.41774;0;0;-1
0;575;-21.1658;-23.0836;3.57087;8.5;2572.44;5.11093;0;0;0.1;0.01;0;5.3996;1;0;-1
0;576;-20.5792;-5.19478;3.34159;8.55675;2624.31;5.14505;0;0;0.1;0.01;0;6.16162;0;0;-1
0;577;-20.1905;9.99161;4.0696;10.1133;4332.79;6.08098;0;0;0.1;0.01;0;6.89966;0;0;-1
0;578;-23.9401;27.525;1.88276;8.5874;2652.61;5.16348;0;0;0.1;0.01;0;3.99371;0;0;-1
0;579;-19.9287;46.9949;1.8308;9.19996;3261.72;5.5318;0;0;0.1;0.01;0;4.5473;0;0;-1
0;580;-22.0303;63.3248;2.16726;9.89483;4058.01;5.94962;0;0;0.1;0.01;0;6.65851;0;0;-1
0;581;-22.1843;77.5551;1.90544;9.60554;3712.39;5.77567;0;0;0.1;0.01;0;6.19952;0;0;-1
0;582;-23.3682;96.2355;1.35616;9.90756;4073.7;5.95727;0;0;0.1;0.01;0;3.42024;0;0;-1
0;583;-7.07168;-98.9489;0.929558;10.0776;4287.06;6.05951;0;0;0.1;0.01;0;2.97547;0;0;-1
0;584;-5.64648;-81.0573;3.71403;8.73414;2790.93;5.25171;0;0;0.1;0.01;0;5.62757;0;0;-1
0;585;-9.08152;-66.6506;2.77169;10.3839;4689.97;6.24369;0;0;0.1;0.01;0;5.75261;0;0;-1
0;586;-7.63474;-49.2524;2.3135;8.64791;2709.08;5.19986;0;0;0.1;0.01;0;5.0956;0;0;-1
0;587;-7.46452;-29.9707;2.51924;9.4445;3528.79;5.67884;0;0;0.1;0.01;0;6.35281;0;0;-1
0;588;-8.7804;-14.1937;3.11712;9.71029;3835.18;5.83866;0;0;0.1;0.01;0;6.88119;0;0;-1
0;589;-7.88718;1.80501;3.77281;8.5;2572.44;5.11093;0;0;0.1;0.01;0;5.90089;1;0;-1
0;590;-6.2985;17.3594;1.34213;8.51996;2590.61;5.12293;0;0;0.1;0.01;0;5.93123;0;0;-1
0;591;-6.16647;34.6554;3.70232;9.22465;3288.05;5.54665;0;0;0.1;0.01;0;5.50945;0;0;-1
0;592;-5.76017;51.8007;3.54364;8.5;2572.44;5.11093;0;0;0.1;0.01;0;5.86999;1;0;-1
0;593;-7.56819;71.7833;2.33047;10.3283;4615.04;6.21026;0;0;0.1;0.01;0;6.85676;0;0;-1
0;594;-9.20775;88.3781;3.67929;9.77079;3907.31;5.87503;0;0;0.1;0.01;0;4.97704;0;0;-1
0;595;8.04345;-92.1724;3.09916;8.71605;2773.63;5.24083;0;0;0.1;0.01;0;4.70648;0;0;-1
0;596;8.63578;-76.0897;1.82653;9.61678;3725.44;5.78243;0;0;0.1;0.01;0;7.03886;0;0;-1
0;597;5.95379;-58.9242;1.69024;10.096;4310.59;6.07058;0;0;0.1;0.01;0;6.92016;0;0;-1
0;598;7.03536;-42.7394;3.59135;9.83689;3987.15;5.91478;0;0;0.1;0.01;0;6.72644;0;0;-1
0;599;7.54816;-24.9348;1.84537;9.5353;3631.55;5.73344;0;0;0.1;0.01;0;6.50702;0;0;-1
0;600;9.35523;-8.46207;4.44265;10.1237;4346.17;6.08723;0;0;0.1;0.01;0;5.93185;0;0;-1
0;601;5.7341;10.4497;2.77852;8.89902;2951.99;5.35085;0;0;0.1;0.01;0;4.95898;0;0;-1
0;602;7.62779;25.4236;2.11792;9.91149;4078.55;5.95964;0;0;0.1;0.01;0;6.08874;0;0;-1
0;603;8.38419;44.0603;2.34848;8.5;2572.44;5.11093;0;0;0.1;0.01;0;5.04511;1;0;-1
0;604;6.90935;60.3909;1.6241;8.5;2572.44;5.11093;0;0;0.1;0.01;0;5.65726;1;0;-1
0;605;8.80232;76.5048;2.68152;8.62821;2690.61;5.18802;0;0;0.1;0.01;0;5.79954;0;0;-1
0;606;5.61199;97.9051;1.52324;9.70502;3828.93;5.83549;0;0;0.1;0.01;0;2.826;0;0;-1
0;607;20.4585;-85.2889;2.17742;8.5;2572.44;5.11093;0;0;0.1;0.01;0;4.15336;1;0;-1
0;608;23.7079;-66.3237;2.73969;10.1485;4378.19;6.10215;0;0;0.1;0.01;0;5.92271;0;0;-1
0;609;22.3802;-47.3563;4.38435;8.61569;2678.91;5.18049;0;0;0.1;0.01;0;4.58199;0;0;-1
0;610;21.7417;-31.0869;1.47511;8.5;2572.44;5.11093;0;0;0.1;0.01;0;5.78881;1;0;-1
0;611;21.4311;-14.7052;1.49477;8.5;2572.44;5.11093;0;0;0.1;0.01;0;5.46952;1;0;-1
0;612;23.2038;4.33752;1.20095;9.49255;3582.92;5.70773;0;0;0.1;0.01;0;5.44693;0;0;-1
0;613;23.3897;20.835;4.67471;9.56391;3664.33;5.75064;0;0;0.1;0.01;0;6.83881;0;0;-1
0;614;21.9796;37.2967;4.95992;8.5;2572.44;5.11093;0;0;0.1;0.01;0;5.66054;1;0;-1
0;615;22.7753;51.4195;3.7234;9.88732;4048.78;5.9451;0;0;0.1;0.01;0;6.64227;0;0;-1
0;616;21.1326;67.7567;1.65599;9.16445;3224.09;5.51045;0;0;0.1;0.01;0;5.95622;0;0;-1
0;617;21.4047;89.4953;1.13964;10.1186;4339.6;6.08417;0;0;0.1;0.01;0;4.0432;0;0;-1
0;618;38.0396;-75.9276;1.65836;9.44408;3528.32;5.67859;0;0;0.1;0.01;0;6.03172;0;0;-1
0;619;38.5547;-59.5991;4.02873;8.64248;2703.98;5.1966;0;0;0.1;0.01;0;5.22582;0;0;-1
0;620;34.9042;-40.1475;3.41686;8.9796;3032.91;5.3993;0;0;0.1;0.01;0;5.44826;0;0;-1
0;621;35.0448;-25.7222;1.19943;9.54414;3641.66;5.73875;0;0;0.1;0.01;0;6.10561;0;0;-1
0;622;38.0195;-8.8534;4.48172;9.35846;3433.22;5.62711;0;0;0.1;0.01;0;6.01312;0;0;-1
0;623;37.2329;9.08555;1.45488;9.51894;3612.89;5.7236;0;0;0.1;0.01;0;5.74494;0;0;-1
0;624;36.6649;27.2511;2.87379;9.98295;4167.4;6.0026;0;0;0.1;0.01;0;6.51344;0;0;-1
0;625;35.9296;44.5349;1.21584;10.3932;4702.58;6.24928;0;0;0.1;0.01;0;6.87871;0;0;-1
0;626;36.1017;62.7057;3.82841;10.293;4567.88;6.18903;0;0;0.1;0.01;0;7.82463;0;0;-1
0;627;37.6626;80.0006;2.52736;10.395;4705.03;6.25036;0;0;0.1;0.01;0;5.13933;0;0;-1
0;628;50.8442;-83.5318;2.89738;8.5;2572.44;5.11093;0;0;0.1;0.01;0;2.98863;1;0;-1
0;629;52.1839;-64.6098;4.04741;9.83279;3982.16;5.91231;0;0;0.1;0.01;0;5.58639;0;0;-1
0;630;50.3228;-48.4685;3.26245;10.1367;4362.93;6.09505;0;0;0.1;0.01;0;6.36234;0;0;-1
0;631;53.3985;-33.6475;4.79199;8.5;2572.44;5.11093;0;0;0.1;0.01;0;5.81272;1;0;-1
0;632;51.3839;-15.8261;2.99225;8.60239;2666.53;5.17249;0;0;0.1;0.01;0;5.11925;0;0;-1
0;633;52.1596;1.13806;2.46703;8.51441;2585.55;5.11959;0;0;0.1;0.01;0;5.43512;0;0;-1
0;634;52.378;17.0492;1.66686;9.47502;3563.11;5.69719;0;0;0.1;0.01;0;7.3122;0;0;-1
0;635;50.1851;34.389;2.73683;9.80689;3950.78;5.89674;0;0;0.1;0.01;0;6.23349;0;0;-1
0;636;51.3757;54.6308;4.70432;8.5;2572.44;5.11093;0;0;0.1;0.01;0;5.01737;1;0;-1
0;637;50.0075;67.7095;3.25958;9.09874;3155.24;5.47094;0;0;0.1;0.01;0;4.70128;0;0;-1
0;638;68.0569;-56.0626;4.68473;9.91865;4087.39;5.96394;0;0;0.1;0.01;0;4.38756;0;0;-1
0;639;67.59;-39.0454;2.40546;9.67029;3787.97;5.81461;0;0;0.1;0.01;0;7.08909;0;0;-1
0;640;64.7301;-24.1618;3.90008;8.59961;2663.94;5.17082;0;0;0.1;0.01;0;5.67735;0;0;-1
0;641;67.8273;-6.65481;4.4276;8.5;2572.44;5.11093;0;0;0.1;0.01;0;4.86818;1;0;-1
0;642;65.6272;12.2013;3.8345;10.2544;4516.68;6.16582;0;0;0.1;0.01;0;6.72026;0;0;-1
0;643;65.4872;25.9347;3.94166;8.5;2572.44;5.11093;0;0;0.1;0.01;0;6.0992;1;0;-1
0;644;66.9161;44.3072;4.36161;9.40417;3483.77;5.65459;0;0;0.1;0.01;0;5.69913;0;0;-1
0;645;67.422;60.1769;4.3249;9.78995;3930.34;5.88655;0;0;0.1;0.01;0;4.46452;0;0;-1
0;646;82.3309;-47.3932;5.10905;9.16647;3226.23;5.51167;0;0;0.1;0.01;0;3.67514;0;0;-1
0;647;82.1701;-33.1119;3.18358;10.4059;4719.84;6.25692;0;0;0.1;0.01;0;5.82286;0;0;-1
0;648;81.3958;-15.7974;3.84212;9.58771;3691.76;5.76495;0;0;0.1;0.01;0;6.4897;0;0;-1
0;649;79.7748;0.0579391;1.87515;9.17655;3236.88;5.51773;0;0;0.1;0.01;0;5.7299;0;0;-1
0;650;80.9765;18.2579;2.44788;9.17519;3235.44;5.51691;0;0;0.1;0.01;0;6.64378;0;0;-1
0;651;82.5353;36.1053;4.09391;10.3563;4652.67;6.22709;0;0;0.1;0.01;0;5.55404;0;0;-1
0;652;82.8039;55.2983;4.89433;9.98006;4163.78;6.00087;0;0;0.1;0.01;0;2.8487;0;0;-1
0;653;95.8378;-23.3871;2.10267;10.372;4673.86;6.23653;0;0;0.1;0.01;0;3.62842;0;0;-1
0;654;96.3556;-7.56602;4.22394;9.30892;3378.99;5.59732;0;0;0.1;0.01;0;3.40751;0;0;-1
0;655;94.5216;12.1151;1.93378;9.59168;3696.35;5.76734;0;0;0.1;0.01;0;4.21462;0;0;-1
0;656;94.3133;26.6318;4.48056;10.0281;4224.2;6.02975;0;0;0.1;0.01;0;4.46406;0;0;-1
0;657;-86.836;-40.7518;19.2013;10.0139;4206.28;6.02121;0;0;0.1;0.01;0;3.22181;0;0;-1
0;658;-85.0796;-21.1757;18.5586;9.39531;3473.94;5.64926;0;0;0.1;0.01;0;3.28247;0;0;-1
0;659;-84.8771;-4.98625;19.2703;9.9256;4095.99;5.96812;0;0;0.1;0.01;0;4.60424;0;0;-1
0;660;-86.6483;10.481;17.192;9.41782;3498.97;5.6628;0;0;0.1;0.01;0;4.71628;0;0;-1
0;661;-85.7242;27.1045;18.3041;8.5;2572.44;5.11093;0;0;0.1;0.01;0;3.21715;1;0;-1
0;662;-84.2576;45.3316;18.9243;8.68184;2741.09;5.22026;0;0;0.1;0.01;0;2.7273;0;0;-1
0;663;-72.1116;-63.641;19.8407;9.46219;3548.65;5.68948;0;0;0.1;0.01;0;3.3559;0;0;-1
0;664;-70.8088;-48.5661;16.6688;9.04696;3101.68;5.43981;0;0;0.1;0.01;0;6.11122;0;0;-1
0;665;-68.985;-33.872;19.1885;8.5;2572.44;5.11093;0;0;0.1;0.01;0;5.46848;1;0;-1
0;666;-71.9589;-13.1852;19.0194;9.90376;4069.01;5.95499;0;0;0.1;0.01;0;7.23562;0;0;-1
0;667;-69.3879;2.17208;19.7067;9.7357;3865.36;5.85394;0;0;0.1;0.01;0;6.93208;0;0;-1
0;668;-70.2475;18.6425;19.2992;9.64972;3763.85;5.80224;0;0;0.1;0.01;0;5.80112;0;0;-1
0;669;-70.2919;34.2572;16.7427;8.77909;2834.24;5.27874;0;0;0.1;0.01;0;4.32204;0;0;-1
0;670;-70.2533;52.8831;16.2651;8.5;2572.44;5.11093;0;0;0.1;0.01;0;3.9157;1;0;-1
0;671;-58.0238;-74.9463;17.1193;10.065;4271;6.05194;0;0;0.1;0.01;0;4.51609;0;0;-1
0;672;-57.4966;-58.6546;18.7046;9.47117;3558.77;5.69488;0;0;0.1;0.01;0;6.43817;0;0;-1
0;673;-56.2036;-39.5362;17.4572;10.2399;4497.55;6.1571;0;0;0.1;0.01;0;7.40246;0;0;-1
0;674;-57.0843;-23.2751;16.9193;8.9323;2985.23;5.37086;0;0;0.1;0.01;0;5.73327;0;0;-1
0;675;-55.1867;-6.46379;16.0519;9.97374;4155.88;5.99707;0;0;0.1;0.01;0;6.24521;0;0;-1
0;676;-57.1259;8.61842;17.4084;8.70387;2762.01;5.23351;0;0;0.1;0.01;0;5.38408;0;0;-1
0;677;-55.3822;26.772;16.7929;9.65507;3770.12;5.80545;0;0;0.1;0.01;0;5.70848;0;0;-1
0;678;-54.9707;46.9006;18.9466;8.5;2572.44;5.11093;0;0;0.1;0.01;0;4.35116;1;0;-1
0;679;-53.9892;61.936;18.2865;8.67427;2733.93;5.21571;0;0;0.1;0.01;0;3.8066;0;0;-1
0;680;-53.7976;78.051;19.6585;9.60026;3706.27;5.7725;0;0;0.1;0.01;0;2.63893;0;0;-1
0;681;-41.6999;-84.6164;16.8479;9.64536;3758.75;5.79962;0;0;0.1;0.01;0;4.32866;0;0;-1
0;682;-40.6304;-67.4732;17.7332;8.98447;3037.85;5.40223;0;0;0.1;0.01;0;5.51443;0;0;-1
0;683;-40.4643;-47.7794;16.7452;9.09298;3149.25;5.46748;0;0;0.1;0.01;0;5.26129;0;0;-1
0;684;-42.5288;-33.029;18.1968;9.56256;3662.78;5.74983;0;0;0.1;0.01;0;6.35451;0;0;-1
0;685;-42.1558;-13.7547;16.4892;8.5;2572.44;5.11093;0;0;0.1;0.01;0;4.91535;1;0;-1
0;686;-39.9923;2.27869;17.7234;8.8338;2887.56;5.31164;0;0;0.1;0.01;0;5.0823;0;0;-1
0;687;-42.2106;18.6834;18.4652;8.81873;2872.81;5.30257;0;0;0.1;0.01;0;5.43386;0;0;-1
0;688;-41.1641;33.734;18.2801;8.97255;3025.77;5.39506;0;0;0.1;0.01;0;5.19049;0;0;-1
0;689;-39.7079;53.2106;18.5401;8.97931;3032.62;5.39913;0;0;0.1;0.01;0;4.73946;0;0;-1
0;690;-39.5864;71.4864;16.3996;10.2106;4459.05;6.13949;0;0;0.1;0.01;0;5.90173;0;0;-1
0;691;-41.5944;87.7456;18.5421;8.98874;3042.18;5.4048;0;0;0.1;0.01;0;2.93124;0;0;-1
0;692;-27.7626;-93.4548;16.8243;10.4523;4783.26;6.28482;0;0;0.1;0.01;0;3.97931;0;0;-1
0;693;-27.5079;-72.8537;18.5032;9.83112;3980.13;5.91131;0;0;0.1;0.01;0;6.16462;0;0;-1
0;694;-25.3699;-56.7067;16.2753;8.5;2572.44;5.11093;0;0;0.1;0.01;0;4.44989;1;0;-1
0;695;-24.5056;-40.3787;17.8437;8.88227;2935.35;5.34078;0;0;0.1;0.01;0;5.48725;0;0;-1
0;696;-28.3605;-24.7261;16.3197;9.59361;3698.58;5.7685;0;0;0.1;0.01;0;6.04942;0;0;-1
0;697;-28.3758;-7.18932;16.0137;9.33032;3402.34;5.61019;0;0;0.1;0.01;0;5.29262;0;0;-1
0;698;-26.9589;10.6798;16.491;9.60486;3711.6;5.77526;0;0;0.1;0.01;0;6.09135;0;0;-1
0;699;-27.4542;28.0499;17.3653;9.05772;3112.76;5.44628;0;0;0.1;0.01;0;5.12785;0;0;-1
0;700;-25.4625;45.931;17.6336;9.58543;3689.13;5.76358;0;0;0.1;0.01;0;5.76703;0;0;-1
0;701;-28.1544;62.0572;16.4032;9.01678;3070.74;5.42166;0;0;0.1;0.01;0;5.9033;0;0;-1
0;702;-27.4108;80.4145;16.3133;10.1887;4430.42;6.12632;0;0;0.1;0.01;0;5.88929;0;0;-1
0;703;-13.2904;-83.6107;17.6391;9.77088;3907.42;5.87509;0;0;0.1;0.01;0;5.45653;0;0;-1
0;704;-13.7341;-65.6482;17.0266;8.5;2572.44;5.11093;0;0;0.1;0.01;0;4.20877;1;0;-1
0;705;-11.1805;-47.5311;16.2725;9.7905;3931;5.88689;0;0;0.1;0.01;0;5.44859;0;0;-1
0;706;-12.3529;-30.781;19.3394;8.63701;2698.85;5.19331;0;0;0.1;0.01;0;5.76226;0;0;-1
0;707;-11.5524;-16.1874;17.4745;9.71429;3839.92;5.84106;0;0;0.1;0.01;0;6.34452;0;0;-1
0;708;-13.6696;1.66518;17.1265;10.0878;4300.09;6.06565;0;0;0.1;0.01;0;7.02441;0;0;-1
0;709;-13.1772;20.7911;16.6086;10.0841;4295.36;6.06342;0;0;0.1;0.01;0;6.26899;0;0;-1
0;710;-10.9551;37.3171;17.2932;8.97727;3030.55;5.3979;0;0;0.1;0.01;0;5.49492;0;0;-1
0;711;-10.0224;52.3615;18.3027;10.1287;4352.61;6.09024;0;0;0.1;0.01;0;6.64398;0;0;-1
0;712;-11.6699;68.4253;18.3677;8.59754;2662.02;5.16958;0;0;0.1;0.01;0;5.20951;0;0;-1
0;713;-11.0547;85.2586;18.6701;8.5;2572.44;5.11093;0;0;0.1;0.01;0;3.73798;1;0;-1
0;714;1.68394;-91.9838;17.4328;10.248;4508.23;6.16197;0;0;0.1;0.01;0;3.90882;0;0;-1
0;715;4.58409;-72.2728;15.982;8.68782;2746.76;5.22386;0;0;0.1;0.01;0;5.15404;0;0;-1
0;716;2.81658;-56.9738;17.3311;8.5;2572.44;5.11093;0;0;0.1;0.01;0;5.54452;1;0;-1
0;717;2.96185;-39.8538;16.6734;9.887;4048.39;5.94491;0;0;0.1;0.01;0;6.58468;0;0;-1
0;718;2.38307;-24.4673;16.4685;8.82136;2875.38;5.30416;0;0;0.1;0.01;0;5.63603;0;0;-1
0;719;4.97321;-8.37546;17.1073;8.57217;2638.52;5.15432;0;0;0.1;0.01;0;4.74468;0;0;-1
0;720;4.17238;9.65147;16.3867;9.89258;4055.25;5.94826;0;0;0.1;0.01;0;4.89216;0;0;-1
0;721;2.16046;28.5097;16.6389;9.95865;4137.04;5.98799;0;0;0.1;0.01;0;6.24815;0;0;-1
0;722;2.53244;46.1873;15.6176;8.5982;2662.63;5.16997;0;0;0.1;0.01;0;5.8016;0;0;-1
0;723;2.66027;63.4037;15.8904;10.4039;4717.12;6.25571;0;0;0.1;0.01;0;6.71375;0;0;-1
0;724;0.992917;77.9656;15.9326;8.66392;2724.16;5.20949;0;0;0.1;0.01;0;5.68576;0;0;-1
0;725;4.69472;93.0903;17.77;8.70908;2766.98;5.23664;0;0;0.1;0.01;0;2.89484;0;0;-1
0;726;17.7772;-82.3814;17.1067;10.0453;4245.97;6.04009;0;0;0.1;0.01;0;5.13099;0;0;-1
0;727;15.7988;-64.4121;16.3783;8.5;2572.44;5.11093;0;0;0.1;0.01;0;4.94315;1;0;-1
0;728;16.024;-50.088;18.3075;9.61978;3728.93;5.78423;0;0;0.1;0.01;0;5.55381;0;0;-1
0;729;18.9354;-33.9823;18.103;8.5;2572.44;5.11093;0;0;0.1;0.01;0;4.31434;1;0;-1
0;730;18.3564;-17.0123;17.338;9.30503;3374.75;5.59498;0;0;0.1;0.01;0;5.77536;0;0;-1
0;731;17.4604;2.71489;18.4879;8.54447;2613.03;5.13767;0;0;0.1;0.01;0;4.74115;0;0;-1
0;732;16.5773;21.1408;16.2196;9.14026;3198.63;5.49591;0;0;0.1;0.01;0;6.27605;0;0;-1
0;733;16.5153;37.0713;17.4463;8.88866;2941.69;5.34462;0;0;0.1;0.01;0;5.88864;0;0;-1
0;734;19.6676;52.9292;17.697;8.85858;2911.93;5.32654;0;0;0.1;0.01;0;5.16819;0;0;-1
0;735;16.4152;69.7768;17.3863;8.51644;2587.4;5.12081;0;0;0.1;0.01;0;5.15607;0;0;-1
0;736;17.9159;85.6726;16.4554;9.17315;3233.29;5.51568;0;0;0.1;0.01;0;3.56723;0;0;-1
0;737;33.1744;-92.4882;15.933;9.05955;3114.64;5.44738;0;0;0.1;0.01;0;1.68965;0;0;-1
0;738;33.79;-73.7696;16.1003;9.51316;3606.31;5.72013;0;0;0.1;0.01;0;5.47717;0;0;-1
0;739;33.1783;-55.2475;18.018;9.15668;3215.9;5.50578;0;0;0.1;0.01;0;4.5424;0;0;-1
0;740;33.6511;-39.0277;18.0742;8.5;2572.44;5.11093;0;0;0.1;0.01;0;5.33033;1;0;-1
0;741;31.4373;-24.4834;16.3412;9.37929;3456.2;5.63963;0;0;0.1;0.01;0;6.48249;0;0;-1
0;742;30.7099;-8.05805;18.5933;9.30862;3378.66;5.59714;0;0;0.1;0.01;0;5.49736;0;0;-1
0;743;30.5289;11.5662;17.0235;8.87722;2930.35;5.33774;0;0;0.1;0.01;0;5.13249;0;0;-1
0;744;32.0925;26.8758;16.7621;8.78131;2836.39;5.28007;0;0;0.1;0.01;0;5.40281;0;0;-1
0;745;33.2158;45.7707;16.5275;8.5;2572.44;5.11093;0;0;0.1;0.01;0;5.28942;1;0;-1
0;746;30.4882;63.4374;19.4754;9.08213;3137.99;5.46095;0;0;0.1;0.01;0;6.81663;0;0;-1
0;747;30.6487;77.8134;17.8483;9.25776;3323.58;5.56656;0;0;0.1;0.01;0;5.18464;0;0;-1
0;748;45.3103;-81.2479;16.0937;9.99665;4184.58;6.01084;0;0;0.1;0.01;0;4.70864;0;0;-1
0;749;48.9064;-67.64;17.0035;8.61752;2680.62;5.18159;0;0;0.1;0.01;0;5.08389;0;0;-1
0;750;47.512;-48.1704;18.598;8.5;2572.44;5.11093;0;0;0.1;0.01;0;4.60494;1;0;-1
0;751;46.7608;-31.8966;16.612;9.52674;3621.78;5.72829;0;0;0.1;0.01;0;6.82963;0;0;-1
0;752;46.3611;-15.3167;17.5039;9.96599;4146.2;5.99241;0;0;0.1;0.01;0;6.40195;0;0;-1
0;753;46.2092;4.39254;19.4802;9.61473;3723.06;5.7812;0;0;0.1;0.01;0;5.43058;0;0;-1
0;754;48.7917;20.4683;17.3432;9.77667;3914.37;5.87857;0;0;0.1;0.01;0;6.22862;0;0;-1
0;755;46.8619;34.879;18.9818;8.5;2572.44;5.11093;0;0;0.1;0.01;0;5.23503;1;0;-1
0;756;45.0817;54.0915;16.5884;10.1386;4365.39;6.09619;0;0;0.1;0.01;0;6.57542;0;0;-1
0;757;46.9783;68.9774;17.773;8.7934;2848.13;5.28734;0;0;0.1;0.01;0;5.04343;0;0;-1
0;758;45.9447;86.0446;19.666;8.5;2572.44;5.11093;0;0;0.1;0.01;0;1.28251;1;0;-1
0;759;61.2201;-75.4458;17.4877;9.74749;3879.42;5.86102;0;0;0.1;0.01;0;2.82233;0;0;-1
0;760;62.3047;-57.9524;18.1615;8.5;2572.44;5.11093;0;0;0.1;0.01;0;4.94888;1;0;-1
0;761;62.561;-38.7138;16.7034;10.097;4311.87;6.07118;0;0;0.1;0.01;0;7.49536;0;0;-1
0;762;60.4225;-24.2756;16.5125;9.90118;4065.83;5.95344;0;0;0.1;0.01;0;7.54588;0;0;-1
0;763;60.3737;-7.40332;16.7505;8.93108;2984.01;5.37013;0;0;0.1;0.01;0;4.81293;0;0;-1
0;764;62.4589;10.6037;16.9664;9.45392;3539.36;5.6845;0;0;0.1;0.01;0;5.77987;0;0;-1
0;765;61.6872;28.5321;16.4739;10.2254;4478.47;6.14838;0;0;0.1;0.01;0;7.2241;0;0;-1
0;766;61.8669;45.2056;19.0372;8.67367;2733.36;5.21535;0;0;0.1;0.01;0;6.08061;0;0;-1
0;767;62.2892;63.6374;19.0447;10.0225;4217.13;6.02638;0;0;0.1;0.01;0;4.83412;0;0;-1
0;768;75.9069;-50.2117;19.5098;8.70096;2759.24;5.23176;0;0;0.1;0.01;0;3.01319;0;0;-1
0;769;76.0462;-33.4795;18.3411;10.0886;4301.12;6.06613;0;0;0.1;0.01;0;6.13371;0;0;-1
0;770;77.6203;-16.9552;16.7455;8.5;2572.44;5.11093;0;0;0.1;0.01;0;4.9618;1;0;-1
0;771;74.8826;0.851627;19.4071;8.71841;2775.88;5.24225;0;0;0.1;0.01;0;4.44539;0;0;-1
0;772;76.493;20.1106;16.1877;9.82373;3971.16;5.90687;0;0;0.1;0.01;0;6.53838;0;0;-1
0;773;74.821;37.9219;19.0702;10.3722;4674.14;6.23665;0;0;0.1;0.01;0;6.73582;0;0;-1
0;774;76.5231;52.4259;18.7561;8.77615;2831.4;5.27697;0;0;0.1;0.01;0;4.58088;0;0;-1
0;775;91.5275;-22.0665;18.6412;9.7875;3927.39;5.88508;0;0;0.1;0.01;0;4.34549;0;0;-1
0;776;92.7511;-7.35605;19.9354;8.5;2572.44;5.11093;0;0;0.1;0.01;0;2.61825;1;0;-1
0;777;91.6966;9.32832;16.2183;9.05672;3111.73;5.44567;0;0;0.1;0.01;0;2.5283;0;0;-1
0;778;89.4667;26.842;17.3937;9.35384;3428.14;5.62433;0;0;0.1;0.01;0;4.07949;0;0;-1
0;779;-93.5842;2.41345;34.5617;8.55786;2625.33;5.14572;0;0;0.1;0.01;0;2.84536;0;0;-1
0;780;-82.0368;-39.7098;31.6326;9.85962;4014.85;5.92845;0;0;0.1;0.01;0;3.1562;0;0;-1
0;781;-79.6854;-25.0886;32.4528;9.32437;3395.84;5.60661;0;0;0.1;0.01;0;4.25344;0;0;-1
0;782;-79.002;-6.09602;34.0234;9.22038;3283.49;5.54408;0;0;0.1;0.01;0;5.97598;0;0;-1
0;783;-80.1795;10.0462;31.814;8.73128;2788.19;5.24999;0;0;0.1;0.01;0;4.89465;0;0;-1
0;784;-82.7024;25.8705;30.9226;9.40262;3482.05;5.65366;0;0;0.1;0.01;0;2.74828;0;0;-1
0;785;-79.904;46.0368;31.3443;8.54151;2610.31;5.13589;0;0;0.1;0.01;0;2.2034;0;0;-1
0;786;-65.9611;-66.8932;33.9562;9.46889;3556.2;5.69351;0;0;0.1;0.01;0;3.41659;0;0;-1
0;787;-66.626;-47.6748;32.2373;9.70994;3834.76;5.83845;0;0;0.1;0.01;0;4.791;0;0;-1
0;788;-64.3038;-30.7691;34.2067;9.95636;4134.19;5.98661;0;0;0.1;0.01;0;6.5578;0;0;-1
0;789;-66.7729;-15.5645;31.0215;8.5;2572.44;5.11093;0;0;0.1;0.01;0;5.95266;1;0;-1
0;790;-65.6091;0.0167056;34.1208;8.9441;2997.08;5.37796;0;0;0.1;0.01;0;5.98602;0;0;-1
0;791;-66.5541;18.1282;33.8936;8.5;2572.44;5.11093;0;0;0.1;0.01;0;4.43007;1;0;-1
0;792;-64.41;35.1702;31.6597;8.58667;2651.94;5.16304;0;0;0.1;0.01;0;4.16445;0;0;-1
0;793;-66.8384;53.0587;33.2068;9.91933;4088.23;5.96435;0;0;0.1;0.01;0;3.5737;0;0;-1
0;794;-53.1866;-73.3249;30.6177;10.1149;4334.84;6.08194;0;0;0.1;0.01;0;4.85173;0;0;-1
0;795;-50.1837;-58.7174;30.988;9.48167;3570.62;5.70119;0;0;0.1;0.01;0;6.02534;0;0;-1
0;796;-49.8354;-38.4032;31.6539;9.72083;3847.68;5.84499;0;0;0.1;0.01;0;6.12825;0;0;-1
0;797;-52.8036;-21.2948;31.1197;8.5;2572.44;5.11093;0;0;0.1;0.01;0;4.91587;1;0;-1
0;798;-52.7058;-7.28943;34.195;9.66627;3783.25;5.81219;0;0;0.1;0.01;0;4.47829;0;0;-1
0;799;-51.6691;11.87;31.7806;8.5;2572.44;5.11093;0;0;0.1;0.01;0;4.16157;1;0;-1
0;800;-50.7119;29.4049;32.6112;8.5;2572.44;5.11093;0;0;0.1;0.01;0;5.23677;1;0;-1
0;801;-52.7754;43.3417;33.129;8.5;2572.44;5.11093;0;0;0.1;0.01;0;5.24241;1;0;-1
0;802;-51.6402;60.0678;33.9705;8.5;2572.44;5.11093;0;0;0.1;0.01;0;4.23994;1;0;-1
0;803;-35.6443;-85.3968;34.2834;10.1766;4414.65;6.11904;0;0;0.1;0.01;0;3.63664;0;0;-1
0;804;-37.9994;-66.3775;31.2878;8.5;2572.44;5.11093;0;0;0.1;0.01;0;4.55936;1;0;-1
0;805;-37.9466;-47.2928;33.1281;9.74583;3877.44;5.86003;0;0;0.1;0.01;0;5.96636;0;0;-1
0;806;-34.4725;-33.0322;33.028;10.2533;4515.23;6.16516;0;0;0.1;0.01;0;6.52222;0;0;-1
0;807;-35.1717;-16.2778;32.7128;8.8572;2910.57;5.32571;0;0;0.1;0.01;0;4.12943;0;0;-1
0;808;-35.3368;2.98092;32.305;8.80953;2863.83;5.29704;0;0;0.1;0.01;0;4.5349;0;0;-1
0;809;-38.3027;17.668;32.7548;8.96634;3019.49;5.39133;0;0;0.1;0.01;0;4.9009;0;0;-1
0;810;-36.978;37.9459;31.6622;9.65063;3764.92;5.80278;0;0;0.1;0.01;0;6.08384;0;0;-1
0;811;-36.8453;52.4728;32.4186;8.9865;3039.91;5.40345;0;0;0.1;0.01;0;5.22518;0;0;-1
0;812;-37.909;69.1949;32.1245;8.5;2572.44;5.11093;0;0;0.1;0.01;0;3.35555;1;0;-1
0;813;-20.9692;-91.0293;34.0249;9.86408;4020.3;5.93113;0;0;0.1;0.01;0;3.76449;0;0;-1
0;814;-22.9245;-74.3023;32.2334;8.5;2572.44;5.11093;0;0;0.1;0.01;0;5.12027;1;0;-1
0;815;-22.8345;-57.0547;34.4222;8.61747;2680.57;5.18156;0;0;0.1;0.01;0;4.58599;0;0;-1
0;816;-21.8618;-42.7464;31.8918;8.61331;2676.69;5.17906;0;0;0.1;0.01;0;5.67956;0;0;-1
0;817;-20.4343;-21.6642;31.3796;8.5;2572.44;5.11093;0;0;0.1;0.01;0;3.95928;1;0;-1
0;818;-20.9552;-4.75377;34.0494;9.37895;3455.82;5.63943;0;0;0.1;0.01;0;5.90089;0;0;-1
0;819;-21.7886;11.1916;31.6448;8.93559;2988.53;5.37284;0;0;0.1;0.01;0;5.87804;0;0;-1
0;820;-22.9982;29.3689;33.7844;9.49202;3582.32;5.70741;0;0;0.1;0.01;0;5.55479;0;0;-1
0;821;-20.7383;44.2977;33.8113;9.19925;3260.96;5.53138;0;0;0.1;0.01;0;6.29497;0;0;-1
0;822;-20.4307;59.6977;30.9804;8.65751;2718.11;5.20564;0;0;0.1;0.01;0;5.12135;0;0;-1
0;823;-21.7691;76.714;32.6753;10.0526;4255.24;6.04448;0;0;0.1;0.01;0;4.73865;0;0;-1
0;824;-6.81812;-81.4839;33.0048;10.2345;4490.44;6.15386;0;0;0.1;0.01;0;5.73681;0;0;-1
0;825;-7.58054;-65.8534;32.0389;9.11861;3175.96;5.48289;0;0;0.1;0.01;0;4.85475;0;0;-1
0;826;-8.81035;-46.94;30.795;9.1191;3176.47;5.48318;0;0;0.1;0.01;0;5.15015;0;0;-1
0;827;-5.46;-32.6255;31.1707;8.5;2572.44;5.11093;0;0;0.1;0.01;0;4.74313;1;0;-1
0;828;-8.84306;-13.1751;31.5863;10.4144;4731.42;6.26203;0;0;0.1;0.01;0;6.59118;0;0;-1
0;829;-7.46607;3.47719;31.9486;9.30981;3379.96;5.59785;0;0;0.1;0.01;0;6.08606;0;0;-1
0;830;-6.85414;21.0022;33.6379;10.0649;4270.88;6.05188;0;0;0.1;0.01;0;5.6758;0;0;-1
0;831;-7.48122;37.7955;34.0786;9.13604;3194.2;5.49337;0;0;0.1;0.01;0;6.1439;0;0;-1
0;832;-5.8477;51.7273;33.6924;8.5;2572.44;5.11093;0;0;0.1;0.01;0;5.49319;1;0;-1
0;833;-7.19986;69.7825;32.3942;8.73803;2794.66;5.25405;0;0;0.1;0.01;0;4.35184;0;0;-1
0;834;-6.78169;88.649;31.1325;8.56897;2635.57;5.1524;0;0;0.1;0.01;0;2.16778;0;0;-1
0;835;8.25114;-89.4368;34.6629;8.757;2812.9;5.26546;0;0;0.1;0.01;0;3.18302;0;0;-1
0;836;7.70658;-74.4742;32.4961;10.4534;4784.77;6.28548;0;0;0.1;0.01;0;7.0345;0;0;-1
0;837;6.34434;-58.9485;31.8169;8.79873;2853.31;5.29055;0;0;0.1;0.01;0;5.10423;0;0;-1
0;838;8.48584;-42.9166;33.2024;10.0561;4259.68;6.04659;0;0;0.1;0.01;0;6.7513;0;0;-1
0;839;6.8652;-23.8855;32.7555;8.90408;2957.03;5.35389;0;0;0.1;0.01;0;4.87975;0;0;-1
0;840;7.21399;-6.04928;33.7197;9.87605;4034.95;5.93833;0;0;0.1;0.01;0;6.04986;0;0;-1
0;841;5.6493;8.78961;34.3807;9.10205;3158.68;5.47293;0;0;0.1;0.01;0;4.74192;0;0;-1
0;842;8.3372;27.8192;31.0482;9.25309;3318.55;5.56375;0;0;0.1;0.01;0;5.1592;0;0;-1
0;843;6.7922;42.8928;30.5901;10.1876;4428.99;6.12566;0;0;0.1;0.01;0;6.42075;0;0;-1
0;844;8.63888;61.5733;30.9018;8.68436;2743.48;5.22178;0;0;0.1;0.01;0;4.75625;0;0;-1
0;845;9.12283;78.9338;31.8997;9.46328;3549.88;5.69013;0;0;0.1;0.01;0;4.70433;0;0;-1
0;846;23.1449;-82.6658;33.8534;9.93443;4106.93;5.97343;0;0;0.1;0.01;0;4.76676;0;0;-1
0;847;22.6495;-67.9629;33.0066;9.85623;4010.71;5.92641;0;0;0.1;0.01;0;5.40385;0;0;-1
0;848;23.8688;-47.736;33.3888;8.90151;2954.47;5.35235;0;0;0.1;0.01;0;5.89539;0;0;-1
0;849;21.1358;-32.2887;32.4681;10.1635;4397.63;6.11117;0;0;0.1;0.01;0;7.03884;0;0;-1
0;850;22.1183;-14.0034;32.2146;10.1553;4386.99;6.10623;0;0;0.1;0.01;0;6.79688;0;0;-1
0;851;22.3385;0.482948;30.9402;8.92445;2977.37;5.36614;0;0;0.1;0.01;0;5.12783;0;0;-1
0;852;23.0065;19.3333;30.4839;9.06881;3124.2;5.45294;0;0;0.1;0.01;0;4.82323;0;0;-1
0;853;22.1088;37.5586;33.9867;9.3486;3422.38;5.62118;0;0;0.1;0.01;0;5.73725;0;0;-1
0;854;23.7945;51.3883;32.5737;9.90615;4071.96;5.95642;0;0;0.1;0.01;0;6.81412;0;0;-1
0;855;22.3263;68.7555;31.0024;8.75237;2808.44;5.26267;0;0;0.1;0.01;0;5.90423;0;0;-1
0;856;20.8594;89.3906;34.2311;9.34689;3420.5;5.62015;0;0;0.1;0.01;0;1.60216;0;0;-1
0;857;35.7824;-74.7247;32.7926;8.5;2572.44;5.11093;0;0;0.1;0.01;0;3.42738;1;0;-1
0;858;37.1897;-55.0877;32.8383;9.55435;3653.36;5.74489;0;0;0.1;0.01;0;5.76272;0;0;-1
0;859;35.5746;-38.4152;30.8892;8.5;2572.44;5.11093;0;0;0.1;0.01;0;5.30991;1;0;-1
0;860;37.499;-21.9809;32.1855;8.5;2572.44;5.11093;0;0;0.1;0.01;0;4.75546;1;0;-1
0;861;35.8989;-4.81472;33.2079;9.17157;3231.62;5.51473;0;0;0.1;0.01;0;5.7267;0;0;-1
0;862;38.745;9.35469;32.4875;8.59517;2659.82;5.16815;0;0;0.1;0.01;0;4.91545;0;0;-1
0;863;38.1024;25.561;32.9989;9.81869;3965.06;5.90384;0;0;0.1;0.01;0;5.59245;0;0;-1
0;864;38.3501;43.1667;33.0926;9.76301;3897.98;5.87036;0;0;0.1;0.01;0;6.01957;0;0;-1
0;865;35.3774;61.8608;33.7049;9.76121;3895.83;5.86927;0;0;0.1;0.01;0;6.62481;0;0;-1
0;866;36.8536;77.2511;32.1608;10.0224;4217;6.02632;0;0;0.1;0.01;0;5.23546;0;0;-1
0;867;52.8312;-64.6666;31.9355;9.06145;3116.6;5.44852;0;0;0.1;0.01;0;3.97206;0;0;-1
0;868;53.1656;-49.3371;32.125;9.43641;3519.73;5.67398;0;0;0.1;0.01;0;5.65754;0;0;-1
0;869;52.0702;-33.3872;32.404;9.52844;3623.71;5.72931;0;0;0.1;0.01;0;6.1412;0;0;-1
0;870;51.5452;-17.3167;31.5934;9.93219;4104.15;5.97208;0;0;0.1;0.01;0;6.32114;0;0;-1
0;871;53.2101;0.9117;33.8726;10.0205;4214.6;6.02518;0;0;0.1;0.01;0;6.86809;0;0;-1
0;872;52.4596;17.8213;33.3863;8.9672;3020.36;5.39185;0;0;0.1;0.01;0;6.01613;0;0;-1
0;873;53.4772;38.1465;32.2391;8.9671;3020.26;5.39179;0;0;0.1;0.01;0;6.03647;0;0;-1
0;874;53.2666;53.1805;33.3237;9.60563;3712.5;5.77573;0;0;0.1;0.01;0;6.96942;0;0;-1
0;875;51.4247;68.3309;32.4175;9.14929;3208.12;5.50134;0;0;0.1;0.01;0;4.86735;0;0;-1
0;876;67.2599;-58.0716;32.4276;8.83388;2887.64;5.31168;0;0;0.1;0.01;0;3.29151;0;0;-1
0;877;67.6939;-38.6021;31.5533;9.31078;3381.01;5.59844;0;0;0.1;0.01;0;5.34584;0;0;-1
0;878;66.3892;-21.8138;31.9703;9.12977;3187.63;5.4896;0;0;0.1;0.01;0;5.27148;0;0;-1
0;879;66.9422;-4.76994;32.6225;9.85842;4013.38;5.92772;0;0;0.1;0.01;0;5.72475;0;0;-1
0;880;67.211;10.3581;32.9781;8.94914;3002.15;5.38099;0;0;0.1;0.01;0;6.55052;0;0;-1
0;881;66.2071;28.0107;33.7873;8.61621;2679.4;5.1808;0;0;0.1;0.01;0;5.82083;0;0;-1
0;882;67.3132;45.6469;31.0814;9.11558;3172.79;5.48107;0;0;0.1;0.01;0;6.46708;0;0;-1
0;883;67.0154;59.4995;32.0802;9.87652;4035.53;5.93861;0;0;0.1;0.01;0;4.75415;0;0;-1
0;884;79.9441;-30.2566;33.8298;9.91075;4077.63;5.95919;0;0;0.1;0.01;0;4.39906;0;0;-1
0;885;80.1755;-15.9675;30.7219;8.8039;2858.34;5.29366;0;0;0.1;0.01;0;4.50678;0;0;-1
0;886;79.6591;3.6856;33.5506;10.0827;4293.58;6.06258;0;0;0.1;0.01;0;4.94697;0;0;-1
0;887;80.7142;19.7017;34.193;8.73611;2792.82;5.2529;0;0;0.1;0.01;0;3.84939;0;0;-1
0;888;80.5417;33.6352;31.9248;8.98096;3034.29;5.40012;0;0;0.1;0.01;0;4.25768;0;0;-1
0;889;-86.3532;-6.44525;47.2378;9.7781;3916.08;5.87943;0;0;0.1;0.01;0;3.24378;0;0;-1
0;890;-85.6631;9.85823;47.797;10.4049;4718.48;6.25632;0;0;0.1;0.01;0;3.02193;0;0;-1
0;891;-69.0172;-49.9831;48.7932;10.4318;4755.17;6.27249;0;0;0.1;0.01;0;2.88125;0;0;-1
0;892;-69.3914;-33.7447;47.9839;8.5;2572.44;5.11093;0;0;0.1;0.01;0;4.09499;1;0;-1
0;893;-69.3638;-13.3663;47.6977;9.91875;4087.52;5.964;0;0;0.1;0.01;0;5.72572;0;0;-1
0;894;-71.5172;0.837498;46.7807;8.91111;2964.04;5.35812;0;0;0.1;0.01;0;5.62151;0;0;-1
0;895;-68.5705;18.0358;47.0537;8.75571;2811.66;5.26468;0;0;0.1;0.01;0;3.93327;0;0;-1
0;896;-70.5807;36.4603;49.3647;9.25688;3322.63;5.56603;0;0;0.1;0.01;0;1.72292;0;0;-1
0;897;-56.6378;-59.6079;46.1502;8.92538;2978.3;5.3667;0;0;0.1;0.01;0;4.10074;0;0;-1
0;898;-57.0589;-39.1312;47.6029;9.30218;3371.65;5.59327;0;0;0.1;0.01;0;5.77726;0;0;-1
0;899;-57.0485;-23.2586;47.2571;8.5;2572.44;5.11093;0;0;0.1;0.01;0;5.45218;1;0;-1
0;900;-56.8251;-6.91227;48.8091;9.56046;3660.37;5.74857;0;0;0.1;0.01;0;5.90533;0;0;-1
0;901;-54.5978;12.7537;45.9826;8.6949;2753.48;5.22812;0;0;0.1;0.01;0;4.42009;0;0;-1
0;902;-57.7;29.7417;45.9813;8.5;2572.44;5.11093;0;0;0.1;0.01;0;4.65789;1;0;-1
0;903;-56.3033;45.944;47.0301;8.5;2572.44;5.11093;0;0;0.1;0.01;0;4.46057;1;0;-1
0;904;-54.4426;61.3007;46.4126;8.73256;2789.42;5.25076;0;0;0.1;0.01;0;3.4994;0;0;-1
0;905;-40.65;-64.3879;45.878;8.77308;2828.43;5.27513;0;0;0.1;0.01;0;3.66385;0;0;-1
0;906;-40.4026;-50.5805;48.2075;9.14813;3206.9;5.50064;0;0;0.1;0.01;0;5.15949;0;0;-1
0;907;-43.2013;-30.0706;46.097;10.1709;4407.24;6.11561;0;0;0.1;0.01;0;6.05287;0;0;-1
0;908;-41.5091;-14.2926;49.078;8.5;2572.44;5.11093;0;0;0.1;0.01;0;4.98868;1;0;-1
0;909;-41.6406;0.772142;49.2629;8.65928;2719.78;5.2067;0;0;0.1;0.01;0;4.60192;0;0;-1
0;910;-42.0983;16.7749;48.2727;10.2808;4551.66;6.1817;0;0;0.1;0.01;0;5.92354;0;0;-1
0;911;-42.3305;35.876;45.23;8.59133;2656.26;5.16584;0;0;0.1;0.01;0;4.95053;0;0;-1
0;912;-41.2188;53.2395;48.9029;10.1348;4360.48;6.09391;0;0;0.1;0.01;0;6.53687;0;0;-1
0;913;-42.488;69.7232;48.0971;9.85071;4003.97;5.92309;0;0;0.1;0.01;0;4.23821;0;0;-1
0;914;-27.8303;-76.744;46.7367;9.0812;3137.03;5.46039;0;0;0.1;0.01;0;2.96339;0;0;-1
0;915;-26.1679;-55.5045;48.3175;8.59395;2658.69;5.16742;0;0;0.1;0.01;0;5.99654;0;0;-1
0;916;-27.6848;-41.492;46.5253;9.63897;3751.29;5.79577;0;0;0.1;0.01;0;7.5766;0;0;-1
0;917;-28.0323;-24.2555;49.4339;8.5;2572.44;5.11093;0;0;0.1;0.01;0;4.80446;1;0;-1
0;918;-25.7033;-8.79424;47.3296;8.5;2572.44;5.11093;0;0;0.1;0.01;0;4.63802;1;0;-1
0;919;-26.6769;12.026;46.5391;9.92574;4096.16;5.9682;0;0;0.1;0.01;0;5.77877;0;0;-1
0;920;-26.9579;29.5834;48.555;10.2075;4454.99;6.13762;0;0;0.1;0.01;0;7.06242;0;0;-1
0;921;-26.354;45.1525;48.8384;9.22863;3292.31;5.54904;0;0;0.1;0.01;0;6.11861;0;0;-1
0;922;-25.895;60.8823;46.5197;10.3198;4603.65;6.20515;0;0;0.1;0.01;0;6.87294;0;0;-1
0;923;-25.5723;79.3374;48.501;9.1597;3219.08;5.50759;0;0;0.1;0.01;0;3.17687;0;0;-1
0;924;-12.3658;-80.7895;46.0155;8.874;2927.16;5.33581;0;0;0.1;0.01;0;3.07186;0;0;-1
0;925;-11.8841;-64.6893;47.9599;8.62741;2689.86;5.18754;0;0;0.1;0.01;0;4.4556;0;0;-1
0;926;-13.4937;-47.9736;46.57;10.3686;4669.27;6.23449;0;0;0.1;0.01;0;7.52022;0;0;-1
0;927;-12.6911;-33.5668;49.1072;10.005;4195.08;6.01586;0;0;0.1;0.01;0;5.88173;0;0;-1
0;928;-11.4147;-13.8848;48.692;9.93402;4106.42;5.97318;0;0;0.1;0.01;0;6.77189;0;0;-1
0;929;-11.0377;0.26978;46.1069;9.49154;3581.78;5.70713;0;0;0.1;0.01;0;6.64924;0;0;-1
0;930;-13.1763;19.5141;47.8647;10.0132;4205.4;6.02079;0;0;0.1;0.01;0;6.25775;0;0;-1
0;931;-11.2541;37.096;49.0545;8.84922;2902.71;5.32091;0;0;0.1;0.01;0;6.45128;0;0;-1
0;932;-12.2006;52.5421;48.7845;9.02879;3083.03;5.42888;0;0;0.1;0.01;0;7.20833;0;0;-1
0;933;-11.7517;69.7955;48.0747;10.1432;4371.33;6.09896;0;0;0.1;0.01;0;5.8671;0;0;-1
0;934;-12.8172;86.614;47.9955;8.5;2572.44;5.11093;0;0;0.1;0.01;0;1.66599;1;0;-1
0;935;2.05739;-73.1415;45.8737;8.5;2572.44;5.11093;0;0;0.1;0.01;0;4.91306;1;0;-1
0;936;1.61329;-59.4369;46.6191;8.99434;3047.87;5.40817;0;0;0.1;0.01;0;5.60865;0;0;-1
0;937;2.35325;-42.2773;46.9584;9.40872;3488.83;5.65733;0;0;0.1;0.01;0;5.65185;0;0;-1
0;938;1.44551;-22.4107;48.5069;9.3869;3464.62;5.64421;0;0;0.1;0.01;0;5.82036;0;0;-1
0;939;4.30758;-5.38805;49.0441;9.50215;3593.8;5.7135;0;0;0.1;0.01;0;6.81128;0;0;-1
0;940;3.22367;8.86563;49.2381;9.40384;3483.41;5.65439;0;0;0.1;0.01;0;5.80784;0;0;-1
0;941;1.82336;29.6391;47.3215;8.5;2572.44;5.11093;0;0;0.1;0.01;0;5.05067;1;0;-1
0;942;1.08391;45.5421;47.597;8.53776;2606.88;5.13363;0;0;0.1;0.01;0;6.17261;0;0;-1
0;943;1.48555;60.6245;45.6706;9.03964;3094.15;5.4354;0;0;0.1;0.01;0;5.43747;0;0;-1
0;944;4.93294;79.7273;48.6597;10.1102;4328.8;6.07912;0;0;0.1;0.01;0;3.00569;0;0;-1
0;945;18.9285;-84.4712;48.8926;8.82496;2878.9;5.30632;0;0;0.1;0.01;0;1.95475;0;0;-1
0;946;18.2827;-65.9297;46.7081;9.13393;3191.99;5.4921;0;0;0.1;0.01;0;4.6937;0;0;-1
0;947;16.9261;-49.414;46.2863;8.5;2572.44;5.11093;0;0;0.1;0.01;0;4.61293;1;0;-1
0;948;19.3948;-34.3996;45.9317;10.2763;4545.68;6.17899;0;0;0.1;0.01;0;6.56724;0;0;-1
0;949;16.1479;-14.8602;48.4592;9.22523;3288.67;5.547;0;0;0.1;0.01;0;6.3415;0;0;-1
0;950;18.7791;1.80895;48.5233;8.50641;2578.26;5.11478;0;0;0.1;0.01;0;5.65729;0;0;-1
0;951;17.3927;17.4868;46.7733;9.55479;3653.86;5.74516;0;0;0.1;0.01;0;5.23298;0;0;-1
0;952;16.0251;36.3973;49.0151;8.5;2572.44;5.11093;0;0;0.1;0.01;0;4.95198;1;0;-1
0;953;19.2405;50.8478;45.5681;9.03341;3087.76;5.43166;0;0;0.1;0.01;0;5.11172;0;0;-1
0;954;17.4147;71.0969;46.7958;9.52319;3617.73;5.72616;0;0;0.1;0.01;0;4.54272;0;0;-1
0;955;33.2061;-74.2763;48.7889;8.9766;3029.87;5.3975;0;0;0.1;0.01;0;3.24424;0;0;-1
0;956;33.1117;-57.1331;47.8272;9.60965;3717.16;5.77814;0;0;0.1;0.01;0;6.04699;0;0;-1
0;957;33.4746;-39.2158;45.8198;9.85133;4004.73;5.92346;0;0;0.1;0.01;0;6.5418;0;0;-1
0;958;30.7975;-22.5134;46.177;9.98303;4167.5;6.00265;0;0;0.1;0.01;0;6.38967;0;0;-1
0;959;31.9822;-5.04329;47.7717;9.48791;3577.67;5.70494;0;0;0.1;0.01;0;5.83458;0;0;-1
0;960;33.2571;12.0633;47.6414;9.44032;3524.1;5.67633;0;0;0.1;0.01;0;5.4796;0;0;-1
0;961;30.6848;25.785;46.9783;9.75134;3884.02;5.86334;0;0;0.1;0.01;0;6.52773;0;0;-1
0;962;32.7057;43.2082;48.5163;8.95476;3007.81;5.38437;0;0;0.1;0.01;0;6.11767;0;0;-1
0;963;31.8851;59.3279;48.6151;9.99243;4179.28;6.0083;0;0;0.1;0.01;0;6.93241;0;0;-1
0;964;30.9337;76.2512;47.6982;9.44588;3530.33;5.67967;0;0;0.1;0.01;0;4.12693;0;0;-1
0;965;45.9659;-63.7001;46.5694;8.50235;2574.57;5.11234;0;0;0.1;0.01;0;3.30919;0;0;-1
0;966;46.1774;-47.4728;47.5704;10.2055;4452.37;6.13642;0;0;0.1;0.01;0;6.43051;0;0;-1
0;967;47.6507;-31.4604;46.289;8.5;2572.44;5.11093;0;0;0.1;0.01;0;5.04367;1;0;-1
0;968;45.2298;-13.9427;49.0253;9.26855;3335.22;5.57304;0;0;0.1;0.01;0;5.88968;0;0;-1
0;969;45.8966;-0.222679;45.3743;8.5;2572.44;5.11093;0;0;0.1;0.01;0;5.34656;1;0;-1
0;970;47.7162;20.784;46.8838;10.0206;4214.73;6.02524;0;0;0.1;0.01;0;7.16753;0;0;-1
0;971;45.3024;36.6204;48.5894;9.44979;3534.72;5.68202;0;0;0.1;0.01;0;6.8008;0;0;-1
0;972;46.4709;54.7681;49.1023;9.69619;3818.49;5.83018;0;0;0.1;0.01;0;5.88269;0;0;-1
0;973;45.6634;72.0068;48.4206;9.86394;4020.13;5.93104;0;0;0.1;0.01;0;3.34188;0;0;-1
0;974;63.7017;-58.7682;46.4807;8.74716;2803.43;5.25954;0;0;0.1;0.01;0;2.38221;0;0;-1
0;975;62.0118;-42.3754;47.6424;9.36522;3440.67;5.63117;0;0;0.1;0.01;0;5.04938;0;0;-1
0;976;59.8946;-24.0742;48.521;8.5;2572.44;5.11093;0;0;0.1;0.01;0;4.85956;1;0;-1
0;977;63.6097;-8.6979;46.8155;10.1425;4370.42;6.09854;0;0;0.1;0.01;0;6.67204;0;0;-1
0;978;60.6627;8.13073;47.1508;9.86993;4027.46;5.93465;0;0;0.1;0.01;0;6.38183;0;0;-1
0;979;61.5238;26.8079;46.1135;9.90075;4065.3;5.95318;0;0;0.1;0.01;0;6.42661;0;0;-1
0;980;60.1712;43.6484;46.0423;10.1384;4365.13;6.09607;0;0;0.1;0.01;0;6.24494;0;0;-1
0;981;61.1679;61;46.9979;9.12844;3186.24;5.4888;0;0;0.1;0.01;0;3.76114;0;0;-1
0;982;77.2948;-30.3734;48.644;8.61289;2676.3;5.17881;0;0;0.1;0.01;0;2.62307;0;0;-1
0;983;77.1314;-17.0984;47.729;8.5;2572.44;5.11093;0;0;0.1;0.01;0;3.16156;1;0;-1
0;984;75.5663;1.83152;46.5492;9.84126;3992.46;5.91741;0;0;0.1;0.01;0;5.04641;0;0;-1
0;985;78.6901;17.3407;48.7982;10.0526;4255.24;6.04448;0;0;0.1;0.01;0;4.18565;0;0;-1
0;986;75.2828;34.6948;45.92;10.2898;4563.62;6.18711;0;0;0.1;0.01;0;4.40718;0;0;-1
0;987;-65.6095;-30.2883;62.2628;8.57744;2643.39;5.15749;0;0;0.1;0.01;0;3.43701;0;0;-1
0;988;-66.5755;-15.4239;63.5515;8.87947;2932.58;5.3391;0;0;0.1;0.01;0;3.53986;0;0;-1
0;989;-66.6947;0.551452;61.3357;8.52153;2592.04;5.12387;0;0;0.1;0.01;0;3.47962;0;0;-1
0;990;-66.1489;19.5121;63.9353;9.60852;3715.85;5.77746;0;0;0.1;0.01;0;3.35561;0;0;-1
0;991;-51.8188;-58.4771;60.4525;9.06277;3117.97;5.44931;0;0;0.1;0.01;0;2.13728;0;0;-1
0;992;-51.416;-38.7573;63.627;10.4312;4754.35;6.27213;0;0;0.1;0.01;0;5.19932;0;0;-1
0;993;-50.7465;-24.5032;63.3062;8.99047;3043.94;5.40584;0;0;0.1;0.01;0;6.41255;0;0;-1
0;994;-52.7057;-8.78889;61.3348;8.75928;2815.1;5.26683;0;0;0.1;0.01;0;4.57324;0;0;-1
0;995;-53.489;10.3295;61.6459;10.3467;4639.75;6.22132;0;0;0.1;0.01;0;5.60315;0;0;-1
0;996;-53.023;27.1255;62.1062;8.5119;2583.26;5.11808;0;0;0.1;0.01;0;4.04295;0;0;-1
0;997;-51.753;46.5253;61.7988;9.49673;3587.66;5.71025;0;0;0.1;0.01;0;3.02861;0;0;-1
0;998;-36.3731;-47.5568;60.5193;9.31429;3384.84;5.60055;0;0;0.1;0.01;0;6.18579;0;0;-1
0;999;-36.9152;-33.1651;64.163;8.56914;2635.73;5.1525;0;0;0.1;0.01;0;5.89238;0;0;-1
0;1000;-35.4733;-15.6552;62.6717;9.77893;3917.08;5.87993;0;0;0.1;0.01;0;6.62055;0;0;-1
0;1001;-36.167;1.45442;63.9647;8.73934;2795.92;5.25484;0;0;0.1;0.01;0;4.87458;0;0;-1
0;1002;-35.0663;19.5876;62.218;8.80965;2863.94;5.29711;0;0;0.1;0.01;0;5.88769;0;0;-1
0;1003;-35.2292;37.0934;60.6626;9.96828;4149.06;5.99378;0;0;0.1;0.01;0;6.29452;0;0;-1
0;1004;-38.3061;52.259;63.8419;9.47991;3568.63;5.70013;0;0;0.1;0.01;0;3.9451;0;0;-1
0;1005;-38.3144;67.9578;60.6929;9.61487;3723.22;5.78128;0;0;0.1;0.01;0;3.18506;0;0;-1
0;1006;-21.3181;-73.2361;63.7671;8.5;2572.44;5.11093;0;0;0.1;0.01;0;1.71222;1;0;-1
0;1007;-23.2932;-57.0272;62.2435;10.4;4711.82;6.25337;0;0;0.1;0.01;0;6.18665;0;0;-1
0;1008;-22.2435;-40.8616;61.3938;10.2717;4539.58;6.17622;0;0;0.1;0.01;0;8.02866;0;0;-1
0;1009;-21.3023;-22.733;63.6578;8.53442;2603.82;5.13162;0;0;0.1;0.01;0;6.24273;0;0;-1
0;1010;-21.9759;-5.56474;62.1254;10.3597;4657.26;6.22914;0;0;0.1;0.01;0;6.43737;0;0;-1
0;1011;-22.1208;10.5229;60.8579;8.5;2572.44;5.11093;0;0;0.1;0.01;0;3.6317;1;0;-1
0;1012;-23.7879;26.8105;63.5285;9.01866;3072.66;5.42279;0;0;0.1;0.01;0;4.69402;0;0;-1
0;1013;-22.4074;44.4742;62.8096;9.87176;4029.7;5.93575;0;0;0.1;0.01;0;6.77221;0;0;-1
0;1014;-21.8325;59.7024;60.1808;8.81698;2871.1;5.30152;0;0;0.1;0.01;0;5.43607;0;0;-1
0;1015;-7.87677;-67.6896;60.3447;8.52518;2595.37;5.12607;0;0;0.1;0.01;0;3.88997;0;0;-1
0;1016;-7.87069;-47.7046;63.1317;10.2311;4485.96;6.15181;0;0;0.1;0.01;0;6.71332;0;0;-1
0;1017;-5.56306;-29.888;63.3941;9.05885;3113.92;5.44696;0;0;0.1;0.01;0;6.57643;0;0;-1
0;1018;-6.85052;-15.3343;60.9725;8.54701;2615.36;5.13919;0;0;0.1;0.01;0;6.62655;0;0;-1
0;1019;-8.78231;0.617687;60.7698;8.5;2572.44;5.11093;0;0;0.1;0.01;0;4.71344;1;0;-1
0;1020;-6.95936;20.8299;60.3901;8.92528;2978.2;5.36664;0;0;0.1;0.01;0;4.61457;0;0;-1
0;1021;-8.83339;36.0122;63.5777;9.68264;3802.51;5.82203;0;0;0.1;0.01;0;7.04756;0;0;-1
0;1022;-6.472;52.1445;61.0318;9.64341;3756.48;5.79844;0;0;0.1;0.01;0;7.58034;0;0;-1
0;1023;-7.43524;67.6708;60.8714;10.3052;4584.14;6.19637;0;0;0.1;0.01;0;4.93644;0;0;-1
0;1024;5.31992;-73.769;61.9498;8.5;2572.44;5.11093;0;0;0.1;0.01;0;2.23695;1;0;-1
0;1025;6.87305;-57.4059;62.2997;10.176;4413.87;6.11868;0;0;0.1;0.01;0;5.8172;0;0;-1
0;1026;7.7441;-39.3534;61.0387;8.5;2572.44;5.11093;0;0;0.1;0.01;0;4.5533;1;0;-1
0;1027;6.38258;-22.6905;62.3481;9.92312;4092.92;5.96663;0;0;0.1;0.01;0;6.7114;0;0;-1
0;1028;9.17328;-6.37332;62.4713;10.2402;4497.94;6.15728;0;0;0.1;0.01;0;6.85706;0;0;-1
0;1029;8.78018;12.1959;62.2428;8.66534;2725.5;5.21034;0;0;0.1;0.01;0;4.78809;0;0;-1
0;1030;7.91477;26.3204;63.416;8.5;2572.44;5.11093;0;0;0.1;0.01;0;5.49231;1;0;-1
0;1031;7.42251;42.0724;60.0827;10.2988;4575.6;6.19252;0;0;0.1;0.01;0;6.63307;0;0;-1
0;1032;6.63642;63.0886;63.2928;9.3194;3390.41;5.60362;0;0;0.1;0.01;0;4.62198;0;0;-1
0;1033;21.3041;-63.8638;60.9629;8.5;2572.44;5.11093;0;0;0.1;0.01;0;3.70082;1;0;-1
0;1034;23.2548;-50.3012;61.9533;8.5;2572.44;5.11093;0;0;0.1;0.01;0;4.43476;1;0;-1
0;1035;20.9345;-32.3647;61.0307;8.5;2572.44;5.11093;0;0;0.1;0.01;0;3.8328;1;0;-1
0;1036;24.2158;-12.6679;60.3641;8.5;2572.44;5.11093;0;0;0.1;0.01;0;5.40667;1;0;-1
0;1037;20.6143;2.95351;61.7847;8.5;2572.44;5.11093;0;0;0.1;0.01;0;5.06589;1;0;-1
0;1038;23.0814;19.7976;63.7354;10.3275;4613.96;6.20978;0;0;0.1;0.01;0;7.34203;0;0;-1
0;1039;21.928;37.8445;63.1512;8.70203;2760.26;5.2324;0;0;0.1;0.01;0;5.68743;0;0;-1
0;1040;21.5788;53.1587;60.4223;8.5;2572.44;5.11093;0;0;0.1;0.01;0;5.29696;1;0;-1
0;1041;22.1381;69.1085;61.3887;9.0674;3122.75;5.4521;0;0;0.1;0.01;0;3.39276;0;0;-1
0;1042;34.6712;-59.7316;63.5386;8.5;2572.44;5.11093;0;0;0.1;0.01;0;2.17326;1;0;-1
0;1043;36.1558;-39.3436;62.5731;9.23923;3303.66;5.55541;0;0;0.1;0.01;0;4.51222;0;0;-1
0;1044;38.1833;-22.8107;61.894;8.81792;2872.02;5.30209;0;0;0.1;0.01;0;4.89354;0;0;-1
0;1045;35.7972;-5.06067;62.6107;8.95321;3006.25;5.38344;0;0;0.1;0.01;0;4.80372;0;0;-1
0;1046;38.2655;12.2874;61.382;9.45337;3538.74;5.68417;0;0;0.1;0.01;0;5.64881;0;0;-1
0;1047;37.9521;26.2067;60.25;8.5;2572.44;5.11093;0;0;0.1;0.01;0;6.7332;1;0;-1
0;1048;35.5237;43.3575;63.5191;9.23679;3301.05;5.55395;0;0;0.1;0.01;0;5.62955;0;0;-1
0;1049;38.6613;60.4737;63.3778;9.72555;3853.28;5.84783;0;0;0.1;0.01;0;3.94906;0;0;-1
0;1050;53.4543;-48.7328;61.7442;9.52246;3616.9;5.72572;0;0;0.1;0.01;0;3.2244;0;0;-1
0;1051;50.3686;-33.3939;60.8822;8.5;2572.44;5.11093;0;0;0.1;0.01;0;4.87506;1;0;-1
0;1052;51.025;-15.2815;62.1392;9.58171;3684.83;5.76134;0;0;0.1;0.01;0;5.69795;0;0;-1
0;1053;50.0368;0.793029;62.7005;8.5;2572.44;5.11093;0;0;0.1;0.01;0;4.12864;1;0;-1
0;1054;50.5499;20.6953;60.9298;8.5;2572.44;5.11093;0;0;0.1;0.01;0;5.72309;1;0;-1
0;1055;50.8725;34.8038;61.8178;9.8158;3961.56;5.9021;0;0;0.1;0.01;0;6.01776;0;0;-1
0;1056;53.6968;53.0089;62.7335;10.1404;4367.71;6.09728;0;0;0.1;0.01;0;3.14316;0;0;-1
0;1057;67.0759;-40.8614;60.8952;10.4293;4751.76;6.27099;0;0;0.1;0.01;0;2.85204;0;0;-1
0;1058;64.4544;-21.5146;62.1442;8.5;2572.44;5.11093;0;0;0.1;0.01;0;2.95786;1;0;-1
0;1059;64.4408;-5.43885;61.8776;8.5;2572.44;5.11093;0;0;0.1;0.01;0;4.08025;1;0;-1
0;1060;66.7716;9.19935;60.658;9.7064;3830.57;5.83632;0;0;0.1;0.01;0;3.2863;0;0;-1
0;1061;65.1704;25.0329;60.1617;8.80062;2855.15;5.29169;0;0;0.1;0.01;0;2.82089;0;0;-1
0;1062;-54.426;-23.7641;75.9878;9.34551;3418.99;5.61932;0;0;0.1;0.01;0;3.60212;0;0;-1
0;1063;-56.5052;-4.70147;78.7085;8.5;2572.44;5.11093;0;0;0.1;0.01;0;1.66289;1;0;-1
0;1064;-54.9423;10.6811;76.2434;9.32397;3395.4;5.60637;0;0;0.1;0.01;0;3.90543;0;0;-1
0;1065;-56.4426;29.7253;75.0179;10.447;4775.99;6.28163;0;0;0.1;0.01;0;3.23437;0;0;-1
0;1066;-40.0288;-48.964;77.0248;8.5;2572.44;5.11093;0;0;0.1;0.01;0;2.24615;1;0;-1
0;1067;-42.2501;-30.7983;77.7909;8.79456;2849.25;5.28804;0;0;0.1;0.01;0;4.74975;0;0;-1
0;1068;-40.3992;-15.9278;75.0959;9.98709;4172.59;6.00509;0;0;0.1;0.01;0;6.54577;0;0;-1
0;1069;-40.4537;2.87121;77.9511;9.51488;3608.27;5.72116;0;0;0.1;0.01;0;5.7305;0;0;-1
0;1070;-41.6319;17.7811;74.6447;8.54694;2615.29;5.13915;0;0;0.1;0.01;0;5.54993;0;0;-1
0;1071;-39.3194;33.6825;76.4733;9.87209;4030.1;5.93594;0;0;0.1;0.01;0;4.14436;0;0;-1
0;1072;-24.3903;-55.1595;76.9424;9.73996;3870.44;5.8565;0;0;0.1;0.01;0;3.46798;0;0;-1
0;1073;-26.2714;-40.8473;74.9477;9.02504;3079.19;5.42663;0;0;0.1;0.01;0;5.50556;0;0;-1
0;1074;-27.4698;-23.1536;76.5337;10.0637;4269.35;6.05116;0;0;0.1;0.01;0;7.01294;0;0;-1
0;1075;-27.2465;-4.5199;77.9008;9.34698;3420.6;5.6202;0;0;0.1;0.01;0;6.54908;0;0;-1
0;1076;-24.9814;12.2885;77.0434;9.04555;3100.23;5.43896;0;0;0.1;0.01;0;5.77535;0;0;-1
0;1077;-25.7856;26.5322;77.3016;9.31413;3384.66;5.60045;0;0;0.1;0.01;0;5.89795;0;0;-1
0;1078;-25.3417;43.7273;77.7604;9.28589;3353.97;5.58347;0;0;0.1;0.01;0;3.80775;0;0;-1
0;1079;-10.066;-47.8116;76.4066;8.80812;2862.45;5.29619;0;0;0.1;0.01;0;4.92328;0;0;-1
0;1080;-12.4525;-31.1445;76.4165;10.2266;4480.05;6.14911;0;0;0.1;0.01;0;7.47874;0;0;-1
0;1081;-12.8022;-16.1712;74.6147;9.40462;3484.27;5.65486;0;0;0.1;0.01;0;7.35155;0;0;-1
0;1082;-13.5655;0.326568;78.4974;10.2202;4471.64;6.14526;0;0;0.1;0.01;0;6.59511;0;0;-1
0;1083;-11.4821;20.5727;78.3203;8.95194;3004.97;5.38267;0;0;0.1;0.01;0;5.80999;0;0;-1
0;1084;-10.885;36.5102;76.7751;10.0821;4292.81;6.06222;0;0;0.1;0.01;0;7.2756;0;0;-1
0;1085;-11.9878;51.5981;76.3132;9.93362;4105.93;5.97294;0;0;0.1;0.01;0;4.78254;0;0;-1
0;1086;3.54436;-58.847;76.6012;10.3992;4710.73;6.25289;0;0;0.1;0.01;0;3.37181;0;0;-1
0;1087;1.37654;-42.2258;78.4821;8.5;2572.44;5.11093;0;0;0.1;0.01;0;4.97762;1;0;-1
0;1088;4.76928;-23.2453;76.3343;10.0445;4244.96;6.03961;0;0;0.1;0.01;0;6.80742;0;0;-1
0;1089;1.30028;-7.59461;78.2466;9.92445;4094.57;5.96743;0;0;0.1;0.01;0;6.26965;0;0;-1
0;1090;3.27447;11.4176;77.6376;8.90179;2954.75;5.35252;0;0;0.1;0.01;0;4.54067;0;0;-1
0;1091;1.50752;27.3597;77.7816;9.65841;3774.03;5.80746;0;0;0.1;0.01;0;7.23915;0;0;-1
0;1092;2.541;42.4954;76.4689;10.3015;4579.2;6.19414;0;0;0.1;0.01;0;6.33636;0;0;-1
0;1093;4.04564;61.3698;76.5696;9.70352;3827.16;5.83459;0;0;0.1;0.01;0;3.29109;0;0;-1
0;1094;16.4738;-49.6003;74.9923;8.82222;2876.22;5.30467;0;0;0.1;0.01;0;3.51585;0;0;-1
0;1095;17.4684;-30.7385;77.8435;9.94785;4123.6;5.9815;0;0;0.1;0.01;0;6.04419;0;0;-1
0;1096;18.5019;-13.1227;74.6077;9.11763;3174.93;5.4823;0;0;0.1;0.01;0;6.14111;0;0;-1
0;1097;16.7234;3.33896;76.3022;8.78297;2838;5.28107;0;0;0.1;0.01;0;5.25291;0;0;-1
0;1098;18.4079;20.1256;76.752;8.5;2572.44;5.11093;0;0;0.1;0.01;0;5.81157;1;0;-1
0;1099;18.6034;33.9782;76.0139;10.0972;4312.13;6.0713;0;0;0.1;0.01;0;7.30737;0;0;-1
0;1100;18.5673;54.428;76.1434;9.59276;3697.6;5.76799;0;0;0.1;0.01;0;3.60175;0;0;-1
0;1101;32.5524;-40.2002;76.4257;10.1849;4425.47;6.12403;0;0;0.1;0.01;0;3.81305;0;0;-1
0;1102;31.2482;-22.9476;78.5519;10.1291;4353.13;6.09048;0;0;0.1;0.01;0;5.58297;0;0;-1
0;1103;31.1806;-5.9881;77.3432;8.5572;2624.72;5.14532;0;0;0.1;0.01;0;5.20088;0;0;-1
0;1104;32.373;11.742;76.1684;9.07028;3125.72;5.45383;0;0;0.1;0.01;0;4.46345;0;0;-1
0;1105;34.5171;28.411;76.6486;10.3011;4578.67;6.1939;0;0;0.1;0.01;0;5.87547;0;0;-1
0;1106;30.9521;46.4964;78.1599;10.3268;4613.03;6.20935;0;0;0.1;0.01;0;4.1696;0;0;-1
0;1107;49.0854;-30.3952;78.6666;9.26179;3327.92;5.56898;0;0;0.1;0.01;0;1.69095;0;0;-1
0;1108;45.4474;-13.8838;75.3081;8.5304;2600.14;5.12921;0;0;0.1;0.01;0;4.76283;0;0;-1
0;1109;47.4449;0.400857;77.979;8.55106;2619.08;5.14163;0;0;0.1;0.01;0;3.45405;0;0;-1
0;1110;48.3204;20.0346;74.919;9.58572;3689.46;5.76375;0;0;0.1;0.01;0;3.86994;0;0;-1
0;1111;49.012;36.2375;77.4637;8.5;2572.44;5.11093;0;0;0.1;0.01;0;2.34085;1;0;-1
0;1112;60.4392;-6.10789;78.4434;8.5;2572.44;5.11093;0;0;0.1;0.01;0;1.59595;1;0;-1
0;1113;-36.2705;-15.7299;89.6398;9.8315;3980.59;5.91154;0;0;0.1;0.01;0;4.24665;0;0;-1
0;1114;-36.4133;1.5682;91.2422;8.5;2572.44;5.11093;0;0;0.1;0.01;0;3.9229;1;0;-1
0;1115;-38.446;16.9533;89.8854;10.0141;4206.53;6.02133;0;0;0.1;0.01;0;3.77136;0;0;-1
0;1116;-21.1034;-24.4715;90.0501;10.4526;4783.67;6.285;0;0;0.1;0.01;0;4.94845;0;0;-1
0;1117;-23.4157;-6.36069;93.0732;10.0382;4236.98;6.03582;0;0;0.1;0.01;0;4.54164;0;0;-1
0;1118;-22.7433;11.6913;89.7676;8.5;2572.44;5.11093;0;0;0.1;0.01;0;4.56496;1;0;-1
0;1119;-21.6274;27.6346;93.3743;10.1704;4406.59;6.11531;0;0;0.1;0.01;0;3.63763;0;0;-1
0;1120;-7.47637;-31.4734;90.7929;9.99572;4183.41;6.01028;0;0;0.1;0.01;0;4.74599;0;0;-1
0;1121;-8.53515;-14.0094;89.4426;9.49792;3589.01;5.71096;0;0;0.1;0.01;0;6.43361;0;0;-1
0;1122;-6.5138;1.18353;92.6631;9.92513;4095.41;5.96784;0;0;0.1;0.01;0;5.31214;0;0;-1
0;1123;-5.80801;19.1304;93.3169;10.3778;4681.71;6.24002;0;0;0.1;0.01;0;5.37885;0;0;-1
0;1124;-7.60935;35.0404;92.3583;8.5;2572.44;5.11093;0;0;0.1;0.01;0;3.71107;1;0;-1
0;1125;5.42077;-38.5689;92.1453;8.64182;2703.36;5.1962;0;0;0.1;0.01;0;2.7729;0;0;-1
0;1126;6.63395;-23.3661;92.1227;9.97299;4154.94;5.99661;0;0;0.1;0.01;0;4.85896;0;0;-1
0;1127;7.3278;-5.04161;91.6047;9.76217;3896.98;5.86985;0;0;0.1;0.01;0;4.37129;0;0;-1
0;1128;6.66371;10.8049;91.2171;9.29955;3368.79;5.59168;0;0;0.1;0.01;0;4.12241;0;0;-1
0;1129;6.09818;28.7488;90.0614;9.47028;3557.76;5.69434;0;0;0.1;0.01;0;5.33334;0;0;-1
0;1130;23.7565;-31.9693;89.8625;8.5;2572.44;5.11093;0;0;0.1;0.01;0;2.94796;1;0;-1
0;1131;20.7088;-13.4747;89.3552;8.96289;3016.01;5.38926;0;0;0.1;0.01;0;4.8226;0;0;-1
0;1132;22.7927;0.119889;90.1658;8.56343;2630.46;5.14907;0;0;0.1;0.01;0;3.46863;0;0;-1
0;1133;20.0111;20.8202;90.9639;8.88242;2935.5;5.34087;0;0;0.1;0.01;0;3.25181;0;0;-1
0;1134;20.8927;36.7163;90.3414;8.61361;2676.97;5.17924;0;0;0.1;0.01;0;2.72055;0;0;-1
0;1135;37.3241;-7.80777;89.7316;9.767;3902.76;5.87276;0;0;0.1;0.01;0;3.63689;0;0;-1
0;1136;35.4263;9.72211;91.1688;8.5238;2594.11;5.12524;0;0;0.1;0.01;0;1.9628;0;0;-1
