Time;ID;x;y;z;radius;volume_total;radius_nuclear;contact_ECM;freezer;polarized_fraction;motility;cell_line;Cell_cell;phase;Cycle;NFkB
0;0;-51.3164;-4.61323;-83.4267;8.5;2572.44;5.11093;0;0;0.1;0.01;0;2.64408;1;0;-1
0;1;-37.435;-33.3426;-84.6857;9.8791;4038.69;5.94016;0;0;0.1;0.01;0;2.67565;0;0;-1
0;2;-37.6585;-13.825;-86.4855;8.5;2572.44;5.11093;0;0;0.1;0.01;0;2.65121;1;0;-1
0;3;-38.5089;0.472393;-85.5899;8.93259;2985.53;5.37104;0;0;0.1;0.01;0;2.49598;0;0;-1
0;4;-35.4904;20.6056;-84.3375;10.0373;4235.84;6.03528;0;0;0.1;0.01;0;3.05504;0;0;-1
0;5;-21.8008;-40.627;-87.255;9.31441;3384.97;5.60062;0;0;0.1;0.01;0;2.80958;0;0;-1
0;6;-20.5489;-22.4;-85.9382;8.72424;2781.45;5.24576;0;0;0.1;0.01;0;4.23739;0;0;-1
0;7;-21.0293;-8.42175;-84.5089;8.68751;2746.47;5.22367;0;0;0.1;0.01;0;4.10788;0;0;-1
0;8;-20.3048;10.7197;-85.9732;8.9461;2999.09;5.37916;0;0;0.1;0.01;0;3.39447;0;0;-1
0;9;-22.299;28.762;-84.0091;9.1147;3171.87;5.48054;0;0;0.1;0.01;0;3.81264;0;0;-1
0;10;-8.84409;-49.334;-83.4175;10.3831;4688.89;6.24321;0;0;0.1;0.01;0;3.6086;0;0;-1
0;11;-7.09667;-30.7523;-87.166;9.25676;3322.5;5.56596;0;0;0.1;0.01;0;4.75115;0;0;-1
0;12;-6.80639;-16.6146;-86.2467;8.92614;2979.06;5.36716;0;0;0.1;0.01;0;5.07882;0;0;-1
0;13;-6.59201;0.141728;-85.5195;10.1914;4433.94;6.12794;0;0;0.1;0.01;0;5.01956;0;0;-1
0;14;-7.56795;20.0303;-83.7601;10.1998;4444.92;6.13299;0;0;0.1;0.01;0;5.00679;0;0;-1
0;15;-7.67393;38.2917;-83.9326;9.71243;3837.71;5.83994;0;0;0.1;0.01;0;3.32131;0;0;-1
0;16;7.44566;-40.8712;-85.9496;10.0896;4302.4;6.06673;0;0;0.1;0.01;0;4.84884;0;0;-1
0;17;6.40429;-24.236;-83.4887;10.0954;4309.82;6.07022;0;0;0.1;0.01;0;6.03697;0;0;-1
0;18;8.72615;-6.01954;-85.8379;8.76963;2825.09;5.27305;0;0;0.1;0.01;0;3.89235;0;0;-1
0;19;6.47679;10.9347;-86.7615;8.73724;2793.9;5.25358;0;0;0.1;0.01;0;2.66636;0;0;-1
0;20;7.75301;27.7562;-87.3876;8.84193;2895.54;5.31652;0;0;0.1;0.01;0;3.18382;0;0;-1
0;21;8.87955;45.3827;-83.5757;10.2972;4573.47;6.19156;0;0;0.1;0.01;0;3.80226;0;0;-1
0;22;20.2425;-49.1556;-84.4944;9.44966;3534.57;5.68194;0;0;0.1;0.01;0;3.2343;0;0;-1
0;23;23.3344;-34.0347;-86.6664;10.0918;4305.21;6.06805;0;0;0.1;0.01;0;5.12358;0;0;-1
0;24;20.6096;-15.729;-84.971;8.5;2572.44;5.11093;0;0;0.1;0.01;0;3.28052;1;0;-1
0;25;22.4766;3.45331;-86.8642;8.58914;2654.22;5.16453;0;0;0.1;0.01;0;3.59147;0;0;-1
0;26;23.6337;20.3892;-84.4808;8.88816;2941.2;5.34432;0;0;0.1;0.01;0;4.47793;0;0;-1
0;27;23.5483;37.742;-84.8646;9.8457;3997.87;5.92008;0;0;0.1;0.01;0;3.6929;0;0;-1
0;28;36.3519;-40.193;-83.6434;9.99562;4183.29;6.01022;0;0;0.1;0.01;0;3.76922;0;0;-1
0;29;35.4679;-25.545;-86.1281;8.5;2572.44;5.11093;0;0;0.1;0.01;0;3.01445;1;0;-1
0;30;37.2109;-5.59765;-85.2964;10.2046;4451.19;6.13588;0;0;0.1;0.01;0;2.52974;0;0;-1
0;31;36.5595;10.8592;-83.9732;10.2277;4481.49;6.14977;0;0;0.1;0.01;0;3.93783;0;0;-1
0;32;37.5874;26.9802;-83.9286;10.0868;4298.82;6.06505;0;0;0.1;0.01;0;4.35744;0;0;-1
0;33;-70.526;-14.7643;-69.3763;9.3986;3477.59;5.65124;0;0;0.1;0.01;0;2.28093;0;0;-1
0;34;-57.8106;-39.4461;-71.3456;9.97762;4160.73;5.9994;0;0;0.1;0.01;0;3.10501;0;0;-1
0;35;-56.6682;-25.1903;-72.491;9.30194;3371.39;5.59312;0;0;0.1;0.01;0;3.99683;0;0;-1
0;36;-54.7627;-8.89786;-70.8558;8.5;2572.44;5.11093;0;0;0.1;0.01;0;4.503;1;0;-1
0;37;-56.2952;9.85885;-69.796;10.3383;4628.45;6.21627;0;0;0.1;0.01;0;3.50498;0;0;-1
0;38;-57.7875;28.471;-71.5058;8.5;2572.44;5.11093;0;0;0.1;0.01;0;2.15665;1;0;-1
0;39;-54.6548;46.9007;-68.5797;9.52835;3623.61;5.72926;0;0;0.1;0.01;0;3.24097;0;0;-1
0;40;-41.5486;-51.3111;-72.6789;9.08313;3139.03;5.46155;0;0;0.1;0.01;0;2.11032;0;0;-1
0;41;-41.3951;-30.4531;-70.9845;9.44447;3528.75;5.67882;0;0;0.1;0.01;0;5.73747;0;0;-1
0;42;-42.2317;-16.6244;-69.6677;10.4347;4759.14;6.27423;0;0;0.1;0.01;0;6.85647;0;0;-1
0;43;-39.4105;1.7289;-69.0963;8.5;2572.44;5.11093;0;0;0.1;0.01;0;4.22187;1;0;-1
0;44;-42.3746;16.7526;-69.0669;8.5;2572.44;5.11093;0;0;0.1;0.01;0;4.68339;1;0;-1
0;45;-42.4213;34.2507;-69.8609;9.48534;3574.76;5.7034;0;0;0.1;0.01;0;5.21312;0;0;-1
0;46;-41.2139;53.4637;-69.4173;8.5;2572.44;5.11093;0;0;0.1;0.01;0;3.80402;1;0;-1
0;47;-26.5804;-57.1955;-70.358;8.69547;2754.02;5.22846;0;0;0.1;0.01;0;4.02417;0;0;-1
0;48;-28.5607;-42.5893;-68.4945;10.4235;4743.83;6.2675;0;0;0.1;0.01;0;6.38753;0;0;-1
0;49;-26.2518;-24.741;-70.6765;8.78999;2844.81;5.28529;0;0;0.1;0.01;0;5.81307;0;0;-1
0;50;-24.728;-8.81036;-71.8622;8.5;2572.44;5.11093;0;0;0.1;0.01;0;4.47419;1;0;-1
0;51;-26.8789;11.1053;-69.6503;9.33999;3412.93;5.616;0;0;0.1;0.01;0;5.3507;0;0;-1
0;52;-26.0038;26.9247;-69.2438;10.0291;4225.46;6.03035;0;0;0.1;0.01;0;6.56873;0;0;-1
0;53;-27.6148;43.7343;-70.6735;9.33376;3406.11;5.61225;0;0;0.1;0.01;0;4.60011;0;0;-1
0;54;-27.1643;62.1957;-69.8086;9.79464;3935.99;5.88937;0;0;0.1;0.01;0;3.73877;0;0;-1
0;55;-13.5673;-63.8503;-69.0161;9.87774;4037.02;5.93934;0;0;0.1;0.01;0;4.04114;0;0;-1
0;56;-13.8239;-48.1377;-68.3378;8.5;2572.44;5.11093;0;0;0.1;0.01;0;5.71988;1;0;-1
0;57;-11.346;-31.183;-72.6064;8.91585;2968.77;5.36097;0;0;0.1;0.01;0;5.09677;0;0;-1
0;58;-12.6964;-15.0524;-70.9676;9.29638;3365.35;5.58978;0;0;0.1;0.01;0;6.58815;0;0;-1
0;59;-9.95077;1.96409;-71.7798;9.45092;3535.99;5.6827;0;0;0.1;0.01;0;5.80896;0;0;-1
0;60;-11.644;16.588;-70.1477;8.82064;2874.68;5.30372;0;0;0.1;0.01;0;5.34522;0;0;-1
0;61;-11.8849;36.6285;-70.9283;9.09843;3154.92;5.47075;0;0;0.1;0.01;0;4.65147;0;0;-1
0;62;-10.7504;55.0827;-70.3598;9.75011;3882.55;5.8626;0;0;0.1;0.01;0;3.31334;0;0;-1
0;63;2.18049;-56.2458;-69.0693;9.01971;3073.73;5.42342;0;0;0.1;0.01;0;4.73701;0;0;-1
0;64;3.94548;-40.1496;-72.0496;8.76763;2823.16;5.27185;0;0;0.1;0.01;0;5.19908;0;0;-1
0;65;2.71774;-22.8972;-68.5031;10.2393;4496.76;6.15674;0;0;0.1;0.01;0;7.07043;0;0;-1
0;66;4.34021;-7.97837;-72.0164;9.90275;4067.77;5.95438;0;0;0.1;0.01;0;6.59554;0;0;-1
0;67;2.35175;10.1677;-69.2122;8.5;2572.44;5.11093;0;0;0.1;0.01;0;4.96678;1;0;-1
0;68;4.40138;26.7922;-69.6861;8.5;2572.44;5.11093;0;0;0.1;0.01;0;4.49258;1;0;-1
0;69;4.43843;45.7971;-70.544;9.40266;3482.1;5.65368;0;0;0.1;0.01;0;6.07202;0;0;-1
0;70;3.50621;63.7155;-70.1482;9.87208;4030.09;5.93594;0;0;0.1;0.01;0;3.454;0;0;-1
0;71;16.3311;-66.2661;-69.8979;9.33398;3406.35;5.61239;0;0;0.1;0.01;0;2.89258;0;0;-1
0;72;15.9682;-47.1646;-70.9259;8.71329;2770.99;5.23917;0;0;0.1;0.01;0;4.75347;0;0;-1
0;73;19.2589;-30.2049;-70.8768;10.2304;4485.04;6.15139;0;0;0.1;0.01;0;6.89129;0;0;-1
0;74;16.4041;-14.0951;-69.2264;8.5;2572.44;5.11093;0;0;0.1;0.01;0;6.6984;1;0;-1
0;75;16.9973;1.22077;-71.3271;9.24351;3308.26;5.55799;0;0;0.1;0.01;0;5.4418;0;0;-1
0;76;16.0018;18.2061;-69.2007;8.72477;2781.96;5.24608;0;0;0.1;0.01;0;4.98915;0;0;-1
0;77;17.3091;35.4407;-70.6347;9.03495;3089.34;5.43258;0;0;0.1;0.01;0;5.48995;0;0;-1
0;78;19.4548;55.0772;-70.2789;10.194;4437.34;6.1295;0;0;0.1;0.01;0;4.06728;0;0;-1
0;79;31.0858;-57.7985;-69.471;8.5;2572.44;5.11093;0;0;0.1;0.01;0;3.35801;1;0;-1
0;80;31.7649;-38.529;-68.4291;9.87873;4038.24;5.93994;0;0;0.1;0.01;0;6.27459;0;0;-1
0;81;32.0149;-21.8248;-69.6422;8.5;2572.44;5.11093;0;0;0.1;0.01;0;4.93323;1;0;-1
0;82;33.3359;-6.34198;-68.8062;9.53103;3626.67;5.73087;0;0;0.1;0.01;0;5.57081;0;0;-1
0;83;30.5711;12.4401;-71.3009;9.73152;3860.39;5.85142;0;0;0.1;0.01;0;6.45276;0;0;-1
0;84;33.6232;28.6041;-68.5216;10.0382;4236.98;6.03582;0;0;0.1;0.01;0;6.88762;0;0;-1
0;85;34.0094;43.7491;-71.9701;8.5;2572.44;5.11093;0;0;0.1;0.01;0;4.23454;1;0;-1
0;86;46.3641;-51.2907;-68.9074;9.61922;3728.28;5.7839;0;0;0.1;0.01;0;2.75999;0;0;-1
0;87;45.9813;-30.4817;-71.9438;9.01313;3067.01;5.41946;0;0;0.1;0.01;0;4.33415;0;0;-1
0;88;47.5565;-13.4223;-72.0039;9.9526;4129.51;5.98435;0;0;0.1;0.01;0;4.86466;0;0;-1
0;89;45.3298;1.65088;-69.0522;8.5;2572.44;5.11093;0;0;0.1;0.01;0;5.76273;1;0;-1
0;90;47.3073;17.1284;-68.9505;10.3912;4699.87;6.24808;0;0;0.1;0.01;0;6.38358;0;0;-1
0;91;48.9693;36.8834;-71.951;10.2103;4458.66;6.13931;0;0;0.1;0.01;0;3.53507;0;0;-1
0;92;46.7069;54.1097;-68.9997;8.5;2572.44;5.11093;0;0;0.1;0.01;0;2.53781;1;0;-1
0;93;60.0264;-25.6681;-72.0501;10.0688;4275.84;6.05422;0;0;0.1;0.01;0;2.752;0;0;-1
0;94;62.5629;-5.60997;-71.919;8.73835;2794.97;5.25424;0;0;0.1;0.01;0;2.33552;0;0;-1
0;95;61.331;9.87414;-68.8412;9.81409;3959.49;5.90107;0;0;0.1;0.01;0;3.63401;0;0;-1
0;96;-80.3919;-8.31549;-55.4074;9.69228;3813.88;5.82783;0;0;0.1;0.01;0;2.96263;0;0;-1
0;97;-80.1269;12.4606;-54.3339;8.7296;2786.58;5.24898;0;0;0.1;0.01;0;2.61245;0;0;-1
0;98;-65.7582;-48.422;-54.2735;10.1245;4347.2;6.08771;0;0;0.1;0.01;0;4.68007;0;0;-1
0;99;-67.7044;-33.8787;-55.4079;8.95215;3005.18;5.3828;0;0;0.1;0.01;0;3.30493;0;0;-1
0;100;-65.5574;-12.6492;-56.3789;8.50736;2579.13;5.11535;0;0;0.1;0.01;0;4.00051;0;0;-1
0;101;-64.5985;1.73651;-53.9676;9.72048;3847.26;5.84478;0;0;0.1;0.01;0;5.33305;0;0;-1
0;102;-68.013;19.6448;-57.7833;8.68328;2742.46;5.22113;0;0;0.1;0.01;0;3.53505;0;0;-1
0;103;-66.4421;35.4365;-55.5488;8.5;2572.44;5.11093;0;0;0.1;0.01;0;3.49256;1;0;-1
0;104;-52.2486;-59.346;-54.8748;9.7421;3872.99;5.85778;0;0;0.1;0.01;0;4.05991;0;0;-1
0;105;-52.918;-42.3659;-57.5529;8.54632;2614.73;5.13878;0;0;0.1;0.01;0;4.59222;0;0;-1
0;106;-51.319;-24.6942;-57.8039;8.5;2572.44;5.11093;0;0;0.1;0.01;0;4.56954;1;0;-1
0;107;-49.8624;-4.79497;-57.1208;9.83619;3986.29;5.91436;0;0;0.1;0.01;0;6.42026;0;0;-1
0;108;-51.749;12.0461;-54.3886;9.7551;3888.52;5.8656;0;0;0.1;0.01;0;7.05909;0;0;-1
0;109;-51.0337;27.8547;-57.8142;10.3779;4681.85;6.24008;0;0;0.1;0.01;0;6.92852;0;0;-1
0;110;-52.1421;44.8057;-54.0118;9.75705;3890.85;5.86677;0;0;0.1;0.01;0;6.19946;0;0;-1
0;111;-50.5761;59.7297;-54.4368;10.0947;4308.92;6.0698;0;0;0.1;0.01;0;5.15154;0;0;-1
0;112;-38.6598;-66.5845;-56.3465;9.78686;3926.62;5.8847;0;0;0.1;0.01;0;4.10173;0;0;-1
0;113;-38.3709;-51.047;-54.5656;9.22818;3291.83;5.54877;0;0;0.1;0.01;0;5.19179;0;0;-1
0;114;-36.5515;-31.2298;-56.2458;9.62245;3732.03;5.78584;0;0;0.1;0.01;0;6.18288;0;0;-1
0;115;-36.5239;-14.8532;-55.7941;10.2702;4537.59;6.17532;0;0;0.1;0.01;0;6.81874;0;0;-1
0;116;-37.7531;2.43841;-54.3737;8.98033;3033.65;5.39974;0;0;0.1;0.01;0;5.5233;0;0;-1
0;117;-36.077;20.9948;-57.0195;10.2728;4541.04;6.17689;0;0;0.1;0.01;0;7.54086;0;0;-1
0;118;-35.2052;36.6508;-55.0664;8.75833;2814.18;5.26626;0;0;0.1;0.01;0;6.65345;0;0;-1
0;119;-36.9985;51.2792;-56.5112;10.0445;4244.96;6.03961;0;0;0.1;0.01;0;6.9448;0;0;-1
0;120;-35.9288;70.3149;-57.9306;10.4064;4720.52;6.25722;0;0;0.1;0.01;0;4.27187;0;0;-1
0;121;-23.9319;-76.0206;-57.3299;9.56038;3660.28;5.74852;0;0;0.1;0.01;0;3.14492;0;0;-1
0;122;-21.8317;-56.2138;-56.4011;9.42137;3502.92;5.66493;0;0;0.1;0.01;0;6.511;0;0;-1
0;123;-21.0901;-40.4636;-54.8451;10.0066;4197.09;6.01682;0;0;0.1;0.01;0;6.98325;0;0;-1
0;124;-23.6244;-22.5385;-56.7418;9.91108;4078.04;5.95939;0;0;0.1;0.01;0;6.87687;0;0;-1
0;125;-21.5843;-7.15086;-56.342;8.98657;3039.98;5.40349;0;0;0.1;0.01;0;5.63142;0;0;-1
0;126;-22.4115;8.99842;-55.9856;9.44496;3529.3;5.67912;0;0;0.1;0.01;0;4.80084;0;0;-1
0;127;-21.4005;25.5948;-55.5892;8.61865;2681.68;5.18227;0;0;0.1;0.01;0;5.26525;0;0;-1
0;128;-21.7823;42.3039;-56.7062;8.5;2572.44;5.11093;0;0;0.1;0.01;0;5.12236;1;0;-1
0;129;-22.1147;63.2075;-54.4621;10.3642;4663.33;6.23184;0;0;0.1;0.01;0;7.13575;0;0;-1
0;130;-22.0225;77.9712;-57.0155;9.14647;3205.16;5.49964;0;0;0.1;0.01;0;3.52767;0;0;-1
0;131;-9.28531;-80.7864;-56.0054;8.5;2572.44;5.11093;0;0;0.1;0.01;0;2.4696;1;0;-1
0;132;-5.76849;-65.669;-55.7483;9.0412;3095.76;5.43634;0;0;0.1;0.01;0;4.74581;0;0;-1
0;133;-6.23384;-47.1144;-55.1244;9.62786;3738.33;5.78909;0;0;0.1;0.01;0;5.88097;0;0;-1
0;134;-8.76988;-29.9203;-54.613;9.80216;3945.06;5.8939;0;0;0.1;0.01;0;5.57625;0;0;-1
0;135;-8.94938;-14.1392;-55.4214;8.61231;2675.76;5.17846;0;0;0.1;0.01;0;5.84011;0;0;-1
0;136;-7.06642;0.367269;-56.7247;8.5;2572.44;5.11093;0;0;0.1;0.01;0;5.33965;1;0;-1
0;137;-5.92246;20.9937;-55.1479;10.3787;4682.93;6.24056;0;0;0.1;0.01;0;6.33347;0;0;-1
0;138;-8.24022;36.9509;-55.492;10.3709;4672.38;6.23587;0;0;0.1;0.01;0;6.41138;0;0;-1
0;139;-5.83118;54.9362;-55.1076;10.4463;4775.03;6.28121;0;0;0.1;0.01;0;6.18348;0;0;-1
0;140;-8.71954;70.3269;-55.1282;8.9171;2970.02;5.36172;0;0;0.1;0.01;0;3.30298;0;0;-1
0;141;8.98571;-74.3202;-56.902;8.95921;3012.3;5.38704;0;0;0.1;0.01;0;3.46867;0;0;-1
0;142;6.86256;-58.0798;-56.2146;9.9375;4110.74;5.97527;0;0;0.1;0.01;0;6.12633;0;0;-1
0;143;7.34366;-41.7027;-54.9295;8.5;2572.44;5.11093;0;0;0.1;0.01;0;4.38083;1;0;-1
0;144;9.40101;-22.7188;-56.6053;9.348;3421.72;5.62082;0;0;0.1;0.01;0;6.49608;0;0;-1
0;145;6.03378;-8.01647;-56.8626;9.37777;3454.52;5.63872;0;0;0.1;0.01;0;6.47374;0;0;-1
0;146;5.6125;9.72291;-55.243;8.95394;3006.98;5.38387;0;0;0.1;0.01;0;4.28122;0;0;-1
0;147;8.44559;27.7519;-53.9555;10.1128;4332.14;6.08068;0;0;0.1;0.01;0;6.67743;0;0;-1
0;148;8.53515;44.9742;-55.9771;10.2821;4553.38;6.18248;0;0;0.1;0.01;0;7.63924;0;0;-1
0;149;8.84305;59.8426;-57.714;8.76315;2818.83;5.26915;0;0;0.1;0.01;0;5.81052;0;0;-1
0;150;8.57047;79.842;-54.3402;9.33081;3402.88;5.61048;0;0;0.1;0.01;0;2.80797;0;0;-1
0;151;22.279;-64.262;-56.6596;9.79249;3933.4;5.88808;0;0;0.1;0.01;0;4.96724;0;0;-1
0;152;24.1784;-49.9881;-53.7193;8.97699;3030.27;5.39773;0;0;0.1;0.01;0;5.39978;0;0;-1
0;153;20.2896;-32.6137;-55.2862;9.10775;3164.62;5.47636;0;0;0.1;0.01;0;5.15482;0;0;-1
0;154;20.5212;-12.7127;-57.3683;9.31056;3380.77;5.5983;0;0;0.1;0.01;0;6.01032;0;0;-1
0;155;23.6264;1.42015;-56.4451;9.29185;3360.43;5.58705;0;0;0.1;0.01;0;5.67972;0;0;-1
0;156;23.7512;20.6572;-55.7408;10.1452;4373.92;6.10016;0;0;0.1;0.01;0;6.42653;0;0;-1
0;157;22.6874;38.2409;-56.2083;10.0929;4306.62;6.06871;0;0;0.1;0.01;0;7.04168;0;0;-1
0;158;22.9286;54.3754;-53.9803;10.4336;4757.64;6.27357;0;0;0.1;0.01;0;7.09869;0;0;-1
0;159;22.0554;70.5648;-57.6923;9.08793;3144.01;5.46444;0;0;0.1;0.01;0;2.47083;0;0;-1
0;160;38.5714;-56.0263;-56.4265;9.06067;3115.8;5.44805;0;0;0.1;0.01;0;4.55378;0;0;-1
0;161;34.9341;-38.3556;-54.7203;8.60039;2664.67;5.17129;0;0;0.1;0.01;0;5.32536;0;0;-1
0;162;38.5241;-25.0977;-56.4564;9.04343;3098.05;5.43768;0;0;0.1;0.01;0;5.6063;0;0;-1
0;163;37.2092;-5.69398;-54.8301;8.57831;2644.2;5.15801;0;0;0.1;0.01;0;5.96614;0;0;-1
0;164;38.461;8.33255;-55.4106;9.23354;3297.56;5.55199;0;0;0.1;0.01;0;6.96551;0;0;-1
0;165;38.8668;25.4359;-54.6049;9.85015;4003.29;5.92275;0;0;0.1;0.01;0;6.32586;0;0;-1
0;166;36.7807;46.1482;-56.6485;9.17439;3234.6;5.51643;0;0;0.1;0.01;0;5.85563;0;0;-1
0;167;36.3683;60.7311;-54.113;8.5;2572.44;5.11093;0;0;0.1;0.01;0;4.54223;1;0;-1
0;168;52.8869;-50.9591;-56.0573;8.97539;3028.65;5.39677;0;0;0.1;0.01;0;3.28784;0;0;-1
0;169;52.0657;-31.0909;-54.1391;9.95776;4135.93;5.98746;0;0;0.1;0.01;0;5.73124;0;0;-1
0;170;52.9105;-15.0619;-54.3825;8.5;2572.44;5.11093;0;0;0.1;0.01;0;5.22843;1;0;-1
0;171;52.2507;0.0398126;-54.3866;9.99184;4178.54;6.00795;0;0;0.1;0.01;0;7.51633;0;0;-1
0;172;51.1904;18.0827;-56.0374;9.0008;3054.44;5.41205;0;0;0.1;0.01;0;6.79147;0;0;-1
0;173;52.9429;34.0763;-55.7658;9.24176;3306.38;5.55694;0;0;0.1;0.01;0;5.30966;0;0;-1
0;174;52.697;55.2568;-56.5075;10.1122;4331.37;6.08032;0;0;0.1;0.01;0;4.26907;0;0;-1
0;175;64.6163;-40.8736;-56.6775;9.03274;3087.07;5.43126;0;0;0.1;0.01;0;2.99482;0;0;-1
0;176;67.2839;-25.0831;-56.1079;9.38578;3463.38;5.64353;0;0;0.1;0.01;0;4.42067;0;0;-1
0;177;67.7738;-4.4968;-55.1338;8.5;2572.44;5.11093;0;0;0.1;0.01;0;5.13958;1;0;-1
0;178;65.83;11.9956;-53.8079;9.54477;3642.38;5.73913;0;0;0.1;0.01;0;5.87465;0;0;-1
0;179;66.0102;26.6407;-55.2751;8.5;2572.44;5.11093;0;0;0.1;0.01;0;3.88991;1;0;-1
0;180;64.7674;46.0636;-54.318;9.81335;3958.59;5.90062;0;0;0.1;0.01;0;3.39778;0;0;-1
0;181;79.7196;-16.8499;-56.7545;10.1836;4423.77;6.12325;0;0;0.1;0.01;0;2.82808;0;0;-1
0;182;82.2179;1.12183;-54.4714;8.92226;2975.18;5.36483;0;0;0.1;0.01;0;2.82758;0;0;-1
0;183;-87.5148;-21.6636;-40.6295;9.37018;3446.14;5.63415;0;0;0.1;0.01;0;3.14528;0;0;-1
0;184;-84.1174;-8.1736;-40.123;10.0307;4227.49;6.03131;0;0;0.1;0.01;0;5.21913;0;0;-1
0;185;-86.3081;12.352;-39.6291;9.63572;3747.5;5.79382;0;0;0.1;0.01;0;4.44027;0;0;-1
0;186;-86.654;29.3356;-39.2273;9.84885;4001.71;5.92197;0;0;0.1;0.01;0;3.00475;0;0;-1
0;187;-70.1812;-48.0414;-39.6381;8.5;2572.44;5.11093;0;0;0.1;0.01;0;4.05676;1;0;-1
0;188;-72.1238;-33.9475;-41.5628;10.2288;4482.94;6.15043;0;0;0.1;0.01;0;5.02622;0;0;-1
0;189;-71.593;-14.5688;-41.6276;8.5;2572.44;5.11093;0;0;0.1;0.01;0;5.38645;1;0;-1
0;190;-72.6804;3.61686;-40.9282;10.2704;4537.86;6.17544;0;0;0.1;0.01;0;7.38527;0;0;-1
0;191;-70.5085;19.0724;-42.0672;9.73679;3866.66;5.85459;0;0;0.1;0.01;0;6.24143;0;0;-1
0;192;-69.9837;37.0796;-42.9194;9.92192;4091.44;5.96591;0;0;0.1;0.01;0;5.68325;0;0;-1
0;193;-72.6603;51.391;-41.102;9.59208;3696.81;5.76758;0;0;0.1;0.01;0;3.09227;0;0;-1
0;194;-56.9522;-59.2034;-39.9319;10.3288;4615.71;6.21056;0;0;0.1;0.01;0;5.25;0;0;-1
0;195;-56.7244;-39.4578;-41.8737;9.50868;3601.22;5.71743;0;0;0.1;0.01;0;6.64154;0;0;-1
0;196;-54.1668;-24.6444;-40.9067;9.31218;3382.54;5.59928;0;0;0.1;0.01;0;5.42154;0;0;-1
0;197;-57.4647;-7.32852;-42.0182;10.0834;4294.47;6.063;0;0;0.1;0.01;0;6.98984;0;0;-1
0;198;-55.0637;9.53569;-39.8513;10.2811;4552.05;6.18188;0;0;0.1;0.01;0;6.71445;0;0;-1
0;199;-55.5428;25.8733;-41.5467;9.89022;4052.35;5.94685;0;0;0.1;0.01;0;6.115;0;0;-1
0;200;-56.9708;42.6512;-40.107;9.6706;3788.34;5.81479;0;0;0.1;0.01;0;6.52673;0;0;-1
0;201;-54.253;60.4486;-39.5943;9.62047;3729.73;5.78465;0;0;0.1;0.01;0;5.24023;0;0;-1
0;202;-40.5178;-80.6251;-40.9858;8.5;2572.44;5.11093;0;0;0.1;0.01;0;2.97125;1;0;-1
0;203;-41.6811;-65.899;-39.229;9.46189;3548.32;5.6893;0;0;0.1;0.01;0;6.38255;0;0;-1
0;204;-43.0541;-47.5249;-41.7218;8.5;2572.44;5.11093;0;0;0.1;0.01;0;4.90191;1;0;-1
0;205;-42.5713;-31.687;-42.2053;8.64528;2706.61;5.19828;0;0;0.1;0.01;0;5.09542;0;0;-1
0;206;-40.2479;-13.4553;-40.6529;9.60474;3711.47;5.77519;0;0;0.1;0.01;0;6.10475;0;0;-1
0;207;-42.0107;1.94876;-39.9929;9.25091;3316.21;5.56244;0;0;0.1;0.01;0;6.47394;0;0;-1
0;208;-41.7848;19.6615;-42.4213;8.59492;2659.59;5.168;0;0;0.1;0.01;0;5.91349;0;0;-1
0;209;-41.4568;34.4592;-41.4091;8.78789;2842.77;5.28403;0;0;0.1;0.01;0;5.64283;0;0;-1
0;210;-40.2683;53.6164;-41.2235;9.53739;3633.94;5.73469;0;0;0.1;0.01;0;7.07233;0;0;-1
0;211;-40.8059;68.4773;-42.1332;10.3601;4657.8;6.22938;0;0;0.1;0.01;0;6.08166;0;0;-1
0;212;-27.6619;-72.9663;-42.8769;9.39388;3472.35;5.6484;0;0;0.1;0.01;0;6.10772;0;0;-1
0;213;-28.1456;-57.7311;-40.4606;10.4418;4768.86;6.2785;0;0;0.1;0.01;0;7.0945;0;0;-1
0;214;-25.2964;-38.5059;-42.3716;9.23225;3296.18;5.55122;0;0;0.1;0.01;0;5.32871;0;0;-1
0;215;-25.0124;-22.3764;-39.8185;9.9908;4177.24;6.00732;0;0;0.1;0.01;0;6.39132;0;0;-1
0;216;-24.7476;-5.17943;-40.6566;8.87426;2927.42;5.33596;0;0;0.1;0.01;0;5.61479;0;0;-1
0;217;-25.4516;9.76022;-41.0464;8.5;2572.44;5.11093;0;0;0.1;0.01;0;4.04144;1;0;-1
0;218;-28.1763;27.0166;-42.0146;9.3773;3454;5.63843;0;0;0.1;0.01;0;5.48926;0;0;-1
0;219;-27.2182;44.1225;-42.1041;9.59228;3697.04;5.7677;0;0;0.1;0.01;0;6.10492;0;0;-1
0;220;-27.5584;60.5351;-40.7605;9.41372;3494.4;5.66033;0;0;0.1;0.01;0;7.06635;0;0;-1
0;221;-25.014;77.1742;-42.0756;9.57316;3674.98;5.7562;0;0;0.1;0.01;0;5.24458;0;0;-1
0;222;-12.9891;-83.1433;-42.1702;8.61093;2674.48;5.17763;0;0;0.1;0.01;0;4.03577;0;0;-1
0;223;-12.9501;-67.6062;-39.7376;10.0617;4266.8;6.04995;0;0;0.1;0.01;0;6.69557;0;0;-1
0;224;-12.3941;-49.3775;-41.8309;9.18212;3242.78;5.52108;0;0;0.1;0.01;0;5.31897;0;0;-1
0;225;-9.78844;-33.3254;-39.8346;9.50911;3601.71;5.71769;0;0;0.1;0.01;0;6.11698;0;0;-1
0;226;-13.0713;-15.5142;-40.7601;8.69144;2750.2;5.22604;0;0;0.1;0.01;0;6.37409;0;0;-1
0;227;-11.0684;0.256393;-41.4545;8.66025;2720.7;5.20728;0;0;0.1;0.01;0;5.45355;0;0;-1
0;228;-12.5337;20.0318;-39.3438;9.95302;4130.03;5.98461;0;0;0.1;0.01;0;6.16068;0;0;-1
0;229;-9.96011;34.311;-39.767;8.5;2572.44;5.11093;0;0;0.1;0.01;0;6.0878;1;0;-1
0;230;-11.5632;52.9638;-39.3564;10.1789;4417.65;6.12042;0;0;0.1;0.01;0;6.47004;0;0;-1
0;231;-11.0962;70.7628;-40.0372;9.43087;3513.53;5.67065;0;0;0.1;0.01;0;5.57619;0;0;-1
0;232;-9.78905;87.1043;-39.9592;8.5;2572.44;5.11093;0;0;0.1;0.01;0;2.38824;1;0;-1
0;233;2.81979;-89.5416;-42.0534;9.11671;3173.97;5.48175;0;0;0.1;0.01;0;2.8816;0;0;-1
0;234;4.68172;-74.9288;-41.1649;8.55271;2620.59;5.14262;0;0;0.1;0.01;0;5.17571;0;0;-1
0;235;2.01215;-59.7567;-39.3791;9.47364;3561.55;5.69636;0;0;0.1;0.01;0;5.41915;0;0;-1
0;236;3.63151;-40.7646;-39.8029;8.5;2572.44;5.11093;0;0;0.1;0.01;0;4.84998;1;0;-1
0;237;4.6776;-25.2818;-39.5171;9.5216;3615.92;5.7252;0;0;0.1;0.01;0;6.13806;0;0;-1
0;238;1.23437;-8.08095;-42.4302;10.2613;4525.8;6.16997;0;0;0.1;0.01;0;6.26659;0;0;-1
0;239;3.21588;10.4506;-41.0057;8.61838;2681.42;5.18211;0;0;0.1;0.01;0;4.36904;0;0;-1
0;240;4.07317;27.1878;-39.4747;8.90471;2957.66;5.35427;0;0;0.1;0.01;0;6.72878;0;0;-1
0;241;1.22881;43.032;-40.2757;10.0973;4312.25;6.07136;0;0;0.1;0.01;0;7.97644;0;0;-1
0;242;1.52115;60.6237;-40.971;8.5;2572.44;5.11093;0;0;0.1;0.01;0;5.36241;1;0;-1
0;243;3.95454;76.3848;-41.0729;9.14274;3201.24;5.4974;0;0;0.1;0.01;0;5.26616;0;0;-1
0;244;17.6724;-82.3259;-42.0982;8.5;2572.44;5.11093;0;0;0.1;0.01;0;3.29312;1;0;-1
0;245;18.216;-65.4534;-39.2902;10.2625;4527.39;6.17069;0;0;0.1;0.01;0;5.88399;0;0;-1
0;246;17.9186;-46.4637;-40.804;8.89095;2943.97;5.346;0;0;0.1;0.01;0;5.26761;0;0;-1
0;247;17.8371;-31.7611;-41.1605;8.5;2572.44;5.11093;0;0;0.1;0.01;0;5.83874;1;0;-1
0;248;19.097;-15.4978;-41.7728;9.48375;3572.97;5.70244;0;0;0.1;0.01;0;5.92489;0;0;-1
0;249;19.7529;1.94237;-42.1595;9.10927;3166.21;5.47727;0;0;0.1;0.01;0;4.69145;0;0;-1
0;250;17.6653;17.7342;-40.5166;9.27102;3337.88;5.57453;0;0;0.1;0.01;0;5.59856;0;0;-1
0;251;19.0296;36.7143;-42.84;9.9124;4079.67;5.96018;0;0;0.1;0.01;0;7.63457;0;0;-1
0;252;16.794;52.0152;-39.693;10.0976;4312.64;6.07154;0;0;0.1;0.01;0;7.44154;0;0;-1
0;253;18.7583;68.4678;-41.1984;10.3155;4597.9;6.20256;0;0;0.1;0.01;0;5.94187;0;0;-1
0;254;16.4123;87.4206;-41.127;10.0767;4285.92;6.05897;0;0;0.1;0.01;0;3.14678;0;0;-1
0;255;32.9561;-75.6304;-42.5052;8.64912;2710.22;5.20059;0;0;0.1;0.01;0;2.24984;0;0;-1
0;256;30.5679;-56.4928;-40.5216;9.0958;3152.18;5.46917;0;0;0.1;0.01;0;6.27986;0;0;-1
0;257;33.7152;-41.1827;-40.4661;10.005;4195.08;6.01586;0;0;0.1;0.01;0;7.65344;0;0;-1
0;258;32.7753;-25.29;-41.5706;10.1242;4346.81;6.08753;0;0;0.1;0.01;0;7.4058;0;0;-1
0;259;33.737;-8.05232;-42.0261;8.5;2572.44;5.11093;0;0;0.1;0.01;0;4.72512;1;0;-1
0;260;33.8459;10.0364;-42.2907;8.5;2572.44;5.11093;0;0;0.1;0.01;0;5.10071;1;0;-1
0;261;33.8489;29.5212;-39.8776;8.93213;2985.06;5.37076;0;0;0.1;0.01;0;6.03364;0;0;-1
0;262;32.9453;46.1547;-39.4215;10.038;4236.72;6.0357;0;0;0.1;0.01;0;7.76843;0;0;-1
0;263;33.922;60.0856;-39.7029;9.38769;3465.49;5.64468;0;0;0.1;0.01;0;6.20749;0;0;-1
0;264;33.5527;79.8415;-40.4306;8.95437;3007.42;5.38413;0;0;0.1;0.01;0;2.74441;0;0;-1
0;265;47.828;-65.2743;-41.6042;8.94443;2997.41;5.37816;0;0;0.1;0.01;0;2.46672;0;0;-1
0;266;47.1394;-47.7064;-39.9513;9.52788;3623.08;5.72898;0;0;0.1;0.01;0;5.80347;0;0;-1
0;267;47.7665;-30.2399;-39.2234;10.3176;4600.71;6.20382;0;0;0.1;0.01;0;7.65951;0;0;-1
0;268;46.7903;-14.9405;-42.5856;10.067;4273.55;6.05314;0;0;0.1;0.01;0;7.77908;0;0;-1
0;269;46.0813;2.87731;-42.1873;8.5;2572.44;5.11093;0;0;0.1;0.01;0;6.20004;1;0;-1
0;270;47.7578;16.8722;-43.0389;10.1627;4396.59;6.11068;0;0;0.1;0.01;0;7.43781;0;0;-1
0;271;46.8466;37.9674;-41.0963;9.52653;3621.54;5.72816;0;0;0.1;0.01;0;6.19071;0;0;-1
0;272;46.704;52.143;-42.8752;9.67637;3795.12;5.81826;0;0;0.1;0.01;0;6.60631;0;0;-1
0;273;46.8321;69.2611;-39.8974;9.92643;4097.02;5.96862;0;0;0.1;0.01;0;4.49678;0;0;-1
0;274;60.3748;-55.3629;-39.329;9.8308;3979.74;5.91112;0;0;0.1;0.01;0;4.74572;0;0;-1
0;275;63.9937;-41.6879;-39.8295;8.94562;2998.61;5.37887;0;0;0.1;0.01;0;4.28048;0;0;-1
0;276;61.2056;-23.3551;-39.83;8.55006;2618.16;5.14103;0;0;0.1;0.01;0;5.54318;0;0;-1
0;277;63.4168;-7.79605;-42.3328;9.67674;3795.56;5.81848;0;0;0.1;0.01;0;6.80291;0;0;-1
0;278;63.5997;8.22704;-39.4687;10.0114;4203.13;6.01971;0;0;0.1;0.01;0;6.55982;0;0;-1
0;279;63.0238;26.1902;-42.2761;10.0357;4233.81;6.03432;0;0;0.1;0.01;0;6.07461;0;0;-1
0;280;61.5528;42.1336;-41.192;8.88075;2933.85;5.33987;0;0;0.1;0.01;0;5.08209;0;0;-1
0;281;62.0001;60.4244;-42.4668;9.23144;3295.32;5.55073;0;0;0.1;0.01;0;3.67625;0;0;-1
0;282;74.9447;-32.5007;-43.1709;9.0112;3065.04;5.4183;0;0;0.1;0.01;0;3.2165;0;0;-1
0;283;77.7389;-15.0003;-41.1185;8.62851;2690.89;5.1882;0;0;0.1;0.01;0;4.46665;0;0;-1
0;284;76.3299;-0.0849891;-41.4704;10.2851;4557.37;6.18428;0;0;0.1;0.01;0;6.87652;0;0;-1
0;285;78.7434;19.7249;-42.8216;8.99017;3043.63;5.40566;0;0;0.1;0.01;0;3.33078;0;0;-1
0;286;76.537;34.3384;-41.945;9.23964;3304.1;5.55566;0;0;0.1;0.01;0;3.54098;0;0;-1
0;287;90.5196;-4.56055;-40.5329;8.7003;2758.62;5.23136;0;0;0.1;0.01;0;2.23089;0;0;-1
0;288;-95.1322;-13.5078;-24.7017;8.77145;2826.85;5.27415;0;0;0.1;0.01;0;3.17386;0;0;-1
0;289;-95.6343;1.25119;-26.0989;9.92316;4092.97;5.96665;0;0;0.1;0.01;0;3.87512;0;0;-1
0;290;-80.8673;-41.5007;-24.6601;9.90428;4069.65;5.9553;0;0;0.1;0.01;0;2.88768;0;0;-1
0;291;-81.7957;-23.4437;-27.3429;9.5595;3659.27;5.74799;0;0;0.1;0.01;0;3.86417;0;0;-1
0;292;-78.9089;-4.65645;-26.4868;10.0423;4242.17;6.03829;0;0;0.1;0.01;0;5.59137;0;0;-1
0;293;-82.5741;10.9685;-26.4527;10.1274;4350.93;6.08946;0;0;0.1;0.01;0;6.28644;0;0;-1
0;294;-82.4149;27.6805;-25.1451;10.0349;4232.8;6.03384;0;0;0.1;0.01;0;5.02739;0;0;-1
0;295;-80.4005;44.5609;-28.1072;9.88358;4044.19;5.94285;0;0;0.1;0.01;0;3.28497;0;0;-1
0;296;-64.0834;-67.8779;-25.9985;8.5;2572.44;5.11093;0;0;0.1;0.01;0;2.51711;1;0;-1
0;297;-64.3777;-48.9929;-26.1303;8.77835;2833.53;5.27829;0;0;0.1;0.01;0;4.35883;0;0;-1
0;298;-64.5275;-31.2624;-25.4596;9.74862;3880.77;5.8617;0;0;0.1;0.01;0;5.46916;0;0;-1
0;299;-64.4878;-12.8944;-26.9896;9.28066;3348.31;5.58033;0;0;0.1;0.01;0;5.55741;0;0;-1
0;300;-66.08;4.44616;-26.0258;8.5;2572.44;5.11093;0;0;0.1;0.01;0;5.93975;1;0;-1
0;301;-65.4724;20.2188;-26.9331;8.59094;2655.89;5.16561;0;0;0.1;0.01;0;5.71282;0;0;-1
0;302;-64.6871;35.2189;-27.1693;10.0497;4251.56;6.04274;0;0;0.1;0.01;0;6.30895;0;0;-1
0;303;-64.5505;50.9155;-26.2278;9.27992;3347.51;5.57988;0;0;0.1;0.01;0;5.74949;0;0;-1
0;304;-66.6779;68.6701;-26.7127;9.4554;3541.02;5.68539;0;0;0.1;0.01;0;2.15035;0;0;-1
0;305;-49.7075;-72.5009;-27.7926;8.99661;3050.18;5.40953;0;0;0.1;0.01;0;5.22976;0;0;-1
0;306;-49.6177;-58.1756;-26.2891;9.25063;3315.91;5.56227;0;0;0.1;0.01;0;6.29362;0;0;-1
0;307;-51.542;-39.7126;-26.3465;9.3425;3415.69;5.61751;0;0;0.1;0.01;0;6.00823;0;0;-1
0;308;-52.4117;-23.1178;-27.5496;9.77632;3913.95;5.87836;0;0;0.1;0.01;0;6.55594;0;0;-1
0;309;-50.4839;-7.0343;-27.8134;9.73264;3861.72;5.8521;0;0;0.1;0.01;0;6.60897;0;0;-1
0;310;-53.021;8.65434;-26.3257;8.9409;2993.87;5.37603;0;0;0.1;0.01;0;5.48716;0;0;-1
0;311;-51.1144;26.7894;-24.4682;9.14375;3202.3;5.498;0;0;0.1;0.01;0;5.57806;0;0;-1
0;312;-49.9887;45.5131;-24.8738;9.78011;3918.5;5.88064;0;0;0.1;0.01;0;7.33699;0;0;-1
0;313;-50.6668;62.4862;-25.5782;8.75947;2815.28;5.26694;0;0;0.1;0.01;0;6.08508;0;0;-1
0;314;-51.7957;78.4832;-28.2589;8.72318;2780.44;5.24512;0;0;0.1;0.01;0;2.65222;0;0;-1
0;315;-36.4337;-82.1759;-26.5187;10.3133;4594.96;6.20124;0;0;0.1;0.01;0;6.1958;0;0;-1
0;316;-34.9813;-67.3068;-26.8041;8.88636;2939.41;5.34324;0;0;0.1;0.01;0;6.99137;0;0;-1
0;317;-38.3703;-47.1064;-27.1466;10.1598;4392.83;6.10894;0;0;0.1;0.01;0;5.71145;0;0;-1
0;318;-36.0605;-30.084;-26.0748;9.32899;3400.89;5.60939;0;0;0.1;0.01;0;6.11546;0;0;-1
0;319;-34.6373;-13.7608;-26.8016;8.77558;2830.85;5.27663;0;0;0.1;0.01;0;5.01382;0;0;-1
0;320;-36.5835;4.31398;-27.4472;8.5;2572.44;5.11093;0;0;0.1;0.01;0;4.19252;1;0;-1
0;321;-38.3593;18.5468;-27.4814;9.50184;3593.45;5.71332;0;0;0.1;0.01;0;5.45362;0;0;-1
0;322;-38.2426;34.588;-25.1743;8.5;2572.44;5.11093;0;0;0.1;0.01;0;5.50226;1;0;-1
0;323;-37.6499;52.2761;-27.866;9.223;3286.29;5.54566;0;0;0.1;0.01;0;6.07295;0;0;-1
0;324;-38.2121;67.7272;-25.7613;8.5;2572.44;5.11093;0;0;0.1;0.01;0;4.48567;1;0;-1
0;325;-35.5411;85.8449;-24.9501;10.2803;4550.99;6.1814;0;0;0.1;0.01;0;3.74751;0;0;-1
0;326;-21.784;-90.7756;-25.2868;10.3383;4628.45;6.21627;0;0;0.1;0.01;0;3.98729;0;0;-1
0;327;-20.5812;-73.089;-27.0252;10.1729;4409.84;6.11682;0;0;0.1;0.01;0;8.27813;0;0;-1
0;328;-20.3469;-59.1604;-26.3088;9.74517;3876.65;5.85963;0;0;0.1;0.01;0;7.26783;0;0;-1
0;329;-22.0169;-40.5837;-26.6534;8.61701;2680.15;5.18128;0;0;0.1;0.01;0;4.98761;0;0;-1
0;330;-21.3637;-21.1063;-24.9748;10.094;4308.03;6.06938;0;0;0.1;0.01;0;6.84181;0;0;-1
0;331;-19.7219;-5.48112;-28.0865;8.5;2572.44;5.11093;0;0;0.1;0.01;0;4.64841;1;0;-1
0;332;-21.3106;11.8077;-25.7701;8.5;2572.44;5.11093;0;0;0.1;0.01;0;4.00102;1;0;-1
0;333;-22.7774;28.7636;-27.7842;8.64731;2708.52;5.1995;0;0;0.1;0.01;0;5.10099;0;0;-1
0;334;-21.268;44.7694;-27.8827;9.74786;3879.86;5.86125;0;0;0.1;0.01;0;5.84058;0;0;-1
0;335;-21.6925;62.1699;-26.6121;9.66986;3787.47;5.81435;0;0;0.1;0.01;0;6.33697;0;0;-1
0;336;-22.8404;78.7621;-27.9117;9.43208;3514.88;5.67137;0;0;0.1;0.01;0;5.63038;0;0;-1
0;337;-5.94362;-81.2645;-28.6485;9.37792;3454.68;5.63881;0;0;0.1;0.01;0;6.09324;0;0;-1
0;338;-7.90776;-66.6049;-26.3314;9.47884;3567.42;5.69949;0;0;0.1;0.01;0;6.69011;0;0;-1
0;339;-8.56111;-48.5932;-24.3808;9.13807;3196.33;5.49459;0;0;0.1;0.01;0;5.18542;0;0;-1
0;340;-8.20428;-29.6904;-25.5415;8.77274;2828.1;5.27492;0;0;0.1;0.01;0;5.56546;0;0;-1
0;341;-6.01328;-13.324;-27.8148;9.41095;3491.31;5.65867;0;0;0.1;0.01;0;6.59619;0;0;-1
0;342;-5.49507;1.92643;-27.6437;8.53399;2603.42;5.13136;0;0;0.1;0.01;0;5.70891;0;0;-1
0;343;-6.60709;21.1297;-25.6292;9.60397;3710.57;5.77473;0;0;0.1;0.01;0;6.70006;0;0;-1
0;344;-7.0909;35.4095;-27.0969;9.34522;3418.67;5.61915;0;0;0.1;0.01;0;7.48361;0;0;-1
0;345;-7.92739;51.5135;-26.0261;8.65073;2711.73;5.20156;0;0;0.1;0.01;0;5.61051;0;0;-1
0;346;-9.3451;72.1636;-24.487;8.6207;2683.59;5.1835;0;0;0.1;0.01;0;5.03752;0;0;-1
0;347;-9.10175;88.2388;-25.6693;8.64271;2704.2;5.19674;0;0;0.1;0.01;0;3.97108;0;0;-1
0;348;9.34381;-90.4749;-25.4127;10.3115;4592.55;6.20016;0;0;0.1;0.01;0;4.27633;0;0;-1
0;349;6.59746;-75.796;-25.3169;9.7822;3921.01;5.88189;0;0;0.1;0.01;0;6.67381;0;0;-1
0;350;9.44201;-58.6618;-25.7709;9.33001;3402;5.61;0;0;0.1;0.01;0;5.80946;0;0;-1
0;351;5.72898;-40.0295;-25.3963;9.62018;3729.39;5.78447;0;0;0.1;0.01;0;6.0977;0;0;-1
0;352;8.26686;-25.5206;-26.5934;8.72878;2785.8;5.24849;0;0;0.1;0.01;0;5.86021;0;0;-1
0;353;9.02358;-8.76662;-27.6976;10.2426;4501.11;6.15873;0;0;0.1;0.01;0;6.79556;0;0;-1
0;354;5.51607;9.9362;-25.5076;9.14542;3204.05;5.49901;0;0;0.1;0.01;0;4.58335;0;0;-1
0;355;9.43506;29.3301;-27.6611;10.081;4291.4;6.06156;0;0;0.1;0.01;0;6.86208;0;0;-1
0;356;6.25278;44.0488;-25.2427;10.3766;4680.09;6.2393;0;0;0.1;0.01;0;7.20065;0;0;-1
0;357;6.86981;63.4082;-24.6204;10.1832;4423.25;6.12301;0;0;0.1;0.01;0;6.80592;0;0;-1
0;358;5.89573;78.2875;-28.0051;9.05381;3108.73;5.44392;0;0;0.1;0.01;0;5.55845;0;0;-1
0;359;8.24256;95.6167;-26.8446;10.0208;4214.98;6.02536;0;0;0.1;0.01;0;2.9973;0;0;-1
0;360;22.5798;-82.3689;-25.2128;9.14669;3205.39;5.49977;0;0;0.1;0.01;0;4.65845;0;0;-1
0;361;23.7004;-65.8955;-25.4742;9.51617;3609.73;5.72193;0;0;0.1;0.01;0;5.43865;0;0;-1
0;362;23.2758;-47.2944;-27.4357;10.114;4333.69;6.0814;0;0;0.1;0.01;0;6.25884;0;0;-1
0;363;22.791;-31.7625;-26.0497;9.7203;3847.05;5.84468;0;0;0.1;0.01;0;6.89754;0;0;-1
0;364;22.1285;-16.0924;-25.5859;10.0142;4206.66;6.02139;0;0;0.1;0.01;0;6.73032;0;0;-1
0;365;22.3194;1.01686;-26.8043;9.03568;3090.09;5.43302;0;0;0.1;0.01;0;5.17168;0;0;-1
0;366;23.3893;18.1879;-28.0153;9.62583;3735.97;5.78787;0;0;0.1;0.01;0;6.25395;0;0;-1
0;367;23.2487;34.9364;-27.5225;9.48752;3577.23;5.70471;0;0;0.1;0.01;0;7.42029;0;0;-1
0;368;20.5965;51.1102;-24.5203;9.78732;3927.17;5.88497;0;0;0.1;0.01;0;6.26227;0;0;-1
0;369;20.2926;69.1534;-26.9555;9.41126;3491.66;5.65885;0;0;0.1;0.01;0;5.36097;0;0;-1
0;370;23.36;84.5738;-24.8064;9.48309;3572.22;5.70204;0;0;0.1;0.01;0;4.90006;0;0;-1
0;371;38.0644;-75.9952;-27.1014;9.08221;3138.07;5.461;0;0;0.1;0.01;0;3.94118;0;0;-1
0;372;35.2254;-56.915;-27.0362;8.68961;2748.46;5.22494;0;0;0.1;0.01;0;5.6075;0;0;-1
0;373;37.5291;-39.9426;-26.8249;9.92192;4091.44;5.96591;0;0;0.1;0.01;0;7.96685;0;0;-1
0;374;37.6924;-23.1654;-27.6911;9.98008;4163.81;6.00088;0;0;0.1;0.01;0;7.59096;0;0;-1
0;375;37.4529;-7.20798;-24.8374;9.68117;3800.77;5.82115;0;0;0.1;0.01;0;6.57157;0;0;-1
0;376;35.1285;8.91372;-26.7867;8.8148;2868.97;5.30021;0;0;0.1;0.01;0;5.30979;0;0;-1
0;377;37.23;25.3887;-24.7091;9.96675;4147.15;5.99286;0;0;0.1;0.01;0;6.88;0;0;-1
0;378;37.012;42.138;-27.0991;9.84583;3998.03;5.92015;0;0;0.1;0.01;0;6.57954;0;0;-1
0;379;38.4491;63.679;-24.9011;8.5;2572.44;5.11093;0;0;0.1;0.01;0;4.58581;1;0;-1
0;380;36.7481;78.813;-24.8772;8.5;2572.44;5.11093;0;0;0.1;0.01;0;4.3514;1;0;-1
0;381;50.4385;-66.6489;-24.7862;10.2137;4463.11;6.14135;0;0;0.1;0.01;0;5.56922;0;0;-1
0;382;49.9654;-50.7691;-25.291;10.1728;4409.71;6.11676;0;0;0.1;0.01;0;6.85161;0;0;-1
0;383;50.0686;-33.4152;-25.0317;8.55599;2623.61;5.14459;0;0;0.1;0.01;0;5.2021;0;0;-1
0;384;52.7131;-15.5627;-26.8623;9.21838;3281.35;5.54288;0;0;0.1;0.01;0;6.25932;0;0;-1
0;385;51.8207;1.7319;-28.3348;10.0155;4208.3;6.02217;0;0;0.1;0.01;0;7.16799;0;0;-1
0;386;50.1089;17.7963;-28.514;9.04577;3100.45;5.43909;0;0;0.1;0.01;0;6.1666;0;0;-1
0;387;50.3067;34.8916;-25.0684;9.38364;3461.01;5.64225;0;0;0.1;0.01;0;5.5778;0;0;-1
0;388;52.9759;54.7692;-24.6979;8.65695;2717.59;5.2053;0;0;0.1;0.01;0;4.39639;0;0;-1
0;389;52.2035;72.6217;-26.9413;9.78828;3928.33;5.88555;0;0;0.1;0.01;0;4.37714;0;0;-1
0;390;66.3596;-59.2057;-27.6335;8.99162;3045.11;5.40653;0;0;0.1;0.01;0;4.13095;0;0;-1
0;391;66.6333;-42.2235;-25.0394;8.84857;2902.07;5.32052;0;0;0.1;0.01;0;5.48321;0;0;-1
0;392;67.4828;-23.2441;-24.8713;10.3678;4668.19;6.23401;0;0;0.1;0.01;0;6.538;0;0;-1
0;393;65.5573;-5.60336;-26.9244;8.9529;3005.94;5.38325;0;0;0.1;0.01;0;6.83983;0;0;-1
0;394;66.5813;9.45426;-25.0947;9.2484;3313.51;5.56093;0;0;0.1;0.01;0;5.82187;0;0;-1
0;395;64.8739;25.407;-25.6016;9.8348;3984.6;5.91352;0;0;0.1;0.01;0;4.80843;0;0;-1
0;396;66.3802;46.5056;-25.903;10.0347;4232.55;6.03372;0;0;0.1;0.01;0;5.81676;0;0;-1
0;397;65.0702;62.277;-27.5167;10.0508;4252.95;6.0434;0;0;0.1;0.01;0;4.96864;0;0;-1
0;398;79.4166;-51.2653;-25.8197;10.1042;4321.1;6.07551;0;0;0.1;0.01;0;2.17793;0;0;-1
0;399;81.8809;-34.205;-24.8296;10.2512;4512.45;6.1639;0;0;0.1;0.01;0;3.41489;0;0;-1
0;400;80.7501;-16.8124;-25.3524;8.88357;2936.64;5.34156;0;0;0.1;0.01;0;4.46889;0;0;-1
0;401;79.7963;-0.231234;-26.242;9.30496;3374.68;5.59494;0;0;0.1;0.01;0;4.87244;0;0;-1
0;402;83.2186;17.7912;-25.2685;9.79833;3940.44;5.89159;0;0;0.1;0.01;0;4.146;0;0;-1
0;403;79.0969;33.764;-27.9922;8.5;2572.44;5.11093;0;0;0.1;0.01;0;3.36569;1;0;-1
0;404;79.371;54.6218;-26.5436;10.3516;4646.34;6.22427;0;0;0.1;0.01;0;2.70797;0;0;-1
0;405;-98.4429;0.963241;-11.8048;10.2755;4544.62;6.17851;0;0;0.1;0.01;0;3.7046;0;0;-1
0;406;-84.2822;-42.0852;-11.2501;9.08598;3141.98;5.46327;0;0;0.1;0.01;0;3.46897;0;0;-1
0;407;-84.3753;-23.5407;-10.3064;10.4098;4725.15;6.25926;0;0;0.1;0.01;0;5.70437;0;0;-1
0;408;-85.2149;-7.1372;-12.4892;8.91246;2965.39;5.35893;0;0;0.1;0.01;0;5.26821;0;0;-1
0;409;-83.3464;11.6484;-11.9345;10.149;4378.83;6.10245;0;0;0.1;0.01;0;5.92217;0;0;-1
0;410;-84.8128;29.1399;-12.428;8.5;2572.44;5.11093;0;0;0.1;0.01;0;4.13078;1;0;-1
0;411;-84.0332;42.4954;-11.3143;9.39125;3469.44;5.64682;0;0;0.1;0.01;0;4.12837;0;0;-1
0;412;-70.8157;-68.441;-10.0664;8.78734;2842.24;5.2837;0;0;0.1;0.01;0;2.13478;0;0;-1
0;413;-69.2294;-49.2666;-11.9929;9.51949;3613.51;5.72393;0;0;0.1;0.01;0;4.7691;0;0;-1
0;414;-69.8915;-32.5585;-10.142;9.37135;3447.43;5.63486;0;0;0.1;0.01;0;6.7975;0;0;-1
0;415;-72.1642;-15.7415;-11.6922;9.40543;3485.17;5.65535;0;0;0.1;0.01;0;6.5866;0;0;-1
0;416;-70.7967;3.17327;-10.3099;8.76929;2824.76;5.27285;0;0;0.1;0.01;0;6.07096;0;0;-1
0;417;-68.3497;17.3727;-12.9566;8.58719;2652.42;5.16335;0;0;0.1;0.01;0;4.93211;0;0;-1
0;418;-69.4958;36.4672;-11.9843;9.59908;3704.91;5.77179;0;0;0.1;0.01;0;6.3407;0;0;-1
0;419;-71.9208;53.7836;-13.0212;8.9755;3028.76;5.39684;0;0;0.1;0.01;0;4.41675;0;0;-1
0;420;-54.2887;-75.1292;-9.72343;8.85847;2911.82;5.32647;0;0;0.1;0.01;0;3.81518;0;0;-1
0;421;-56.6187;-58.2364;-12.3456;9.39962;3478.72;5.65186;0;0;0.1;0.01;0;5.38493;0;0;-1
0;422;-57.3329;-39.2045;-10.3185;8.57706;2643.04;5.15726;0;0;0.1;0.01;0;5.56698;0;0;-1
0;423;-57.3122;-23.9559;-11.8648;8.5;2572.44;5.11093;0;0;0.1;0.01;0;5.4925;1;0;-1
0;424;-55.237;-7.21842;-11.8096;9.00601;3059.75;5.41518;0;0;0.1;0.01;0;5.50083;0;0;-1
0;425;-54.3061;8.60228;-12.5413;10.0595;4264.01;6.04863;0;0;0.1;0.01;0;5.98825;0;0;-1
0;426;-57.3386;29.7679;-12.8169;8.5;2572.44;5.11093;0;0;0.1;0.01;0;5.6386;1;0;-1
0;427;-55.1173;44.7227;-11.8304;9.28257;3350.37;5.58147;0;0;0.1;0.01;0;6.85617;0;0;-1
0;428;-57.9502;60.0318;-10.6813;9.74725;3879.14;5.86088;0;0;0.1;0.01;0;5.44929;0;0;-1
0;429;-42.7889;-83.6404;-13.2557;10.0889;4301.5;6.06631;0;0;0.1;0.01;0;4.25886;0;0;-1
0;430;-39.3561;-64.6269;-11.575;9.79525;3936.73;5.88974;0;0;0.1;0.01;0;5.60949;0;0;-1
0;431;-41.0502;-49.354;-10.6902;8.52157;2592.07;5.1239;0;0;0.1;0.01;0;5.07756;0;0;-1
0;432;-41.2259;-32.6029;-12.364;9.80366;3946.87;5.8948;0;0;0.1;0.01;0;6.13931;0;0;-1
0;433;-42.0832;-14.3461;-13.52;10.014;4206.41;6.02127;0;0;0.1;0.01;0;6.0839;0;0;-1
0;434;-40.9238;3.07127;-10.7882;9.48602;3575.53;5.70381;0;0;0.1;0.01;0;5.76965;0;0;-1
0;435;-39.4024;20.0884;-11.2053;10.0097;4200.99;6.01869;0;0;0.1;0.01;0;6.2778;0;0;-1
0;436;-42.1304;36.9059;-13.1692;9.33057;3402.62;5.61034;0;0;0.1;0.01;0;7.20001;0;0;-1
0;437;-42.6549;52.2132;-12.6211;8.5;2572.44;5.11093;0;0;0.1;0.01;0;5.05282;1;0;-1
0;438;-43.0026;70.685;-12.5568;8.74544;2801.78;5.25851;0;0;0.1;0.01;0;4.72238;0;0;-1
0;439;-43.2526;85.1285;-13.3347;8.5;2572.44;5.11093;0;0;0.1;0.01;0;3.42605;1;0;-1
0;440;-27.9032;-93.1809;-13.0843;9.62079;3730.1;5.78484;0;0;0.1;0.01;0;4.31745;0;0;-1
0;441;-28.1476;-76.8714;-13.0073;10.1441;4372.49;6.0995;0;0;0.1;0.01;0;7.05597;0;0;-1
0;442;-24.6954;-56.5733;-12.2847;10.3899;4698.1;6.2473;0;0;0.1;0.01;0;7.30719;0;0;-1
0;443;-27.3686;-41.7533;-10.1917;10.4383;4764.07;6.2764;0;0;0.1;0.01;0;7.63281;0;0;-1
0;444;-26.6285;-22.2859;-11.8627;10.2193;4470.46;6.14472;0;0;0.1;0.01;0;6.64871;0;0;-1
0;445;-24.9532;-7.30657;-10.3163;8.54228;2611.02;5.13635;0;0;0.1;0.01;0;4.69641;0;0;-1
0;446;-25.1382;9.14776;-10.2544;9.43114;3513.83;5.67081;0;0;0.1;0.01;0;5.17386;0;0;-1
0;447;-27.4318;28.4658;-10.5827;10.2555;4518.13;6.16648;0;0;0.1;0.01;0;6.15135;0;0;-1
0;448;-28.3065;42.9567;-10.7772;9.06343;3118.65;5.44971;0;0;0.1;0.01;0;5.62746;0;0;-1
0;449;-24.4413;59.0698;-12.8414;8.80537;2859.77;5.29454;0;0;0.1;0.01;0;4.53427;0;0;-1
0;450;-24.7763;77.7028;-12.2452;9.85517;4009.41;5.92577;0;0;0.1;0.01;0;6.45154;0;0;-1
0;451;-24.859;94.6742;-14.016;10.1999;4445.05;6.13305;0;0;0.1;0.01;0;3.54409;0;0;-1
0;452;-13.5519;-83.3038;-11.0853;8.5;2572.44;5.11093;0;0;0.1;0.01;0;4.45412;1;0;-1
0;453;-12.7715;-65.4507;-13.2547;8.5;2572.44;5.11093;0;0;0.1;0.01;0;5.52583;1;0;-1
0;454;-12.6964;-48.437;-9.71309;9.49539;3586.14;5.70944;0;0;0.1;0.01;0;6.60655;0;0;-1
0;455;-11.4485;-32.3637;-11.7609;10.4018;4714.27;6.25445;0;0;0.1;0.01;0;7.25794;0;0;-1
0;456;-10.3963;-14.2731;-10.7257;8.5;2572.44;5.11093;0;0;0.1;0.01;0;6.05982;1;0;-1
0;457;-10.7188;0.963532;-11.6028;10.2021;4447.92;6.13437;0;0;0.1;0.01;0;7.16037;0;0;-1
0;458;-10.7313;16.9707;-11.6245;9.08701;3143.05;5.46389;0;0;0.1;0.01;0;5.7691;0;0;-1
0;459;-11.5971;34.2441;-12.535;8.56015;2627.44;5.14709;0;0;0.1;0.01;0;4.6193;0;0;-1
0;460;-10.3521;50.9668;-10.6038;8.54843;2616.66;5.14005;0;0;0.1;0.01;0;5.22095;0;0;-1
0;461;-10.5249;67.4161;-11.6321;9.0735;3129.05;5.45576;0;0;0.1;0.01;0;5.90981;0;0;-1
0;462;-11.7002;87.2588;-12.4361;8.5;2572.44;5.11093;0;0;0.1;0.01;0;4.79355;1;0;-1
0;463;4.39404;-91.5508;-10.5892;8.69412;2752.74;5.22765;0;0;0.1;0.01;0;3.76469;0;0;-1
0;464;1.54234;-75.9923;-12.1292;8.5;2572.44;5.11093;0;0;0.1;0.01;0;5.49048;1;0;-1
0;465;1.34368;-59.4779;-12.859;8.86284;2916.13;5.3291;0;0;0.1;0.01;0;6.06262;0;0;-1
0;466;1.68069;-41.2631;-12.6225;9.63019;3741.05;5.79049;0;0;0.1;0.01;0;6.53532;0;0;-1
0;467;1.26503;-21.572;-10.4659;9.21799;3280.93;5.54264;0;0;0.1;0.01;0;6.60721;0;0;-1
0;468;1.59295;-7.44653;-12.1218;8.63646;2698.34;5.19298;0;0;0.1;0.01;0;6.12507;0;0;-1
0;469;3.28236;8.17202;-12.2767;10.1133;4332.79;6.08098;0;0;0.1;0.01;0;6.21224;0;0;-1
0;470;3.19156;25.1269;-13.5534;9.05314;3108.04;5.44352;0;0;0.1;0.01;0;4.72291;0;0;-1
0;471;1.98873;43.7632;-10.4964;9.3009;3370.26;5.5925;0;0;0.1;0.01;0;5.57865;0;0;-1
0;472;2.33353;59.523;-10.7472;9.45512;3540.71;5.68523;0;0;0.1;0.01;0;6.58834;0;0;-1
0;473;2.70788;76.7489;-10.395;8.91847;2971.39;5.36255;0;0;0.1;0.01;0;6.03235;0;0;-1
0;474;3.09615;94.0425;-11.4645;10.2647;4530.3;6.17202;0;0;0.1;0.01;0;4.45931;0;0;-1
0;475;18.817;-85.1777;-10.5402;9.35595;3430.46;5.6256;0;0;0.1;0.01;0;5.79974;0;0;-1
0;476;16.073;-68.1915;-10.5167;9.47166;3559.32;5.69517;0;0;0.1;0.01;0;6.3543;0;0;-1
0;477;15.965;-51.4705;-9.87631;9.86583;4022.44;5.93218;0;0;0.1;0.01;0;5.77814;0;0;-1
0;478;15.5236;-33.3881;-10.5218;9.65096;3765.3;5.80298;0;0;0.1;0.01;0;5.74248;0;0;-1
0;479;16.0333;-16.2962;-11.4653;8.57311;2639.39;5.15489;0;0;0.1;0.01;0;5.90836;0;0;-1
0;480;16.4183;1.12029;-11.4609;9.38448;3461.94;5.64275;0;0;0.1;0.01;0;5.57936;0;0;-1
0;481;19.4863;20.9014;-10.8807;9.88972;4051.73;5.94655;0;0;0.1;0.01;0;6.04939;0;0;-1
0;482;19.623;38.1946;-13.1724;8.5;2572.44;5.11093;0;0;0.1;0.01;0;5.08544;1;0;-1
0;483;18.1878;54.5309;-11.4704;8.5;2572.44;5.11093;0;0;0.1;0.01;0;4.93059;1;0;-1
0;484;17.306;71.4358;-10.3185;10.3965;4707.06;6.25126;0;0;0.1;0.01;0;7.11018;0;0;-1
0;485;15.6964;84.9775;-12.5716;8.5;2572.44;5.11093;0;0;0.1;0.01;0;5.45145;1;0;-1
0;486;31.9471;-93.7268;-12.0424;8.83098;2884.8;5.30994;0;0;0.1;0.01;0;1.85725;0;0;-1
0;487;33.3587;-76.6487;-12.3256;9.41174;3492.19;5.65914;0;0;0.1;0.01;0;5.65377;0;0;-1
0;488;32.8898;-55.3899;-10.3517;9.45135;3536.47;5.68296;0;0;0.1;0.01;0;4.99179;0;0;-1
0;489;34.1681;-38.8879;-10.1208;9.62386;3733.67;5.78669;0;0;0.1;0.01;0;6.14324;0;0;-1
0;490;31.2309;-21.3543;-12.2796;9.89423;4057.28;5.94926;0;0;0.1;0.01;0;7.10862;0;0;-1
0;491;33.138;-6.33891;-10.7763;8.88235;2935.43;5.34083;0;0;0.1;0.01;0;5.56244;0;0;-1
0;492;33.5006;11.7956;-12.9137;10.3784;4682.52;6.24038;0;0;0.1;0.01;0;7.01892;0;0;-1
0;493;31.4692;29.0515;-10.8332;9.24443;3309.25;5.55854;0;0;0.1;0.01;0;6.8207;0;0;-1
0;494;33.5345;46.261;-13.2484;9.56238;3662.58;5.74972;0;0;0.1;0.01;0;5.98873;0;0;-1
0;495;32.7895;63.4875;-10.3658;8.6173;2680.42;5.18146;0;0;0.1;0.01;0;5.9856;0;0;-1
0;496;32.2661;79.3791;-10.1276;10.0567;4260.45;6.04695;0;0;0.1;0.01;0;6.38666;0;0;-1
0;497;45.9664;-82.9378;-10.7941;8.5;2572.44;5.11093;0;0;0.1;0.01;0;4.15526;1;0;-1
0;498;48.13;-67.8899;-11.4544;9.53328;3629.24;5.73222;0;0;0.1;0.01;0;6.01234;0;0;-1
0;499;47.7008;-47.7283;-11.9651;9.34097;3414.01;5.61659;0;0;0.1;0.01;0;6.11484;0;0;-1
0;500;48.6167;-31.7076;-12.5211;9.05733;3112.36;5.44604;0;0;0.1;0.01;0;5.54066;0;0;-1
0;501;45.5546;-14.7393;-10.9517;9.15165;3210.6;5.50275;0;0;0.1;0.01;0;6.26774;0;0;-1
0;502;46.5946;0.437464;-11.0278;10.1585;4391.14;6.10816;0;0;0.1;0.01;0;7.44546;0;0;-1
0;503;47.7358;18.1184;-13.4358;10.1742;4411.53;6.1176;0;0;0.1;0.01;0;7.74683;0;0;-1
0;504;47.901;34.6492;-10.5439;9.51622;3609.79;5.72196;0;0;0.1;0.01;0;6.42819;0;0;-1
0;505;45.9413;55.1934;-12.4959;8.5;2572.44;5.11093;0;0;0.1;0.01;0;5.01902;1;0;-1
0;506;46.2878;68.4942;-10.0108;9.24156;3306.16;5.55682;0;0;0.1;0.01;0;6.17014;0;0;-1
0;507;47.6951;85.6416;-13.0956;8.6403;2701.94;5.19529;0;0;0.1;0.01;0;2.33794;0;0;-1
0;508;61.0947;-74.2485;-11.2902;10.3036;4582.01;6.19541;0;0;0.1;0.01;0;3.19849;0;0;-1
0;509;60.3079;-56.0663;-13.2979;9.61516;3723.56;5.78146;0;0;0.1;0.01;0;6.39389;0;0;-1
0;510;61.4401;-42.149;-11.616;9.39919;3478.24;5.6516;0;0;0.1;0.01;0;6.41309;0;0;-1
0;511;62.5811;-25.7819;-11.8654;9.28468;3352.66;5.58274;0;0;0.1;0.01;0;5.84185;0;0;-1
0;512;62.7428;-7.65532;-11.5002;9.83406;3983.7;5.91308;0;0;0.1;0.01;0;6.46644;0;0;-1
0;513;60.7341;9.37195;-12.8096;10.2245;4477.29;6.14784;0;0;0.1;0.01;0;6.65746;0;0;-1
0;514;61.9709;28.7524;-10.2189;9.92591;4096.37;5.96831;0;0;0.1;0.01;0;6.30874;0;0;-1
0;515;62.6739;45.9882;-11.129;9.50542;3597.51;5.71547;0;0;0.1;0.01;0;5.70286;0;0;-1
0;516;63.2357;63.5925;-10.8015;10.0981;4313.28;6.07184;0;0;0.1;0.01;0;5.33237;0;0;-1
0;517;61.0476;77.9224;-13.7878;8.90529;2958.24;5.35462;0;0;0.1;0.01;0;2.77264;0;0;-1
0;518;77.602;-47.5279;-10.807;8.5;2572.44;5.11093;0;0;0.1;0.01;0;3.8934;1;0;-1
0;519;77.3339;-30.0373;-11.2436;8.60685;2670.68;5.17517;0;0;0.1;0.01;0;5.62851;0;0;-1
0;520;75.299;-14.441;-10.8526;10.4528;4783.95;6.28512;0;0;0.1;0.01;0;7.80122;0;0;-1
0;521;74.9452;1.12067;-10.9946;8.5;2572.44;5.11093;0;0;0.1;0.01;0;6.16579;1;0;-1
0;522;76.6105;18.01;-13.3371;8.69993;2758.26;5.23114;0;0;0.1;0.01;0;5.75043;0;0;-1
0;523;75.0665;34.8517;-12.7118;8.5;2572.44;5.11093;0;0;0.1;0.01;0;5.25415;1;0;-1
0;524;75.3437;51.4805;-10.2291;9.24246;3307.13;5.55736;0;0;0.1;0.01;0;5.71997;0;0;-1
0;525;89.5856;-22.1733;-11.9598;8.5;2572.44;5.11093;0;0;0.1;0.01;0;3.78945;1;0;-1
0;526;90.0687;-4.2519;-10.1447;9.67018;3787.85;5.81454;0;0;0.1;0.01;0;4.12122;0;0;-1
0;527;89.5564;12.0086;-11.0186;8.94815;3001.15;5.38039;0;0;0.1;0.01;0;4.804;0;0;-1
0;528;89.4234;27.0304;-11.2047;8.57982;2645.59;5.15892;0;0;0.1;0.01;0;4.51444;0;0;-1
0;529;89.2377;43.5625;-9.84363;10.0381;4236.85;6.03576;0;0;0.1;0.01;0;3.29404;0;0;-1
0;530;-93.9351;-16.577;2.39611;9.45997;3546.16;5.68814;0;0;0.1;0.01;0;3.17123;0;0;-1
0;531;-95.6857;2.72679;3.43304;9.65336;3768.11;5.80443;0;0;0.1;0.01;0;3.78383;0;0;-1
0;532;-95.9064;18.6855;2.16118;10.2032;4449.36;6.13504;0;0;0.1;0.01;0;3.23955;0;0;-1
0;533;-79.6791;-55.9235;3.03529;8.5;2572.44;5.11093;0;0;0.1;0.01;0;2.63922;1;0;-1
0;534;-82.6261;-41.5244;4.68245;9.80047;3943.02;5.89288;0;0;0.1;0.01;0;4.17563;0;0;-1
0;535;-80.5971;-23.2284;2.97169;9.80139;3944.13;5.89343;0;0;0.1;0.01;0;6.45427;0;0;-1
0;536;-79.8679;-6.13888;3.72504;9.46528;3552.13;5.69134;0;0;0.1;0.01;0;5.92559;0;0;-1
0;537;-81.7932;10.3583;2.71623;8.90491;2957.86;5.35439;0;0;0.1;0.01;0;4.70788;0;0;-1
0;538;-80.6011;25.4958;1.20726;8.5;2572.44;5.11093;0;0;0.1;0.01;0;3.69671;1;0;-1
0;539;-82.6839;44.0764;2.76989;10.2457;4505.19;6.16059;0;0;0.1;0.01;0;4.42276;0;0;-1
0;540;-78.9028;61.1301;3.37591;9.4202;3501.62;5.66423;0;0;0.1;0.01;0;2.55963;0;0;-1
0;541;-63.887;-65.5109;1.68048;8.86781;2921.04;5.33209;0;0;0.1;0.01;0;4.00727;0;0;-1
0;542;-64.2795;-47.2862;4.40159;10.2617;4526.33;6.17021;0;0;0.1;0.01;0;6.23477;0;0;-1
0;543;-68.393;-33.049;3.54924;8.92266;2975.58;5.36507;0;0;0.1;0.01;0;5.75899;0;0;-1
0;544;-67.797;-14.8228;1.72032;10.4365;4761.6;6.27532;0;0;0.1;0.01;0;6.92686;0;0;-1
0;545;-67.194;0.398073;3.73974;10.3306;4618.12;6.21164;0;0;0.1;0.01;0;6.93439;0;0;-1
0;546;-64.7315;17.1277;3.3658;10.4477;4776.95;6.28205;0;0;0.1;0.01;0;6.0194;0;0;-1
0;547;-65.182;36.5238;3.09443;10.4249;4745.74;6.26834;0;0;0.1;0.01;0;6.60338;0;0;-1
0;548;-65.5666;52.0307;3.2289;9.47993;3568.65;5.70014;0;0;0.1;0.01;0;5.48015;0;0;-1
0;549;-64.9454;70.4125;3.16487;8.5;2572.44;5.11093;0;0;0.1;0.01;0;2.34946;1;0;-1
0;550;-49.9073;-75.338;3.23619;8.5823;2647.89;5.16041;0;0;0.1;0.01;0;5.00615;0;0;-1
0;551;-50.3432;-59.3896;4.20874;8.71413;2771.79;5.23968;0;0;0.1;0.01;0;5.50649;0;0;-1
0;552;-50.9555;-42.3279;3.34082;8.72965;2786.63;5.24901;0;0;0.1;0.01;0;5.46229;0;0;-1
0;553;-52.113;-24.4745;3.65972;8.58632;2651.61;5.16283;0;0;0.1;0.01;0;4.18711;0;0;-1
0;554;-49.639;-5.37467;2.14397;8.5;2572.44;5.11093;0;0;0.1;0.01;0;4.35476;1;0;-1
0;555;-52.3031;10.0582;3.74919;8.5;2572.44;5.11093;0;0;0.1;0.01;0;4.98649;1;0;-1
0;556;-52.7574;25.8373;2.69669;8.5;2572.44;5.11093;0;0;0.1;0.01;0;5.48501;1;0;-1
0;557;-50.2696;42.9849;5.11421;9.8444;3996.28;5.91929;0;0;0.1;0.01;0;5.97372;0;0;-1
0;558;-50.751;63.4585;1.8334;9.04923;3104.01;5.44117;0;0;0.1;0.01;0;5.21536;0;0;-1
0;559;-51.4558;78.1197;1.28978;9.76208;3896.87;5.8698;0;0;0.1;0.01;0;4.43747;0;0;-1
0;560;-34.9781;-84.0141;3.43932;9.36644;3442.01;5.6319;0;0;0.1;0.01;0;5.15578;0;0;-1
0;561;-38.5012;-67.3813;3.24544;9.15764;3216.91;5.50636;0;0;0.1;0.01;0;5.35486;0;0;-1
0;562;-36.7046;-50.394;4.11995;8.5;2572.44;5.11093;0;0;0.1;0.01;0;5.17341;1;0;-1
0;563;-35.835;-32.6241;2.67806;9.95707;4135.07;5.98704;0;0;0.1;0.01;0;6.05316;0;0;-1
0;564;-38.0804;-14.0899;3.15553;8.97516;3028.41;5.39663;0;0;0.1;0.01;0;4.98353;0;0;-1
0;565;-36.6306;3.17845;4.03684;8.90095;2953.91;5.35201;0;0;0.1;0.01;0;5.85523;0;0;-1
0;566;-38.1398;19.9747;2.91873;10.1518;4382.46;6.10413;0;0;0.1;0.01;0;6.86602;0;0;-1
0;567;-38.1986;36.3059;1.03159;8.89588;2948.87;5.34896;0;0;0.1;0.01;0;5.93222;0;0;-1
0;568;-35.4189;50.8397;2.85956;9.82839;3976.82;5.90967;0;0;0.1;0.01;0;5.01582;0;0;-1
0;569;-35.7476;71.7398;1.34127;10.4423;4769.55;6.2788;0;0;0.1;0.01;0;6.28697;0;0;-1
0;570;-35.3312;87.8917;3.2878;9.58234;3685.56;5.76172;0;0;0.1;0.01;0;5.14435;0;0;-1
0;571;-20.7837;-93.656;1.60421;9.51832;3612.18;5.72323;0;0;0.1;0.01;0;4.31228;0;0;-1
0;572;-20.5641;-76.6084;4.5927;8.53528;2604.61;5.13214;0;0;0.1;0.01;0;5.26439;0;0;-1
0;573;-23.6246;-57.6366;1.54312;9.2155;3278.27;5.54115;0;0;0.1;0.01;0;6.0037;0;0;-1
0;574;-23.2231;-40.358;2.14389;9.25268;3318.11;5.5635;0;0;0.1;0.01;0;6.4172;0;0;-1
0;575;-21.165;-23.0801;3.57115;8.5;2572.44;5.11093;0;0;0.1;0.01;0;5.39854;1;0;-1
0;576;-20.5787;-5.19188;3.33994;8.55675;2624.31;5.14505;0;0;0.1;0.01;0;6.16172;0;0;-1
0;577;-20.1891;9.99501;4.07273;10.1133;4332.79;6.08098;0;0;0.1;0.01;0;6.89953;0;0;-1
0;578;-23.9424;27.5224;1.8872;8.5874;2652.61;5.16348;0;0;0.1;0.01;0;3.99291;0;0;-1
0;579;-19.9324;46.9949;1.82814;9.19996;3261.72;5.5318;0;0;0.1;0.01;0;4.54765;0;0;-1
0;580;-22.0299;63.3261;2.16592;9.89483;4058.01;5.94962;0;0;0.1;0.01;0;6.65886;0;0;-1
0;581;-22.1864;77.5557;1.9063;9.60554;3712.39;5.77567;0;0;0.1;0.01;0;6.19763;0;0;-1
0;582;-23.369;96.2371;1.3578;9.90756;4073.7;5.95727;0;0;0.1;0.01;0;3.41956;0;0;-1
0;583;-7.07143;-98.9529;0.928941;10.0776;4287.06;6.05951;0;0;0.1;0.01;0;2.9736;0;0;-1
0;584;-5.64548;-81.0556;3.70825;8.73414;2790.93;5.25171;0;0;0.1;0.01;0;5.62551;0;0;-1
0;585;-9.08142;-66.6453;2.77149;10.3839;4689.97;6.24369;0;0;0.1;0.01;0;5.75112;0;0;-1
0;586;-7.63394;-49.2503;2.31675;8.64791;2709.08;5.19986;0;0;0.1;0.01;0;5.09492;0;0;-1
0;587;-7.46476;-29.9776;2.51959;9.4445;3528.79;5.67884;0;0;0.1;0.01;0;6.35339;0;0;-1
0;588;-8.78264;-14.194;3.1183;9.71029;3835.18;5.83866;0;0;0.1;0.01;0;6.88197;0;0;-1
0;589;-7.88842;1.80333;3.7756;8.5;2572.44;5.11093;0;0;0.1;0.01;0;5.89914;1;0;-1
0;590;-6.2962;17.3587;1.33843;8.51996;2590.61;5.12293;0;0;0.1;0.01;0;5.93095;0;0;-1
0;591;-6.16254;34.6565;3.70482;9.22465;3288.05;5.54665;0;0;0.1;0.01;0;5.50932;0;0;-1
0;592;-5.7628;51.8048;3.53976;8.5;2572.44;5.11093;0;0;0.1;0.01;0;5.87057;1;0;-1
0;593;-7.56693;71.7843;2.33053;10.3283;4615.04;6.21026;0;0;0.1;0.01;0;6.85559;0;0;-1
0;594;-9.20534;88.3796;3.6801;9.77079;3907.31;5.87503;0;0;0.1;0.01;0;4.97504;0;0;-1
0;595;8.04085;-92.1734;3.09759;8.71605;2773.63;5.24083;0;0;0.1;0.01;0;4.70604;0;0;-1
0;596;8.63769;-76.0908;1.82832;9.61678;3725.44;5.78243;0;0;0.1;0.01;0;7.0392;0;0;-1
0;597;5.95174;-58.9249;1.68638;10.096;4310.59;6.07058;0;0;0.1;0.01;0;6.91909;0;0;-1
0;598;7.0369;-42.7393;3.59416;9.83689;3987.15;5.91478;0;0;0.1;0.01;0;6.72707;0;0;-1
0;599;7.54539;-24.936;1.85103;9.5353;3631.55;5.73344;0;0;0.1;0.01;0;6.50711;0;0;-1
0;600;9.35788;-8.46084;4.44558;10.1237;4346.17;6.08723;0;0;0.1;0.01;0;5.9311;0;0;-1
0;601;5.73506;10.4508;2.77361;8.89902;2951.99;5.35085;0;0;0.1;0.01;0;4.95976;0;0;-1
0;602;7.62945;25.4201;2.11759;9.91149;4078.55;5.95964;0;0;0.1;0.01;0;6.0891;0;0;-1
0;603;8.37909;44.0599;2.34673;8.5;2572.44;5.11093;0;0;0.1;0.01;0;5.04558;1;0;-1
0;604;6.91334;60.3901;1.62358;8.5;2572.44;5.11093;0;0;0.1;0.01;0;5.65747;1;0;-1
0;605;8.8017;76.5018;2.68078;8.62821;2690.61;5.18802;0;0;0.1;0.01;0;5.79825;0;0;-1
0;606;5.6126;97.9059;1.52302;9.70502;3828.93;5.83549;0;0;0.1;0.01;0;2.82626;0;0;-1
0;607;20.453;-85.289;2.177;8.5;2572.44;5.11093;0;0;0.1;0.01;0;4.15258;1;0;-1
0;608;23.706;-66.3242;2.73805;10.1485;4378.19;6.10215;0;0;0.1;0.01;0;5.92363;0;0;-1
0;609;22.3816;-47.3566;4.3812;8.61569;2678.91;5.18049;0;0;0.1;0.01;0;4.58325;0;0;-1
0;610;21.7438;-31.0871;1.47601;8.5;2572.44;5.11093;0;0;0.1;0.01;0;5.79065;1;0;-1
0;611;21.4325;-14.7095;1.49614;8.5;2572.44;5.11093;0;0;0.1;0.01;0;5.46857;1;0;-1
0;612;23.2017;4.33801;1.19669;9.49255;3582.92;5.70773;0;0;0.1;0.01;0;5.44795;0;0;-1
0;613;23.388;20.8345;4.67561;9.56391;3664.33;5.75064;0;0;0.1;0.01;0;6.83927;0;0;-1
0;614;21.983;37.2972;4.96619;8.5;2572.44;5.11093;0;0;0.1;0.01;0;5.66009;1;0;-1
0;615;22.7761;51.4208;3.72542;9.88732;4048.78;5.9451;0;0;0.1;0.01;0;6.64387;0;0;-1
0;616;21.1371;67.7526;1.65973;9.16445;3224.09;5.51045;0;0;0.1;0.01;0;5.95865;0;0;-1
0;617;21.4059;89.4963;1.13731;10.1186;4339.6;6.08417;0;0;0.1;0.01;0;4.04304;0;0;-1
0;618;38.0392;-75.9275;1.65994;9.44408;3528.32;5.67859;0;0;0.1;0.01;0;6.03146;0;0;-1
0;619;38.5533;-59.5992;4.02484;8.64248;2703.98;5.1966;0;0;0.1;0.01;0;5.22651;0;0;-1
0;620;34.9001;-40.1481;3.41506;8.9796;3032.91;5.3993;0;0;0.1;0.01;0;5.45042;0;0;-1
0;621;35.0462;-25.7239;1.19772;9.54414;3641.66;5.73875;0;0;0.1;0.01;0;6.1075;0;0;-1
0;622;38.0217;-8.85098;4.48216;9.35846;3433.22;5.62711;0;0;0.1;0.01;0;6.01324;0;0;-1
0;623;37.2336;9.08841;1.45701;9.51894;3612.89;5.7236;0;0;0.1;0.01;0;5.74626;0;0;-1
0;624;36.6659;27.2511;2.87298;9.98295;4167.4;6.0026;0;0;0.1;0.01;0;6.5141;0;0;-1
0;625;35.9267;44.5342;1.21626;10.3932;4702.58;6.24928;0;0;0.1;0.01;0;6.87881;0;0;-1
0;626;36.1014;62.7066;3.82872;10.293;4567.88;6.18903;0;0;0.1;0.01;0;7.82614;0;0;-1
0;627;37.6637;80.0002;2.52762;10.395;4705.03;6.25036;0;0;0.1;0.01;0;5.14024;0;0;-1
0;628;50.84;-83.5326;2.89806;8.5;2572.44;5.11093;0;0;0.1;0.01;0;2.98795;1;0;-1
0;629;52.1813;-64.6109;4.04304;9.83279;3982.16;5.91231;0;0;0.1;0.01;0;5.58563;0;0;-1
0;630;50.3212;-48.4691;3.26068;10.1367;4362.93;6.09505;0;0;0.1;0.01;0;6.36323;0;0;-1
0;631;53.402;-33.6526;4.79083;8.5;2572.44;5.11093;0;0;0.1;0.01;0;5.8116;1;0;-1
0;632;51.3815;-15.8271;2.99169;8.60239;2666.53;5.17249;0;0;0.1;0.01;0;5.1179;0;0;-1
0;633;52.1596;1.13642;2.46994;8.51441;2585.55;5.11959;0;0;0.1;0.01;0;5.43462;0;0;-1
0;634;52.3772;17.0473;1.6653;9.47502;3563.11;5.69719;0;0;0.1;0.01;0;7.3122;0;0;-1
0;635;50.1832;34.3891;2.73586;9.80689;3950.78;5.89674;0;0;0.1;0.01;0;6.23279;0;0;-1
0;636;51.3795;54.6337;4.70248;8.5;2572.44;5.11093;0;0;0.1;0.01;0;5.01837;1;0;-1
0;637;50.0057;67.7069;3.26019;9.09874;3155.24;5.47094;0;0;0.1;0.01;0;4.70117;0;0;-1
0;638;68.0568;-56.0613;4.68489;9.91865;4087.39;5.96394;0;0;0.1;0.01;0;4.38833;0;0;-1
0;639;67.5946;-39.0421;2.40443;9.67029;3787.97;5.81461;0;0;0.1;0.01;0;7.09034;0;0;-1
0;640;64.7288;-24.1604;3.90219;8.59961;2663.94;5.17082;0;0;0.1;0.01;0;5.67665;0;0;-1
0;641;67.8282;-6.65753;4.42997;8.5;2572.44;5.11093;0;0;0.1;0.01;0;4.8671;1;0;-1
0;642;65.6297;12.2012;3.83145;10.2544;4516.68;6.16582;0;0;0.1;0.01;0;6.72;0;0;-1
0;643;65.4858;25.9317;3.94502;8.5;2572.44;5.11093;0;0;0.1;0.01;0;6.0982;1;0;-1
0;644;66.9143;44.31;4.36024;9.40417;3483.77;5.65459;0;0;0.1;0.01;0;5.69682;0;0;-1
0;645;67.4236;60.1792;4.32277;9.78995;3930.34;5.88655;0;0;0.1;0.01;0;4.46587;0;0;-1
0;646;82.3274;-47.3937;5.10294;9.16647;3226.23;5.51167;0;0;0.1;0.01;0;3.67541;0;0;-1
0;647;82.1708;-33.1086;3.18252;10.4059;4719.84;6.25692;0;0;0.1;0.01;0;5.8228;0;0;-1
0;648;81.3948;-15.7959;3.83954;9.58771;3691.76;5.76495;0;0;0.1;0.01;0;6.48913;0;0;-1
0;649;79.7786;0.0569891;1.87621;9.17655;3236.88;5.51773;0;0;0.1;0.01;0;5.72963;0;0;-1
0;650;80.9774;18.2591;2.44417;9.17519;3235.44;5.51691;0;0;0.1;0.01;0;6.64385;0;0;-1
0;651;82.5358;36.1042;4.09105;10.3563;4652.67;6.22709;0;0;0.1;0.01;0;5.55282;0;0;-1
0;652;82.8022;55.3006;4.89733;9.98006;4163.78;6.00087;0;0;0.1;0.01;0;2.84893;0;0;-1
0;653;95.8374;-23.3855;2.10473;10.372;4673.86;6.23653;0;0;0.1;0.01;0;3.62854;0;0;-1
0;654;96.3581;-7.56418;4.22573;9.30892;3378.99;5.59732;0;0;0.1;0.01;0;3.40726;0;0;-1
0;655;94.5255;12.1162;1.9375;9.59168;3696.35;5.76734;0;0;0.1;0.01;0;4.21367;0;0;-1
0;656;94.3139;26.6313;4.47996;10.0281;4224.2;6.02975;0;0;0.1;0.01;0;4.46421;0;0;-1
0;657;-86.8371;-40.7502;19.2029;10.0139;4206.28;6.02121;0;0;0.1;0.01;0;3.22264;0;0;-1
0;658;-85.0802;-21.1763;18.5553;9.39531;3473.94;5.64926;0;0;0.1;0.01;0;3.28352;0;0;-1
0;659;-84.8785;-4.98846;19.2712;9.9256;4095.99;5.96812;0;0;0.1;0.01;0;4.60318;0;0;-1
0;660;-86.65;10.4837;17.1896;9.41782;3498.97;5.6628;0;0;0.1;0.01;0;4.71523;0;0;-1
0;661;-85.7263;27.1065;18.3064;8.5;2572.44;5.11093;0;0;0.1;0.01;0;3.21746;1;0;-1
0;662;-84.2612;45.3273;18.9272;8.68184;2741.09;5.22026;0;0;0.1;0.01;0;2.72828;0;0;-1
0;663;-72.1091;-63.6398;19.8466;9.46219;3548.65;5.68948;0;0;0.1;0.01;0;3.35526;0;0;-1
0;664;-70.8121;-48.5607;16.6704;9.04696;3101.68;5.43981;0;0;0.1;0.01;0;6.11193;0;0;-1
0;665;-68.9849;-33.8711;19.1836;8.5;2572.44;5.11093;0;0;0.1;0.01;0;5.46713;1;0;-1
0;666;-71.9605;-13.1852;19.0157;9.90376;4069.01;5.95499;0;0;0.1;0.01;0;7.23549;0;0;-1
0;667;-69.3879;2.17538;19.7028;9.7357;3865.36;5.85394;0;0;0.1;0.01;0;6.93211;0;0;-1
0;668;-70.2475;18.6408;19.2983;9.64972;3763.85;5.80224;0;0;0.1;0.01;0;5.80146;0;0;-1
0;669;-70.2956;34.2611;16.744;8.77909;2834.24;5.27874;0;0;0.1;0.01;0;4.32298;0;0;-1
0;670;-70.255;52.8831;16.2634;8.5;2572.44;5.11093;0;0;0.1;0.01;0;3.91719;1;0;-1
0;671;-58.021;-74.947;17.1211;10.065;4271;6.05194;0;0;0.1;0.01;0;4.51615;0;0;-1
0;672;-57.4975;-58.6545;18.7015;9.47117;3558.77;5.69488;0;0;0.1;0.01;0;6.43864;0;0;-1
0;673;-56.2028;-39.5368;17.455;10.2399;4497.55;6.1571;0;0;0.1;0.01;0;7.4023;0;0;-1
0;674;-57.084;-23.2683;16.9155;8.9323;2985.23;5.37086;0;0;0.1;0.01;0;5.73278;0;0;-1
0;675;-55.1842;-6.46311;16.0514;9.97374;4155.88;5.99707;0;0;0.1;0.01;0;6.24471;0;0;-1
0;676;-57.127;8.61446;17.4106;8.70387;2762.01;5.23351;0;0;0.1;0.01;0;5.38535;0;0;-1
0;677;-55.381;26.7724;16.7946;9.65507;3770.12;5.80545;0;0;0.1;0.01;0;5.70821;0;0;-1
0;678;-54.9748;46.9013;18.9403;8.5;2572.44;5.11093;0;0;0.1;0.01;0;4.35246;1;0;-1
0;679;-53.9859;61.9319;18.2829;8.67427;2733.93;5.21571;0;0;0.1;0.01;0;3.8077;0;0;-1
0;680;-53.7975;78.0478;19.6579;9.60026;3706.27;5.7725;0;0;0.1;0.01;0;2.63844;0;0;-1
0;681;-41.696;-84.6175;16.8455;9.64536;3758.75;5.79962;0;0;0.1;0.01;0;4.32757;0;0;-1
0;682;-40.6336;-67.4697;17.73;8.98447;3037.85;5.40223;0;0;0.1;0.01;0;5.51527;0;0;-1
0;683;-40.4664;-47.7831;16.7395;9.09298;3149.25;5.46748;0;0;0.1;0.01;0;5.25931;0;0;-1
0;684;-42.528;-33.0272;18.1966;9.56256;3662.78;5.74983;0;0;0.1;0.01;0;6.35579;0;0;-1
0;685;-42.1586;-13.7591;16.4852;8.5;2572.44;5.11093;0;0;0.1;0.01;0;4.91697;1;0;-1
0;686;-39.992;2.28328;17.7224;8.8338;2887.56;5.31164;0;0;0.1;0.01;0;5.08259;0;0;-1
0;687;-42.2124;18.6828;18.4609;8.81873;2872.81;5.30257;0;0;0.1;0.01;0;5.43383;0;0;-1
0;688;-41.164;33.7348;18.2755;8.97255;3025.77;5.39506;0;0;0.1;0.01;0;5.19099;0;0;-1
0;689;-39.7072;53.2109;18.5419;8.97931;3032.62;5.39913;0;0;0.1;0.01;0;4.73893;0;0;-1
0;690;-39.5891;71.4841;16.3973;10.2106;4459.05;6.13949;0;0;0.1;0.01;0;5.90373;0;0;-1
0;691;-41.5945;87.7466;18.541;8.98874;3042.18;5.4048;0;0;0.1;0.01;0;2.9305;0;0;-1
0;692;-27.7627;-93.455;16.8276;10.4523;4783.26;6.28482;0;0;0.1;0.01;0;3.97976;0;0;-1
0;693;-27.5069;-72.854;18.4973;9.83112;3980.13;5.91131;0;0;0.1;0.01;0;6.16422;0;0;-1
0;694;-25.3692;-56.713;16.273;8.5;2572.44;5.11093;0;0;0.1;0.01;0;4.44985;1;0;-1
0;695;-24.5047;-40.3788;17.8452;8.88227;2935.35;5.34078;0;0;0.1;0.01;0;5.48563;0;0;-1
0;696;-28.3607;-24.7225;16.3212;9.59361;3698.58;5.7685;0;0;0.1;0.01;0;6.04801;0;0;-1
0;697;-28.3827;-7.18858;16.0147;9.33032;3402.34;5.61019;0;0;0.1;0.01;0;5.29225;0;0;-1
0;698;-26.9594;10.6776;16.4871;9.60486;3711.6;5.77526;0;0;0.1;0.01;0;6.09179;0;0;-1
0;699;-27.4515;28.0492;17.3675;9.05772;3112.76;5.44628;0;0;0.1;0.01;0;5.12911;0;0;-1
0;700;-25.4599;45.9281;17.6318;9.58543;3689.13;5.76358;0;0;0.1;0.01;0;5.76603;0;0;-1
0;701;-28.1558;62.0547;16.4058;9.01678;3070.74;5.42166;0;0;0.1;0.01;0;5.90286;0;0;-1
0;702;-27.4127;80.4129;16.3141;10.1887;4430.42;6.12632;0;0;0.1;0.01;0;5.88922;0;0;-1
0;703;-13.2886;-83.6105;17.6369;9.77088;3907.42;5.87509;0;0;0.1;0.01;0;5.45549;0;0;-1
0;704;-13.7315;-65.6458;17.0252;8.5;2572.44;5.11093;0;0;0.1;0.01;0;4.20796;1;0;-1
0;705;-11.1813;-47.5337;16.2678;9.7905;3931;5.88689;0;0;0.1;0.01;0;5.44973;0;0;-1
0;706;-12.3551;-30.7862;19.3449;8.63701;2698.85;5.19331;0;0;0.1;0.01;0;5.76166;0;0;-1
0;707;-11.5486;-16.1882;17.476;9.71429;3839.92;5.84106;0;0;0.1;0.01;0;6.34168;0;0;-1
0;708;-13.6706;1.66375;17.1281;10.0878;4300.09;6.06565;0;0;0.1;0.01;0;7.02401;0;0;-1
0;709;-13.1801;20.7927;16.6103;10.0841;4295.36;6.06342;0;0;0.1;0.01;0;6.26952;0;0;-1
0;710;-10.952;37.3182;17.2876;8.97727;3030.55;5.3979;0;0;0.1;0.01;0;5.49416;0;0;-1
0;711;-10.0207;52.3586;18.2971;10.1287;4352.61;6.09024;0;0;0.1;0.01;0;6.64228;0;0;-1
0;712;-11.6698;68.4259;18.3694;8.59754;2662.02;5.16958;0;0;0.1;0.01;0;5.20769;0;0;-1
0;713;-11.0496;85.2596;18.6742;8.5;2572.44;5.11093;0;0;0.1;0.01;0;3.7365;1;0;-1
0;714;1.68383;-91.9833;17.4339;10.248;4508.23;6.16197;0;0;0.1;0.01;0;3.90787;0;0;-1
0;715;4.58699;-72.2691;15.9826;8.68782;2746.76;5.22386;0;0;0.1;0.01;0;5.15229;0;0;-1
0;716;2.81814;-56.9715;17.3298;8.5;2572.44;5.11093;0;0;0.1;0.01;0;5.54496;1;0;-1
0;717;2.96467;-39.8535;16.6744;9.887;4048.39;5.94491;0;0;0.1;0.01;0;6.58596;0;0;-1
0;718;2.38562;-24.4649;16.4611;8.82136;2875.38;5.30416;0;0;0.1;0.01;0;5.63675;0;0;-1
0;719;4.97535;-8.37436;17.1098;8.57217;2638.52;5.15432;0;0;0.1;0.01;0;4.74429;0;0;-1
0;720;4.17432;9.64862;16.3827;9.89258;4055.25;5.94826;0;0;0.1;0.01;0;4.89018;0;0;-1
0;721;2.16092;28.5077;16.6437;9.95865;4137.04;5.98799;0;0;0.1;0.01;0;6.24724;0;0;-1
0;722;2.53244;46.1852;15.6192;8.5982;2662.63;5.16997;0;0;0.1;0.01;0;5.80252;0;0;-1
0;723;2.66075;63.4007;15.8913;10.4039;4717.12;6.25571;0;0;0.1;0.01;0;6.71231;0;0;-1
0;724;0.99476;77.9662;15.9286;8.66392;2724.16;5.20949;0;0;0.1;0.01;0;5.68293;0;0;-1
0;725;4.69823;93.0903;17.7758;8.70908;2766.98;5.23664;0;0;0.1;0.01;0;2.89338;0;0;-1
0;726;17.7769;-82.3801;17.1046;10.0453;4245.97;6.04009;0;0;0.1;0.01;0;5.13112;0;0;-1
0;727;15.7981;-64.4117;16.3771;8.5;2572.44;5.11093;0;0;0.1;0.01;0;4.94341;1;0;-1
0;728;16.0257;-50.0877;18.3101;9.61978;3728.93;5.78423;0;0;0.1;0.01;0;5.55374;0;0;-1
0;729;18.9317;-33.9845;18.1032;8.5;2572.44;5.11093;0;0;0.1;0.01;0;4.3154;1;0;-1
0;730;18.3556;-17.0129;17.3415;9.30503;3374.75;5.59498;0;0;0.1;0.01;0;5.77562;0;0;-1
0;731;17.4639;2.71713;18.4876;8.54447;2613.03;5.13767;0;0;0.1;0.01;0;4.73967;0;0;-1
0;732;16.5796;21.1371;16.2187;9.14026;3198.63;5.49591;0;0;0.1;0.01;0;6.27622;0;0;-1
0;733;16.5182;37.0708;17.445;8.88866;2941.69;5.34462;0;0;0.1;0.01;0;5.88867;0;0;-1
0;734;19.6633;52.9295;17.6974;8.85858;2911.93;5.32654;0;0;0.1;0.01;0;5.16904;0;0;-1
0;735;16.4139;69.7756;17.3956;8.51644;2587.4;5.12081;0;0;0.1;0.01;0;5.15663;0;0;-1
0;736;17.9152;85.675;16.4578;9.17315;3233.29;5.51568;0;0;0.1;0.01;0;3.56744;0;0;-1
0;737;33.1779;-92.4852;15.934;9.05955;3114.64;5.44738;0;0;0.1;0.01;0;1.68942;0;0;-1
0;738;33.788;-73.7667;16.099;9.51316;3606.31;5.72013;0;0;0.1;0.01;0;5.47812;0;0;-1
0;739;33.1781;-55.2449;18.0163;9.15668;3215.9;5.50578;0;0;0.1;0.01;0;4.54257;0;0;-1
0;740;33.6526;-39.0273;18.0774;8.5;2572.44;5.11093;0;0;0.1;0.01;0;5.33034;1;0;-1
0;741;31.4395;-24.4851;16.3359;9.37929;3456.2;5.63963;0;0;0.1;0.01;0;6.48364;0;0;-1
0;742;30.7119;-8.06276;18.5955;9.30862;3378.66;5.59714;0;0;0.1;0.01;0;5.49882;0;0;-1
0;743;30.5311;11.5681;17.0178;8.87722;2930.35;5.33774;0;0;0.1;0.01;0;5.13355;0;0;-1
0;744;32.0945;26.876;16.7647;8.78131;2836.39;5.28007;0;0;0.1;0.01;0;5.40313;0;0;-1
0;745;33.2169;45.7701;16.5232;8.5;2572.44;5.11093;0;0;0.1;0.01;0;5.28984;1;0;-1
0;746;30.4874;63.436;19.4771;9.08213;3137.99;5.46095;0;0;0.1;0.01;0;6.81634;0;0;-1
0;747;30.6487;77.8144;17.8474;9.25776;3323.58;5.56656;0;0;0.1;0.01;0;5.1846;0;0;-1
0;748;45.3103;-81.2455;16.093;9.99665;4184.58;6.01084;0;0;0.1;0.01;0;4.70961;0;0;-1
0;749;48.9063;-67.6413;17.0089;8.61752;2680.62;5.18159;0;0;0.1;0.01;0;5.08283;0;0;-1
0;750;47.511;-48.1693;18.5945;8.5;2572.44;5.11093;0;0;0.1;0.01;0;4.60334;1;0;-1
0;751;46.7626;-31.8979;16.6129;9.52674;3621.78;5.72829;0;0;0.1;0.01;0;6.82891;0;0;-1
0;752;46.3612;-15.3171;17.506;9.96599;4146.2;5.99241;0;0;0.1;0.01;0;6.4027;0;0;-1
0;753;46.2071;4.39055;19.48;9.61473;3723.06;5.7812;0;0;0.1;0.01;0;5.43111;0;0;-1
0;754;48.7923;20.4682;17.3365;9.77667;3914.37;5.87857;0;0;0.1;0.01;0;6.23012;0;0;-1
0;755;46.8585;34.8793;18.9787;8.5;2572.44;5.11093;0;0;0.1;0.01;0;5.23661;1;0;-1
0;756;45.0851;54.0899;16.586;10.1386;4365.39;6.09619;0;0;0.1;0.01;0;6.57483;0;0;-1
0;757;46.9793;68.9773;17.776;8.7934;2848.13;5.28734;0;0;0.1;0.01;0;5.04373;0;0;-1
0;758;45.9415;86.0487;19.6738;8.5;2572.44;5.11093;0;0;0.1;0.01;0;1.28234;1;0;-1
0;759;61.2211;-75.4427;17.4873;9.74749;3879.42;5.86102;0;0;0.1;0.01;0;2.82178;0;0;-1
0;760;62.3037;-57.9494;18.1647;8.5;2572.44;5.11093;0;0;0.1;0.01;0;4.9502;1;0;-1
0;761;62.5643;-38.7147;16.701;10.097;4311.87;6.07118;0;0;0.1;0.01;0;7.4959;0;0;-1
0;762;60.4192;-24.2793;16.5114;9.90118;4065.83;5.95344;0;0;0.1;0.01;0;7.54514;0;0;-1
0;763;60.3757;-7.40719;16.7496;8.93108;2984.01;5.37013;0;0;0.1;0.01;0;4.81225;0;0;-1
0;764;62.4583;10.6018;16.9664;9.45392;3539.36;5.6845;0;0;0.1;0.01;0;5.78034;0;0;-1
0;765;61.6865;28.5313;16.4779;10.2254;4478.47;6.14838;0;0;0.1;0.01;0;7.22343;0;0;-1
0;766;61.8674;45.2093;19.0404;8.67367;2733.36;5.21535;0;0;0.1;0.01;0;6.08031;0;0;-1
0;767;62.2914;63.6333;19.0437;10.0225;4217.13;6.02638;0;0;0.1;0.01;0;4.83391;0;0;-1
0;768;75.904;-50.2061;19.5127;8.70096;2759.24;5.23176;0;0;0.1;0.01;0;3.014;0;0;-1
0;769;76.0467;-33.4793;18.3406;10.0886;4301.12;6.06613;0;0;0.1;0.01;0;6.13324;0;0;-1
0;770;77.6192;-16.9524;16.7472;8.5;2572.44;5.11093;0;0;0.1;0.01;0;4.96232;1;0;-1
0;771;74.8842;0.850822;19.4107;8.71841;2775.88;5.24225;0;0;0.1;0.01;0;4.44397;0;0;-1
0;772;76.4918;20.1068;16.1849;9.82373;3971.16;5.90687;0;0;0.1;0.01;0;6.53733;0;0;-1
0;773;74.8212;37.9203;19.0718;10.3722;4674.14;6.23665;0;0;0.1;0.01;0;6.73438;0;0;-1
0;774;76.5213;52.428;18.7553;8.77615;2831.4;5.27697;0;0;0.1;0.01;0;4.58074;0;0;-1
0;775;91.5325;-22.067;18.6419;9.7875;3927.39;5.88508;0;0;0.1;0.01;0;4.34417;0;0;-1
0;776;92.7477;-7.35865;19.9346;8.5;2572.44;5.11093;0;0;0.1;0.01;0;2.61946;1;0;-1
0;777;91.6998;9.32846;16.219;9.05672;3111.73;5.44567;0;0;0.1;0.01;0;2.52679;0;0;-1
0;778;89.4644;26.8401;17.3914;9.35384;3428.14;5.62433;0;0;0.1;0.01;0;4.07986;0;0;-1
0;779;-93.5868;2.41192;34.5655;8.55786;2625.33;5.14572;0;0;0.1;0.01;0;2.84453;0;0;-1
0;780;-82.0377;-39.7117;31.6337;9.85962;4014.85;5.92845;0;0;0.1;0.01;0;3.15545;0;0;-1
0;781;-79.6858;-25.0918;32.449;9.32437;3395.84;5.60661;0;0;0.1;0.01;0;4.25234;0;0;-1
0;782;-78.9998;-6.08987;34.0255;9.22038;3283.49;5.54408;0;0;0.1;0.01;0;5.97649;0;0;-1
0;783;-80.1772;10.0439;31.8178;8.73128;2788.19;5.24999;0;0;0.1;0.01;0;4.89397;0;0;-1
0;784;-82.6993;25.8692;30.9218;9.40262;3482.05;5.65366;0;0;0.1;0.01;0;2.74947;0;0;-1
0;785;-79.9057;46.0362;31.3468;8.54151;2610.31;5.13589;0;0;0.1;0.01;0;2.2028;0;0;-1
0;786;-65.9589;-66.8887;33.9555;9.46889;3556.2;5.69351;0;0;0.1;0.01;0;3.41783;0;0;-1
0;787;-66.6286;-47.6764;32.2372;9.70994;3834.76;5.83845;0;0;0.1;0.01;0;4.79016;0;0;-1
0;788;-64.304;-30.7707;34.2052;9.95636;4134.19;5.98661;0;0;0.1;0.01;0;6.55648;0;0;-1
0;789;-66.775;-15.5669;31.0227;8.5;2572.44;5.11093;0;0;0.1;0.01;0;5.94983;1;0;-1
0;790;-65.6112;0.0149987;34.1207;8.9441;2997.08;5.37796;0;0;0.1;0.01;0;5.9849;0;0;-1
0;791;-66.5527;18.1303;33.8924;8.5;2572.44;5.11093;0;0;0.1;0.01;0;4.4303;1;0;-1
0;792;-64.4073;35.1691;31.6575;8.58667;2651.94;5.16304;0;0;0.1;0.01;0;4.16472;0;0;-1
0;793;-66.8389;53.0605;33.2051;9.91933;4088.23;5.96435;0;0;0.1;0.01;0;3.57273;0;0;-1
0;794;-53.1871;-73.3229;30.617;10.1149;4334.84;6.08194;0;0;0.1;0.01;0;4.85168;0;0;-1
0;795;-50.1859;-58.7182;30.984;9.48167;3570.62;5.70119;0;0;0.1;0.01;0;6.02612;0;0;-1
0;796;-49.8355;-38.4004;31.6485;9.72083;3847.68;5.84499;0;0;0.1;0.01;0;6.12795;0;0;-1
0;797;-52.8011;-21.299;31.1181;8.5;2572.44;5.11093;0;0;0.1;0.01;0;4.91629;1;0;-1
0;798;-52.706;-7.28916;34.1908;9.66627;3783.25;5.81219;0;0;0.1;0.01;0;4.47637;0;0;-1
0;799;-51.6677;11.8767;31.7785;8.5;2572.44;5.11093;0;0;0.1;0.01;0;4.16201;1;0;-1
0;800;-50.7142;29.4031;32.6067;8.5;2572.44;5.11093;0;0;0.1;0.01;0;5.2381;1;0;-1
0;801;-52.7799;43.3432;33.1297;8.5;2572.44;5.11093;0;0;0.1;0.01;0;5.23958;1;0;-1
0;802;-51.6453;60.0694;33.9741;8.5;2572.44;5.11093;0;0;0.1;0.01;0;4.2368;1;0;-1
0;803;-35.6426;-85.397;34.2846;10.1766;4414.65;6.11904;0;0;0.1;0.01;0;3.63603;0;0;-1
0;804;-38.0029;-66.3762;31.2783;8.5;2572.44;5.11093;0;0;0.1;0.01;0;4.55877;1;0;-1
0;805;-37.9491;-47.2936;33.1288;9.74583;3877.44;5.86003;0;0;0.1;0.01;0;5.96545;0;0;-1
0;806;-34.4724;-33.0314;33.0299;10.2533;4515.23;6.16516;0;0;0.1;0.01;0;6.52118;0;0;-1
0;807;-35.175;-16.2759;32.7169;8.8572;2910.57;5.32571;0;0;0.1;0.01;0;4.13065;0;0;-1
0;808;-35.335;2.97796;32.2963;8.80953;2863.83;5.29704;0;0;0.1;0.01;0;4.53419;0;0;-1
0;809;-38.3041;17.6718;32.7567;8.96634;3019.49;5.39133;0;0;0.1;0.01;0;4.90059;0;0;-1
0;810;-36.9783;37.9466;31.6612;9.65063;3764.92;5.80278;0;0;0.1;0.01;0;6.08302;0;0;-1
0;811;-36.8431;52.4716;32.4148;8.9865;3039.91;5.40345;0;0;0.1;0.01;0;5.2239;0;0;-1
0;812;-37.905;69.1966;32.1251;8.5;2572.44;5.11093;0;0;0.1;0.01;0;3.3559;1;0;-1
0;813;-20.9659;-91.0262;34.0186;9.86408;4020.3;5.93113;0;0;0.1;0.01;0;3.76589;0;0;-1
0;814;-22.9276;-74.3042;32.2395;8.5;2572.44;5.11093;0;0;0.1;0.01;0;5.11848;1;0;-1
0;815;-22.8353;-57.0527;34.424;8.61747;2680.57;5.18156;0;0;0.1;0.01;0;4.58571;0;0;-1
0;816;-21.8592;-42.7464;31.8953;8.61331;2676.69;5.17906;0;0;0.1;0.01;0;5.68065;0;0;-1
0;817;-20.4314;-21.6621;31.3843;8.5;2572.44;5.11093;0;0;0.1;0.01;0;3.95884;1;0;-1
0;818;-20.9578;-4.75395;34.0503;9.37895;3455.82;5.63943;0;0;0.1;0.01;0;5.9019;0;0;-1
0;819;-21.7896;11.1919;31.646;8.93559;2988.53;5.37284;0;0;0.1;0.01;0;5.87719;0;0;-1
0;820;-22.9969;29.3668;33.78;9.49202;3582.32;5.70741;0;0;0.1;0.01;0;5.55327;0;0;-1
0;821;-20.7389;44.2974;33.809;9.19925;3260.96;5.53138;0;0;0.1;0.01;0;6.29316;0;0;-1
0;822;-20.432;59.6977;30.9817;8.65751;2718.11;5.20564;0;0;0.1;0.01;0;5.12121;0;0;-1
0;823;-21.7691;76.7155;32.6734;10.0526;4255.24;6.04448;0;0;0.1;0.01;0;4.73934;0;0;-1
0;824;-6.81793;-81.483;33.0067;10.2345;4490.44;6.15386;0;0;0.1;0.01;0;5.73616;0;0;-1
0;825;-7.58409;-65.8498;32.0412;9.11861;3175.96;5.48289;0;0;0.1;0.01;0;4.85256;0;0;-1
0;826;-8.80962;-46.9399;30.7969;9.1191;3176.47;5.48318;0;0;0.1;0.01;0;5.15109;0;0;-1
0;827;-5.45911;-32.63;31.1725;8.5;2572.44;5.11093;0;0;0.1;0.01;0;4.74289;1;0;-1
0;828;-8.84509;-13.1758;31.5876;10.4144;4731.42;6.26203;0;0;0.1;0.01;0;6.59107;0;0;-1
0;829;-7.46635;3.47694;31.9527;9.30981;3379.96;5.59785;0;0;0.1;0.01;0;6.08563;0;0;-1
0;830;-6.85505;20.9984;33.6356;10.0649;4270.88;6.05188;0;0;0.1;0.01;0;5.67503;0;0;-1
0;831;-7.48007;37.7989;34.0879;9.13604;3194.2;5.49337;0;0;0.1;0.01;0;6.14176;0;0;-1
0;832;-5.84547;51.7263;33.6897;8.5;2572.44;5.11093;0;0;0.1;0.01;0;5.49299;1;0;-1
0;833;-7.20151;69.7814;32.401;8.73803;2794.66;5.25405;0;0;0.1;0.01;0;4.34985;0;0;-1
0;834;-6.78439;88.6486;31.1383;8.56897;2635.57;5.1524;0;0;0.1;0.01;0;2.1675;0;0;-1
0;835;8.25175;-89.4393;34.6642;8.757;2812.9;5.26546;0;0;0.1;0.01;0;3.18145;0;0;-1
0;836;7.70259;-74.4738;32.4987;10.4534;4784.77;6.28548;0;0;0.1;0.01;0;7.03283;0;0;-1
0;837;6.34246;-58.945;31.8215;8.79873;2853.31;5.29055;0;0;0.1;0.01;0;5.10305;0;0;-1
0;838;8.48793;-42.9145;33.2032;10.0561;4259.68;6.04659;0;0;0.1;0.01;0;6.75216;0;0;-1
0;839;6.8617;-23.8823;32.7543;8.90408;2957.03;5.35389;0;0;0.1;0.01;0;4.87861;0;0;-1
0;840;7.21249;-6.04458;33.7222;9.87605;4034.95;5.93833;0;0;0.1;0.01;0;6.05081;0;0;-1
0;841;5.64906;8.78983;34.3874;9.10205;3158.68;5.47293;0;0;0.1;0.01;0;4.74267;0;0;-1
0;842;8.33804;27.8171;31.0483;9.25309;3318.55;5.56375;0;0;0.1;0.01;0;5.15865;0;0;-1
0;843;6.79251;42.8938;30.5906;10.1876;4428.99;6.12566;0;0;0.1;0.01;0;6.42041;0;0;-1
0;844;8.63599;61.5767;30.8998;8.68436;2743.48;5.22178;0;0;0.1;0.01;0;4.7581;0;0;-1
0;845;9.1207;78.9341;31.9095;9.46328;3549.88;5.69013;0;0;0.1;0.01;0;4.70397;0;0;-1
0;846;23.1434;-82.6625;33.8559;9.93443;4106.93;5.97343;0;0;0.1;0.01;0;4.76675;0;0;-1
0;847;22.6497;-67.9649;33.0089;9.85623;4010.71;5.92641;0;0;0.1;0.01;0;5.40276;0;0;-1
0;848;23.8709;-47.7325;33.3847;8.90151;2954.47;5.35235;0;0;0.1;0.01;0;5.89709;0;0;-1
0;849;21.1345;-32.2895;32.4679;10.1635;4397.63;6.11117;0;0;0.1;0.01;0;7.0387;0;0;-1
0;850;22.1166;-14.006;32.2123;10.1553;4386.99;6.10623;0;0;0.1;0.01;0;6.79529;0;0;-1
0;851;22.3338;0.47979;30.9372;8.92445;2977.37;5.36614;0;0;0.1;0.01;0;5.12625;0;0;-1
0;852;23.0077;19.335;30.4899;9.06881;3124.2;5.45294;0;0;0.1;0.01;0;4.82424;0;0;-1
0;853;22.1097;37.5578;33.9864;9.3486;3422.38;5.62118;0;0;0.1;0.01;0;5.73733;0;0;-1
0;854;23.7949;51.3871;32.5697;9.90615;4071.96;5.95642;0;0;0.1;0.01;0;6.81313;0;0;-1
0;855;22.3259;68.7567;31.0025;8.75237;2808.44;5.26267;0;0;0.1;0.01;0;5.90342;0;0;-1
0;856;20.8543;89.3912;34.2196;9.34689;3420.5;5.62015;0;0;0.1;0.01;0;1.602;0;0;-1
0;857;35.7858;-74.723;32.7899;8.5;2572.44;5.11093;0;0;0.1;0.01;0;3.42805;1;0;-1
0;858;37.186;-55.0866;32.8402;9.55435;3653.36;5.74489;0;0;0.1;0.01;0;5.76259;0;0;-1
0;859;35.5711;-38.4145;30.8872;8.5;2572.44;5.11093;0;0;0.1;0.01;0;5.30943;1;0;-1
0;860;37.5007;-21.9757;32.1788;8.5;2572.44;5.11093;0;0;0.1;0.01;0;4.75528;1;0;-1
0;861;35.8994;-4.81106;33.2089;9.17157;3231.62;5.51473;0;0;0.1;0.01;0;5.72509;0;0;-1
0;862;38.7458;9.35435;32.4839;8.59517;2659.82;5.16815;0;0;0.1;0.01;0;4.91467;0;0;-1
0;863;38.1055;25.5615;32.9975;9.81869;3965.06;5.90384;0;0;0.1;0.01;0;5.59311;0;0;-1
0;864;38.3497;43.1641;33.0944;9.76301;3897.98;5.87036;0;0;0.1;0.01;0;6.01869;0;0;-1
0;865;35.3804;61.8631;33.7034;9.76121;3895.83;5.86927;0;0;0.1;0.01;0;6.6258;0;0;-1
0;866;36.8563;77.252;32.1628;10.0224;4217;6.02632;0;0;0.1;0.01;0;5.23562;0;0;-1
0;867;52.8296;-64.6654;31.936;9.06145;3116.6;5.44852;0;0;0.1;0.01;0;3.97433;0;0;-1
0;868;53.1655;-49.3375;32.1233;9.43641;3519.73;5.67398;0;0;0.1;0.01;0;5.65693;0;0;-1
0;869;52.0683;-33.3868;32.4111;9.52844;3623.71;5.72931;0;0;0.1;0.01;0;6.13926;0;0;-1
0;870;51.5489;-17.3164;31.595;9.93219;4104.15;5.97208;0;0;0.1;0.01;0;6.32091;0;0;-1
0;871;53.2117;0.91416;33.8736;10.0205;4214.6;6.02518;0;0;0.1;0.01;0;6.86848;0;0;-1
0;872;52.4646;17.8236;33.3869;8.9672;3020.36;5.39185;0;0;0.1;0.01;0;6.01745;0;0;-1
0;873;53.4762;38.1474;32.2358;8.9671;3020.26;5.39179;0;0;0.1;0.01;0;6.03648;0;0;-1
0;874;53.264;53.1796;33.3261;9.60563;3712.5;5.77573;0;0;0.1;0.01;0;6.96898;0;0;-1
0;875;51.4235;68.3285;32.4178;9.14929;3208.12;5.50134;0;0;0.1;0.01;0;4.86926;0;0;-1
0;876;67.2569;-58.0704;32.4288;8.83388;2887.64;5.31168;0;0;0.1;0.01;0;3.29319;0;0;-1
0;877;67.6962;-38.6038;31.5545;9.31078;3381.01;5.59844;0;0;0.1;0.01;0;5.34552;0;0;-1
0;878;66.3889;-21.8115;31.9646;9.12977;3187.63;5.4896;0;0;0.1;0.01;0;5.27163;0;0;-1
0;879;66.9397;-4.76703;32.6261;9.85842;4013.38;5.92772;0;0;0.1;0.01;0;5.72585;0;0;-1
0;880;67.2093;10.3591;32.9728;8.94914;3002.15;5.38099;0;0;0.1;0.01;0;6.55101;0;0;-1
0;881;66.2113;28.01;33.783;8.61621;2679.4;5.1808;0;0;0.1;0.01;0;5.82129;0;0;-1
0;882;67.3168;45.6448;31.0892;9.11558;3172.79;5.48107;0;0;0.1;0.01;0;6.46599;0;0;-1
0;883;67.0139;59.5023;32.0792;9.87652;4035.53;5.93861;0;0;0.1;0.01;0;4.75469;0;0;-1
0;884;79.945;-30.2578;33.8292;9.91075;4077.63;5.95919;0;0;0.1;0.01;0;4.39901;0;0;-1
0;885;80.1758;-15.9654;30.7255;8.8039;2858.34;5.29366;0;0;0.1;0.01;0;4.50643;0;0;-1
0;886;79.6583;3.68759;33.5509;10.0827;4293.58;6.06258;0;0;0.1;0.01;0;4.94737;0;0;-1
0;887;80.7158;19.6991;34.1917;8.73611;2792.82;5.2529;0;0;0.1;0.01;0;3.84942;0;0;-1
0;888;80.5448;33.6361;31.9245;8.98096;3034.29;5.40012;0;0;0.1;0.01;0;4.25666;0;0;-1
0;889;-86.3527;-6.4457;47.2355;9.7781;3916.08;5.87943;0;0;0.1;0.01;0;3.24477;0;0;-1
0;890;-85.662;9.85391;47.7992;10.4049;4718.48;6.25632;0;0;0.1;0.01;0;3.02323;0;0;-1
0;891;-69.0201;-49.9835;48.791;10.4318;4755.17;6.27249;0;0;0.1;0.01;0;2.88064;0;0;-1
0;892;-69.3894;-33.7444;47.9855;8.5;2572.44;5.11093;0;0;0.1;0.01;0;4.09455;1;0;-1
0;893;-69.3659;-13.3649;47.6962;9.91875;4087.52;5.964;0;0;0.1;0.01;0;5.72486;0;0;-1
0;894;-71.515;0.837378;46.7828;8.91111;2964.04;5.35812;0;0;0.1;0.01;0;5.62259;0;0;-1
0;895;-68.5693;18.0381;47.0513;8.75571;2811.66;5.26468;0;0;0.1;0.01;0;3.93443;0;0;-1
0;896;-70.5816;36.458;49.3655;9.25688;3322.63;5.56603;0;0;0.1;0.01;0;1.72434;0;0;-1
0;897;-56.6357;-59.6051;46.1528;8.92538;2978.3;5.3667;0;0;0.1;0.01;0;4.10139;0;0;-1
0;898;-57.0574;-39.1323;47.6055;9.30218;3371.65;5.59327;0;0;0.1;0.01;0;5.77759;0;0;-1
0;899;-57.0492;-23.2653;47.2546;8.5;2572.44;5.11093;0;0;0.1;0.01;0;5.45107;1;0;-1
0;900;-56.8266;-6.91069;48.8087;9.56046;3660.37;5.74857;0;0;0.1;0.01;0;5.90491;0;0;-1
0;901;-54.5959;12.757;45.9853;8.6949;2753.48;5.22812;0;0;0.1;0.01;0;4.41916;0;0;-1
0;902;-57.7028;29.7417;45.9898;8.5;2572.44;5.11093;0;0;0.1;0.01;0;4.65731;1;0;-1
0;903;-56.3041;45.9414;47.0332;8.5;2572.44;5.11093;0;0;0.1;0.01;0;4.45963;1;0;-1
0;904;-54.4397;61.3003;46.4145;8.73256;2789.42;5.25076;0;0;0.1;0.01;0;3.49979;0;0;-1
0;905;-40.6486;-64.3885;45.8757;8.77308;2828.43;5.27513;0;0;0.1;0.01;0;3.66359;0;0;-1
0;906;-40.4078;-50.5803;48.2093;9.14813;3206.9;5.50064;0;0;0.1;0.01;0;5.16009;0;0;-1
0;907;-43.1987;-30.0711;46.0943;10.1709;4407.24;6.11561;0;0;0.1;0.01;0;6.05378;0;0;-1
0;908;-41.5111;-14.2965;49.0797;8.5;2572.44;5.11093;0;0;0.1;0.01;0;4.98838;1;0;-1
0;909;-41.6416;0.773283;49.2624;8.65928;2719.78;5.2067;0;0;0.1;0.01;0;4.59909;0;0;-1
0;910;-42.0974;16.7773;48.2716;10.2808;4551.66;6.1817;0;0;0.1;0.01;0;5.92174;0;0;-1
0;911;-42.3297;35.8786;45.2304;8.59133;2656.26;5.16584;0;0;0.1;0.01;0;4.94934;0;0;-1
0;912;-41.2192;53.2399;48.9045;10.1348;4360.48;6.09391;0;0;0.1;0.01;0;6.53575;0;0;-1
0;913;-42.4838;69.7214;48.098;9.85071;4003.97;5.92309;0;0;0.1;0.01;0;4.23881;0;0;-1
0;914;-27.8291;-76.7464;46.7407;9.0812;3137.03;5.46039;0;0;0.1;0.01;0;2.96344;0;0;-1
0;915;-26.1728;-55.5055;48.3177;8.59395;2658.69;5.16742;0;0;0.1;0.01;0;5.99648;0;0;-1
0;916;-27.686;-41.4901;46.5324;9.63897;3751.29;5.79577;0;0;0.1;0.01;0;7.57766;0;0;-1
0;917;-28.0316;-24.2568;49.4388;8.5;2572.44;5.11093;0;0;0.1;0.01;0;4.80433;1;0;-1
0;918;-25.7014;-8.79265;47.3244;8.5;2572.44;5.11093;0;0;0.1;0.01;0;4.6368;1;0;-1
0;919;-26.6756;12.0262;46.5377;9.92574;4096.16;5.9682;0;0;0.1;0.01;0;5.77843;0;0;-1
0;920;-26.9571;29.5837;48.5547;10.2075;4454.99;6.13762;0;0;0.1;0.01;0;7.06214;0;0;-1
0;921;-26.3542;45.1542;48.8378;9.22863;3292.31;5.54904;0;0;0.1;0.01;0;6.1166;0;0;-1
0;922;-25.8939;60.88;46.5186;10.3198;4603.65;6.20515;0;0;0.1;0.01;0;6.87289;0;0;-1
0;923;-25.5705;79.3357;48.4982;9.1597;3219.08;5.50759;0;0;0.1;0.01;0;3.17664;0;0;-1
0;924;-12.363;-80.7909;46.0124;8.874;2927.16;5.33581;0;0;0.1;0.01;0;3.07154;0;0;-1
0;925;-11.885;-64.6842;47.9596;8.62741;2689.86;5.18754;0;0;0.1;0.01;0;4.45707;0;0;-1
0;926;-13.4942;-47.9732;46.5687;10.3686;4669.27;6.23449;0;0;0.1;0.01;0;7.52123;0;0;-1
0;927;-12.6923;-33.5689;49.1075;10.005;4195.08;6.01586;0;0;0.1;0.01;0;5.8814;0;0;-1
0;928;-11.4146;-13.8824;48.6921;9.93402;4106.42;5.97318;0;0;0.1;0.01;0;6.7725;0;0;-1
0;929;-11.0345;0.268809;46.1101;9.49154;3581.78;5.70713;0;0;0.1;0.01;0;6.6513;0;0;-1
0;930;-13.1754;19.5137;47.8628;10.0132;4205.4;6.02079;0;0;0.1;0.01;0;6.25839;0;0;-1
0;931;-11.2545;37.0949;49.0595;8.84922;2902.71;5.32091;0;0;0.1;0.01;0;6.45066;0;0;-1
0;932;-12.2028;52.5457;48.7829;9.02879;3083.03;5.42888;0;0;0.1;0.01;0;7.20863;0;0;-1
0;933;-11.7508;69.7907;48.078;10.1432;4371.33;6.09896;0;0;0.1;0.01;0;5.86792;0;0;-1
0;934;-12.8197;86.6126;47.9932;8.5;2572.44;5.11093;0;0;0.1;0.01;0;1.66666;1;0;-1
0;935;2.05528;-73.1358;45.8798;8.5;2572.44;5.11093;0;0;0.1;0.01;0;4.91344;1;0;-1
0;936;1.6109;-59.4342;46.6238;8.99434;3047.87;5.40817;0;0;0.1;0.01;0;5.61016;0;0;-1
0;937;2.35286;-42.2785;46.9551;9.40872;3488.83;5.65733;0;0;0.1;0.01;0;5.65117;0;0;-1
0;938;1.44207;-22.4078;48.5077;9.3869;3464.62;5.64421;0;0;0.1;0.01;0;5.81992;0;0;-1
0;939;4.31046;-5.3898;49.0434;9.50215;3593.8;5.7135;0;0;0.1;0.01;0;6.81284;0;0;-1
0;940;3.22404;8.86491;49.2402;9.40384;3483.41;5.65439;0;0;0.1;0.01;0;5.80926;0;0;-1
0;941;1.82438;29.6334;47.3253;8.5;2572.44;5.11093;0;0;0.1;0.01;0;5.05083;1;0;-1
0;942;1.08647;45.5418;47.6004;8.53776;2606.88;5.13363;0;0;0.1;0.01;0;6.17254;0;0;-1
0;943;1.48859;60.6195;45.6708;9.03964;3094.15;5.4354;0;0;0.1;0.01;0;5.43757;0;0;-1
0;944;4.93459;79.7313;48.6592;10.1102;4328.8;6.07912;0;0;0.1;0.01;0;3.0045;0;0;-1
0;945;18.9278;-84.4706;48.8946;8.82496;2878.9;5.30632;0;0;0.1;0.01;0;1.95508;0;0;-1
0;946;18.2801;-65.9314;46.7092;9.13393;3191.99;5.4921;0;0;0.1;0.01;0;4.69396;0;0;-1
0;947;16.929;-49.4164;46.2825;8.5;2572.44;5.11093;0;0;0.1;0.01;0;4.61276;1;0;-1
0;948;19.3927;-34.399;45.9318;10.2763;4545.68;6.17899;0;0;0.1;0.01;0;6.56628;0;0;-1
0;949;16.1462;-14.8599;48.46;9.22523;3288.67;5.547;0;0;0.1;0.01;0;6.34115;0;0;-1
0;950;18.7769;1.80379;48.5222;8.50641;2578.26;5.11478;0;0;0.1;0.01;0;5.66035;0;0;-1
0;951;17.3893;17.4882;46.7723;9.55479;3653.86;5.74516;0;0;0.1;0.01;0;5.23612;0;0;-1
0;952;16.0221;36.3955;49.0157;8.5;2572.44;5.11093;0;0;0.1;0.01;0;4.95284;1;0;-1
0;953;19.2395;50.848;45.5643;9.03341;3087.76;5.43166;0;0;0.1;0.01;0;5.11158;0;0;-1
0;954;17.4143;71.0956;46.7993;9.52319;3617.73;5.72616;0;0;0.1;0.01;0;4.54267;0;0;-1
0;955;33.209;-74.279;48.7878;8.9766;3029.87;5.3975;0;0;0.1;0.01;0;3.24289;0;0;-1
0;956;33.111;-57.135;47.8294;9.60965;3717.16;5.77814;0;0;0.1;0.01;0;6.04689;0;0;-1
0;957;33.4751;-39.2139;45.8204;9.85133;4004.73;5.92346;0;0;0.1;0.01;0;6.54175;0;0;-1
0;958;30.7976;-22.5162;46.1719;9.98303;4167.5;6.00265;0;0;0.1;0.01;0;6.38665;0;0;-1
0;959;31.9829;-5.03633;47.7751;9.48791;3577.67;5.70494;0;0;0.1;0.01;0;5.83237;0;0;-1
0;960;33.2542;12.0623;47.6394;9.44032;3524.1;5.67633;0;0;0.1;0.01;0;5.47824;0;0;-1
0;961;30.6848;25.7832;46.9789;9.75134;3884.02;5.86334;0;0;0.1;0.01;0;6.5285;0;0;-1
0;962;32.7084;43.2079;48.5167;8.95476;3007.81;5.38437;0;0;0.1;0.01;0;6.11657;0;0;-1
0;963;31.8875;59.3301;48.6144;9.99243;4179.28;6.0083;0;0;0.1;0.01;0;6.93092;0;0;-1
0;964;30.9324;76.251;47.6989;9.44588;3530.33;5.67967;0;0;0.1;0.01;0;4.1254;0;0;-1
0;965;45.968;-63.7042;46.5671;8.50235;2574.57;5.11234;0;0;0.1;0.01;0;3.30939;0;0;-1
0;966;46.177;-47.4747;47.5687;10.2055;4452.37;6.13642;0;0;0.1;0.01;0;6.42928;0;0;-1
0;967;47.6506;-31.4594;46.2962;8.5;2572.44;5.11093;0;0;0.1;0.01;0;5.0442;1;0;-1
0;968;45.2327;-13.9411;49.0304;9.26855;3335.22;5.57304;0;0;0.1;0.01;0;5.88822;0;0;-1
0;969;45.9006;-0.221022;45.3751;8.5;2572.44;5.11093;0;0;0.1;0.01;0;5.34704;1;0;-1
0;970;47.7162;20.7828;46.8806;10.0206;4214.73;6.02524;0;0;0.1;0.01;0;7.16555;0;0;-1
0;971;45.3009;36.6217;48.5892;9.44979;3534.72;5.68202;0;0;0.1;0.01;0;6.79946;0;0;-1
0;972;46.4721;54.7702;49.1041;9.69619;3818.49;5.83018;0;0;0.1;0.01;0;5.88085;0;0;-1
0;973;45.6599;72.004;48.4212;9.86394;4020.13;5.93104;0;0;0.1;0.01;0;3.34403;0;0;-1
0;974;63.7051;-58.7696;46.477;8.74716;2803.43;5.25954;0;0;0.1;0.01;0;2.38236;0;0;-1
0;975;62.0089;-42.3732;47.6443;9.36522;3440.67;5.63117;0;0;0.1;0.01;0;5.05017;0;0;-1
0;976;59.8919;-24.0769;48.52;8.5;2572.44;5.11093;0;0;0.1;0.01;0;4.86126;1;0;-1
0;977;63.607;-8.7006;46.818;10.1425;4370.42;6.09854;0;0;0.1;0.01;0;6.67325;0;0;-1
0;978;60.662;8.13126;47.1528;9.86993;4027.46;5.93465;0;0;0.1;0.01;0;6.38267;0;0;-1
0;979;61.5228;26.8094;46.1119;9.90075;4065.3;5.95318;0;0;0.1;0.01;0;6.42499;0;0;-1
0;980;60.1724;43.6495;46.0428;10.1384;4365.13;6.09607;0;0;0.1;0.01;0;6.24319;0;0;-1
0;981;61.1686;61.0045;46.9922;9.12844;3186.24;5.4888;0;0;0.1;0.01;0;3.76072;0;0;-1
0;982;77.2969;-30.3697;48.6433;8.61289;2676.3;5.17881;0;0;0.1;0.01;0;2.62306;0;0;-1
0;983;77.1331;-17.0997;47.7236;8.5;2572.44;5.11093;0;0;0.1;0.01;0;3.16324;1;0;-1
0;984;75.5666;1.83262;46.5491;9.84126;3992.46;5.91741;0;0;0.1;0.01;0;5.04669;0;0;-1
0;985;78.6925;17.3416;48.8034;10.0526;4255.24;6.04448;0;0;0.1;0.01;0;4.1838;0;0;-1
0;986;75.2855;34.6933;45.9237;10.2898;4563.62;6.18711;0;0;0.1;0.01;0;4.40679;0;0;-1
0;987;-65.6104;-30.288;62.2621;8.57744;2643.39;5.15749;0;0;0.1;0.01;0;3.43801;0;0;-1
0;988;-66.5758;-15.4234;63.5507;8.87947;2932.58;5.3391;0;0;0.1;0.01;0;3.54072;0;0;-1
0;989;-66.6896;0.551503;61.3332;8.52153;2592.04;5.12387;0;0;0.1;0.01;0;3.4807;0;0;-1
0;990;-66.1513;19.5149;63.936;9.60852;3715.85;5.77746;0;0;0.1;0.01;0;3.35478;0;0;-1
0;991;-51.8194;-58.4802;60.4513;9.06277;3117.97;5.44931;0;0;0.1;0.01;0;2.13727;0;0;-1
0;992;-51.4194;-38.7589;63.6236;10.4312;4754.35;6.27213;0;0;0.1;0.01;0;5.19781;0;0;-1
0;993;-50.7451;-24.5005;63.3027;8.99047;3043.94;5.40584;0;0;0.1;0.01;0;6.41375;0;0;-1
0;994;-52.7029;-8.7943;61.3403;8.75928;2815.1;5.26683;0;0;0.1;0.01;0;4.57471;0;0;-1
0;995;-53.4888;10.3272;61.644;10.3467;4639.75;6.22132;0;0;0.1;0.01;0;5.60233;0;0;-1
0;996;-53.0218;27.1257;62.1097;8.5119;2583.26;5.11808;0;0;0.1;0.01;0;4.04219;0;0;-1
0;997;-51.7543;46.5233;61.7977;9.49673;3587.66;5.71025;0;0;0.1;0.01;0;3.02879;0;0;-1
0;998;-36.372;-47.5571;60.5174;9.31429;3384.84;5.60055;0;0;0.1;0.01;0;6.18467;0;0;-1
0;999;-36.915;-33.1655;64.1665;8.56914;2635.73;5.1525;0;0;0.1;0.01;0;5.89245;0;0;-1
0;1000;-35.4761;-15.6548;62.6729;9.77893;3917.08;5.87993;0;0;0.1;0.01;0;6.62091;0;0;-1
0;1001;-36.166;1.45514;63.9675;8.73934;2795.92;5.25484;0;0;0.1;0.01;0;4.87591;0;0;-1
0;1002;-35.0639;19.5889;62.2239;8.80965;2863.94;5.29711;0;0;0.1;0.01;0;5.88832;0;0;-1
0;1003;-35.227;37.0912;60.6582;9.96828;4149.06;5.99378;0;0;0.1;0.01;0;6.29333;0;0;-1
0;1004;-38.306;52.2592;63.8396;9.47991;3568.63;5.70013;0;0;0.1;0.01;0;3.94454;0;0;-1
0;1005;-38.3146;67.9576;60.7005;9.61487;3723.22;5.78128;0;0;0.1;0.01;0;3.18372;0;0;-1
0;1006;-21.3205;-73.2294;63.7643;8.5;2572.44;5.11093;0;0;0.1;0.01;0;1.71335;1;0;-1
0;1007;-23.2916;-57.0257;62.2451;10.4;4711.82;6.25337;0;0;0.1;0.01;0;6.18747;0;0;-1
0;1008;-22.2423;-40.8626;61.3915;10.2717;4539.58;6.17622;0;0;0.1;0.01;0;8.02955;0;0;-1
0;1009;-21.3009;-22.7349;63.6575;8.53442;2603.82;5.13162;0;0;0.1;0.01;0;6.244;0;0;-1
0;1010;-21.9764;-5.56959;62.124;10.3597;4657.26;6.22914;0;0;0.1;0.01;0;6.43767;0;0;-1
0;1011;-22.121;10.5242;60.8505;8.5;2572.44;5.11093;0;0;0.1;0.01;0;3.6329;1;0;-1
0;1012;-23.7876;26.8101;63.5256;9.01866;3072.66;5.42279;0;0;0.1;0.01;0;4.69323;0;0;-1
0;1013;-22.406;44.4757;62.8113;9.87176;4029.7;5.93575;0;0;0.1;0.01;0;6.77068;0;0;-1
0;1014;-21.8326;59.7035;60.1803;8.81698;2871.1;5.30152;0;0;0.1;0.01;0;5.43677;0;0;-1
0;1015;-7.87434;-67.6913;60.3423;8.52518;2595.37;5.12607;0;0;0.1;0.01;0;3.89118;0;0;-1
0;1016;-7.87104;-47.7041;63.1339;10.2311;4485.96;6.15181;0;0;0.1;0.01;0;6.71396;0;0;-1
0;1017;-5.56158;-29.8861;63.3977;9.05885;3113.92;5.44696;0;0;0.1;0.01;0;6.57644;0;0;-1
0;1018;-6.85339;-15.3345;60.9718;8.54701;2615.36;5.13919;0;0;0.1;0.01;0;6.62733;0;0;-1
0;1019;-8.78664;0.620433;60.7687;8.5;2572.44;5.11093;0;0;0.1;0.01;0;4.71312;1;0;-1
0;1020;-6.95716;20.8347;60.3901;8.92528;2978.2;5.36664;0;0;0.1;0.01;0;4.61586;0;0;-1
0;1021;-8.83234;36.0104;63.5781;9.68264;3802.51;5.82203;0;0;0.1;0.01;0;7.04743;0;0;-1
0;1022;-6.47264;52.1431;61.0294;9.64341;3756.48;5.79844;0;0;0.1;0.01;0;7.58115;0;0;-1
0;1023;-7.43328;67.6666;60.8751;10.3052;4584.14;6.19637;0;0;0.1;0.01;0;4.93664;0;0;-1
0;1024;5.3161;-73.7716;61.9471;8.5;2572.44;5.11093;0;0;0.1;0.01;0;2.23738;1;0;-1
0;1025;6.87206;-57.4074;62.2988;10.176;4413.87;6.11868;0;0;0.1;0.01;0;5.81665;0;0;-1
0;1026;7.73723;-39.3519;61.0376;8.5;2572.44;5.11093;0;0;0.1;0.01;0;4.55132;1;0;-1
0;1027;6.3821;-22.6897;62.3495;9.92312;4092.92;5.96663;0;0;0.1;0.01;0;6.71299;0;0;-1
0;1028;9.17457;-6.37148;62.4702;10.2402;4497.94;6.15728;0;0;0.1;0.01;0;6.85808;0;0;-1
0;1029;8.78293;12.1961;62.2423;8.66534;2725.5;5.21034;0;0;0.1;0.01;0;4.78878;0;0;-1
0;1030;7.92171;26.3223;63.4124;8.5;2572.44;5.11093;0;0;0.1;0.01;0;5.4946;1;0;-1
0;1031;7.42305;42.0718;60.083;10.2988;4575.6;6.19252;0;0;0.1;0.01;0;6.63386;0;0;-1
0;1032;6.64113;63.0857;63.2854;9.3194;3390.41;5.60362;0;0;0.1;0.01;0;4.62364;0;0;-1
0;1033;21.3073;-63.8666;60.9601;8.5;2572.44;5.11093;0;0;0.1;0.01;0;3.69978;1;0;-1
0;1034;23.2519;-50.2963;61.9508;8.5;2572.44;5.11093;0;0;0.1;0.01;0;4.43338;1;0;-1
0;1035;20.9371;-32.361;61.0333;8.5;2572.44;5.11093;0;0;0.1;0.01;0;3.83149;1;0;-1
0;1036;24.2139;-12.669;60.3652;8.5;2572.44;5.11093;0;0;0.1;0.01;0;5.4065;1;0;-1
0;1037;20.6123;2.94983;61.7836;8.5;2572.44;5.11093;0;0;0.1;0.01;0;5.06415;1;0;-1
0;1038;23.0804;19.7964;63.7352;10.3275;4613.96;6.20978;0;0;0.1;0.01;0;7.3425;0;0;-1
0;1039;21.9265;37.8399;63.1484;8.70203;2760.26;5.2324;0;0;0.1;0.01;0;5.68912;0;0;-1
0;1040;21.5766;53.1547;60.427;8.5;2572.44;5.11093;0;0;0.1;0.01;0;5.29645;1;0;-1
0;1041;22.1349;69.102;61.394;9.0674;3122.75;5.4521;0;0;0.1;0.01;0;3.39245;0;0;-1
0;1042;34.6667;-59.7292;63.5356;8.5;2572.44;5.11093;0;0;0.1;0.01;0;2.17379;1;0;-1
0;1043;36.1555;-39.3414;62.5738;9.23923;3303.66;5.55541;0;0;0.1;0.01;0;4.51089;0;0;-1
0;1044;38.187;-22.8135;61.8974;8.81792;2872.02;5.30209;0;0;0.1;0.01;0;4.89384;0;0;-1
0;1045;35.7975;-5.06016;62.6087;8.95321;3006.25;5.38344;0;0;0.1;0.01;0;4.80334;0;0;-1
0;1046;38.268;12.2899;61.3816;9.45337;3538.74;5.68417;0;0;0.1;0.01;0;5.64872;0;0;-1
0;1047;37.9555;26.2083;60.2512;8.5;2572.44;5.11093;0;0;0.1;0.01;0;6.73279;1;0;-1
0;1048;35.5172;43.3601;63.5204;9.23679;3301.05;5.55395;0;0;0.1;0.01;0;5.63012;0;0;-1
0;1049;38.6611;60.4754;63.3817;9.72555;3853.28;5.84783;0;0;0.1;0.01;0;3.94767;0;0;-1
0;1050;53.4564;-48.7337;61.7436;9.52246;3616.9;5.72572;0;0;0.1;0.01;0;3.22269;0;0;-1
0;1051;50.3693;-33.3908;60.8836;8.5;2572.44;5.11093;0;0;0.1;0.01;0;4.87558;1;0;-1
0;1052;51.0257;-15.2822;62.142;9.58171;3684.83;5.76134;0;0;0.1;0.01;0;5.69784;0;0;-1
0;1053;50.0321;0.793245;62.7006;8.5;2572.44;5.11093;0;0;0.1;0.01;0;4.12861;1;0;-1
0;1054;50.5519;20.696;60.9294;8.5;2572.44;5.11093;0;0;0.1;0.01;0;5.72287;1;0;-1
0;1055;50.8706;34.8047;61.82;9.8158;3961.56;5.9021;0;0;0.1;0.01;0;6.01715;0;0;-1
0;1056;53.6945;53.0055;62.7367;10.1404;4367.71;6.09728;0;0;0.1;0.01;0;3.14252;0;0;-1
0;1057;67.0761;-40.8584;60.8964;10.4293;4751.76;6.27099;0;0;0.1;0.01;0;2.85179;0;0;-1
0;1058;64.4567;-21.5141;62.1411;8.5;2572.44;5.11093;0;0;0.1;0.01;0;2.95797;1;0;-1
0;1059;64.4399;-5.43641;61.8736;8.5;2572.44;5.11093;0;0;0.1;0.01;0;4.08139;1;0;-1
0;1060;66.7732;9.1976;60.6594;9.7064;3830.57;5.83632;0;0;0.1;0.01;0;3.28585;0;0;-1
0;1061;65.173;25.0317;60.1671;8.80062;2855.15;5.29169;0;0;0.1;0.01;0;2.8185;0;0;-1
0;1062;-54.4233;-23.7675;75.9854;9.34551;3418.99;5.61932;0;0;0.1;0.01;0;3.60374;0;0;-1
0;1063;-56.5091;-4.70131;78.7048;8.5;2572.44;5.11093;0;0;0.1;0.01;0;1.66264;1;0;-1
0;1064;-54.9436;10.6821;76.2442;9.32397;3395.4;5.60637;0;0;0.1;0.01;0;3.9047;0;0;-1
0;1065;-56.4425;29.7283;75.0198;10.447;4775.99;6.28163;0;0;0.1;0.01;0;3.2328;0;0;-1
0;1066;-40.025;-48.9622;77.025;8.5;2572.44;5.11093;0;0;0.1;0.01;0;2.24564;1;0;-1
0;1067;-42.2496;-30.7949;77.7932;8.79456;2849.25;5.28804;0;0;0.1;0.01;0;4.75005;0;0;-1
0;1068;-40.399;-15.9256;75.0957;9.98709;4172.59;6.00509;0;0;0.1;0.01;0;6.54817;0;0;-1
0;1069;-40.4524;2.86922;77.9533;9.51488;3608.27;5.72116;0;0;0.1;0.01;0;5.73068;0;0;-1
0;1070;-41.6353;17.7764;74.6457;8.54694;2615.29;5.13915;0;0;0.1;0.01;0;5.54988;0;0;-1
0;1071;-39.3195;33.6809;76.4785;9.87209;4030.1;5.93594;0;0;0.1;0.01;0;4.14253;0;0;-1
0;1072;-24.3877;-55.163;76.9432;9.73996;3870.44;5.8565;0;0;0.1;0.01;0;3.46797;0;0;-1
0;1073;-26.2702;-40.8469;74.9525;9.02504;3079.19;5.42663;0;0;0.1;0.01;0;5.50622;0;0;-1
0;1074;-27.469;-23.1564;76.5322;10.0637;4269.35;6.05116;0;0;0.1;0.01;0;7.01448;0;0;-1
0;1075;-27.2477;-4.52149;77.9012;9.34698;3420.6;5.6202;0;0;0.1;0.01;0;6.54904;0;0;-1
0;1076;-24.9805;12.2868;77.0391;9.04555;3100.23;5.43896;0;0;0.1;0.01;0;5.77492;0;0;-1
0;1077;-25.7905;26.5303;77.2994;9.31413;3384.66;5.60045;0;0;0.1;0.01;0;5.89725;0;0;-1
0;1078;-25.3414;43.7232;77.7657;9.28589;3353.97;5.58347;0;0;0.1;0.01;0;3.8077;0;0;-1
0;1079;-10.0711;-47.812;76.4064;8.80812;2862.45;5.29619;0;0;0.1;0.01;0;4.92461;0;0;-1
0;1080;-12.4531;-31.1438;76.4159;10.2266;4480.05;6.14911;0;0;0.1;0.01;0;7.48039;0;0;-1
0;1081;-12.803;-16.1741;74.6146;9.40462;3484.27;5.65486;0;0;0.1;0.01;0;7.35185;0;0;-1
0;1082;-13.5669;0.328472;78.499;10.2202;4471.64;6.14526;0;0;0.1;0.01;0;6.59365;0;0;-1
0;1083;-11.4843;20.5739;78.3234;8.95194;3004.97;5.38267;0;0;0.1;0.01;0;5.81148;0;0;-1
0;1084;-10.8863;36.5093;76.78;10.0821;4292.81;6.06222;0;0;0.1;0.01;0;7.27569;0;0;-1
0;1085;-11.99;51.5994;76.3135;9.93362;4105.93;5.97294;0;0;0.1;0.01;0;4.78245;0;0;-1
0;1086;3.5451;-58.8468;76.6059;10.3992;4710.73;6.25289;0;0;0.1;0.01;0;3.37042;0;0;-1
0;1087;1.37563;-42.2291;78.4826;8.5;2572.44;5.11093;0;0;0.1;0.01;0;4.97691;1;0;-1
0;1088;4.76636;-23.2438;76.3302;10.0445;4244.96;6.03961;0;0;0.1;0.01;0;6.80894;0;0;-1
0;1089;1.29996;-7.59561;78.2467;9.92445;4094.57;5.96743;0;0;0.1;0.01;0;6.26965;0;0;-1
0;1090;3.27036;11.4173;77.6358;8.90179;2954.75;5.35252;0;0;0.1;0.01;0;4.54001;0;0;-1
0;1091;1.50255;27.3594;77.7822;9.65841;3774.03;5.80746;0;0;0.1;0.01;0;7.23791;0;0;-1
0;1092;2.54171;42.4934;76.468;10.3015;4579.2;6.19414;0;0;0.1;0.01;0;6.33526;0;0;-1
0;1093;4.0441;61.3716;76.5669;9.70352;3827.16;5.83459;0;0;0.1;0.01;0;3.29122;0;0;-1
0;1094;16.4716;-49.6009;74.9939;8.82222;2876.22;5.30467;0;0;0.1;0.01;0;3.51443;0;0;-1
0;1095;17.4673;-30.7387;77.8446;9.94785;4123.6;5.9815;0;0;0.1;0.01;0;6.04405;0;0;-1
0;1096;18.4943;-13.1209;74.6037;9.11763;3174.93;5.4823;0;0;0.1;0.01;0;6.14173;0;0;-1
0;1097;16.7219;3.3421;76.3102;8.78297;2838;5.28107;0;0;0.1;0.01;0;5.25098;0;0;-1
0;1098;18.4103;20.1251;76.7559;8.5;2572.44;5.11093;0;0;0.1;0.01;0;5.81045;1;0;-1
0;1099;18.6062;33.9781;76.0115;10.0972;4312.13;6.0713;0;0;0.1;0.01;0;7.30775;0;0;-1
0;1100;18.5658;54.4265;76.1456;9.59276;3697.6;5.76799;0;0;0.1;0.01;0;3.60179;0;0;-1
0;1101;32.5515;-40.1988;76.4265;10.1849;4425.47;6.12403;0;0;0.1;0.01;0;3.81255;0;0;-1
0;1102;31.2474;-22.9442;78.5574;10.1291;4353.13;6.09048;0;0;0.1;0.01;0;5.58409;0;0;-1
0;1103;31.1819;-5.98967;77.3433;8.5572;2624.72;5.14532;0;0;0.1;0.01;0;5.19986;0;0;-1
0;1104;32.3766;11.7442;76.1714;9.07028;3125.72;5.45383;0;0;0.1;0.01;0;4.46351;0;0;-1
0;1105;34.5154;28.4117;76.6477;10.3011;4578.67;6.1939;0;0;0.1;0.01;0;5.87715;0;0;-1
0;1106;30.9534;46.4954;78.1589;10.3268;4613.03;6.20935;0;0;0.1;0.01;0;4.17016;0;0;-1
0;1107;49.0842;-30.3953;78.6671;9.26179;3327.92;5.56898;0;0;0.1;0.01;0;1.69219;0;0;-1
0;1108;45.4494;-13.8874;75.3101;8.5304;2600.14;5.12921;0;0;0.1;0.01;0;4.76208;0;0;-1
0;1109;47.4441;0.399983;77.9813;8.55106;2619.08;5.14163;0;0;0.1;0.01;0;3.45445;0;0;-1
0;1110;48.3187;20.034;74.9225;9.58572;3689.46;5.76375;0;0;0.1;0.01;0;3.87056;0;0;-1
0;1111;49.0132;36.2409;77.4615;8.5;2572.44;5.11093;0;0;0.1;0.01;0;2.34168;1;0;-1
0;1112;60.4398;-6.10396;78.4408;8.5;2572.44;5.11093;0;0;0.1;0.01;0;1.59515;1;0;-1
0;1113;-36.2722;-15.7347;89.6379;9.8315;3980.59;5.91154;0;0;0.1;0.01;0;4.24622;0;0;-1
0;1114;-36.4157;1.56502;91.2411;8.5;2572.44;5.11093;0;0;0.1;0.01;0;3.92106;1;0;-1
0;1115;-38.4471;16.9517;89.8881;10.0141;4206.53;6.02133;0;0;0.1;0.01;0;3.77025;0;0;-1
0;1116;-21.1021;-24.4737;90.0494;10.4526;4783.67;6.285;0;0;0.1;0.01;0;4.94883;0;0;-1
0;1117;-23.414;-6.36541;93.0748;10.0382;4236.98;6.03582;0;0;0.1;0.01;0;4.5401;0;0;-1
0;1118;-22.7415;11.6925;89.7631;8.5;2572.44;5.11093;0;0;0.1;0.01;0;4.56432;1;0;-1
0;1119;-21.6249;27.6356;93.3743;10.1704;4406.59;6.11531;0;0;0.1;0.01;0;3.63952;0;0;-1
0;1120;-7.47362;-31.472;90.791;9.99572;4183.41;6.01028;0;0;0.1;0.01;0;4.74662;0;0;-1
0;1121;-8.53211;-14.0115;89.4478;9.49792;3589.01;5.71096;0;0;0.1;0.01;0;6.43211;0;0;-1
0;1122;-6.51346;1.18094;92.6613;9.92513;4095.41;5.96784;0;0;0.1;0.01;0;5.31195;0;0;-1
0;1123;-5.80948;19.1318;93.3195;10.3778;4681.71;6.24002;0;0;0.1;0.01;0;5.37853;0;0;-1
0;1124;-7.6129;35.039;92.359;8.5;2572.44;5.11093;0;0;0.1;0.01;0;3.71189;1;0;-1
0;1125;5.42233;-38.5717;92.1451;8.64182;2703.36;5.1962;0;0;0.1;0.01;0;2.77195;0;0;-1
0;1126;6.63506;-23.3656;92.1186;9.97299;4154.94;5.99661;0;0;0.1;0.01;0;4.86056;0;0;-1
0;1127;7.32753;-5.04345;91.6077;9.76217;3896.98;5.86985;0;0;0.1;0.01;0;4.37051;0;0;-1
0;1128;6.66655;10.8021;91.2165;9.29955;3368.79;5.59168;0;0;0.1;0.01;0;4.12154;0;0;-1
0;1129;6.09673;28.7506;90.0578;9.47028;3557.76;5.69434;0;0;0.1;0.01;0;5.33286;0;0;-1
0;1130;23.7571;-31.9707;89.863;8.5;2572.44;5.11093;0;0;0.1;0.01;0;2.94957;1;0;-1
0;1131;20.7084;-13.4772;89.3548;8.96289;3016.01;5.38926;0;0;0.1;0.01;0;4.82215;0;0;-1
0;1132;22.7956;0.119492;90.1673;8.56343;2630.46;5.14907;0;0;0.1;0.01;0;3.46784;0;0;-1
0;1133;20.0118;20.8206;90.964;8.88242;2935.5;5.34087;0;0;0.1;0.01;0;3.25188;0;0;-1
0;1134;20.8898;36.7145;90.3414;8.61361;2676.97;5.17924;0;0;0.1;0.01;0;2.72023;0;0;-1
0;1135;37.3262;-7.80811;89.7337;9.767;3902.76;5.87276;0;0;0.1;0.01;0;3.63656;0;0;-1
0;1136;35.4255;9.72748;91.1677;8.5238;2594.11;5.12524;0;0;0.1;0.01;0;1.96341;0;0;-1
