Time;ID;x;y;z;radius;volume_total;radius_nuclear;contact_ECM;freezer;polarized_fraction;motility;cell_line;Cell_cell;phase;Cycle;NFkB
0;0;-51.3175;-4.61334;-83.4251;8.5;2572.44;5.11093;0;0;0.1;0.01;0;2.64456;1;0;-1
0;1;-37.4329;-33.344;-84.6865;9.8791;4038.69;5.94016;0;0;0.1;0.01;0;2.67623;0;0;-1
0;2;-37.658;-13.8306;-86.4889;8.5;2572.44;5.11093;0;0;0.1;0.01;0;2.65176;1;0;-1
0;3;-38.5102;0.469669;-85.5933;8.93259;2985.53;5.37104;0;0;0.1;0.01;0;2.49447;0;0;-1
0;4;-35.4897;20.6102;-84.3414;10.0373;4235.84;6.03528;0;0;0.1;0.01;0;3.05261;0;0;-1
0;5;-21.8034;-40.6306;-87.2606;9.31441;3384.97;5.60062;0;0;0.1;0.01;0;2.80757;0;0;-1
0;6;-20.5476;-22.4021;-85.9303;8.72424;2781.45;5.24576;0;0;0.1;0.01;0;4.24009;0;0;-1
0;7;-21.0291;-8.41469;-84.5088;8.68751;2746.47;5.22367;0;0;0.1;0.01;0;4.10783;0;0;-1
0;8;-20.3068;10.7209;-85.9714;8.9461;2999.09;5.37916;0;0;0.1;0.01;0;3.39469;0;0;-1
0;9;-22.297;28.7612;-84.0036;9.1147;3171.87;5.48054;0;0;0.1;0.01;0;3.81343;0;0;-1
0;10;-8.84388;-49.3333;-83.4156;10.3831;4688.89;6.24321;0;0;0.1;0.01;0;3.60991;0;0;-1
0;11;-7.09711;-30.7531;-87.1651;9.25676;3322.5;5.56596;0;0;0.1;0.01;0;4.75314;0;0;-1
0;12;-6.80913;-16.6181;-86.252;8.92614;2979.06;5.36716;0;0;0.1;0.01;0;5.07772;0;0;-1
0;13;-6.59092;0.140724;-85.5201;10.1914;4433.94;6.12794;0;0;0.1;0.01;0;5.01909;0;0;-1
0;14;-7.56438;20.0316;-83.7595;10.1998;4444.92;6.13299;0;0;0.1;0.01;0;5.00718;0;0;-1
0;15;-7.6734;38.2928;-83.9326;9.71243;3837.71;5.83994;0;0;0.1;0.01;0;3.32145;0;0;-1
0;16;7.44363;-40.8708;-85.9538;10.0896;4302.4;6.06673;0;0;0.1;0.01;0;4.84726;0;0;-1
0;17;6.40144;-24.235;-83.4892;10.0954;4309.82;6.07022;0;0;0.1;0.01;0;6.03687;0;0;-1
0;18;8.7258;-6.01926;-85.8353;8.76963;2825.09;5.27305;0;0;0.1;0.01;0;3.89356;0;0;-1
0;19;6.47677;10.9344;-86.7602;8.73724;2793.9;5.25358;0;0;0.1;0.01;0;2.66821;0;0;-1
0;20;7.75506;27.752;-87.3909;8.84193;2895.54;5.31652;0;0;0.1;0.01;0;3.18378;0;0;-1
0;21;8.87694;45.3846;-83.5806;10.2972;4573.47;6.19156;0;0;0.1;0.01;0;3.80084;0;0;-1
0;22;20.2427;-49.1546;-84.4953;9.44966;3534.57;5.68194;0;0;0.1;0.01;0;3.23531;0;0;-1
0;23;23.3391;-34.036;-86.6639;10.0918;4305.21;6.06805;0;0;0.1;0.01;0;5.12378;0;0;-1
0;24;20.6096;-15.7284;-84.9662;8.5;2572.44;5.11093;0;0;0.1;0.01;0;3.28299;1;0;-1
0;25;22.4764;3.44982;-86.8632;8.58914;2654.22;5.16453;0;0;0.1;0.01;0;3.5912;0;0;-1
0;26;23.6321;20.3915;-84.4852;8.88816;2941.2;5.34432;0;0;0.1;0.01;0;4.47674;0;0;-1
0;27;23.5462;37.74;-84.8632;9.8457;3997.87;5.92008;0;0;0.1;0.01;0;3.69289;0;0;-1
0;28;36.3541;-40.1936;-83.6491;9.99562;4183.29;6.01022;0;0;0.1;0.01;0;3.76932;0;0;-1
0;29;35.4674;-25.5476;-86.1233;8.5;2572.44;5.11093;0;0;0.1;0.01;0;3.01575;1;0;-1
0;30;37.2075;-5.59714;-85.2989;10.2046;4451.19;6.13588;0;0;0.1;0.01;0;2.52901;0;0;-1
0;31;36.5602;10.8595;-83.9715;10.2277;4481.49;6.14977;0;0;0.1;0.01;0;3.93832;0;0;-1
0;32;37.5848;26.9799;-83.9292;10.0868;4298.82;6.06505;0;0;0.1;0.01;0;4.35794;0;0;-1
0;33;-70.529;-14.7642;-69.3756;9.3986;3477.59;5.65124;0;0;0.1;0.01;0;2.2805;0;0;-1
0;34;-57.8108;-39.4498;-71.3437;9.97762;4160.73;5.9994;0;0;0.1;0.01;0;3.10593;0;0;-1
0;35;-56.6671;-25.1921;-72.4917;9.30194;3371.39;5.59312;0;0;0.1;0.01;0;3.99571;0;0;-1
0;36;-54.7624;-8.89878;-70.8549;8.5;2572.44;5.11093;0;0;0.1;0.01;0;4.50326;1;0;-1
0;37;-56.2928;9.85729;-69.7933;10.3383;4628.45;6.21627;0;0;0.1;0.01;0;3.50851;0;0;-1
0;38;-57.7872;28.4753;-71.5032;8.5;2572.44;5.11093;0;0;0.1;0.01;0;2.15832;1;0;-1
0;39;-54.6553;46.9049;-68.5819;9.52835;3623.61;5.72926;0;0;0.1;0.01;0;3.23873;0;0;-1
0;40;-41.5511;-51.3136;-72.6802;9.08313;3139.03;5.46155;0;0;0.1;0.01;0;2.11042;0;0;-1
0;41;-41.3969;-30.4538;-70.9843;9.44447;3528.75;5.67882;0;0;0.1;0.01;0;5.73838;0;0;-1
0;42;-42.2314;-16.6235;-69.6703;10.4347;4759.14;6.27423;0;0;0.1;0.01;0;6.85605;0;0;-1
0;43;-39.4112;1.7319;-69.0952;8.5;2572.44;5.11093;0;0;0.1;0.01;0;4.22214;1;0;-1
0;44;-42.3708;16.7593;-69.0649;8.5;2572.44;5.11093;0;0;0.1;0.01;0;5.51097;1;0;-1
0;45;-42.4207;34.2505;-69.8614;9.48534;3574.76;5.7034;0;0;0.1;0.01;0;5.21334;0;0;-1
0;46;-41.2113;53.4635;-69.4119;8.5;2572.44;5.11093;0;0;0.1;0.01;0;3.80546;1;0;-1
0;47;-26.5784;-57.1949;-70.3627;8.69547;2754.02;5.22846;0;0;0.1;0.01;0;4.02318;0;0;-1
0;48;-28.5586;-42.5893;-68.4941;10.4235;4743.83;6.2675;0;0;0.1;0.01;0;6.38716;0;0;-1
0;49;-26.2511;-24.741;-70.6835;8.78999;2844.81;5.28529;0;0;0.1;0.01;0;5.81361;0;0;-1
0;50;-24.7288;-8.81397;-71.8664;8.5;2572.44;5.11093;0;0;0.1;0.01;0;4.47481;1;0;-1
0;51;-26.8812;11.1041;-69.6545;9.33999;3412.93;5.616;0;0;0.1;0.01;0;5.34827;0;0;-1
0;52;-26.0049;26.9288;-69.2405;10.0291;4225.46;6.03035;0;0;0.1;0.01;0;6.5674;0;0;-1
0;53;-27.6149;43.737;-70.6672;9.33376;3406.11;5.61225;0;0;0.1;0.01;0;4.60191;0;0;-1
0;54;-27.1649;62.1988;-69.8072;9.79464;3935.99;5.88937;0;0;0.1;0.01;0;3.73954;0;0;-1
0;55;-13.5693;-63.8502;-69.0182;9.87774;4037.02;5.93934;0;0;0.1;0.01;0;4.04134;0;0;-1
0;56;-13.8225;-48.1379;-68.3397;8.5;2572.44;5.11093;0;0;0.1;0.01;0;5.72156;1;0;-1
0;57;-11.3441;-31.1874;-72.6138;8.91585;2968.77;5.36097;0;0;0.1;0.01;0;5.09902;0;0;-1
0;58;-12.6975;-15.0489;-70.9664;9.29638;3365.35;5.58978;0;0;0.1;0.01;0;6.58903;0;0;-1
0;59;-9.95087;1.96281;-71.7797;9.45092;3535.99;5.6827;0;0;0.1;0.01;0;5.80853;0;0;-1
0;60;-11.6464;16.5886;-70.1459;8.82064;2874.68;5.30372;0;0;0.1;0.01;0;5.34656;0;0;-1
0;61;-11.8847;36.6291;-70.9339;9.09843;3154.92;5.47075;0;0;0.1;0.01;0;4.6511;0;0;-1
0;62;-10.7499;55.0831;-70.3565;9.75011;3882.55;5.8626;0;0;0.1;0.01;0;3.3146;0;0;-1
0;63;2.17842;-56.2467;-69.0667;9.01971;3073.73;5.42342;0;0;0.1;0.01;0;4.73725;0;0;-1
0;64;3.94184;-40.1482;-72.0481;8.76763;2823.16;5.27185;0;0;0.1;0.01;0;5.1993;0;0;-1
0;65;2.71665;-22.8967;-68.5064;10.2393;4496.76;6.15674;0;0;0.1;0.01;0;7.07058;0;0;-1
0;66;4.33909;-7.97712;-72.0179;9.90275;4067.77;5.95438;0;0;0.1;0.01;0;6.59513;0;0;-1
0;67;2.35144;10.1722;-69.2165;8.5;2572.44;5.11093;0;0;0.1;0.01;0;4.9685;1;0;-1
0;68;4.39837;26.7895;-69.6875;8.5;2572.44;5.11093;0;0;0.1;0.01;0;4.49299;1;0;-1
0;69;4.43619;45.799;-70.5456;9.40266;3482.1;5.65368;0;0;0.1;0.01;0;6.07102;0;0;-1
0;70;3.50577;63.7157;-70.1489;9.87208;4030.09;5.93594;0;0;0.1;0.01;0;3.45389;0;0;-1
0;71;16.3294;-66.268;-69.8995;9.33398;3406.35;5.61239;0;0;0.1;0.01;0;2.89312;0;0;-1
0;72;15.9703;-47.1689;-70.9241;8.71329;2770.99;5.23917;0;0;0.1;0.01;0;4.75286;0;0;-1
0;73;19.2581;-30.2045;-70.8812;10.2304;4485.04;6.15139;0;0;0.1;0.01;0;6.89094;0;0;-1
0;74;16.4057;-14.0926;-69.2319;8.5;2572.44;5.11093;0;0;0.1;0.01;0;6.69835;1;0;-1
0;75;16.9946;1.22438;-71.3291;9.24351;3308.26;5.55799;0;0;0.1;0.01;0;5.4413;0;0;-1
0;76;16.0063;18.2082;-69.2074;8.72477;2781.96;5.24608;0;0;0.1;0.01;0;4.98847;0;0;-1
0;77;17.3075;35.4421;-70.6361;9.03495;3089.34;5.43258;0;0;0.1;0.01;0;5.48796;0;0;-1
0;78;19.4583;55.0739;-70.2805;10.194;4437.34;6.1295;0;0;0.1;0.01;0;4.06503;0;0;-1
0;79;31.0815;-57.7992;-69.4712;8.5;2572.44;5.11093;0;0;0.1;0.01;0;3.35896;1;0;-1
0;80;31.7644;-38.5279;-68.4319;9.87873;4038.24;5.93994;0;0;0.1;0.01;0;6.27492;0;0;-1
0;81;32.0164;-21.8266;-69.6504;8.5;2572.44;5.11093;0;0;0.1;0.01;0;4.93415;1;0;-1
0;82;33.3342;-6.34313;-68.805;9.53103;3626.67;5.73087;0;0;0.1;0.01;0;5.57032;0;0;-1
0;83;30.5724;12.4402;-71.2995;9.73152;3860.39;5.85142;0;0;0.1;0.01;0;6.45285;0;0;-1
0;84;33.6239;28.6052;-68.5224;10.0382;4236.98;6.03582;0;0;0.1;0.01;0;6.88785;0;0;-1
0;85;34.0145;43.7464;-71.9695;8.5;2572.44;5.11093;0;0;0.1;0.01;0;4.23529;1;0;-1
0;86;46.3658;-51.2912;-68.9107;9.61922;3728.28;5.7839;0;0;0.1;0.01;0;2.75872;0;0;-1
0;87;45.9813;-30.4809;-71.9457;9.01313;3067.01;5.41946;0;0;0.1;0.01;0;4.33401;0;0;-1
0;88;47.5565;-13.4236;-71.9984;9.9526;4129.51;5.98435;0;0;0.1;0.01;0;4.86616;0;0;-1
0;89;45.3296;1.65224;-69.0574;8.5;2572.44;5.11093;0;0;0.1;0.01;0;5.76222;1;0;-1
0;90;47.3088;17.1305;-68.9557;10.3912;4699.87;6.24808;0;0;0.1;0.01;0;6.38377;0;0;-1
0;91;48.9696;36.8809;-71.9508;10.2103;4458.66;6.13931;0;0;0.1;0.01;0;3.53606;0;0;-1
0;92;46.7008;54.109;-69.0015;8.5;2572.44;5.11093;0;0;0.1;0.01;0;2.53911;1;0;-1
0;93;60.0247;-25.6688;-72.0504;10.0688;4275.84;6.05422;0;0;0.1;0.01;0;2.75213;0;0;-1
0;94;62.5657;-5.61009;-71.919;8.73835;2794.97;5.25424;0;0;0.1;0.01;0;2.33502;0;0;-1
0;95;61.33;9.87399;-68.8398;9.81409;3959.49;5.90107;0;0;0.1;0.01;0;3.63501;0;0;-1
0;96;-80.3897;-8.31295;-55.4072;9.69228;3813.88;5.82783;0;0;0.1;0.01;0;2.96289;0;0;-1
0;97;-80.1243;12.4611;-54.3353;8.7296;2786.58;5.24898;0;0;0.1;0.01;0;2.61236;0;0;-1
0;98;-65.7593;-48.4212;-54.2741;10.1245;4347.2;6.08771;0;0;0.1;0.01;0;4.67969;0;0;-1
0;99;-67.7011;-33.877;-55.4076;8.95215;3005.18;5.3828;0;0;0.1;0.01;0;3.30486;0;0;-1
0;100;-65.5557;-12.6459;-56.3849;8.50736;2579.13;5.11535;0;0;0.1;0.01;0;4.001;0;0;-1
0;101;-64.6002;1.73483;-53.9681;9.72048;3847.26;5.84478;0;0;0.1;0.01;0;5.33395;0;0;-1
0;102;-68.0138;19.6438;-57.78;8.68328;2742.46;5.22113;0;0;0.1;0.01;0;3.53493;0;0;-1
0;103;-66.4421;35.4363;-55.5505;8.5;2572.44;5.11093;0;0;0.1;0.01;0;3.49324;1;0;-1
0;104;-52.2502;-59.3413;-54.871;9.7421;3872.99;5.85778;0;0;0.1;0.01;0;4.05954;0;0;-1
0;105;-52.9114;-42.3682;-57.5543;8.54632;2614.73;5.13878;0;0;0.1;0.01;0;4.59321;0;0;-1
0;106;-51.3181;-24.6966;-57.8031;8.5;2572.44;5.11093;0;0;0.1;0.01;0;4.56899;1;0;-1
0;107;-49.8608;-4.79153;-57.1222;9.83619;3986.29;5.91436;0;0;0.1;0.01;0;6.42234;0;0;-1
0;108;-51.7475;12.043;-54.3886;9.7551;3888.52;5.8656;0;0;0.1;0.01;0;7.06126;0;0;-1
0;109;-51.0319;27.8576;-57.8127;10.3779;4681.85;6.24008;0;0;0.1;0.01;0;6.92831;0;0;-1
0;110;-52.1442;44.8052;-54.0103;9.75705;3890.85;5.86677;0;0;0.1;0.01;0;6.19762;0;0;-1
0;111;-50.5757;59.7293;-54.4376;10.0947;4308.92;6.0698;0;0;0.1;0.01;0;5.15122;0;0;-1
0;112;-38.6572;-66.5822;-56.3463;9.78686;3926.62;5.8847;0;0;0.1;0.01;0;4.10121;0;0;-1
0;113;-38.3685;-51.0445;-54.5681;9.22818;3291.83;5.54877;0;0;0.1;0.01;0;5.19062;0;0;-1
0;114;-36.554;-31.2274;-56.2509;9.62245;3732.03;5.78584;0;0;0.1;0.01;0;6.18228;0;0;-1
0;115;-36.5242;-14.8537;-55.7955;10.2702;4537.59;6.17532;0;0;0.1;0.01;0;6.81628;0;0;-1
0;116;-37.7512;2.44097;-54.3786;8.98033;3033.65;5.39974;0;0;0.1;0.01;0;5.52337;0;0;-1
0;117;-36.0778;20.9958;-57.0172;10.2728;4541.04;6.17689;0;0;0.1;0.01;0;7.53966;0;0;-1
0;118;-35.2044;36.6511;-55.0658;8.75833;2814.18;5.26626;0;0;0.1;0.01;0;6.65523;0;0;-1
0;119;-36.999;51.2817;-56.5104;10.0445;4244.96;6.03961;0;0;0.1;0.01;0;6.9457;0;0;-1
0;120;-35.9291;70.3116;-57.9295;10.4064;4720.52;6.25722;0;0;0.1;0.01;0;4.27312;0;0;-1
0;121;-23.9313;-76.023;-57.3284;9.56038;3660.28;5.74852;0;0;0.1;0.01;0;3.1453;0;0;-1
0;122;-21.8304;-56.2162;-56.4059;9.42137;3502.92;5.66493;0;0;0.1;0.01;0;6.51175;0;0;-1
0;123;-21.0881;-40.4636;-54.846;10.0066;4197.09;6.01682;0;0;0.1;0.01;0;6.9833;0;0;-1
0;124;-23.6226;-22.5381;-56.7434;9.91108;4078.04;5.95939;0;0;0.1;0.01;0;6.876;0;0;-1
0;125;-21.5836;-7.1497;-56.3381;8.98657;3039.98;5.40349;0;0;0.1;0.01;0;5.63064;0;0;-1
0;126;-22.4104;9.00141;-55.9827;9.44496;3529.3;5.67912;0;0;0.1;0.01;0;4.8001;0;0;-1
0;127;-21.4007;25.5955;-55.5897;8.61865;2681.68;5.18227;0;0;0.1;0.01;0;5.26523;0;0;-1
0;128;-21.7858;42.308;-56.7034;8.5;2572.44;5.11093;0;0;0.1;0.01;0;5.12307;1;0;-1
0;129;-22.1144;63.2062;-54.4659;10.3642;4663.33;6.23184;0;0;0.1;0.01;0;7.13639;0;0;-1
0;130;-22.0261;77.9777;-57.0142;9.14647;3205.16;5.49964;0;0;0.1;0.01;0;3.52635;0;0;-1
0;131;-9.28351;-80.7875;-56.0057;8.5;2572.44;5.11093;0;0;0.1;0.01;0;2.47034;1;0;-1
0;132;-5.76988;-65.6658;-55.7494;9.0412;3095.76;5.43634;0;0;0.1;0.01;0;4.74553;0;0;-1
0;133;-6.23143;-47.1135;-55.1227;9.62786;3738.33;5.78909;0;0;0.1;0.01;0;5.88236;0;0;-1
0;134;-8.77206;-29.9192;-54.6181;9.80216;3945.06;5.8939;0;0;0.1;0.01;0;5.57541;0;0;-1
0;135;-8.94705;-14.1375;-55.4232;8.61231;2675.76;5.17846;0;0;0.1;0.01;0;5.8406;0;0;-1
0;136;-7.06679;0.369674;-56.7197;8.5;2572.44;5.11093;0;0;0.1;0.01;0;5.33886;1;0;-1
0;137;-5.92299;20.9933;-55.1543;10.3787;4682.93;6.24056;0;0;0.1;0.01;0;6.33483;0;0;-1
0;138;-8.23973;36.9521;-55.491;10.3709;4672.38;6.23587;0;0;0.1;0.01;0;6.41159;0;0;-1
0;139;-5.83144;54.9379;-55.1073;10.4463;4775.03;6.28121;0;0;0.1;0.01;0;6.18393;0;0;-1
0;140;-8.71931;70.3257;-55.1363;8.9171;2970.02;5.36172;0;0;0.1;0.01;0;3.30241;0;0;-1
0;141;8.98777;-74.3227;-56.9042;8.95921;3012.3;5.38704;0;0;0.1;0.01;0;3.46678;0;0;-1
0;142;6.86262;-58.0813;-56.2158;9.9375;4110.74;5.97527;0;0;0.1;0.01;0;6.12581;0;0;-1
0;143;7.3436;-41.7035;-54.9281;8.5;2572.44;5.11093;0;0;0.1;0.01;0;4.38011;1;0;-1
0;144;9.40206;-22.7188;-56.6042;9.348;3421.72;5.62082;0;0;0.1;0.01;0;6.49436;0;0;-1
0;145;6.03187;-8.01822;-56.8617;9.37777;3454.52;5.63872;0;0;0.1;0.01;0;6.47311;0;0;-1
0;146;5.60963;9.72266;-55.2396;8.95394;3006.98;5.38387;0;0;0.1;0.01;0;4.27993;0;0;-1
0;147;8.44506;27.7513;-53.9547;10.1128;4332.14;6.08068;0;0;0.1;0.01;0;6.67679;0;0;-1
0;148;8.53491;44.9734;-55.9744;10.2821;4553.38;6.18248;0;0;0.1;0.01;0;7.63819;0;0;-1
0;149;8.83974;59.8437;-57.7134;8.76315;2818.83;5.26915;0;0;0.1;0.01;0;5.80967;0;0;-1
0;150;8.56943;79.8442;-54.3439;9.33081;3402.88;5.61048;0;0;0.1;0.01;0;2.80732;0;0;-1
0;151;22.2781;-64.2608;-56.6586;9.79249;3933.4;5.88808;0;0;0.1;0.01;0;4.96788;0;0;-1
0;152;24.1778;-49.9856;-53.7203;8.97699;3030.27;5.39773;0;0;0.1;0.01;0;5.39962;0;0;-1
0;153;20.2959;-32.6169;-55.2881;9.10775;3164.62;5.47636;0;0;0.1;0.01;0;5.15405;0;0;-1
0;154;20.5186;-12.7138;-57.3676;9.31056;3380.77;5.5983;0;0;0.1;0.01;0;6.00935;0;0;-1
0;155;23.6265;1.42203;-56.4437;9.29185;3360.43;5.58705;0;0;0.1;0.01;0;5.68002;0;0;-1
0;156;23.7518;20.6609;-55.7404;10.1452;4373.92;6.10016;0;0;0.1;0.01;0;6.42678;0;0;-1
0;157;22.6854;38.2399;-56.2074;10.0929;4306.62;6.06871;0;0;0.1;0.01;0;7.04035;0;0;-1
0;158;22.9289;54.3768;-53.9799;10.4336;4757.64;6.27357;0;0;0.1;0.01;0;7.09754;0;0;-1
0;159;22.055;70.5687;-57.6906;9.08793;3144.01;5.46444;0;0;0.1;0.01;0;2.47005;0;0;-1
0;160;38.5727;-56.0265;-56.4262;9.06067;3115.8;5.44805;0;0;0.1;0.01;0;4.55199;0;0;-1
0;161;34.9385;-38.3582;-54.7251;8.60039;2664.67;5.17129;0;0;0.1;0.01;0;5.32489;0;0;-1
0;162;38.5236;-25.1009;-56.4587;9.04343;3098.05;5.43768;0;0;0.1;0.01;0;5.60582;0;0;-1
0;163;37.2043;-5.69368;-54.834;8.57831;2644.2;5.15801;0;0;0.1;0.01;0;5.96609;0;0;-1
0;164;38.4583;8.33365;-55.4134;9.23354;3297.56;5.55199;0;0;0.1;0.01;0;6.96393;0;0;-1
0;165;38.866;25.4315;-54.6052;9.85015;4003.29;5.92275;0;0;0.1;0.01;0;6.32585;0;0;-1
0;166;36.7835;46.1505;-56.6505;9.17439;3234.6;5.51643;0;0;0.1;0.01;0;5.85627;0;0;-1
0;167;36.3687;60.7325;-54.1185;8.5;2572.44;5.11093;0;0;0.1;0.01;0;4.54189;1;0;-1
0;168;52.8851;-50.9585;-56.0593;8.97539;3028.65;5.39677;0;0;0.1;0.01;0;3.28682;0;0;-1
0;169;52.0688;-31.0861;-54.1359;9.95776;4135.93;5.98746;0;0;0.1;0.01;0;5.73244;0;0;-1
0;170;52.9093;-15.0623;-54.384;8.5;2572.44;5.11093;0;0;0.1;0.01;0;5.22955;1;0;-1
0;171;52.25;0.0398957;-54.391;9.99184;4178.54;6.00795;0;0;0.1;0.01;0;7.51641;0;0;-1
0;172;51.1896;18.0846;-56.0425;9.0008;3054.44;5.41205;0;0;0.1;0.01;0;6.79128;0;0;-1
0;173;52.9418;34.0751;-55.7688;9.24176;3306.38;5.55694;0;0;0.1;0.01;0;5.3097;0;0;-1
0;174;52.6952;55.2604;-56.5039;10.1122;4331.37;6.08032;0;0;0.1;0.01;0;4.26898;0;0;-1
0;175;64.6165;-40.871;-56.6744;9.03274;3087.07;5.43126;0;0;0.1;0.01;0;2.99473;0;0;-1
0;176;67.283;-25.0813;-56.1078;9.38578;3463.38;5.64353;0;0;0.1;0.01;0;4.42125;0;0;-1
0;177;67.7698;-4.49902;-55.1267;8.5;2572.44;5.11093;0;0;0.1;0.01;0;5.14;1;0;-1
0;178;65.8291;11.995;-53.8078;9.54477;3642.38;5.73913;0;0;0.1;0.01;0;5.87385;0;0;-1
0;179;66.0082;26.6436;-55.2818;8.5;2572.44;5.11093;0;0;0.1;0.01;0;3.88836;1;0;-1
0;180;64.7688;46.0647;-54.3213;9.81335;3958.59;5.90062;0;0;0.1;0.01;0;3.39512;0;0;-1
0;181;79.7178;-16.8488;-56.7579;10.1836;4423.77;6.12325;0;0;0.1;0.01;0;2.82666;0;0;-1
0;182;82.2231;1.11999;-54.4682;8.92226;2975.18;5.36483;0;0;0.1;0.01;0;2.82684;0;0;-1
0;183;-87.5128;-21.6617;-40.6262;9.37018;3446.14;5.63415;0;0;0.1;0.01;0;3.14602;0;0;-1
0;184;-84.1159;-8.17447;-40.1233;10.0307;4227.49;6.03131;0;0;0.1;0.01;0;5.2192;0;0;-1
0;185;-86.3091;12.3527;-39.6252;9.63572;3747.5;5.79382;0;0;0.1;0.01;0;4.43982;0;0;-1
0;186;-86.6583;29.3351;-39.23;9.84885;4001.71;5.92197;0;0;0.1;0.01;0;3.00426;0;0;-1
0;187;-70.182;-48.0368;-39.6397;8.5;2572.44;5.11093;0;0;0.1;0.01;0;4.0578;1;0;-1
0;188;-72.1204;-33.9446;-41.5592;10.2288;4482.94;6.15043;0;0;0.1;0.01;0;5.02738;0;0;-1
0;189;-71.5919;-14.5677;-41.6305;8.5;2572.44;5.11093;0;0;0.1;0.01;0;5.38641;1;0;-1
0;190;-72.6798;3.61627;-40.9307;10.2704;4537.86;6.17544;0;0;0.1;0.01;0;7.38473;0;0;-1
0;191;-70.5058;19.0728;-42.0676;9.73679;3866.66;5.85459;0;0;0.1;0.01;0;6.2416;0;0;-1
0;192;-69.9859;37.0807;-42.9175;9.92192;4091.44;5.96591;0;0;0.1;0.01;0;5.68427;0;0;-1
0;193;-72.6578;51.3898;-41.1052;9.59208;3696.81;5.76758;0;0;0.1;0.01;0;3.09336;0;0;-1
0;194;-56.9543;-59.2031;-39.9311;10.3288;4615.71;6.21056;0;0;0.1;0.01;0;5.24924;0;0;-1
0;195;-56.7257;-39.4572;-41.874;9.50868;3601.22;5.71743;0;0;0.1;0.01;0;6.64218;0;0;-1
0;196;-54.1638;-24.6446;-40.903;9.31218;3382.54;5.59928;0;0;0.1;0.01;0;5.42288;0;0;-1
0;197;-57.4635;-7.33041;-42.0183;10.0834;4294.47;6.063;0;0;0.1;0.01;0;6.98999;0;0;-1
0;198;-55.062;9.53901;-39.853;10.2811;4552.05;6.18188;0;0;0.1;0.01;0;6.71374;0;0;-1
0;199;-55.5414;25.8723;-41.5473;9.89022;4052.35;5.94685;0;0;0.1;0.01;0;6.11448;0;0;-1
0;200;-56.971;42.6499;-40.1092;9.6706;3788.34;5.81479;0;0;0.1;0.01;0;6.52665;0;0;-1
0;201;-54.2546;60.4479;-39.5909;9.62047;3729.73;5.78465;0;0;0.1;0.01;0;5.24047;0;0;-1
0;202;-40.5179;-80.6251;-40.9858;8.5;2572.44;5.11093;0;0;0.1;0.01;0;2.96961;1;0;-1
0;203;-41.6777;-65.9;-39.2249;9.46189;3548.32;5.6893;0;0;0.1;0.01;0;6.38124;0;0;-1
0;204;-43.0543;-47.5202;-41.7125;8.5;2572.44;5.11093;0;0;0.1;0.01;0;4.90266;1;0;-1
0;205;-42.5715;-31.6889;-42.2022;8.64528;2706.61;5.19828;0;0;0.1;0.01;0;5.09551;0;0;-1
0;206;-40.251;-13.4525;-40.6559;9.60474;3711.47;5.77519;0;0;0.1;0.01;0;6.10396;0;0;-1
0;207;-42.0116;1.94793;-39.9934;9.25091;3316.21;5.56244;0;0;0.1;0.01;0;6.47393;0;0;-1
0;208;-41.7813;19.6623;-42.4165;8.59492;2659.59;5.168;0;0;0.1;0.01;0;5.91303;0;0;-1
0;209;-41.4504;34.4576;-41.4105;8.78789;2842.77;5.28403;0;0;0.1;0.01;0;5.64215;0;0;-1
0;210;-40.2727;53.6168;-41.2166;9.53739;3633.94;5.73469;0;0;0.1;0.01;0;7.07275;0;0;-1
0;211;-40.8042;68.4796;-42.1372;10.3601;4657.8;6.22938;0;0;0.1;0.01;0;6.08052;0;0;-1
0;212;-27.6579;-72.9653;-42.8741;9.39388;3472.35;5.6484;0;0;0.1;0.01;0;6.1078;0;0;-1
0;213;-28.1437;-57.7284;-40.4571;10.4418;4768.86;6.2785;0;0;0.1;0.01;0;7.09538;0;0;-1
0;214;-25.3;-38.5062;-42.3699;9.23225;3296.18;5.55122;0;0;0.1;0.01;0;5.32911;0;0;-1
0;215;-25.0112;-22.3774;-39.8177;9.9908;4177.24;6.00732;0;0;0.1;0.01;0;6.3894;0;0;-1
0;216;-24.7445;-5.18044;-40.6518;8.87426;2927.42;5.33596;0;0;0.1;0.01;0;5.61453;0;0;-1
0;217;-25.4505;9.75773;-41.0408;8.5;2572.44;5.11093;0;0;0.1;0.01;0;4.04173;1;0;-1
0;218;-28.1744;27.0151;-42.0135;9.3773;3454;5.63843;0;0;0.1;0.01;0;5.49053;0;0;-1
0;219;-27.2173;44.1203;-42.1002;9.59228;3697.04;5.7677;0;0;0.1;0.01;0;6.10578;0;0;-1
0;220;-27.5565;60.534;-40.7629;9.41372;3494.4;5.66033;0;0;0.1;0.01;0;7.06666;0;0;-1
0;221;-25.0133;77.1718;-42.0751;9.57316;3674.98;5.7562;0;0;0.1;0.01;0;5.24447;0;0;-1
0;222;-12.9882;-83.1452;-42.1712;8.61093;2674.48;5.17763;0;0;0.1;0.01;0;4.03616;0;0;-1
0;223;-12.9479;-67.6058;-39.7432;10.0617;4266.8;6.04995;0;0;0.1;0.01;0;6.69613;0;0;-1
0;224;-12.3951;-49.3779;-41.8389;9.18212;3242.78;5.52108;0;0;0.1;0.01;0;5.31935;0;0;-1
0;225;-9.78639;-33.3308;-39.837;9.50911;3601.71;5.71769;0;0;0.1;0.01;0;6.11608;0;0;-1
0;226;-13.0701;-15.5092;-40.7617;8.69144;2750.2;5.22604;0;0;0.1;0.01;0;6.37359;0;0;-1
0;227;-11.0682;0.258067;-41.4517;8.66025;2720.7;5.20728;0;0;0.1;0.01;0;5.45438;0;0;-1
0;228;-12.5348;20.0329;-39.342;9.95302;4130.03;5.98461;0;0;0.1;0.01;0;6.16018;0;0;-1
0;229;-9.96131;34.3156;-39.7694;8.5;2572.44;5.11093;0;0;0.1;0.01;0;6.08693;1;0;-1
0;230;-11.5627;52.9666;-39.3546;10.1789;4417.65;6.12042;0;0;0.1;0.01;0;6.47112;0;0;-1
0;231;-11.0983;70.7592;-40.0395;9.43087;3513.53;5.67065;0;0;0.1;0.01;0;5.57572;0;0;-1
0;232;-9.78881;87.104;-39.9579;8.5;2572.44;5.11093;0;0;0.1;0.01;0;2.38873;1;0;-1
0;233;2.81968;-89.5413;-42.0534;9.11671;3173.97;5.48175;0;0;0.1;0.01;0;2.88145;0;0;-1
0;234;4.68045;-74.9296;-41.1606;8.55271;2620.59;5.14262;0;0;0.1;0.01;0;5.17685;0;0;-1
0;235;2.01202;-59.7579;-39.3772;9.47364;3561.55;5.69636;0;0;0.1;0.01;0;5.41849;0;0;-1
0;236;3.62836;-40.7661;-39.8041;8.5;2572.44;5.11093;0;0;0.1;0.01;0;4.85015;1;0;-1
0;237;4.67701;-25.2821;-39.5171;9.5216;3615.92;5.7252;0;0;0.1;0.01;0;6.13762;0;0;-1
0;238;1.23454;-8.08179;-42.4295;10.2613;4525.8;6.16997;0;0;0.1;0.01;0;6.26755;0;0;-1
0;239;3.21593;10.4457;-41.0103;8.61838;2681.42;5.18211;0;0;0.1;0.01;0;4.36865;0;0;-1
0;240;4.07788;27.1882;-39.4795;8.90471;2957.66;5.35427;0;0;0.1;0.01;0;6.72678;0;0;-1
0;241;1.22537;43.0326;-40.2746;10.0973;4312.25;6.07136;0;0;0.1;0.01;0;7.97739;0;0;-1
0;242;1.51972;60.6217;-40.9769;8.5;2572.44;5.11093;0;0;0.1;0.01;0;5.36318;1;0;-1
0;243;3.95531;76.3819;-41.0722;9.14274;3201.24;5.4974;0;0;0.1;0.01;0;5.26539;0;0;-1
0;244;17.6721;-82.3279;-42.0889;8.5;2572.44;5.11093;0;0;0.1;0.01;0;3.29402;1;0;-1
0;245;18.2159;-65.4535;-39.2911;10.2625;4527.39;6.17069;0;0;0.1;0.01;0;5.88374;0;0;-1
0;246;17.9206;-46.4629;-40.8042;8.89095;2943.97;5.346;0;0;0.1;0.01;0;5.26628;0;0;-1
0;247;17.8353;-31.7629;-41.1609;8.5;2572.44;5.11093;0;0;0.1;0.01;0;5.83772;1;0;-1
0;248;19.0962;-15.4946;-41.7712;9.48375;3572.97;5.70244;0;0;0.1;0.01;0;5.92441;0;0;-1
0;249;19.7511;1.93835;-42.1571;9.10927;3166.21;5.47727;0;0;0.1;0.01;0;4.69308;0;0;-1
0;250;17.6633;17.7343;-40.5156;9.27102;3337.88;5.57453;0;0;0.1;0.01;0;5.59881;0;0;-1
0;251;19.0272;36.7168;-42.8411;9.9124;4079.67;5.96018;0;0;0.1;0.01;0;7.63392;0;0;-1
0;252;16.7924;52.0141;-39.6872;10.0976;4312.64;6.07154;0;0;0.1;0.01;0;7.4409;0;0;-1
0;253;18.7611;68.4676;-41.197;10.3155;4597.9;6.20256;0;0;0.1;0.01;0;5.94202;0;0;-1
0;254;16.4109;87.4188;-41.1283;10.0767;4285.92;6.05897;0;0;0.1;0.01;0;3.14624;0;0;-1
0;255;32.9513;-75.6343;-42.5086;8.64912;2710.22;5.20059;0;0;0.1;0.01;0;2.24957;0;0;-1
0;256;30.5645;-56.4909;-40.5199;9.0958;3152.18;5.46917;0;0;0.1;0.01;0;6.27937;0;0;-1
0;257;33.7177;-41.1811;-40.4687;10.005;4195.08;6.01586;0;0;0.1;0.01;0;7.65289;0;0;-1
0;258;32.7765;-25.2898;-41.5698;10.1242;4346.81;6.08753;0;0;0.1;0.01;0;7.40472;0;0;-1
0;259;33.7367;-8.05046;-42.031;8.5;2572.44;5.11093;0;0;0.1;0.01;0;4.72447;1;0;-1
0;260;33.8435;10.0405;-42.2909;8.5;2572.44;5.11093;0;0;0.1;0.01;0;5.10165;1;0;-1
0;261;33.8473;29.5193;-39.8757;8.93213;2985.06;5.37076;0;0;0.1;0.01;0;6.03404;0;0;-1
0;262;32.9463;46.1532;-39.4219;10.038;4236.72;6.0357;0;0;0.1;0.01;0;7.76749;0;0;-1
0;263;33.92;60.0873;-39.7091;9.38769;3465.49;5.64468;0;0;0.1;0.01;0;6.20682;0;0;-1
0;264;33.5513;79.838;-40.4264;8.95437;3007.42;5.38413;0;0;0.1;0.01;0;2.74551;0;0;-1
0;265;47.8231;-65.2756;-41.6084;8.94443;2997.41;5.37816;0;0;0.1;0.01;0;2.46641;0;0;-1
0;266;47.1419;-47.7034;-39.9465;9.52788;3623.08;5.72898;0;0;0.1;0.01;0;5.80389;0;0;-1
0;267;47.7649;-30.239;-39.2214;10.3176;4600.71;6.20382;0;0;0.1;0.01;0;7.65914;0;0;-1
0;268;46.7903;-14.9398;-42.588;10.067;4273.55;6.05314;0;0;0.1;0.01;0;7.77845;0;0;-1
0;269;46.0814;2.87845;-42.1848;8.5;2572.44;5.11093;0;0;0.1;0.01;0;6.19952;1;0;-1
0;270;47.7581;16.8694;-43.0408;10.1627;4396.59;6.11068;0;0;0.1;0.01;0;7.43846;0;0;-1
0;271;46.8446;37.968;-41.0991;9.52653;3621.54;5.72816;0;0;0.1;0.01;0;6.19113;0;0;-1
0;272;46.7012;52.1409;-42.8749;9.67637;3795.12;5.81826;0;0;0.1;0.01;0;6.60628;0;0;-1
0;273;46.8344;69.2634;-39.8961;9.92643;4097.02;5.96862;0;0;0.1;0.01;0;4.49628;0;0;-1
0;274;60.3736;-55.365;-39.3238;9.8308;3979.74;5.91112;0;0;0.1;0.01;0;4.74501;0;0;-1
0;275;63.9943;-41.6895;-39.8228;8.94562;2998.61;5.37887;0;0;0.1;0.01;0;4.28074;0;0;-1
0;276;61.2052;-23.3566;-39.8367;8.55006;2618.16;5.14103;0;0;0.1;0.01;0;5.5436;0;0;-1
0;277;63.4159;-7.79131;-42.329;9.67674;3795.56;5.81848;0;0;0.1;0.01;0;6.80316;0;0;-1
0;278;63.6002;8.22918;-39.4674;10.0114;4203.13;6.01971;0;0;0.1;0.01;0;6.56088;0;0;-1
0;279;63.0222;26.1911;-42.2745;10.0357;4233.81;6.03432;0;0;0.1;0.01;0;6.07328;0;0;-1
0;280;61.5481;42.1379;-41.1953;8.88075;2933.85;5.33987;0;0;0.1;0.01;0;5.08136;0;0;-1
0;281;61.9972;60.4224;-42.4604;9.23144;3295.32;5.55073;0;0;0.1;0.01;0;3.67801;0;0;-1
0;282;74.9429;-32.497;-43.1683;9.0112;3065.04;5.4183;0;0;0.1;0.01;0;3.21655;0;0;-1
0;283;77.7393;-15.0016;-41.1219;8.62851;2690.89;5.1882;0;0;0.1;0.01;0;4.46577;0;0;-1
0;284;76.3307;-0.0856245;-41.4669;10.2851;4557.37;6.18428;0;0;0.1;0.01;0;6.87719;0;0;-1
0;285;78.7432;19.723;-42.8182;8.99017;3043.63;5.40566;0;0;0.1;0.01;0;3.33037;0;0;-1
0;286;76.5354;34.3371;-41.943;9.23964;3304.1;5.55566;0;0;0.1;0.01;0;3.53965;0;0;-1
0;287;90.5177;-4.56163;-40.5349;8.7003;2758.62;5.23136;0;0;0.1;0.01;0;2.23223;0;0;-1
0;288;-95.1321;-13.5098;-24.7025;8.77145;2826.85;5.27415;0;0;0.1;0.01;0;3.17469;0;0;-1
0;289;-95.6344;1.24818;-26.0961;9.92316;4092.97;5.96665;0;0;0.1;0.01;0;3.87575;0;0;-1
0;290;-80.867;-41.5035;-24.6582;9.90428;4069.65;5.9553;0;0;0.1;0.01;0;2.88689;0;0;-1
0;291;-81.7969;-23.4437;-27.344;9.5595;3659.27;5.74799;0;0;0.1;0.01;0;3.86476;0;0;-1
0;292;-78.9107;-4.65523;-26.4863;10.0423;4242.17;6.03829;0;0;0.1;0.01;0;5.5917;0;0;-1
0;293;-82.5743;10.9689;-26.4464;10.1274;4350.93;6.08946;0;0;0.1;0.01;0;6.28639;0;0;-1
0;294;-82.4138;27.6809;-25.1467;10.0349;4232.8;6.03384;0;0;0.1;0.01;0;5.02778;0;0;-1
0;295;-80.401;44.5603;-28.1116;9.88358;4044.19;5.94285;0;0;0.1;0.01;0;3.28442;0;0;-1
0;296;-64.084;-67.8771;-25.9974;8.5;2572.44;5.11093;0;0;0.1;0.01;0;2.51685;1;0;-1
0;297;-64.3792;-48.9955;-26.1315;8.77835;2833.53;5.27829;0;0;0.1;0.01;0;4.35787;0;0;-1
0;298;-64.5274;-31.2663;-25.4597;9.74862;3880.77;5.8617;0;0;0.1;0.01;0;5.46899;0;0;-1
0;299;-64.4878;-12.8938;-26.9903;9.28066;3348.31;5.58033;0;0;0.1;0.01;0;5.55772;0;0;-1
0;300;-66.0782;4.44241;-26.029;8.5;2572.44;5.11093;0;0;0.1;0.01;0;5.93946;1;0;-1
0;301;-65.4699;20.218;-26.9351;8.59094;2655.89;5.16561;0;0;0.1;0.01;0;5.71295;0;0;-1
0;302;-64.6854;35.2169;-27.1718;10.0497;4251.56;6.04274;0;0;0.1;0.01;0;6.31022;0;0;-1
0;303;-64.5469;50.9176;-26.2281;9.27992;3347.51;5.57988;0;0;0.1;0.01;0;5.75094;0;0;-1
0;304;-66.6784;68.669;-26.7106;9.4554;3541.02;5.68539;0;0;0.1;0.01;0;2.15141;0;0;-1
0;305;-49.7102;-72.5016;-27.7876;8.99661;3050.18;5.40953;0;0;0.1;0.01;0;5.22813;0;0;-1
0;306;-49.6175;-58.1764;-26.2898;9.25063;3315.91;5.56227;0;0;0.1;0.01;0;6.29362;0;0;-1
0;307;-51.5418;-39.7113;-26.3432;9.3425;3415.69;5.61751;0;0;0.1;0.01;0;6.00886;0;0;-1
0;308;-52.4103;-23.1171;-27.5492;9.77632;3913.95;5.87836;0;0;0.1;0.01;0;6.5563;0;0;-1
0;309;-50.4825;-7.03585;-27.8087;9.73264;3861.72;5.8521;0;0;0.1;0.01;0;6.60956;0;0;-1
0;310;-53.019;8.65246;-26.3243;8.9409;2993.87;5.37603;0;0;0.1;0.01;0;5.48743;0;0;-1
0;311;-51.1123;26.7882;-24.469;9.14375;3202.3;5.498;0;0;0.1;0.01;0;5.5787;0;0;-1
0;312;-49.9892;45.5111;-24.8757;9.78011;3918.5;5.88064;0;0;0.1;0.01;0;7.33876;0;0;-1
0;313;-50.671;62.487;-25.5814;8.75947;2815.28;5.26694;0;0;0.1;0.01;0;6.08547;0;0;-1
0;314;-51.7963;78.4856;-28.2623;8.72318;2780.44;5.24512;0;0;0.1;0.01;0;2.64968;0;0;-1
0;315;-36.4303;-82.1748;-26.5152;10.3133;4594.96;6.20124;0;0;0.1;0.01;0;6.19594;0;0;-1
0;316;-34.9842;-67.3072;-26.802;8.88636;2939.41;5.34324;0;0;0.1;0.01;0;6.99062;0;0;-1
0;317;-38.3685;-47.1067;-27.1495;10.1598;4392.83;6.10894;0;0;0.1;0.01;0;5.71249;0;0;-1
0;318;-36.0579;-30.0838;-26.0714;9.32899;3400.89;5.60939;0;0;0.1;0.01;0;6.11513;0;0;-1
0;319;-34.6329;-13.7595;-26.8026;8.77558;2830.85;5.27663;0;0;0.1;0.01;0;5.01491;0;0;-1
0;320;-36.5837;4.3157;-27.4476;8.5;2572.44;5.11093;0;0;0.1;0.01;0;4.19336;1;0;-1
0;321;-38.3566;18.5453;-27.4793;9.50184;3593.45;5.71332;0;0;0.1;0.01;0;5.45488;0;0;-1
0;322;-38.245;34.5909;-25.173;8.5;2572.44;5.11093;0;0;0.1;0.01;0;5.50196;1;0;-1
0;323;-37.6474;52.2756;-27.8653;9.223;3286.29;5.54566;0;0;0.1;0.01;0;6.07355;0;0;-1
0;324;-38.2125;67.7236;-25.7625;8.5;2572.44;5.11093;0;0;0.1;0.01;0;4.48551;1;0;-1
0;325;-35.5395;85.8441;-24.9466;10.2803;4550.99;6.1814;0;0;0.1;0.01;0;3.74727;0;0;-1
0;326;-21.7858;-90.7767;-25.2871;10.3383;4628.45;6.21627;0;0;0.1;0.01;0;3.98792;0;0;-1
0;327;-20.581;-73.0894;-27.0243;10.1729;4409.84;6.11682;0;0;0.1;0.01;0;8.27772;0;0;-1
0;328;-20.3462;-59.1613;-26.3111;9.74517;3876.65;5.85963;0;0;0.1;0.01;0;7.26716;0;0;-1
0;329;-22.0189;-40.5874;-26.6594;8.61701;2680.15;5.18128;0;0;0.1;0.01;0;4.98685;0;0;-1
0;330;-21.3629;-21.1048;-24.9728;10.094;4308.03;6.06938;0;0;0.1;0.01;0;6.84151;0;0;-1
0;331;-19.7206;-5.48465;-28.0828;8.5;2572.44;5.11093;0;0;0.1;0.01;0;4.65108;1;0;-1
0;332;-21.3134;11.8091;-25.7703;8.5;2572.44;5.11093;0;0;0.1;0.01;0;4.00242;1;0;-1
0;333;-22.7735;28.7631;-27.7876;8.64731;2708.52;5.1995;0;0;0.1;0.01;0;5.10171;0;0;-1
0;334;-21.2679;44.7712;-27.8835;9.74786;3879.86;5.86125;0;0;0.1;0.01;0;5.84065;0;0;-1
0;335;-21.6921;62.1741;-26.6149;9.66986;3787.47;5.81435;0;0;0.1;0.01;0;6.3396;0;0;-1
0;336;-22.8404;78.7603;-27.9094;9.43208;3514.88;5.67137;0;0;0.1;0.01;0;5.63182;0;0;-1
0;337;-5.94137;-81.2674;-28.6515;9.37792;3454.68;5.63881;0;0;0.1;0.01;0;6.09305;0;0;-1
0;338;-7.90895;-66.6044;-26.3296;9.47884;3567.42;5.69949;0;0;0.1;0.01;0;6.6894;0;0;-1
0;339;-8.5637;-48.5903;-24.3773;9.13807;3196.33;5.49459;0;0;0.1;0.01;0;5.18516;0;0;-1
0;340;-8.20253;-29.6892;-25.5435;8.77274;2828.1;5.27492;0;0;0.1;0.01;0;5.56525;0;0;-1
0;341;-6.01271;-13.3228;-27.8146;9.41095;3491.31;5.65867;0;0;0.1;0.01;0;6.59804;0;0;-1
0;342;-5.49701;1.92868;-27.6447;8.53399;2603.42;5.13136;0;0;0.1;0.01;0;5.7099;0;0;-1
0;343;-6.60939;21.1265;-25.6306;9.60397;3710.57;5.77473;0;0;0.1;0.01;0;6.69837;0;0;-1
0;344;-7.09312;35.4082;-27.0984;9.34522;3418.67;5.61915;0;0;0.1;0.01;0;7.48359;0;0;-1
0;345;-7.9291;51.5139;-26.0263;8.65073;2711.73;5.20156;0;0;0.1;0.01;0;5.61179;0;0;-1
0;346;-9.34509;72.166;-24.4882;8.6207;2683.59;5.1835;0;0;0.1;0.01;0;5.03824;0;0;-1
0;347;-9.10252;88.2455;-25.6691;8.64271;2704.2;5.19674;0;0;0.1;0.01;0;3.9708;0;0;-1
0;348;9.3457;-90.4748;-25.4111;10.3115;4592.55;6.20016;0;0;0.1;0.01;0;4.27686;0;0;-1
0;349;6.59522;-75.7944;-25.3181;9.7822;3921.01;5.88189;0;0;0.1;0.01;0;6.67337;0;0;-1
0;350;9.44427;-58.6612;-25.7689;9.33001;3402;5.61;0;0;0.1;0.01;0;5.80917;0;0;-1
0;351;5.72794;-40.0303;-25.3951;9.62018;3729.39;5.78447;0;0;0.1;0.01;0;6.09785;0;0;-1
0;352;8.26249;-25.521;-26.595;8.72878;2785.8;5.24849;0;0;0.1;0.01;0;5.8602;0;0;-1
0;353;9.0233;-8.765;-27.6985;10.2426;4501.11;6.15873;0;0;0.1;0.01;0;6.79825;0;0;-1
0;354;5.51643;9.9332;-25.5119;9.14542;3204.05;5.49901;0;0;0.1;0.01;0;4.58433;0;0;-1
0;355;9.43386;29.3321;-27.6651;10.081;4291.4;6.06156;0;0;0.1;0.01;0;6.86143;0;0;-1
0;356;6.25175;44.0471;-25.2426;10.3766;4680.09;6.2393;0;0;0.1;0.01;0;7.20127;0;0;-1
0;357;6.86892;63.4107;-24.6209;10.1832;4423.25;6.12301;0;0;0.1;0.01;0;6.80711;0;0;-1
0;358;5.89656;78.2862;-28.0071;9.05381;3108.73;5.44392;0;0;0.1;0.01;0;5.55764;0;0;-1
0;359;8.24466;95.6166;-26.8385;10.0208;4214.98;6.02536;0;0;0.1;0.01;0;2.9975;0;0;-1
0;360;22.5779;-82.3672;-25.2146;9.14669;3205.39;5.49977;0;0;0.1;0.01;0;4.6578;0;0;-1
0;361;23.7027;-65.8952;-25.4729;9.51617;3609.73;5.72193;0;0;0.1;0.01;0;5.43777;0;0;-1
0;362;23.2738;-47.2924;-27.4344;10.114;4333.69;6.0814;0;0;0.1;0.01;0;6.2594;0;0;-1
0;363;22.7928;-31.7622;-26.0441;9.7203;3847.05;5.84468;0;0;0.1;0.01;0;6.89635;0;0;-1
0;364;22.126;-16.09;-25.5852;10.0142;4206.66;6.02139;0;0;0.1;0.01;0;6.72971;0;0;-1
0;365;22.3189;1.01292;-26.8066;9.03568;3090.09;5.43302;0;0;0.1;0.01;0;5.17115;0;0;-1
0;366;23.3865;18.1887;-28.0127;9.62583;3735.97;5.78787;0;0;0.1;0.01;0;6.25429;0;0;-1
0;367;23.2465;34.9355;-27.5197;9.48752;3577.23;5.70471;0;0;0.1;0.01;0;7.42007;0;0;-1
0;368;20.5943;51.1131;-24.5164;9.78732;3927.17;5.88497;0;0;0.1;0.01;0;6.26154;0;0;-1
0;369;20.2895;69.1525;-26.9535;9.41126;3491.66;5.65885;0;0;0.1;0.01;0;5.36216;0;0;-1
0;370;23.3574;84.5729;-24.8022;9.48309;3572.22;5.70204;0;0;0.1;0.01;0;4.90094;0;0;-1
0;371;38.0662;-75.9968;-27.1033;9.08221;3138.07;5.461;0;0;0.1;0.01;0;3.93937;0;0;-1
0;372;35.2265;-56.9155;-27.0409;8.68961;2748.46;5.22494;0;0;0.1;0.01;0;5.60806;0;0;-1
0;373;37.5329;-39.9437;-26.8265;9.92192;4091.44;5.96591;0;0;0.1;0.01;0;7.96796;0;0;-1
0;374;37.6896;-23.1673;-27.6889;9.98008;4163.81;6.00088;0;0;0.1;0.01;0;7.58971;0;0;-1
0;375;37.4568;-7.20838;-24.8397;9.68117;3800.77;5.82115;0;0;0.1;0.01;0;6.56967;0;0;-1
0;376;35.1304;8.91705;-26.7901;8.8148;2868.97;5.30021;0;0;0.1;0.01;0;5.30794;0;0;-1
0;377;37.2278;25.3879;-24.7115;9.96675;4147.15;5.99286;0;0;0.1;0.01;0;6.87921;0;0;-1
0;378;37.0131;42.137;-27.1032;9.84583;3998.03;5.92015;0;0;0.1;0.01;0;6.57867;0;0;-1
0;379;38.449;63.6733;-24.9028;8.5;2572.44;5.11093;0;0;0.1;0.01;0;4.58499;1;0;-1
0;380;36.7496;78.8112;-24.8765;8.5;2572.44;5.11093;0;0;0.1;0.01;0;4.35076;1;0;-1
0;381;50.4366;-66.6492;-24.7855;10.2137;4463.11;6.14135;0;0;0.1;0.01;0;5.56959;0;0;-1
0;382;49.9632;-50.7725;-25.2866;10.1728;4409.71;6.11676;0;0;0.1;0.01;0;6.85155;0;0;-1
0;383;50.072;-33.4178;-25.0312;8.55599;2623.61;5.14459;0;0;0.1;0.01;0;5.20356;0;0;-1
0;384;52.7134;-15.5596;-26.8609;9.21838;3281.35;5.54288;0;0;0.1;0.01;0;6.25784;0;0;-1
0;385;51.8234;1.73571;-28.3346;10.0155;4208.3;6.02217;0;0;0.1;0.01;0;7.16957;0;0;-1
0;386;50.1083;17.7996;-28.5164;9.04577;3100.45;5.43909;0;0;0.1;0.01;0;6.1671;0;0;-1
0;387;50.3055;34.8926;-25.0661;9.38364;3461.01;5.64225;0;0;0.1;0.01;0;5.57714;0;0;-1
0;388;52.979;54.7671;-24.6975;8.65695;2717.59;5.2053;0;0;0.1;0.01;0;4.39644;0;0;-1
0;389;52.2023;72.6241;-26.9438;9.78828;3928.33;5.88555;0;0;0.1;0.01;0;4.37772;0;0;-1
0;390;66.3606;-59.2042;-27.6321;8.99162;3045.11;5.40653;0;0;0.1;0.01;0;4.13102;0;0;-1
0;391;66.6367;-42.2231;-25.0402;8.84857;2902.07;5.32052;0;0;0.1;0.01;0;5.48319;0;0;-1
0;392;67.4822;-23.2457;-24.8712;10.3678;4668.19;6.23401;0;0;0.1;0.01;0;6.53655;0;0;-1
0;393;65.5569;-5.60006;-26.9275;8.9529;3005.94;5.38325;0;0;0.1;0.01;0;6.84097;0;0;-1
0;394;66.5827;9.45278;-25.0947;9.2484;3313.51;5.56093;0;0;0.1;0.01;0;5.8232;0;0;-1
0;395;64.8754;25.4077;-25.6062;9.8348;3984.6;5.91352;0;0;0.1;0.01;0;4.809;0;0;-1
0;396;66.3805;46.5055;-25.9018;10.0347;4232.55;6.03372;0;0;0.1;0.01;0;5.81768;0;0;-1
0;397;65.0727;62.2784;-27.5153;10.0508;4252.95;6.0434;0;0;0.1;0.01;0;4.96942;0;0;-1
0;398;79.416;-51.262;-25.818;10.1042;4321.1;6.07551;0;0;0.1;0.01;0;2.17872;0;0;-1
0;399;81.8833;-34.207;-24.8286;10.2512;4512.45;6.1639;0;0;0.1;0.01;0;3.41471;0;0;-1
0;400;80.7465;-16.8118;-25.3468;8.88357;2936.64;5.34156;0;0;0.1;0.01;0;4.46985;0;0;-1
0;401;79.7985;-0.229703;-26.2419;9.30496;3374.68;5.59494;0;0;0.1;0.01;0;4.87143;0;0;-1
0;402;83.2169;17.7946;-25.2683;9.79833;3940.44;5.89159;0;0;0.1;0.01;0;4.14604;0;0;-1
0;403;79.0985;33.7667;-27.9916;8.5;2572.44;5.11093;0;0;0.1;0.01;0;3.36548;1;0;-1
0;404;79.3731;54.6243;-26.5442;10.3516;4646.34;6.22427;0;0;0.1;0.01;0;2.70794;0;0;-1
0;405;-98.4431;0.959147;-11.8086;10.2755;4544.62;6.17851;0;0;0.1;0.01;0;3.70466;0;0;-1
0;406;-84.2839;-42.0839;-11.2497;9.08598;3141.98;5.46327;0;0;0.1;0.01;0;3.46837;0;0;-1
0;407;-84.375;-23.5364;-10.3085;10.4098;4725.15;6.25926;0;0;0.1;0.01;0;5.70352;0;0;-1
0;408;-85.2163;-7.13568;-12.4872;8.91246;2965.39;5.35893;0;0;0.1;0.01;0;5.26851;0;0;-1
0;409;-83.3465;11.6457;-11.932;10.149;4378.83;6.10245;0;0;0.1;0.01;0;5.92292;0;0;-1
0;410;-84.8147;29.1439;-12.4352;8.5;2572.44;5.11093;0;0;0.1;0.01;0;4.12769;1;0;-1
0;411;-84.0305;42.4983;-11.313;9.39125;3469.44;5.64682;0;0;0.1;0.01;0;4.12644;0;0;-1
0;412;-70.8139;-68.4421;-10.0646;8.78734;2842.24;5.2837;0;0;0.1;0.01;0;2.135;0;0;-1
0;413;-69.228;-49.2675;-11.9923;9.51949;3613.51;5.72393;0;0;0.1;0.01;0;4.76883;0;0;-1
0;414;-69.8896;-32.5576;-10.1357;9.37135;3447.43;5.63486;0;0;0.1;0.01;0;6.79707;0;0;-1
0;415;-72.1631;-15.7375;-11.6938;9.40543;3485.17;5.65535;0;0;0.1;0.01;0;6.58622;0;0;-1
0;416;-70.8007;3.17224;-10.3139;8.76929;2824.76;5.27285;0;0;0.1;0.01;0;6.07248;0;0;-1
0;417;-68.356;17.3741;-12.9523;8.58719;2652.42;5.16335;0;0;0.1;0.01;0;4.93222;0;0;-1
0;418;-69.4913;36.4717;-11.9879;9.59908;3704.91;5.77179;0;0;0.1;0.01;0;6.33916;0;0;-1
0;419;-71.9155;53.7865;-13.0249;8.9755;3028.76;5.39684;0;0;0.1;0.01;0;4.4164;0;0;-1
0;420;-54.2887;-75.132;-9.71979;8.85847;2911.82;5.32647;0;0;0.1;0.01;0;3.81401;0;0;-1
0;421;-56.6156;-58.2367;-12.3478;9.39962;3478.72;5.65186;0;0;0.1;0.01;0;5.38537;0;0;-1
0;422;-57.3282;-39.203;-10.3175;8.57706;2643.04;5.15726;0;0;0.1;0.01;0;5.5666;0;0;-1
0;423;-57.311;-23.9557;-11.8644;8.5;2572.44;5.11093;0;0;0.1;0.01;0;5.49199;1;0;-1
0;424;-55.2374;-7.21818;-11.8106;9.00601;3059.75;5.41518;0;0;0.1;0.01;0;5.50049;0;0;-1
0;425;-54.3076;8.60096;-12.5451;10.0595;4264.01;6.04863;0;0;0.1;0.01;0;5.98804;0;0;-1
0;426;-57.3357;29.7702;-12.8214;8.5;2572.44;5.11093;0;0;0.1;0.01;0;5.63854;1;0;-1
0;427;-55.1146;44.721;-11.8304;9.28257;3350.37;5.58147;0;0;0.1;0.01;0;6.85702;0;0;-1
0;428;-57.949;60.0324;-10.6841;9.74725;3879.14;5.86088;0;0;0.1;0.01;0;5.44997;0;0;-1
0;429;-42.7889;-83.6426;-13.2533;10.0889;4301.5;6.06631;0;0;0.1;0.01;0;4.25762;0;0;-1
0;430;-39.3565;-64.6233;-11.5698;9.79525;3936.73;5.88974;0;0;0.1;0.01;0;5.60927;0;0;-1
0;431;-41.0495;-49.3507;-10.6909;8.52157;2592.07;5.1239;0;0;0.1;0.01;0;5.07854;0;0;-1
0;432;-41.2236;-32.6035;-12.3579;9.80366;3946.87;5.8948;0;0;0.1;0.01;0;6.13931;0;0;-1
0;433;-42.0819;-14.3464;-13.52;10.014;4206.41;6.02127;0;0;0.1;0.01;0;6.08398;0;0;-1
0;434;-40.9237;3.07076;-10.7868;9.48602;3575.53;5.70381;0;0;0.1;0.01;0;5.77018;0;0;-1
0;435;-39.4017;20.0885;-11.2082;10.0097;4200.99;6.01869;0;0;0.1;0.01;0;6.27751;0;0;-1
0;436;-42.1291;36.9082;-13.1711;9.33057;3402.62;5.61034;0;0;0.1;0.01;0;7.20126;0;0;-1
0;437;-42.6547;52.217;-12.63;8.5;2572.44;5.11093;0;0;0.1;0.01;0;5.05122;1;0;-1
0;438;-43.0092;70.6875;-12.5541;8.74544;2801.78;5.25851;0;0;0.1;0.01;0;4.72235;0;0;-1
0;439;-43.2544;85.1304;-13.3302;8.5;2572.44;5.11093;0;0;0.1;0.01;0;3.42581;1;0;-1
0;440;-27.8993;-93.1822;-13.0857;9.62079;3730.1;5.78484;0;0;0.1;0.01;0;4.31782;0;0;-1
0;441;-28.1462;-76.8707;-13.0041;10.1441;4372.49;6.0995;0;0;0.1;0.01;0;7.05524;0;0;-1
0;442;-24.6948;-56.5731;-12.2864;10.3899;4698.1;6.2473;0;0;0.1;0.01;0;7.30647;0;0;-1
0;443;-27.3671;-41.7558;-10.1874;10.4383;4764.07;6.2764;0;0;0.1;0.01;0;7.63235;0;0;-1
0;444;-26.6319;-22.287;-11.8634;10.2193;4470.46;6.14472;0;0;0.1;0.01;0;6.6489;0;0;-1
0;445;-24.9547;-7.30594;-10.3169;8.54228;2611.02;5.13635;0;0;0.1;0.01;0;4.69707;0;0;-1
0;446;-25.1394;9.14712;-10.2538;9.43114;3513.83;5.67081;0;0;0.1;0.01;0;5.17505;0;0;-1
0;447;-27.4341;28.4675;-10.5822;10.2555;4518.13;6.16648;0;0;0.1;0.01;0;6.1512;0;0;-1
0;448;-28.31;42.9595;-10.7754;9.06343;3118.65;5.44971;0;0;0.1;0.01;0;5.62668;0;0;-1
0;449;-24.4422;59.0745;-12.8452;8.80537;2859.77;5.29454;0;0;0.1;0.01;0;4.53463;0;0;-1
0;450;-24.7747;77.6987;-12.2499;9.85517;4009.41;5.92577;0;0;0.1;0.01;0;6.45353;0;0;-1
0;451;-24.8577;94.6712;-14.014;10.1999;4445.05;6.13305;0;0;0.1;0.01;0;3.54474;0;0;-1
0;452;-13.5483;-83.3053;-11.0922;8.5;2572.44;5.11093;0;0;0.1;0.01;0;4.4535;1;0;-1
0;453;-12.7709;-65.4526;-13.2557;8.5;2572.44;5.11093;0;0;0.1;0.01;0;5.52545;1;0;-1
0;454;-12.6932;-48.4377;-9.71029;9.49539;3586.14;5.70944;0;0;0.1;0.01;0;6.60648;0;0;-1
0;455;-11.4467;-32.365;-11.7592;10.4018;4714.27;6.25445;0;0;0.1;0.01;0;7.25756;0;0;-1
0;456;-10.398;-14.2724;-10.7227;8.5;2572.44;5.11093;0;0;0.1;0.01;0;6.06034;1;0;-1
0;457;-10.7171;0.96241;-11.6058;10.2021;4447.92;6.13437;0;0;0.1;0.01;0;7.16016;0;0;-1
0;458;-10.7302;16.971;-11.6228;9.08701;3143.05;5.46389;0;0;0.1;0.01;0;5.76823;0;0;-1
0;459;-11.5913;34.2417;-12.5395;8.56015;2627.44;5.14709;0;0;0.1;0.01;0;4.61854;0;0;-1
0;460;-10.358;50.9685;-10.6111;8.54843;2616.66;5.14005;0;0;0.1;0.01;0;5.22051;0;0;-1
0;461;-10.5243;67.4192;-11.6305;9.0735;3129.05;5.45576;0;0;0.1;0.01;0;5.91037;0;0;-1
0;462;-11.7013;87.2564;-12.4343;8.5;2572.44;5.11093;0;0;0.1;0.01;0;4.7946;1;0;-1
0;463;4.39408;-91.5515;-10.5869;8.69412;2752.74;5.22765;0;0;0.1;0.01;0;3.76553;0;0;-1
0;464;1.54602;-75.995;-12.1253;8.5;2572.44;5.11093;0;0;0.1;0.01;0;5.49059;1;0;-1
0;465;1.34882;-59.4753;-12.857;8.86284;2916.13;5.3291;0;0;0.1;0.01;0;6.06323;0;0;-1
0;466;1.68288;-41.2643;-12.623;9.63019;3741.05;5.79049;0;0;0.1;0.01;0;6.53639;0;0;-1
0;467;1.26763;-21.5669;-10.4672;9.21799;3280.93;5.54264;0;0;0.1;0.01;0;6.60786;0;0;-1
0;468;1.59238;-7.44577;-12.1284;8.63646;2698.34;5.19298;0;0;0.1;0.01;0;6.12607;0;0;-1
0;469;3.28068;8.17455;-12.2787;10.1133;4332.79;6.08098;0;0;0.1;0.01;0;6.21187;0;0;-1
0;470;3.18972;25.1319;-13.556;9.05314;3108.04;5.44352;0;0;0.1;0.01;0;4.72383;0;0;-1
0;471;1.98545;43.7637;-10.4971;9.3009;3370.26;5.5925;0;0;0.1;0.01;0;5.578;0;0;-1
0;472;2.33342;59.5237;-10.7516;9.45512;3540.71;5.68523;0;0;0.1;0.01;0;6.58716;0;0;-1
0;473;2.70855;76.7496;-10.3943;8.91847;2971.39;5.36255;0;0;0.1;0.01;0;6.03294;0;0;-1
0;474;3.09408;94.0424;-11.4656;10.2647;4530.3;6.17202;0;0;0.1;0.01;0;4.45867;0;0;-1
0;475;18.8168;-85.1771;-10.5347;9.35595;3430.46;5.6256;0;0;0.1;0.01;0;5.80034;0;0;-1
0;476;16.0703;-68.189;-10.5146;9.47166;3559.32;5.69517;0;0;0.1;0.01;0;6.35449;0;0;-1
0;477;15.9666;-51.4692;-9.87591;9.86583;4022.44;5.93218;0;0;0.1;0.01;0;5.7799;0;0;-1
0;478;15.523;-33.3882;-10.5201;9.65096;3765.3;5.80298;0;0;0.1;0.01;0;5.74277;0;0;-1
0;479;16.0346;-16.2995;-11.4678;8.57311;2639.39;5.15489;0;0;0.1;0.01;0;5.90866;0;0;-1
0;480;16.4155;1.11859;-11.4569;9.38448;3461.94;5.64275;0;0;0.1;0.01;0;5.57958;0;0;-1
0;481;19.4889;20.9004;-10.8782;9.88972;4051.73;5.94655;0;0;0.1;0.01;0;6.04907;0;0;-1
0;482;19.6224;38.1888;-13.1666;8.5;2572.44;5.11093;0;0;0.1;0.01;0;5.08463;1;0;-1
0;483;18.1862;54.5328;-11.4686;8.5;2572.44;5.11093;0;0;0.1;0.01;0;4.9313;1;0;-1
0;484;17.3052;71.4372;-10.3216;10.3965;4707.06;6.25126;0;0;0.1;0.01;0;7.11154;0;0;-1
0;485;15.6985;84.9737;-12.5715;8.5;2572.44;5.11093;0;0;0.1;0.01;0;5.45178;1;0;-1
0;486;31.9468;-93.7244;-12.0437;8.83098;2884.8;5.30994;0;0;0.1;0.01;0;1.85776;0;0;-1
0;487;33.3615;-76.6519;-12.3266;9.41174;3492.19;5.65914;0;0;0.1;0.01;0;5.65187;0;0;-1
0;488;32.8884;-55.3917;-10.3535;9.45135;3536.47;5.68296;0;0;0.1;0.01;0;4.99236;0;0;-1
0;489;34.1665;-38.8932;-10.1219;9.62386;3733.67;5.78669;0;0;0.1;0.01;0;6.14294;0;0;-1
0;490;31.2313;-21.3584;-12.2809;9.89423;4057.28;5.94926;0;0;0.1;0.01;0;7.10778;0;0;-1
0;491;33.1375;-6.33877;-10.781;8.88235;2935.43;5.34083;0;0;0.1;0.01;0;5.56167;0;0;-1
0;492;33.4992;11.7959;-12.9121;10.3784;4682.52;6.24038;0;0;0.1;0.01;0;7.01892;0;0;-1
0;493;31.4719;29.0512;-10.8352;9.24443;3309.25;5.55854;0;0;0.1;0.01;0;6.82134;0;0;-1
0;494;33.5322;46.2615;-13.2522;9.56238;3662.58;5.74972;0;0;0.1;0.01;0;5.98902;0;0;-1
0;495;32.7909;63.4844;-10.3682;8.6173;2680.42;5.18146;0;0;0.1;0.01;0;5.98502;0;0;-1
0;496;32.2642;79.3799;-10.1251;10.0567;4260.45;6.04695;0;0;0.1;0.01;0;6.38629;0;0;-1
0;497;45.9676;-82.9381;-10.794;8.5;2572.44;5.11093;0;0;0.1;0.01;0;4.15512;1;0;-1
0;498;48.1318;-67.89;-11.4523;9.53328;3629.24;5.73222;0;0;0.1;0.01;0;6.01259;0;0;-1
0;499;47.7007;-47.7301;-11.9649;9.34097;3414.01;5.61659;0;0;0.1;0.01;0;6.11463;0;0;-1
0;500;48.6168;-31.704;-12.5268;9.05733;3112.36;5.44604;0;0;0.1;0.01;0;5.54061;0;0;-1
0;501;45.5569;-14.738;-10.9504;9.15165;3210.6;5.50275;0;0;0.1;0.01;0;6.26687;0;0;-1
0;502;46.594;0.436723;-11.0247;10.1585;4391.14;6.10816;0;0;0.1;0.01;0;7.44484;0;0;-1
0;503;47.7367;18.1155;-13.4344;10.1742;4411.53;6.1176;0;0;0.1;0.01;0;7.74591;0;0;-1
0;504;47.9007;34.6514;-10.5413;9.51622;3609.79;5.72196;0;0;0.1;0.01;0;6.4279;0;0;-1
0;505;45.9427;55.1961;-12.4993;8.5;2572.44;5.11093;0;0;0.1;0.01;0;5.01823;1;0;-1
0;506;46.2863;68.4964;-10.0111;9.24156;3306.16;5.55682;0;0;0.1;0.01;0;6.16839;0;0;-1
0;507;47.6972;85.644;-13.0969;8.6403;2701.94;5.19529;0;0;0.1;0.01;0;2.3376;0;0;-1
0;508;61.0948;-74.2491;-11.2908;10.3036;4582.01;6.19541;0;0;0.1;0.01;0;3.19838;0;0;-1
0;509;60.3095;-56.0677;-13.2988;9.61516;3723.56;5.78146;0;0;0.1;0.01;0;6.39347;0;0;-1
0;510;61.4409;-42.1458;-11.6167;9.39919;3478.24;5.6516;0;0;0.1;0.01;0;6.41342;0;0;-1
0;511;62.5779;-25.7833;-11.8617;9.28468;3352.66;5.58274;0;0;0.1;0.01;0;5.84304;0;0;-1
0;512;62.7408;-7.64929;-11.5025;9.83406;3983.7;5.91308;0;0;0.1;0.01;0;6.46826;0;0;-1
0;513;60.7365;9.37686;-12.8111;10.2245;4477.29;6.14784;0;0;0.1;0.01;0;6.65729;0;0;-1
0;514;61.9712;28.7551;-10.2236;9.92591;4096.37;5.96831;0;0;0.1;0.01;0;6.30892;0;0;-1
0;515;62.67;45.9877;-11.1263;9.50542;3597.51;5.71547;0;0;0.1;0.01;0;5.70532;0;0;-1
0;516;63.2352;63.5899;-10.8027;10.0981;4313.28;6.07184;0;0;0.1;0.01;0;5.33272;0;0;-1
0;517;61.0481;77.9222;-13.7934;8.90529;2958.24;5.35462;0;0;0.1;0.01;0;2.77285;0;0;-1
0;518;77.6034;-47.5291;-10.8086;8.5;2572.44;5.11093;0;0;0.1;0.01;0;3.89265;1;0;-1
0;519;77.3312;-30.0344;-11.2409;8.60685;2670.68;5.17517;0;0;0.1;0.01;0;5.62958;0;0;-1
0;520;75.297;-14.4416;-10.851;10.4528;4783.95;6.28512;0;0;0.1;0.01;0;7.80097;0;0;-1
0;521;74.94;1.11855;-10.9926;8.5;2572.44;5.11093;0;0;0.1;0.01;0;6.16556;1;0;-1
0;522;76.6077;18.0098;-13.3362;8.69993;2758.26;5.23114;0;0;0.1;0.01;0;5.75;0;0;-1
0;523;75.0667;34.8534;-12.7123;8.5;2572.44;5.11093;0;0;0.1;0.01;0;5.25459;1;0;-1
0;524;75.3398;51.4831;-10.228;9.24246;3307.13;5.55736;0;0;0.1;0.01;0;5.72126;0;0;-1
0;525;89.5812;-22.1764;-11.958;8.5;2572.44;5.11093;0;0;0.1;0.01;0;3.79154;1;0;-1
0;526;90.0707;-4.24959;-10.1465;9.67018;3787.85;5.81454;0;0;0.1;0.01;0;4.11967;0;0;-1
0;527;89.5542;12.0104;-11.021;8.94815;3001.15;5.38039;0;0;0.1;0.01;0;4.80489;0;0;-1
0;528;89.4281;27.028;-11.2008;8.57982;2645.59;5.15892;0;0;0.1;0.01;0;4.51515;0;0;-1
0;529;89.237;43.5644;-9.84547;10.0381;4236.85;6.03576;0;0;0.1;0.01;0;3.29349;0;0;-1
0;530;-93.9386;-16.5784;2.39758;9.45997;3546.16;5.68814;0;0;0.1;0.01;0;3.16999;0;0;-1
0;531;-95.6856;2.7291;3.4305;9.65336;3768.11;5.80443;0;0;0.1;0.01;0;3.78373;0;0;-1
0;532;-95.9072;18.6888;2.16075;10.2032;4449.36;6.13504;0;0;0.1;0.01;0;3.23783;0;0;-1
0;533;-79.6762;-55.9206;3.02962;8.5;2572.44;5.11093;0;0;0.1;0.01;0;2.64088;1;0;-1
0;534;-82.6275;-41.5228;4.68163;9.80047;3943.02;5.89288;0;0;0.1;0.01;0;4.17459;0;0;-1
0;535;-80.5994;-23.2244;2.96796;9.80139;3944.13;5.89343;0;0;0.1;0.01;0;6.45369;0;0;-1
0;536;-79.8675;-6.13649;3.72639;9.46528;3552.13;5.69134;0;0;0.1;0.01;0;5.92448;0;0;-1
0;537;-81.7977;10.3528;2.71445;8.90491;2957.86;5.35439;0;0;0.1;0.01;0;4.70799;0;0;-1
0;538;-80.5974;25.4929;1.2042;8.5;2572.44;5.11093;0;0;0.1;0.01;0;3.69532;1;0;-1
0;539;-82.6782;44.0755;2.76821;10.2457;4505.19;6.16059;0;0;0.1;0.01;0;4.42352;0;0;-1
0;540;-78.9047;61.128;3.37488;9.4202;3501.62;5.66423;0;0;0.1;0.01;0;2.55926;0;0;-1
0;541;-63.8857;-65.5046;1.6801;8.86781;2921.04;5.33209;0;0;0.1;0.01;0;4.00866;0;0;-1
0;542;-64.2777;-47.2873;4.39848;10.2617;4526.33;6.17021;0;0;0.1;0.01;0;6.23396;0;0;-1
0;543;-68.3964;-33.0514;3.55281;8.92266;2975.58;5.36507;0;0;0.1;0.01;0;5.75692;0;0;-1
0;544;-67.7981;-14.8219;1.72356;10.4365;4761.6;6.27532;0;0;0.1;0.01;0;6.92608;0;0;-1
0;545;-67.1945;0.399048;3.73599;10.3306;4618.12;6.21164;0;0;0.1;0.01;0;6.93356;0;0;-1
0;546;-64.7305;17.1295;3.36657;10.4477;4776.95;6.28205;0;0;0.1;0.01;0;6.01956;0;0;-1
0;547;-65.1788;36.5244;3.09731;10.4249;4745.74;6.26834;0;0;0.1;0.01;0;6.60397;0;0;-1
0;548;-65.5672;52.0312;3.22872;9.47993;3568.65;5.70014;0;0;0.1;0.01;0;5.4792;0;0;-1
0;549;-64.9439;70.411;3.16691;8.5;2572.44;5.11093;0;0;0.1;0.01;0;2.34946;1;0;-1
0;550;-49.9072;-75.3328;3.24245;8.5823;2647.89;5.16041;0;0;0.1;0.01;0;5.00682;0;0;-1
0;551;-50.3439;-59.3893;4.2109;8.71413;2771.79;5.23968;0;0;0.1;0.01;0;5.50619;0;0;-1
0;552;-50.9522;-42.3317;3.33693;8.72965;2786.63;5.24901;0;0;0.1;0.01;0;5.46146;0;0;-1
0;553;-52.1163;-24.4704;3.65691;8.58632;2651.61;5.16283;0;0;0.1;0.01;0;4.18527;0;0;-1
0;554;-49.6383;-5.37807;2.14786;8.5;2572.44;5.11093;0;0;0.1;0.01;0;4.35521;1;0;-1
0;555;-52.3021;10.0573;3.74964;8.5;2572.44;5.11093;0;0;0.1;0.01;0;4.98641;1;0;-1
0;556;-52.7563;25.8389;2.69982;8.5;2572.44;5.11093;0;0;0.1;0.01;0;5.48574;1;0;-1
0;557;-50.2704;42.985;5.11609;9.8444;3996.28;5.91929;0;0;0.1;0.01;0;5.97209;0;0;-1
0;558;-50.7518;63.4624;1.83541;9.04923;3104.01;5.44117;0;0;0.1;0.01;0;5.21369;0;0;-1
0;559;-51.4547;78.1205;1.28398;9.76208;3896.87;5.8698;0;0;0.1;0.01;0;4.43797;0;0;-1
0;560;-34.9784;-84.0148;3.44327;9.36644;3442.01;5.6319;0;0;0.1;0.01;0;5.15539;0;0;-1
0;561;-38.5027;-67.3839;3.24984;9.15764;3216.91;5.50636;0;0;0.1;0.01;0;5.35534;0;0;-1
0;562;-36.7001;-50.3914;4.12618;8.5;2572.44;5.11093;0;0;0.1;0.01;0;5.17333;1;0;-1
0;563;-35.8326;-32.6226;2.67687;9.95707;4135.07;5.98704;0;0;0.1;0.01;0;6.05465;0;0;-1
0;564;-38.0801;-14.0855;3.15531;8.97516;3028.41;5.39663;0;0;0.1;0.01;0;4.98413;0;0;-1
0;565;-36.6335;3.18028;4.03621;8.90095;2953.91;5.35201;0;0;0.1;0.01;0;5.85668;0;0;-1
0;566;-38.1401;19.9766;2.91856;10.1518;4382.46;6.10413;0;0;0.1;0.01;0;6.86676;0;0;-1
0;567;-38.1982;36.3037;1.02422;8.89588;2948.87;5.34896;0;0;0.1;0.01;0;5.93301;0;0;-1
0;568;-35.4149;50.8407;2.86247;9.82839;3976.82;5.90967;0;0;0.1;0.01;0;5.01354;0;0;-1
0;569;-35.7462;71.7399;1.34085;10.4423;4769.55;6.2788;0;0;0.1;0.01;0;6.28759;0;0;-1
0;570;-35.3286;87.8912;3.2897;9.58234;3685.56;5.76172;0;0;0.1;0.01;0;5.1451;0;0;-1
0;571;-20.7801;-93.6551;1.60466;9.51832;3612.18;5.72323;0;0;0.1;0.01;0;4.3126;0;0;-1
0;572;-20.565;-76.608;4.59124;8.53528;2604.61;5.13214;0;0;0.1;0.01;0;5.26474;0;0;-1
0;573;-23.6212;-57.6406;1.53881;9.2155;3278.27;5.54115;0;0;0.1;0.01;0;6.00414;0;0;-1
0;574;-23.2223;-40.3603;2.14176;9.25268;3318.11;5.5635;0;0;0.1;0.01;0;6.41809;0;0;-1
0;575;-21.1675;-23.0824;3.56912;8.5;2572.44;5.11093;0;0;0.1;0.01;0;5.39896;1;0;-1
0;576;-20.5804;-5.19064;3.33778;8.55675;2624.31;5.14505;0;0;0.1;0.01;0;6.16161;0;0;-1
0;577;-20.1931;9.99187;4.07364;10.1133;4332.79;6.08098;0;0;0.1;0.01;0;6.89969;0;0;-1
0;578;-23.9413;27.5225;1.88408;8.5874;2652.61;5.16348;0;0;0.1;0.01;0;3.99274;0;0;-1
0;579;-19.9314;46.9961;1.83171;9.19996;3261.72;5.5318;0;0;0.1;0.01;0;4.54656;0;0;-1
0;580;-22.032;63.3248;2.1666;9.89483;4058.01;5.94962;0;0;0.1;0.01;0;6.65827;0;0;-1
0;581;-22.1873;77.5563;1.9075;9.60554;3712.39;5.77567;0;0;0.1;0.01;0;6.19858;0;0;-1
0;582;-23.3689;96.2357;1.35692;9.90756;4073.7;5.95727;0;0;0.1;0.01;0;3.42009;0;0;-1
0;583;-7.07088;-98.9485;0.929595;10.0776;4287.06;6.05951;0;0;0.1;0.01;0;2.97465;0;0;-1
0;584;-5.64557;-81.0555;3.71054;8.73414;2790.93;5.25171;0;0;0.1;0.01;0;5.62632;0;0;-1
0;585;-9.08135;-66.6471;2.77167;10.3839;4689.97;6.24369;0;0;0.1;0.01;0;5.75182;0;0;-1
0;586;-7.63142;-49.2541;2.31164;8.64791;2709.08;5.19986;0;0;0.1;0.01;0;5.09543;0;0;-1
0;587;-7.46506;-29.9747;2.51522;9.4445;3528.79;5.67884;0;0;0.1;0.01;0;6.35236;0;0;-1
0;588;-8.78222;-14.1927;3.11786;9.71029;3835.18;5.83866;0;0;0.1;0.01;0;6.87946;0;0;-1
0;589;-7.88721;1.80781;3.77417;8.5;2572.44;5.11093;0;0;0.1;0.01;0;5.89947;1;0;-1
0;590;-6.29771;17.3615;1.3454;8.51996;2590.61;5.12293;0;0;0.1;0.01;0;5.931;0;0;-1
0;591;-6.16413;34.6535;3.70273;9.22465;3288.05;5.54665;0;0;0.1;0.01;0;5.50868;0;0;-1
0;592;-5.76178;51.8011;3.5393;8.5;2572.44;5.11093;0;0;0.1;0.01;0;5.86922;1;0;-1
0;593;-7.56803;71.7863;2.33118;10.3283;4615.04;6.21026;0;0;0.1;0.01;0;6.85533;0;0;-1
0;594;-9.2091;88.38;3.67977;9.77079;3907.31;5.87503;0;0;0.1;0.01;0;4.9748;0;0;-1
0;595;8.0411;-92.1695;3.10315;8.71605;2773.63;5.24083;0;0;0.1;0.01;0;4.70886;0;0;-1
0;596;8.63604;-76.091;1.82841;9.61678;3725.44;5.78243;0;0;0.1;0.01;0;7.04036;0;0;-1
0;597;5.95327;-58.9246;1.68591;10.096;4310.59;6.07058;0;0;0.1;0.01;0;6.92047;0;0;-1
0;598;7.03771;-42.7399;3.5887;9.83689;3987.15;5.91478;0;0;0.1;0.01;0;6.72603;0;0;-1
0;599;7.54348;-24.9357;1.84698;9.5353;3631.55;5.73344;0;0;0.1;0.01;0;6.50648;0;0;-1
0;600;9.3584;-8.46157;4.4427;10.1237;4346.17;6.08723;0;0;0.1;0.01;0;5.93032;0;0;-1
0;601;5.7336;10.4494;2.77641;8.89902;2951.99;5.35085;0;0;0.1;0.01;0;4.95904;0;0;-1
0;602;7.6265;25.4211;2.12184;9.91149;4078.55;5.95964;0;0;0.1;0.01;0;6.08804;0;0;-1
0;603;8.38397;44.0626;2.35227;8.5;2572.44;5.11093;0;0;0.1;0.01;0;5.04514;1;0;-1
0;604;6.90633;60.3884;1.62304;8.5;2572.44;5.11093;0;0;0.1;0.01;0;5.65785;1;0;-1
0;605;8.80161;76.5045;2.67445;8.62821;2690.61;5.18802;0;0;0.1;0.01;0;5.7984;0;0;-1
0;606;5.61251;97.9054;1.52365;9.70502;3828.93;5.83549;0;0;0.1;0.01;0;2.82574;0;0;-1
0;607;20.4527;-85.2913;2.1768;8.5;2572.44;5.11093;0;0;0.1;0.01;0;4.15166;1;0;-1
0;608;23.7045;-66.3231;2.73838;10.1485;4378.19;6.10215;0;0;0.1;0.01;0;5.92136;0;0;-1
0;609;22.3812;-47.3554;4.38721;8.61569;2678.91;5.18049;0;0;0.1;0.01;0;4.58282;0;0;-1
0;610;21.7439;-31.0846;1.47989;8.5;2572.44;5.11093;0;0;0.1;0.01;0;5.78963;1;0;-1
0;611;21.4289;-14.7079;1.50148;8.5;2572.44;5.11093;0;0;0.1;0.01;0;5.46774;1;0;-1
0;612;23.204;4.33733;1.19634;9.49255;3582.92;5.70773;0;0;0.1;0.01;0;5.44821;0;0;-1
0;613;23.3918;20.8334;4.67422;9.56391;3664.33;5.75064;0;0;0.1;0.01;0;6.83809;0;0;-1
0;614;21.9833;37.2978;4.96348;8.5;2572.44;5.11093;0;0;0.1;0.01;0;5.66013;1;0;-1
0;615;22.7748;51.4217;3.72148;9.88732;4048.78;5.9451;0;0;0.1;0.01;0;6.64367;0;0;-1
0;616;21.1338;67.7546;1.65439;9.16445;3224.09;5.51045;0;0;0.1;0.01;0;5.95808;0;0;-1
0;617;21.4062;89.4967;1.13838;10.1186;4339.6;6.08417;0;0;0.1;0.01;0;4.0435;0;0;-1
0;618;38.041;-75.9273;1.6596;9.44408;3528.32;5.67859;0;0;0.1;0.01;0;6.03039;0;0;-1
0;619;38.5538;-59.599;4.02255;8.64248;2703.98;5.1966;0;0;0.1;0.01;0;5.22545;0;0;-1
0;620;34.903;-40.1482;3.41576;8.9796;3032.91;5.3993;0;0;0.1;0.01;0;5.44926;0;0;-1
0;621;35.0463;-25.7248;1.20297;9.54414;3641.66;5.73875;0;0;0.1;0.01;0;6.10604;0;0;-1
0;622;38.0187;-8.85024;4.48199;9.35846;3433.22;5.62711;0;0;0.1;0.01;0;6.01252;0;0;-1
0;623;37.2365;9.08758;1.45392;9.51894;3612.89;5.7236;0;0;0.1;0.01;0;5.74764;0;0;-1
0;624;36.664;27.2511;2.87299;9.98295;4167.4;6.0026;0;0;0.1;0.01;0;6.51459;0;0;-1
0;625;35.9313;44.5356;1.21503;10.3932;4702.58;6.24928;0;0;0.1;0.01;0;6.87828;0;0;-1
0;626;36.1001;62.7068;3.82948;10.293;4567.88;6.18903;0;0;0.1;0.01;0;7.82352;0;0;-1
0;627;37.6627;80.005;2.52665;10.395;4705.03;6.25036;0;0;0.1;0.01;0;5.13869;0;0;-1
0;628;50.8435;-83.532;2.89414;8.5;2572.44;5.11093;0;0;0.1;0.01;0;2.98845;1;0;-1
0;629;52.1822;-64.6097;4.04644;9.83279;3982.16;5.91231;0;0;0.1;0.01;0;5.58581;0;0;-1
0;630;50.3215;-48.4687;3.26053;10.1367;4362.93;6.09505;0;0;0.1;0.01;0;6.36275;0;0;-1
0;631;53.4023;-33.6522;4.79515;8.5;2572.44;5.11093;0;0;0.1;0.01;0;5.81234;1;0;-1
0;632;51.3841;-15.8273;2.99652;8.60239;2666.53;5.17249;0;0;0.1;0.01;0;5.11912;0;0;-1
0;633;52.1596;1.13644;2.46418;8.51441;2585.55;5.11959;0;0;0.1;0.01;0;5.43489;0;0;-1
0;634;52.375;17.0463;1.66692;9.47502;3563.11;5.69719;0;0;0.1;0.01;0;7.31264;0;0;-1
0;635;50.1843;34.3879;2.7354;9.80689;3950.78;5.89674;0;0;0.1;0.01;0;6.23382;0;0;-1
0;636;51.3798;54.6303;4.704;8.5;2572.44;5.11093;0;0;0.1;0.01;0;5.01734;1;0;-1
0;637;50.0078;67.7095;3.2663;9.09874;3155.24;5.47094;0;0;0.1;0.01;0;4.69888;0;0;-1
0;638;68.0568;-56.0603;4.68137;9.91865;4087.39;5.96394;0;0;0.1;0.01;0;4.38929;0;0;-1
0;639;67.5934;-39.0451;2.40268;9.67029;3787.97;5.81461;0;0;0.1;0.01;0;7.09055;0;0;-1
0;640;64.7274;-24.1632;3.89886;8.59961;2663.94;5.17082;0;0;0.1;0.01;0;5.67692;0;0;-1
0;641;67.8232;-6.65644;4.42649;8.5;2572.44;5.11093;0;0;0.1;0.01;0;4.86781;1;0;-1
0;642;65.6276;12.201;3.83539;10.2544;4516.68;6.16582;0;0;0.1;0.01;0;6.72046;0;0;-1
0;643;65.4876;25.9339;3.94078;8.5;2572.44;5.11093;0;0;0.1;0.01;0;6.09776;1;0;-1
0;644;66.9153;44.3133;4.3574;9.40417;3483.77;5.65459;0;0;0.1;0.01;0;5.69917;0;0;-1
0;645;67.4245;60.1766;4.32316;9.78995;3930.34;5.88655;0;0;0.1;0.01;0;4.46717;0;0;-1
0;646;82.3294;-47.3926;5.10654;9.16647;3226.23;5.51167;0;0;0.1;0.01;0;3.67619;0;0;-1
0;647;82.1698;-33.1098;3.18249;10.4059;4719.84;6.25692;0;0;0.1;0.01;0;5.82298;0;0;-1
0;648;81.3957;-15.7974;3.84012;9.58771;3691.76;5.76495;0;0;0.1;0.01;0;6.48816;0;0;-1
0;649;79.7732;0.0579201;1.87966;9.17655;3236.88;5.51773;0;0;0.1;0.01;0;5.72822;0;0;-1
0;650;80.9761;18.2549;2.4411;9.17519;3235.44;5.51691;0;0;0.1;0.01;0;6.6435;0;0;-1
0;651;82.5341;36.1028;4.09063;10.3563;4652.67;6.22709;0;0;0.1;0.01;0;5.55348;0;0;-1
0;652;82.8041;55.3001;4.89397;9.98006;4163.78;6.00087;0;0;0.1;0.01;0;2.84918;0;0;-1
0;653;95.8394;-23.3882;2.10129;10.372;4673.86;6.23653;0;0;0.1;0.01;0;3.62795;0;0;-1
0;654;96.3607;-7.56539;4.22338;9.30892;3378.99;5.59732;0;0;0.1;0.01;0;3.40605;0;0;-1
0;655;94.525;12.1149;1.9332;9.59168;3696.35;5.76734;0;0;0.1;0.01;0;4.213;0;0;-1
0;656;94.3129;26.632;4.47619;10.0281;4224.2;6.02975;0;0;0.1;0.01;0;4.46444;0;0;-1
0;657;-86.834;-40.7511;19.2015;10.0139;4206.28;6.02121;0;0;0.1;0.01;0;3.22298;0;0;-1
0;658;-85.0795;-21.1792;18.559;9.39531;3473.94;5.64926;0;0;0.1;0.01;0;3.28308;0;0;-1
0;659;-84.876;-4.98788;19.2708;9.9256;4095.99;5.96812;0;0;0.1;0.01;0;4.60397;0;0;-1
0;660;-86.6508;10.4792;17.1915;9.41782;3498.97;5.6628;0;0;0.1;0.01;0;4.71374;0;0;-1
0;661;-85.7233;27.1086;18.3054;8.5;2572.44;5.11093;0;0;0.1;0.01;0;3.21816;1;0;-1
0;662;-84.2571;45.326;18.9284;8.68184;2741.09;5.22026;0;0;0.1;0.01;0;2.72929;0;0;-1
0;663;-72.1113;-63.6429;19.841;9.46219;3548.65;5.68948;0;0;0.1;0.01;0;3.3553;0;0;-1
0;664;-70.8129;-48.5613;16.6743;9.04696;3101.68;5.43981;0;0;0.1;0.01;0;6.11138;0;0;-1
0;665;-68.9847;-33.872;19.1911;8.5;2572.44;5.11093;0;0;0.1;0.01;0;5.4675;1;0;-1
0;666;-71.959;-13.1853;19.017;9.90376;4069.01;5.95499;0;0;0.1;0.01;0;7.23503;0;0;-1
0;667;-69.388;2.17504;19.7095;9.7357;3865.36;5.85394;0;0;0.1;0.01;0;6.93318;0;0;-1
0;668;-70.247;18.6403;19.2997;9.64972;3763.85;5.80224;0;0;0.1;0.01;0;5.80104;0;0;-1
0;669;-70.2959;34.2556;16.7419;8.77909;2834.24;5.27874;0;0;0.1;0.01;0;4.32532;0;0;-1
0;670;-70.2553;52.8814;16.2681;8.5;2572.44;5.11093;0;0;0.1;0.01;0;3.91647;1;0;-1
0;671;-58.0227;-74.9481;17.118;10.065;4271;6.05194;0;0;0.1;0.01;0;4.51504;0;0;-1
0;672;-57.5028;-58.6547;18.7029;9.47117;3558.77;5.69488;0;0;0.1;0.01;0;6.43713;0;0;-1
0;673;-56.2019;-39.5351;17.459;10.2399;4497.55;6.1571;0;0;0.1;0.01;0;7.40193;0;0;-1
0;674;-57.0833;-23.2721;16.9179;8.9323;2985.23;5.37086;0;0;0.1;0.01;0;5.7335;0;0;-1
0;675;-55.186;-6.46218;16.0514;9.97374;4155.88;5.99707;0;0;0.1;0.01;0;6.24359;0;0;-1
0;676;-57.1292;8.61688;17.4072;8.70387;2762.01;5.23351;0;0;0.1;0.01;0;5.38456;0;0;-1
0;677;-55.382;26.7737;16.7925;9.65507;3770.12;5.80545;0;0;0.1;0.01;0;5.71004;0;0;-1
0;678;-54.9715;46.901;18.9435;8.5;2572.44;5.11093;0;0;0.1;0.01;0;4.35125;1;0;-1
0;679;-53.9864;61.9368;18.28;8.67427;2733.93;5.21571;0;0;0.1;0.01;0;3.80742;0;0;-1
0;680;-53.7959;78.048;19.6611;9.60026;3706.27;5.7725;0;0;0.1;0.01;0;2.63896;0;0;-1
0;681;-41.7003;-84.6174;16.846;9.64536;3758.75;5.79962;0;0;0.1;0.01;0;4.329;0;0;-1
0;682;-40.6287;-67.4723;17.736;8.98447;3037.85;5.40223;0;0;0.1;0.01;0;5.51429;0;0;-1
0;683;-40.4616;-47.7801;16.7426;9.09298;3149.25;5.46748;0;0;0.1;0.01;0;5.26027;0;0;-1
0;684;-42.5281;-33.0281;18.1957;9.56256;3662.78;5.74983;0;0;0.1;0.01;0;6.35539;0;0;-1
0;685;-42.156;-13.7593;16.4866;8.5;2572.44;5.11093;0;0;0.1;0.01;0;4.91563;1;0;-1
0;686;-39.992;2.27733;17.7226;8.8338;2887.56;5.31164;0;0;0.1;0.01;0;5.08277;0;0;-1
0;687;-42.2089;18.6839;18.4624;8.81873;2872.81;5.30257;0;0;0.1;0.01;0;5.43281;0;0;-1
0;688;-41.1625;33.7378;18.2761;8.97255;3025.77;5.39506;0;0;0.1;0.01;0;5.19031;0;0;-1
0;689;-39.7056;53.2137;18.5449;8.97931;3032.62;5.39913;0;0;0.1;0.01;0;4.73786;0;0;-1
0;690;-39.5874;71.4843;16.3976;10.2106;4459.05;6.13949;0;0;0.1;0.01;0;5.90363;0;0;-1
0;691;-41.5961;87.7473;18.541;8.98874;3042.18;5.4048;0;0;0.1;0.01;0;2.93082;0;0;-1
0;692;-27.7615;-93.4553;16.8261;10.4523;4783.26;6.28482;0;0;0.1;0.01;0;3.97876;0;0;-1
0;693;-27.5099;-72.8531;18.4998;9.83112;3980.13;5.91131;0;0;0.1;0.01;0;6.16524;0;0;-1
0;694;-25.3746;-56.7082;16.2789;8.5;2572.44;5.11093;0;0;0.1;0.01;0;4.4511;1;0;-1
0;695;-24.5071;-40.3822;17.8409;8.88227;2935.35;5.34078;0;0;0.1;0.01;0;5.48586;0;0;-1
0;696;-28.3619;-24.7227;16.3161;9.59361;3698.58;5.7685;0;0;0.1;0.01;0;6.04784;0;0;-1
0;697;-28.3788;-7.1883;16.0137;9.33032;3402.34;5.61019;0;0;0.1;0.01;0;5.29279;0;0;-1
0;698;-26.9603;10.6771;16.4848;9.60486;3711.6;5.77526;0;0;0.1;0.01;0;6.09185;0;0;-1
0;699;-27.4508;28.0471;17.3653;9.05772;3112.76;5.44628;0;0;0.1;0.01;0;5.12829;0;0;-1
0;700;-25.4602;45.932;17.6312;9.58543;3689.13;5.76358;0;0;0.1;0.01;0;5.766;0;0;-1
0;701;-28.1526;62.0573;16.4076;9.01678;3070.74;5.42166;0;0;0.1;0.01;0;5.90375;0;0;-1
0;702;-27.4142;80.4118;16.3108;10.1887;4430.42;6.12632;0;0;0.1;0.01;0;5.8912;0;0;-1
0;703;-13.2894;-83.6108;17.637;9.77088;3907.42;5.87509;0;0;0.1;0.01;0;5.45696;0;0;-1
0;704;-13.7326;-65.6477;17.0211;8.5;2572.44;5.11093;0;0;0.1;0.01;0;4.20864;1;0;-1
0;705;-11.1817;-47.5312;16.2717;9.7905;3931;5.88689;0;0;0.1;0.01;0;5.44867;0;0;-1
0;706;-12.3513;-30.7835;19.3444;8.63701;2698.85;5.19331;0;0;0.1;0.01;0;5.76126;0;0;-1
0;707;-11.553;-16.1911;17.475;9.71429;3839.92;5.84106;0;0;0.1;0.01;0;6.34137;0;0;-1
0;708;-13.6691;1.66251;17.1274;10.0878;4300.09;6.06565;0;0;0.1;0.01;0;7.02355;0;0;-1
0;709;-13.1782;20.7895;16.6125;10.0841;4295.36;6.06342;0;0;0.1;0.01;0;6.27063;0;0;-1
0;710;-10.9582;37.3174;17.2941;8.97727;3030.55;5.3979;0;0;0.1;0.01;0;5.49461;0;0;-1
0;711;-10.019;52.3625;18.2999;10.1287;4352.61;6.09024;0;0;0.1;0.01;0;6.64246;0;0;-1
0;712;-11.6686;68.4225;18.366;8.59754;2662.02;5.16958;0;0;0.1;0.01;0;5.20824;0;0;-1
0;713;-11.0498;85.2574;18.673;8.5;2572.44;5.11093;0;0;0.1;0.01;0;3.73653;1;0;-1
0;714;1.68637;-91.9853;17.4336;10.248;4508.23;6.16197;0;0;0.1;0.01;0;3.90917;0;0;-1
0;715;4.58223;-72.2703;15.9834;8.68782;2746.76;5.22386;0;0;0.1;0.01;0;5.15616;0;0;-1
0;716;2.81761;-56.975;17.3325;8.5;2572.44;5.11093;0;0;0.1;0.01;0;5.54594;1;0;-1
0;717;2.96241;-39.8563;16.6715;9.887;4048.39;5.94491;0;0;0.1;0.01;0;6.58543;0;0;-1
0;718;2.38684;-24.4696;16.4632;8.82136;2875.38;5.30416;0;0;0.1;0.01;0;5.6355;0;0;-1
0;719;4.97509;-8.37186;17.1148;8.57217;2638.52;5.15432;0;0;0.1;0.01;0;4.74333;0;0;-1
0;720;4.1736;9.6529;16.387;9.89258;4055.25;5.94826;0;0;0.1;0.01;0;4.89127;0;0;-1
0;721;2.16262;28.5076;16.642;9.95865;4137.04;5.98799;0;0;0.1;0.01;0;6.24831;0;0;-1
0;722;2.53177;46.1875;15.6152;8.5982;2662.63;5.16997;0;0;0.1;0.01;0;5.80246;0;0;-1
0;723;2.66078;63.4032;15.8907;10.4039;4717.12;6.25571;0;0;0.1;0.01;0;6.71265;0;0;-1
0;724;0.994181;77.9626;15.9337;8.66392;2724.16;5.20949;0;0;0.1;0.01;0;5.68387;0;0;-1
0;725;4.69645;93.0922;17.771;8.70908;2766.98;5.23664;0;0;0.1;0.01;0;2.89361;0;0;-1
0;726;17.7771;-82.3795;17.1056;10.0453;4245.97;6.04009;0;0;0.1;0.01;0;5.13185;0;0;-1
0;727;15.7949;-64.4101;16.3752;8.5;2572.44;5.11093;0;0;0.1;0.01;0;4.94382;1;0;-1
0;728;16.0242;-50.0865;18.3084;9.61978;3728.93;5.78423;0;0;0.1;0.01;0;5.55426;0;0;-1
0;729;18.9326;-33.9811;18.1032;8.5;2572.44;5.11093;0;0;0.1;0.01;0;4.31502;1;0;-1
0;730;18.3545;-17.0114;17.3436;9.30503;3374.75;5.59498;0;0;0.1;0.01;0;5.77611;0;0;-1
0;731;17.4633;2.71879;18.4874;8.54447;2613.03;5.13767;0;0;0.1;0.01;0;4.73958;0;0;-1
0;732;16.5818;21.1393;16.2234;9.14026;3198.63;5.49591;0;0;0.1;0.01;0;6.27626;0;0;-1
0;733;16.5177;37.0699;17.4456;8.88866;2941.69;5.34462;0;0;0.1;0.01;0;5.88846;0;0;-1
0;734;19.6675;52.9306;17.6984;8.85858;2911.93;5.32654;0;0;0.1;0.01;0;5.16815;0;0;-1
0;735;16.4156;69.7753;17.3854;8.51644;2587.4;5.12081;0;0;0.1;0.01;0;5.15517;0;0;-1
0;736;17.9132;85.674;16.4576;9.17315;3233.29;5.51568;0;0;0.1;0.01;0;3.56743;0;0;-1
0;737;33.1769;-92.4855;15.9348;9.05955;3114.64;5.44738;0;0;0.1;0.01;0;1.69072;0;0;-1
0;738;33.7885;-73.7702;16.1052;9.51316;3606.31;5.72013;0;0;0.1;0.01;0;5.4773;0;0;-1
0;739;33.1801;-55.248;18.016;9.15668;3215.9;5.50578;0;0;0.1;0.01;0;4.5417;0;0;-1
0;740;33.6506;-39.0276;18.0758;8.5;2572.44;5.11093;0;0;0.1;0.01;0;5.33089;1;0;-1
0;741;31.4387;-24.484;16.3386;9.37929;3456.2;5.63963;0;0;0.1;0.01;0;6.4826;0;0;-1
0;742;30.7104;-8.05817;18.5991;9.30862;3378.66;5.59714;0;0;0.1;0.01;0;5.49799;0;0;-1
0;743;30.5293;11.5682;17.0172;8.87722;2930.35;5.33774;0;0;0.1;0.01;0;5.1326;0;0;-1
0;744;32.0999;26.8751;16.767;8.78131;2836.39;5.28007;0;0;0.1;0.01;0;5.40245;0;0;-1
0;745;33.2167;45.7652;16.5225;8.5;2572.44;5.11093;0;0;0.1;0.01;0;5.28952;1;0;-1
0;746;30.4868;63.4358;19.4769;9.08213;3137.99;5.46095;0;0;0.1;0.01;0;6.81643;0;0;-1
0;747;30.6489;77.8138;17.8447;9.25776;3323.58;5.56656;0;0;0.1;0.01;0;5.18514;0;0;-1
0;748;45.3101;-81.2482;16.0906;9.99665;4184.58;6.01084;0;0;0.1;0.01;0;4.70957;0;0;-1
0;749;48.9029;-67.6403;17.0069;8.61752;2680.62;5.18159;0;0;0.1;0.01;0;5.08442;0;0;-1
0;750;47.5098;-48.1669;18.5979;8.5;2572.44;5.11093;0;0;0.1;0.01;0;4.60428;1;0;-1
0;751;46.7616;-31.8964;16.6154;9.52674;3621.78;5.72829;0;0;0.1;0.01;0;6.82996;0;0;-1
0;752;46.3588;-15.3163;17.5016;9.96599;4146.2;5.99241;0;0;0.1;0.01;0;6.40245;0;0;-1
0;753;46.2065;4.39561;19.4814;9.61473;3723.06;5.7812;0;0;0.1;0.01;0;5.43013;0;0;-1
0;754;48.7905;20.4703;17.3356;9.77667;3914.37;5.87857;0;0;0.1;0.01;0;6.23014;0;0;-1
0;755;46.8616;34.878;18.9843;8.5;2572.44;5.11093;0;0;0.1;0.01;0;5.2363;1;0;-1
0;756;45.0867;54.0902;16.5922;10.1386;4365.39;6.09619;0;0;0.1;0.01;0;6.57444;0;0;-1
0;757;46.9813;68.9796;17.7823;8.7934;2848.13;5.28734;0;0;0.1;0.01;0;5.04276;0;0;-1
0;758;45.9414;86.0486;19.665;8.5;2572.44;5.11093;0;0;0.1;0.01;0;1.28259;1;0;-1
0;759;61.2204;-75.4433;17.4854;9.74749;3879.42;5.86102;0;0;0.1;0.01;0;2.82237;0;0;-1
0;760;62.3049;-57.9498;18.1602;8.5;2572.44;5.11093;0;0;0.1;0.01;0;4.95009;1;0;-1
0;761;62.5642;-38.7156;16.7027;10.097;4311.87;6.07118;0;0;0.1;0.01;0;7.49726;0;0;-1
0;762;60.4206;-24.2788;16.5126;9.90118;4065.83;5.95344;0;0;0.1;0.01;0;7.54648;0;0;-1
0;763;60.3749;-7.40614;16.7488;8.93108;2984.01;5.37013;0;0;0.1;0.01;0;4.81153;0;0;-1
0;764;62.4589;10.6033;16.9684;9.45392;3539.36;5.6845;0;0;0.1;0.01;0;5.78001;0;0;-1
0;765;61.6864;28.5328;16.4776;10.2254;4478.47;6.14838;0;0;0.1;0.01;0;7.22286;0;0;-1
0;766;61.8647;45.2103;19.0341;8.67367;2733.36;5.21535;0;0;0.1;0.01;0;6.07887;0;0;-1
0;767;62.2905;63.6367;19.044;10.0225;4217.13;6.02638;0;0;0.1;0.01;0;4.83399;0;0;-1
0;768;75.9027;-50.2048;19.5101;8.70096;2759.24;5.23176;0;0;0.1;0.01;0;3.01483;0;0;-1
0;769;76.0468;-33.4786;18.3427;10.0886;4301.12;6.06613;0;0;0.1;0.01;0;6.13416;0;0;-1
0;770;77.6198;-16.953;16.7451;8.5;2572.44;5.11093;0;0;0.1;0.01;0;4.96042;1;0;-1
0;771;74.8863;0.855307;19.4111;8.71841;2775.88;5.24225;0;0;0.1;0.01;0;4.44462;0;0;-1
0;772;76.4908;20.1063;16.1844;9.82373;3971.16;5.90687;0;0;0.1;0.01;0;6.53718;0;0;-1
0;773;74.8202;37.9203;19.0703;10.3722;4674.14;6.23665;0;0;0.1;0.01;0;6.73465;0;0;-1
0;774;76.5247;52.427;18.7556;8.77615;2831.4;5.27697;0;0;0.1;0.01;0;4.58043;0;0;-1
0;775;91.5302;-22.0688;18.6382;9.7875;3927.39;5.88508;0;0;0.1;0.01;0;4.3436;0;0;-1
0;776;92.7515;-7.35514;19.9343;8.5;2572.44;5.11093;0;0;0.1;0.01;0;2.61772;1;0;-1
0;777;91.6981;9.3259;16.2202;9.05672;3111.73;5.44567;0;0;0.1;0.01;0;2.52705;0;0;-1
0;778;89.4676;26.8439;17.393;9.35384;3428.14;5.62433;0;0;0.1;0.01;0;4.07782;0;0;-1
0;779;-93.5854;2.40774;34.5681;8.55786;2625.33;5.14572;0;0;0.1;0.01;0;2.84448;0;0;-1
0;780;-82.0378;-39.7095;31.6341;9.85962;4014.85;5.92845;0;0;0.1;0.01;0;3.1556;0;0;-1
0;781;-79.6859;-25.0873;32.4536;9.32437;3395.84;5.60661;0;0;0.1;0.01;0;4.25261;0;0;-1
0;782;-78.9989;-6.09313;34.0276;9.22038;3283.49;5.54408;0;0;0.1;0.01;0;5.97838;0;0;-1
0;783;-80.1782;10.0391;31.8162;8.73128;2788.19;5.24999;0;0;0.1;0.01;0;4.8948;0;0;-1
0;784;-82.7054;25.873;30.9219;9.40262;3482.05;5.65366;0;0;0.1;0.01;0;2.74769;0;0;-1
0;785;-79.9046;46.033;31.3483;8.54151;2610.31;5.13589;0;0;0.1;0.01;0;2.20385;0;0;-1
0;786;-65.9573;-66.8887;33.9514;9.46889;3556.2;5.69351;0;0;0.1;0.01;0;3.41923;0;0;-1
0;787;-66.6234;-47.6759;32.24;9.70994;3834.76;5.83845;0;0;0.1;0.01;0;4.79216;0;0;-1
0;788;-64.3016;-30.7719;34.2044;9.95636;4134.19;5.98661;0;0;0.1;0.01;0;6.55838;0;0;-1
0;789;-66.7736;-15.5671;31.0181;8.5;2572.44;5.11093;0;0;0.1;0.01;0;5.9525;1;0;-1
0;790;-65.6079;0.01411;34.1234;8.9441;2997.08;5.37796;0;0;0.1;0.01;0;5.98689;0;0;-1
0;791;-66.554;18.1283;33.8887;8.5;2572.44;5.11093;0;0;0.1;0.01;0;4.42912;1;0;-1
0;792;-64.4068;35.1702;31.654;8.58667;2651.94;5.16304;0;0;0.1;0.01;0;4.16537;0;0;-1
0;793;-66.8393;53.0571;33.2003;9.91933;4088.23;5.96435;0;0;0.1;0.01;0;3.57304;0;0;-1
0;794;-53.1864;-73.3254;30.6209;10.1149;4334.84;6.08194;0;0;0.1;0.01;0;4.85144;0;0;-1
0;795;-50.1883;-58.7152;30.9858;9.48167;3570.62;5.70119;0;0;0.1;0.01;0;6.02552;0;0;-1
0;796;-49.838;-38.4024;31.6518;9.72083;3847.68;5.84499;0;0;0.1;0.01;0;6.12875;0;0;-1
0;797;-52.8032;-21.296;31.1224;8.5;2572.44;5.11093;0;0;0.1;0.01;0;4.91619;1;0;-1
0;798;-52.708;-7.28977;34.1959;9.66627;3783.25;5.81219;0;0;0.1;0.01;0;4.47845;0;0;-1
0;799;-51.6675;11.8721;31.7803;8.5;2572.44;5.11093;0;0;0.1;0.01;0;4.16085;1;0;-1
0;800;-50.7145;29.403;32.6073;8.5;2572.44;5.11093;0;0;0.1;0.01;0;5.23709;1;0;-1
0;801;-52.7755;43.3404;33.133;8.5;2572.44;5.11093;0;0;0.1;0.01;0;5.24269;1;0;-1
0;802;-51.6414;60.0705;33.9722;8.5;2572.44;5.11093;0;0;0.1;0.01;0;4.23589;1;0;-1
0;803;-35.6453;-85.3954;34.2815;10.1766;4414.65;6.11904;0;0;0.1;0.01;0;3.63656;0;0;-1
0;804;-38.0006;-66.3785;31.2851;8.5;2572.44;5.11093;0;0;0.1;0.01;0;4.55894;1;0;-1
0;805;-37.9485;-47.2914;33.1274;9.74583;3877.44;5.86003;0;0;0.1;0.01;0;5.96678;0;0;-1
0;806;-34.4763;-33.031;33.0311;10.2533;4515.23;6.16516;0;0;0.1;0.01;0;6.52048;0;0;-1
0;807;-35.1751;-16.2755;32.7131;8.8572;2910.57;5.32571;0;0;0.1;0.01;0;4.12933;0;0;-1
0;808;-35.339;2.97711;32.2961;8.80953;2863.83;5.29704;0;0;0.1;0.01;0;4.53402;0;0;-1
0;809;-38.3014;17.6718;32.7562;8.96634;3019.49;5.39133;0;0;0.1;0.01;0;4.90173;0;0;-1
0;810;-36.9816;37.9424;31.6609;9.65063;3764.92;5.80278;0;0;0.1;0.01;0;6.08385;0;0;-1
0;811;-36.8423;52.4697;32.4135;8.9865;3039.91;5.40345;0;0;0.1;0.01;0;5.22492;0;0;-1
0;812;-37.9035;69.1959;32.1278;8.5;2572.44;5.11093;0;0;0.1;0.01;0;3.35603;1;0;-1
0;813;-20.9652;-91.0266;34.0225;9.86408;4020.3;5.93113;0;0;0.1;0.01;0;3.76483;0;0;-1
0;814;-22.9265;-74.3052;32.233;8.5;2572.44;5.11093;0;0;0.1;0.01;0;5.1181;1;0;-1
0;815;-22.8383;-57.0511;34.4214;8.61747;2680.57;5.18156;0;0;0.1;0.01;0;4.58495;0;0;-1
0;816;-21.8624;-42.7418;31.8948;8.61331;2676.69;5.17906;0;0;0.1;0.01;0;5.67893;0;0;-1
0;817;-20.4322;-21.6661;31.3772;8.5;2572.44;5.11093;0;0;0.1;0.01;0;3.95914;1;0;-1
0;818;-20.9558;-4.75201;34.051;9.37895;3455.82;5.63943;0;0;0.1;0.01;0;5.9012;0;0;-1
0;819;-21.7887;11.1929;31.6446;8.93559;2988.53;5.37284;0;0;0.1;0.01;0;5.87732;0;0;-1
0;820;-22.9958;29.3653;33.7817;9.49202;3582.32;5.70741;0;0;0.1;0.01;0;5.55594;0;0;-1
0;821;-20.7369;44.2946;33.813;9.19925;3260.96;5.53138;0;0;0.1;0.01;0;6.29364;0;0;-1
0;822;-20.4319;59.7001;30.9877;8.65751;2718.11;5.20564;0;0;0.1;0.01;0;5.12017;0;0;-1
0;823;-21.7704;76.7203;32.6739;10.0526;4255.24;6.04448;0;0;0.1;0.01;0;4.73795;0;0;-1
0;824;-6.81783;-81.481;33.0046;10.2345;4490.44;6.15386;0;0;0.1;0.01;0;5.737;0;0;-1
0;825;-7.58099;-65.8505;32.0397;9.11861;3175.96;5.48289;0;0;0.1;0.01;0;4.85291;0;0;-1
0;826;-8.80761;-46.9401;30.7945;9.1191;3176.47;5.48318;0;0;0.1;0.01;0;5.14968;0;0;-1
0;827;-5.46314;-32.6273;31.1727;8.5;2572.44;5.11093;0;0;0.1;0.01;0;4.74294;1;0;-1
0;828;-8.84294;-13.1765;31.5903;10.4144;4731.42;6.26203;0;0;0.1;0.01;0;6.59205;0;0;-1
0;829;-7.4662;3.47529;31.952;9.30981;3379.96;5.59785;0;0;0.1;0.01;0;6.08517;0;0;-1
0;830;-6.85483;21.0008;33.6302;10.0649;4270.88;6.05188;0;0;0.1;0.01;0;5.67645;0;0;-1
0;831;-7.48118;37.8001;34.0831;9.13604;3194.2;5.49337;0;0;0.1;0.01;0;6.14238;0;0;-1
0;832;-5.85189;51.7251;33.6881;8.5;2572.44;5.11093;0;0;0.1;0.01;0;5.49205;1;0;-1
0;833;-7.2037;69.7836;32.3955;8.73803;2794.66;5.25405;0;0;0.1;0.01;0;4.34971;0;0;-1
0;834;-6.78371;88.6506;31.1369;8.56897;2635.57;5.1524;0;0;0.1;0.01;0;2.16796;0;0;-1
0;835;8.24908;-89.4364;34.6588;8.757;2812.9;5.26546;0;0;0.1;0.01;0;3.1829;0;0;-1
0;836;7.70423;-74.4746;32.4953;10.4534;4784.77;6.28548;0;0;0.1;0.01;0;7.03399;0;0;-1
0;837;6.34468;-58.9488;31.8195;8.79873;2853.31;5.29055;0;0;0.1;0.01;0;5.10427;0;0;-1
0;838;8.4878;-42.9163;33.1987;10.0561;4259.68;6.04659;0;0;0.1;0.01;0;6.75089;0;0;-1
0;839;6.86131;-23.8838;32.7545;8.90408;2957.03;5.35389;0;0;0.1;0.01;0;4.87835;0;0;-1
0;840;7.21459;-6.04616;33.7221;9.87605;4034.95;5.93833;0;0;0.1;0.01;0;6.05075;0;0;-1
0;841;5.64933;8.79338;34.3856;9.10205;3158.68;5.47293;0;0;0.1;0.01;0;4.74151;0;0;-1
0;842;8.33911;27.8164;31.0454;9.25309;3318.55;5.56375;0;0;0.1;0.01;0;5.15969;0;0;-1
0;843;6.79158;42.892;30.5904;10.1876;4428.99;6.12566;0;0;0.1;0.01;0;6.42005;0;0;-1
0;844;8.635;61.5725;30.9076;8.68436;2743.48;5.22178;0;0;0.1;0.01;0;4.75659;0;0;-1
0;845;9.12;78.934;31.9014;9.46328;3549.88;5.69013;0;0;0.1;0.01;0;4.70472;0;0;-1
0;846;23.1441;-82.6665;33.8565;9.93443;4106.93;5.97343;0;0;0.1;0.01;0;4.76651;0;0;-1
0;847;22.6483;-67.9636;33.0075;9.85623;4010.71;5.92641;0;0;0.1;0.01;0;5.40223;0;0;-1
0;848;23.8693;-47.7345;33.3864;8.90151;2954.47;5.35235;0;0;0.1;0.01;0;5.89538;0;0;-1
0;849;21.1368;-32.2905;32.4693;10.1635;4397.63;6.11117;0;0;0.1;0.01;0;7.03817;0;0;-1
0;850;22.1185;-14.0048;32.2174;10.1553;4386.99;6.10623;0;0;0.1;0.01;0;6.79584;0;0;-1
0;851;22.3382;0.483127;30.9392;8.92445;2977.37;5.36614;0;0;0.1;0.01;0;5.12718;0;0;-1
0;852;23.0065;19.3357;30.4881;9.06881;3124.2;5.45294;0;0;0.1;0.01;0;4.82328;0;0;-1
0;853;22.1074;37.5566;33.9874;9.3486;3422.38;5.62118;0;0;0.1;0.01;0;5.73725;0;0;-1
0;854;23.7982;51.3886;32.5745;9.90615;4071.96;5.95642;0;0;0.1;0.01;0;6.8137;0;0;-1
0;855;22.3265;68.7562;31.0005;8.75237;2808.44;5.26267;0;0;0.1;0.01;0;5.90363;0;0;-1
0;856;20.8552;89.3891;34.2269;9.34689;3420.5;5.62015;0;0;0.1;0.01;0;1.60248;0;0;-1
0;857;35.7838;-74.7256;32.7934;8.5;2572.44;5.11093;0;0;0.1;0.01;0;3.42669;1;0;-1
0;858;37.1882;-55.0846;32.843;9.55435;3653.36;5.74489;0;0;0.1;0.01;0;5.7622;0;0;-1
0;859;35.5742;-38.4159;30.8892;8.5;2572.44;5.11093;0;0;0.1;0.01;0;5.31011;1;0;-1
0;860;37.4993;-21.9832;32.1852;8.5;2572.44;5.11093;0;0;0.1;0.01;0;4.75568;1;0;-1
0;861;35.8994;-4.81388;33.2094;9.17157;3231.62;5.51473;0;0;0.1;0.01;0;5.72741;0;0;-1
0;862;38.7427;9.35383;32.4905;8.59517;2659.82;5.16815;0;0;0.1;0.01;0;4.91493;0;0;-1
0;863;38.1046;25.5638;32.9992;9.81869;3965.06;5.90384;0;0;0.1;0.01;0;5.59501;0;0;-1
0;864;38.352;43.1657;33.0907;9.76301;3897.98;5.87036;0;0;0.1;0.01;0;6.0206;0;0;-1
0;865;35.3764;61.8609;33.7033;9.76121;3895.83;5.86927;0;0;0.1;0.01;0;6.62593;0;0;-1
0;866;36.856;77.2519;32.1626;10.0224;4217;6.02632;0;0;0.1;0.01;0;5.23605;0;0;-1
0;867;52.8319;-64.6658;31.9327;9.06145;3116.6;5.44852;0;0;0.1;0.01;0;3.97351;0;0;-1
0;868;53.1641;-49.3355;32.1234;9.43641;3519.73;5.67398;0;0;0.1;0.01;0;5.65646;0;0;-1
0;869;52.0691;-33.3831;32.4073;9.52844;3623.71;5.72931;0;0;0.1;0.01;0;6.14047;0;0;-1
0;870;51.5467;-17.3193;31.5985;9.93219;4104.15;5.97208;0;0;0.1;0.01;0;6.32067;0;0;-1
0;871;53.2109;0.914701;33.8711;10.0205;4214.6;6.02518;0;0;0.1;0.01;0;6.86801;0;0;-1
0;872;52.4619;17.8239;33.3881;8.9672;3020.36;5.39185;0;0;0.1;0.01;0;6.01715;0;0;-1
0;873;53.4719;38.1467;32.2453;8.9671;3020.26;5.39179;0;0;0.1;0.01;0;6.03801;0;0;-1
0;874;53.264;53.1803;33.3283;9.60563;3712.5;5.77573;0;0;0.1;0.01;0;6.96844;0;0;-1
0;875;51.4246;68.3335;32.4237;9.14929;3208.12;5.50134;0;0;0.1;0.01;0;4.86823;0;0;-1
0;876;67.2608;-58.0737;32.4251;8.83388;2887.64;5.31168;0;0;0.1;0.01;0;3.29129;0;0;-1
0;877;67.6947;-38.6012;31.5545;9.31078;3381.01;5.59844;0;0;0.1;0.01;0;5.34666;0;0;-1
0;878;66.389;-21.8174;31.9638;9.12977;3187.63;5.4896;0;0;0.1;0.01;0;5.27277;0;0;-1
0;879;66.9416;-4.76941;32.6221;9.85842;4013.38;5.92772;0;0;0.1;0.01;0;5.72548;0;0;-1
0;880;67.2137;10.3573;32.972;8.94914;3002.15;5.38099;0;0;0.1;0.01;0;6.55149;0;0;-1
0;881;66.2079;28.0105;33.7833;8.61621;2679.4;5.1808;0;0;0.1;0.01;0;5.8201;0;0;-1
0;882;67.3165;45.6437;31.0874;9.11558;3172.79;5.48107;0;0;0.1;0.01;0;6.46476;0;0;-1
0;883;67.0142;59.5008;32.0809;9.87652;4035.53;5.93861;0;0;0.1;0.01;0;4.75381;0;0;-1
0;884;79.9412;-30.2571;33.8315;9.91075;4077.63;5.95919;0;0;0.1;0.01;0;4.39852;0;0;-1
0;885;80.1714;-15.9673;30.7236;8.8039;2858.34;5.29366;0;0;0.1;0.01;0;4.50543;0;0;-1
0;886;79.6587;3.68739;33.5512;10.0827;4293.58;6.06258;0;0;0.1;0.01;0;4.94851;0;0;-1
0;887;80.7173;19.7037;34.1946;8.73611;2792.82;5.2529;0;0;0.1;0.01;0;3.84946;0;0;-1
0;888;80.544;33.6386;31.9253;8.98096;3034.29;5.40012;0;0;0.1;0.01;0;4.25678;0;0;-1
0;889;-86.3511;-6.44458;47.2377;9.7781;3916.08;5.87943;0;0;0.1;0.01;0;3.24589;0;0;-1
0;890;-85.6591;9.85497;47.7961;10.4049;4718.48;6.25632;0;0;0.1;0.01;0;3.02338;0;0;-1
0;891;-69.0173;-49.9831;48.7941;10.4318;4755.17;6.27249;0;0;0.1;0.01;0;2.88143;0;0;-1
0;892;-69.3914;-33.7476;47.9826;8.5;2572.44;5.11093;0;0;0.1;0.01;0;4.09464;1;0;-1
0;893;-69.3651;-13.3635;47.6953;9.91875;4087.52;5.964;0;0;0.1;0.01;0;5.72654;0;0;-1
0;894;-71.5142;0.837131;46.7829;8.91111;2964.04;5.35812;0;0;0.1;0.01;0;5.62348;0;0;-1
0;895;-68.5694;18.0369;47.0557;8.75571;2811.66;5.26468;0;0;0.1;0.01;0;3.93327;0;0;-1
0;896;-70.579;36.4614;49.366;9.25688;3322.63;5.56603;0;0;0.1;0.01;0;1.72404;0;0;-1
0;897;-56.6397;-59.6066;46.1488;8.92538;2978.3;5.3667;0;0;0.1;0.01;0;4.1022;0;0;-1
0;898;-57.0574;-39.1351;47.6076;9.30218;3371.65;5.59327;0;0;0.1;0.01;0;5.77811;0;0;-1
0;899;-57.0489;-23.2647;47.2542;8.5;2572.44;5.11093;0;0;0.1;0.01;0;5.45083;1;0;-1
0;900;-56.824;-6.91015;48.8075;9.56046;3660.37;5.74857;0;0;0.1;0.01;0;5.90534;0;0;-1
0;901;-54.5961;12.756;45.9868;8.6949;2753.48;5.22812;0;0;0.1;0.01;0;4.41887;0;0;-1
0;902;-57.7035;29.7435;45.9878;8.5;2572.44;5.11093;0;0;0.1;0.01;0;4.65803;1;0;-1
0;903;-56.3026;45.9391;47.0325;8.5;2572.44;5.11093;0;0;0.1;0.01;0;4.4607;1;0;-1
0;904;-54.4413;61.3004;46.4193;8.73256;2789.42;5.25076;0;0;0.1;0.01;0;3.49892;0;0;-1
0;905;-40.652;-64.3838;45.8804;8.77308;2828.43;5.27513;0;0;0.1;0.01;0;3.66458;0;0;-1
0;906;-40.4068;-50.5757;48.2048;9.14813;3206.9;5.50064;0;0;0.1;0.01;0;5.159;0;0;-1
0;907;-43.1994;-30.0705;46.0966;10.1709;4407.24;6.11561;0;0;0.1;0.01;0;6.05306;0;0;-1
0;908;-41.5076;-14.2927;49.0799;8.5;2572.44;5.11093;0;0;0.1;0.01;0;4.98817;1;0;-1
0;909;-41.6388;0.771335;49.26;8.65928;2719.78;5.2067;0;0;0.1;0.01;0;4.6002;0;0;-1
0;910;-42.0994;16.7763;48.2705;10.2808;4551.66;6.1817;0;0;0.1;0.01;0;5.92289;0;0;-1
0;911;-42.3314;35.8773;45.2279;8.59133;2656.26;5.16584;0;0;0.1;0.01;0;4.95108;0;0;-1
0;912;-41.2203;53.2383;48.9004;10.1348;4360.48;6.09391;0;0;0.1;0.01;0;6.53655;0;0;-1
0;913;-42.4847;69.7194;48.0958;9.85071;4003.97;5.92309;0;0;0.1;0.01;0;4.23901;0;0;-1
0;914;-27.8275;-76.7457;46.7372;9.0812;3137.03;5.46039;0;0;0.1;0.01;0;2.96213;0;0;-1
0;915;-26.1716;-55.5055;48.3189;8.59395;2658.69;5.16742;0;0;0.1;0.01;0;5.99525;0;0;-1
0;916;-27.687;-41.4894;46.5298;9.63897;3751.29;5.79577;0;0;0.1;0.01;0;7.57721;0;0;-1
0;917;-28.0341;-24.2554;49.4411;8.5;2572.44;5.11093;0;0;0.1;0.01;0;4.80398;1;0;-1
0;918;-25.703;-8.79249;47.3228;8.5;2572.44;5.11093;0;0;0.1;0.01;0;4.63738;1;0;-1
0;919;-26.6738;12.0296;46.5378;9.92574;4096.16;5.9682;0;0;0.1;0.01;0;5.77817;0;0;-1
0;920;-26.9571;29.5841;48.5538;10.2075;4454.99;6.13762;0;0;0.1;0.01;0;7.06231;0;0;-1
0;921;-26.3548;45.1525;48.8351;9.22863;3292.31;5.54904;0;0;0.1;0.01;0;6.11784;0;0;-1
0;922;-25.8921;60.8805;46.5205;10.3198;4603.65;6.20515;0;0;0.1;0.01;0;6.8728;0;0;-1
0;923;-25.5715;79.3366;48.4997;9.1597;3219.08;5.50759;0;0;0.1;0.01;0;3.17612;0;0;-1
0;924;-12.3591;-80.7896;46.0155;8.874;2927.16;5.33581;0;0;0.1;0.01;0;3.07077;0;0;-1
0;925;-11.8848;-64.6855;47.9634;8.62741;2689.86;5.18754;0;0;0.1;0.01;0;4.456;0;0;-1
0;926;-13.4932;-47.9724;46.5743;10.3686;4669.27;6.23449;0;0;0.1;0.01;0;7.51975;0;0;-1
0;927;-12.693;-33.5667;49.1091;10.005;4195.08;6.01586;0;0;0.1;0.01;0;5.88116;0;0;-1
0;928;-11.4125;-13.881;48.6881;9.93402;4106.42;5.97318;0;0;0.1;0.01;0;6.7715;0;0;-1
0;929;-11.0362;0.267293;46.1115;9.49154;3581.78;5.70713;0;0;0.1;0.01;0;6.64975;0;0;-1
0;930;-13.1742;19.5118;47.8653;10.0132;4205.4;6.02079;0;0;0.1;0.01;0;6.25687;0;0;-1
0;931;-11.2533;37.0941;49.0566;8.84922;2902.71;5.32091;0;0;0.1;0.01;0;6.45035;0;0;-1
0;932;-12.2015;52.5442;48.7899;9.02879;3083.03;5.42888;0;0;0.1;0.01;0;7.20828;0;0;-1
0;933;-11.7509;69.7936;48.0797;10.1432;4371.33;6.09896;0;0;0.1;0.01;0;5.86691;0;0;-1
0;934;-12.8158;86.6165;47.9929;8.5;2572.44;5.11093;0;0;0.1;0.01;0;1.66644;1;0;-1
0;935;2.05667;-73.1409;45.882;8.5;2572.44;5.11093;0;0;0.1;0.01;0;4.91298;1;0;-1
0;936;1.60917;-59.4402;46.6203;8.99434;3047.87;5.40817;0;0;0.1;0.01;0;5.60769;0;0;-1
0;937;2.35645;-42.2774;46.9543;9.40872;3488.83;5.65733;0;0;0.1;0.01;0;5.64961;0;0;-1
0;938;1.44242;-22.4074;48.5107;9.3869;3464.62;5.64421;0;0;0.1;0.01;0;5.82102;0;0;-1
0;939;4.31164;-5.38983;49.045;9.50215;3593.8;5.7135;0;0;0.1;0.01;0;6.81256;0;0;-1
0;940;3.22316;8.8658;49.2424;9.40384;3483.41;5.65439;0;0;0.1;0.01;0;5.80818;0;0;-1
0;941;1.82274;29.6352;47.3235;8.5;2572.44;5.11093;0;0;0.1;0.01;0;5.05041;1;0;-1
0;942;1.0833;45.5423;47.6009;8.53776;2606.88;5.13363;0;0;0.1;0.01;0;6.17235;0;0;-1
0;943;1.48744;60.6204;45.6687;9.03964;3094.15;5.4354;0;0;0.1;0.01;0;5.43563;0;0;-1
0;944;4.93416;79.7291;48.6586;10.1102;4328.8;6.07912;0;0;0.1;0.01;0;3.00443;0;0;-1
0;945;18.9281;-84.4699;48.8917;8.82496;2878.9;5.30632;0;0;0.1;0.01;0;1.95533;0;0;-1
0;946;18.2824;-65.9319;46.7122;9.13393;3191.99;5.4921;0;0;0.1;0.01;0;4.69352;0;0;-1
0;947;16.9279;-49.4132;46.2866;8.5;2572.44;5.11093;0;0;0.1;0.01;0;4.61282;1;0;-1
0;948;19.3927;-34.4006;45.9297;10.2763;4545.68;6.17899;0;0;0.1;0.01;0;6.56763;0;0;-1
0;949;16.1459;-14.8626;48.4619;9.22523;3288.67;5.547;0;0;0.1;0.01;0;6.34103;0;0;-1
0;950;18.7788;1.80495;48.5201;8.50641;2578.26;5.11478;0;0;0.1;0.01;0;5.65794;0;0;-1
0;951;17.3886;17.4897;46.7752;9.55479;3653.86;5.74516;0;0;0.1;0.01;0;5.23549;0;0;-1
0;952;16.0187;36.3965;49.015;8.5;2572.44;5.11093;0;0;0.1;0.01;0;4.95233;1;0;-1
0;953;19.2398;50.8501;45.5654;9.03341;3087.76;5.43166;0;0;0.1;0.01;0;5.11218;0;0;-1
0;954;17.4163;71.0977;46.796;9.52319;3617.73;5.72616;0;0;0.1;0.01;0;4.54386;0;0;-1
0;955;33.2099;-74.2753;48.7904;8.9766;3029.87;5.3975;0;0;0.1;0.01;0;3.24311;0;0;-1
0;956;33.109;-57.1345;47.8311;9.60965;3717.16;5.77814;0;0;0.1;0.01;0;6.04704;0;0;-1
0;957;33.476;-39.2123;45.8241;9.85133;4004.73;5.92346;0;0;0.1;0.01;0;6.54153;0;0;-1
0;958;30.7983;-22.5147;46.1762;9.98303;4167.5;6.00265;0;0;0.1;0.01;0;6.38908;0;0;-1
0;959;31.9791;-5.04301;47.7738;9.48791;3577.67;5.70494;0;0;0.1;0.01;0;5.83477;0;0;-1
0;960;33.2577;12.0654;47.6385;9.44032;3524.1;5.67633;0;0;0.1;0.01;0;5.47901;0;0;-1
0;961;30.6844;25.7878;46.9779;9.75134;3884.02;5.86334;0;0;0.1;0.01;0;6.52775;0;0;-1
0;962;32.709;43.209;48.5112;8.95476;3007.81;5.38437;0;0;0.1;0.01;0;6.11597;0;0;-1
0;963;31.8855;59.3293;48.6162;9.99243;4179.28;6.0083;0;0;0.1;0.01;0;6.93202;0;0;-1
0;964;30.9337;76.2498;47.6976;9.44588;3530.33;5.67967;0;0;0.1;0.01;0;4.12668;0;0;-1
0;965;45.9661;-63.7028;46.5657;8.50235;2574.57;5.11234;0;0;0.1;0.01;0;3.30882;0;0;-1
0;966;46.1753;-47.4759;47.569;10.2055;4452.37;6.13642;0;0;0.1;0.01;0;6.42863;0;0;-1
0;967;47.6525;-31.4605;46.2961;8.5;2572.44;5.11093;0;0;0.1;0.01;0;5.04315;1;0;-1
0;968;45.2269;-13.9386;49.0284;9.26855;3335.22;5.57304;0;0;0.1;0.01;0;5.89007;0;0;-1
0;969;45.8967;-0.225325;45.3688;8.5;2572.44;5.11093;0;0;0.1;0.01;0;5.3471;1;0;-1
0;970;47.714;20.7846;46.8796;10.0206;4214.73;6.02524;0;0;0.1;0.01;0;7.16754;0;0;-1
0;971;45.3027;36.6183;48.5856;9.44979;3534.72;5.68202;0;0;0.1;0.01;0;6.80201;0;0;-1
0;972;46.4699;54.7679;49.1045;9.69619;3818.49;5.83018;0;0;0.1;0.01;0;5.88156;0;0;-1
0;973;45.6625;72.0049;48.4177;9.86394;4020.13;5.93104;0;0;0.1;0.01;0;3.34308;0;0;-1
0;974;63.7005;-58.7702;46.4785;8.74716;2803.43;5.25954;0;0;0.1;0.01;0;2.38178;0;0;-1
0;975;62.0125;-42.3735;47.6467;9.36522;3440.67;5.63117;0;0;0.1;0.01;0;5.04821;0;0;-1
0;976;59.8934;-24.0701;48.5272;8.5;2572.44;5.11093;0;0;0.1;0.01;0;4.86025;1;0;-1
0;977;63.6061;-8.69835;46.8152;10.1425;4370.42;6.09854;0;0;0.1;0.01;0;6.67254;0;0;-1
0;978;60.6631;8.13182;47.1497;9.86993;4027.46;5.93465;0;0;0.1;0.01;0;6.38161;0;0;-1
0;979;61.5182;26.8096;46.1124;9.90075;4065.3;5.95318;0;0;0.1;0.01;0;6.42665;0;0;-1
0;980;60.1724;43.6484;46.0449;10.1384;4365.13;6.09607;0;0;0.1;0.01;0;6.24429;0;0;-1
0;981;61.1683;61.0009;46.999;9.12844;3186.24;5.4888;0;0;0.1;0.01;0;3.76057;0;0;-1
0;982;77.2953;-30.3711;48.6443;8.61289;2676.3;5.17881;0;0;0.1;0.01;0;2.6241;0;0;-1
0;983;77.1347;-17.0983;47.7297;8.5;2572.44;5.11093;0;0;0.1;0.01;0;3.15998;1;0;-1
0;984;75.5655;1.83361;46.5462;9.84126;3992.46;5.91741;0;0;0.1;0.01;0;5.04734;0;0;-1
0;985;78.6898;17.3406;48.7968;10.0526;4255.24;6.04448;0;0;0.1;0.01;0;4.18498;0;0;-1
0;986;75.286;34.6938;45.9206;10.2898;4563.62;6.18711;0;0;0.1;0.01;0;4.40622;0;0;-1
0;987;-65.6089;-30.2879;62.2586;8.57744;2643.39;5.15749;0;0;0.1;0.01;0;3.43809;0;0;-1
0;988;-66.5749;-15.4247;63.5505;8.87947;2932.58;5.3391;0;0;0.1;0.01;0;3.54032;0;0;-1
0;989;-66.6908;0.551504;61.337;8.52153;2592.04;5.12387;0;0;0.1;0.01;0;3.48052;0;0;-1
0;990;-66.1514;19.5125;63.9339;9.60852;3715.85;5.77746;0;0;0.1;0.01;0;3.35468;0;0;-1
0;991;-51.8185;-58.4815;60.4477;9.06277;3117.97;5.44931;0;0;0.1;0.01;0;2.13756;0;0;-1
0;992;-51.4178;-38.7566;63.6259;10.4312;4754.35;6.27213;0;0;0.1;0.01;0;5.19875;0;0;-1
0;993;-50.748;-24.4987;63.3025;8.99047;3043.94;5.40584;0;0;0.1;0.01;0;6.41182;0;0;-1
0;994;-52.7051;-8.79083;61.3413;8.75928;2815.1;5.26683;0;0;0.1;0.01;0;4.57194;0;0;-1
0;995;-53.4855;10.3269;61.6487;10.3467;4639.75;6.22132;0;0;0.1;0.01;0;5.60409;0;0;-1
0;996;-53.0189;27.1226;62.1054;8.5119;2583.26;5.11808;0;0;0.1;0.01;0;4.04245;0;0;-1
0;997;-51.7527;46.5243;61.8017;9.49673;3587.66;5.71025;0;0;0.1;0.01;0;3.02853;0;0;-1
0;998;-36.3733;-47.5566;60.5206;9.31429;3384.84;5.60055;0;0;0.1;0.01;0;6.18626;0;0;-1
0;999;-36.9172;-33.1693;64.1679;8.56914;2635.73;5.1525;0;0;0.1;0.01;0;5.89197;0;0;-1
0;1000;-35.4715;-15.6536;62.6718;9.77893;3917.08;5.87993;0;0;0.1;0.01;0;6.62024;0;0;-1
0;1001;-36.165;1.45843;63.9635;8.73934;2795.92;5.25484;0;0;0.1;0.01;0;4.87682;0;0;-1
0;1002;-35.066;19.5853;62.2223;8.80965;2863.94;5.29711;0;0;0.1;0.01;0;5.88882;0;0;-1
0;1003;-35.227;37.091;60.6615;9.96828;4149.06;5.99378;0;0;0.1;0.01;0;6.29344;0;0;-1
0;1004;-38.3038;52.2581;63.8408;9.47991;3568.63;5.70013;0;0;0.1;0.01;0;3.94517;0;0;-1
0;1005;-38.3161;67.9596;60.6987;9.61487;3723.22;5.78128;0;0;0.1;0.01;0;3.18284;0;0;-1
0;1006;-21.3178;-73.2338;63.7634;8.5;2572.44;5.11093;0;0;0.1;0.01;0;1.71316;1;0;-1
0;1007;-23.2914;-57.0301;62.2444;10.4;4711.82;6.25337;0;0;0.1;0.01;0;6.18673;0;0;-1
0;1008;-22.244;-40.8611;61.3934;10.2717;4539.58;6.17622;0;0;0.1;0.01;0;8.03009;0;0;-1
0;1009;-21.3039;-22.7338;63.6564;8.53442;2603.82;5.13162;0;0;0.1;0.01;0;6.24281;0;0;-1
0;1010;-21.9771;-5.56845;62.1266;10.3597;4657.26;6.22914;0;0;0.1;0.01;0;6.43769;0;0;-1
0;1011;-22.1195;10.5208;60.8545;8.5;2572.44;5.11093;0;0;0.1;0.01;0;3.63227;1;0;-1
0;1012;-23.7877;26.8099;63.527;9.01866;3072.66;5.42279;0;0;0.1;0.01;0;4.69366;0;0;-1
0;1013;-22.4092;44.4773;62.8113;9.87176;4029.7;5.93575;0;0;0.1;0.01;0;6.77177;0;0;-1
0;1014;-21.8344;59.7001;60.1766;8.81698;2871.1;5.30152;0;0;0.1;0.01;0;5.438;0;0;-1
0;1015;-7.87647;-67.6949;60.3445;8.52518;2595.37;5.12607;0;0;0.1;0.01;0;3.89115;0;0;-1
0;1016;-7.87159;-47.7064;63.1296;10.2311;4485.96;6.15181;0;0;0.1;0.01;0;6.71366;0;0;-1
0;1017;-5.56544;-29.8867;63.3989;9.05885;3113.92;5.44696;0;0;0.1;0.01;0;6.57461;0;0;-1
0;1018;-6.855;-15.3331;60.9669;8.54701;2615.36;5.13919;0;0;0.1;0.01;0;6.62517;0;0;-1
0;1019;-8.78385;0.620439;60.7709;8.5;2572.44;5.11093;0;0;0.1;0.01;0;4.71315;1;0;-1
0;1020;-6.95554;20.835;60.3914;8.92528;2978.2;5.36664;0;0;0.1;0.01;0;4.61651;0;0;-1
0;1021;-8.82983;36.0113;63.5783;9.68264;3802.51;5.82203;0;0;0.1;0.01;0;7.04954;0;0;-1
0;1022;-6.4737;52.1406;61.0332;9.64341;3756.48;5.79844;0;0;0.1;0.01;0;7.58221;0;0;-1
0;1023;-7.43225;67.6724;60.8769;10.3052;4584.14;6.19637;0;0;0.1;0.01;0;4.93544;0;0;-1
0;1024;5.32174;-73.7716;61.9435;8.5;2572.44;5.11093;0;0;0.1;0.01;0;2.23836;1;0;-1
0;1025;6.87322;-57.4071;62.302;10.176;4413.87;6.11868;0;0;0.1;0.01;0;5.81672;0;0;-1
0;1026;7.74428;-39.3532;61.0355;8.5;2572.44;5.11093;0;0;0.1;0.01;0;4.55296;1;0;-1
0;1027;6.38334;-22.6926;62.3484;9.92312;4092.92;5.96663;0;0;0.1;0.01;0;6.71254;0;0;-1
0;1028;9.17158;-6.37594;62.4696;10.2402;4497.94;6.15728;0;0;0.1;0.01;0;6.85838;0;0;-1
0;1029;8.77973;12.1963;62.2461;8.66534;2725.5;5.21034;0;0;0.1;0.01;0;4.78827;0;0;-1
0;1030;7.92059;26.3212;63.4135;8.5;2572.44;5.11093;0;0;0.1;0.01;0;5.49468;1;0;-1
0;1031;7.42171;42.0728;60.083;10.2988;4575.6;6.19252;0;0;0.1;0.01;0;6.63432;0;0;-1
0;1032;6.63901;63.0848;63.2895;9.3194;3390.41;5.60362;0;0;0.1;0.01;0;4.62204;0;0;-1
0;1033;21.3013;-63.8664;60.9617;8.5;2572.44;5.11093;0;0;0.1;0.01;0;3.701;1;0;-1
0;1034;23.2565;-50.296;61.9523;8.5;2572.44;5.11093;0;0;0.1;0.01;0;4.43437;1;0;-1
0;1035;20.9364;-32.3605;61.0308;8.5;2572.44;5.11093;0;0;0.1;0.01;0;3.83385;1;0;-1
0;1036;24.2114;-12.6712;60.3689;8.5;2572.44;5.11093;0;0;0.1;0.01;0;5.40675;1;0;-1
0;1037;20.6111;2.95185;61.7787;8.5;2572.44;5.11093;0;0;0.1;0.01;0;5.06293;1;0;-1
0;1038;23.084;19.7966;63.7365;10.3275;4613.96;6.20978;0;0;0.1;0.01;0;7.34168;0;0;-1
0;1039;21.9261;37.8437;63.1518;8.70203;2760.26;5.2324;0;0;0.1;0.01;0;5.68731;0;0;-1
0;1040;21.579;53.1538;60.4234;8.5;2572.44;5.11093;0;0;0.1;0.01;0;5.29652;1;0;-1
0;1041;22.1331;69.1088;61.39;9.0674;3122.75;5.4521;0;0;0.1;0.01;0;3.3914;0;0;-1
0;1042;34.6687;-59.7321;63.5404;8.5;2572.44;5.11093;0;0;0.1;0.01;0;2.17305;1;0;-1
0;1043;36.156;-39.3411;62.5744;9.23923;3303.66;5.55541;0;0;0.1;0.01;0;4.51117;0;0;-1
0;1044;38.1824;-22.8126;61.8987;8.81792;2872.02;5.30209;0;0;0.1;0.01;0;4.89466;0;0;-1
0;1045;35.7971;-5.05676;62.609;8.95321;3006.25;5.38344;0;0;0.1;0.01;0;4.8031;0;0;-1
0;1046;38.2725;12.2876;61.3821;9.45337;3538.74;5.68417;0;0;0.1;0.01;0;5.64725;0;0;-1
0;1047;37.9506;26.207;60.2514;8.5;2572.44;5.11093;0;0;0.1;0.01;0;6.73232;1;0;-1
0;1048;35.5211;43.3627;63.5207;9.23679;3301.05;5.55395;0;0;0.1;0.01;0;5.62889;0;0;-1
0;1049;38.661;60.4718;63.3821;9.72555;3853.28;5.84783;0;0;0.1;0.01;0;3.9483;0;0;-1
0;1050;53.457;-48.7312;61.7431;9.52246;3616.9;5.72572;0;0;0.1;0.01;0;3.22373;0;0;-1
0;1051;50.3683;-33.3889;60.8869;8.5;2572.44;5.11093;0;0;0.1;0.01;0;4.87655;1;0;-1
0;1052;51.0269;-15.2839;62.1407;9.58171;3684.83;5.76134;0;0;0.1;0.01;0;5.69918;0;0;-1
0;1053;50.0313;0.792602;62.6995;8.5;2572.44;5.11093;0;0;0.1;0.01;0;4.12909;1;0;-1
0;1054;50.5496;20.6974;60.9302;8.5;2572.44;5.11093;0;0;0.1;0.01;0;5.7225;1;0;-1
0;1055;50.8682;34.8039;61.8198;9.8158;3961.56;5.9021;0;0;0.1;0.01;0;6.01772;0;0;-1
0;1056;53.6961;53.0073;62.7355;10.1404;4367.71;6.09728;0;0;0.1;0.01;0;3.14326;0;0;-1
0;1057;67.0777;-40.8554;60.897;10.4293;4751.76;6.27099;0;0;0.1;0.01;0;2.85295;0;0;-1
0;1058;64.4515;-21.5148;62.1435;8.5;2572.44;5.11093;0;0;0.1;0.01;0;2.95888;1;0;-1
0;1059;64.4418;-5.43716;61.8685;8.5;2572.44;5.11093;0;0;0.1;0.01;0;4.08047;1;0;-1
0;1060;66.7726;9.19688;60.6558;9.7064;3830.57;5.83632;0;0;0.1;0.01;0;3.28595;0;0;-1
0;1061;65.1721;25.0322;60.1629;8.80062;2855.15;5.29169;0;0;0.1;0.01;0;2.81834;0;0;-1
0;1062;-54.4194;-23.767;75.9882;9.34551;3418.99;5.61932;0;0;0.1;0.01;0;3.60269;0;0;-1
0;1063;-56.5091;-4.69974;78.7073;8.5;2572.44;5.11093;0;0;0.1;0.01;0;1.66317;1;0;-1
0;1064;-54.9441;10.6839;76.246;9.32397;3395.4;5.60637;0;0;0.1;0.01;0;3.9054;0;0;-1
0;1065;-56.4407;29.7264;75.0158;10.447;4775.99;6.28163;0;0;0.1;0.01;0;3.23364;0;0;-1
0;1066;-40.027;-48.9654;77.0264;8.5;2572.44;5.11093;0;0;0.1;0.01;0;2.24666;1;0;-1
0;1067;-42.2521;-30.7993;77.7926;8.79456;2849.25;5.28804;0;0;0.1;0.01;0;4.74942;0;0;-1
0;1068;-40.3986;-15.9261;75.0984;9.98709;4172.59;6.00509;0;0;0.1;0.01;0;6.54535;0;0;-1
0;1069;-40.4549;2.86929;77.9477;9.51488;3608.27;5.72116;0;0;0.1;0.01;0;5.73174;0;0;-1
0;1070;-41.6301;17.7788;74.6463;8.54694;2615.29;5.13915;0;0;0.1;0.01;0;5.55082;0;0;-1
0;1071;-39.32;33.6833;76.4778;9.87209;4030.1;5.93594;0;0;0.1;0.01;0;4.14299;0;0;-1
0;1072;-24.393;-55.161;76.94;9.73996;3870.44;5.8565;0;0;0.1;0.01;0;3.46881;0;0;-1
0;1073;-26.2715;-40.8471;74.9486;9.02504;3079.19;5.42663;0;0;0.1;0.01;0;5.50684;0;0;-1
0;1074;-27.4679;-23.1563;76.5338;10.0637;4269.35;6.05116;0;0;0.1;0.01;0;7.01341;0;0;-1
0;1075;-27.2505;-4.51957;77.8998;9.34698;3420.6;5.6202;0;0;0.1;0.01;0;6.54983;0;0;-1
0;1076;-24.9807;12.2902;77.045;9.04555;3100.23;5.43896;0;0;0.1;0.01;0;5.77654;0;0;-1
0;1077;-25.7883;26.5295;77.3012;9.31413;3384.66;5.60045;0;0;0.1;0.01;0;5.89876;0;0;-1
0;1078;-25.3432;43.7269;77.7631;9.28589;3353.97;5.58347;0;0;0.1;0.01;0;3.80749;0;0;-1
0;1079;-10.0653;-47.812;76.4005;8.80812;2862.45;5.29619;0;0;0.1;0.01;0;4.92417;0;0;-1
0;1080;-12.4505;-31.1455;76.4187;10.2266;4480.05;6.14911;0;0;0.1;0.01;0;7.4788;0;0;-1
0;1081;-12.8041;-16.1726;74.6133;9.40462;3484.27;5.65486;0;0;0.1;0.01;0;7.3505;0;0;-1
0;1082;-13.5683;0.32701;78.5003;10.2202;4471.64;6.14526;0;0;0.1;0.01;0;6.59548;0;0;-1
0;1083;-11.4835;20.5751;78.3204;8.95194;3004.97;5.38267;0;0;0.1;0.01;0;5.81168;0;0;-1
0;1084;-10.8847;36.5091;76.7744;10.0821;4292.81;6.06222;0;0;0.1;0.01;0;7.27614;0;0;-1
0;1085;-11.9885;51.5995;76.3146;9.93362;4105.93;5.97294;0;0;0.1;0.01;0;4.78205;0;0;-1
0;1086;3.54332;-58.8472;76.601;10.3992;4710.73;6.25289;0;0;0.1;0.01;0;3.37136;0;0;-1
0;1087;1.37805;-42.228;78.4811;8.5;2572.44;5.11093;0;0;0.1;0.01;0;4.97807;1;0;-1
0;1088;4.76919;-23.2456;76.3338;10.0445;4244.96;6.03961;0;0;0.1;0.01;0;6.80805;0;0;-1
0;1089;1.2981;-7.59564;78.2427;9.92445;4094.57;5.96743;0;0;0.1;0.01;0;6.26939;0;0;-1
0;1090;3.27201;11.4189;77.6364;8.90179;2954.75;5.35252;0;0;0.1;0.01;0;4.54141;0;0;-1
0;1091;1.50603;27.36;77.7797;9.65841;3774.03;5.80746;0;0;0.1;0.01;0;7.23988;0;0;-1
0;1092;2.54029;42.4948;76.4694;10.3015;4579.2;6.19414;0;0;0.1;0.01;0;6.33651;0;0;-1
0;1093;4.04109;61.3728;76.5659;9.70352;3827.16;5.83459;0;0;0.1;0.01;0;3.29238;0;0;-1
0;1094;16.4729;-49.5987;74.9928;8.82222;2876.22;5.30467;0;0;0.1;0.01;0;3.51565;0;0;-1
0;1095;17.4667;-30.738;77.8409;9.94785;4123.6;5.9815;0;0;0.1;0.01;0;6.04547;0;0;-1
0;1096;18.4967;-13.1233;74.6078;9.11763;3174.93;5.4823;0;0;0.1;0.01;0;6.14213;0;0;-1
0;1097;16.7218;3.34052;76.3051;8.78297;2838;5.28107;0;0;0.1;0.01;0;5.25097;0;0;-1
0;1098;18.4086;20.1289;76.7564;8.5;2572.44;5.11093;0;0;0.1;0.01;0;5.81243;1;0;-1
0;1099;18.6043;33.9793;76.0139;10.0972;4312.13;6.0713;0;0;0.1;0.01;0;7.3082;0;0;-1
0;1100;18.5662;54.4287;76.143;9.59276;3697.6;5.76799;0;0;0.1;0.01;0;3.60112;0;0;-1
0;1101;32.5511;-40.2001;76.4283;10.1849;4425.47;6.12403;0;0;0.1;0.01;0;3.81297;0;0;-1
0;1102;31.2467;-22.9467;78.5534;10.1291;4353.13;6.09048;0;0;0.1;0.01;0;5.58421;0;0;-1
0;1103;31.182;-5.98634;77.3433;8.5572;2624.72;5.14532;0;0;0.1;0.01;0;5.20059;0;0;-1
0;1104;32.3739;11.7427;76.1696;9.07028;3125.72;5.45383;0;0;0.1;0.01;0;4.46307;0;0;-1
0;1105;34.5185;28.4107;76.648;10.3011;4578.67;6.1939;0;0;0.1;0.01;0;5.87707;0;0;-1
0;1106;30.9529;46.4953;78.1601;10.3268;4613.03;6.20935;0;0;0.1;0.01;0;4.1698;0;0;-1
0;1107;49.0838;-30.3944;78.6656;9.26179;3327.92;5.56898;0;0;0.1;0.01;0;1.69162;0;0;-1
0;1108;45.4482;-13.8822;75.3079;8.5304;2600.14;5.12921;0;0;0.1;0.01;0;4.76364;0;0;-1
0;1109;47.4462;0.399859;77.9811;8.55106;2619.08;5.14163;0;0;0.1;0.01;0;3.45358;0;0;-1
0;1110;48.3206;20.0373;74.9214;9.58572;3689.46;5.76375;0;0;0.1;0.01;0;3.86985;0;0;-1
0;1111;49.0116;36.2371;77.4621;8.5;2572.44;5.11093;0;0;0.1;0.01;0;2.34197;1;0;-1
0;1112;60.438;-6.10811;78.4426;8.5;2572.44;5.11093;0;0;0.1;0.01;0;1.59525;1;0;-1
0;1113;-36.2709;-15.7328;89.6435;9.8315;3980.59;5.91154;0;0;0.1;0.01;0;4.2446;0;0;-1
0;1114;-36.416;1.5683;91.2388;8.5;2572.44;5.11093;0;0;0.1;0.01;0;3.92191;1;0;-1
0;1115;-38.4458;16.9498;89.8837;10.0141;4206.53;6.02133;0;0;0.1;0.01;0;3.77196;0;0;-1
0;1116;-21.103;-24.4709;90.0471;10.4526;4783.67;6.285;0;0;0.1;0.01;0;4.94904;0;0;-1
0;1117;-23.4142;-6.36459;93.0738;10.0382;4236.98;6.03582;0;0;0.1;0.01;0;4.54037;0;0;-1
0;1118;-22.7385;11.6902;89.7611;8.5;2572.44;5.11093;0;0;0.1;0.01;0;4.56619;1;0;-1
0;1119;-21.6276;27.6374;93.3752;10.1704;4406.59;6.11531;0;0;0.1;0.01;0;3.63784;0;0;-1
0;1120;-7.47568;-31.4732;90.7944;9.99572;4183.41;6.01028;0;0;0.1;0.01;0;4.74526;0;0;-1
0;1121;-8.53242;-14.0114;89.4432;9.49792;3589.01;5.71096;0;0;0.1;0.01;0;6.43354;0;0;-1
0;1122;-6.51196;1.18313;92.6568;9.92513;4095.41;5.96784;0;0;0.1;0.01;0;5.31379;0;0;-1
0;1123;-5.80769;19.1337;93.3221;10.3778;4681.71;6.24002;0;0;0.1;0.01;0;5.377;0;0;-1
0;1124;-7.61156;35.0401;92.3566;8.5;2572.44;5.11093;0;0;0.1;0.01;0;3.71024;1;0;-1
0;1125;5.4219;-38.5683;92.1451;8.64182;2703.36;5.1962;0;0;0.1;0.01;0;2.77395;0;0;-1
0;1126;6.63485;-23.3677;92.1223;9.97299;4154.94;5.99661;0;0;0.1;0.01;0;4.8596;0;0;-1
0;1127;7.32588;-5.04468;91.6057;9.76217;3896.98;5.86985;0;0;0.1;0.01;0;4.37106;0;0;-1
0;1128;6.66495;10.8042;91.2117;9.29955;3368.79;5.59168;0;0;0.1;0.01;0;4.12311;0;0;-1
0;1129;6.09828;28.7521;90.0591;9.47028;3557.76;5.69434;0;0;0.1;0.01;0;5.33415;0;0;-1
0;1130;23.7565;-31.9708;89.8584;8.5;2572.44;5.11093;0;0;0.1;0.01;0;2.94976;1;0;-1
0;1131;20.7063;-13.4731;89.3533;8.96289;3016.01;5.38926;0;0;0.1;0.01;0;4.82299;0;0;-1
0;1132;22.7958;0.121447;90.165;8.56343;2630.46;5.14907;0;0;0.1;0.01;0;3.46792;0;0;-1
0;1133;20.0106;20.8206;90.9562;8.88242;2935.5;5.34087;0;0;0.1;0.01;0;3.25511;0;0;-1
0;1134;20.8929;36.7147;90.3465;8.61361;2676.97;5.17924;0;0;0.1;0.01;0;2.71974;0;0;-1
0;1135;37.3233;-7.80939;89.7315;9.767;3902.76;5.87276;0;0;0.1;0.01;0;3.63571;0;0;-1
0;1136;35.4283;9.72577;91.1719;8.5238;2594.11;5.12524;0;0;0.1;0.01;0;1.96154;0;0;-1
