Time;ID;x;y;z;radius;volume_total;radius_nuclear;contact_ECM;freezer;polarized_fraction;motility;cell_line;Cell_cell;phase;Cycle;NFkB
0;0;-51.3192;-4.61425;-83.4229;8.5;2572.44;5.11093;0;0;0.1;0.01;0;2.64481;1;0;-1
0;1;-37.4328;-33.3444;-84.6874;9.8791;4038.69;5.94016;0;0;0.1;0.01;0;2.67525;0;0;-1
0;2;-37.6553;-13.8283;-86.4855;8.5;2572.44;5.11093;0;0;0.1;0.01;0;2.65245;1;0;-1
0;3;-38.5124;0.47091;-85.5946;8.93259;2985.53;5.37104;0;0;0.1;0.01;0;2.49515;0;0;-1
0;4;-35.4903;20.607;-84.3366;10.0373;4235.84;6.03528;0;0;0.1;0.01;0;3.05458;0;0;-1
0;5;-21.8004;-40.6256;-87.2634;9.31441;3384.97;5.60062;0;0;0.1;0.01;0;2.80782;0;0;-1
0;6;-20.5465;-22.3999;-85.9341;8.72424;2781.45;5.24576;0;0;0.1;0.01;0;4.23993;0;0;-1
0;7;-21.0326;-8.41914;-84.5075;8.68751;2746.47;5.22367;0;0;0.1;0.01;0;4.10902;0;0;-1
0;8;-20.3052;10.7138;-85.9748;8.9461;2999.09;5.37916;0;0;0.1;0.01;0;3.3939;0;0;-1
0;9;-22.2982;28.7616;-84.0079;9.1147;3171.87;5.48054;0;0;0.1;0.01;0;3.81231;0;0;-1
0;10;-8.84624;-49.3369;-83.4194;10.3831;4688.89;6.24321;0;0;0.1;0.01;0;3.60718;0;0;-1
0;11;-7.09477;-30.7526;-87.1631;9.25676;3322.5;5.56596;0;0;0.1;0.01;0;4.75199;0;0;-1
0;12;-6.80888;-16.6161;-86.2504;8.92614;2979.06;5.36716;0;0;0.1;0.01;0;5.07698;0;0;-1
0;13;-6.59274;0.142899;-85.5152;10.1914;4433.94;6.12794;0;0;0.1;0.01;0;5.02067;0;0;-1
0;14;-7.56593;20.0294;-83.7613;10.1998;4444.92;6.13299;0;0;0.1;0.01;0;5.00628;0;0;-1
0;15;-7.67569;38.2919;-83.9332;9.71243;3837.71;5.83994;0;0;0.1;0.01;0;3.32082;0;0;-1
0;16;7.44618;-40.872;-85.9557;10.0896;4302.4;6.06673;0;0;0.1;0.01;0;4.84657;0;0;-1
0;17;6.40393;-24.234;-83.4857;10.0954;4309.82;6.07022;0;0;0.1;0.01;0;6.03841;0;0;-1
0;18;8.72529;-6.02235;-85.8373;8.76963;2825.09;5.27305;0;0;0.1;0.01;0;3.89375;0;0;-1
0;19;6.47417;10.9339;-86.7574;8.73724;2793.9;5.25358;0;0;0.1;0.01;0;2.66707;0;0;-1
0;20;7.75681;27.7519;-87.3919;8.84193;2895.54;5.31652;0;0;0.1;0.01;0;3.18364;0;0;-1
0;21;8.87913;45.3804;-83.5798;10.2972;4573.47;6.19156;0;0;0.1;0.01;0;3.8016;0;0;-1
0;22;20.2442;-49.1566;-84.4958;9.44966;3534.57;5.68194;0;0;0.1;0.01;0;3.23409;0;0;-1
0;23;23.335;-34.0362;-86.6651;10.0918;4305.21;6.06805;0;0;0.1;0.01;0;5.12333;0;0;-1
0;24;20.6072;-15.7271;-84.9665;8.5;2572.44;5.11093;0;0;0.1;0.01;0;3.2816;1;0;-1
0;25;22.4791;3.45105;-86.8706;8.58914;2654.22;5.16453;0;0;0.1;0.01;0;3.58917;0;0;-1
0;26;23.6326;20.3948;-84.487;8.88816;2941.2;5.34432;0;0;0.1;0.01;0;4.47663;0;0;-1
0;27;23.5485;37.7413;-84.8631;9.8457;3997.87;5.92008;0;0;0.1;0.01;0;3.69296;0;0;-1
0;28;36.3527;-40.1933;-83.6474;9.99562;4183.29;6.01022;0;0;0.1;0.01;0;3.7692;0;0;-1
0;29;35.4726;-25.549;-86.1212;8.5;2572.44;5.11093;0;0;0.1;0.01;0;3.01631;1;0;-1
0;30;37.21;-5.59731;-85.3042;10.2046;4451.19;6.13588;0;0;0.1;0.01;0;2.52884;0;0;-1
0;31;36.558;10.8574;-83.9723;10.2277;4481.49;6.14977;0;0;0.1;0.01;0;3.93864;0;0;-1
0;32;37.5884;26.9812;-83.9291;10.0868;4298.82;6.06505;0;0;0.1;0.01;0;4.35801;0;0;-1
0;33;-70.5273;-14.7651;-69.3714;9.3986;3477.59;5.65124;0;0;0.1;0.01;0;2.28113;0;0;-1
0;34;-57.8094;-39.4507;-71.3433;9.97762;4160.73;5.9994;0;0;0.1;0.01;0;3.10511;0;0;-1
0;35;-56.6672;-25.1888;-72.4936;9.30194;3371.39;5.59312;0;0;0.1;0.01;0;3.99603;0;0;-1
0;36;-54.7635;-8.8973;-70.853;8.5;2572.44;5.11093;0;0;0.1;0.01;0;4.5044;1;0;-1
0;37;-56.2943;9.85696;-69.7926;10.3383;4628.45;6.21627;0;0;0.1;0.01;0;3.50732;0;0;-1
0;38;-57.7887;28.4715;-71.5019;8.5;2572.44;5.11093;0;0;0.1;0.01;0;2.15761;1;0;-1
0;39;-54.6553;46.9073;-68.5841;9.52835;3623.61;5.72926;0;0;0.1;0.01;0;3.23794;0;0;-1
0;40;-41.55;-51.3153;-72.6761;9.08313;3139.03;5.46155;0;0;0.1;0.01;0;2.11303;0;0;-1
0;41;-41.3966;-30.4507;-70.9851;9.44447;3528.75;5.67882;0;0;0.1;0.01;0;5.73747;0;0;-1
0;42;-42.2345;-16.623;-69.6688;10.4347;4759.14;6.27423;0;0;0.1;0.01;0;6.85616;0;0;-1
0;43;-39.411;1.73426;-69.0957;8.5;2572.44;5.11093;0;0;0.1;0.01;0;4.221;1;0;-1
0;44;-42.3643;16.7618;-69.0673;8.5;2572.44;5.11093;0;0;0.1;0.01;0;5.51265;1;0;-1
0;45;-42.4221;34.2517;-69.8615;9.48534;3574.76;5.7034;0;0;0.1;0.01;0;5.21169;0;0;-1
0;46;-41.2135;53.4628;-69.4142;8.5;2572.44;5.11093;0;0;0.1;0.01;0;3.80536;1;0;-1
0;47;-26.5825;-57.195;-70.3595;8.69547;2754.02;5.22846;0;0;0.1;0.01;0;4.02433;0;0;-1
0;48;-28.5584;-42.5898;-68.4941;10.4235;4743.83;6.2675;0;0;0.1;0.01;0;6.38725;0;0;-1
0;49;-26.2502;-24.7423;-70.6784;8.78999;2844.81;5.28529;0;0;0.1;0.01;0;5.8133;0;0;-1
0;50;-24.7265;-8.81087;-71.8683;8.5;2572.44;5.11093;0;0;0.1;0.01;0;4.4754;1;0;-1
0;51;-26.8792;11.1056;-69.651;9.33999;3412.93;5.616;0;0;0.1;0.01;0;5.34962;0;0;-1
0;52;-26.003;26.9264;-69.242;10.0291;4225.46;6.03035;0;0;0.1;0.01;0;6.5691;0;0;-1
0;53;-27.6158;43.7341;-70.67;9.33376;3406.11;5.61225;0;0;0.1;0.01;0;4.60041;0;0;-1
0;54;-27.1651;62.1936;-69.8068;9.79464;3935.99;5.88937;0;0;0.1;0.01;0;3.73898;0;0;-1
0;55;-13.5694;-63.8503;-69.0177;9.87774;4037.02;5.93934;0;0;0.1;0.01;0;4.04061;0;0;-1
0;56;-13.8224;-48.1333;-68.338;8.5;2572.44;5.11093;0;0;0.1;0.01;0;5.72071;1;0;-1
0;57;-11.3455;-31.1866;-72.607;8.91585;2968.77;5.36097;0;0;0.1;0.01;0;5.09785;0;0;-1
0;58;-12.6977;-15.0517;-70.9689;9.29638;3365.35;5.58978;0;0;0.1;0.01;0;6.58961;0;0;-1
0;59;-9.95066;1.96469;-71.7771;9.45092;3535.99;5.6827;0;0;0.1;0.01;0;5.80891;0;0;-1
0;60;-11.6484;16.5888;-70.1492;8.82064;2874.68;5.30372;0;0;0.1;0.01;0;5.34522;0;0;-1
0;61;-11.8848;36.6272;-70.9305;9.09843;3154.92;5.47075;0;0;0.1;0.01;0;4.65092;0;0;-1
0;62;-10.7486;55.0817;-70.3589;9.75011;3882.55;5.8626;0;0;0.1;0.01;0;3.3132;0;0;-1
0;63;2.17804;-56.2457;-69.0617;9.01971;3073.73;5.42342;0;0;0.1;0.01;0;4.73797;0;0;-1
0;64;3.94291;-40.15;-72.0477;8.76763;2823.16;5.27185;0;0;0.1;0.01;0;5.19838;0;0;-1
0;65;2.71999;-22.8966;-68.5007;10.2393;4496.76;6.15674;0;0;0.1;0.01;0;7.0708;0;0;-1
0;66;4.34379;-7.97603;-72.017;9.90275;4067.77;5.95438;0;0;0.1;0.01;0;6.59439;0;0;-1
0;67;2.35214;10.1683;-69.2087;8.5;2572.44;5.11093;0;0;0.1;0.01;0;4.96644;1;0;-1
0;68;4.40246;26.7934;-69.6915;8.5;2572.44;5.11093;0;0;0.1;0.01;0;4.49125;1;0;-1
0;69;4.43663;45.7973;-70.5477;9.40266;3482.1;5.65368;0;0;0.1;0.01;0;6.07155;0;0;-1
0;70;3.50533;63.7177;-70.1478;9.87208;4030.09;5.93594;0;0;0.1;0.01;0;3.45389;0;0;-1
0;71;16.3308;-66.2679;-69.9007;9.33398;3406.35;5.61239;0;0;0.1;0.01;0;2.89232;0;0;-1
0;72;15.9708;-47.1681;-70.9212;8.71329;2770.99;5.23917;0;0;0.1;0.01;0;4.75347;0;0;-1
0;73;19.2581;-30.2058;-70.8789;10.2304;4485.04;6.15139;0;0;0.1;0.01;0;6.89088;0;0;-1
0;74;16.4075;-14.0918;-69.227;8.5;2572.44;5.11093;0;0;0.1;0.01;0;6.69812;1;0;-1
0;75;16.9969;1.22374;-71.3289;9.24351;3308.26;5.55799;0;0;0.1;0.01;0;5.44007;0;0;-1
0;76;16.004;18.2064;-69.2076;8.72477;2781.96;5.24608;0;0;0.1;0.01;0;4.98812;0;0;-1
0;77;17.3083;35.4418;-70.6324;9.03495;3089.34;5.43258;0;0;0.1;0.01;0;5.48892;0;0;-1
0;78;19.4551;55.0761;-70.2818;10.194;4437.34;6.1295;0;0;0.1;0.01;0;4.06599;0;0;-1
0;79;31.0801;-57.7948;-69.4675;8.5;2572.44;5.11093;0;0;0.1;0.01;0;3.35993;1;0;-1
0;80;31.7647;-38.5274;-68.4293;9.87873;4038.24;5.93994;0;0;0.1;0.01;0;6.27515;0;0;-1
0;81;32.0179;-21.8262;-69.6522;8.5;2572.44;5.11093;0;0;0.1;0.01;0;4.93438;1;0;-1
0;82;33.3341;-6.33972;-68.8088;9.53103;3626.67;5.73087;0;0;0.1;0.01;0;5.56978;0;0;-1
0;83;30.5719;12.4394;-71.3006;9.73152;3860.39;5.85142;0;0;0.1;0.01;0;6.45154;0;0;-1
0;84;33.6231;28.6038;-68.5214;10.0382;4236.98;6.03582;0;0;0.1;0.01;0;6.88713;0;0;-1
0;85;34.0094;43.7505;-71.9708;8.5;2572.44;5.11093;0;0;0.1;0.01;0;4.23457;1;0;-1
0;86;46.3663;-51.2903;-68.906;9.61922;3728.28;5.7839;0;0;0.1;0.01;0;2.75873;0;0;-1
0;87;45.9805;-30.4859;-71.9445;9.01313;3067.01;5.41946;0;0;0.1;0.01;0;4.33406;0;0;-1
0;88;47.5536;-13.4231;-72.0036;9.9526;4129.51;5.98435;0;0;0.1;0.01;0;4.8646;0;0;-1
0;89;45.3341;1.64913;-69.0614;8.5;2572.44;5.11093;0;0;0.1;0.01;0;5.76138;1;0;-1
0;90;47.3081;17.1289;-68.9545;10.3912;4699.87;6.24808;0;0;0.1;0.01;0;6.38304;0;0;-1
0;91;48.9689;36.8813;-71.9527;10.2103;4458.66;6.13931;0;0;0.1;0.01;0;3.53577;0;0;-1
0;92;46.705;54.1077;-69.0011;8.5;2572.44;5.11093;0;0;0.1;0.01;0;2.53906;1;0;-1
0;93;60.0246;-25.668;-72.0461;10.0688;4275.84;6.05422;0;0;0.1;0.01;0;2.75309;0;0;-1
0;94;62.5621;-5.6098;-71.9209;8.73835;2794.97;5.25424;0;0;0.1;0.01;0;2.33698;0;0;-1
0;95;61.3324;9.87223;-68.8411;9.81409;3959.49;5.90107;0;0;0.1;0.01;0;3.63428;0;0;-1
0;96;-80.3929;-8.3121;-55.4101;9.69228;3813.88;5.82783;0;0;0.1;0.01;0;2.96324;0;0;-1
0;97;-80.1289;12.4619;-54.3327;8.7296;2786.58;5.24898;0;0;0.1;0.01;0;2.61332;0;0;-1
0;98;-65.7598;-48.4219;-54.2749;10.1245;4347.2;6.08771;0;0;0.1;0.01;0;4.67948;0;0;-1
0;99;-67.7039;-33.8751;-55.4068;8.95215;3005.18;5.3828;0;0;0.1;0.01;0;3.3035;0;0;-1
0;100;-65.5531;-12.65;-56.3758;8.50736;2579.13;5.11535;0;0;0.1;0.01;0;4.00181;0;0;-1
0;101;-64.5978;1.73603;-53.9677;9.72048;3847.26;5.84478;0;0;0.1;0.01;0;5.33382;0;0;-1
0;102;-68.0144;19.6436;-57.7808;8.68328;2742.46;5.22113;0;0;0.1;0.01;0;3.5347;0;0;-1
0;103;-66.4421;35.4405;-55.5512;8.5;2572.44;5.11093;0;0;0.1;0.01;0;3.49271;1;0;-1
0;104;-52.2479;-59.3457;-54.8746;9.7421;3872.99;5.85778;0;0;0.1;0.01;0;4.06032;0;0;-1
0;105;-52.9111;-42.3675;-57.5582;8.54632;2614.73;5.13878;0;0;0.1;0.01;0;4.59249;0;0;-1
0;106;-51.3201;-24.6947;-57.8047;8.5;2572.44;5.11093;0;0;0.1;0.01;0;4.56945;1;0;-1
0;107;-49.8623;-4.79442;-57.1197;9.83619;3986.29;5.91436;0;0;0.1;0.01;0;6.4222;0;0;-1
0;108;-51.7465;12.0415;-54.3873;9.7551;3888.52;5.8656;0;0;0.1;0.01;0;7.06111;0;0;-1
0;109;-51.0345;27.8559;-57.8097;10.3779;4681.85;6.24008;0;0;0.1;0.01;0;6.92789;0;0;-1
0;110;-52.1432;44.8067;-54.0127;9.75705;3890.85;5.86677;0;0;0.1;0.01;0;6.19753;0;0;-1
0;111;-50.5738;59.7328;-54.4346;10.0947;4308.92;6.0698;0;0;0.1;0.01;0;5.15202;0;0;-1
0;112;-38.6597;-66.5839;-56.3474;9.78686;3926.62;5.8847;0;0;0.1;0.01;0;4.10249;0;0;-1
0;113;-38.3707;-51.0446;-54.5669;9.22818;3291.83;5.54877;0;0;0.1;0.01;0;5.19146;0;0;-1
0;114;-36.5532;-31.2271;-56.2463;9.62245;3732.03;5.78584;0;0;0.1;0.01;0;6.18177;0;0;-1
0;115;-36.5243;-14.855;-55.7924;10.2702;4537.59;6.17532;0;0;0.1;0.01;0;6.81703;0;0;-1
0;116;-37.753;2.43778;-54.3725;8.98033;3033.65;5.39974;0;0;0.1;0.01;0;5.52361;0;0;-1
0;117;-36.0766;20.9954;-57.019;10.2728;4541.04;6.17689;0;0;0.1;0.01;0;7.54101;0;0;-1
0;118;-35.203;36.6482;-55.0623;8.75833;2814.18;5.26626;0;0;0.1;0.01;0;6.65395;0;0;-1
0;119;-37.0009;51.2824;-56.507;10.0445;4244.96;6.03961;0;0;0.1;0.01;0;6.94515;0;0;-1
0;120;-35.9293;70.3126;-57.9299;10.4064;4720.52;6.25722;0;0;0.1;0.01;0;4.27278;0;0;-1
0;121;-23.9309;-76.0248;-57.3288;9.56038;3660.28;5.74852;0;0;0.1;0.01;0;3.14478;0;0;-1
0;122;-21.83;-56.2154;-56.4041;9.42137;3502.92;5.66493;0;0;0.1;0.01;0;6.51105;0;0;-1
0;123;-21.0916;-40.4644;-54.8443;10.0066;4197.09;6.01682;0;0;0.1;0.01;0;6.98312;0;0;-1
0;124;-23.6253;-22.5389;-56.7446;9.91108;4078.04;5.95939;0;0;0.1;0.01;0;6.87671;0;0;-1
0;125;-21.5843;-7.15026;-56.3446;8.98657;3039.98;5.40349;0;0;0.1;0.01;0;5.62902;0;0;-1
0;126;-22.409;8.99935;-55.9819;9.44496;3529.3;5.67912;0;0;0.1;0.01;0;4.80019;0;0;-1
0;127;-21.4038;25.5961;-55.5887;8.61865;2681.68;5.18227;0;0;0.1;0.01;0;5.26595;0;0;-1
0;128;-21.7853;42.3055;-56.6996;8.5;2572.44;5.11093;0;0;0.1;0.01;0;5.12119;1;0;-1
0;129;-22.1158;63.2056;-54.4608;10.3642;4663.33;6.23184;0;0;0.1;0.01;0;7.1363;0;0;-1
0;130;-22.0264;77.9759;-57.0136;9.14647;3205.16;5.49964;0;0;0.1;0.01;0;3.5264;0;0;-1
0;131;-9.2884;-80.7884;-56.0065;8.5;2572.44;5.11093;0;0;0.1;0.01;0;2.471;1;0;-1
0;132;-5.77;-65.6684;-55.7468;9.0412;3095.76;5.43634;0;0;0.1;0.01;0;4.74577;0;0;-1
0;133;-6.23387;-47.1143;-55.1223;9.62786;3738.33;5.78909;0;0;0.1;0.01;0;5.8825;0;0;-1
0;134;-8.7714;-29.9194;-54.6158;9.80216;3945.06;5.8939;0;0;0.1;0.01;0;5.57551;0;0;-1
0;135;-8.94633;-14.1363;-55.425;8.61231;2675.76;5.17846;0;0;0.1;0.01;0;5.84019;0;0;-1
0;136;-7.06388;0.371131;-56.7172;8.5;2572.44;5.11093;0;0;0.1;0.01;0;5.33969;1;0;-1
0;137;-5.92519;20.9916;-55.1475;10.3787;4682.93;6.24056;0;0;0.1;0.01;0;6.33335;0;0;-1
0;138;-8.23699;36.9524;-55.4926;10.3709;4672.38;6.23587;0;0;0.1;0.01;0;6.41065;0;0;-1
0;139;-5.8298;54.9367;-55.1046;10.4463;4775.03;6.28121;0;0;0.1;0.01;0;6.18429;0;0;-1
0;140;-8.72053;70.3254;-55.1348;8.9171;2970.02;5.36172;0;0;0.1;0.01;0;3.30217;0;0;-1
0;141;8.98448;-74.3216;-56.9022;8.95921;3012.3;5.38704;0;0;0.1;0.01;0;3.46728;0;0;-1
0;142;6.8627;-58.0824;-56.2147;9.9375;4110.74;5.97527;0;0;0.1;0.01;0;6.12626;0;0;-1
0;143;7.34542;-41.7064;-54.9305;8.5;2572.44;5.11093;0;0;0.1;0.01;0;4.38131;1;0;-1
0;144;9.40228;-22.7198;-56.6019;9.348;3421.72;5.62082;0;0;0.1;0.01;0;6.49471;0;0;-1
0;145;6.03005;-8.01923;-56.8587;9.37777;3454.52;5.63872;0;0;0.1;0.01;0;6.47297;0;0;-1
0;146;5.61114;9.72069;-55.2377;8.95394;3006.98;5.38387;0;0;0.1;0.01;0;4.28085;0;0;-1
0;147;8.44455;27.7493;-53.9556;10.1128;4332.14;6.08068;0;0;0.1;0.01;0;6.67587;0;0;-1
0;148;8.53617;44.9762;-55.9751;10.2821;4553.38;6.18248;0;0;0.1;0.01;0;7.63891;0;0;-1
0;149;8.84236;59.8446;-57.7145;8.76315;2818.83;5.26915;0;0;0.1;0.01;0;5.81048;0;0;-1
0;150;8.5696;79.8389;-54.342;9.33081;3402.88;5.61048;0;0;0.1;0.01;0;2.80764;0;0;-1
0;151;22.2775;-64.2629;-56.6544;9.79249;3933.4;5.88808;0;0;0.1;0.01;0;4.96784;0;0;-1
0;152;24.1781;-49.9828;-53.7236;8.97699;3030.27;5.39773;0;0;0.1;0.01;0;5.40028;0;0;-1
0;153;20.2918;-32.616;-55.2868;9.10775;3164.62;5.47636;0;0;0.1;0.01;0;5.1543;0;0;-1
0;154;20.5195;-12.7137;-57.3715;9.31056;3380.77;5.5983;0;0;0.1;0.01;0;6.00973;0;0;-1
0;155;23.6308;1.41854;-56.4384;9.29185;3360.43;5.58705;0;0;0.1;0.01;0;5.67938;0;0;-1
0;156;23.7516;20.6572;-55.7379;10.1452;4373.92;6.10016;0;0;0.1;0.01;0;6.42586;0;0;-1
0;157;22.6893;38.2411;-56.2086;10.0929;4306.62;6.06871;0;0;0.1;0.01;0;7.04082;0;0;-1
0;158;22.9284;54.3753;-53.9805;10.4336;4757.64;6.27357;0;0;0.1;0.01;0;7.09882;0;0;-1
0;159;22.0558;70.5656;-57.692;9.08793;3144.01;5.46444;0;0;0.1;0.01;0;2.47024;0;0;-1
0;160;38.5717;-56.0252;-56.423;9.06067;3115.8;5.44805;0;0;0.1;0.01;0;4.55452;0;0;-1
0;161;34.9342;-38.3547;-54.7233;8.60039;2664.67;5.17129;0;0;0.1;0.01;0;5.32529;0;0;-1
0;162;38.5239;-25.0975;-56.4573;9.04343;3098.05;5.43768;0;0;0.1;0.01;0;5.60515;0;0;-1
0;163;37.2046;-5.69475;-54.8309;8.57831;2644.2;5.15801;0;0;0.1;0.01;0;5.96439;0;0;-1
0;164;38.4607;8.33323;-55.4134;9.23354;3297.56;5.55199;0;0;0.1;0.01;0;6.964;0;0;-1
0;165;38.8689;25.4332;-54.6061;9.85015;4003.29;5.92275;0;0;0.1;0.01;0;6.32576;0;0;-1
0;166;36.7812;46.1499;-56.6521;9.17439;3234.6;5.51643;0;0;0.1;0.01;0;5.85613;0;0;-1
0;167;36.37;60.7303;-54.118;8.5;2572.44;5.11093;0;0;0.1;0.01;0;4.54215;1;0;-1
0;168;52.8854;-50.9597;-56.0597;8.97539;3028.65;5.39677;0;0;0.1;0.01;0;3.28801;0;0;-1
0;169;52.0647;-31.0888;-54.1315;9.95776;4135.93;5.98746;0;0;0.1;0.01;0;5.73238;0;0;-1
0;170;52.9145;-15.0658;-54.3827;8.5;2572.44;5.11093;0;0;0.1;0.01;0;5.22839;1;0;-1
0;171;52.2507;0.0404557;-54.389;9.99184;4178.54;6.00795;0;0;0.1;0.01;0;7.51505;0;0;-1
0;172;51.1918;18.0871;-56.0381;9.0008;3054.44;5.41205;0;0;0.1;0.01;0;6.79165;0;0;-1
0;173;52.9433;34.0768;-55.7715;9.24176;3306.38;5.55694;0;0;0.1;0.01;0;5.30946;0;0;-1
0;174;52.6959;55.2601;-56.5048;10.1122;4331.37;6.08032;0;0;0.1;0.01;0;4.26955;0;0;-1
0;175;64.6159;-40.8722;-56.6772;9.03274;3087.07;5.43126;0;0;0.1;0.01;0;2.99476;0;0;-1
0;176;67.2842;-25.0845;-56.1112;9.38578;3463.38;5.64353;0;0;0.1;0.01;0;4.42039;0;0;-1
0;177;67.7718;-4.49945;-55.1319;8.5;2572.44;5.11093;0;0;0.1;0.01;0;5.13925;1;0;-1
0;178;65.8318;11.9934;-53.8096;9.54477;3642.38;5.73913;0;0;0.1;0.01;0;5.87395;0;0;-1
0;179;66.0097;26.6436;-55.2789;8.5;2572.44;5.11093;0;0;0.1;0.01;0;3.88918;1;0;-1
0;180;64.7672;46.0645;-54.3207;9.81335;3958.59;5.90062;0;0;0.1;0.01;0;3.39612;0;0;-1
0;181;79.7169;-16.8484;-56.7568;10.1836;4423.77;6.12325;0;0;0.1;0.01;0;2.8273;0;0;-1
0;182;82.2207;1.12278;-54.4665;8.92226;2975.18;5.36483;0;0;0.1;0.01;0;2.82775;0;0;-1
0;183;-87.5137;-21.6609;-40.6319;9.37018;3446.14;5.63415;0;0;0.1;0.01;0;3.14504;0;0;-1
0;184;-84.1178;-8.17241;-40.1267;10.0307;4227.49;6.03131;0;0;0.1;0.01;0;5.21946;0;0;-1
0;185;-86.312;12.3504;-39.6255;9.63572;3747.5;5.79382;0;0;0.1;0.01;0;4.44059;0;0;-1
0;186;-86.6549;29.3353;-39.2266;9.84885;4001.71;5.92197;0;0;0.1;0.01;0;3.00505;0;0;-1
0;187;-70.1798;-48.0382;-39.642;8.5;2572.44;5.11093;0;0;0.1;0.01;0;4.05738;1;0;-1
0;188;-72.1219;-33.9487;-41.5629;10.2288;4482.94;6.15043;0;0;0.1;0.01;0;5.02673;0;0;-1
0;189;-71.5927;-14.5712;-41.6333;8.5;2572.44;5.11093;0;0;0.1;0.01;0;5.38711;1;0;-1
0;190;-72.6822;3.61434;-40.9288;10.2704;4537.86;6.17544;0;0;0.1;0.01;0;7.38557;0;0;-1
0;191;-70.509;19.0718;-42.0662;9.73679;3866.66;5.85459;0;0;0.1;0.01;0;6.24081;0;0;-1
0;192;-69.9842;37.0788;-42.9186;9.92192;4091.44;5.96591;0;0;0.1;0.01;0;5.68296;0;0;-1
0;193;-72.6593;51.3901;-41.1036;9.59208;3696.81;5.76758;0;0;0.1;0.01;0;3.09275;0;0;-1
0;194;-56.9531;-59.2035;-39.9331;10.3288;4615.71;6.21056;0;0;0.1;0.01;0;5.24903;0;0;-1
0;195;-56.7238;-39.457;-41.8716;9.50868;3601.22;5.71743;0;0;0.1;0.01;0;6.64185;0;0;-1
0;196;-54.165;-24.6425;-40.9086;9.31218;3382.54;5.59928;0;0;0.1;0.01;0;5.42178;0;0;-1
0;197;-57.4628;-7.33024;-42.0164;10.0834;4294.47;6.063;0;0;0.1;0.01;0;6.99066;0;0;-1
0;198;-55.0613;9.53879;-39.8538;10.2811;4552.05;6.18188;0;0;0.1;0.01;0;6.71281;0;0;-1
0;199;-55.5424;25.8721;-41.5441;9.89022;4052.35;5.94685;0;0;0.1;0.01;0;6.11478;0;0;-1
0;200;-56.9715;42.6508;-40.1081;9.6706;3788.34;5.81479;0;0;0.1;0.01;0;6.52686;0;0;-1
0;201;-54.2537;60.446;-39.5901;9.62047;3729.73;5.78465;0;0;0.1;0.01;0;5.24114;0;0;-1
0;202;-40.5219;-80.6244;-40.986;8.5;2572.44;5.11093;0;0;0.1;0.01;0;2.97084;1;0;-1
0;203;-41.68;-65.9034;-39.2293;9.46189;3548.32;5.6893;0;0;0.1;0.01;0;6.38232;0;0;-1
0;204;-43.0554;-47.5211;-41.7178;8.5;2572.44;5.11093;0;0;0.1;0.01;0;4.90226;1;0;-1
0;205;-42.5716;-31.692;-42.2017;8.64528;2706.61;5.19828;0;0;0.1;0.01;0;5.09562;0;0;-1
0;206;-40.2492;-13.4526;-40.6541;9.60474;3711.47;5.77519;0;0;0.1;0.01;0;6.1048;0;0;-1
0;207;-42.0132;1.95089;-39.9941;9.25091;3316.21;5.56244;0;0;0.1;0.01;0;6.47546;0;0;-1
0;208;-41.7832;19.6619;-42.4192;8.59492;2659.59;5.168;0;0;0.1;0.01;0;5.91488;0;0;-1
0;209;-41.4538;34.4571;-41.4056;8.78789;2842.77;5.28403;0;0;0.1;0.01;0;5.64416;0;0;-1
0;210;-40.2703;53.6161;-41.2188;9.53739;3633.94;5.73469;0;0;0.1;0.01;0;7.07269;0;0;-1
0;211;-40.8055;68.4812;-42.1358;10.3601;4657.8;6.22938;0;0;0.1;0.01;0;6.08145;0;0;-1
0;212;-27.6608;-72.9654;-42.8786;9.39388;3472.35;5.6484;0;0;0.1;0.01;0;6.10696;0;0;-1
0;213;-28.1464;-57.7292;-40.4581;10.4418;4768.86;6.2785;0;0;0.1;0.01;0;7.09454;0;0;-1
0;214;-25.2957;-38.503;-42.3686;9.23225;3296.18;5.55122;0;0;0.1;0.01;0;5.32791;0;0;-1
0;215;-25.0122;-22.3752;-39.8191;9.9908;4177.24;6.00732;0;0;0.1;0.01;0;6.3903;0;0;-1
0;216;-24.748;-5.18173;-40.6513;8.87426;2927.42;5.33596;0;0;0.1;0.01;0;5.61484;0;0;-1
0;217;-25.4505;9.75882;-41.0432;8.5;2572.44;5.11093;0;0;0.1;0.01;0;4.04183;1;0;-1
0;218;-28.1763;27.017;-42.0166;9.3773;3454;5.63843;0;0;0.1;0.01;0;5.49098;0;0;-1
0;219;-27.2202;44.1209;-42.0981;9.59228;3697.04;5.7677;0;0;0.1;0.01;0;6.10556;0;0;-1
0;220;-27.5581;60.534;-40.7632;9.41372;3494.4;5.66033;0;0;0.1;0.01;0;7.06714;0;0;-1
0;221;-25.0157;77.1712;-42.0762;9.57316;3674.98;5.7562;0;0;0.1;0.01;0;5.24542;0;0;-1
0;222;-12.9884;-83.1417;-42.1713;8.61093;2674.48;5.17763;0;0;0.1;0.01;0;4.03742;0;0;-1
0;223;-12.948;-67.6051;-39.7395;10.0617;4266.8;6.04995;0;0;0.1;0.01;0;6.69572;0;0;-1
0;224;-12.3938;-49.3815;-41.838;9.18212;3242.78;5.52108;0;0;0.1;0.01;0;5.31901;0;0;-1
0;225;-9.78502;-33.3272;-39.8348;9.50911;3601.71;5.71769;0;0;0.1;0.01;0;6.11684;0;0;-1
0;226;-13.0727;-15.5113;-40.764;8.69144;2750.2;5.22604;0;0;0.1;0.01;0;6.37282;0;0;-1
0;227;-11.0639;0.255875;-41.446;8.66025;2720.7;5.20728;0;0;0.1;0.01;0;5.45315;0;0;-1
0;228;-12.5381;20.0343;-39.342;9.95302;4130.03;5.98461;0;0;0.1;0.01;0;6.16051;0;0;-1
0;229;-9.95872;34.3117;-39.7635;8.5;2572.44;5.11093;0;0;0.1;0.01;0;6.08795;1;0;-1
0;230;-11.5617;52.9666;-39.3559;10.1789;4417.65;6.12042;0;0;0.1;0.01;0;6.47099;0;0;-1
0;231;-11.0993;70.7602;-40.0389;9.43087;3513.53;5.67065;0;0;0.1;0.01;0;5.57563;0;0;-1
0;232;-9.78753;87.1028;-39.9603;8.5;2572.44;5.11093;0;0;0.1;0.01;0;2.38838;1;0;-1
0;233;2.81977;-89.5431;-42.0584;9.11671;3173.97;5.48175;0;0;0.1;0.01;0;2.88043;0;0;-1
0;234;4.6815;-74.932;-41.1595;8.55271;2620.59;5.14262;0;0;0.1;0.01;0;5.17804;0;0;-1
0;235;2.01118;-59.7574;-39.3796;9.47364;3561.55;5.69636;0;0;0.1;0.01;0;5.41873;0;0;-1
0;236;3.62839;-40.7659;-39.8072;8.5;2572.44;5.11093;0;0;0.1;0.01;0;4.8506;1;0;-1
0;237;4.67575;-25.2827;-39.5114;9.5216;3615.92;5.7252;0;0;0.1;0.01;0;6.13901;0;0;-1
0;238;1.23521;-8.08174;-42.4298;10.2613;4525.8;6.16997;0;0;0.1;0.01;0;6.26804;0;0;-1
0;239;3.21701;10.4523;-41.0101;8.61838;2681.42;5.18211;0;0;0.1;0.01;0;4.37009;0;0;-1
0;240;4.07584;27.1883;-39.4779;8.90471;2957.66;5.35427;0;0;0.1;0.01;0;6.72728;0;0;-1
0;241;1.22668;43.0309;-40.2767;10.0973;4312.25;6.07136;0;0;0.1;0.01;0;7.97699;0;0;-1
0;242;1.52108;60.6226;-40.9776;8.5;2572.44;5.11093;0;0;0.1;0.01;0;5.36272;1;0;-1
0;243;3.9555;76.3854;-41.0712;9.14274;3201.24;5.4974;0;0;0.1;0.01;0;5.26491;0;0;-1
0;244;17.674;-82.3226;-42.096;8.5;2572.44;5.11093;0;0;0.1;0.01;0;3.29323;1;0;-1
0;245;18.2131;-65.4535;-39.2906;10.2625;4527.39;6.17069;0;0;0.1;0.01;0;5.88422;0;0;-1
0;246;17.9197;-46.4585;-40.8011;8.89095;2943.97;5.346;0;0;0.1;0.01;0;5.26664;0;0;-1
0;247;17.8337;-31.7627;-41.1608;8.5;2572.44;5.11093;0;0;0.1;0.01;0;5.83895;1;0;-1
0;248;19.0963;-15.4963;-41.7734;9.48375;3572.97;5.70244;0;0;0.1;0.01;0;5.92498;0;0;-1
0;249;19.7514;1.94192;-42.1569;9.10927;3166.21;5.47727;0;0;0.1;0.01;0;4.69289;0;0;-1
0;250;17.662;17.7323;-40.5148;9.27102;3337.88;5.57453;0;0;0.1;0.01;0;5.5987;0;0;-1
0;251;19.0267;36.715;-42.8392;9.9124;4079.67;5.96018;0;0;0.1;0.01;0;7.633;0;0;-1
0;252;16.797;52.0116;-39.692;10.0976;4312.64;6.07154;0;0;0.1;0.01;0;7.44145;0;0;-1
0;253;18.7611;68.4673;-41.1983;10.3155;4597.9;6.20256;0;0;0.1;0.01;0;5.94213;0;0;-1
0;254;16.4131;87.418;-41.1273;10.0767;4285.92;6.05897;0;0;0.1;0.01;0;3.14718;0;0;-1
0;255;32.9563;-75.6287;-42.503;8.64912;2710.22;5.20059;0;0;0.1;0.01;0;2.25333;0;0;-1
0;256;30.5658;-56.4959;-40.5239;9.0958;3152.18;5.46917;0;0;0.1;0.01;0;6.27875;0;0;-1
0;257;33.7157;-41.1813;-40.4708;10.005;4195.08;6.01586;0;0;0.1;0.01;0;7.65189;0;0;-1
0;258;32.7729;-25.2887;-41.5699;10.1242;4346.81;6.08753;0;0;0.1;0.01;0;7.40626;0;0;-1
0;259;33.7377;-8.05178;-42.0305;8.5;2572.44;5.11093;0;0;0.1;0.01;0;4.7261;1;0;-1
0;260;33.8431;10.0426;-42.2931;8.5;2572.44;5.11093;0;0;0.1;0.01;0;5.10303;1;0;-1
0;261;33.8509;29.5211;-39.878;8.93213;2985.06;5.37076;0;0;0.1;0.01;0;6.03261;0;0;-1
0;262;32.9458;46.1532;-39.4231;10.038;4236.72;6.0357;0;0;0.1;0.01;0;7.76785;0;0;-1
0;263;33.9182;60.0846;-39.7078;9.38769;3465.49;5.64468;0;0;0.1;0.01;0;6.20767;0;0;-1
0;264;33.5483;79.8397;-40.4281;8.95437;3007.42;5.38413;0;0;0.1;0.01;0;2.74586;0;0;-1
0;265;47.8251;-65.2729;-41.609;8.94443;2997.41;5.37816;0;0;0.1;0.01;0;2.46722;0;0;-1
0;266;47.1402;-47.7039;-39.9531;9.52788;3623.08;5.72898;0;0;0.1;0.01;0;5.80369;0;0;-1
0;267;47.7651;-30.2364;-39.2236;10.3176;4600.71;6.20382;0;0;0.1;0.01;0;7.65997;0;0;-1
0;268;46.7891;-14.942;-42.5865;10.067;4273.55;6.05314;0;0;0.1;0.01;0;7.77906;0;0;-1
0;269;46.083;2.87904;-42.1841;8.5;2572.44;5.11093;0;0;0.1;0.01;0;6.19943;1;0;-1
0;270;47.7583;16.8701;-43.0419;10.1627;4396.59;6.11068;0;0;0.1;0.01;0;7.43817;0;0;-1
0;271;46.8483;37.9678;-41.1021;9.52653;3621.54;5.72816;0;0;0.1;0.01;0;6.19039;0;0;-1
0;272;46.7024;52.1401;-42.8722;9.67637;3795.12;5.81826;0;0;0.1;0.01;0;6.60568;0;0;-1
0;273;46.8337;69.2634;-39.8995;9.92643;4097.02;5.96862;0;0;0.1;0.01;0;4.49505;0;0;-1
0;274;60.375;-55.3628;-39.3277;9.8308;3979.74;5.91112;0;0;0.1;0.01;0;4.74561;0;0;-1
0;275;63.9926;-41.6932;-39.8246;8.94562;2998.61;5.37887;0;0;0.1;0.01;0;4.28104;0;0;-1
0;276;61.208;-23.3546;-39.83;8.55006;2618.16;5.14103;0;0;0.1;0.01;0;5.54337;0;0;-1
0;277;63.416;-7.79333;-42.3289;9.67674;3795.56;5.81848;0;0;0.1;0.01;0;6.80279;0;0;-1
0;278;63.6;8.2268;-39.4684;10.0114;4203.13;6.01971;0;0;0.1;0.01;0;6.56088;0;0;-1
0;279;63.0191;26.1902;-42.2753;10.0357;4233.81;6.03432;0;0;0.1;0.01;0;6.07443;0;0;-1
0;280;61.5478;42.1398;-41.1946;8.88075;2933.85;5.33987;0;0;0.1;0.01;0;5.08254;0;0;-1
0;281;61.9963;60.4256;-42.4612;9.23144;3295.32;5.55073;0;0;0.1;0.01;0;3.67739;0;0;-1
0;282;74.9431;-32.4991;-43.1699;9.0112;3065.04;5.4183;0;0;0.1;0.01;0;3.2164;0;0;-1
0;283;77.74;-15.0011;-41.1221;8.62851;2690.89;5.1882;0;0;0.1;0.01;0;4.46485;0;0;-1
0;284;76.3292;-0.0855704;-41.4686;10.2851;4557.37;6.18428;0;0;0.1;0.01;0;6.87695;0;0;-1
0;285;78.7361;19.7283;-42.8209;8.99017;3043.63;5.40566;0;0;0.1;0.01;0;3.33202;0;0;-1
0;286;76.536;34.34;-41.9435;9.23964;3304.1;5.55566;0;0;0.1;0.01;0;3.54028;0;0;-1
0;287;90.5162;-4.56018;-40.5364;8.7003;2758.62;5.23136;0;0;0.1;0.01;0;2.23204;0;0;-1
0;288;-95.1287;-13.5079;-24.7015;8.77145;2826.85;5.27415;0;0;0.1;0.01;0;3.17529;0;0;-1
0;289;-95.6314;1.24911;-26.1;9.92316;4092.97;5.96665;0;0;0.1;0.01;0;3.87577;0;0;-1
0;290;-80.8677;-41.4983;-24.6566;9.90428;4069.65;5.9553;0;0;0.1;0.01;0;2.88765;0;0;-1
0;291;-81.7948;-23.4405;-27.341;9.5595;3659.27;5.74799;0;0;0.1;0.01;0;3.86456;0;0;-1
0;292;-78.9083;-4.65572;-26.4868;10.0423;4242.17;6.03829;0;0;0.1;0.01;0;5.59142;0;0;-1
0;293;-82.5753;10.9685;-26.4484;10.1274;4350.93;6.08946;0;0;0.1;0.01;0;6.28641;0;0;-1
0;294;-82.416;27.6785;-25.1468;10.0349;4232.8;6.03384;0;0;0.1;0.01;0;5.02643;0;0;-1
0;295;-80.4039;44.5622;-28.1145;9.88358;4044.19;5.94285;0;0;0.1;0.01;0;3.28346;0;0;-1
0;296;-64.0824;-67.8804;-25.9999;8.5;2572.44;5.11093;0;0;0.1;0.01;0;2.5181;1;0;-1
0;297;-64.3807;-48.9974;-26.1257;8.77835;2833.53;5.27829;0;0;0.1;0.01;0;4.35812;0;0;-1
0;298;-64.5295;-31.2662;-25.4601;9.74862;3880.77;5.8617;0;0;0.1;0.01;0;5.46837;0;0;-1
0;299;-64.4865;-12.8918;-26.9961;9.28066;3348.31;5.58033;0;0;0.1;0.01;0;5.5584;0;0;-1
0;300;-66.0798;4.44294;-26.0307;8.5;2572.44;5.11093;0;0;0.1;0.01;0;5.93966;1;0;-1
0;301;-65.471;20.2187;-26.9339;8.59094;2655.89;5.16561;0;0;0.1;0.01;0;5.71368;0;0;-1
0;302;-64.6848;35.218;-27.17;10.0497;4251.56;6.04274;0;0;0.1;0.01;0;6.30912;0;0;-1
0;303;-64.5511;50.9169;-26.2273;9.27992;3347.51;5.57988;0;0;0.1;0.01;0;5.749;0;0;-1
0;304;-66.6766;68.6685;-26.711;9.4554;3541.02;5.68539;0;0;0.1;0.01;0;2.15161;0;0;-1
0;305;-49.7076;-72.4986;-27.7886;8.99661;3050.18;5.40953;0;0;0.1;0.01;0;5.23037;0;0;-1
0;306;-49.6172;-58.1764;-26.2861;9.25063;3315.91;5.56227;0;0;0.1;0.01;0;6.29404;0;0;-1
0;307;-51.5422;-39.7135;-26.348;9.3425;3415.69;5.61751;0;0;0.1;0.01;0;6.00908;0;0;-1
0;308;-52.4131;-23.1172;-27.5491;9.77632;3913.95;5.87836;0;0;0.1;0.01;0;6.55616;0;0;-1
0;309;-50.4807;-7.03514;-27.8128;9.73264;3861.72;5.8521;0;0;0.1;0.01;0;6.60898;0;0;-1
0;310;-53.02;8.65137;-26.3225;8.9409;2993.87;5.37603;0;0;0.1;0.01;0;5.48668;0;0;-1
0;311;-51.1134;26.7858;-24.4724;9.14375;3202.3;5.498;0;0;0.1;0.01;0;5.57938;0;0;-1
0;312;-49.9876;45.5121;-24.8751;9.78011;3918.5;5.88064;0;0;0.1;0.01;0;7.33706;0;0;-1
0;313;-50.6674;62.4887;-25.5789;8.75947;2815.28;5.26694;0;0;0.1;0.01;0;6.08578;0;0;-1
0;314;-51.7937;78.4842;-28.2571;8.72318;2780.44;5.24512;0;0;0.1;0.01;0;2.65289;0;0;-1
0;315;-36.4345;-82.1754;-26.5176;10.3133;4594.96;6.20124;0;0;0.1;0.01;0;6.19621;0;0;-1
0;316;-34.9842;-67.3056;-26.8042;8.88636;2939.41;5.34324;0;0;0.1;0.01;0;6.99048;0;0;-1
0;317;-38.3678;-47.1068;-27.1479;10.1598;4392.83;6.10894;0;0;0.1;0.01;0;5.7126;0;0;-1
0;318;-36.0581;-30.0832;-26.0757;9.32899;3400.89;5.60939;0;0;0.1;0.01;0;6.11548;0;0;-1
0;319;-34.6364;-13.7603;-26.8021;8.77558;2830.85;5.27663;0;0;0.1;0.01;0;5.01396;0;0;-1
0;320;-36.5862;4.31789;-27.4489;8.5;2572.44;5.11093;0;0;0.1;0.01;0;4.19249;1;0;-1
0;321;-38.3552;18.5455;-27.4802;9.50184;3593.45;5.71332;0;0;0.1;0.01;0;5.45495;0;0;-1
0;322;-38.2421;34.5856;-25.1767;8.5;2572.44;5.11093;0;0;0.1;0.01;0;5.50196;1;0;-1
0;323;-37.6477;52.2757;-27.8656;9.223;3286.29;5.54566;0;0;0.1;0.01;0;6.07438;0;0;-1
0;324;-38.2065;67.7263;-25.7569;8.5;2572.44;5.11093;0;0;0.1;0.01;0;4.48705;1;0;-1
0;325;-35.5373;85.8446;-24.9506;10.2803;4550.99;6.1814;0;0;0.1;0.01;0;3.74711;0;0;-1
0;326;-21.7859;-90.7728;-25.2884;10.3383;4628.45;6.21627;0;0;0.1;0.01;0;3.98814;0;0;-1
0;327;-20.5833;-73.0884;-27.0224;10.1729;4409.84;6.11682;0;0;0.1;0.01;0;8.27714;0;0;-1
0;328;-20.3453;-59.1611;-26.3083;9.74517;3876.65;5.85963;0;0;0.1;0.01;0;7.26715;0;0;-1
0;329;-22.0185;-40.5869;-26.6587;8.61701;2680.15;5.18128;0;0;0.1;0.01;0;4.98837;0;0;-1
0;330;-21.3617;-21.1053;-24.9756;10.094;4308.03;6.06938;0;0;0.1;0.01;0;6.84138;0;0;-1
0;331;-19.7208;-5.48402;-28.0834;8.5;2572.44;5.11093;0;0;0.1;0.01;0;4.64979;1;0;-1
0;332;-21.3102;11.806;-25.7698;8.5;2572.44;5.11093;0;0;0.1;0.01;0;4.00245;1;0;-1
0;333;-22.7728;28.76;-27.7827;8.64731;2708.52;5.1995;0;0;0.1;0.01;0;5.10211;0;0;-1
0;334;-21.2672;44.771;-27.8843;9.74786;3879.86;5.86125;0;0;0.1;0.01;0;5.84125;0;0;-1
0;335;-21.6912;62.1725;-26.6104;9.66986;3787.47;5.81435;0;0;0.1;0.01;0;6.33956;0;0;-1
0;336;-22.8404;78.759;-27.9136;9.43208;3514.88;5.67137;0;0;0.1;0.01;0;5.63069;0;0;-1
0;337;-5.9433;-81.2693;-28.6518;9.37792;3454.68;5.63881;0;0;0.1;0.01;0;6.09289;0;0;-1
0;338;-7.9088;-66.6067;-26.335;9.47884;3567.42;5.69949;0;0;0.1;0.01;0;6.68872;0;0;-1
0;339;-8.56358;-48.5886;-24.3786;9.13807;3196.33;5.49459;0;0;0.1;0.01;0;5.18555;0;0;-1
0;340;-8.20492;-29.6902;-25.5462;8.77274;2828.1;5.27492;0;0;0.1;0.01;0;5.56612;0;0;-1
0;341;-6.01282;-13.3242;-27.815;9.41095;3491.31;5.65867;0;0;0.1;0.01;0;6.5968;0;0;-1
0;342;-5.49461;1.92796;-27.6485;8.53399;2603.42;5.13136;0;0;0.1;0.01;0;5.70925;0;0;-1
0;343;-6.60722;21.1276;-25.6299;9.60397;3710.57;5.77473;0;0;0.1;0.01;0;6.70049;0;0;-1
0;344;-7.09139;35.4092;-27.0935;9.34522;3418.67;5.61915;0;0;0.1;0.01;0;7.4846;0;0;-1
0;345;-7.92621;51.516;-26.0272;8.65073;2711.73;5.20156;0;0;0.1;0.01;0;5.61194;0;0;-1
0;346;-9.34194;72.1611;-24.4862;8.6207;2683.59;5.1835;0;0;0.1;0.01;0;5.03743;0;0;-1
0;347;-9.10031;88.2441;-25.6721;8.64271;2704.2;5.19674;0;0;0.1;0.01;0;3.96886;0;0;-1
0;348;9.34465;-90.4745;-25.4116;10.3115;4592.55;6.20016;0;0;0.1;0.01;0;4.27739;0;0;-1
0;349;6.59563;-75.7941;-25.3176;9.7822;3921.01;5.88189;0;0;0.1;0.01;0;6.67403;0;0;-1
0;350;9.44284;-58.6596;-25.7674;9.33001;3402;5.61;0;0;0.1;0.01;0;5.8085;0;0;-1
0;351;5.72989;-40.0289;-25.3941;9.62018;3729.39;5.78447;0;0;0.1;0.01;0;6.09847;0;0;-1
0;352;8.2655;-25.5186;-26.5945;8.72878;2785.8;5.24849;0;0;0.1;0.01;0;5.85995;0;0;-1
0;353;9.02225;-8.76783;-27.6969;10.2426;4501.11;6.15873;0;0;0.1;0.01;0;6.79657;0;0;-1
0;354;5.51928;9.93573;-25.5099;9.14542;3204.05;5.49901;0;0;0.1;0.01;0;4.58345;0;0;-1
0;355;9.43481;29.3303;-27.6614;10.081;4291.4;6.06156;0;0;0.1;0.01;0;6.86178;0;0;-1
0;356;6.25161;44.0481;-25.2426;10.3766;4680.09;6.2393;0;0;0.1;0.01;0;7.20051;0;0;-1
0;357;6.86988;63.4096;-24.6215;10.1832;4423.25;6.12301;0;0;0.1;0.01;0;6.80693;0;0;-1
0;358;5.89699;78.2868;-28.0029;9.05381;3108.73;5.44392;0;0;0.1;0.01;0;5.55733;0;0;-1
0;359;8.24903;95.6183;-26.8443;10.0208;4214.98;6.02536;0;0;0.1;0.01;0;2.99711;0;0;-1
0;360;22.5751;-82.37;-25.2187;9.14669;3205.39;5.49977;0;0;0.1;0.01;0;4.65767;0;0;-1
0;361;23.7032;-65.8971;-25.4705;9.51617;3609.73;5.72193;0;0;0.1;0.01;0;5.43835;0;0;-1
0;362;23.2793;-47.2942;-27.4327;10.114;4333.69;6.0814;0;0;0.1;0.01;0;6.25953;0;0;-1
0;363;22.794;-31.7638;-26.0498;9.7203;3847.05;5.84468;0;0;0.1;0.01;0;6.89788;0;0;-1
0;364;22.1301;-16.0916;-25.5893;10.0142;4206.66;6.02139;0;0;0.1;0.01;0;6.73077;0;0;-1
0;365;22.3202;1.01355;-26.8074;9.03568;3090.09;5.43302;0;0;0.1;0.01;0;5.17187;0;0;-1
0;366;23.3862;18.1864;-28.0098;9.62583;3735.97;5.78787;0;0;0.1;0.01;0;6.25464;0;0;-1
0;367;23.2533;34.9348;-27.5207;9.48752;3577.23;5.70471;0;0;0.1;0.01;0;7.41989;0;0;-1
0;368;20.5946;51.1123;-24.5187;9.78732;3927.17;5.88497;0;0;0.1;0.01;0;6.26134;0;0;-1
0;369;20.291;69.1527;-26.9517;9.41126;3491.66;5.65885;0;0;0.1;0.01;0;5.36185;0;0;-1
0;370;23.3588;84.5744;-24.8052;9.48309;3572.22;5.70204;0;0;0.1;0.01;0;4.90126;0;0;-1
0;371;38.0676;-75.9946;-27.1002;9.08221;3138.07;5.461;0;0;0.1;0.01;0;3.94028;0;0;-1
0;372;35.2274;-56.916;-27.0367;8.68961;2748.46;5.22494;0;0;0.1;0.01;0;5.60629;0;0;-1
0;373;37.5333;-39.9429;-26.8269;9.92192;4091.44;5.96591;0;0;0.1;0.01;0;7.96573;0;0;-1
0;374;37.6934;-23.1661;-27.6903;9.98008;4163.81;6.00088;0;0;0.1;0.01;0;7.59106;0;0;-1
0;375;37.4538;-7.20959;-24.8385;9.68117;3800.77;5.82115;0;0;0.1;0.01;0;6.57043;0;0;-1
0;376;35.1273;8.91607;-26.7869;8.8148;2868.97;5.30021;0;0;0.1;0.01;0;5.30819;0;0;-1
0;377;37.229;25.3893;-24.7085;9.96675;4147.15;5.99286;0;0;0.1;0.01;0;6.87988;0;0;-1
0;378;37.0155;42.1404;-27.0975;9.84583;3998.03;5.92015;0;0;0.1;0.01;0;6.57922;0;0;-1
0;379;38.4471;63.6753;-24.9028;8.5;2572.44;5.11093;0;0;0.1;0.01;0;4.58484;1;0;-1
0;380;36.7481;78.8161;-24.8791;8.5;2572.44;5.11093;0;0;0.1;0.01;0;4.35066;1;0;-1
0;381;50.4414;-66.6497;-24.7866;10.2137;4463.11;6.14135;0;0;0.1;0.01;0;5.56975;0;0;-1
0;382;49.9661;-50.773;-25.2881;10.1728;4409.71;6.11676;0;0;0.1;0.01;0;6.8527;0;0;-1
0;383;50.0757;-33.4167;-25.0312;8.55599;2623.61;5.14459;0;0;0.1;0.01;0;5.20349;0;0;-1
0;384;52.7153;-15.5636;-26.8622;9.21838;3281.35;5.54288;0;0;0.1;0.01;0;6.26065;0;0;-1
0;385;51.8202;1.73449;-28.337;10.0155;4208.3;6.02217;0;0;0.1;0.01;0;7.1686;0;0;-1
0;386;50.1042;17.7988;-28.5121;9.04577;3100.45;5.43909;0;0;0.1;0.01;0;6.16615;0;0;-1
0;387;50.3093;34.8934;-25.0704;9.38364;3461.01;5.64225;0;0;0.1;0.01;0;5.57755;0;0;-1
0;388;52.9813;54.7662;-24.6954;8.65695;2717.59;5.2053;0;0;0.1;0.01;0;4.39675;0;0;-1
0;389;52.2025;72.6229;-26.9401;9.78828;3928.33;5.88555;0;0;0.1;0.01;0;4.3783;0;0;-1
0;390;66.3608;-59.2038;-27.634;8.99162;3045.11;5.40653;0;0;0.1;0.01;0;4.13282;0;0;-1
0;391;66.6371;-42.2224;-25.0385;8.84857;2902.07;5.32052;0;0;0.1;0.01;0;5.48428;0;0;-1
0;392;67.4842;-23.2455;-24.8702;10.3678;4668.19;6.23401;0;0;0.1;0.01;0;6.53808;0;0;-1
0;393;65.5547;-5.60339;-26.9238;8.9529;3005.94;5.38325;0;0;0.1;0.01;0;6.8409;0;0;-1
0;394;66.5809;9.45457;-25.0982;9.2484;3313.51;5.56093;0;0;0.1;0.01;0;5.82317;0;0;-1
0;395;64.8726;25.4085;-25.604;9.8348;3984.6;5.91352;0;0;0.1;0.01;0;4.80949;0;0;-1
0;396;66.3807;46.5073;-25.9021;10.0347;4232.55;6.03372;0;0;0.1;0.01;0;5.81696;0;0;-1
0;397;65.072;62.2778;-27.5193;10.0508;4252.95;6.0434;0;0;0.1;0.01;0;4.96846;0;0;-1
0;398;79.4181;-51.2682;-25.8164;10.1042;4321.1;6.07551;0;0;0.1;0.01;0;2.1787;0;0;-1
0;399;81.8816;-34.2062;-24.8287;10.2512;4512.45;6.1639;0;0;0.1;0.01;0;3.4153;0;0;-1
0;400;80.7495;-16.8101;-25.3475;8.88357;2936.64;5.34156;0;0;0.1;0.01;0;4.46929;0;0;-1
0;401;79.7987;-0.229644;-26.2425;9.30496;3374.68;5.59494;0;0;0.1;0.01;0;4.87256;0;0;-1
0;402;83.2171;17.7955;-25.2726;9.79833;3940.44;5.89159;0;0;0.1;0.01;0;4.14627;0;0;-1
0;403;79.0985;33.7647;-27.9924;8.5;2572.44;5.11093;0;0;0.1;0.01;0;3.36643;1;0;-1
0;404;79.3742;54.625;-26.5411;10.3516;4646.34;6.22427;0;0;0.1;0.01;0;2.7072;0;0;-1
0;405;-98.4423;0.960088;-11.8077;10.2755;4544.62;6.17851;0;0;0.1;0.01;0;3.70471;0;0;-1
0;406;-84.2822;-42.0892;-11.251;9.08598;3141.98;5.46327;0;0;0.1;0.01;0;3.4684;0;0;-1
0;407;-84.3747;-23.5365;-10.3066;10.4098;4725.15;6.25926;0;0;0.1;0.01;0;5.70417;0;0;-1
0;408;-85.2174;-7.1348;-12.4858;8.91246;2965.39;5.35893;0;0;0.1;0.01;0;5.26905;0;0;-1
0;409;-83.3458;11.6473;-11.93;10.149;4378.83;6.10245;0;0;0.1;0.01;0;5.92318;0;0;-1
0;410;-84.8134;29.1393;-12.4323;8.5;2572.44;5.11093;0;0;0.1;0.01;0;4.12935;1;0;-1
0;411;-84.0338;42.4955;-11.3157;9.39125;3469.44;5.64682;0;0;0.1;0.01;0;4.12532;0;0;-1
0;412;-70.812;-68.4386;-10.0674;8.78734;2842.24;5.2837;0;0;0.1;0.01;0;2.13563;0;0;-1
0;413;-69.2289;-49.2652;-11.9927;9.51949;3613.51;5.72393;0;0;0.1;0.01;0;4.76977;0;0;-1
0;414;-69.8932;-32.56;-10.139;9.37135;3447.43;5.63486;0;0;0.1;0.01;0;6.79738;0;0;-1
0;415;-72.1647;-15.7378;-11.696;9.40543;3485.17;5.65535;0;0;0.1;0.01;0;6.58553;0;0;-1
0;416;-70.7971;3.17732;-10.3114;8.76929;2824.76;5.27285;0;0;0.1;0.01;0;6.07152;0;0;-1
0;417;-68.3489;17.3724;-12.9515;8.58719;2652.42;5.16335;0;0;0.1;0.01;0;4.9324;0;0;-1
0;418;-69.4932;36.4704;-11.9845;9.59908;3704.91;5.77179;0;0;0.1;0.01;0;6.33873;0;0;-1
0;419;-71.919;53.7863;-13.0248;8.9755;3028.76;5.39684;0;0;0.1;0.01;0;4.41587;0;0;-1
0;420;-54.2885;-75.1321;-9.72675;8.85847;2911.82;5.32647;0;0;0.1;0.01;0;3.81511;0;0;-1
0;421;-56.6184;-58.2413;-12.3517;9.39962;3478.72;5.65186;0;0;0.1;0.01;0;5.38479;0;0;-1
0;422;-57.329;-39.1998;-10.3193;8.57706;2643.04;5.15726;0;0;0.1;0.01;0;5.56417;0;0;-1
0;423;-57.3128;-23.9528;-11.8671;8.5;2572.44;5.11093;0;0;0.1;0.01;0;5.49273;1;0;-1
0;424;-55.2348;-7.21828;-11.8083;9.00601;3059.75;5.41518;0;0;0.1;0.01;0;5.49939;0;0;-1
0;425;-54.306;8.60212;-12.5447;10.0595;4264.01;6.04863;0;0;0.1;0.01;0;5.98879;0;0;-1
0;426;-57.3408;29.7649;-12.8224;8.5;2572.44;5.11093;0;0;0.1;0.01;0;5.63865;1;0;-1
0;427;-55.113;44.7215;-11.8243;9.28257;3350.37;5.58147;0;0;0.1;0.01;0;6.85535;0;0;-1
0;428;-57.9494;60.035;-10.6877;9.74725;3879.14;5.86088;0;0;0.1;0.01;0;5.45023;0;0;-1
0;429;-42.79;-83.6413;-13.2569;10.0889;4301.5;6.06631;0;0;0.1;0.01;0;4.25736;0;0;-1
0;430;-39.3558;-64.6238;-11.568;9.79525;3936.73;5.88974;0;0;0.1;0.01;0;5.60997;0;0;-1
0;431;-41.0515;-49.3547;-10.6919;8.52157;2592.07;5.1239;0;0;0.1;0.01;0;5.07671;0;0;-1
0;432;-41.2236;-32.6052;-12.364;9.80366;3946.87;5.8948;0;0;0.1;0.01;0;6.13889;0;0;-1
0;433;-42.0828;-14.3464;-13.5187;10.014;4206.41;6.02127;0;0;0.1;0.01;0;6.08392;0;0;-1
0;434;-40.9193;3.07356;-10.785;9.48602;3575.53;5.70381;0;0;0.1;0.01;0;5.76896;0;0;-1
0;435;-39.4032;20.09;-11.2107;10.0097;4200.99;6.01869;0;0;0.1;0.01;0;6.27743;0;0;-1
0;436;-42.1287;36.9049;-13.1743;9.33057;3402.62;5.61034;0;0;0.1;0.01;0;7.19879;0;0;-1
0;437;-42.6514;52.2152;-12.6245;8.5;2572.44;5.11093;0;0;0.1;0.01;0;5.05133;1;0;-1
0;438;-43.0067;70.6865;-12.5552;8.74544;2801.78;5.25851;0;0;0.1;0.01;0;4.72374;0;0;-1
0;439;-43.2535;85.1277;-13.3341;8.5;2572.44;5.11093;0;0;0.1;0.01;0;3.42597;1;0;-1
0;440;-27.9039;-93.1827;-13.0882;9.62079;3730.1;5.78484;0;0;0.1;0.01;0;4.31677;0;0;-1
0;441;-28.1487;-76.8706;-13.0063;10.1441;4372.49;6.0995;0;0;0.1;0.01;0;7.0539;0;0;-1
0;442;-24.6951;-56.5721;-12.284;10.3899;4698.1;6.2473;0;0;0.1;0.01;0;7.30764;0;0;-1
0;443;-27.3661;-41.7522;-10.1903;10.4383;4764.07;6.2764;0;0;0.1;0.01;0;7.63233;0;0;-1
0;444;-26.6285;-22.2856;-11.8613;10.2193;4470.46;6.14472;0;0;0.1;0.01;0;6.64893;0;0;-1
0;445;-24.9555;-7.30715;-10.3174;8.54228;2611.02;5.13635;0;0;0.1;0.01;0;4.69721;0;0;-1
0;446;-25.1377;9.14663;-10.2558;9.43114;3513.83;5.67081;0;0;0.1;0.01;0;5.17506;0;0;-1
0;447;-27.4325;28.4665;-10.5837;10.2555;4518.13;6.16648;0;0;0.1;0.01;0;6.15125;0;0;-1
0;448;-28.3054;42.9582;-10.7751;9.06343;3118.65;5.44971;0;0;0.1;0.01;0;5.62629;0;0;-1
0;449;-24.4441;59.0678;-12.8488;8.80537;2859.77;5.29454;0;0;0.1;0.01;0;4.5364;0;0;-1
0;450;-24.777;77.7003;-12.2445;9.85517;4009.41;5.92577;0;0;0.1;0.01;0;6.45227;0;0;-1
0;451;-24.8567;94.6721;-14.0129;10.1999;4445.05;6.13305;0;0;0.1;0.01;0;3.5443;0;0;-1
0;452;-13.5475;-83.3058;-11.0892;8.5;2572.44;5.11093;0;0;0.1;0.01;0;4.45183;1;0;-1
0;453;-12.7703;-65.4478;-13.2528;8.5;2572.44;5.11093;0;0;0.1;0.01;0;5.52437;1;0;-1
0;454;-12.6944;-48.439;-9.71323;9.49539;3586.14;5.70944;0;0;0.1;0.01;0;6.60744;0;0;-1
0;455;-11.4447;-32.3662;-11.7628;10.4018;4714.27;6.25445;0;0;0.1;0.01;0;7.25766;0;0;-1
0;456;-10.3968;-14.2725;-10.7211;8.5;2572.44;5.11093;0;0;0.1;0.01;0;6.05883;1;0;-1
0;457;-10.7164;0.965433;-11.601;10.2021;4447.92;6.13437;0;0;0.1;0.01;0;7.15993;0;0;-1
0;458;-10.7319;16.9682;-11.6269;9.08701;3143.05;5.46389;0;0;0.1;0.01;0;5.76965;0;0;-1
0;459;-11.5926;34.2469;-12.5403;8.56015;2627.44;5.14709;0;0;0.1;0.01;0;4.61913;0;0;-1
0;460;-10.3527;50.9672;-10.6061;8.54843;2616.66;5.14005;0;0;0.1;0.01;0;5.22163;0;0;-1
0;461;-10.5255;67.4112;-11.6342;9.0735;3129.05;5.45576;0;0;0.1;0.01;0;5.91039;0;0;-1
0;462;-11.701;87.2539;-12.4343;8.5;2572.44;5.11093;0;0;0.1;0.01;0;4.79354;1;0;-1
0;463;4.39424;-91.5518;-10.5887;8.69412;2752.74;5.22765;0;0;0.1;0.01;0;3.76513;0;0;-1
0;464;1.54978;-75.9979;-12.1268;8.5;2572.44;5.11093;0;0;0.1;0.01;0;5.48999;1;0;-1
0;465;1.34531;-59.4768;-12.8579;8.86284;2916.13;5.3291;0;0;0.1;0.01;0;6.06173;0;0;-1
0;466;1.68296;-41.2614;-12.6217;9.63019;3741.05;5.79049;0;0;0.1;0.01;0;6.53617;0;0;-1
0;467;1.26533;-21.5691;-10.4623;9.21799;3280.93;5.54264;0;0;0.1;0.01;0;6.60739;0;0;-1
0;468;1.5974;-7.44352;-12.126;8.63646;2698.34;5.19298;0;0;0.1;0.01;0;6.12539;0;0;-1
0;469;3.28112;8.17275;-12.2774;10.1133;4332.79;6.08098;0;0;0.1;0.01;0;6.21151;0;0;-1
0;470;3.18861;25.129;-13.5558;9.05314;3108.04;5.44352;0;0;0.1;0.01;0;4.72407;0;0;-1
0;471;1.98925;43.7644;-10.4968;9.3009;3370.26;5.5925;0;0;0.1;0.01;0;5.57949;0;0;-1
0;472;2.33667;59.5205;-10.7503;9.45512;3540.71;5.68523;0;0;0.1;0.01;0;6.58849;0;0;-1
0;473;2.70656;76.7478;-10.3952;8.91847;2971.39;5.36255;0;0;0.1;0.01;0;6.03171;0;0;-1
0;474;3.09499;94.0437;-11.4643;10.2647;4530.3;6.17202;0;0;0.1;0.01;0;4.4578;0;0;-1
0;475;18.819;-85.1763;-10.539;9.35595;3430.46;5.6256;0;0;0.1;0.01;0;5.80009;0;0;-1
0;476;16.0696;-68.1903;-10.5165;9.47166;3559.32;5.69517;0;0;0.1;0.01;0;6.35454;0;0;-1
0;477;15.9663;-51.4696;-9.87691;9.86583;4022.44;5.93218;0;0;0.1;0.01;0;5.77936;0;0;-1
0;478;15.5247;-33.3924;-10.5206;9.65096;3765.3;5.80298;0;0;0.1;0.01;0;5.74298;0;0;-1
0;479;16.0329;-16.2985;-11.4671;8.57311;2639.39;5.15489;0;0;0.1;0.01;0;5.90935;0;0;-1
0;480;16.4162;1.11679;-11.4584;9.38448;3461.94;5.64275;0;0;0.1;0.01;0;5.57967;0;0;-1
0;481;19.4871;20.9032;-10.8768;9.88972;4051.73;5.94655;0;0;0.1;0.01;0;6.04999;0;0;-1
0;482;19.6209;38.1867;-13.172;8.5;2572.44;5.11093;0;0;0.1;0.01;0;5.0841;1;0;-1
0;483;18.187;54.5324;-11.4657;8.5;2572.44;5.11093;0;0;0.1;0.01;0;4.92951;1;0;-1
0;484;17.3052;71.4339;-10.3228;10.3965;4707.06;6.25126;0;0;0.1;0.01;0;7.11002;0;0;-1
0;485;15.6987;84.9755;-12.5741;8.5;2572.44;5.11093;0;0;0.1;0.01;0;5.45064;1;0;-1
0;486;31.948;-93.7274;-12.0434;8.83098;2884.8;5.30994;0;0;0.1;0.01;0;1.85637;0;0;-1
0;487;33.3613;-76.6506;-12.3241;9.41174;3492.19;5.65914;0;0;0.1;0.01;0;5.65341;0;0;-1
0;488;32.8888;-55.3925;-10.3549;9.45135;3536.47;5.68296;0;0;0.1;0.01;0;4.9923;0;0;-1
0;489;34.1647;-38.8921;-10.1223;9.62386;3733.67;5.78669;0;0;0.1;0.01;0;6.1434;0;0;-1
0;490;31.2308;-21.3569;-12.2834;9.89423;4057.28;5.94926;0;0;0.1;0.01;0;7.10736;0;0;-1
0;491;33.1366;-6.33766;-10.7802;8.88235;2935.43;5.34083;0;0;0.1;0.01;0;5.56158;0;0;-1
0;492;33.5023;11.795;-12.9141;10.3784;4682.52;6.24038;0;0;0.1;0.01;0;7.01853;0;0;-1
0;493;31.4745;29.0488;-10.8333;9.24443;3309.25;5.55854;0;0;0.1;0.01;0;6.82259;0;0;-1
0;494;33.5374;46.2608;-13.2503;9.56238;3662.58;5.74972;0;0;0.1;0.01;0;5.98839;0;0;-1
0;495;32.7907;63.4896;-10.3641;8.6173;2680.42;5.18146;0;0;0.1;0.01;0;5.98486;0;0;-1
0;496;32.2666;79.3826;-10.1286;10.0567;4260.45;6.04695;0;0;0.1;0.01;0;6.38576;0;0;-1
0;497;45.9713;-82.9356;-10.7897;8.5;2572.44;5.11093;0;0;0.1;0.01;0;4.15587;1;0;-1
0;498;48.1295;-67.8878;-11.4544;9.53328;3629.24;5.73222;0;0;0.1;0.01;0;6.01361;0;0;-1
0;499;47.7025;-47.7332;-11.965;9.34097;3414.01;5.61659;0;0;0.1;0.01;0;6.11417;0;0;-1
0;500;48.6159;-31.7082;-12.5239;9.05733;3112.36;5.44604;0;0;0.1;0.01;0;5.54029;0;0;-1
0;501;45.5575;-14.7385;-10.9543;9.15165;3210.6;5.50275;0;0;0.1;0.01;0;6.26638;0;0;-1
0;502;46.593;0.437348;-11.0247;10.1585;4391.14;6.10816;0;0;0.1;0.01;0;7.44481;0;0;-1
0;503;47.7364;18.117;-13.4355;10.1742;4411.53;6.1176;0;0;0.1;0.01;0;7.74615;0;0;-1
0;504;47.8992;34.6522;-10.5453;9.51622;3609.79;5.72196;0;0;0.1;0.01;0;6.42871;0;0;-1
0;505;45.9437;55.1946;-12.498;8.5;2572.44;5.11093;0;0;0.1;0.01;0;5.01958;1;0;-1
0;506;46.2857;68.4963;-10.0144;9.24156;3306.16;5.55682;0;0;0.1;0.01;0;6.16982;0;0;-1
0;507;47.6962;85.6446;-13.0937;8.6403;2701.94;5.19529;0;0;0.1;0.01;0;2.33812;0;0;-1
0;508;61.0926;-74.2495;-11.2914;10.3036;4582.01;6.19541;0;0;0.1;0.01;0;3.19865;0;0;-1
0;509;60.3074;-56.0667;-13.3036;9.61516;3723.56;5.78146;0;0;0.1;0.01;0;6.39483;0;0;-1
0;510;61.4385;-42.1471;-11.619;9.39919;3478.24;5.6516;0;0;0.1;0.01;0;6.41387;0;0;-1
0;511;62.5774;-25.7802;-11.8609;9.28468;3352.66;5.58274;0;0;0.1;0.01;0;5.84243;0;0;-1
0;512;62.7432;-7.65072;-11.5019;9.83406;3983.7;5.91308;0;0;0.1;0.01;0;6.4677;0;0;-1
0;513;60.7365;9.37161;-12.8138;10.2245;4477.29;6.14784;0;0;0.1;0.01;0;6.65805;0;0;-1
0;514;61.9729;28.7532;-10.2209;9.92591;4096.37;5.96831;0;0;0.1;0.01;0;6.30804;0;0;-1
0;515;62.6742;45.9897;-11.1247;9.50542;3597.51;5.71547;0;0;0.1;0.01;0;5.70369;0;0;-1
0;516;63.2351;63.5901;-10.8022;10.0981;4313.28;6.07184;0;0;0.1;0.01;0;5.33332;0;0;-1
0;517;61.0492;77.9243;-13.7953;8.90529;2958.24;5.35462;0;0;0.1;0.01;0;2.77206;0;0;-1
0;518;77.6026;-47.5305;-10.8092;8.5;2572.44;5.11093;0;0;0.1;0.01;0;3.89281;1;0;-1
0;519;77.3326;-30.0351;-11.2397;8.60685;2670.68;5.17517;0;0;0.1;0.01;0;5.6287;0;0;-1
0;520;75.2994;-14.4405;-10.854;10.4528;4783.95;6.28512;0;0;0.1;0.01;0;7.8009;0;0;-1
0;521;74.9415;1.12099;-10.9974;8.5;2572.44;5.11093;0;0;0.1;0.01;0;6.16547;1;0;-1
0;522;76.61;18.0107;-13.339;8.69993;2758.26;5.23114;0;0;0.1;0.01;0;5.74958;0;0;-1
0;523;75.0667;34.851;-12.7164;8.5;2572.44;5.11093;0;0;0.1;0.01;0;5.25361;1;0;-1
0;524;75.3425;51.4821;-10.227;9.24246;3307.13;5.55736;0;0;0.1;0.01;0;5.72035;0;0;-1
0;525;89.5822;-22.1753;-11.9622;8.5;2572.44;5.11093;0;0;0.1;0.01;0;3.79072;1;0;-1
0;526;90.068;-4.2531;-10.1452;9.67018;3787.85;5.81454;0;0;0.1;0.01;0;4.12121;0;0;-1
0;527;89.5559;12.006;-11.0236;8.94815;3001.15;5.38039;0;0;0.1;0.01;0;4.80274;0;0;-1
0;528;89.4231;27.0265;-11.1983;8.57982;2645.59;5.15892;0;0;0.1;0.01;0;4.51527;0;0;-1
0;529;89.2387;43.5665;-9.84335;10.0381;4236.85;6.03576;0;0;0.1;0.01;0;3.29388;0;0;-1
0;530;-93.9353;-16.5793;2.39848;9.45997;3546.16;5.68814;0;0;0.1;0.01;0;3.17084;0;0;-1
0;531;-95.6842;2.72892;3.43255;9.65336;3768.11;5.80443;0;0;0.1;0.01;0;3.78426;0;0;-1
0;532;-95.9069;18.6862;2.16063;10.2032;4449.36;6.13504;0;0;0.1;0.01;0;3.23956;0;0;-1
0;533;-79.6756;-55.9231;3.03884;8.5;2572.44;5.11093;0;0;0.1;0.01;0;2.641;1;0;-1
0;534;-82.6249;-41.5243;4.68518;9.80047;3943.02;5.89288;0;0;0.1;0.01;0;4.17523;0;0;-1
0;535;-80.5964;-23.2235;2.97158;9.80139;3944.13;5.89343;0;0;0.1;0.01;0;6.45423;0;0;-1
0;536;-79.868;-6.13466;3.72556;9.46528;3552.13;5.69134;0;0;0.1;0.01;0;5.92411;0;0;-1
0;537;-81.7951;10.3553;2.71685;8.90491;2957.86;5.35439;0;0;0.1;0.01;0;4.70891;0;0;-1
0;538;-80.6022;25.4899;1.20665;8.5;2572.44;5.11093;0;0;0.1;0.01;0;3.69515;1;0;-1
0;539;-82.6828;44.0744;2.77166;10.2457;4505.19;6.16059;0;0;0.1;0.01;0;4.42002;0;0;-1
0;540;-78.9057;61.1287;3.37275;9.4202;3501.62;5.66423;0;0;0.1;0.01;0;2.5588;0;0;-1
0;541;-63.885;-65.5091;1.67729;8.86781;2921.04;5.33209;0;0;0.1;0.01;0;4.00863;0;0;-1
0;542;-64.2804;-47.2872;4.39791;10.2617;4526.33;6.17021;0;0;0.1;0.01;0;6.23353;0;0;-1
0;543;-68.3948;-33.0497;3.55261;8.92266;2975.58;5.36507;0;0;0.1;0.01;0;5.75698;0;0;-1
0;544;-67.7951;-14.8217;1.72145;10.4365;4761.6;6.27532;0;0;0.1;0.01;0;6.92593;0;0;-1
0;545;-67.1942;0.399408;3.73747;10.3306;4618.12;6.21164;0;0;0.1;0.01;0;6.93301;0;0;-1
0;546;-64.7274;17.1299;3.36638;10.4477;4776.95;6.28205;0;0;0.1;0.01;0;6.02006;0;0;-1
0;547;-65.18;36.5218;3.0943;10.4249;4745.74;6.26834;0;0;0.1;0.01;0;6.60257;0;0;-1
0;548;-65.5647;52.0282;3.22346;9.47993;3568.65;5.70014;0;0;0.1;0.01;0;5.47956;0;0;-1
0;549;-64.9429;70.4087;3.16479;8.5;2572.44;5.11093;0;0;0.1;0.01;0;2.35047;1;0;-1
0;550;-49.908;-75.3329;3.243;8.5823;2647.89;5.16041;0;0;0.1;0.01;0;5.0068;0;0;-1
0;551;-50.3455;-59.392;4.21502;8.71413;2771.79;5.23968;0;0;0.1;0.01;0;5.5069;0;0;-1
0;552;-50.9523;-42.333;3.3393;8.72965;2786.63;5.24901;0;0;0.1;0.01;0;5.46047;0;0;-1
0;553;-52.1126;-24.4739;3.65764;8.58632;2651.61;5.16283;0;0;0.1;0.01;0;4.18466;0;0;-1
0;554;-49.6393;-5.37729;2.15033;8.5;2572.44;5.11093;0;0;0.1;0.01;0;4.35493;1;0;-1
0;555;-52.3001;10.0597;3.74861;8.5;2572.44;5.11093;0;0;0.1;0.01;0;4.9874;1;0;-1
0;556;-52.7546;25.8401;2.69739;8.5;2572.44;5.11093;0;0;0.1;0.01;0;5.48556;1;0;-1
0;557;-50.2688;42.9855;5.11708;9.8444;3996.28;5.91929;0;0;0.1;0.01;0;5.97243;0;0;-1
0;558;-50.7549;63.4598;1.83351;9.04923;3104.01;5.44117;0;0;0.1;0.01;0;5.21357;0;0;-1
0;559;-51.4564;78.1184;1.2881;9.76208;3896.87;5.8698;0;0;0.1;0.01;0;4.43737;0;0;-1
0;560;-34.9747;-84.0148;3.44226;9.36644;3442.01;5.6319;0;0;0.1;0.01;0;5.15468;0;0;-1
0;561;-38.5026;-67.3835;3.24958;9.15764;3216.91;5.50636;0;0;0.1;0.01;0;5.35607;0;0;-1
0;562;-36.7047;-50.3953;4.1231;8.5;2572.44;5.11093;0;0;0.1;0.01;0;5.1742;1;0;-1
0;563;-35.834;-32.6223;2.67835;9.95707;4135.07;5.98704;0;0;0.1;0.01;0;6.05369;0;0;-1
0;564;-38.0808;-14.0866;3.15107;8.97516;3028.41;5.39663;0;0;0.1;0.01;0;4.98414;0;0;-1
0;565;-36.6322;3.17844;4.035;8.90095;2953.91;5.35201;0;0;0.1;0.01;0;5.85658;0;0;-1
0;566;-38.1369;19.9751;2.91751;10.1518;4382.46;6.10413;0;0;0.1;0.01;0;6.86685;0;0;-1
0;567;-38.1986;36.3055;1.02617;8.89588;2948.87;5.34896;0;0;0.1;0.01;0;5.93193;0;0;-1
0;568;-35.417;50.8396;2.86354;9.82839;3976.82;5.90967;0;0;0.1;0.01;0;5.01319;0;0;-1
0;569;-35.7475;71.7389;1.34089;10.4423;4769.55;6.2788;0;0;0.1;0.01;0;6.2864;0;0;-1
0;570;-35.3314;87.8899;3.28969;9.58234;3685.56;5.76172;0;0;0.1;0.01;0;5.14465;0;0;-1
0;571;-20.7805;-93.6571;1.60081;9.51832;3612.18;5.72323;0;0;0.1;0.01;0;4.31105;0;0;-1
0;572;-20.5665;-76.6057;4.59928;8.53528;2604.61;5.13214;0;0;0.1;0.01;0;5.26459;0;0;-1
0;573;-23.6212;-57.6393;1.53926;9.2155;3278.27;5.54115;0;0;0.1;0.01;0;6.00468;0;0;-1
0;574;-23.2221;-40.358;2.14633;9.25268;3318.11;5.5635;0;0;0.1;0.01;0;6.41755;0;0;-1
0;575;-21.1689;-23.0806;3.57337;8.5;2572.44;5.11093;0;0;0.1;0.01;0;5.39936;1;0;-1
0;576;-20.5771;-5.19588;3.34453;8.55675;2624.31;5.14505;0;0;0.1;0.01;0;6.16204;0;0;-1
0;577;-20.1912;9.99187;4.07067;10.1133;4332.79;6.08098;0;0;0.1;0.01;0;6.9004;0;0;-1
0;578;-23.94;27.5227;1.88592;8.5874;2652.61;5.16348;0;0;0.1;0.01;0;3.99265;0;0;-1
0;579;-19.9311;46.9976;1.83074;9.19996;3261.72;5.5318;0;0;0.1;0.01;0;4.54657;0;0;-1
0;580;-22.0312;63.3238;2.16455;9.89483;4058.01;5.94962;0;0;0.1;0.01;0;6.65764;0;0;-1
0;581;-22.1911;77.5576;1.90861;9.60554;3712.39;5.77567;0;0;0.1;0.01;0;6.19775;0;0;-1
0;582;-23.3679;96.2352;1.36039;9.90756;4073.7;5.95727;0;0;0.1;0.01;0;3.4198;0;0;-1
0;583;-7.06943;-98.953;0.92744;10.0776;4287.06;6.05951;0;0;0.1;0.01;0;2.97307;0;0;-1
0;584;-5.64382;-81.056;3.71298;8.73414;2790.93;5.25171;0;0;0.1;0.01;0;5.62573;0;0;-1
0;585;-9.08302;-66.6489;2.7712;10.3839;4689.97;6.24369;0;0;0.1;0.01;0;5.75232;0;0;-1
0;586;-7.63212;-49.2521;2.30908;8.64791;2709.08;5.19986;0;0;0.1;0.01;0;5.09516;0;0;-1
0;587;-7.46949;-29.9725;2.51938;9.4445;3528.79;5.67884;0;0;0.1;0.01;0;6.35243;0;0;-1
0;588;-8.78062;-14.1923;3.11718;9.71029;3835.18;5.83866;0;0;0.1;0.01;0;6.88176;0;0;-1
0;589;-7.88744;1.80644;3.77815;8.5;2572.44;5.11093;0;0;0.1;0.01;0;5.90029;1;0;-1
0;590;-6.29798;17.3599;1.3375;8.51996;2590.61;5.12293;0;0;0.1;0.01;0;5.93115;0;0;-1
0;591;-6.16282;34.6522;3.70224;9.22465;3288.05;5.54665;0;0;0.1;0.01;0;5.50947;0;0;-1
0;592;-5.76136;51.8003;3.53941;8.5;2572.44;5.11093;0;0;0.1;0.01;0;5.87118;1;0;-1
0;593;-7.56619;71.784;2.32766;10.3283;4615.04;6.21026;0;0;0.1;0.01;0;6.85431;0;0;-1
0;594;-9.20838;88.3787;3.67942;9.77079;3907.31;5.87503;0;0;0.1;0.01;0;4.97479;0;0;-1
0;595;8.04077;-92.1754;3.10144;8.71605;2773.63;5.24083;0;0;0.1;0.01;0;4.70529;0;0;-1
0;596;8.63464;-76.0916;1.82756;9.61678;3725.44;5.78243;0;0;0.1;0.01;0;7.03995;0;0;-1
0;597;5.95363;-58.9236;1.68996;10.096;4310.59;6.07058;0;0;0.1;0.01;0;6.91935;0;0;-1
0;598;7.03753;-42.7391;3.59078;9.83689;3987.15;5.91478;0;0;0.1;0.01;0;6.72602;0;0;-1
0;599;7.54611;-24.9355;1.84433;9.5353;3631.55;5.73344;0;0;0.1;0.01;0;6.50653;0;0;-1
0;600;9.35928;-8.45983;4.44202;10.1237;4346.17;6.08723;0;0;0.1;0.01;0;5.9313;0;0;-1
0;601;5.7347;10.4489;2.77575;8.89902;2951.99;5.35085;0;0;0.1;0.01;0;4.95934;0;0;-1
0;602;7.62815;25.4236;2.11877;9.91149;4078.55;5.95964;0;0;0.1;0.01;0;6.08943;0;0;-1
0;603;8.37984;44.0587;2.35014;8.5;2572.44;5.11093;0;0;0.1;0.01;0;5.0467;1;0;-1
0;604;6.91012;60.387;1.6266;8.5;2572.44;5.11093;0;0;0.1;0.01;0;5.65723;1;0;-1
0;605;8.80298;76.5041;2.67867;8.62821;2690.61;5.18802;0;0;0.1;0.01;0;5.79874;0;0;-1
0;606;5.61451;97.905;1.52147;9.70502;3828.93;5.83549;0;0;0.1;0.01;0;2.82652;0;0;-1
0;607;20.454;-85.2846;2.17747;8.5;2572.44;5.11093;0;0;0.1;0.01;0;4.15303;1;0;-1
0;608;23.7084;-66.3249;2.73904;10.1485;4378.19;6.10215;0;0;0.1;0.01;0;5.92377;0;0;-1
0;609;22.3826;-47.3555;4.38278;8.61569;2678.91;5.18049;0;0;0.1;0.01;0;4.58296;0;0;-1
0;610;21.7429;-31.0849;1.47642;8.5;2572.44;5.11093;0;0;0.1;0.01;0;5.79022;1;0;-1
0;611;21.4316;-14.7075;1.49294;8.5;2572.44;5.11093;0;0;0.1;0.01;0;5.46927;1;0;-1
0;612;23.2026;4.33836;1.20088;9.49255;3582.92;5.70773;0;0;0.1;0.01;0;5.44717;0;0;-1
0;613;23.3867;20.8344;4.6732;9.56391;3664.33;5.75064;0;0;0.1;0.01;0;6.83845;0;0;-1
0;614;21.9819;37.2945;4.96076;8.5;2572.44;5.11093;0;0;0.1;0.01;0;5.65967;1;0;-1
0;615;22.7744;51.42;3.72587;9.88732;4048.78;5.9451;0;0;0.1;0.01;0;6.64287;0;0;-1
0;616;21.1326;67.7567;1.65476;9.16445;3224.09;5.51045;0;0;0.1;0.01;0;5.95729;0;0;-1
0;617;21.4054;89.4956;1.13765;10.1186;4339.6;6.08417;0;0;0.1;0.01;0;4.04374;0;0;-1
0;618;38.0415;-75.9282;1.65934;9.44408;3528.32;5.67859;0;0;0.1;0.01;0;6.03312;0;0;-1
0;619;38.5544;-59.6018;4.02833;8.64248;2703.98;5.1966;0;0;0.1;0.01;0;5.22643;0;0;-1
0;620;34.9035;-40.1457;3.41742;8.9796;3032.91;5.3993;0;0;0.1;0.01;0;5.44875;0;0;-1
0;621;35.0465;-25.7213;1.19869;9.54414;3641.66;5.73875;0;0;0.1;0.01;0;6.10598;0;0;-1
0;622;38.0198;-8.85106;4.48857;9.35846;3433.22;5.62711;0;0;0.1;0.01;0;6.01235;0;0;-1
0;623;37.2359;9.0866;1.45879;9.51894;3612.89;5.7236;0;0;0.1;0.01;0;5.74628;0;0;-1
0;624;36.6654;27.2515;2.87269;9.98295;4167.4;6.0026;0;0;0.1;0.01;0;6.51353;0;0;-1
0;625;35.9274;44.5356;1.21203;10.3932;4702.58;6.24928;0;0;0.1;0.01;0;6.87867;0;0;-1
0;626;36.1025;62.7045;3.83434;10.293;4567.88;6.18903;0;0;0.1;0.01;0;7.82408;0;0;-1
0;627;37.6657;80.0058;2.5246;10.395;4705.03;6.25036;0;0;0.1;0.01;0;5.13847;0;0;-1
0;628;50.8386;-83.5309;2.90161;8.5;2572.44;5.11093;0;0;0.1;0.01;0;2.98897;1;0;-1
0;629;52.1804;-64.6113;4.04537;9.83279;3982.16;5.91231;0;0;0.1;0.01;0;5.58477;0;0;-1
0;630;50.3185;-48.4687;3.26138;10.1367;4362.93;6.09505;0;0;0.1;0.01;0;6.36106;0;0;-1
0;631;53.4038;-33.6536;4.79433;8.5;2572.44;5.11093;0;0;0.1;0.01;0;5.81209;1;0;-1
0;632;51.384;-15.8294;2.99554;8.60239;2666.53;5.17249;0;0;0.1;0.01;0;5.11733;0;0;-1
0;633;52.1611;1.13499;2.46481;8.51441;2585.55;5.11959;0;0;0.1;0.01;0;5.43461;0;0;-1
0;634;52.3783;17.0468;1.66408;9.47502;3563.11;5.69719;0;0;0.1;0.01;0;7.31021;0;0;-1
0;635;50.1834;34.3886;2.73394;9.80689;3950.78;5.89674;0;0;0.1;0.01;0;6.23133;0;0;-1
0;636;51.3751;54.6287;4.698;8.5;2572.44;5.11093;0;0;0.1;0.01;0;5.01747;1;0;-1
0;637;50.0103;67.7101;3.26125;9.09874;3155.24;5.47094;0;0;0.1;0.01;0;4.69977;0;0;-1
0;638;68.0586;-56.0621;4.68266;9.91865;4087.39;5.96394;0;0;0.1;0.01;0;4.3865;0;0;-1
0;639;67.5956;-39.0462;2.40226;9.67029;3787.97;5.81461;0;0;0.1;0.01;0;7.08964;0;0;-1
0;640;64.7321;-24.1634;3.89998;8.59961;2663.94;5.17082;0;0;0.1;0.01;0;5.67806;0;0;-1
0;641;67.8271;-6.65456;4.42686;8.5;2572.44;5.11093;0;0;0.1;0.01;0;4.86645;1;0;-1
0;642;65.6273;12.2025;3.83401;10.2544;4516.68;6.16582;0;0;0.1;0.01;0;6.71976;0;0;-1
0;643;65.4913;25.9342;3.94241;8.5;2572.44;5.11093;0;0;0.1;0.01;0;6.09805;1;0;-1
0;644;66.9151;44.3117;4.36264;9.40417;3483.77;5.65459;0;0;0.1;0.01;0;5.69847;0;0;-1
0;645;67.4245;60.1768;4.32095;9.78995;3930.34;5.88655;0;0;0.1;0.01;0;4.46737;0;0;-1
0;646;82.3282;-47.3929;5.10724;9.16647;3226.23;5.51167;0;0;0.1;0.01;0;3.67628;0;0;-1
0;647;82.1711;-33.1091;3.18311;10.4059;4719.84;6.25692;0;0;0.1;0.01;0;5.82367;0;0;-1
0;648;81.3961;-15.7991;3.84253;9.58771;3691.76;5.76495;0;0;0.1;0.01;0;6.48979;0;0;-1
0;649;79.7768;0.0553008;1.87998;9.17655;3236.88;5.51773;0;0;0.1;0.01;0;5.72929;0;0;-1
0;650;80.9752;18.2565;2.44893;9.17519;3235.44;5.51691;0;0;0.1;0.01;0;6.64364;0;0;-1
0;651;82.5339;36.1054;4.0892;10.3563;4652.67;6.22709;0;0;0.1;0.01;0;5.5534;0;0;-1
0;652;82.8011;55.2999;4.89513;9.98006;4163.78;6.00087;0;0;0.1;0.01;0;2.84994;0;0;-1
0;653;95.8355;-23.3878;2.10243;10.372;4673.86;6.23653;0;0;0.1;0.01;0;3.6282;0;0;-1
0;654;96.3577;-7.56379;4.2237;9.30892;3378.99;5.59732;0;0;0.1;0.01;0;3.40691;0;0;-1
0;655;94.5249;12.1124;1.9336;9.59168;3696.35;5.76734;0;0;0.1;0.01;0;4.21267;0;0;-1
0;656;94.3108;26.6337;4.47666;10.0281;4224.2;6.02975;0;0;0.1;0.01;0;4.46433;0;0;-1
0;657;-86.8342;-40.751;19.2009;10.0139;4206.28;6.02121;0;0;0.1;0.01;0;3.2227;0;0;-1
0;658;-85.0779;-21.1746;18.5567;9.39531;3473.94;5.64926;0;0;0.1;0.01;0;3.2838;0;0;-1
0;659;-84.8779;-4.98687;19.2721;9.9256;4095.99;5.96812;0;0;0.1;0.01;0;4.60322;0;0;-1
0;660;-86.6481;10.4804;17.1918;9.41782;3498.97;5.6628;0;0;0.1;0.01;0;4.71535;0;0;-1
0;661;-85.7237;27.1047;18.309;8.5;2572.44;5.11093;0;0;0.1;0.01;0;3.2177;1;0;-1
0;662;-84.2555;45.3266;18.9307;8.68184;2741.09;5.22026;0;0;0.1;0.01;0;2.72788;0;0;-1
0;663;-72.1091;-63.6394;19.8414;9.46219;3548.65;5.68948;0;0;0.1;0.01;0;3.35704;0;0;-1
0;664;-70.8107;-48.5623;16.6731;9.04696;3101.68;5.43981;0;0;0.1;0.01;0;6.11302;0;0;-1
0;665;-68.9836;-33.8693;19.1859;8.5;2572.44;5.11093;0;0;0.1;0.01;0;5.46825;1;0;-1
0;666;-71.9584;-13.1859;19.0181;9.90376;4069.01;5.95499;0;0;0.1;0.01;0;7.23581;0;0;-1
0;667;-69.3887;2.17211;19.7081;9.7357;3865.36;5.85394;0;0;0.1;0.01;0;6.93207;0;0;-1
0;668;-70.2506;18.6385;19.3025;9.64972;3763.85;5.80224;0;0;0.1;0.01;0;5.80218;0;0;-1
0;669;-70.292;34.2573;16.7426;8.77909;2834.24;5.27874;0;0;0.1;0.01;0;4.32279;0;0;-1
0;670;-70.2526;52.8865;16.2649;8.5;2572.44;5.11093;0;0;0.1;0.01;0;3.9142;1;0;-1
0;671;-58.0203;-74.9479;17.1158;10.065;4271;6.05194;0;0;0.1;0.01;0;4.51589;0;0;-1
0;672;-57.5021;-58.653;18.7057;9.47117;3558.77;5.69488;0;0;0.1;0.01;0;6.43886;0;0;-1
0;673;-56.2037;-39.5364;17.4603;10.2399;4497.55;6.1571;0;0;0.1;0.01;0;7.40152;0;0;-1
0;674;-57.0873;-23.2673;16.9156;8.9323;2985.23;5.37086;0;0;0.1;0.01;0;5.7325;0;0;-1
0;675;-55.1849;-6.4642;16.0501;9.97374;4155.88;5.99707;0;0;0.1;0.01;0;6.2441;0;0;-1
0;676;-57.1282;8.61824;17.4123;8.70387;2762.01;5.23351;0;0;0.1;0.01;0;5.38435;0;0;-1
0;677;-55.3809;26.7718;16.793;9.65507;3770.12;5.80545;0;0;0.1;0.01;0;5.70803;0;0;-1
0;678;-54.972;46.901;18.9464;8.5;2572.44;5.11093;0;0;0.1;0.01;0;4.3515;1;0;-1
0;679;-53.989;61.9321;18.2824;8.67427;2733.93;5.21571;0;0;0.1;0.01;0;3.80774;0;0;-1
0;680;-53.7957;78.0476;19.6596;9.60026;3706.27;5.7725;0;0;0.1;0.01;0;2.63947;0;0;-1
0;681;-41.6971;-84.6157;16.8478;9.64536;3758.75;5.79962;0;0;0.1;0.01;0;4.32934;0;0;-1
0;682;-40.6303;-67.4704;17.7352;8.98447;3037.85;5.40223;0;0;0.1;0.01;0;5.51579;0;0;-1
0;683;-40.4641;-47.7811;16.7388;9.09298;3149.25;5.46748;0;0;0.1;0.01;0;5.2592;0;0;-1
0;684;-42.5294;-33.0291;18.194;9.56256;3662.78;5.74983;0;0;0.1;0.01;0;6.35407;0;0;-1
0;685;-42.1554;-13.756;16.4904;8.5;2572.44;5.11093;0;0;0.1;0.01;0;4.9149;1;0;-1
0;686;-39.9926;2.28489;17.7237;8.8338;2887.56;5.31164;0;0;0.1;0.01;0;5.08308;0;0;-1
0;687;-42.2113;18.6832;18.4624;8.81873;2872.81;5.30257;0;0;0.1;0.01;0;5.43369;0;0;-1
0;688;-41.1613;33.7368;18.2815;8.97255;3025.77;5.39506;0;0;0.1;0.01;0;5.18967;0;0;-1
0;689;-39.7052;53.2115;18.5433;8.97931;3032.62;5.39913;0;0;0.1;0.01;0;4.73864;0;0;-1
0;690;-39.5872;71.4842;16.4009;10.2106;4459.05;6.13949;0;0;0.1;0.01;0;5.9029;0;0;-1
0;691;-41.5979;87.7445;18.5433;8.98874;3042.18;5.4048;0;0;0.1;0.01;0;2.93113;0;0;-1
0;692;-27.7624;-93.4547;16.8322;10.4523;4783.26;6.28482;0;0;0.1;0.01;0;3.97969;0;0;-1
0;693;-27.51;-72.8526;18.5025;9.83112;3980.13;5.91131;0;0;0.1;0.01;0;6.16647;0;0;-1
0;694;-25.3735;-56.7097;16.2764;8.5;2572.44;5.11093;0;0;0.1;0.01;0;4.44967;1;0;-1
0;695;-24.502;-40.3765;17.8464;8.88227;2935.35;5.34078;0;0;0.1;0.01;0;5.48711;0;0;-1
0;696;-28.3583;-24.7214;16.3176;9.59361;3698.58;5.7685;0;0;0.1;0.01;0;6.0484;0;0;-1
0;697;-28.3808;-7.18626;16.0146;9.33032;3402.34;5.61019;0;0;0.1;0.01;0;5.29202;0;0;-1
0;698;-26.9619;10.6765;16.4861;9.60486;3711.6;5.77526;0;0;0.1;0.01;0;6.09086;0;0;-1
0;699;-27.4529;28.0462;17.3634;9.05772;3112.76;5.44628;0;0;0.1;0.01;0;5.12797;0;0;-1
0;700;-25.4611;45.9291;17.6349;9.58543;3689.13;5.76358;0;0;0.1;0.01;0;5.76679;0;0;-1
0;701;-28.1521;62.0582;16.4033;9.01678;3070.74;5.42166;0;0;0.1;0.01;0;5.90352;0;0;-1
0;702;-27.4115;80.4125;16.3149;10.1887;4430.42;6.12632;0;0;0.1;0.01;0;5.89035;0;0;-1
0;703;-13.2914;-83.6088;17.6397;9.77088;3907.42;5.87509;0;0;0.1;0.01;0;5.45663;0;0;-1
0;704;-13.731;-65.647;17.0233;8.5;2572.44;5.11093;0;0;0.1;0.01;0;4.20837;1;0;-1
0;705;-11.1827;-47.5321;16.2677;9.7905;3931;5.88689;0;0;0.1;0.01;0;5.44862;0;0;-1
0;706;-12.355;-30.7872;19.3444;8.63701;2698.85;5.19331;0;0;0.1;0.01;0;5.76331;0;0;-1
0;707;-11.5496;-16.1893;17.4715;9.71429;3839.92;5.84106;0;0;0.1;0.01;0;6.34367;0;0;-1
0;708;-13.6687;1.66094;17.1278;10.0878;4300.09;6.06565;0;0;0.1;0.01;0;7.02407;0;0;-1
0;709;-13.1786;20.7929;16.6106;10.0841;4295.36;6.06342;0;0;0.1;0.01;0;6.26841;0;0;-1
0;710;-10.9541;37.3202;17.2929;8.97727;3030.55;5.3979;0;0;0.1;0.01;0;5.49485;0;0;-1
0;711;-10.0202;52.3606;18.2969;10.1287;4352.61;6.09024;0;0;0.1;0.01;0;6.64194;0;0;-1
0;712;-11.6692;68.4264;18.3689;8.59754;2662.02;5.16958;0;0;0.1;0.01;0;5.2082;0;0;-1
0;713;-11.0496;85.2616;18.6742;8.5;2572.44;5.11093;0;0;0.1;0.01;0;3.73685;1;0;-1
0;714;1.68386;-91.9829;17.4372;10.248;4508.23;6.16197;0;0;0.1;0.01;0;3.90883;0;0;-1
0;715;4.58322;-72.2737;15.9807;8.68782;2746.76;5.22386;0;0;0.1;0.01;0;5.15476;0;0;-1
0;716;2.8189;-56.9722;17.3339;8.5;2572.44;5.11093;0;0;0.1;0.01;0;5.54379;1;0;-1
0;717;2.9623;-39.8542;16.6729;9.887;4048.39;5.94491;0;0;0.1;0.01;0;6.58435;0;0;-1
0;718;2.38514;-24.4641;16.4659;8.82136;2875.38;5.30416;0;0;0.1;0.01;0;5.63638;0;0;-1
0;719;4.97726;-8.37336;17.1099;8.57217;2638.52;5.15432;0;0;0.1;0.01;0;4.74448;0;0;-1
0;720;4.17301;9.64938;16.386;9.89258;4055.25;5.94826;0;0;0.1;0.01;0;4.89163;0;0;-1
0;721;2.16211;28.507;16.6426;9.95865;4137.04;5.98799;0;0;0.1;0.01;0;6.2484;0;0;-1
0;722;2.53331;46.1867;15.6155;8.5982;2662.63;5.16997;0;0;0.1;0.01;0;5.80403;0;0;-1
0;723;2.65966;63.4018;15.8903;10.4039;4717.12;6.25571;0;0;0.1;0.01;0;6.71314;0;0;-1
0;724;0.992871;77.9635;15.9377;8.66392;2724.16;5.20949;0;0;0.1;0.01;0;5.6853;0;0;-1
0;725;4.6982;93.0895;17.7717;8.70908;2766.98;5.23664;0;0;0.1;0.01;0;2.8948;0;0;-1
0;726;17.7758;-82.3785;17.1025;10.0453;4245.97;6.04009;0;0;0.1;0.01;0;5.13183;0;0;-1
0;727;15.8;-64.414;16.3774;8.5;2572.44;5.11093;0;0;0.1;0.01;0;4.94363;1;0;-1
0;728;16.0233;-50.086;18.3061;9.61978;3728.93;5.78423;0;0;0.1;0.01;0;5.55402;0;0;-1
0;729;18.9341;-33.9769;18.1059;8.5;2572.44;5.11093;0;0;0.1;0.01;0;4.31417;1;0;-1
0;730;18.3537;-17.0111;17.344;9.30503;3374.75;5.59498;0;0;0.1;0.01;0;5.77592;0;0;-1
0;731;17.4612;2.7158;18.4924;8.54447;2613.03;5.13767;0;0;0.1;0.01;0;4.74143;0;0;-1
0;732;16.5784;21.1375;16.2215;9.14026;3198.63;5.49591;0;0;0.1;0.01;0;6.27577;0;0;-1
0;733;16.514;37.071;17.4427;8.88866;2941.69;5.34462;0;0;0.1;0.01;0;5.88977;0;0;-1
0;734;19.6661;52.9272;17.6955;8.85858;2911.93;5.32654;0;0;0.1;0.01;0;5.16846;0;0;-1
0;735;16.4134;69.7764;17.3837;8.51644;2587.4;5.12081;0;0;0.1;0.01;0;5.15559;0;0;-1
0;736;17.9142;85.6728;16.4547;9.17315;3233.29;5.51568;0;0;0.1;0.01;0;3.56762;0;0;-1
0;737;33.1764;-92.4876;15.935;9.05955;3114.64;5.44738;0;0;0.1;0.01;0;1.6891;0;0;-1
0;738;33.7884;-73.7684;16.1008;9.51316;3606.31;5.72013;0;0;0.1;0.01;0;5.47877;0;0;-1
0;739;33.1781;-55.2467;18.0172;9.15668;3215.9;5.50578;0;0;0.1;0.01;0;4.54341;0;0;-1
0;740;33.6494;-39.0232;18.0742;8.5;2572.44;5.11093;0;0;0.1;0.01;0;5.32954;1;0;-1
0;741;31.4394;-24.4836;16.3329;9.37929;3456.2;5.63963;0;0;0.1;0.01;0;6.48351;0;0;-1
0;742;30.7096;-8.06153;18.5966;9.30862;3378.66;5.59714;0;0;0.1;0.01;0;5.49853;0;0;-1
0;743;30.5305;11.5681;17.0181;8.87722;2930.35;5.33774;0;0;0.1;0.01;0;5.13408;0;0;-1
0;744;32.0958;26.8741;16.7657;8.78131;2836.39;5.28007;0;0;0.1;0.01;0;5.40167;0;0;-1
0;745;33.2146;45.7701;16.5256;8.5;2572.44;5.11093;0;0;0.1;0.01;0;5.29006;1;0;-1
0;746;30.4845;63.4339;19.4753;9.08213;3137.99;5.46095;0;0;0.1;0.01;0;6.81645;0;0;-1
0;747;30.6507;77.815;17.8453;9.25776;3323.58;5.56656;0;0;0.1;0.01;0;5.18395;0;0;-1
0;748;45.3093;-81.247;16.0903;9.99665;4184.58;6.01084;0;0;0.1;0.01;0;4.70992;0;0;-1
0;749;48.9058;-67.6393;17.0092;8.61752;2680.62;5.18159;0;0;0.1;0.01;0;5.08295;0;0;-1
0;750;47.5088;-48.1702;18.5937;8.5;2572.44;5.11093;0;0;0.1;0.01;0;4.60336;1;0;-1
0;751;46.762;-31.898;16.6144;9.52674;3621.78;5.72829;0;0;0.1;0.01;0;6.83002;0;0;-1
0;752;46.3623;-15.317;17.5075;9.96599;4146.2;5.99241;0;0;0.1;0.01;0;6.40273;0;0;-1
0;753;46.2063;4.39367;19.4812;9.61473;3723.06;5.7812;0;0;0.1;0.01;0;5.43144;0;0;-1
0;754;48.7889;20.4687;17.3434;9.77667;3914.37;5.87857;0;0;0.1;0.01;0;6.22838;0;0;-1
0;755;46.8626;34.8822;18.9837;8.5;2572.44;5.11093;0;0;0.1;0.01;0;5.23447;1;0;-1
0;756;45.0849;54.0923;16.5899;10.1386;4365.39;6.09619;0;0;0.1;0.01;0;6.57443;0;0;-1
0;757;46.979;68.9805;17.7773;8.7934;2848.13;5.28734;0;0;0.1;0.01;0;5.04357;0;0;-1
0;758;45.9444;86.0464;19.671;8.5;2572.44;5.11093;0;0;0.1;0.01;0;1.2825;1;0;-1
0;759;61.2231;-75.4433;17.4883;9.74749;3879.42;5.86102;0;0;0.1;0.01;0;2.82164;0;0;-1
0;760;62.3098;-57.953;18.1644;8.5;2572.44;5.11093;0;0;0.1;0.01;0;4.94712;1;0;-1
0;761;62.5617;-38.7101;16.7036;10.097;4311.87;6.07118;0;0;0.1;0.01;0;7.49539;0;0;-1
0;762;60.4201;-24.2782;16.5085;9.90118;4065.83;5.95344;0;0;0.1;0.01;0;7.54547;0;0;-1
0;763;60.374;-7.40016;16.7533;8.93108;2984.01;5.37013;0;0;0.1;0.01;0;4.81148;0;0;-1
0;764;62.4604;10.605;16.9687;9.45392;3539.36;5.6845;0;0;0.1;0.01;0;5.78009;0;0;-1
0;765;61.6883;28.5316;16.4768;10.2254;4478.47;6.14838;0;0;0.1;0.01;0;7.22324;0;0;-1
0;766;61.8658;45.2087;19.0338;8.67367;2733.36;5.21535;0;0;0.1;0.01;0;6.07976;0;0;-1
0;767;62.2916;63.6389;19.0438;10.0225;4217.13;6.02638;0;0;0.1;0.01;0;4.83281;0;0;-1
0;768;75.9055;-50.2097;19.51;8.70096;2759.24;5.23176;0;0;0.1;0.01;0;3.01384;0;0;-1
0;769;76.0478;-33.4783;18.3419;10.0886;4301.12;6.06613;0;0;0.1;0.01;0;6.13428;0;0;-1
0;770;77.6213;-16.9542;16.7442;8.5;2572.44;5.11093;0;0;0.1;0.01;0;4.96073;1;0;-1
0;771;74.8839;0.852366;19.4114;8.71841;2775.88;5.24225;0;0;0.1;0.01;0;4.4455;0;0;-1
0;772;76.4887;20.1057;16.1862;9.82373;3971.16;5.90687;0;0;0.1;0.01;0;6.53854;0;0;-1
0;773;74.819;37.9219;19.0729;10.3722;4674.14;6.23665;0;0;0.1;0.01;0;6.73597;0;0;-1
0;774;76.5226;52.4229;18.7558;8.77615;2831.4;5.27697;0;0;0.1;0.01;0;4.58153;0;0;-1
0;775;91.5317;-22.0688;18.6401;9.7875;3927.39;5.88508;0;0;0.1;0.01;0;4.34466;0;0;-1
0;776;92.7491;-7.35612;19.9363;8.5;2572.44;5.11093;0;0;0.1;0.01;0;2.61944;1;0;-1
0;777;91.6981;9.32635;16.2175;9.05672;3111.73;5.44567;0;0;0.1;0.01;0;2.52838;0;0;-1
0;778;89.4666;26.8429;17.3945;9.35384;3428.14;5.62433;0;0;0.1;0.01;0;4.07874;0;0;-1
0;779;-93.5854;2.41035;34.567;8.55786;2625.33;5.14572;0;0;0.1;0.01;0;2.84424;0;0;-1
0;780;-82.0407;-39.7087;31.6328;9.85962;4014.85;5.92845;0;0;0.1;0.01;0;3.1551;0;0;-1
0;781;-79.6838;-25.0862;32.4535;9.32437;3395.84;5.60661;0;0;0.1;0.01;0;4.25412;0;0;-1
0;782;-78.9978;-6.09264;34.0258;9.22038;3283.49;5.54408;0;0;0.1;0.01;0;5.97787;0;0;-1
0;783;-80.1802;10.0438;31.8163;8.73128;2788.19;5.24999;0;0;0.1;0.01;0;4.89532;0;0;-1
0;784;-82.7032;25.8712;30.9177;9.40262;3482.05;5.65366;0;0;0.1;0.01;0;2.75001;0;0;-1
0;785;-79.9057;46.0352;31.3512;8.54151;2610.31;5.13589;0;0;0.1;0.01;0;2.204;0;0;-1
0;786;-65.9598;-66.8886;33.9529;9.46889;3556.2;5.69351;0;0;0.1;0.01;0;3.41746;0;0;-1
0;787;-66.6253;-47.6768;32.2341;9.70994;3834.76;5.83845;0;0;0.1;0.01;0;4.79137;0;0;-1
0;788;-64.3042;-30.7687;34.2039;9.95636;4134.19;5.98661;0;0;0.1;0.01;0;6.55734;0;0;-1
0;789;-66.7718;-15.5656;31.0197;8.5;2572.44;5.11093;0;0;0.1;0.01;0;5.95304;1;0;-1
0;790;-65.61;0.0152731;34.1224;8.9441;2997.08;5.37796;0;0;0.1;0.01;0;5.98659;0;0;-1
0;791;-66.5556;18.127;33.8907;8.5;2572.44;5.11093;0;0;0.1;0.01;0;4.42981;1;0;-1
0;792;-64.4097;35.1702;31.6574;8.58667;2651.94;5.16304;0;0;0.1;0.01;0;4.16493;0;0;-1
0;793;-66.8406;53.0598;33.2012;9.91933;4088.23;5.96435;0;0;0.1;0.01;0;3.57298;0;0;-1
0;794;-53.1878;-73.3232;30.6162;10.1149;4334.84;6.08194;0;0;0.1;0.01;0;4.85128;0;0;-1
0;795;-50.1848;-58.7143;30.9848;9.48167;3570.62;5.70119;0;0;0.1;0.01;0;6.02553;0;0;-1
0;796;-49.8381;-38.4007;31.6535;9.72083;3847.68;5.84499;0;0;0.1;0.01;0;6.12776;0;0;-1
0;797;-52.802;-21.298;31.1217;8.5;2572.44;5.11093;0;0;0.1;0.01;0;4.91606;1;0;-1
0;798;-52.7059;-7.29189;34.1972;9.66627;3783.25;5.81219;0;0;0.1;0.01;0;4.47846;0;0;-1
0;799;-51.6696;11.8732;31.7809;8.5;2572.44;5.11093;0;0;0.1;0.01;0;4.16185;1;0;-1
0;800;-50.7112;29.4006;32.6116;8.5;2572.44;5.11093;0;0;0.1;0.01;0;5.23833;1;0;-1
0;801;-52.7787;43.3427;33.1273;8.5;2572.44;5.11093;0;0;0.1;0.01;0;5.2413;1;0;-1
0;802;-51.6429;60.0688;33.9743;8.5;2572.44;5.11093;0;0;0.1;0.01;0;4.23743;1;0;-1
0;803;-35.6449;-85.3933;34.2858;10.1766;4414.65;6.11904;0;0;0.1;0.01;0;3.63671;0;0;-1
0;804;-38.0012;-66.3772;31.2858;8.5;2572.44;5.11093;0;0;0.1;0.01;0;4.56048;1;0;-1
0;805;-37.9463;-47.2924;33.1277;9.74583;3877.44;5.86003;0;0;0.1;0.01;0;5.96694;0;0;-1
0;806;-34.474;-33.0324;33.0285;10.2533;4515.23;6.16516;0;0;0.1;0.01;0;6.52083;0;0;-1
0;807;-35.1752;-16.279;32.7178;8.8572;2910.57;5.32571;0;0;0.1;0.01;0;4.1302;0;0;-1
0;808;-35.3353;2.97881;32.3003;8.80953;2863.83;5.29704;0;0;0.1;0.01;0;4.53316;0;0;-1
0;809;-38.305;17.6702;32.7613;8.96634;3019.49;5.39133;0;0;0.1;0.01;0;4.90051;0;0;-1
0;810;-36.9786;37.9438;31.663;9.65063;3764.92;5.80278;0;0;0.1;0.01;0;6.08423;0;0;-1
0;811;-36.8453;52.4702;32.4175;8.9865;3039.91;5.40345;0;0;0.1;0.01;0;5.22414;0;0;-1
0;812;-37.9059;69.1964;32.1256;8.5;2572.44;5.11093;0;0;0.1;0.01;0;3.35633;1;0;-1
0;813;-20.9676;-91.0269;34.0213;9.86408;4020.3;5.93113;0;0;0.1;0.01;0;3.76577;0;0;-1
0;814;-22.9273;-74.3031;32.2345;8.5;2572.44;5.11093;0;0;0.1;0.01;0;5.11862;1;0;-1
0;815;-22.8385;-57.0535;34.4218;8.61747;2680.57;5.18156;0;0;0.1;0.01;0;4.58529;0;0;-1
0;816;-21.8588;-42.7446;31.8903;8.61331;2676.69;5.17906;0;0;0.1;0.01;0;5.68004;0;0;-1
0;817;-20.4303;-21.6612;31.3786;8.5;2572.44;5.11093;0;0;0.1;0.01;0;3.95922;1;0;-1
0;818;-20.9582;-4.75512;34.051;9.37895;3455.82;5.63943;0;0;0.1;0.01;0;5.89991;0;0;-1
0;819;-21.7895;11.194;31.6486;8.93559;2988.53;5.37284;0;0;0.1;0.01;0;5.87632;0;0;-1
0;820;-22.9934;29.3677;33.7823;9.49202;3582.32;5.70741;0;0;0.1;0.01;0;5.5554;0;0;-1
0;821;-20.7391;44.2977;33.8126;9.19925;3260.96;5.53138;0;0;0.1;0.01;0;6.29392;0;0;-1
0;822;-20.4346;59.7006;30.9854;8.65751;2718.11;5.20564;0;0;0.1;0.01;0;5.1202;0;0;-1
0;823;-21.7714;76.7168;32.6744;10.0526;4255.24;6.04448;0;0;0.1;0.01;0;4.73878;0;0;-1
0;824;-6.81776;-81.4836;33.0067;10.2345;4490.44;6.15386;0;0;0.1;0.01;0;5.73688;0;0;-1
0;825;-7.57974;-65.85;32.0435;9.11861;3175.96;5.48289;0;0;0.1;0.01;0;4.85214;0;0;-1
0;826;-8.80819;-46.9434;30.796;9.1191;3176.47;5.48318;0;0;0.1;0.01;0;5.14974;0;0;-1
0;827;-5.45928;-32.6253;31.1686;8.5;2572.44;5.11093;0;0;0.1;0.01;0;4.74325;1;0;-1
0;828;-8.8425;-13.1756;31.5899;10.4144;4731.42;6.26203;0;0;0.1;0.01;0;6.59167;0;0;-1
0;829;-7.46439;3.47767;31.9513;9.30981;3379.96;5.59785;0;0;0.1;0.01;0;6.08519;0;0;-1
0;830;-6.85522;21.0008;33.6351;10.0649;4270.88;6.05188;0;0;0.1;0.01;0;5.67539;0;0;-1
0;831;-7.48138;37.795;34.0841;9.13604;3194.2;5.49337;0;0;0.1;0.01;0;6.1423;0;0;-1
0;832;-5.84808;51.7255;33.6874;8.5;2572.44;5.11093;0;0;0.1;0.01;0;5.49137;1;0;-1
0;833;-7.20296;69.784;32.3996;8.73803;2794.66;5.25405;0;0;0.1;0.01;0;4.3501;0;0;-1
0;834;-6.78223;88.6519;31.1301;8.56897;2635.57;5.1524;0;0;0.1;0.01;0;2.16817;0;0;-1
0;835;8.25049;-89.4389;34.6562;8.757;2812.9;5.26546;0;0;0.1;0.01;0;3.18323;0;0;-1
0;836;7.70524;-74.4736;32.4988;10.4534;4784.77;6.28548;0;0;0.1;0.01;0;7.03453;0;0;-1
0;837;6.34332;-58.948;31.8163;8.79873;2853.31;5.29055;0;0;0.1;0.01;0;5.10457;0;0;-1
0;838;8.4882;-42.9161;33.2001;10.0561;4259.68;6.04659;0;0;0.1;0.01;0;6.75106;0;0;-1
0;839;6.86402;-23.8811;32.754;8.90408;2957.03;5.35389;0;0;0.1;0.01;0;4.87942;0;0;-1
0;840;7.21514;-6.04495;33.7229;9.87605;4034.95;5.93833;0;0;0.1;0.01;0;6.05255;0;0;-1
0;841;5.64867;8.79252;34.3867;9.10205;3158.68;5.47293;0;0;0.1;0.01;0;4.74312;0;0;-1
0;842;8.34007;27.8186;31.0454;9.25309;3318.55;5.56375;0;0;0.1;0.01;0;5.15987;0;0;-1
0;843;6.79199;42.8913;30.5887;10.1876;4428.99;6.12566;0;0;0.1;0.01;0;6.42068;0;0;-1
0;844;8.63638;61.5754;30.9032;8.68436;2743.48;5.22178;0;0;0.1;0.01;0;4.75574;0;0;-1
0;845;9.12474;78.9332;31.9037;9.46328;3549.88;5.69013;0;0;0.1;0.01;0;4.70492;0;0;-1
0;846;23.145;-82.665;33.8556;9.93443;4106.93;5.97343;0;0;0.1;0.01;0;4.76638;0;0;-1
0;847;22.6488;-67.9636;33.0056;9.85623;4010.71;5.92641;0;0;0.1;0.01;0;5.40334;0;0;-1
0;848;23.8659;-47.739;33.3847;8.90151;2954.47;5.35235;0;0;0.1;0.01;0;5.89481;0;0;-1
0;849;21.1347;-32.2892;32.4712;10.1635;4397.63;6.11117;0;0;0.1;0.01;0;7.03848;0;0;-1
0;850;22.1152;-14.0037;32.2136;10.1553;4386.99;6.10623;0;0;0.1;0.01;0;6.79643;0;0;-1
0;851;22.3386;0.480313;30.9408;8.92445;2977.37;5.36614;0;0;0.1;0.01;0;5.12806;0;0;-1
0;852;23.0073;19.3329;30.4859;9.06881;3124.2;5.45294;0;0;0.1;0.01;0;4.82381;0;0;-1
0;853;22.1098;37.5593;33.9854;9.3486;3422.38;5.62118;0;0;0.1;0.01;0;5.73695;0;0;-1
0;854;23.7965;51.3876;32.5741;9.90615;4071.96;5.95642;0;0;0.1;0.01;0;6.81307;0;0;-1
0;855;22.3284;68.759;30.9996;8.75237;2808.44;5.26267;0;0;0.1;0.01;0;5.90308;0;0;-1
0;856;20.854;89.3929;34.2242;9.34689;3420.5;5.62015;0;0;0.1;0.01;0;1.60077;0;0;-1
0;857;35.7809;-74.7236;32.7885;8.5;2572.44;5.11093;0;0;0.1;0.01;0;3.42595;1;0;-1
0;858;37.1896;-55.0837;32.8364;9.55435;3653.36;5.74489;0;0;0.1;0.01;0;5.76177;0;0;-1
0;859;35.5722;-38.4135;30.8896;8.5;2572.44;5.11093;0;0;0.1;0.01;0;5.30872;1;0;-1
0;860;37.4954;-21.9797;32.1841;8.5;2572.44;5.11093;0;0;0.1;0.01;0;4.75521;1;0;-1
0;861;35.9002;-4.81436;33.2079;9.17157;3231.62;5.51473;0;0;0.1;0.01;0;5.72681;0;0;-1
0;862;38.739;9.3531;32.4846;8.59517;2659.82;5.16815;0;0;0.1;0.01;0;4.9144;0;0;-1
0;863;38.1017;25.5629;33.0014;9.81869;3965.06;5.90384;0;0;0.1;0.01;0;5.59259;0;0;-1
0;864;38.3508;43.1656;33.0937;9.76301;3897.98;5.87036;0;0;0.1;0.01;0;6.02014;0;0;-1
0;865;35.3796;61.864;33.7038;9.76121;3895.83;5.86927;0;0;0.1;0.01;0;6.62591;0;0;-1
0;866;36.858;77.2503;32.1607;10.0224;4217;6.02632;0;0;0.1;0.01;0;5.23629;0;0;-1
0;867;52.8283;-64.6666;31.9349;9.06145;3116.6;5.44852;0;0;0.1;0.01;0;3.97308;0;0;-1
0;868;53.1667;-49.3394;32.1232;9.43641;3519.73;5.67398;0;0;0.1;0.01;0;5.65594;0;0;-1
0;869;52.0685;-33.3836;32.3996;9.52844;3623.71;5.72931;0;0;0.1;0.01;0;6.13912;0;0;-1
0;870;51.5452;-17.3166;31.5994;9.93219;4104.15;5.97208;0;0;0.1;0.01;0;6.32152;0;0;-1
0;871;53.2133;0.915174;33.8687;10.0205;4214.6;6.02518;0;0;0.1;0.01;0;6.86843;0;0;-1
0;872;52.4646;17.8238;33.3859;8.9672;3020.36;5.39185;0;0;0.1;0.01;0;6.01755;0;0;-1
0;873;53.4725;38.1456;32.2386;8.9671;3020.26;5.39179;0;0;0.1;0.01;0;6.03645;0;0;-1
0;874;53.2653;53.1812;33.3281;9.60563;3712.5;5.77573;0;0;0.1;0.01;0;6.968;0;0;-1
0;875;51.4242;68.3297;32.4175;9.14929;3208.12;5.50134;0;0;0.1;0.01;0;4.86878;0;0;-1
0;876;67.2595;-58.0692;32.4283;8.83388;2887.64;5.31168;0;0;0.1;0.01;0;3.29298;0;0;-1
0;877;67.6954;-38.6016;31.5544;9.31078;3381.01;5.59844;0;0;0.1;0.01;0;5.34549;0;0;-1
0;878;66.3874;-21.8167;31.9715;9.12977;3187.63;5.4896;0;0;0.1;0.01;0;5.27135;0;0;-1
0;879;66.9422;-4.76973;32.6241;9.85842;4013.38;5.92772;0;0;0.1;0.01;0;5.7258;0;0;-1
0;880;67.2106;10.3565;32.9759;8.94914;3002.15;5.38099;0;0;0.1;0.01;0;6.55213;0;0;-1
0;881;66.2085;28.0125;33.7845;8.61621;2679.4;5.1808;0;0;0.1;0.01;0;5.82177;0;0;-1
0;882;67.3159;45.6447;31.0887;9.11558;3172.79;5.48107;0;0;0.1;0.01;0;6.46606;0;0;-1
0;883;67.0139;59.5032;32.0772;9.87652;4035.53;5.93861;0;0;0.1;0.01;0;4.75387;0;0;-1
0;884;79.9431;-30.2572;33.8306;9.91075;4077.63;5.95919;0;0;0.1;0.01;0;4.39912;0;0;-1
0;885;80.1764;-15.9635;30.72;8.8039;2858.34;5.29366;0;0;0.1;0.01;0;4.50678;0;0;-1
0;886;79.6577;3.68645;33.5504;10.0827;4293.58;6.06258;0;0;0.1;0.01;0;4.94829;0;0;-1
0;887;80.7148;19.7032;34.193;8.73611;2792.82;5.2529;0;0;0.1;0.01;0;3.84915;0;0;-1
0;888;80.5449;33.636;31.9202;8.98096;3034.29;5.40012;0;0;0.1;0.01;0;4.25803;0;0;-1
0;889;-86.3539;-6.44398;47.238;9.7781;3916.08;5.87943;0;0;0.1;0.01;0;3.24468;0;0;-1
0;890;-85.6604;9.85651;47.7966;10.4049;4718.48;6.25632;0;0;0.1;0.01;0;3.02284;0;0;-1
0;891;-69.0185;-49.983;48.7921;10.4318;4755.17;6.27249;0;0;0.1;0.01;0;2.88131;0;0;-1
0;892;-69.3942;-33.7468;47.9844;8.5;2572.44;5.11093;0;0;0.1;0.01;0;4.09321;1;0;-1
0;893;-69.3652;-13.3637;47.6961;9.91875;4087.52;5.964;0;0;0.1;0.01;0;5.72705;0;0;-1
0;894;-71.5183;0.838862;46.7811;8.91111;2964.04;5.35812;0;0;0.1;0.01;0;5.62324;0;0;-1
0;895;-68.5675;18.0379;47.0536;8.75571;2811.66;5.26468;0;0;0.1;0.01;0;3.9341;0;0;-1
0;896;-70.5821;36.4605;49.3656;9.25688;3322.63;5.56603;0;0;0.1;0.01;0;1.72365;0;0;-1
0;897;-56.6387;-59.6033;46.1532;8.92538;2978.3;5.3667;0;0;0.1;0.01;0;4.10121;0;0;-1
0;898;-57.0578;-39.1321;47.6065;9.30218;3371.65;5.59327;0;0;0.1;0.01;0;5.77651;0;0;-1
0;899;-57.0497;-23.2624;47.2571;8.5;2572.44;5.11093;0;0;0.1;0.01;0;5.45214;1;0;-1
0;900;-56.8238;-6.91075;48.805;9.56046;3660.37;5.74857;0;0;0.1;0.01;0;5.90532;0;0;-1
0;901;-54.5971;12.7532;45.9864;8.6949;2753.48;5.22812;0;0;0.1;0.01;0;4.41972;0;0;-1
0;902;-57.7013;29.7426;45.9838;8.5;2572.44;5.11093;0;0;0.1;0.01;0;4.65878;1;0;-1
0;903;-56.3027;45.9378;47.0334;8.5;2572.44;5.11093;0;0;0.1;0.01;0;4.45973;1;0;-1
0;904;-54.4401;61.302;46.414;8.73256;2789.42;5.25076;0;0;0.1;0.01;0;3.49859;0;0;-1
0;905;-40.6519;-64.3875;45.874;8.77308;2828.43;5.27513;0;0;0.1;0.01;0;3.6644;0;0;-1
0;906;-40.4033;-50.579;48.2059;9.14813;3206.9;5.50064;0;0;0.1;0.01;0;5.15873;0;0;-1
0;907;-43.2019;-30.0699;46.0954;10.1709;4407.24;6.11561;0;0;0.1;0.01;0;6.05386;0;0;-1
0;908;-41.5056;-14.2949;49.0758;8.5;2572.44;5.11093;0;0;0.1;0.01;0;4.98945;1;0;-1
0;909;-41.6434;0.772553;49.2669;8.65928;2719.78;5.2067;0;0;0.1;0.01;0;4.60176;0;0;-1
0;910;-42.0964;16.7764;48.271;10.2808;4551.66;6.1817;0;0;0.1;0.01;0;5.92402;0;0;-1
0;911;-42.3311;35.8775;45.2275;8.59133;2656.26;5.16584;0;0;0.1;0.01;0;4.95137;0;0;-1
0;912;-41.2182;53.238;48.8998;10.1348;4360.48;6.09391;0;0;0.1;0.01;0;6.53557;0;0;-1
0;913;-42.4851;69.7231;48.098;9.85071;4003.97;5.92309;0;0;0.1;0.01;0;4.23851;0;0;-1
0;914;-27.8264;-76.7439;46.736;9.0812;3137.03;5.46039;0;0;0.1;0.01;0;2.96334;0;0;-1
0;915;-26.1707;-55.5056;48.3168;8.59395;2658.69;5.16742;0;0;0.1;0.01;0;5.99623;0;0;-1
0;916;-27.6836;-41.4919;46.528;9.63897;3751.29;5.79577;0;0;0.1;0.01;0;7.57707;0;0;-1
0;917;-28.0301;-24.2516;49.4344;8.5;2572.44;5.11093;0;0;0.1;0.01;0;4.80463;1;0;-1
0;918;-25.7056;-8.79547;47.3288;8.5;2572.44;5.11093;0;0;0.1;0.01;0;4.63816;1;0;-1
0;919;-26.6721;12.0275;46.5399;9.92574;4096.16;5.9682;0;0;0.1;0.01;0;5.77983;0;0;-1
0;920;-26.9584;29.5841;48.5518;10.2075;4454.99;6.13762;0;0;0.1;0.01;0;7.06327;0;0;-1
0;921;-26.3526;45.1515;48.8392;9.22863;3292.31;5.54904;0;0;0.1;0.01;0;6.1176;0;0;-1
0;922;-25.8953;60.8825;46.5211;10.3198;4603.65;6.20515;0;0;0.1;0.01;0;6.87365;0;0;-1
0;923;-25.5703;79.3391;48.5006;9.1597;3219.08;5.50759;0;0;0.1;0.01;0;3.17641;0;0;-1
0;924;-12.3639;-80.7914;46.0123;8.874;2927.16;5.33581;0;0;0.1;0.01;0;3.07081;0;0;-1
0;925;-11.8837;-64.6849;47.9653;8.62741;2689.86;5.18754;0;0;0.1;0.01;0;4.45653;0;0;-1
0;926;-13.4915;-47.9728;46.5751;10.3686;4669.27;6.23449;0;0;0.1;0.01;0;7.52058;0;0;-1
0;927;-12.6919;-33.5686;49.1061;10.005;4195.08;6.01586;0;0;0.1;0.01;0;5.8818;0;0;-1
0;928;-11.415;-13.883;48.6911;9.93402;4106.42;5.97318;0;0;0.1;0.01;0;6.7725;0;0;-1
0;929;-11.0342;0.269397;46.1091;9.49154;3581.78;5.70713;0;0;0.1;0.01;0;6.65045;0;0;-1
0;930;-13.1766;19.5104;47.8635;10.0132;4205.4;6.02079;0;0;0.1;0.01;0;6.25896;0;0;-1
0;931;-11.2544;37.096;49.0551;8.84922;2902.71;5.32091;0;0;0.1;0.01;0;6.45092;0;0;-1
0;932;-12.2006;52.5454;48.7838;9.02879;3083.03;5.42888;0;0;0.1;0.01;0;7.2088;0;0;-1
0;933;-11.7503;69.7921;48.0767;10.1432;4371.33;6.09896;0;0;0.1;0.01;0;5.86867;0;0;-1
0;934;-12.8177;86.614;47.9893;8.5;2572.44;5.11093;0;0;0.1;0.01;0;1.66688;1;0;-1
0;935;2.0566;-73.1418;45.8789;8.5;2572.44;5.11093;0;0;0.1;0.01;0;4.91196;1;0;-1
0;936;1.61385;-59.437;46.622;8.99434;3047.87;5.40817;0;0;0.1;0.01;0;5.609;0;0;-1
0;937;2.35281;-42.2765;46.9525;9.40872;3488.83;5.65733;0;0;0.1;0.01;0;5.6516;0;0;-1
0;938;1.44413;-22.4098;48.5099;9.3869;3464.62;5.64421;0;0;0.1;0.01;0;5.82092;0;0;-1
0;939;4.30864;-5.39019;49.0438;9.50215;3593.8;5.7135;0;0;0.1;0.01;0;6.81384;0;0;-1
0;940;3.22363;8.86731;49.2383;9.40384;3483.41;5.65439;0;0;0.1;0.01;0;5.80868;0;0;-1
0;941;1.82296;29.6389;47.3242;8.5;2572.44;5.11093;0;0;0.1;0.01;0;5.04963;1;0;-1
0;942;1.08586;45.5421;47.603;8.53776;2606.88;5.13363;0;0;0.1;0.01;0;6.17197;0;0;-1
0;943;1.48537;60.6207;45.6664;9.03964;3094.15;5.4354;0;0;0.1;0.01;0;5.4377;0;0;-1
0;944;4.93245;79.7294;48.6585;10.1102;4328.8;6.07912;0;0;0.1;0.01;0;3.00595;0;0;-1
0;945;18.9295;-84.4744;48.8934;8.82496;2878.9;5.30632;0;0;0.1;0.01;0;1.95409;0;0;-1
0;946;18.2795;-65.9294;46.71;9.13393;3191.99;5.4921;0;0;0.1;0.01;0;4.69406;0;0;-1
0;947;16.9244;-49.415;46.2875;8.5;2572.44;5.11093;0;0;0.1;0.01;0;4.61209;1;0;-1
0;948;19.3946;-34.3997;45.9335;10.2763;4545.68;6.17899;0;0;0.1;0.01;0;6.56698;0;0;-1
0;949;16.1465;-14.8577;48.4567;9.22523;3288.67;5.547;0;0;0.1;0.01;0;6.34122;0;0;-1
0;950;18.7767;1.80471;48.5216;8.50641;2578.26;5.11478;0;0;0.1;0.01;0;5.65924;0;0;-1
0;951;17.3895;17.4856;46.7731;9.55479;3653.86;5.74516;0;0;0.1;0.01;0;5.23356;0;0;-1
0;952;16.0227;36.3975;49.0131;8.5;2572.44;5.11093;0;0;0.1;0.01;0;4.95131;1;0;-1
0;953;19.2404;50.8477;45.565;9.03341;3087.76;5.43166;0;0;0.1;0.01;0;5.11147;0;0;-1
0;954;17.4138;71.0964;46.795;9.52319;3617.73;5.72616;0;0;0.1;0.01;0;4.54199;0;0;-1
0;955;33.2091;-74.2742;48.7954;8.9766;3029.87;5.3975;0;0;0.1;0.01;0;3.24252;0;0;-1
0;956;33.112;-57.1343;47.8256;9.60965;3717.16;5.77814;0;0;0.1;0.01;0;6.04614;0;0;-1
0;957;33.4762;-39.2154;45.8187;9.85133;4004.73;5.92346;0;0;0.1;0.01;0;6.54175;0;0;-1
0;958;30.797;-22.5173;46.1784;9.98303;4167.5;6.00265;0;0;0.1;0.01;0;6.38792;0;0;-1
0;959;31.9841;-5.03583;47.7724;9.48791;3577.67;5.70494;0;0;0.1;0.01;0;5.83144;0;0;-1
0;960;33.2572;12.0623;47.6427;9.44032;3524.1;5.67633;0;0;0.1;0.01;0;5.47796;0;0;-1
0;961;30.6852;25.7852;46.9814;9.75134;3884.02;5.86334;0;0;0.1;0.01;0;6.52741;0;0;-1
0;962;32.7083;43.2067;48.5181;8.95476;3007.81;5.38437;0;0;0.1;0.01;0;6.11688;0;0;-1
0;963;31.8866;59.3295;48.6099;9.99243;4179.28;6.0083;0;0;0.1;0.01;0;6.93136;0;0;-1
0;964;30.9334;76.2507;47.6984;9.44588;3530.33;5.67967;0;0;0.1;0.01;0;4.12514;0;0;-1
0;965;45.9682;-63.7047;46.5725;8.50235;2574.57;5.11234;0;0;0.1;0.01;0;3.30721;0;0;-1
0;966;46.1759;-47.475;47.5689;10.2055;4452.37;6.13642;0;0;0.1;0.01;0;6.42866;0;0;-1
0;967;47.6488;-31.4622;46.2911;8.5;2572.44;5.11093;0;0;0.1;0.01;0;5.04403;1;0;-1
0;968;45.2298;-13.9431;49.0294;9.26855;3335.22;5.57304;0;0;0.1;0.01;0;5.88931;0;0;-1
0;969;45.8995;-0.220054;45.3753;8.5;2572.44;5.11093;0;0;0.1;0.01;0;5.34666;1;0;-1
0;970;47.7173;20.7861;46.8796;10.0206;4214.73;6.02524;0;0;0.1;0.01;0;7.16656;0;0;-1
0;971;45.3016;36.6226;48.5881;9.44979;3534.72;5.68202;0;0;0.1;0.01;0;6.80045;0;0;-1
0;972;46.4701;54.7697;49.1068;9.69619;3818.49;5.83018;0;0;0.1;0.01;0;5.88138;0;0;-1
0;973;45.6621;72.0097;48.4221;9.86394;4020.13;5.93104;0;0;0.1;0.01;0;3.34186;0;0;-1
0;974;63.7025;-58.7684;46.4818;8.74716;2803.43;5.25954;0;0;0.1;0.01;0;2.38264;0;0;-1
0;975;62.0092;-42.3737;47.6503;9.36522;3440.67;5.63117;0;0;0.1;0.01;0;5.0483;0;0;-1
0;976;59.8936;-24.0715;48.5234;8.5;2572.44;5.11093;0;0;0.1;0.01;0;4.86114;1;0;-1
0;977;63.607;-8.70187;46.8146;10.1425;4370.42;6.09854;0;0;0.1;0.01;0;6.67305;0;0;-1
0;978;60.6632;8.13243;47.1477;9.86993;4027.46;5.93465;0;0;0.1;0.01;0;6.38241;0;0;-1
0;979;61.5223;26.8073;46.1107;9.90075;4065.3;5.95318;0;0;0.1;0.01;0;6.42653;0;0;-1
0;980;60.1726;43.6473;46.0446;10.1384;4365.13;6.09607;0;0;0.1;0.01;0;6.24353;0;0;-1
0;981;61.1698;61.0026;46.9961;9.12844;3186.24;5.4888;0;0;0.1;0.01;0;3.75964;0;0;-1
0;982;77.2978;-30.3702;48.641;8.61289;2676.3;5.17881;0;0;0.1;0.01;0;2.62336;0;0;-1
0;983;77.1326;-17.1044;47.7295;8.5;2572.44;5.11093;0;0;0.1;0.01;0;3.16254;1;0;-1
0;984;75.5676;1.82822;46.5459;9.84126;3992.46;5.91741;0;0;0.1;0.01;0;5.04566;0;0;-1
0;985;78.6915;17.3382;48.7988;10.0526;4255.24;6.04448;0;0;0.1;0.01;0;4.18386;0;0;-1
0;986;75.2846;34.6935;45.919;10.2898;4563.62;6.18711;0;0;0.1;0.01;0;4.40717;0;0;-1
0;987;-65.6126;-30.2889;62.2667;8.57744;2643.39;5.15749;0;0;0.1;0.01;0;3.43658;0;0;-1
0;988;-66.5779;-15.4229;63.5487;8.87947;2932.58;5.3391;0;0;0.1;0.01;0;3.53979;0;0;-1
0;989;-66.6917;0.549332;61.3347;8.52153;2592.04;5.12387;0;0;0.1;0.01;0;3.47953;0;0;-1
0;990;-66.151;19.5137;63.9364;9.60852;3715.85;5.77746;0;0;0.1;0.01;0;3.35532;0;0;-1
0;991;-51.8209;-58.4792;60.4489;9.06277;3117.97;5.44931;0;0;0.1;0.01;0;2.13755;0;0;-1
0;992;-51.4168;-38.7593;63.6269;10.4312;4754.35;6.27213;0;0;0.1;0.01;0;5.19829;0;0;-1
0;993;-50.7471;-24.5015;63.3014;8.99047;3043.94;5.40584;0;0;0.1;0.01;0;6.41186;0;0;-1
0;994;-52.7064;-8.7938;61.3349;8.75928;2815.1;5.26683;0;0;0.1;0.01;0;4.57356;0;0;-1
0;995;-53.4861;10.3276;61.6442;10.3467;4639.75;6.22132;0;0;0.1;0.01;0;5.60416;0;0;-1
0;996;-53.0232;27.1261;62.1053;8.5119;2583.26;5.11808;0;0;0.1;0.01;0;4.0421;0;0;-1
0;997;-51.7528;46.5221;61.8024;9.49673;3587.66;5.71025;0;0;0.1;0.01;0;3.02793;0;0;-1
0;998;-36.3722;-47.5587;60.5211;9.31429;3384.84;5.60055;0;0;0.1;0.01;0;6.18529;0;0;-1
0;999;-36.9153;-33.1686;64.1593;8.56914;2635.73;5.1525;0;0;0.1;0.01;0;5.89065;0;0;-1
0;1000;-35.4745;-15.6551;62.6722;9.77893;3917.08;5.87993;0;0;0.1;0.01;0;6.62028;0;0;-1
0;1001;-36.1652;1.45538;63.9639;8.73934;2795.92;5.25484;0;0;0.1;0.01;0;4.87555;0;0;-1
0;1002;-35.0659;19.5867;62.2199;8.80965;2863.94;5.29711;0;0;0.1;0.01;0;5.88715;0;0;-1
0;1003;-35.2267;37.0922;60.6601;9.96828;4149.06;5.99378;0;0;0.1;0.01;0;6.29283;0;0;-1
0;1004;-38.303;52.2613;63.8414;9.47991;3568.63;5.70013;0;0;0.1;0.01;0;3.94481;0;0;-1
0;1005;-38.3148;67.957;60.6969;9.61487;3723.22;5.78128;0;0;0.1;0.01;0;3.18459;0;0;-1
0;1006;-21.3196;-73.2332;63.7646;8.5;2572.44;5.11093;0;0;0.1;0.01;0;1.71284;1;0;-1
0;1007;-23.2928;-57.0278;62.2443;10.4;4711.82;6.25337;0;0;0.1;0.01;0;6.18667;0;0;-1
0;1008;-22.2416;-40.863;61.3887;10.2717;4539.58;6.17622;0;0;0.1;0.01;0;8.02834;0;0;-1
0;1009;-21.3015;-22.7357;63.6593;8.53442;2603.82;5.13162;0;0;0.1;0.01;0;6.24272;0;0;-1
0;1010;-21.9744;-5.56913;62.1277;10.3597;4657.26;6.22914;0;0;0.1;0.01;0;6.43835;0;0;-1
0;1011;-22.1186;10.5236;60.8522;8.5;2572.44;5.11093;0;0;0.1;0.01;0;3.63337;1;0;-1
0;1012;-23.786;26.8079;63.5233;9.01866;3072.66;5.42279;0;0;0.1;0.01;0;4.69423;0;0;-1
0;1013;-22.4073;44.4764;62.8112;9.87176;4029.7;5.93575;0;0;0.1;0.01;0;6.77253;0;0;-1
0;1014;-21.8318;59.7014;60.1784;8.81698;2871.1;5.30152;0;0;0.1;0.01;0;5.43858;0;0;-1
0;1015;-7.87064;-67.6895;60.3459;8.52518;2595.37;5.12607;0;0;0.1;0.01;0;3.89048;0;0;-1
0;1016;-7.86913;-47.703;63.1293;10.2311;4485.96;6.15181;0;0;0.1;0.01;0;6.71349;0;0;-1
0;1017;-5.56195;-29.8875;63.3943;9.05885;3113.92;5.44696;0;0;0.1;0.01;0;6.57563;0;0;-1
0;1018;-6.85051;-15.335;60.9657;8.54701;2615.36;5.13919;0;0;0.1;0.01;0;6.62578;0;0;-1
0;1019;-8.78271;0.617457;60.7691;8.5;2572.44;5.11093;0;0;0.1;0.01;0;4.71317;1;0;-1
0;1020;-6.95681;20.8313;60.3906;8.92528;2978.2;5.36664;0;0;0.1;0.01;0;4.61651;0;0;-1
0;1021;-8.83578;36.01;63.5783;9.68264;3802.51;5.82203;0;0;0.1;0.01;0;7.04834;0;0;-1
0;1022;-6.47195;52.1437;61.028;9.64341;3756.48;5.79844;0;0;0.1;0.01;0;7.58173;0;0;-1
0;1023;-7.43356;67.6703;60.8728;10.3052;4584.14;6.19637;0;0;0.1;0.01;0;4.93661;0;0;-1
0;1024;5.31977;-73.7695;61.9501;8.5;2572.44;5.11093;0;0;0.1;0.01;0;2.23848;1;0;-1
0;1025;6.87572;-57.405;62.3038;10.176;4413.87;6.11868;0;0;0.1;0.01;0;5.81675;0;0;-1
0;1026;7.73907;-39.3497;61.0355;8.5;2572.44;5.11093;0;0;0.1;0.01;0;4.55258;1;0;-1
0;1027;6.38423;-22.6885;62.3453;9.92312;4092.92;5.96663;0;0;0.1;0.01;0;6.7128;0;0;-1
0;1028;9.17399;-6.37403;62.4733;10.2402;4497.94;6.15728;0;0;0.1;0.01;0;6.85776;0;0;-1
0;1029;8.77885;12.1976;62.2471;8.66534;2725.5;5.21034;0;0;0.1;0.01;0;4.7879;0;0;-1
0;1030;7.92045;26.323;63.412;8.5;2572.44;5.11093;0;0;0.1;0.01;0;5.49358;1;0;-1
0;1031;7.42236;42.0718;60.0858;10.2988;4575.6;6.19252;0;0;0.1;0.01;0;6.63393;0;0;-1
0;1032;6.63851;63.0892;63.2893;9.3194;3390.41;5.60362;0;0;0.1;0.01;0;4.62168;0;0;-1
0;1033;21.3038;-63.8675;60.9583;8.5;2572.44;5.11093;0;0;0.1;0.01;0;3.70142;1;0;-1
0;1034;23.2552;-50.2973;61.954;8.5;2572.44;5.11093;0;0;0.1;0.01;0;4.43421;1;0;-1
0;1035;20.9385;-32.3642;61.0343;8.5;2572.44;5.11093;0;0;0.1;0.01;0;3.83301;1;0;-1
0;1036;24.215;-12.6692;60.3696;8.5;2572.44;5.11093;0;0;0.1;0.01;0;5.40598;1;0;-1
0;1037;20.6102;2.9562;61.783;8.5;2572.44;5.11093;0;0;0.1;0.01;0;5.06478;1;0;-1
0;1038;23.0818;19.7979;63.7341;10.3275;4613.96;6.20978;0;0;0.1;0.01;0;7.3423;0;0;-1
0;1039;21.9264;37.8435;63.1539;8.70203;2760.26;5.2324;0;0;0.1;0.01;0;5.68864;0;0;-1
0;1040;21.58;53.1562;60.4245;8.5;2572.44;5.11093;0;0;0.1;0.01;0;5.29682;1;0;-1
0;1041;22.133;69.1067;61.3971;9.0674;3122.75;5.4521;0;0;0.1;0.01;0;3.39063;0;0;-1
0;1042;34.6694;-59.7295;63.5307;8.5;2572.44;5.11093;0;0;0.1;0.01;0;2.17555;1;0;-1
0;1043;36.1544;-39.3441;62.5755;9.23923;3303.66;5.55541;0;0;0.1;0.01;0;4.51207;0;0;-1
0;1044;38.1857;-22.8116;61.8946;8.81792;2872.02;5.30209;0;0;0.1;0.01;0;4.89387;0;0;-1
0;1045;35.7941;-5.05996;62.6103;8.95321;3006.25;5.38344;0;0;0.1;0.01;0;4.80246;0;0;-1
0;1046;38.2675;12.2883;61.3815;9.45337;3538.74;5.68417;0;0;0.1;0.01;0;5.64835;0;0;-1
0;1047;37.9515;26.209;60.2485;8.5;2572.44;5.11093;0;0;0.1;0.01;0;6.73261;1;0;-1
0;1048;35.5209;43.3619;63.5251;9.23679;3301.05;5.55395;0;0;0.1;0.01;0;5.62948;0;0;-1
0;1049;38.6625;60.4747;63.3783;9.72555;3853.28;5.84783;0;0;0.1;0.01;0;3.94818;0;0;-1
0;1050;53.4585;-48.7341;61.7488;9.52246;3616.9;5.72572;0;0;0.1;0.01;0;3.22348;0;0;-1
0;1051;50.3663;-33.3949;60.8811;8.5;2572.44;5.11093;0;0;0.1;0.01;0;4.87646;1;0;-1
0;1052;51.0251;-15.2836;62.1405;9.58171;3684.83;5.76134;0;0;0.1;0.01;0;5.69816;0;0;-1
0;1053;50.0356;0.79467;62.6947;8.5;2572.44;5.11093;0;0;0.1;0.01;0;4.12884;1;0;-1
0;1054;50.5504;20.6938;60.9302;8.5;2572.44;5.11093;0;0;0.1;0.01;0;5.72274;1;0;-1
0;1055;50.8702;34.8055;61.815;9.8158;3961.56;5.9021;0;0;0.1;0.01;0;6.01774;0;0;-1
0;1056;53.6967;53.0085;62.7373;10.1404;4367.71;6.09728;0;0;0.1;0.01;0;3.14217;0;0;-1
0;1057;67.0774;-40.8593;60.8983;10.4293;4751.76;6.27099;0;0;0.1;0.01;0;2.85258;0;0;-1
0;1058;64.4563;-21.52;62.1442;8.5;2572.44;5.11093;0;0;0.1;0.01;0;2.95791;1;0;-1
0;1059;64.4387;-5.43933;61.8744;8.5;2572.44;5.11093;0;0;0.1;0.01;0;4.07983;1;0;-1
0;1060;66.7721;9.19601;60.6545;9.7064;3830.57;5.83632;0;0;0.1;0.01;0;3.28642;0;0;-1
0;1061;65.1725;25.0282;60.16;8.80062;2855.15;5.29169;0;0;0.1;0.01;0;2.82082;0;0;-1
0;1062;-54.423;-23.7648;75.9811;9.34551;3418.99;5.61932;0;0;0.1;0.01;0;3.60358;0;0;-1
0;1063;-56.5103;-4.69953;78.7115;8.5;2572.44;5.11093;0;0;0.1;0.01;0;1.66153;1;0;-1
0;1064;-54.9452;10.6814;76.2443;9.32397;3395.4;5.60637;0;0;0.1;0.01;0;3.9049;0;0;-1
0;1065;-56.4413;29.7252;75.018;10.447;4775.99;6.28163;0;0;0.1;0.01;0;3.2348;0;0;-1
0;1066;-40.0294;-48.9612;77.0221;8.5;2572.44;5.11093;0;0;0.1;0.01;0;2.24718;1;0;-1
0;1067;-42.2485;-30.7957;77.7903;8.79456;2849.25;5.28804;0;0;0.1;0.01;0;4.74997;0;0;-1
0;1068;-40.3994;-15.9271;75.0975;9.98709;4172.59;6.00509;0;0;0.1;0.01;0;6.54519;0;0;-1
0;1069;-40.4514;2.86906;77.9473;9.51488;3608.27;5.72116;0;0;0.1;0.01;0;5.73082;0;0;-1
0;1070;-41.6355;17.7809;74.6462;8.54694;2615.29;5.13915;0;0;0.1;0.01;0;5.54902;0;0;-1
0;1071;-39.3201;33.6827;76.478;9.87209;4030.1;5.93594;0;0;0.1;0.01;0;4.1422;0;0;-1
0;1072;-24.3921;-55.1629;76.9416;9.73996;3870.44;5.8565;0;0;0.1;0.01;0;3.46786;0;0;-1
0;1073;-26.2708;-40.8464;74.9516;9.02504;3079.19;5.42663;0;0;0.1;0.01;0;5.50397;0;0;-1
0;1074;-27.4686;-23.156;76.5332;10.0637;4269.35;6.05116;0;0;0.1;0.01;0;7.01302;0;0;-1
0;1075;-27.2513;-4.52036;77.9003;9.34698;3420.6;5.6202;0;0;0.1;0.01;0;6.55047;0;0;-1
0;1076;-24.9818;12.2903;77.0455;9.04555;3100.23;5.43896;0;0;0.1;0.01;0;5.77531;0;0;-1
0;1077;-25.7849;26.5315;77.3041;9.31413;3384.66;5.60045;0;0;0.1;0.01;0;5.89732;0;0;-1
0;1078;-25.3388;43.7253;77.7633;9.28589;3353.97;5.58347;0;0;0.1;0.01;0;3.80793;0;0;-1
0;1079;-10.0668;-47.8151;76.403;8.80812;2862.45;5.29619;0;0;0.1;0.01;0;4.92249;0;0;-1
0;1080;-12.4525;-31.1426;76.4175;10.2266;4480.05;6.14911;0;0;0.1;0.01;0;7.47755;0;0;-1
0;1081;-12.8035;-16.1712;74.6162;9.40462;3484.27;5.65486;0;0;0.1;0.01;0;7.35013;0;0;-1
0;1082;-13.5663;0.32689;78.4954;10.2202;4471.64;6.14526;0;0;0.1;0.01;0;6.59514;0;0;-1
0;1083;-11.4828;20.5733;78.3206;8.95194;3004.97;5.38267;0;0;0.1;0.01;0;5.81105;0;0;-1
0;1084;-10.8876;36.5094;76.7764;10.0821;4292.81;6.06222;0;0;0.1;0.01;0;7.2758;0;0;-1
0;1085;-11.9903;51.5973;76.3076;9.93362;4105.93;5.97294;0;0;0.1;0.01;0;4.78399;0;0;-1
0;1086;3.54344;-58.8453;76.6021;10.3992;4710.73;6.25289;0;0;0.1;0.01;0;3.37314;0;0;-1
0;1087;1.37841;-42.2313;78.4802;8.5;2572.44;5.11093;0;0;0.1;0.01;0;4.97634;1;0;-1
0;1088;4.76854;-23.2432;76.3357;10.0445;4244.96;6.03961;0;0;0.1;0.01;0;6.80759;0;0;-1
0;1089;1.3;-7.59231;78.2494;9.92445;4094.57;5.96743;0;0;0.1;0.01;0;6.26808;0;0;-1
0;1090;3.2689;11.4152;77.637;8.90179;2954.75;5.35252;0;0;0.1;0.01;0;4.5404;0;0;-1
0;1091;1.50445;27.3583;77.7776;9.65841;3774.03;5.80746;0;0;0.1;0.01;0;7.23778;0;0;-1
0;1092;2.54106;42.4947;76.4673;10.3015;4579.2;6.19414;0;0;0.1;0.01;0;6.33559;0;0;-1
0;1093;4.04448;61.3738;76.5708;9.70352;3827.16;5.83459;0;0;0.1;0.01;0;3.2896;0;0;-1
0;1094;16.4733;-49.599;74.9914;8.82222;2876.22;5.30467;0;0;0.1;0.01;0;3.5161;0;0;-1
0;1095;17.4655;-30.7382;77.8439;9.94785;4123.6;5.9815;0;0;0.1;0.01;0;6.04506;0;0;-1
0;1096;18.495;-13.1211;74.6075;9.11763;3174.93;5.4823;0;0;0.1;0.01;0;6.14277;0;0;-1
0;1097;16.7232;3.34253;76.3047;8.78297;2838;5.28107;0;0;0.1;0.01;0;5.25387;0;0;-1
0;1098;18.4095;20.1251;76.7551;8.5;2572.44;5.11093;0;0;0.1;0.01;0;5.81097;1;0;-1
0;1099;18.6037;33.9792;76.0148;10.0972;4312.13;6.0713;0;0;0.1;0.01;0;7.30787;0;0;-1
0;1100;18.5689;54.427;76.1436;9.59276;3697.6;5.76799;0;0;0.1;0.01;0;3.60247;0;0;-1
0;1101;32.5498;-40.2002;76.4287;10.1849;4425.47;6.12403;0;0;0.1;0.01;0;3.81366;0;0;-1
0;1102;31.246;-22.944;78.5542;10.1291;4353.13;6.09048;0;0;0.1;0.01;0;5.58413;0;0;-1
0;1103;31.1803;-5.98572;77.3433;8.5572;2624.72;5.14532;0;0;0.1;0.01;0;5.20212;0;0;-1
0;1104;32.3737;11.7415;76.1706;9.07028;3125.72;5.45383;0;0;0.1;0.01;0;4.46449;0;0;-1
0;1105;34.5173;28.4109;76.6452;10.3011;4578.67;6.1939;0;0;0.1;0.01;0;5.87675;0;0;-1
0;1106;30.9539;46.4951;78.1592;10.3268;4613.03;6.20935;0;0;0.1;0.01;0;4.17057;0;0;-1
0;1107;49.088;-30.3943;78.6653;9.26179;3327.92;5.56898;0;0;0.1;0.01;0;1.68976;0;0;-1
0;1108;45.4477;-13.8845;75.307;8.5304;2600.14;5.12921;0;0;0.1;0.01;0;4.76235;0;0;-1
0;1109;47.4423;0.400999;77.9791;8.55106;2619.08;5.14163;0;0;0.1;0.01;0;3.45411;0;0;-1
0;1110;48.3215;20.0369;74.9187;9.58572;3689.46;5.76375;0;0;0.1;0.01;0;3.86979;0;0;-1
0;1111;49.0107;36.2405;77.4642;8.5;2572.44;5.11093;0;0;0.1;0.01;0;2.34125;1;0;-1
0;1112;60.4395;-6.10771;78.4504;8.5;2572.44;5.11093;0;0;0.1;0.01;0;1.59305;1;0;-1
0;1113;-36.2714;-15.7331;89.6391;9.8315;3980.59;5.91154;0;0;0.1;0.01;0;4.24585;0;0;-1
0;1114;-36.4123;1.5691;91.2345;8.5;2572.44;5.11093;0;0;0.1;0.01;0;3.9231;1;0;-1
0;1115;-38.4456;16.952;89.8879;10.0141;4206.53;6.02133;0;0;0.1;0.01;0;3.77078;0;0;-1
0;1116;-21.102;-24.4713;90.0522;10.4526;4783.67;6.285;0;0;0.1;0.01;0;4.94867;0;0;-1
0;1117;-23.4162;-6.36178;93.0777;10.0382;4236.98;6.03582;0;0;0.1;0.01;0;4.53967;0;0;-1
0;1118;-22.7357;11.6884;89.7615;8.5;2572.44;5.11093;0;0;0.1;0.01;0;4.56622;1;0;-1
0;1119;-21.6272;27.6356;93.3776;10.1704;4406.59;6.11531;0;0;0.1;0.01;0;3.63783;0;0;-1
0;1120;-7.47883;-31.4728;90.7929;9.99572;4183.41;6.01028;0;0;0.1;0.01;0;4.74511;0;0;-1
0;1121;-8.53503;-14.0114;89.4458;9.49792;3589.01;5.71096;0;0;0.1;0.01;0;6.43297;0;0;-1
0;1122;-6.51212;1.18017;92.6602;9.92513;4095.41;5.96784;0;0;0.1;0.01;0;5.31351;0;0;-1
0;1123;-5.80699;19.132;93.3223;10.3778;4681.71;6.24002;0;0;0.1;0.01;0;5.37645;0;0;-1
0;1124;-7.61285;35.0381;92.3618;8.5;2572.44;5.11093;0;0;0.1;0.01;0;3.70855;1;0;-1
0;1125;5.41886;-38.5675;92.1442;8.64182;2703.36;5.1962;0;0;0.1;0.01;0;2.77306;0;0;-1
0;1126;6.63495;-23.3614;92.1236;9.97299;4154.94;5.99661;0;0;0.1;0.01;0;4.85898;0;0;-1
0;1127;7.32778;-5.03959;91.609;9.76217;3896.98;5.86985;0;0;0.1;0.01;0;4.36973;0;0;-1
0;1128;6.66556;10.7995;91.2102;9.29955;3368.79;5.59168;0;0;0.1;0.01;0;4.12193;0;0;-1
0;1129;6.0966;28.7533;90.0566;9.47028;3557.76;5.69434;0;0;0.1;0.01;0;5.33258;0;0;-1
0;1130;23.7585;-31.9719;89.8546;8.5;2572.44;5.11093;0;0;0.1;0.01;0;2.95009;1;0;-1
0;1131;20.7071;-13.4752;89.3525;8.96289;3016.01;5.38926;0;0;0.1;0.01;0;4.82347;0;0;-1
0;1132;22.7979;0.121395;90.1604;8.56343;2630.46;5.14907;0;0;0.1;0.01;0;3.47132;0;0;-1
0;1133;20.0095;20.8201;90.9608;8.88242;2935.5;5.34087;0;0;0.1;0.01;0;3.25217;0;0;-1
0;1134;20.8915;36.7124;90.3454;8.61361;2676.97;5.17924;0;0;0.1;0.01;0;2.72023;0;0;-1
0;1135;37.3253;-7.8081;89.7316;9.767;3902.76;5.87276;0;0;0.1;0.01;0;3.63745;0;0;-1
0;1136;35.4254;9.72356;91.1655;8.5238;2594.11;5.12524;0;0;0.1;0.01;0;1.96401;0;0;-1
