      Alive  Apoptotic  Necrotic
Time                            
0      1137          0         0
40     1226          5         0
80     1231          7         6
120    1145         68        50
160     926        245       116
200     753        421       136
240     677        503       147
280     661        542       150
320     659        558       152
360     688        564       154
400     715        567       157
440     763        566       159
480     814        558       162
520     886        509       164
560     926        383       172
600     959        223       176
640     990        112       187
680    1017         61       198
720    1017         50       205
760    1021         43       209
800    1047         37       212
840    1068         40       220
880    1087         38       225
920    1115         38       230
960    1150         39       235
1000   1196         42       238
1040   1263         39       240
1080   1346         41       244
1120   1443         41       249
1160   1549         35       257
1200   1629         35       262
1240   1678         39       272
1280   1755         37       285
1320   1808         41       294
1360   1815         45       307
1400   1829         55       312
1440   1855         52       324
Saving fig as ./figures/example_spheroid_TNF_conc0.3_pulse25-600_run0.png
      Alive  Apoptotic  Necrotic
Time                            
0      1137          0         0
40     1226          4         0
80     1238          7         0
120    1238         19        10
160    1165         82        43
200    1017        205       100
240     865        323       156
280     741        422       204
320     671        486       233
360     650        525       244
400     660        547       248
440     682        556       251
480     708        556       259
520     759        542       261
560     796        504       264
600     819        431       273
640     842        317       285
680     863        213       293
720     870        137       300
760     870         94       312
800     867         62       328
840     884         47       340
880     900         47       350
920     926         38       353
960     947         44       364
1000    977         46       370
1040   1035         47       374
1080   1085         51       383
1120   1132         50       392
1160   1212         52       400
1200   1266         52       410
1240   1303         54       417
1280   1347         51       438
1320   1376         51       453
1360   1381         56       471
1400   1383         49       486
1440   1395         48       506
Saving fig as ./figures/example_spheroid_TNF_conc0.3_pulse25-600_run1.png
      Alive  Apoptotic  Necrotic
Time                            
0      1137          0         0
40     1226          2         0
80     1240          6         0
120    1255          9         1
160    1247         29        14
200    1240         55        28
240    1172        101        79
280    1102        159       122
320    1006        232       183
360     921        303       222
400     849        353       292
440     805        395       324
480     749        448       365
520     743        472       402
560     724        498       419
600     702        490       437
640     701        459       460
680     705        411       485
720     686        364       504
760     664        314       528
800     650        260       549
840     632        216       572
880     624        171       586
920     604        130       615
960     590        108       644
1000    574         84       676
1040    590         74       698
1080    576         70       738
1120    593         63       754
1160    620         66       769
1200    636         61       781
1240    633         61       797
1280    632         57       817
1320    633         59       833
1360    628         50       850
1400    618         51       863
1440    596         44       896
Saving fig as ./figures/example_spheroid_TNF_conc0.3_pulse25-600_run2.png
      Alive  Apoptotic  Necrotic
Time                            
0      1137          0         0
40     1222          5         0
80     1234         10         0
120    1254         11         0
160    1269         18         5
200    1293         28        13
240    1312         43        14
280    1314         65        44
320    1303        110        66
360    1293        137        95
400    1233        181       163
440    1213        225       189
480    1205        249       245
520    1157        306       298
560    1169        323       324
600    1112        336       393
640    1104        350       415
680    1110        349       437
720    1066        349       471
760    1056        321       485
800    1021        303       530
840    1010        283       552
880     976        262       596
920     942        258       636
960     946        216       659
1000    882        217       725
1040    882        213       746
1080    848        199       807
1120    812        208       863
1160    834        195       888
1200    813        195       937
1240    813        184       954
1280    810        168       980
1320    815        166       997
1360    808        145      1010
1400    782        134      1045
1440    781        117      1062
Saving fig as ./figures/example_spheroid_TNF_conc0.3_pulse25-600_run3.png
      Alive  Apoptotic  Necrotic
Time                            
0      1137          0         0
40     1227          1         0
80     1237          7         0
120    1257          9         0
160    1282         13         0
200    1321         15         0
240    1360         23         0
280    1408         26         2
320    1452         31        12
360    1483         46        25
400    1563         57        26
440    1639         62        34
480    1693         81        69
520    1781         99        88
560    1869        109       100
600    1899        126       126
640    1958        153       138
680    2019        163       140
720    2019        169       164
760    2021        177       184
800    2047        172       188
840    2080        172       215
880    2102        179       243
920    2173        180       248
960    2196        155       291
1000   2210        182       319
1040   2334        182       324
1080   2392        175       388
1120   2455        205       442
1160   2604        222       456
1200   2704        224       514
1240   2668        252       612
1280   2752        265       633
1320   2848        248       655
1360   2800        262       718
1400   2810        275       735
1440   2841        256       758
Saving fig as ./figures/example_spheroid_TNF_conc0.3_pulse25-600_run4.png
      Alive  Apoptotic  Necrotic
Time                            
0      1137          0         0
40     1227          1         0
80     1241          2         0
120    1258          5         0
160    1277         11         0
200    1316         17         0
240    1356         18         0
280    1417         20         0
320    1470         22         0
360    1531         23         0
400    1612         29         0
440    1709         34         0
480    1820         39         0
520    1961         43         0
560    2082         42         0
600    2154         42         0
640    2242         46         0
680    2345         51         0
720    2375         56         0
760    2397         63         0
800    2445         60         0
840    2524         61         0
880    2598         66         0
920    2700         67         0
960    2795         68         0
1000   2910         70         2
1040   3068         75         2
1080   3252         82         2
1120   3465         90         2
1160   3724         97         6
1200   3945         96         7
1240   4112        103         7
1280   4270        109        12
1320   4432        105        16
1360   4509        116        18
1400   4568        108        18
1440   4657        117        22
Saving fig as ./figures/example_spheroid_TNF_conc0.3_pulse25-600_run5.png
      Alive  Apoptotic  Necrotic
Time                            
0      1137          0         0
40     1229          2         0
80     1241          5         0
120    1259          6         0
160    1279         13         0
200    1321         15         0
240    1355         20         0
280    1407         25         0
320    1463         34         0
360    1523         36         0
400    1609         39         0
440    1701         41         0
480    1811         46         0
520    1968         50         0
560    2061         52         0
600    2137         53         0
640    2232         61         0
680    2329         62         0
720    2360         59         0
760    2392         58         0
800    2436         64         0
840    2506         66         0
880    2578         68         0
920    2676         67         0
960    2792         68         0
1000   2908         67         0
1040   3074         73         0
1080   3257         67         0
1120   3461         72         0
1160   3724         85         0
1200   3921         95         0
1240   4069        101         0
1280   4268        108         0
1320   4420        109         0
1360   4503        110         0
1400   4560        117         0
1440   4644        128         0
Saving fig as ./figures/example_spheroid_TNF_conc0.3_pulse25-600_run6.png
      Alive  Apoptotic  Necrotic
Time                            
0      1137          0         0
40     1223          3         0
80     1242          5         0
120    1263          5         0
160    1278         13         0
200    1318         16         0
240    1362         21         0
280    1406         26         0
320    1464         30         0
360    1508         35         0
400    1598         40         0
440    1695         44         0
480    1812         47         0
520    1954         54         0
560    2065         56         0
600    2128         56         0
640    2233         57         0
680    2328         53         0
720    2360         56         0
760    2399         59         0
800    2439         58         0
840    2507         61         0
880    2593         59         0
920    2682         59         0
960    2788         61         0
1000   2898         64         0
1040   3058         69         0
1080   3253         71         0
1120   3477         75         0
1160   3732         80         0
1200   3952         86         0
1240   4088         86         0
1280   4268         94         0
1320   4440        100         0
1360   4516        104         0
1400   4584        104         0
1440   4677        117         0
Saving fig as ./figures/example_spheroid_TNF_conc0.3_pulse25-600_run7.png
      Alive  Apoptotic  Necrotic
Time                            
0      1137          0         0
40     1227          5         0
80     1230         11         0
120    1252         18         0
160    1270         24         0
200    1306         30         0
240    1346         32         0
280    1399         32         0
320    1460         35         0
360    1514         39         0
400    1590         42         0
440    1703         40         0
480    1810         40         0
520    1956         41         0
560    2057         39         0
600    2132         40         0
640    2226         43         0
680    2329         46         0
720    2358         49         0
760    2395         55         0
800    2441         57         0
840    2512         55         0
880    2587         61         0
920    2680         61         0
960    2787         65         0
1000   2895         70         0
1040   3031         79         0
1080   3239         77         0
1120   3450         85         0
1160   3718         92         0
1200   3917        108         0
1240   4064        115         0
1280   4259        116         0
1320   4431        114         0
1360   4490        114         0
1400   4551        124         0
1440   4655        115         0
Saving fig as ./figures/example_spheroid_TNF_conc0.3_pulse25-600_run8.png
      Alive  Apoptotic  Necrotic
Time                            
0      1137          0         0
40     1229          3         0
80     1239          6         0
120    1261          7         0
160    1279         10         0
200    1319         15         0
240    1356         18         0
280    1414         23         0
320    1461         27         0
360    1528         28         0
400    1616         33         0
440    1705         34         0
480    1817         42         0
520    1940         49         0
560    2057         53         0
600    2140         55         0
640    2245         57         0
680    2323         58         0
720    2361         64         0
760    2386         69         0
800    2426         73         0
840    2502         74         0
880    2570         76         0
920    2675         80         0
960    2768         86         0
1000   2898         89         0
1040   3051         90         0
1080   3224         90         0
1120   3453         90         0
1160   3691         93         0
1200   3904         96         0
1240   4058         99         0
1280   4252        102         0
1320   4398        109         0
1360   4479        109         0
1400   4538        111         0
1440   4623        119         0
Saving fig as ./figures/example_spheroid_TNF_conc0.3_pulse25-600_run9.png
      Alive  Apoptotic  Necrotic
Time                            
0      1137          0         0
40     1227          4         0
80     1241          5         0
120    1251         10         0
160    1284         13         0
200    1315         18         0
240    1360         21         0
280    1412         24         0
320    1460         31         0
360    1524         34         0
400    1600         36         0
440    1706         38         0
480    1816         41         0
520    1956         44         0
560    2069         46         0
600    2138         51         0
640    2251         51         0
680    2345         54         0
720    2376         50         0
760    2398         50         0
800    2451         53         0
840    2530         56         0
880    2611         57         0
920    2711         61         0
960    2807         62         0
1000   2923         65         0
1040   3089         68         0
1080   3270         77         0
1120   3474         83         0
1160   3740         95         0
1200   3954        104         0
1240   4104        103         0
1280   4299        102         0
1320   4470        113         0
1360   4533        116         0
1400   4588        117         0
1440   4683        116         0
Saving fig as ./figures/example_spheroid_TNF_conc0.3_pulse25-600_run10.png
      Alive  Apoptotic  Necrotic
Time                            
0      1137          0         0
40     1227          2         0
80     1240          4         0
120    1255         10         0
160    1279         16         0
200    1315         21         0
240    1360         23         0
280    1408         26         0
320    1467         30         0
360    1528         36         0
400    1603         37         0
440    1693         43         0
480    1798         48         0
520    1950         49         0
560    2051         50         0
600    2130         53         0
640    2235         54         0
680    2325         60         0
720    2346         68         0
760    2384         69         0
800    2422         69         0
840    2492         72         0
880    2579         76         0
920    2662         77         0
960    2784         78         0
1000   2912         76         0
1040   3056         81         0
1080   3236         87         0
1120   3446         80         0
1160   3709         80         0
1200   3889         90         0
1240   4057         93         0
1280   4260         99         0
1320   4431        101         0
1360   4487         97         0
1400   4557         95         0
1440   4650         99         0
Saving fig as ./figures/example_spheroid_TNF_conc0.3_pulse25-600_run11.png
      Alive  Apoptotic  Necrotic
Time                            
0      1137          0         0
40     1223          6         0
80     1234          9         0
120    1249         15         0
160    1273         16         0
200    1307         19         0
240    1355         22         0
280    1400         26         0
320    1463         31         0
360    1524         34         0
400    1594         43         0
440    1690         51         0
480    1797         49         0
520    1939         53         0
560    2049         57         0
600    2129         58         0
640    2215         63         0
680    2314         68         0
720    2346         64         0
760    2373         69         0
800    2415         67         0
840    2475         71         0
880    2569         62         0
920    2662         66         0
960    2765         66         0
1000   2881         67         0
1040   3030         77         0
1080   3214         77         0
1120   3436         77         0
1160   3701         87         0
1200   3902         96         0
1240   4057         99         0
1280   4231        103         0
1320   4393        112         0
1360   4469        120         0
1400   4538        128         0
1440   4614        130         0
Saving fig as ./figures/example_spheroid_TNF_conc0.3_pulse25-600_run12.png
      Alive  Apoptotic  Necrotic
Time                            
0      1137          0         0
40     1221          7         0
80     1233          9         0
120    1249         11         0
160    1280         14         0
200    1319         17         0
240    1362         21         0
280    1403         26         0
320    1456         30         0
360    1517         32         0
400    1603         37         0
440    1703         35         0
480    1810         39         0
520    1948         45         0
560    2062         49         0
600    2143         52         0
640    2229         56         0
680    2327         59         0
720    2358         65         0
760    2381         70         0
800    2436         68         0
840    2509         66         0
880    2596         69         0
920    2674         71         0
960    2779         74         0
1000   2905         72         0
1040   3063         68         0
1080   3238         71         0
1120   3440         83         0
1160   3691         91         0
1200   3914         96         0
1240   4068        101         0
1280   4233        109         0
1320   4415        118         0
1360   4476        123         0
1400   4531        126         0
1440   4636        133         0
Saving fig as ./figures/example_spheroid_TNF_conc0.3_pulse25-600_run13.png
      Alive  Apoptotic  Necrotic
Time                            
0      1137          0         0
40     1229          1         0
80     1243          4         0
120    1256          6         0
160    1282         10         0
200    1325         14         0
240    1366         17         0
280    1409         22         0
320    1464         27         0
360    1521         30         0
400    1603         33         0
440    1710         36         0
480    1825         38         0
520    1972         35         0
560    2086         34         0
600    2162         37         0
640    2261         38         0
680    2360         39         0
720    2399         39         0
760    2423         43         0
800    2469         46         0
840    2553         49         0
880    2638         50         0
920    2725         48         0
960    2831         52         0
1000   2945         55         0
1040   3105         59         0
1080   3305         66         0
1120   3538         65         0
1160   3787         75         0
1200   4010         74         0
1240   4168         82         0
1280   4348         89         0
1320   4537        100         0
1360   4606        111         0
1400   4650        113         0
1440   4748        117         0
Saving fig as ./figures/example_spheroid_TNF_conc0.3_pulse25-600_run14.png
      Alive  Apoptotic  Necrotic
Time                            
0      1137          0         0
40     1225          3         0
80     1242          5         0
120    1259          7         0
160    1289         12         0
200    1318         18         0
240    1366         18         0
280    1419         21         0
320    1463         29         0
360    1523         33         0
400    1609         36         0
440    1701         42         0
480    1810         41         0
520    1966         47         0
560    2067         49         0
600    2144         52         0
640    2236         54         0
680    2327         57         0
720    2357         63         0
760    2387         69         0
800    2454         65         0
840    2510         68         0
880    2579         68         0
920    2691         71         0
960    2796         69         0
1000   2896         66         0
1040   3060         71         0
1080   3253         81         0
1120   3468         81         0
1160   3744         80         0
1200   3944         81         0
1240   4100         93         0
1280   4259         94         0
1320   4412        104         0
1360   4501        109         0
1400   4578        111         0
1440   4672        116         0
Saving fig as ./figures/example_spheroid_TNF_conc0.3_pulse25-600_run15.png
      Alive  Apoptotic  Necrotic
Time                            
0      1137          0         0
40     1228          1         0
80     1230         14         0
120    1249         19         0
160    1276         20         0
200    1312         25         0
240    1352         30         0
280    1391         32         0
320    1454         34         0
360    1524         36         0
400    1598         38         0
440    1702         34         0
480    1805         39         0
520    1958         38         0
560    2063         39         0
600    2148         41         0
640    2237         44         0
680    2331         45         0
720    2358         51         0
760    2400         50         0
800    2443         57         0
840    2517         59         0
880    2603         55         0
920    2686         57         0
960    2793         65         0
1000   2925         67         0
1040   3077         69         0
1080   3250         77         0
1120   3455         86         0
1160   3717         93         0
1200   3925         96         0
1240   4089        105         0
1280   4258        105         0
1320   4419        111         0
1360   4493        114         0
1400   4584        115         0
1440   4681        124         0
Saving fig as ./figures/example_spheroid_TNF_conc0.3_pulse25-600_run16.png
      Alive  Apoptotic  Necrotic
Time                            
0      1137          0         0
40     1223          4         0
80     1235          6         0
120    1260         10         0
160    1278         14         0
200    1322         17         0
240    1355         21         0
280    1410         24         0
320    1463         27         0
360    1520         28         0
400    1608         31         0
440    1703         35         0
480    1818         36         0
520    1957         46         0
560    2076         47         0
600    2142         49         0
640    2235         50         0
680    2332         53         0
720    2365         55         0
760    2401         54         0
800    2449         55         0
840    2534         53         0
880    2601         57         0
920    2708         55         0
960    2804         58         0
1000   2926         60         0
1040   3091         62         0
1080   3273         63         0
1120   3494         66         0
1160   3763         75         0
1200   3953         79         0
1240   4122         87         0
1280   4293         90         0
1320   4466         94         0
1360   4524        104         0
1400   4594        109         0
1440   4693        121         0
Saving fig as ./figures/example_spheroid_TNF_conc0.3_pulse25-600_run17.png
      Alive  Apoptotic  Necrotic
Time                            
0      1137          0         0
40     1227          0         0
80     1243          1         0
120    1261          6         0
160    1287         11         0
200    1320         12         0
240    1365         17         0
280    1410         20         0
320    1472         24         0
360    1533         31         0
400    1603         39         0
440    1698         46         0
480    1804         50         0
520    1954         47         0
560    2075         48         0
600    2145         55         0
640    2249         59         0
680    2329         58         0
720    2367         62         0
760    2394         60         0
800    2448         59         0
840    2514         61         0
880    2591         66         0
920    2672         74         0
960    2784         77         0
1000   2901         75         0
1040   3077         75         0
1080   3254         74         0
1120   3463         79         0
1160   3715         78         0
1200   3960         79         0
1240   4116         84         0
1280   4310         78         0
1320   4464         75         0
1360   4542         75         0
1400   4609         84         0
1440   4718         90         0
Saving fig as ./figures/example_spheroid_TNF_conc0.3_pulse25-600_run18.png
      Alive  Apoptotic  Necrotic
Time                            
0      1137          0         0
40     1225          6         0
80     1236          8         0
120    1255         10         0
160    1285         14         0
200    1313         19         0
240    1355         25         0
280    1403         28         0
320    1457         33         0
360    1520         39         0
400    1600         41         0
440    1697         41         0
480    1815         45         0
520    1959         46         0
560    2065         45         0
600    2144         44         0
640    2236         44         0
680    2338         47         0
720    2355         57         0
760    2384         59         0
800    2449         53         0
840    2521         57         0
880    2595         58         0
920    2678         60         0
960    2804         56         0
1000   2926         58         0
1040   3079         72         0
1080   3271         69         0
1120   3495         74         0
1160   3768         69         0
1200   3964         79         0
1240   4094         88         0
1280   4296         84         0
1320   4472         88         0
1360   4548         91         0
1400   4601         98         0
1440   4710        101         0
Saving fig as ./figures/example_spheroid_TNF_conc0.3_pulse25-600_run19.png
      Alive  Apoptotic  Necrotic
Time                            
0      1137          0         0
40     1228          3         0
80     1237          7         0
120    1252         13         0
160    1279         16         0
200    1313         18         0
240    1357         24         0
280    1408         27         0
320    1457         31         0
360    1520         35         0
400    1604         37         0
440    1698         38         0
480    1808         40         0
520    1965         40         0
560    2068         42         0
600    2154         39         0
640    2237         43         0
680    2339         50         0
720    2367         46         0
760    2410         49         0
800    2449         55         0
840    2525         57         0
880    2603         56         0
920    2686         61         0
960    2801         64         0
1000   2909         73         0
1040   3084         79         0
1080   3254         78         0
1120   3466         81         0
1160   3741         84         0
1200   3946         92         0
1240   4106        102         0
1280   4268        109         0
1320   4446        113         0
1360   4509        124         0
1400   4594        121         0
1440   4678        118         0
Saving fig as ./figures/example_spheroid_TNF_conc0.3_pulse25-600_run20.png
      Alive  Apoptotic  Necrotic
Time                            
0      1137          0         0
40     1222          5         0
80     1235          8         0
120    1245         14         0
160    1280         17         0
200    1312         20         0
240    1359         22         0
280    1401         26         0
320    1463         27         0
360    1520         32         0
400    1608         38         0
440    1696         45         0
480    1815         44         0
520    1955         47         0
560    2073         50         0
600    2145         51         0
640    2235         55         0
680    2321         61         0
720    2348         65         0
760    2377         65         0
800    2431         69         0
840    2503         65         0
880    2586         65         0
920    2664         66         0
960    2779         73         0
1000   2905         72         0
1040   3076         67         0
1080   3252         65         0
1120   3468         70         0
1160   3713         82         0
1200   3926         91         0
1240   4085         95         0
1280   4268         96         0
1320   4418        100         0
1360   4487        110         0
1400   4555        113         0
1440   4655        119         0
Saving fig as ./figures/example_spheroid_TNF_conc0.3_pulse25-600_run21.png
      Alive  Apoptotic  Necrotic
Time                            
0      1137          0         0
40     1231          2         0
80     1238          7         0
120    1253         10         0
160    1282         14         0
200    1316         17         0
240    1364         19         0
280    1417         21         0
320    1469         22         0
360    1527         24         0
400    1618         29         0
440    1712         30         0
480    1835         30         0
520    1960         33         0
560    2083         37         0
600    2166         37         0
640    2255         38         0
680    2357         44         0
720    2384         48         0
760    2422         49         0
800    2475         48         0
840    2546         45         0
880    2637         50         0
920    2730         55         0
960    2824         60         0
1000   2945         62         0
1040   3125         63         0
1080   3282         69         0
1120   3521         69         0
1160   3784         78         0
1200   4004         87         0
1240   4141         95         0
1280   4326         97         0
1320   4512        108         0
1360   4579        120         0
1400   4652        121         0
1440   4732        126         0
Saving fig as ./figures/example_spheroid_TNF_conc0.3_pulse25-600_run22.png
      Alive  Apoptotic  Necrotic
Time                            
0      1137          0         0
40     1226          3         0
80     1239          6         0
120    1253         10         0
160    1276         13         0
200    1313         18         0
240    1352         25         0
280    1401         29         0
320    1463         30         0
360    1505         33         0
400    1599         36         0
440    1695         40         0
480    1806         42         0
520    1944         44         0
560    2060         46         0
600    2143         46         0
640    2236         55         0
680    2325         54         0
720    2360         59         0
760    2393         57         0
800    2442         55         0
840    2511         57         0
880    2592         61         0
920    2681         65         0
960    2785         66         0
1000   2880         67         0
1040   3062         66         0
1080   3239         70         0
1120   3453         82         0
1160   3714         81         0
1200   3929         92         0
1240   4099         94         0
1280   4309         91         0
1320   4463         95         0
1360   4533         94         0
1400   4589         95         0
1440   4693        101         0
Saving fig as ./figures/example_spheroid_TNF_conc0.3_pulse25-600_run23.png
