Time;ID;x;y;z;radius;volume_total;radius_nuclear;contact_ECM;freezer;polarized_fraction;motility;cell_line;Cell_cell;phase;Cycle;NFkB
0;0;-51.3195;-4.61188;-83.4197;8.5;2572.44;5.11093;0;0;0.1;0.01;0;2.64605;1;0;-1
0;1;-37.4344;-33.3421;-84.6882;9.8791;4038.69;5.94016;0;0;0.1;0.01;0;2.67539;0;0;-1
0;2;-37.6581;-13.8275;-86.4883;8.5;2572.44;5.11093;0;0;0.1;0.01;0;2.65081;1;0;-1
0;3;-38.5112;0.470797;-85.5914;8.93259;2985.53;5.37104;0;0;0.1;0.01;0;2.49579;0;0;-1
0;4;-35.4909;20.6075;-84.3361;10.0373;4235.84;6.03528;0;0;0.1;0.01;0;3.05434;0;0;-1
0;5;-21.7988;-40.6279;-87.2599;9.31441;3384.97;5.60062;0;0;0.1;0.01;0;2.80813;0;0;-1
0;6;-20.5458;-22.4014;-85.9315;8.72424;2781.45;5.24576;0;0;0.1;0.01;0;4.24092;0;0;-1
0;7;-21.0308;-8.41885;-84.5097;8.68751;2746.47;5.22367;0;0;0.1;0.01;0;4.10777;0;0;-1
0;8;-20.3059;10.7177;-85.9724;8.9461;2999.09;5.37916;0;0;0.1;0.01;0;3.394;0;0;-1
0;9;-22.2964;28.7622;-84.0015;9.1147;3171.87;5.48054;0;0;0.1;0.01;0;3.81403;0;0;-1
0;10;-8.84462;-49.3341;-83.4193;10.3831;4688.89;6.24321;0;0;0.1;0.01;0;3.60924;0;0;-1
0;11;-7.09821;-30.7517;-87.1631;9.25676;3322.5;5.56596;0;0;0.1;0.01;0;4.75361;0;0;-1
0;12;-6.80427;-16.6167;-86.2512;8.92614;2979.06;5.36716;0;0;0.1;0.01;0;5.07784;0;0;-1
0;13;-6.58986;0.140181;-85.5163;10.1914;4433.94;6.12794;0;0;0.1;0.01;0;5.01957;0;0;-1
0;14;-7.56605;20.0324;-83.7621;10.1998;4444.92;6.13299;0;0;0.1;0.01;0;5.00597;0;0;-1
0;15;-7.67725;38.2937;-83.9328;9.71243;3837.71;5.83994;0;0;0.1;0.01;0;3.32159;0;0;-1
0;16;7.44784;-40.8709;-85.9535;10.0896;4302.4;6.06673;0;0;0.1;0.01;0;4.84785;0;0;-1
0;17;6.404;-24.2355;-83.49;10.0954;4309.82;6.07022;0;0;0.1;0.01;0;6.0372;0;0;-1
0;18;8.72366;-6.01775;-85.8367;8.76963;2825.09;5.27305;0;0;0.1;0.01;0;3.89447;0;0;-1
0;19;6.48009;10.937;-86.7638;8.73724;2793.9;5.25358;0;0;0.1;0.01;0;2.66631;0;0;-1
0;20;7.75471;27.7541;-87.3886;8.84193;2895.54;5.31652;0;0;0.1;0.01;0;3.18409;0;0;-1
0;21;8.87588;45.3836;-83.5797;10.2972;4573.47;6.19156;0;0;0.1;0.01;0;3.80183;0;0;-1
0;22;20.2439;-49.1528;-84.4998;9.44966;3534.57;5.68194;0;0;0.1;0.01;0;3.23406;0;0;-1
0;23;23.3353;-34.036;-86.6655;10.0918;4305.21;6.06805;0;0;0.1;0.01;0;5.12314;0;0;-1
0;24;20.6116;-15.7259;-84.967;8.5;2572.44;5.11093;0;0;0.1;0.01;0;3.28139;1;0;-1
0;25;22.4759;3.4511;-86.8666;8.58914;2654.22;5.16453;0;0;0.1;0.01;0;3.59092;0;0;-1
0;26;23.6313;20.3913;-84.4844;8.88816;2941.2;5.34432;0;0;0.1;0.01;0;4.47657;0;0;-1
0;27;23.5478;37.7418;-84.8629;9.8457;3997.87;5.92008;0;0;0.1;0.01;0;3.69289;0;0;-1
0;28;36.3534;-40.1931;-83.6479;9.99562;4183.29;6.01022;0;0;0.1;0.01;0;3.7699;0;0;-1
0;29;35.469;-25.5482;-86.1206;8.5;2572.44;5.11093;0;0;0.1;0.01;0;3.01703;1;0;-1
0;30;37.2105;-5.59656;-85.3003;10.2046;4451.19;6.13588;0;0;0.1;0.01;0;2.52927;0;0;-1
0;31;36.5613;10.8585;-83.9708;10.2277;4481.49;6.14977;0;0;0.1;0.01;0;3.93798;0;0;-1
0;32;37.5884;26.9792;-83.9254;10.0868;4298.82;6.06505;0;0;0.1;0.01;0;4.35782;0;0;-1
0;33;-70.5245;-14.7629;-69.3719;9.3986;3477.59;5.65124;0;0;0.1;0.01;0;2.28171;0;0;-1
0;34;-57.8115;-39.4497;-71.3459;9.97762;4160.73;5.9994;0;0;0.1;0.01;0;3.10355;0;0;-1
0;35;-56.6656;-25.1886;-72.4934;9.30194;3371.39;5.59312;0;0;0.1;0.01;0;3.99666;0;0;-1
0;36;-54.7627;-8.89567;-70.8556;8.5;2572.44;5.11093;0;0;0.1;0.01;0;4.50421;1;0;-1
0;37;-56.2933;9.85668;-69.7934;10.3383;4628.45;6.21627;0;0;0.1;0.01;0;3.50681;0;0;-1
0;38;-57.7883;28.4751;-71.5068;8.5;2572.44;5.11093;0;0;0.1;0.01;0;2.15667;1;0;-1
0;39;-54.6561;46.9009;-68.5801;9.52835;3623.61;5.72926;0;0;0.1;0.01;0;3.24118;0;0;-1
0;40;-41.5475;-51.3112;-72.6748;9.08313;3139.03;5.46155;0;0;0.1;0.01;0;2.11286;0;0;-1
0;41;-41.3955;-30.4532;-70.9857;9.44447;3528.75;5.67882;0;0;0.1;0.01;0;5.73763;0;0;-1
0;42;-42.2331;-16.6249;-69.6686;10.4347;4759.14;6.27423;0;0;0.1;0.01;0;6.85635;0;0;-1
0;43;-39.41;1.73387;-69.1002;8.5;2572.44;5.11093;0;0;0.1;0.01;0;4.22118;1;0;-1
0;44;-42.3758;16.7524;-69.0594;8.5;2572.44;5.11093;0;0;0.1;0.01;0;4.68388;1;0;-1
0;45;-42.4225;34.2504;-69.8619;9.48534;3574.76;5.7034;0;0;0.1;0.01;0;5.2124;0;0;-1
0;46;-41.2161;53.4655;-69.4179;8.5;2572.44;5.11093;0;0;0.1;0.01;0;3.80339;1;0;-1
0;47;-26.583;-57.1958;-70.3602;8.69547;2754.02;5.22846;0;0;0.1;0.01;0;4.02505;0;0;-1
0;48;-28.5584;-42.5895;-68.4931;10.4235;4743.83;6.2675;0;0;0.1;0.01;0;6.38763;0;0;-1
0;49;-26.2528;-24.7387;-70.6801;8.78999;2844.81;5.28529;0;0;0.1;0.01;0;5.81404;0;0;-1
0;50;-24.7286;-8.81164;-71.8697;8.5;2572.44;5.11093;0;0;0.1;0.01;0;4.47453;1;0;-1
0;51;-26.8811;11.105;-69.6512;9.33999;3412.93;5.616;0;0;0.1;0.01;0;5.35247;0;0;-1
0;52;-26.005;26.9245;-69.2406;10.0291;4225.46;6.03035;0;0;0.1;0.01;0;6.56946;0;0;-1
0;53;-27.6161;43.7342;-70.6745;9.33376;3406.11;5.61225;0;0;0.1;0.01;0;4.59943;0;0;-1
0;54;-27.1652;62.1981;-69.8077;9.79464;3935.99;5.88937;0;0;0.1;0.01;0;3.73906;0;0;-1
0;55;-13.5682;-63.8482;-69.0159;9.87774;4037.02;5.93934;0;0;0.1;0.01;0;4.04161;0;0;-1
0;56;-13.8218;-48.1383;-68.3401;8.5;2572.44;5.11093;0;0;0.1;0.01;0;5.72159;1;0;-1
0;57;-11.3452;-31.1866;-72.6114;8.91585;2968.77;5.36097;0;0;0.1;0.01;0;5.09822;0;0;-1
0;58;-12.6999;-15.051;-70.9678;9.29638;3365.35;5.58978;0;0;0.1;0.01;0;6.58911;0;0;-1
0;59;-9.95456;1.96393;-71.7766;9.45092;3535.99;5.6827;0;0;0.1;0.01;0;5.80897;0;0;-1
0;60;-11.6489;16.5889;-70.145;8.82064;2874.68;5.30372;0;0;0.1;0.01;0;5.34712;0;0;-1
0;61;-11.8807;36.6306;-70.9285;9.09843;3154.92;5.47075;0;0;0.1;0.01;0;4.65074;0;0;-1
0;62;-10.749;55.0825;-70.3583;9.75011;3882.55;5.8626;0;0;0.1;0.01;0;3.31333;0;0;-1
0;63;2.17666;-56.2444;-69.0646;9.01971;3073.73;5.42342;0;0;0.1;0.01;0;4.73978;0;0;-1
0;64;3.94442;-40.15;-72.0531;8.76763;2823.16;5.27185;0;0;0.1;0.01;0;5.19926;0;0;-1
0;65;2.71645;-22.897;-68.5029;10.2393;4496.76;6.15674;0;0;0.1;0.01;0;7.07031;0;0;-1
0;66;4.34065;-7.97979;-72.0191;9.90275;4067.77;5.95438;0;0;0.1;0.01;0;6.59474;0;0;-1
0;67;2.35002;10.171;-69.2118;8.5;2572.44;5.11093;0;0;0.1;0.01;0;4.96647;1;0;-1
0;68;4.40439;26.7884;-69.6912;8.5;2572.44;5.11093;0;0;0.1;0.01;0;4.49185;1;0;-1
0;69;4.4366;45.7943;-70.5482;9.40266;3482.1;5.65368;0;0;0.1;0.01;0;6.07131;0;0;-1
0;70;3.50648;63.7163;-70.1467;9.87208;4030.09;5.93594;0;0;0.1;0.01;0;3.45394;0;0;-1
0;71;16.3324;-66.2672;-69.9;9.33398;3406.35;5.61239;0;0;0.1;0.01;0;2.89194;0;0;-1
0;72;15.9663;-47.1713;-70.9204;8.71329;2770.99;5.23917;0;0;0.1;0.01;0;4.75282;0;0;-1
0;73;19.2601;-30.205;-70.8797;10.2304;4485.04;6.15139;0;0;0.1;0.01;0;6.88953;0;0;-1
0;74;16.4054;-14.0911;-69.2274;8.5;2572.44;5.11093;0;0;0.1;0.01;0;6.6983;1;0;-1
0;75;16.9979;1.22333;-71.3263;9.24351;3308.26;5.55799;0;0;0.1;0.01;0;5.43984;0;0;-1
0;76;16.0029;18.2085;-69.2081;8.72477;2781.96;5.24608;0;0;0.1;0.01;0;4.98852;0;0;-1
0;77;17.3083;35.4432;-70.6369;9.03495;3089.34;5.43258;0;0;0.1;0.01;0;5.48883;0;0;-1
0;78;19.4581;55.0756;-70.2805;10.194;4437.34;6.1295;0;0;0.1;0.01;0;4.06565;0;0;-1
0;79;31.0783;-57.7965;-69.4703;8.5;2572.44;5.11093;0;0;0.1;0.01;0;3.36084;1;0;-1
0;80;31.7649;-38.5284;-68.4284;9.87873;4038.24;5.93994;0;0;0.1;0.01;0;6.27458;0;0;-1
0;81;32.0141;-21.8253;-69.6505;8.5;2572.44;5.11093;0;0;0.1;0.01;0;4.93448;1;0;-1
0;82;33.3347;-6.34522;-68.8107;9.53103;3626.67;5.73087;0;0;0.1;0.01;0;5.56903;0;0;-1
0;83;30.5722;12.4406;-71.2998;9.73152;3860.39;5.85142;0;0;0.1;0.01;0;6.45257;0;0;-1
0;84;33.6225;28.6052;-68.5226;10.0382;4236.98;6.03582;0;0;0.1;0.01;0;6.88771;0;0;-1
0;85;34.0069;43.7478;-71.9708;8.5;2572.44;5.11093;0;0;0.1;0.01;0;4.2354;1;0;-1
0;86;46.3672;-51.2905;-68.9092;9.61922;3728.28;5.7839;0;0;0.1;0.01;0;2.75915;0;0;-1
0;87;45.9814;-30.4821;-71.9483;9.01313;3067.01;5.41946;0;0;0.1;0.01;0;4.33466;0;0;-1
0;88;47.5551;-13.423;-71.9984;9.9526;4129.51;5.98435;0;0;0.1;0.01;0;4.86619;0;0;-1
0;89;45.3281;1.65015;-69.0614;8.5;2572.44;5.11093;0;0;0.1;0.01;0;5.76189;1;0;-1
0;90;47.3079;17.1289;-68.9534;10.3912;4699.87;6.24808;0;0;0.1;0.01;0;6.38337;0;0;-1
0;91;48.9695;36.8812;-71.95;10.2103;4458.66;6.13931;0;0;0.1;0.01;0;3.53545;0;0;-1
0;92;46.7033;54.1074;-69.0044;8.5;2572.44;5.11093;0;0;0.1;0.01;0;2.5376;1;0;-1
0;93;60.0265;-25.667;-72.047;10.0688;4275.84;6.05422;0;0;0.1;0.01;0;2.75331;0;0;-1
0;94;62.567;-5.60793;-71.9232;8.73835;2794.97;5.25424;0;0;0.1;0.01;0;2.33504;0;0;-1
0;95;61.3303;9.8748;-68.8428;9.81409;3959.49;5.90107;0;0;0.1;0.01;0;3.63328;0;0;-1
0;96;-80.3951;-8.31388;-55.411;9.69228;3813.88;5.82783;0;0;0.1;0.01;0;2.96168;0;0;-1
0;97;-80.1253;12.4609;-54.3326;8.7296;2786.58;5.24898;0;0;0.1;0.01;0;2.61336;0;0;-1
0;98;-65.7586;-48.4212;-54.2698;10.1245;4347.2;6.08771;0;0;0.1;0.01;0;4.68085;0;0;-1
0;99;-67.703;-33.8747;-55.4064;8.95215;3005.18;5.3828;0;0;0.1;0.01;0;3.30452;0;0;-1
0;100;-65.5563;-12.6518;-56.3779;8.50736;2579.13;5.11535;0;0;0.1;0.01;0;4.00099;0;0;-1
0;101;-64.5966;1.7354;-53.9671;9.72048;3847.26;5.84478;0;0;0.1;0.01;0;5.33379;0;0;-1
0;102;-68.0139;19.6487;-57.7799;8.68328;2742.46;5.22113;0;0;0.1;0.01;0;3.53466;0;0;-1
0;103;-66.4421;35.4416;-55.555;8.5;2572.44;5.11093;0;0;0.1;0.01;0;3.491;1;0;-1
0;104;-52.2521;-59.3458;-54.8765;9.7421;3872.99;5.85778;0;0;0.1;0.01;0;4.0587;0;0;-1
0;105;-52.9119;-42.3711;-57.5528;8.54632;2614.73;5.13878;0;0;0.1;0.01;0;4.59212;0;0;-1
0;106;-51.3212;-24.6925;-57.8023;8.5;2572.44;5.11093;0;0;0.1;0.01;0;4.56871;1;0;-1
0;107;-49.8639;-4.79434;-57.1198;9.83619;3986.29;5.91436;0;0;0.1;0.01;0;6.42143;0;0;-1
0;108;-51.7468;12.0404;-54.3848;9.7551;3888.52;5.8656;0;0;0.1;0.01;0;7.06073;0;0;-1
0;109;-51.0343;27.8564;-57.8147;10.3779;4681.85;6.24008;0;0;0.1;0.01;0;6.92776;0;0;-1
0;110;-52.1431;44.8062;-54.0107;9.75705;3890.85;5.86677;0;0;0.1;0.01;0;6.19824;0;0;-1
0;111;-50.5759;59.7292;-54.4337;10.0947;4308.92;6.0698;0;0;0.1;0.01;0;5.15133;0;0;-1
0;112;-38.6606;-66.5842;-56.35;9.78686;3926.62;5.8847;0;0;0.1;0.01;0;4.10118;0;0;-1
0;113;-38.3688;-51.0487;-54.5698;9.22818;3291.83;5.54877;0;0;0.1;0.01;0;5.19237;0;0;-1
0;114;-36.5525;-31.2244;-56.2479;9.62245;3732.03;5.78584;0;0;0.1;0.01;0;6.18231;0;0;-1
0;115;-36.525;-14.8536;-55.7945;10.2702;4537.59;6.17532;0;0;0.1;0.01;0;6.8165;0;0;-1
0;116;-37.753;2.43876;-54.3769;8.98033;3033.65;5.39974;0;0;0.1;0.01;0;5.52279;0;0;-1
0;117;-36.0781;20.9955;-57.0178;10.2728;4541.04;6.17689;0;0;0.1;0.01;0;7.54165;0;0;-1
0;118;-35.2041;36.653;-55.0673;8.75833;2814.18;5.26626;0;0;0.1;0.01;0;6.6538;0;0;-1
0;119;-36.9988;51.2802;-56.5078;10.0445;4244.96;6.03961;0;0;0.1;0.01;0;6.94458;0;0;-1
0;120;-35.9287;70.3132;-57.9313;10.4064;4720.52;6.25722;0;0;0.1;0.01;0;4.2727;0;0;-1
0;121;-23.9284;-76.022;-57.3256;9.56038;3660.28;5.74852;0;0;0.1;0.01;0;3.14517;0;0;-1
0;122;-21.8304;-56.2129;-56.4054;9.42137;3502.92;5.66493;0;0;0.1;0.01;0;6.51148;0;0;-1
0;123;-21.0928;-40.4619;-54.8469;10.0066;4197.09;6.01682;0;0;0.1;0.01;0;6.98241;0;0;-1
0;124;-23.6232;-22.5388;-56.7437;9.91108;4078.04;5.95939;0;0;0.1;0.01;0;6.87582;0;0;-1
0;125;-21.586;-7.15122;-56.3394;8.98657;3039.98;5.40349;0;0;0.1;0.01;0;5.62986;0;0;-1
0;126;-22.4111;9.00122;-55.9848;9.44496;3529.3;5.67912;0;0;0.1;0.01;0;4.80102;0;0;-1
0;127;-21.4027;25.5971;-55.5863;8.61865;2681.68;5.18227;0;0;0.1;0.01;0;5.26546;0;0;-1
0;128;-21.782;42.3077;-56.7016;8.5;2572.44;5.11093;0;0;0.1;0.01;0;5.12086;1;0;-1
0;129;-22.1132;63.2064;-54.4624;10.3642;4663.33;6.23184;0;0;0.1;0.01;0;7.13637;0;0;-1
0;130;-22.0253;77.9753;-57.0121;9.14647;3205.16;5.49964;0;0;0.1;0.01;0;3.52754;0;0;-1
0;131;-9.28404;-80.7881;-56.0058;8.5;2572.44;5.11093;0;0;0.1;0.01;0;2.47017;1;0;-1
0;132;-5.76432;-65.6702;-55.752;9.0412;3095.76;5.43634;0;0;0.1;0.01;0;4.74582;0;0;-1
0;133;-6.23424;-47.1146;-55.1198;9.62786;3738.33;5.78909;0;0;0.1;0.01;0;5.88224;0;0;-1
0;134;-8.77381;-29.9223;-54.6143;9.80216;3945.06;5.8939;0;0;0.1;0.01;0;5.57395;0;0;-1
0;135;-8.9462;-14.1375;-55.4256;8.61231;2675.76;5.17846;0;0;0.1;0.01;0;5.83924;0;0;-1
0;136;-7.07109;0.370524;-56.7198;8.5;2572.44;5.11093;0;0;0.1;0.01;0;5.33799;1;0;-1
0;137;-5.92343;20.9937;-55.153;10.3787;4682.93;6.24056;0;0;0.1;0.01;0;6.33426;0;0;-1
0;138;-8.23705;36.9541;-55.4885;10.3709;4672.38;6.23587;0;0;0.1;0.01;0;6.41203;0;0;-1
0;139;-5.82764;54.939;-55.1084;10.4463;4775.03;6.28121;0;0;0.1;0.01;0;6.18365;0;0;-1
0;140;-8.71835;70.3268;-55.1351;8.9171;2970.02;5.36172;0;0;0.1;0.01;0;3.30161;0;0;-1
0;141;8.98409;-74.321;-56.9067;8.95921;3012.3;5.38704;0;0;0.1;0.01;0;3.46688;0;0;-1
0;142;6.86351;-58.0801;-56.2149;9.9375;4110.74;5.97527;0;0;0.1;0.01;0;6.12659;0;0;-1
0;143;7.34595;-41.7028;-54.9342;8.5;2572.44;5.11093;0;0;0.1;0.01;0;4.38133;1;0;-1
0;144;9.40564;-22.716;-56.6021;9.348;3421.72;5.62082;0;0;0.1;0.01;0;6.49525;0;0;-1
0;145;6.02977;-8.01816;-56.8602;9.37777;3454.52;5.63872;0;0;0.1;0.01;0;6.47254;0;0;-1
0;146;5.60935;9.72037;-55.239;8.95394;3006.98;5.38387;0;0;0.1;0.01;0;4.27917;0;0;-1
0;147;8.44375;27.749;-53.9537;10.1128;4332.14;6.08068;0;0;0.1;0.01;0;6.67664;0;0;-1
0;148;8.53604;44.9738;-55.9774;10.2821;4553.38;6.18248;0;0;0.1;0.01;0;7.63892;0;0;-1
0;149;8.8442;59.8428;-57.7161;8.76315;2818.83;5.26915;0;0;0.1;0.01;0;5.80954;0;0;-1
0;150;8.57097;79.8428;-54.3414;9.33081;3402.88;5.61048;0;0;0.1;0.01;0;2.80722;0;0;-1
0;151;22.2815;-64.2609;-56.658;9.79249;3933.4;5.88808;0;0;0.1;0.01;0;4.96808;0;0;-1
0;152;24.1763;-49.9887;-53.7182;8.97699;3030.27;5.39773;0;0;0.1;0.01;0;5.40089;0;0;-1
0;153;20.2899;-32.6154;-55.2876;9.10775;3164.62;5.47636;0;0;0.1;0.01;0;5.15423;0;0;-1
0;154;20.5193;-12.7117;-57.3659;9.31056;3380.77;5.5983;0;0;0.1;0.01;0;6.00882;0;0;-1
0;155;23.6284;1.42282;-56.4402;9.29185;3360.43;5.58705;0;0;0.1;0.01;0;5.67909;0;0;-1
0;156;23.752;20.6588;-55.741;10.1452;4373.92;6.10016;0;0;0.1;0.01;0;6.42598;0;0;-1
0;157;22.6853;38.2395;-56.2062;10.0929;4306.62;6.06871;0;0;0.1;0.01;0;7.04181;0;0;-1
0;158;22.9294;54.3758;-53.9786;10.4336;4757.64;6.27357;0;0;0.1;0.01;0;7.09847;0;0;-1
0;159;22.056;70.5685;-57.6917;9.08793;3144.01;5.46444;0;0;0.1;0.01;0;2.47073;0;0;-1
0;160;38.5708;-56.0308;-56.4268;9.06067;3115.8;5.44805;0;0;0.1;0.01;0;4.55249;0;0;-1
0;161;34.9348;-38.3579;-54.7237;8.60039;2664.67;5.17129;0;0;0.1;0.01;0;5.32371;0;0;-1
0;162;38.5238;-25.1031;-56.4572;9.04343;3098.05;5.43768;0;0;0.1;0.01;0;5.60429;0;0;-1
0;163;37.2051;-5.69327;-54.8326;8.57831;2644.2;5.15801;0;0;0.1;0.01;0;5.96548;0;0;-1
0;164;38.4624;8.33247;-55.4064;9.23354;3297.56;5.55199;0;0;0.1;0.01;0;6.96367;0;0;-1
0;165;38.8677;25.436;-54.6056;9.85015;4003.29;5.92275;0;0;0.1;0.01;0;6.3261;0;0;-1
0;166;36.7818;46.1481;-56.648;9.17439;3234.6;5.51643;0;0;0.1;0.01;0;5.85612;0;0;-1
0;167;36.3673;60.7313;-54.1185;8.5;2572.44;5.11093;0;0;0.1;0.01;0;4.53975;1;0;-1
0;168;52.8851;-50.9593;-56.0576;8.97539;3028.65;5.39677;0;0;0.1;0.01;0;3.28766;0;0;-1
0;169;52.0663;-31.0887;-54.1379;9.95776;4135.93;5.98746;0;0;0.1;0.01;0;5.73076;0;0;-1
0;170;52.9059;-15.0622;-54.3872;8.5;2572.44;5.11093;0;0;0.1;0.01;0;5.22825;1;0;-1
0;171;52.2502;0.0384516;-54.3883;9.99184;4178.54;6.00795;0;0;0.1;0.01;0;7.51551;0;0;-1
0;172;51.1934;18.0857;-56.04;9.0008;3054.44;5.41205;0;0;0.1;0.01;0;6.79106;0;0;-1
0;173;52.942;34.075;-55.7675;9.24176;3306.38;5.55694;0;0;0.1;0.01;0;5.311;0;0;-1
0;174;52.697;55.2593;-56.5076;10.1122;4331.37;6.08032;0;0;0.1;0.01;0;4.26888;0;0;-1
0;175;64.6194;-40.8754;-56.6782;9.03274;3087.07;5.43126;0;0;0.1;0.01;0;2.99365;0;0;-1
0;176;67.2858;-25.087;-56.1081;9.38578;3463.38;5.64353;0;0;0.1;0.01;0;4.42068;0;0;-1
0;177;67.7703;-4.4987;-55.133;8.5;2572.44;5.11093;0;0;0.1;0.01;0;5.13814;1;0;-1
0;178;65.8317;11.9958;-53.8058;9.54477;3642.38;5.73913;0;0;0.1;0.01;0;5.87452;0;0;-1
0;179;66.0108;26.6448;-55.2814;8.5;2572.44;5.11093;0;0;0.1;0.01;0;3.88914;1;0;-1
0;180;64.7674;46.064;-54.318;9.81335;3958.59;5.90062;0;0;0.1;0.01;0;3.39783;0;0;-1
0;181;79.7143;-16.8479;-56.7575;10.1836;4423.77;6.12325;0;0;0.1;0.01;0;2.82721;0;0;-1
0;182;82.2231;1.12485;-54.4682;8.92226;2975.18;5.36483;0;0;0.1;0.01;0;2.82685;0;0;-1
0;183;-87.5129;-21.6626;-40.6258;9.37018;3446.14;5.63415;0;0;0.1;0.01;0;3.14694;0;0;-1
0;184;-84.1174;-8.17354;-40.1196;10.0307;4227.49;6.03131;0;0;0.1;0.01;0;5.22086;0;0;-1
0;185;-86.3072;12.3515;-39.6292;9.63572;3747.5;5.79382;0;0;0.1;0.01;0;4.44016;0;0;-1
0;186;-86.6589;29.3383;-39.2286;9.84885;4001.71;5.92197;0;0;0.1;0.01;0;3.00431;0;0;-1
0;187;-70.1818;-48.0398;-39.6381;8.5;2572.44;5.11093;0;0;0.1;0.01;0;4.05774;1;0;-1
0;188;-72.1207;-33.9467;-41.5634;10.2288;4482.94;6.15043;0;0;0.1;0.01;0;5.02769;0;0;-1
0;189;-71.5943;-14.5691;-41.6293;8.5;2572.44;5.11093;0;0;0.1;0.01;0;5.38657;1;0;-1
0;190;-72.6799;3.61471;-40.9262;10.2704;4537.86;6.17544;0;0;0.1;0.01;0;7.38565;0;0;-1
0;191;-70.509;19.0735;-42.0684;9.73679;3866.66;5.85459;0;0;0.1;0.01;0;6.24146;0;0;-1
0;192;-69.9857;37.0774;-42.9183;9.92192;4091.44;5.96591;0;0;0.1;0.01;0;5.68323;0;0;-1
0;193;-72.6578;51.3917;-41.1022;9.59208;3696.81;5.76758;0;0;0.1;0.01;0;3.09255;0;0;-1
0;194;-56.9534;-59.2014;-39.9322;10.3288;4615.71;6.21056;0;0;0.1;0.01;0;5.24872;0;0;-1
0;195;-56.7257;-39.4563;-41.8774;9.50868;3601.22;5.71743;0;0;0.1;0.01;0;6.64158;0;0;-1
0;196;-54.1639;-24.6418;-40.9095;9.31218;3382.54;5.59928;0;0;0.1;0.01;0;5.42094;0;0;-1
0;197;-57.4647;-7.32796;-42.0176;10.0834;4294.47;6.063;0;0;0.1;0.01;0;6.99054;0;0;-1
0;198;-55.0638;9.53857;-39.851;10.2811;4552.05;6.18188;0;0;0.1;0.01;0;6.71466;0;0;-1
0;199;-55.5425;25.8703;-41.5473;9.89022;4052.35;5.94685;0;0;0.1;0.01;0;6.11436;0;0;-1
0;200;-56.9721;42.6509;-40.1044;9.6706;3788.34;5.81479;0;0;0.1;0.01;0;6.52633;0;0;-1
0;201;-54.2533;60.4462;-39.5914;9.62047;3729.73;5.78465;0;0;0.1;0.01;0;5.24081;0;0;-1
0;202;-40.5182;-80.6277;-40.9825;8.5;2572.44;5.11093;0;0;0.1;0.01;0;2.96978;1;0;-1
0;203;-41.6818;-65.9018;-39.2276;9.46189;3548.32;5.6893;0;0;0.1;0.01;0;6.38086;0;0;-1
0;204;-43.0533;-47.5186;-41.7163;8.5;2572.44;5.11093;0;0;0.1;0.01;0;4.90173;1;0;-1
0;205;-42.5725;-31.6884;-42.2011;8.64528;2706.61;5.19828;0;0;0.1;0.01;0;5.09629;0;0;-1
0;206;-40.248;-13.4533;-40.6539;9.60474;3711.47;5.77519;0;0;0.1;0.01;0;6.10366;0;0;-1
0;207;-42.0145;1.94874;-39.9916;9.25091;3316.21;5.56244;0;0;0.1;0.01;0;6.47522;0;0;-1
0;208;-41.7867;19.6615;-42.4199;8.59492;2659.59;5.168;0;0;0.1;0.01;0;5.91447;0;0;-1
0;209;-41.452;34.4589;-41.4136;8.78789;2842.77;5.28403;0;0;0.1;0.01;0;5.6427;0;0;-1
0;210;-40.2702;53.6138;-41.2199;9.53739;3633.94;5.73469;0;0;0.1;0.01;0;7.07297;0;0;-1
0;211;-40.8048;68.4798;-42.1357;10.3601;4657.8;6.22938;0;0;0.1;0.01;0;6.08105;0;0;-1
0;212;-27.6592;-72.9666;-42.8814;9.39388;3472.35;5.6484;0;0;0.1;0.01;0;6.1061;0;0;-1
0;213;-28.1471;-57.7304;-40.4573;10.4418;4768.86;6.2785;0;0;0.1;0.01;0;7.09423;0;0;-1
0;214;-25.2993;-38.5046;-42.3707;9.23225;3296.18;5.55122;0;0;0.1;0.01;0;5.32775;0;0;-1
0;215;-25.0124;-22.3775;-39.8173;9.9908;4177.24;6.00732;0;0;0.1;0.01;0;6.3893;0;0;-1
0;216;-24.746;-5.17367;-40.6506;8.87426;2927.42;5.33596;0;0;0.1;0.01;0;5.61311;0;0;-1
0;217;-25.4509;9.75921;-41.0439;8.5;2572.44;5.11093;0;0;0.1;0.01;0;4.04142;1;0;-1
0;218;-28.1767;27.0136;-42.0135;9.3773;3454;5.63843;0;0;0.1;0.01;0;5.49058;0;0;-1
0;219;-27.2198;44.1211;-42.0979;9.59228;3697.04;5.7677;0;0;0.1;0.01;0;6.10631;0;0;-1
0;220;-27.5558;60.5327;-40.7636;9.41372;3494.4;5.66033;0;0;0.1;0.01;0;7.06728;0;0;-1
0;221;-25.0156;77.1729;-42.0755;9.57316;3674.98;5.7562;0;0;0.1;0.01;0;5.24458;0;0;-1
0;222;-12.9892;-83.1461;-42.1697;8.61093;2674.48;5.17763;0;0;0.1;0.01;0;4.03734;0;0;-1
0;223;-12.9503;-67.6042;-39.7409;10.0617;4266.8;6.04995;0;0;0.1;0.01;0;6.69555;0;0;-1
0;224;-12.3952;-49.3819;-41.8365;9.18212;3242.78;5.52108;0;0;0.1;0.01;0;5.31838;0;0;-1
0;225;-9.78588;-33.3267;-39.8336;9.50911;3601.71;5.71769;0;0;0.1;0.01;0;6.11656;0;0;-1
0;226;-13.071;-15.5131;-40.7558;8.69144;2750.2;5.22604;0;0;0.1;0.01;0;6.37177;0;0;-1
0;227;-11.0652;0.25621;-41.452;8.66025;2720.7;5.20728;0;0;0.1;0.01;0;5.4525;0;0;-1
0;228;-12.5372;20.0323;-39.3408;9.95302;4130.03;5.98461;0;0;0.1;0.01;0;6.15984;0;0;-1
0;229;-9.96191;34.3084;-39.7675;8.5;2572.44;5.11093;0;0;0.1;0.01;0;6.08797;1;0;-1
0;230;-11.5622;52.9648;-39.3551;10.1789;4417.65;6.12042;0;0;0.1;0.01;0;6.47171;0;0;-1
0;231;-11.0998;70.7595;-40.041;9.43087;3513.53;5.67065;0;0;0.1;0.01;0;5.57619;0;0;-1
0;232;-9.79013;87.0994;-39.9599;8.5;2572.44;5.11093;0;0;0.1;0.01;0;2.38814;1;0;-1
0;233;2.81971;-89.5408;-42.0526;9.11671;3173.97;5.48175;0;0;0.1;0.01;0;2.88241;0;0;-1
0;234;4.6791;-74.9284;-41.1598;8.55271;2620.59;5.14262;0;0;0.1;0.01;0;5.17799;0;0;-1
0;235;2.0105;-59.7586;-39.3792;9.47364;3561.55;5.69636;0;0;0.1;0.01;0;5.41923;0;0;-1
0;236;3.6267;-40.7648;-39.8021;8.5;2572.44;5.11093;0;0;0.1;0.01;0;4.85003;1;0;-1
0;237;4.67562;-25.2811;-39.512;9.5216;3615.92;5.7252;0;0;0.1;0.01;0;6.13882;0;0;-1
0;238;1.23449;-8.08076;-42.4265;10.2613;4525.8;6.16997;0;0;0.1;0.01;0;6.26627;0;0;-1
0;239;3.21901;10.4503;-41.0094;8.61838;2681.42;5.18211;0;0;0.1;0.01;0;4.36869;0;0;-1
0;240;4.07374;27.1861;-39.4779;8.90471;2957.66;5.35427;0;0;0.1;0.01;0;6.72747;0;0;-1
0;241;1.22562;43.0322;-40.273;10.0973;4312.25;6.07136;0;0;0.1;0.01;0;7.97788;0;0;-1
0;242;1.52104;60.6187;-40.9739;8.5;2572.44;5.11093;0;0;0.1;0.01;0;5.36164;1;0;-1
0;243;3.95598;76.3836;-41.075;9.14274;3201.24;5.4974;0;0;0.1;0.01;0;5.26372;0;0;-1
0;244;17.6704;-82.3254;-42.0943;8.5;2572.44;5.11093;0;0;0.1;0.01;0;3.29336;1;0;-1
0;245;18.2144;-65.4528;-39.291;10.2625;4527.39;6.17069;0;0;0.1;0.01;0;5.88445;0;0;-1
0;246;17.9182;-46.4586;-40.8024;8.89095;2943.97;5.346;0;0;0.1;0.01;0;5.26624;0;0;-1
0;247;17.8348;-31.7621;-41.1597;8.5;2572.44;5.11093;0;0;0.1;0.01;0;5.8377;1;0;-1
0;248;19.0984;-15.4943;-41.7722;9.48375;3572.97;5.70244;0;0;0.1;0.01;0;5.92457;0;0;-1
0;249;19.7542;1.93662;-42.1534;9.10927;3166.21;5.47727;0;0;0.1;0.01;0;4.69394;0;0;-1
0;250;17.6649;17.7334;-40.5182;9.27102;3337.88;5.57453;0;0;0.1;0.01;0;5.59822;0;0;-1
0;251;19.0256;36.7144;-42.84;9.9124;4079.67;5.96018;0;0;0.1;0.01;0;7.63435;0;0;-1
0;252;16.7948;52.0116;-39.6932;10.0976;4312.64;6.07154;0;0;0.1;0.01;0;7.44171;0;0;-1
0;253;18.7621;68.4694;-41.1976;10.3155;4597.9;6.20256;0;0;0.1;0.01;0;5.94084;0;0;-1
0;254;16.4138;87.4199;-41.1269;10.0767;4285.92;6.05897;0;0;0.1;0.01;0;3.14594;0;0;-1
0;255;32.9557;-75.6301;-42.5045;8.64912;2710.22;5.20059;0;0;0.1;0.01;0;2.25193;0;0;-1
0;256;30.5655;-56.4944;-40.5185;9.0958;3152.18;5.46917;0;0;0.1;0.01;0;6.27891;0;0;-1
0;257;33.715;-41.1827;-40.4678;10.005;4195.08;6.01586;0;0;0.1;0.01;0;7.65185;0;0;-1
0;258;32.7766;-25.2902;-41.5671;10.1242;4346.81;6.08753;0;0;0.1;0.01;0;7.40394;0;0;-1
0;259;33.7365;-8.04793;-42.0326;8.5;2572.44;5.11093;0;0;0.1;0.01;0;4.72518;1;0;-1
0;260;33.8448;10.039;-42.2892;8.5;2572.44;5.11093;0;0;0.1;0.01;0;5.10192;1;0;-1
0;261;33.8504;29.5245;-39.8794;8.93213;2985.06;5.37076;0;0;0.1;0.01;0;6.03266;0;0;-1
0;262;32.945;46.1537;-39.4207;10.038;4236.72;6.0357;0;0;0.1;0.01;0;7.76787;0;0;-1
0;263;33.9182;60.0865;-39.7035;9.38769;3465.49;5.64468;0;0;0.1;0.01;0;6.20569;0;0;-1
0;264;33.5542;79.8432;-40.4307;8.95437;3007.42;5.38413;0;0;0.1;0.01;0;2.74374;0;0;-1
0;265;47.8277;-65.2737;-41.6065;8.94443;2997.41;5.37816;0;0;0.1;0.01;0;2.46624;0;0;-1
0;266;47.1395;-47.706;-39.9515;9.52788;3623.08;5.72898;0;0;0.1;0.01;0;5.80346;0;0;-1
0;267;47.7659;-30.2385;-39.2248;10.3176;4600.71;6.20382;0;0;0.1;0.01;0;7.65885;0;0;-1
0;268;46.7904;-14.9406;-42.5846;10.067;4273.55;6.05314;0;0;0.1;0.01;0;7.7781;0;0;-1
0;269;46.0848;2.88022;-42.1828;8.5;2572.44;5.11093;0;0;0.1;0.01;0;6.20122;1;0;-1
0;270;47.7583;16.8716;-43.0414;10.1627;4396.59;6.11068;0;0;0.1;0.01;0;7.43849;0;0;-1
0;271;46.8485;37.9681;-41.1004;9.52653;3621.54;5.72816;0;0;0.1;0.01;0;6.19119;0;0;-1
0;272;46.7028;52.1414;-42.8738;9.67637;3795.12;5.81826;0;0;0.1;0.01;0;6.60629;0;0;-1
0;273;46.8328;69.2615;-39.9005;9.92643;4097.02;5.96862;0;0;0.1;0.01;0;4.49543;0;0;-1
0;274;60.3754;-55.3629;-39.3305;9.8308;3979.74;5.91112;0;0;0.1;0.01;0;4.7447;0;0;-1
0;275;63.9928;-41.6878;-39.8251;8.94562;2998.61;5.37887;0;0;0.1;0.01;0;4.28014;0;0;-1
0;276;61.2086;-23.357;-39.831;8.55006;2618.16;5.14103;0;0;0.1;0.01;0;5.54279;0;0;-1
0;277;63.4165;-7.79193;-42.3297;9.67674;3795.56;5.81848;0;0;0.1;0.01;0;6.80207;0;0;-1
0;278;63.5993;8.22749;-39.47;10.0114;4203.13;6.01971;0;0;0.1;0.01;0;6.56094;0;0;-1
0;279;63.0243;26.1914;-42.2768;10.0357;4233.81;6.03432;0;0;0.1;0.01;0;6.07438;0;0;-1
0;280;61.5496;42.135;-41.197;8.88075;2933.85;5.33987;0;0;0.1;0.01;0;5.08346;0;0;-1
0;281;61.9977;60.4234;-42.462;9.23144;3295.32;5.55073;0;0;0.1;0.01;0;3.67729;0;0;-1
0;282;74.9465;-32.4939;-43.1664;9.0112;3065.04;5.4183;0;0;0.1;0.01;0;3.21776;0;0;-1
0;283;77.7379;-15.0006;-41.1228;8.62851;2690.89;5.1882;0;0;0.1;0.01;0;4.46641;0;0;-1
0;284;76.3311;-0.0856474;-41.4683;10.2851;4557.37;6.18428;0;0;0.1;0.01;0;6.87685;0;0;-1
0;285;78.7436;19.7263;-42.8224;8.99017;3043.63;5.40566;0;0;0.1;0.01;0;3.33074;0;0;-1
0;286;76.5368;34.3377;-41.9439;9.23964;3304.1;5.55566;0;0;0.1;0.01;0;3.54114;0;0;-1
0;287;90.5158;-4.5613;-40.5341;8.7003;2758.62;5.23136;0;0;0.1;0.01;0;2.2326;0;0;-1
0;288;-95.1308;-13.5075;-24.7039;8.77145;2826.85;5.27415;0;0;0.1;0.01;0;3.17567;0;0;-1
0;289;-95.6342;1.2494;-26.0983;9.92316;4092.97;5.96665;0;0;0.1;0.01;0;3.87443;0;0;-1
0;290;-80.8671;-41.5005;-24.661;9.90428;4069.65;5.9553;0;0;0.1;0.01;0;2.88724;0;0;-1
0;291;-81.7954;-23.4414;-27.3419;9.5595;3659.27;5.74799;0;0;0.1;0.01;0;3.86539;0;0;-1
0;292;-78.9089;-4.65564;-26.4865;10.0423;4242.17;6.03829;0;0;0.1;0.01;0;5.59198;0;0;-1
0;293;-82.5752;10.9695;-26.4522;10.1274;4350.93;6.08946;0;0;0.1;0.01;0;6.28572;0;0;-1
0;294;-82.4129;27.6808;-25.1451;10.0349;4232.8;6.03384;0;0;0.1;0.01;0;5.02752;0;0;-1
0;295;-80.4034;44.5613;-28.1088;9.88358;4044.19;5.94285;0;0;0.1;0.01;0;3.2844;0;0;-1
0;296;-64.0799;-67.8792;-25.9956;8.5;2572.44;5.11093;0;0;0.1;0.01;0;2.51758;1;0;-1
0;297;-64.3796;-48.9966;-26.1279;8.77835;2833.53;5.27829;0;0;0.1;0.01;0;4.35729;0;0;-1
0;298;-64.5311;-31.266;-25.4633;9.74862;3880.77;5.8617;0;0;0.1;0.01;0;5.46673;0;0;-1
0;299;-64.4857;-12.8914;-26.9894;9.28066;3348.31;5.58033;0;0;0.1;0.01;0;5.55836;0;0;-1
0;300;-66.0772;4.44644;-26.0255;8.5;2572.44;5.11093;0;0;0.1;0.01;0;5.94047;1;0;-1
0;301;-65.4703;20.2204;-26.9328;8.59094;2655.89;5.16561;0;0;0.1;0.01;0;5.71323;0;0;-1
0;302;-64.685;35.2174;-27.1737;10.0497;4251.56;6.04274;0;0;0.1;0.01;0;6.31101;0;0;-1
0;303;-64.5484;50.9148;-26.2246;9.27992;3347.51;5.57988;0;0;0.1;0.01;0;5.75041;0;0;-1
0;304;-66.6786;68.6693;-26.7117;9.4554;3541.02;5.68539;0;0;0.1;0.01;0;2.15031;0;0;-1
0;305;-49.7085;-72.503;-27.7879;8.99661;3050.18;5.40953;0;0;0.1;0.01;0;5.22905;0;0;-1
0;306;-49.6149;-58.1768;-26.2908;9.25063;3315.91;5.56227;0;0;0.1;0.01;0;6.29358;0;0;-1
0;307;-51.539;-39.7149;-26.3459;9.3425;3415.69;5.61751;0;0;0.1;0.01;0;6.00888;0;0;-1
0;308;-52.4116;-23.1187;-27.5498;9.77632;3913.95;5.87836;0;0;0.1;0.01;0;6.55566;0;0;-1
0;309;-50.4815;-7.03326;-27.8103;9.73264;3861.72;5.8521;0;0;0.1;0.01;0;6.61075;0;0;-1
0;310;-53.0222;8.65209;-26.3267;8.9409;2993.87;5.37603;0;0;0.1;0.01;0;5.48812;0;0;-1
0;311;-51.1156;26.7875;-24.4715;9.14375;3202.3;5.498;0;0;0.1;0.01;0;5.57738;0;0;-1
0;312;-49.9897;45.5108;-24.8763;9.78011;3918.5;5.88064;0;0;0.1;0.01;0;7.33724;0;0;-1
0;313;-50.6676;62.4883;-25.5795;8.75947;2815.28;5.26694;0;0;0.1;0.01;0;6.0847;0;0;-1
0;314;-51.7943;78.4826;-28.2609;8.72318;2780.44;5.24512;0;0;0.1;0.01;0;2.65097;0;0;-1
0;315;-36.4321;-82.1764;-26.5194;10.3133;4594.96;6.20124;0;0;0.1;0.01;0;6.19574;0;0;-1
0;316;-34.9829;-67.3087;-26.8003;8.88636;2939.41;5.34324;0;0;0.1;0.01;0;6.9904;0;0;-1
0;317;-38.3679;-47.1078;-27.1491;10.1598;4392.83;6.10894;0;0;0.1;0.01;0;5.71343;0;0;-1
0;318;-36.0605;-30.0838;-26.074;9.32899;3400.89;5.60939;0;0;0.1;0.01;0;6.11608;0;0;-1
0;319;-34.6324;-13.7624;-26.7998;8.77558;2830.85;5.27663;0;0;0.1;0.01;0;5.01567;0;0;-1
0;320;-36.5866;4.31298;-27.4482;8.5;2572.44;5.11093;0;0;0.1;0.01;0;4.19381;1;0;-1
0;321;-38.3566;18.5467;-27.4854;9.50184;3593.45;5.71332;0;0;0.1;0.01;0;5.45471;0;0;-1
0;322;-38.2424;34.5894;-25.1742;8.5;2572.44;5.11093;0;0;0.1;0.01;0;5.5012;1;0;-1
0;323;-37.6458;52.2778;-27.8688;9.223;3286.29;5.54566;0;0;0.1;0.01;0;6.07392;0;0;-1
0;324;-38.2113;67.7275;-25.7583;8.5;2572.44;5.11093;0;0;0.1;0.01;0;4.48537;1;0;-1
0;325;-35.5364;85.8434;-24.9479;10.2803;4550.99;6.1814;0;0;0.1;0.01;0;3.74749;0;0;-1
0;326;-21.7843;-90.7763;-25.2892;10.3383;4628.45;6.21627;0;0;0.1;0.01;0;3.98845;0;0;-1
0;327;-20.583;-73.0898;-27.0255;10.1729;4409.84;6.11682;0;0;0.1;0.01;0;8.27689;0;0;-1
0;328;-20.3484;-59.1616;-26.3065;9.74517;3876.65;5.85963;0;0;0.1;0.01;0;7.26732;0;0;-1
0;329;-22.0192;-40.5876;-26.6544;8.61701;2680.15;5.18128;0;0;0.1;0.01;0;4.98704;0;0;-1
0;330;-21.3613;-21.1057;-24.976;10.094;4308.03;6.06938;0;0;0.1;0.01;0;6.84197;0;0;-1
0;331;-19.7206;-5.48109;-28.0813;8.5;2572.44;5.11093;0;0;0.1;0.01;0;4.64944;1;0;-1
0;332;-21.3093;11.8035;-25.7708;8.5;2572.44;5.11093;0;0;0.1;0.01;0;4.00168;1;0;-1
0;333;-22.7746;28.7626;-27.7847;8.64731;2708.52;5.1995;0;0;0.1;0.01;0;5.10193;0;0;-1
0;334;-21.2676;44.7708;-27.8807;9.74786;3879.86;5.86125;0;0;0.1;0.01;0;5.84142;0;0;-1
0;335;-21.6911;62.1734;-26.6147;9.66986;3787.47;5.81435;0;0;0.1;0.01;0;6.33867;0;0;-1
0;336;-22.8398;78.7568;-27.9057;9.43208;3514.88;5.67137;0;0;0.1;0.01;0;5.63265;0;0;-1
0;337;-5.9437;-81.2669;-28.6527;9.37792;3454.68;5.63881;0;0;0.1;0.01;0;6.09448;0;0;-1
0;338;-7.9107;-66.6031;-26.332;9.47884;3567.42;5.69949;0;0;0.1;0.01;0;6.68913;0;0;-1
0;339;-8.56434;-48.5913;-24.3818;9.13807;3196.33;5.49459;0;0;0.1;0.01;0;5.18521;0;0;-1
0;340;-8.20509;-29.6896;-25.5437;8.77274;2828.1;5.27492;0;0;0.1;0.01;0;5.56642;0;0;-1
0;341;-6.01243;-13.3252;-27.8109;9.41095;3491.31;5.65867;0;0;0.1;0.01;0;6.5989;0;0;-1
0;342;-5.49646;1.92978;-27.6427;8.53399;2603.42;5.13136;0;0;0.1;0.01;0;5.70953;0;0;-1
0;343;-6.60831;21.1295;-25.6246;9.60397;3710.57;5.77473;0;0;0.1;0.01;0;6.69861;0;0;-1
0;344;-7.09305;35.4079;-27.0981;9.34522;3418.67;5.61915;0;0;0.1;0.01;0;7.48399;0;0;-1
0;345;-7.92964;51.5132;-26.026;8.65073;2711.73;5.20156;0;0;0.1;0.01;0;5.6126;0;0;-1
0;346;-9.34569;72.1657;-24.4881;8.6207;2683.59;5.1835;0;0;0.1;0.01;0;5.03776;0;0;-1
0;347;-9.10142;88.2425;-25.6663;8.64271;2704.2;5.19674;0;0;0.1;0.01;0;3.97167;0;0;-1
0;348;9.34393;-90.4758;-25.4134;10.3115;4592.55;6.20016;0;0;0.1;0.01;0;4.27681;0;0;-1
0;349;6.59336;-75.7941;-25.3176;9.7822;3921.01;5.88189;0;0;0.1;0.01;0;6.67387;0;0;-1
0;350;9.44269;-58.6622;-25.7695;9.33001;3402;5.61;0;0;0.1;0.01;0;5.80822;0;0;-1
0;351;5.72729;-40.0285;-25.3953;9.62018;3729.39;5.78447;0;0;0.1;0.01;0;6.09858;0;0;-1
0;352;8.26349;-25.5185;-26.5979;8.72878;2785.8;5.24849;0;0;0.1;0.01;0;5.85974;0;0;-1
0;353;9.02466;-8.76609;-27.6952;10.2426;4501.11;6.15873;0;0;0.1;0.01;0;6.79787;0;0;-1
0;354;5.51642;9.93467;-25.5105;9.14542;3204.05;5.49901;0;0;0.1;0.01;0;4.5834;0;0;-1
0;355;9.43663;29.3324;-27.6629;10.081;4291.4;6.06156;0;0;0.1;0.01;0;6.86097;0;0;-1
0;356;6.25313;44.047;-25.2406;10.3766;4680.09;6.2393;0;0;0.1;0.01;0;7.20111;0;0;-1
0;357;6.87032;63.4076;-24.6216;10.1832;4423.25;6.12301;0;0;0.1;0.01;0;6.80693;0;0;-1
0;358;5.89723;78.2873;-28.003;9.05381;3108.73;5.44392;0;0;0.1;0.01;0;5.55758;0;0;-1
0;359;8.2449;95.619;-26.842;10.0208;4214.98;6.02536;0;0;0.1;0.01;0;2.99638;0;0;-1
0;360;22.5749;-82.3681;-25.2152;9.14669;3205.39;5.49977;0;0;0.1;0.01;0;4.65815;0;0;-1
0;361;23.7004;-65.8987;-25.4774;9.51617;3609.73;5.72193;0;0;0.1;0.01;0;5.43768;0;0;-1
0;362;23.2769;-47.292;-27.4333;10.114;4333.69;6.0814;0;0;0.1;0.01;0;6.25974;0;0;-1
0;363;22.7903;-31.7643;-26.044;9.7203;3847.05;5.84468;0;0;0.1;0.01;0;6.89661;0;0;-1
0;364;22.1282;-16.0913;-25.5864;10.0142;4206.66;6.02139;0;0;0.1;0.01;0;6.72939;0;0;-1
0;365;22.3166;1.01596;-26.8049;9.03568;3090.09;5.43302;0;0;0.1;0.01;0;5.17169;0;0;-1
0;366;23.3886;18.1881;-28.0156;9.62583;3735.97;5.78787;0;0;0.1;0.01;0;6.25287;0;0;-1
0;367;23.2516;34.9356;-27.5217;9.48752;3577.23;5.70471;0;0;0.1;0.01;0;7.41914;0;0;-1
0;368;20.5943;51.1121;-24.514;9.78732;3927.17;5.88497;0;0;0.1;0.01;0;6.26018;0;0;-1
0;369;20.2893;69.1545;-26.9556;9.41126;3491.66;5.65885;0;0;0.1;0.01;0;5.36062;0;0;-1
0;370;23.36;84.5719;-24.8018;9.48309;3572.22;5.70204;0;0;0.1;0.01;0;4.9007;0;0;-1
0;371;38.0651;-75.9975;-27.0996;9.08221;3138.07;5.461;0;0;0.1;0.01;0;3.93991;0;0;-1
0;372;35.2306;-56.9153;-27.0354;8.68961;2748.46;5.22494;0;0;0.1;0.01;0;5.60584;0;0;-1
0;373;37.5288;-39.9435;-26.8253;9.92192;4091.44;5.96591;0;0;0.1;0.01;0;7.96723;0;0;-1
0;374;37.6929;-23.1684;-27.6897;9.98008;4163.81;6.00088;0;0;0.1;0.01;0;7.59003;0;0;-1
0;375;37.4567;-7.21074;-24.841;9.68117;3800.77;5.82115;0;0;0.1;0.01;0;6.57025;0;0;-1
0;376;35.1292;8.91199;-26.7895;8.8148;2868.97;5.30021;0;0;0.1;0.01;0;5.30907;0;0;-1
0;377;37.2288;25.3888;-24.7121;9.96675;4147.15;5.99286;0;0;0.1;0.01;0;6.87884;0;0;-1
0;378;37.0146;42.1387;-27.097;9.84583;3998.03;5.92015;0;0;0.1;0.01;0;6.5789;0;0;-1
0;379;38.4502;63.6817;-24.8984;8.5;2572.44;5.11093;0;0;0.1;0.01;0;4.58549;1;0;-1
0;380;36.751;78.8123;-24.878;8.5;2572.44;5.11093;0;0;0.1;0.01;0;4.3503;1;0;-1
0;381;50.4415;-66.6508;-24.786;10.2137;4463.11;6.14135;0;0;0.1;0.01;0;5.56917;0;0;-1
0;382;49.9648;-50.7708;-25.2911;10.1728;4409.71;6.11676;0;0;0.1;0.01;0;6.85166;0;0;-1
0;383;50.0718;-33.4182;-25.0331;8.55599;2623.61;5.14459;0;0;0.1;0.01;0;5.20235;0;0;-1
0;384;52.7139;-15.5633;-26.8597;9.21838;3281.35;5.54288;0;0;0.1;0.01;0;6.25913;0;0;-1
0;385;51.822;1.73454;-28.3356;10.0155;4208.3;6.02217;0;0;0.1;0.01;0;7.1699;0;0;-1
0;386;50.1054;17.7973;-28.5147;9.04577;3100.45;5.43909;0;0;0.1;0.01;0;6.16631;0;0;-1
0;387;50.3105;34.8934;-25.0679;9.38364;3461.01;5.64225;0;0;0.1;0.01;0;5.57749;0;0;-1
0;388;52.9788;54.7672;-24.6973;8.65695;2717.59;5.2053;0;0;0.1;0.01;0;4.39651;0;0;-1
0;389;52.2024;72.6215;-26.9407;9.78828;3928.33;5.88555;0;0;0.1;0.01;0;4.37759;0;0;-1
0;390;66.3567;-59.2059;-27.6304;8.99162;3045.11;5.40653;0;0;0.1;0.01;0;4.13261;0;0;-1
0;391;66.6358;-42.2235;-25.0333;8.84857;2902.07;5.32052;0;0;0.1;0.01;0;5.48446;0;0;-1
0;392;67.4847;-23.2429;-24.8698;10.3678;4668.19;6.23401;0;0;0.1;0.01;0;6.5387;0;0;-1
0;393;65.5547;-5.60008;-26.9266;8.9529;3005.94;5.38325;0;0;0.1;0.01;0;6.84089;0;0;-1
0;394;66.5811;9.45292;-25.0939;9.2484;3313.51;5.56093;0;0;0.1;0.01;0;5.82307;0;0;-1
0;395;64.874;25.4082;-25.6027;9.8348;3984.6;5.91352;0;0;0.1;0.01;0;4.80904;0;0;-1
0;396;66.3807;46.5059;-25.9035;10.0347;4232.55;6.03372;0;0;0.1;0.01;0;5.81687;0;0;-1
0;397;65.072;62.2767;-27.5167;10.0508;4252.95;6.0434;0;0;0.1;0.01;0;4.96898;0;0;-1
0;398;79.4144;-51.2642;-25.8208;10.1042;4321.1;6.07551;0;0;0.1;0.01;0;2.17846;0;0;-1
0;399;81.878;-34.2042;-24.8302;10.2512;4512.45;6.1639;0;0;0.1;0.01;0;3.4156;0;0;-1
0;400;80.7498;-16.8104;-25.3482;8.88357;2936.64;5.34156;0;0;0.1;0.01;0;4.46918;0;0;-1
0;401;79.7953;-0.231017;-26.2384;9.30496;3374.68;5.59494;0;0;0.1;0.01;0;4.87278;0;0;-1
0;402;83.2183;17.793;-25.2701;9.79833;3940.44;5.89159;0;0;0.1;0.01;0;4.14586;0;0;-1
0;403;79.0968;33.7639;-27.9929;8.5;2572.44;5.11093;0;0;0.1;0.01;0;3.36598;1;0;-1
0;404;79.3721;54.6229;-26.5383;10.3516;4646.34;6.22427;0;0;0.1;0.01;0;2.70857;0;0;-1
0;405;-98.4461;0.960899;-11.8097;10.2755;4544.62;6.17851;0;0;0.1;0.01;0;3.70275;0;0;-1
0;406;-84.2842;-42.0841;-11.2519;9.08598;3141.98;5.46327;0;0;0.1;0.01;0;3.46759;0;0;-1
0;407;-84.3736;-23.5376;-10.3053;10.4098;4725.15;6.25926;0;0;0.1;0.01;0;5.7039;0;0;-1
0;408;-85.214;-7.13409;-12.4853;8.91246;2965.39;5.35893;0;0;0.1;0.01;0;5.2672;0;0;-1
0;409;-83.3436;11.6474;-11.9317;10.149;4378.83;6.10245;0;0;0.1;0.01;0;5.92163;0;0;-1
0;410;-84.8138;29.1419;-12.4296;8.5;2572.44;5.11093;0;0;0.1;0.01;0;4.12941;1;0;-1
0;411;-84.0293;42.4979;-11.3143;9.39125;3469.44;5.64682;0;0;0.1;0.01;0;4.12675;0;0;-1
0;412;-70.8152;-68.4406;-10.0674;8.78734;2842.24;5.2837;0;0;0.1;0.01;0;2.13492;0;0;-1
0;413;-69.2276;-49.2665;-11.9933;9.51949;3613.51;5.72393;0;0;0.1;0.01;0;4.76765;0;0;-1
0;414;-69.8942;-32.5572;-10.1373;9.37135;3447.43;5.63486;0;0;0.1;0.01;0;6.79712;0;0;-1
0;415;-72.1614;-15.7374;-11.6937;9.40543;3485.17;5.65535;0;0;0.1;0.01;0;6.58738;0;0;-1
0;416;-70.7963;3.17693;-10.3148;8.76929;2824.76;5.27285;0;0;0.1;0.01;0;6.07254;0;0;-1
0;417;-68.3518;17.3749;-12.955;8.58719;2652.42;5.16335;0;0;0.1;0.01;0;4.93241;0;0;-1
0;418;-69.4909;36.4703;-11.9879;9.59908;3704.91;5.77179;0;0;0.1;0.01;0;6.33971;0;0;-1
0;419;-71.9192;53.7884;-13.0247;8.9755;3028.76;5.39684;0;0;0.1;0.01;0;4.41612;0;0;-1
0;420;-54.2905;-75.1331;-9.7216;8.85847;2911.82;5.32647;0;0;0.1;0.01;0;3.81521;0;0;-1
0;421;-56.6186;-58.2392;-12.3468;9.39962;3478.72;5.65186;0;0;0.1;0.01;0;5.38495;0;0;-1
0;422;-57.3256;-39.2002;-10.3225;8.57706;2643.04;5.15726;0;0;0.1;0.01;0;5.56414;0;0;-1
0;423;-57.3129;-23.955;-11.8642;8.5;2572.44;5.11093;0;0;0.1;0.01;0;5.49308;1;0;-1
0;424;-55.2355;-7.22079;-11.8095;9.00601;3059.75;5.41518;0;0;0.1;0.01;0;5.50171;0;0;-1
0;425;-54.3034;8.60211;-12.5442;10.0595;4264.01;6.04863;0;0;0.1;0.01;0;5.98734;0;0;-1
0;426;-57.3417;29.7699;-12.8173;8.5;2572.44;5.11093;0;0;0.1;0.01;0;5.63876;1;0;-1
0;427;-55.1149;44.7192;-11.8282;9.28257;3350.37;5.58147;0;0;0.1;0.01;0;6.85645;0;0;-1
0;428;-57.9479;60.0347;-10.6872;9.74725;3879.14;5.86088;0;0;0.1;0.01;0;5.44939;0;0;-1
0;429;-42.7871;-83.6426;-13.2547;10.0889;4301.5;6.06631;0;0;0.1;0.01;0;4.25838;0;0;-1
0;430;-39.3538;-64.6264;-11.5706;9.79525;3936.73;5.88974;0;0;0.1;0.01;0;5.60991;0;0;-1
0;431;-41.0495;-49.3521;-10.698;8.52157;2592.07;5.1239;0;0;0.1;0.01;0;5.07811;0;0;-1
0;432;-41.2219;-32.6045;-12.3619;9.80366;3946.87;5.8948;0;0;0.1;0.01;0;6.13929;0;0;-1
0;433;-42.0812;-14.3453;-13.5213;10.014;4206.41;6.02127;0;0;0.1;0.01;0;6.08397;0;0;-1
0;434;-40.9223;3.07139;-10.7892;9.48602;3575.53;5.70381;0;0;0.1;0.01;0;5.76875;0;0;-1
0;435;-39.402;20.0886;-11.2079;10.0097;4200.99;6.01869;0;0;0.1;0.01;0;6.27626;0;0;-1
0;436;-42.1294;36.9038;-13.1699;9.33057;3402.62;5.61034;0;0;0.1;0.01;0;7.19899;0;0;-1
0;437;-42.6531;52.2133;-12.6262;8.5;2572.44;5.11093;0;0;0.1;0.01;0;5.05141;1;0;-1
0;438;-43.0044;70.6885;-12.5543;8.74544;2801.78;5.25851;0;0;0.1;0.01;0;4.72357;0;0;-1
0;439;-43.2527;85.1292;-13.3298;8.5;2572.44;5.11093;0;0;0.1;0.01;0;3.42643;1;0;-1
0;440;-27.9005;-93.1825;-13.0899;9.62079;3730.1;5.78484;0;0;0.1;0.01;0;4.31744;0;0;-1
0;441;-28.1468;-76.8712;-13.0014;10.1441;4372.49;6.0995;0;0;0.1;0.01;0;7.05575;0;0;-1
0;442;-24.6945;-56.5744;-12.2827;10.3899;4698.1;6.2473;0;0;0.1;0.01;0;7.30804;0;0;-1
0;443;-27.3675;-41.7524;-10.1925;10.4383;4764.07;6.2764;0;0;0.1;0.01;0;7.63299;0;0;-1
0;444;-26.6333;-22.2829;-11.8613;10.2193;4470.46;6.14472;0;0;0.1;0.01;0;6.64897;0;0;-1
0;445;-24.9552;-7.30563;-10.3207;8.54228;2611.02;5.13635;0;0;0.1;0.01;0;4.69812;0;0;-1
0;446;-25.1393;9.14737;-10.2542;9.43114;3513.83;5.67081;0;0;0.1;0.01;0;5.1752;0;0;-1
0;447;-27.4331;28.4667;-10.5847;10.2555;4518.13;6.16648;0;0;0.1;0.01;0;6.15065;0;0;-1
0;448;-28.307;42.9578;-10.7768;9.06343;3118.65;5.44971;0;0;0.1;0.01;0;5.62639;0;0;-1
0;449;-24.4453;59.0711;-12.8443;8.80537;2859.77;5.29454;0;0;0.1;0.01;0;4.53462;0;0;-1
0;450;-24.7739;77.6984;-12.2445;9.85517;4009.41;5.92577;0;0;0.1;0.01;0;6.45352;0;0;-1
0;451;-24.8568;94.6721;-14.0167;10.1999;4445.05;6.13305;0;0;0.1;0.01;0;3.54545;0;0;-1
0;452;-13.5463;-83.309;-11.0887;8.5;2572.44;5.11093;0;0;0.1;0.01;0;4.45308;1;0;-1
0;453;-12.7697;-65.4508;-13.2516;8.5;2572.44;5.11093;0;0;0.1;0.01;0;5.52508;1;0;-1
0;454;-12.6943;-48.4366;-9.71341;9.49539;3586.14;5.70944;0;0;0.1;0.01;0;6.60746;0;0;-1
0;455;-11.4458;-32.3665;-11.7607;10.4018;4714.27;6.25445;0;0;0.1;0.01;0;7.25827;0;0;-1
0;456;-10.3972;-14.2705;-10.7271;8.5;2572.44;5.11093;0;0;0.1;0.01;0;6.05918;1;0;-1
0;457;-10.7189;0.965197;-11.6032;10.2021;4447.92;6.13437;0;0;0.1;0.01;0;7.16149;0;0;-1
0;458;-10.7317;16.9692;-11.6238;9.08701;3143.05;5.46389;0;0;0.1;0.01;0;5.7692;0;0;-1
0;459;-11.5915;34.2461;-12.5388;8.56015;2627.44;5.14709;0;0;0.1;0.01;0;4.61819;0;0;-1
0;460;-10.3533;50.9695;-10.6073;8.54843;2616.66;5.14005;0;0;0.1;0.01;0;5.22078;0;0;-1
0;461;-10.523;67.4151;-11.6287;9.0735;3129.05;5.45576;0;0;0.1;0.01;0;5.91013;0;0;-1
0;462;-11.7011;87.2566;-12.4378;8.5;2572.44;5.11093;0;0;0.1;0.01;0;4.7956;1;0;-1
0;463;4.39284;-91.5542;-10.5889;8.69412;2752.74;5.22765;0;0;0.1;0.01;0;3.76619;0;0;-1
0;464;1.54419;-75.9986;-12.1264;8.5;2572.44;5.11093;0;0;0.1;0.01;0;5.49013;1;0;-1
0;465;1.34564;-59.4786;-12.8573;8.86284;2916.13;5.3291;0;0;0.1;0.01;0;6.06164;0;0;-1
0;466;1.68085;-41.2605;-12.6237;9.63019;3741.05;5.79049;0;0;0.1;0.01;0;6.53541;0;0;-1
0;467;1.2662;-21.5675;-10.4633;9.21799;3280.93;5.54264;0;0;0.1;0.01;0;6.60803;0;0;-1
0;468;1.59465;-7.44375;-12.1296;8.63646;2698.34;5.19298;0;0;0.1;0.01;0;6.12618;0;0;-1
0;469;3.2789;8.17286;-12.2781;10.1133;4332.79;6.08098;0;0;0.1;0.01;0;6.21261;0;0;-1
0;470;3.18984;25.1306;-13.554;9.05314;3108.04;5.44352;0;0;0.1;0.01;0;4.723;0;0;-1
0;471;1.98736;43.7636;-10.4984;9.3009;3370.26;5.5925;0;0;0.1;0.01;0;5.57832;0;0;-1
0;472;2.33521;59.5224;-10.7538;9.45512;3540.71;5.68523;0;0;0.1;0.01;0;6.58885;0;0;-1
0;473;2.7057;76.7494;-10.3967;8.91847;2971.39;5.36255;0;0;0.1;0.01;0;6.0332;0;0;-1
0;474;3.09588;94.0417;-11.466;10.2647;4530.3;6.17202;0;0;0.1;0.01;0;4.45895;0;0;-1
0;475;18.8196;-85.1801;-10.535;9.35595;3430.46;5.6256;0;0;0.1;0.01;0;5.79949;0;0;-1
0;476;16.0715;-68.1899;-10.5172;9.47166;3559.32;5.69517;0;0;0.1;0.01;0;6.35332;0;0;-1
0;477;15.9634;-51.467;-9.87438;9.86583;4022.44;5.93218;0;0;0.1;0.01;0;5.77757;0;0;-1
0;478;15.5256;-33.3912;-10.5218;9.65096;3765.3;5.80298;0;0;0.1;0.01;0;5.74275;0;0;-1
0;479;16.0384;-16.2999;-11.4624;8.57311;2639.39;5.15489;0;0;0.1;0.01;0;5.90867;0;0;-1
0;480;16.4183;1.12062;-11.4617;9.38448;3461.94;5.64275;0;0;0.1;0.01;0;5.57926;0;0;-1
0;481;19.488;20.9003;-10.8772;9.88972;4051.73;5.94655;0;0;0.1;0.01;0;6.04963;0;0;-1
0;482;19.6246;38.1897;-13.1665;8.5;2572.44;5.11093;0;0;0.1;0.01;0;5.08541;1;0;-1
0;483;18.1828;54.5338;-11.4669;8.5;2572.44;5.11093;0;0;0.1;0.01;0;4.9331;1;0;-1
0;484;17.3054;71.4365;-10.3226;10.3965;4707.06;6.25126;0;0;0.1;0.01;0;7.11163;0;0;-1
0;485;15.6962;84.9723;-12.5737;8.5;2572.44;5.11093;0;0;0.1;0.01;0;5.45144;1;0;-1
0;486;31.9438;-93.7263;-12.043;8.83098;2884.8;5.30994;0;0;0.1;0.01;0;1.85745;0;0;-1
0;487;33.359;-76.6481;-12.3267;9.41174;3492.19;5.65914;0;0;0.1;0.01;0;5.65345;0;0;-1
0;488;32.8891;-55.3909;-10.3466;9.45135;3536.47;5.68296;0;0;0.1;0.01;0;4.99245;0;0;-1
0;489;34.1657;-38.8934;-10.1256;9.62386;3733.67;5.78669;0;0;0.1;0.01;0;6.1459;0;0;-1
0;490;31.2312;-21.3569;-12.28;9.89423;4057.28;5.94926;0;0;0.1;0.01;0;7.10898;0;0;-1
0;491;33.1398;-6.33736;-10.7811;8.88235;2935.43;5.34083;0;0;0.1;0.01;0;5.56247;0;0;-1
0;492;33.5026;11.7958;-12.9124;10.3784;4682.52;6.24038;0;0;0.1;0.01;0;7.01838;0;0;-1
0;493;31.4727;29.0525;-10.8333;9.24443;3309.25;5.55854;0;0;0.1;0.01;0;6.82075;0;0;-1
0;494;33.5359;46.2647;-13.2485;9.56238;3662.58;5.74972;0;0;0.1;0.01;0;5.98913;0;0;-1
0;495;32.7887;63.4879;-10.3691;8.6173;2680.42;5.18146;0;0;0.1;0.01;0;5.98545;0;0;-1
0;496;32.2663;79.3796;-10.1243;10.0567;4260.45;6.04695;0;0;0.1;0.01;0;6.38638;0;0;-1
0;497;45.9656;-82.9426;-10.7935;8.5;2572.44;5.11093;0;0;0.1;0.01;0;4.15387;1;0;-1
0;498;48.1306;-67.8904;-11.4504;9.53328;3629.24;5.73222;0;0;0.1;0.01;0;6.01194;0;0;-1
0;499;47.7009;-47.7315;-11.9663;9.34097;3414.01;5.61659;0;0;0.1;0.01;0;6.1149;0;0;-1
0;500;48.6137;-31.7046;-12.5224;9.05733;3112.36;5.44604;0;0;0.1;0.01;0;5.53998;0;0;-1
0;501;45.5552;-14.7361;-10.9474;9.15165;3210.6;5.50275;0;0;0.1;0.01;0;6.26719;0;0;-1
0;502;46.5936;0.435409;-11.0274;10.1585;4391.14;6.10816;0;0;0.1;0.01;0;7.44553;0;0;-1
0;503;47.7345;18.1158;-13.4345;10.1742;4411.53;6.1176;0;0;0.1;0.01;0;7.746;0;0;-1
0;504;47.9012;34.6516;-10.547;9.51622;3609.79;5.72196;0;0;0.1;0.01;0;6.42738;0;0;-1
0;505;45.9441;55.1957;-12.4976;8.5;2572.44;5.11093;0;0;0.1;0.01;0;5.01885;1;0;-1
0;506;46.2874;68.4956;-10.0142;9.24156;3306.16;5.55682;0;0;0.1;0.01;0;6.17029;0;0;-1
0;507;47.6941;85.6461;-13.0926;8.6403;2701.94;5.19529;0;0;0.1;0.01;0;2.33651;0;0;-1
0;508;61.0953;-74.249;-11.2898;10.3036;4582.01;6.19541;0;0;0.1;0.01;0;3.19788;0;0;-1
0;509;60.3071;-56.0647;-13.3008;9.61516;3723.56;5.78146;0;0;0.1;0.01;0;6.3948;0;0;-1
0;510;61.4409;-42.1479;-11.6201;9.39919;3478.24;5.6516;0;0;0.1;0.01;0;6.41262;0;0;-1
0;511;62.578;-25.7811;-11.8628;9.28468;3352.66;5.58274;0;0;0.1;0.01;0;5.8429;0;0;-1
0;512;62.7414;-7.6511;-11.5026;9.83406;3983.7;5.91308;0;0;0.1;0.01;0;6.46792;0;0;-1
0;513;60.735;9.37109;-12.811;10.2245;4477.29;6.14784;0;0;0.1;0.01;0;6.65816;0;0;-1
0;514;61.9703;28.7515;-10.2185;9.92591;4096.37;5.96831;0;0;0.1;0.01;0;6.30956;0;0;-1
0;515;62.6756;45.9867;-11.1328;9.50542;3597.51;5.71547;0;0;0.1;0.01;0;5.70293;0;0;-1
0;516;63.2354;63.591;-10.7993;10.0981;4313.28;6.07184;0;0;0.1;0.01;0;5.33311;0;0;-1
0;517;61.0478;77.921;-13.7899;8.90529;2958.24;5.35462;0;0;0.1;0.01;0;2.77271;0;0;-1
0;518;77.605;-47.5323;-10.8083;8.5;2572.44;5.11093;0;0;0.1;0.01;0;3.89118;1;0;-1
0;519;77.3326;-30.0351;-11.2426;8.60685;2670.68;5.17517;0;0;0.1;0.01;0;5.62968;0;0;-1
0;520;75.2977;-14.4416;-10.8542;10.4528;4783.95;6.28512;0;0;0.1;0.01;0;7.80183;0;0;-1
0;521;74.9437;1.12004;-10.9938;8.5;2572.44;5.11093;0;0;0.1;0.01;0;6.16605;1;0;-1
0;522;76.609;18.0111;-13.3352;8.69993;2758.26;5.23114;0;0;0.1;0.01;0;5.74937;0;0;-1
0;523;75.0682;34.8499;-12.7124;8.5;2572.44;5.11093;0;0;0.1;0.01;0;5.25376;1;0;-1
0;524;75.3431;51.4832;-10.2271;9.24246;3307.13;5.55736;0;0;0.1;0.01;0;5.72051;0;0;-1
0;525;89.5835;-22.1765;-11.9534;8.5;2572.44;5.11093;0;0;0.1;0.01;0;3.79183;1;0;-1
0;526;90.071;-4.25237;-10.1466;9.67018;3787.85;5.81454;0;0;0.1;0.01;0;4.12023;0;0;-1
0;527;89.555;12.0071;-11.0244;8.94815;3001.15;5.38039;0;0;0.1;0.01;0;4.80245;0;0;-1
0;528;89.4276;27.0305;-11.2007;8.57982;2645.59;5.15892;0;0;0.1;0.01;0;4.51255;0;0;-1
0;529;89.2365;43.5643;-9.8442;10.0381;4236.85;6.03576;0;0;0.1;0.01;0;3.2943;0;0;-1
0;530;-93.9394;-16.5778;2.39829;9.45997;3546.16;5.68814;0;0;0.1;0.01;0;3.16901;0;0;-1
0;531;-95.686;2.7276;3.43231;9.65336;3768.11;5.80443;0;0;0.1;0.01;0;3.78258;0;0;-1
0;532;-95.9086;18.6867;2.15851;10.2032;4449.36;6.13504;0;0;0.1;0.01;0;3.2382;0;0;-1
0;533;-79.6753;-55.9212;3.03883;8.5;2572.44;5.11093;0;0;0.1;0.01;0;2.64089;1;0;-1
0;534;-82.6252;-41.5208;4.68343;9.80047;3943.02;5.89288;0;0;0.1;0.01;0;4.17601;0;0;-1
0;535;-80.5962;-23.2262;2.97211;9.80139;3944.13;5.89343;0;0;0.1;0.01;0;6.45359;0;0;-1
0;536;-79.8667;-6.13459;3.72358;9.46528;3552.13;5.69134;0;0;0.1;0.01;0;5.92312;0;0;-1
0;537;-81.7959;10.3552;2.71292;8.90491;2957.86;5.35439;0;0;0.1;0.01;0;4.70727;0;0;-1
0;538;-80.6031;25.4947;1.20447;8.5;2572.44;5.11093;0;0;0.1;0.01;0;3.69575;1;0;-1
0;539;-82.6813;44.0747;2.77088;10.2457;4505.19;6.16059;0;0;0.1;0.01;0;4.42232;0;0;-1
0;540;-78.9037;61.1274;3.37037;9.4202;3501.62;5.66423;0;0;0.1;0.01;0;2.55966;0;0;-1
0;541;-63.8845;-65.5037;1.67732;8.86781;2921.04;5.33209;0;0;0.1;0.01;0;4.00844;0;0;-1
0;542;-64.2814;-47.2867;4.39744;10.2617;4526.33;6.17021;0;0;0.1;0.01;0;6.23345;0;0;-1
0;543;-68.3922;-33.0483;3.55334;8.92266;2975.58;5.36507;0;0;0.1;0.01;0;5.75971;0;0;-1
0;544;-67.7979;-14.8231;1.72082;10.4365;4761.6;6.27532;0;0;0.1;0.01;0;6.92675;0;0;-1
0;545;-67.1939;0.396833;3.73527;10.3306;4618.12;6.21164;0;0;0.1;0.01;0;6.93323;0;0;-1
0;546;-64.7294;17.1272;3.37005;10.4477;4776.95;6.28205;0;0;0.1;0.01;0;6.02003;0;0;-1
0;547;-65.1779;36.523;3.09379;10.4249;4745.74;6.26834;0;0;0.1;0.01;0;6.60311;0;0;-1
0;548;-65.5669;52.0311;3.23015;9.47993;3568.65;5.70014;0;0;0.1;0.01;0;5.47853;0;0;-1
0;549;-64.9453;70.4127;3.1705;8.5;2572.44;5.11093;0;0;0.1;0.01;0;2.34994;1;0;-1
0;550;-49.9087;-75.3365;3.2349;8.5823;2647.89;5.16041;0;0;0.1;0.01;0;5.0071;0;0;-1
0;551;-50.3429;-59.3912;4.2124;8.71413;2771.79;5.23968;0;0;0.1;0.01;0;5.50602;0;0;-1
0;552;-50.9553;-42.3336;3.33647;8.72965;2786.63;5.24901;0;0;0.1;0.01;0;5.46061;0;0;-1
0;553;-52.1166;-24.4757;3.65199;8.58632;2651.61;5.16283;0;0;0.1;0.01;0;4.18463;0;0;-1
0;554;-49.6392;-5.37857;2.1517;8.5;2572.44;5.11093;0;0;0.1;0.01;0;4.35385;1;0;-1
0;555;-52.3031;10.063;3.7575;8.5;2572.44;5.11093;0;0;0.1;0.01;0;4.98742;1;0;-1
0;556;-52.7567;25.8377;2.69869;8.5;2572.44;5.11093;0;0;0.1;0.01;0;5.48515;1;0;-1
0;557;-50.2693;42.9884;5.1177;9.8444;3996.28;5.91929;0;0;0.1;0.01;0;5.97249;0;0;-1
0;558;-50.7551;63.4598;1.83497;9.04923;3104.01;5.44117;0;0;0.1;0.01;0;5.21375;0;0;-1
0;559;-51.4559;78.118;1.28411;9.76208;3896.87;5.8698;0;0;0.1;0.01;0;4.43758;0;0;-1
0;560;-34.978;-84.0135;3.43736;9.36644;3442.01;5.6319;0;0;0.1;0.01;0;5.15528;0;0;-1
0;561;-38.5031;-67.3854;3.24781;9.15764;3216.91;5.50636;0;0;0.1;0.01;0;5.35549;0;0;-1
0;562;-36.702;-50.3901;4.12006;8.5;2572.44;5.11093;0;0;0.1;0.01;0;5.17268;1;0;-1
0;563;-35.8328;-32.6221;2.67637;9.95707;4135.07;5.98704;0;0;0.1;0.01;0;6.05334;0;0;-1
0;564;-38.0807;-14.0893;3.15424;8.97516;3028.41;5.39663;0;0;0.1;0.01;0;4.98239;0;0;-1
0;565;-36.6328;3.18096;4.03507;8.90095;2953.91;5.35201;0;0;0.1;0.01;0;5.85515;0;0;-1
0;566;-38.1393;19.9741;2.91835;10.1518;4382.46;6.10413;0;0;0.1;0.01;0;6.86641;0;0;-1
0;567;-38.1967;36.3079;1.0293;8.89588;2948.87;5.34896;0;0;0.1;0.01;0;5.93144;0;0;-1
0;568;-35.4176;50.8423;2.86334;9.82839;3976.82;5.90967;0;0;0.1;0.01;0;5.01451;0;0;-1
0;569;-35.7465;71.7392;1.34264;10.4423;4769.55;6.2788;0;0;0.1;0.01;0;6.28749;0;0;-1
0;570;-35.3296;87.892;3.28888;9.58234;3685.56;5.76172;0;0;0.1;0.01;0;5.14382;0;0;-1
0;571;-20.78;-93.6568;1.59999;9.51832;3612.18;5.72323;0;0;0.1;0.01;0;4.31232;0;0;-1
0;572;-20.5672;-76.6086;4.59699;8.53528;2604.61;5.13214;0;0;0.1;0.01;0;5.26509;0;0;-1
0;573;-23.6201;-57.6407;1.53983;9.2155;3278.27;5.54115;0;0;0.1;0.01;0;6.00504;0;0;-1
0;574;-23.2205;-40.3589;2.14183;9.25268;3318.11;5.5635;0;0;0.1;0.01;0;6.4184;0;0;-1
0;575;-21.1669;-23.0831;3.57162;8.5;2572.44;5.11093;0;0;0.1;0.01;0;5.39819;1;0;-1
0;576;-20.5812;-5.19215;3.34301;8.55675;2624.31;5.14505;0;0;0.1;0.01;0;6.15974;0;0;-1
0;577;-20.1951;9.99447;4.0718;10.1133;4332.79;6.08098;0;0;0.1;0.01;0;6.89953;0;0;-1
0;578;-23.9392;27.5259;1.88632;8.5874;2652.61;5.16348;0;0;0.1;0.01;0;3.99205;0;0;-1
0;579;-19.93;46.9988;1.83189;9.19996;3261.72;5.5318;0;0;0.1;0.01;0;4.54697;0;0;-1
0;580;-22.0292;63.3236;2.16752;9.89483;4058.01;5.94962;0;0;0.1;0.01;0;6.66011;0;0;-1
0;581;-22.1863;77.5551;1.90895;9.60554;3712.39;5.77567;0;0;0.1;0.01;0;6.19906;0;0;-1
0;582;-23.3669;96.2346;1.35538;9.90756;4073.7;5.95727;0;0;0.1;0.01;0;3.41976;0;0;-1
0;583;-7.07243;-98.9523;0.928264;10.0776;4287.06;6.05951;0;0;0.1;0.01;0;2.97443;0;0;-1
0;584;-5.64484;-81.0566;3.71477;8.73414;2790.93;5.25171;0;0;0.1;0.01;0;5.62625;0;0;-1
0;585;-9.08394;-66.6483;2.77033;10.3839;4689.97;6.24369;0;0;0.1;0.01;0;5.75182;0;0;-1
0;586;-7.63399;-49.2511;2.30978;8.64791;2709.08;5.19986;0;0;0.1;0.01;0;5.09712;0;0;-1
0;587;-7.4661;-29.9768;2.51794;9.4445;3528.79;5.67884;0;0;0.1;0.01;0;6.35297;0;0;-1
0;588;-8.78335;-14.1936;3.11593;9.71029;3835.18;5.83866;0;0;0.1;0.01;0;6.87914;0;0;-1
0;589;-7.88687;1.80879;3.77633;8.5;2572.44;5.11093;0;0;0.1;0.01;0;5.90039;1;0;-1
0;590;-6.29681;17.359;1.34166;8.51996;2590.61;5.12293;0;0;0.1;0.01;0;5.93193;0;0;-1
0;591;-6.16255;34.6539;3.70246;9.22465;3288.05;5.54665;0;0;0.1;0.01;0;5.50838;0;0;-1
0;592;-5.76454;51.8025;3.54029;8.5;2572.44;5.11093;0;0;0.1;0.01;0;5.86856;1;0;-1
0;593;-7.56719;71.7843;2.32678;10.3283;4615.04;6.21026;0;0;0.1;0.01;0;6.85542;0;0;-1
0;594;-9.20749;88.3775;3.68034;9.77079;3907.31;5.87503;0;0;0.1;0.01;0;4.9749;0;0;-1
0;595;8.04156;-92.1719;3.0981;8.71605;2773.63;5.24083;0;0;0.1;0.01;0;4.70703;0;0;-1
0;596;8.63661;-76.0923;1.82632;9.61678;3725.44;5.78243;0;0;0.1;0.01;0;7.04009;0;0;-1
0;597;5.9533;-58.9233;1.69048;10.096;4310.59;6.07058;0;0;0.1;0.01;0;6.91877;0;0;-1
0;598;7.03613;-42.7399;3.59242;9.83689;3987.15;5.91478;0;0;0.1;0.01;0;6.7266;0;0;-1
0;599;7.54842;-24.9352;1.84644;9.5353;3631.55;5.73344;0;0;0.1;0.01;0;6.50615;0;0;-1
0;600;9.3559;-8.46304;4.43919;10.1237;4346.17;6.08723;0;0;0.1;0.01;0;5.93105;0;0;-1
0;601;5.73623;10.4513;2.77457;8.89902;2951.99;5.35085;0;0;0.1;0.01;0;4.96147;0;0;-1
0;602;7.62872;25.4186;2.11726;9.91149;4078.55;5.95964;0;0;0.1;0.01;0;6.08819;0;0;-1
0;603;8.38147;44.0639;2.34964;8.5;2572.44;5.11093;0;0;0.1;0.01;0;5.04501;1;0;-1
0;604;6.91181;60.3903;1.62097;8.5;2572.44;5.11093;0;0;0.1;0.01;0;5.65782;1;0;-1
0;605;8.80198;76.5044;2.67823;8.62821;2690.61;5.18802;0;0;0.1;0.01;0;5.79811;0;0;-1
0;606;5.6131;97.9066;1.52567;9.70502;3828.93;5.83549;0;0;0.1;0.01;0;2.82553;0;0;-1
0;607;20.4566;-85.2889;2.17822;8.5;2572.44;5.11093;0;0;0.1;0.01;0;4.1531;1;0;-1
0;608;23.7053;-66.3251;2.73872;10.1485;4378.19;6.10215;0;0;0.1;0.01;0;5.92367;0;0;-1
0;609;22.3825;-47.3591;4.38459;8.61569;2678.91;5.18049;0;0;0.1;0.01;0;4.58325;0;0;-1
0;610;21.7432;-31.0898;1.47463;8.5;2572.44;5.11093;0;0;0.1;0.01;0;5.79009;1;0;-1
0;611;21.4325;-14.7065;1.49933;8.5;2572.44;5.11093;0;0;0.1;0.01;0;5.46873;1;0;-1
0;612;23.2021;4.33606;1.19586;9.49255;3582.92;5.70773;0;0;0.1;0.01;0;5.44789;0;0;-1
0;613;23.3886;20.8313;4.67364;9.56391;3664.33;5.75064;0;0;0.1;0.01;0;6.83858;0;0;-1
0;614;21.9817;37.2965;4.96608;8.5;2572.44;5.11093;0;0;0.1;0.01;0;5.65976;1;0;-1
0;615;22.7751;51.4231;3.71961;9.88732;4048.78;5.9451;0;0;0.1;0.01;0;6.64392;0;0;-1
0;616;21.1364;67.7542;1.65764;9.16445;3224.09;5.51045;0;0;0.1;0.01;0;5.95878;0;0;-1
0;617;21.4069;89.4966;1.13834;10.1186;4339.6;6.08417;0;0;0.1;0.01;0;4.04298;0;0;-1
0;618;38.0389;-75.9254;1.65845;9.44408;3528.32;5.67859;0;0;0.1;0.01;0;6.03167;0;0;-1
0;619;38.556;-59.6003;4.0273;8.64248;2703.98;5.1966;0;0;0.1;0.01;0;5.2278;0;0;-1
0;620;34.9003;-40.1468;3.41233;8.9796;3032.91;5.3993;0;0;0.1;0.01;0;5.44953;0;0;-1
0;621;35.0464;-25.7245;1.19602;9.54414;3641.66;5.73875;0;0;0.1;0.01;0;6.10661;0;0;-1
0;622;38.017;-8.85256;4.48214;9.35846;3433.22;5.62711;0;0;0.1;0.01;0;6.01239;0;0;-1
0;623;37.2355;9.08721;1.45359;9.51894;3612.89;5.7236;0;0;0.1;0.01;0;5.74667;0;0;-1
0;624;36.6634;27.2504;2.87482;9.98295;4167.4;6.0026;0;0;0.1;0.01;0;6.51406;0;0;-1
0;625;35.9282;44.5326;1.21586;10.3932;4702.58;6.24928;0;0;0.1;0.01;0;6.87894;0;0;-1
0;626;36.1007;62.7044;3.83112;10.293;4567.88;6.18903;0;0;0.1;0.01;0;7.82426;0;0;-1
0;627;37.6642;80.0002;2.52742;10.395;4705.03;6.25036;0;0;0.1;0.01;0;5.14009;0;0;-1
0;628;50.8401;-83.5295;2.90107;8.5;2572.44;5.11093;0;0;0.1;0.01;0;2.98831;1;0;-1
0;629;52.1841;-64.6087;4.04535;9.83279;3982.16;5.91231;0;0;0.1;0.01;0;5.58606;0;0;-1
0;630;50.3188;-48.4684;3.25822;10.1367;4362.93;6.09505;0;0;0.1;0.01;0;6.36255;0;0;-1
0;631;53.4019;-33.6473;4.79374;8.5;2572.44;5.11093;0;0;0.1;0.01;0;5.81167;1;0;-1
0;632;51.3836;-15.8274;2.99414;8.60239;2666.53;5.17249;0;0;0.1;0.01;0;5.11711;0;0;-1
0;633;52.1571;1.13969;2.46643;8.51441;2585.55;5.11959;0;0;0.1;0.01;0;5.43482;0;0;-1
0;634;52.3742;17.0468;1.66652;9.47502;3563.11;5.69719;0;0;0.1;0.01;0;7.31237;0;0;-1
0;635;50.1829;34.3916;2.73331;9.80689;3950.78;5.89674;0;0;0.1;0.01;0;6.23228;0;0;-1
0;636;51.3777;54.629;4.70284;8.5;2572.44;5.11093;0;0;0.1;0.01;0;5.01632;1;0;-1
0;637;50.0091;67.7081;3.26127;9.09874;3155.24;5.47094;0;0;0.1;0.01;0;4.69994;0;0;-1
0;638;68.0588;-56.0633;4.6834;9.91865;4087.39;5.96394;0;0;0.1;0.01;0;4.38702;0;0;-1
0;639;67.5909;-39.0432;2.40262;9.67029;3787.97;5.81461;0;0;0.1;0.01;0;7.0887;0;0;-1
0;640;64.7299;-24.1599;3.89685;8.59961;2663.94;5.17082;0;0;0.1;0.01;0;5.67731;0;0;-1
0;641;67.8257;-6.65442;4.42431;8.5;2572.44;5.11093;0;0;0.1;0.01;0;4.86755;1;0;-1
0;642;65.6275;12.1999;3.83483;10.2544;4516.68;6.16582;0;0;0.1;0.01;0;6.72063;0;0;-1
0;643;65.4871;25.9311;3.94089;8.5;2572.44;5.11093;0;0;0.1;0.01;0;6.09778;1;0;-1
0;644;66.9169;44.3124;4.36103;9.40417;3483.77;5.65459;0;0;0.1;0.01;0;5.6978;0;0;-1
0;645;67.4226;60.1799;4.3229;9.78995;3930.34;5.88655;0;0;0.1;0.01;0;4.46617;0;0;-1
0;646;82.33;-47.397;5.10453;9.16647;3226.23;5.51167;0;0;0.1;0.01;0;3.6744;0;0;-1
0;647;82.1701;-33.1093;3.1818;10.4059;4719.84;6.25692;0;0;0.1;0.01;0;5.82358;0;0;-1
0;648;81.396;-15.7971;3.84101;9.58771;3691.76;5.76495;0;0;0.1;0.01;0;6.49063;0;0;-1
0;649;79.7761;0.0553897;1.87729;9.17655;3236.88;5.51773;0;0;0.1;0.01;0;5.7289;0;0;-1
0;650;80.9748;18.2553;2.44743;9.17519;3235.44;5.51691;0;0;0.1;0.01;0;6.64289;0;0;-1
0;651;82.5371;36.1021;4.09381;10.3563;4652.67;6.22709;0;0;0.1;0.01;0;5.55267;0;0;-1
0;652;82.8016;55.297;4.89428;9.98006;4163.78;6.00087;0;0;0.1;0.01;0;2.85005;0;0;-1
0;653;95.8377;-23.3867;2.09955;10.372;4673.86;6.23653;0;0;0.1;0.01;0;3.6293;0;0;-1
0;654;96.3584;-7.56686;4.2238;9.30892;3378.99;5.59732;0;0;0.1;0.01;0;3.40746;0;0;-1
0;655;94.5247;12.1136;1.93547;9.59168;3696.35;5.76734;0;0;0.1;0.01;0;4.2127;0;0;-1
0;656;94.3117;26.6308;4.48222;10.0281;4224.2;6.02975;0;0;0.1;0.01;0;4.46333;0;0;-1
0;657;-86.8352;-40.7545;19.2019;10.0139;4206.28;6.02121;0;0;0.1;0.01;0;3.22238;0;0;-1
0;658;-85.0804;-21.179;18.5557;9.39531;3473.94;5.64926;0;0;0.1;0.01;0;3.28209;0;0;-1
0;659;-84.8782;-4.98872;19.27;9.9256;4095.99;5.96812;0;0;0.1;0.01;0;4.60317;0;0;-1
0;660;-86.6504;10.4809;17.1927;9.41782;3498.97;5.6628;0;0;0.1;0.01;0;4.71509;0;0;-1
0;661;-85.7228;27.1039;18.3064;8.5;2572.44;5.11093;0;0;0.1;0.01;0;3.21738;1;0;-1
0;662;-84.2572;45.3279;18.9269;8.68184;2741.09;5.22026;0;0;0.1;0.01;0;2.7289;0;0;-1
0;663;-72.1139;-63.6414;19.8421;9.46219;3548.65;5.68948;0;0;0.1;0.01;0;3.35495;0;0;-1
0;664;-70.8113;-48.5617;16.6701;9.04696;3101.68;5.43981;0;0;0.1;0.01;0;6.11215;0;0;-1
0;665;-68.9814;-33.8684;19.1869;8.5;2572.44;5.11093;0;0;0.1;0.01;0;5.46746;1;0;-1
0;666;-71.9584;-13.1844;19.0201;9.90376;4069.01;5.95499;0;0;0.1;0.01;0;7.23438;0;0;-1
0;667;-69.3907;2.17399;19.7063;9.7357;3865.36;5.85394;0;0;0.1;0.01;0;6.93279;0;0;-1
0;668;-70.2512;18.6424;19.2965;9.64972;3763.85;5.80224;0;0;0.1;0.01;0;5.80171;0;0;-1
0;669;-70.295;34.2599;16.7413;8.77909;2834.24;5.27874;0;0;0.1;0.01;0;4.32392;0;0;-1
0;670;-70.257;52.8822;16.2642;8.5;2572.44;5.11093;0;0;0.1;0.01;0;3.91617;1;0;-1
0;671;-58.0196;-74.9484;17.1204;10.065;4271;6.05194;0;0;0.1;0.01;0;4.51479;0;0;-1
0;672;-57.4995;-58.6539;18.7024;9.47117;3558.77;5.69488;0;0;0.1;0.01;0;6.43733;0;0;-1
0;673;-56.2006;-39.5351;17.4581;10.2399;4497.55;6.1571;0;0;0.1;0.01;0;7.40229;0;0;-1
0;674;-57.0827;-23.2727;16.9144;8.9323;2985.23;5.37086;0;0;0.1;0.01;0;5.73425;0;0;-1
0;675;-55.1879;-6.46365;16.0525;9.97374;4155.88;5.99707;0;0;0.1;0.01;0;6.24397;0;0;-1
0;676;-57.1253;8.61587;17.4125;8.70387;2762.01;5.23351;0;0;0.1;0.01;0;5.38434;0;0;-1
0;677;-55.383;26.7713;16.7951;9.65507;3770.12;5.80545;0;0;0.1;0.01;0;5.70921;0;0;-1
0;678;-54.9717;46.8986;18.9485;8.5;2572.44;5.11093;0;0;0.1;0.01;0;4.35307;1;0;-1
0;679;-53.9887;61.9331;18.2822;8.67427;2733.93;5.21571;0;0;0.1;0.01;0;3.80733;0;0;-1
0;680;-53.7951;78.0479;19.6578;9.60026;3706.27;5.7725;0;0;0.1;0.01;0;2.63979;0;0;-1
0;681;-41.6955;-84.618;16.8478;9.64536;3758.75;5.79962;0;0;0.1;0.01;0;4.32825;0;0;-1
0;682;-40.6308;-67.4722;17.7319;8.98447;3037.85;5.40223;0;0;0.1;0.01;0;5.5148;0;0;-1
0;683;-40.4626;-47.7797;16.7368;9.09298;3149.25;5.46748;0;0;0.1;0.01;0;5.25922;0;0;-1
0;684;-42.5261;-33.0293;18.1916;9.56256;3662.78;5.74983;0;0;0.1;0.01;0;6.35474;0;0;-1
0;685;-42.1609;-13.7601;16.4899;8.5;2572.44;5.11093;0;0;0.1;0.01;0;4.91582;1;0;-1
0;686;-39.9929;2.27775;17.7264;8.8338;2887.56;5.31164;0;0;0.1;0.01;0;5.08329;0;0;-1
0;687;-42.2113;18.6816;18.4637;8.81873;2872.81;5.30257;0;0;0.1;0.01;0;5.43364;0;0;-1
0;688;-41.1656;33.7322;18.2762;8.97255;3025.77;5.39506;0;0;0.1;0.01;0;5.19065;0;0;-1
0;689;-39.708;53.2115;18.5432;8.97931;3032.62;5.39913;0;0;0.1;0.01;0;4.73874;0;0;-1
0;690;-39.5877;71.4863;16.4008;10.2106;4459.05;6.13949;0;0;0.1;0.01;0;5.90354;0;0;-1
0;691;-41.5952;87.7462;18.5439;8.98874;3042.18;5.4048;0;0;0.1;0.01;0;2.93019;0;0;-1
0;692;-27.7609;-93.4545;16.8288;10.4523;4783.26;6.28482;0;0;0.1;0.01;0;3.97969;0;0;-1
0;693;-27.5078;-72.8541;18.4992;9.83112;3980.13;5.91131;0;0;0.1;0.01;0;6.16554;0;0;-1
0;694;-25.3698;-56.7119;16.2755;8.5;2572.44;5.11093;0;0;0.1;0.01;0;4.44975;1;0;-1
0;695;-24.5016;-40.3774;17.8455;8.88227;2935.35;5.34078;0;0;0.1;0.01;0;5.4867;0;0;-1
0;696;-28.3606;-24.7234;16.321;9.59361;3698.58;5.7685;0;0;0.1;0.01;0;6.04739;0;0;-1
0;697;-28.3778;-7.18687;16.0172;9.33032;3402.34;5.61019;0;0;0.1;0.01;0;5.29183;0;0;-1
0;698;-26.959;10.6791;16.4892;9.60486;3711.6;5.77526;0;0;0.1;0.01;0;6.09173;0;0;-1
0;699;-27.4482;28.0482;17.3636;9.05772;3112.76;5.44628;0;0;0.1;0.01;0;5.12832;0;0;-1
0;700;-25.4629;45.9285;17.6313;9.58543;3689.13;5.76358;0;0;0.1;0.01;0;5.7652;0;0;-1
0;701;-28.1552;62.0614;16.4049;9.01678;3070.74;5.42166;0;0;0.1;0.01;0;5.90418;0;0;-1
0;702;-27.4119;80.4099;16.3137;10.1887;4430.42;6.12632;0;0;0.1;0.01;0;5.89099;0;0;-1
0;703;-13.2911;-83.6094;17.6386;9.77088;3907.42;5.87509;0;0;0.1;0.01;0;5.45692;0;0;-1
0;704;-13.7333;-65.6455;17.0224;8.5;2572.44;5.11093;0;0;0.1;0.01;0;4.20888;1;0;-1
0;705;-11.1822;-47.5315;16.2695;9.7905;3931;5.88689;0;0;0.1;0.01;0;5.45032;0;0;-1
0;706;-12.355;-30.7876;19.3452;8.63701;2698.85;5.19331;0;0;0.1;0.01;0;5.76242;0;0;-1
0;707;-11.5479;-16.1906;17.4759;9.71429;3839.92;5.84106;0;0;0.1;0.01;0;6.34142;0;0;-1
0;708;-13.6694;1.66224;17.1241;10.0878;4300.09;6.06565;0;0;0.1;0.01;0;7.02304;0;0;-1
0;709;-13.1778;20.7915;16.6119;10.0841;4295.36;6.06342;0;0;0.1;0.01;0;6.27022;0;0;-1
0;710;-10.9554;37.3165;17.2937;8.97727;3030.55;5.3979;0;0;0.1;0.01;0;5.49496;0;0;-1
0;711;-10.0215;52.3607;18.3026;10.1287;4352.61;6.09024;0;0;0.1;0.01;0;6.64213;0;0;-1
0;712;-11.6705;68.4257;18.3676;8.59754;2662.02;5.16958;0;0;0.1;0.01;0;5.20821;0;0;-1
0;713;-11.0538;85.2585;18.6686;8.5;2572.44;5.11093;0;0;0.1;0.01;0;3.73708;1;0;-1
0;714;1.68297;-91.9832;17.4336;10.248;4508.23;6.16197;0;0;0.1;0.01;0;3.90897;0;0;-1
0;715;4.58369;-72.271;15.982;8.68782;2746.76;5.22386;0;0;0.1;0.01;0;5.15348;0;0;-1
0;716;2.81975;-56.9697;17.3334;8.5;2572.44;5.11093;0;0;0.1;0.01;0;5.54449;1;0;-1
0;717;2.96359;-39.8528;16.6708;9.887;4048.39;5.94491;0;0;0.1;0.01;0;6.58547;0;0;-1
0;718;2.38537;-24.4663;16.4687;8.82136;2875.38;5.30416;0;0;0.1;0.01;0;5.63541;0;0;-1
0;719;4.97772;-8.37157;17.1092;8.57217;2638.52;5.15432;0;0;0.1;0.01;0;4.74315;0;0;-1
0;720;4.17168;9.64849;16.3827;9.89258;4055.25;5.94826;0;0;0.1;0.01;0;4.89248;0;0;-1
0;721;2.15985;28.5102;16.6415;9.95865;4137.04;5.98799;0;0;0.1;0.01;0;6.24883;0;0;-1
0;722;2.53434;46.1898;15.6191;8.5982;2662.63;5.16997;0;0;0.1;0.01;0;5.8022;0;0;-1
0;723;2.6627;63.4016;15.8923;10.4039;4717.12;6.25571;0;0;0.1;0.01;0;6.7119;0;0;-1
0;724;0.9962;77.9667;15.9346;8.66392;2724.16;5.20949;0;0;0.1;0.01;0;5.68433;0;0;-1
0;725;4.69842;93.0901;17.7745;8.70908;2766.98;5.23664;0;0;0.1;0.01;0;2.89413;0;0;-1
0;726;17.7772;-82.3792;17.1043;10.0453;4245.97;6.04009;0;0;0.1;0.01;0;5.13108;0;0;-1
0;727;15.7999;-64.4163;16.3821;8.5;2572.44;5.11093;0;0;0.1;0.01;0;4.94386;1;0;-1
0;728;16.0234;-50.0851;18.3096;9.61978;3728.93;5.78423;0;0;0.1;0.01;0;5.55342;0;0;-1
0;729;18.9343;-33.9818;18.1055;8.5;2572.44;5.11093;0;0;0.1;0.01;0;4.31479;1;0;-1
0;730;18.3536;-17.0169;17.3422;9.30503;3374.75;5.59498;0;0;0.1;0.01;0;5.77514;0;0;-1
0;731;17.462;2.7202;18.4863;8.54447;2613.03;5.13767;0;0;0.1;0.01;0;4.73897;0;0;-1
0;732;16.5772;21.1388;16.2195;9.14026;3198.63;5.49591;0;0;0.1;0.01;0;6.27615;0;0;-1
0;733;16.5149;37.0706;17.445;8.88866;2941.69;5.34462;0;0;0.1;0.01;0;5.88697;0;0;-1
0;734;19.669;52.9321;17.6986;8.85858;2911.93;5.32654;0;0;0.1;0.01;0;5.16836;0;0;-1
0;735;16.414;69.7729;17.387;8.51644;2587.4;5.12081;0;0;0.1;0.01;0;5.15628;0;0;-1
0;736;17.9142;85.6734;16.4548;9.17315;3233.29;5.51568;0;0;0.1;0.01;0;3.56801;0;0;-1
0;737;33.1777;-92.4883;15.9398;9.05955;3114.64;5.44738;0;0;0.1;0.01;0;1.6887;0;0;-1
0;738;33.7882;-73.7664;16.0996;9.51316;3606.31;5.72013;0;0;0.1;0.01;0;5.4778;0;0;-1
0;739;33.1793;-55.2461;18.0161;9.15668;3215.9;5.50578;0;0;0.1;0.01;0;4.54198;0;0;-1
0;740;33.6523;-39.025;18.0745;8.5;2572.44;5.11093;0;0;0.1;0.01;0;5.33006;1;0;-1
0;741;31.4374;-24.486;16.338;9.37929;3456.2;5.63963;0;0;0.1;0.01;0;6.48241;0;0;-1
0;742;30.71;-8.06028;18.6005;9.30862;3378.66;5.59714;0;0;0.1;0.01;0;5.49727;0;0;-1
0;743;30.5305;11.5661;17.0201;8.87722;2930.35;5.33774;0;0;0.1;0.01;0;5.13259;0;0;-1
0;744;32.0957;26.8767;16.7623;8.78131;2836.39;5.28007;0;0;0.1;0.01;0;5.40274;0;0;-1
0;745;33.2197;45.768;16.5236;8.5;2572.44;5.11093;0;0;0.1;0.01;0;5.2893;1;0;-1
0;746;30.486;63.4337;19.4763;9.08213;3137.99;5.46095;0;0;0.1;0.01;0;6.816;0;0;-1
0;747;30.6495;77.8142;17.8495;9.25776;3323.58;5.56656;0;0;0.1;0.01;0;5.18468;0;0;-1
0;748;45.3114;-81.2481;16.0931;9.99665;4184.58;6.01084;0;0;0.1;0.01;0;4.70855;0;0;-1
0;749;48.9063;-67.6371;17.0069;8.61752;2680.62;5.18159;0;0;0.1;0.01;0;5.08427;0;0;-1
0;750;47.513;-48.1656;18.591;8.5;2572.44;5.11093;0;0;0.1;0.01;0;4.60401;1;0;-1
0;751;46.7628;-31.8995;16.6174;9.52674;3621.78;5.72829;0;0;0.1;0.01;0;6.82949;0;0;-1
0;752;46.3584;-15.3182;17.5048;9.96599;4146.2;5.99241;0;0;0.1;0.01;0;6.40102;0;0;-1
0;753;46.2057;4.39599;19.4798;9.61473;3723.06;5.7812;0;0;0.1;0.01;0;5.43004;0;0;-1
0;754;48.7902;20.4714;17.3387;9.77667;3914.37;5.87857;0;0;0.1;0.01;0;6.22925;0;0;-1
0;755;46.862;34.8803;18.98;8.5;2572.44;5.11093;0;0;0.1;0.01;0;5.23529;1;0;-1
0;756;45.084;54.0893;16.5894;10.1386;4365.39;6.09619;0;0;0.1;0.01;0;6.57438;0;0;-1
0;757;46.9772;68.9796;17.7763;8.7934;2848.13;5.28734;0;0;0.1;0.01;0;5.04282;0;0;-1
0;758;45.9395;86.0464;19.6699;8.5;2572.44;5.11093;0;0;0.1;0.01;0;1.28337;1;0;-1
0;759;61.2225;-75.4434;17.4891;9.74749;3879.42;5.86102;0;0;0.1;0.01;0;2.82184;0;0;-1
0;760;62.3023;-57.9524;18.1614;8.5;2572.44;5.11093;0;0;0.1;0.01;0;4.94934;1;0;-1
0;761;62.5616;-38.7144;16.7037;10.097;4311.87;6.07118;0;0;0.1;0.01;0;7.49584;0;0;-1
0;762;60.4213;-24.2815;16.512;9.90118;4065.83;5.95344;0;0;0.1;0.01;0;7.54577;0;0;-1
0;763;60.3769;-7.4011;16.7458;8.93108;2984.01;5.37013;0;0;0.1;0.01;0;4.80999;0;0;-1
0;764;62.4569;10.6026;16.9692;9.45392;3539.36;5.6845;0;0;0.1;0.01;0;5.78011;0;0;-1
0;765;61.687;28.5331;16.4743;10.2254;4478.47;6.14838;0;0;0.1;0.01;0;7.22218;0;0;-1
0;766;61.8705;45.2097;19.0396;8.67367;2733.36;5.21535;0;0;0.1;0.01;0;6.07995;0;0;-1
0;767;62.2926;63.6355;19.0484;10.0225;4217.13;6.02638;0;0;0.1;0.01;0;4.83356;0;0;-1
0;768;75.9036;-50.2073;19.5096;8.70096;2759.24;5.23176;0;0;0.1;0.01;0;3.01487;0;0;-1
0;769;76.0491;-33.479;18.3423;10.0886;4301.12;6.06613;0;0;0.1;0.01;0;6.13311;0;0;-1
0;770;77.6179;-16.9515;16.7441;8.5;2572.44;5.11093;0;0;0.1;0.01;0;4.96213;1;0;-1
0;771;74.8853;0.851845;19.4113;8.71841;2775.88;5.24225;0;0;0.1;0.01;0;4.44495;0;0;-1
0;772;76.4887;20.1065;16.187;9.82373;3971.16;5.90687;0;0;0.1;0.01;0;6.53742;0;0;-1
0;773;74.8203;37.9222;19.0723;10.3722;4674.14;6.23665;0;0;0.1;0.01;0;6.73546;0;0;-1
0;774;76.5243;52.4255;18.7596;8.77615;2831.4;5.27697;0;0;0.1;0.01;0;4.58106;0;0;-1
0;775;91.5302;-22.0699;18.6379;9.7875;3927.39;5.88508;0;0;0.1;0.01;0;4.34489;0;0;-1
0;776;92.7483;-7.35506;19.9332;8.5;2572.44;5.11093;0;0;0.1;0.01;0;2.61954;1;0;-1
0;777;91.6986;9.32554;16.2189;9.05672;3111.73;5.44567;0;0;0.1;0.01;0;2.52718;0;0;-1
0;778;89.4663;26.8421;17.3941;9.35384;3428.14;5.62433;0;0;0.1;0.01;0;4.07902;0;0;-1
0;779;-93.5878;2.40935;34.5653;8.55786;2625.33;5.14572;0;0;0.1;0.01;0;2.84564;0;0;-1
0;780;-82.0411;-39.7098;31.633;9.85962;4014.85;5.92845;0;0;0.1;0.01;0;3.15445;0;0;-1
0;781;-79.6852;-25.0876;32.4551;9.32437;3395.84;5.60661;0;0;0.1;0.01;0;4.25256;0;0;-1
0;782;-79.0015;-6.08902;34.0234;9.22038;3283.49;5.54408;0;0;0.1;0.01;0;5.97837;0;0;-1
0;783;-80.181;10.044;31.8149;8.73128;2788.19;5.24999;0;0;0.1;0.01;0;4.89512;0;0;-1
0;784;-82.7009;25.8685;30.9214;9.40262;3482.05;5.65366;0;0;0.1;0.01;0;2.74819;0;0;-1
0;785;-79.902;46.0366;31.3477;8.54151;2610.31;5.13589;0;0;0.1;0.01;0;2.20404;0;0;-1
0;786;-65.9584;-66.8908;33.954;9.46889;3556.2;5.69351;0;0;0.1;0.01;0;3.41823;0;0;-1
0;787;-66.6254;-47.6787;32.2383;9.70994;3834.76;5.83845;0;0;0.1;0.01;0;4.79023;0;0;-1
0;788;-64.3043;-30.7689;34.2051;9.95636;4134.19;5.98661;0;0;0.1;0.01;0;6.55759;0;0;-1
0;789;-66.7765;-15.5646;31.0209;8.5;2572.44;5.11093;0;0;0.1;0.01;0;5.95261;1;0;-1
0;790;-65.6099;0.0159585;34.1222;8.9441;2997.08;5.37796;0;0;0.1;0.01;0;5.98674;0;0;-1
0;791;-66.5524;18.1278;33.8932;8.5;2572.44;5.11093;0;0;0.1;0.01;0;4.4298;1;0;-1
0;792;-64.4078;35.1715;31.6531;8.58667;2651.94;5.16304;0;0;0.1;0.01;0;4.16638;0;0;-1
0;793;-66.8387;53.0608;33.2029;9.91933;4088.23;5.96435;0;0;0.1;0.01;0;3.57412;0;0;-1
0;794;-53.1863;-73.3244;30.619;10.1149;4334.84;6.08194;0;0;0.1;0.01;0;4.85237;0;0;-1
0;795;-50.1854;-58.7156;30.9861;9.48167;3570.62;5.70119;0;0;0.1;0.01;0;6.02574;0;0;-1
0;796;-49.8372;-38.3987;31.6498;9.72083;3847.68;5.84499;0;0;0.1;0.01;0;6.12864;0;0;-1
0;797;-52.8079;-21.2974;31.1219;8.5;2572.44;5.11093;0;0;0.1;0.01;0;4.91616;1;0;-1
0;798;-52.7031;-7.28907;34.192;9.66627;3783.25;5.81219;0;0;0.1;0.01;0;4.4778;0;0;-1
0;799;-51.6657;11.867;31.7839;8.5;2572.44;5.11093;0;0;0.1;0.01;0;4.16123;1;0;-1
0;800;-50.7113;29.4023;32.6064;8.5;2572.44;5.11093;0;0;0.1;0.01;0;5.23809;1;0;-1
0;801;-52.7784;43.3409;33.1323;8.5;2572.44;5.11093;0;0;0.1;0.01;0;5.24228;1;0;-1
0;802;-51.6429;60.0651;33.9721;8.5;2572.44;5.11093;0;0;0.1;0.01;0;4.23894;1;0;-1
0;803;-35.6441;-85.3953;34.2827;10.1766;4414.65;6.11904;0;0;0.1;0.01;0;3.63757;0;0;-1
0;804;-37.9992;-66.376;31.2853;8.5;2572.44;5.11093;0;0;0.1;0.01;0;4.55965;1;0;-1
0;805;-37.9462;-47.2914;33.1276;9.74583;3877.44;5.86003;0;0;0.1;0.01;0;5.9662;0;0;-1
0;806;-34.4736;-33.033;33.0295;10.2533;4515.23;6.16516;0;0;0.1;0.01;0;6.5213;0;0;-1
0;807;-35.178;-16.2796;32.7192;8.8572;2910.57;5.32571;0;0;0.1;0.01;0;4.12997;0;0;-1
0;808;-35.335;2.98137;32.2964;8.80953;2863.83;5.29704;0;0;0.1;0.01;0;4.53465;0;0;-1
0;809;-38.3076;17.6744;32.7597;8.96634;3019.49;5.39133;0;0;0.1;0.01;0;4.90013;0;0;-1
0;810;-36.9793;37.9453;31.6578;9.65063;3764.92;5.80278;0;0;0.1;0.01;0;6.08253;0;0;-1
0;811;-36.8438;52.4695;32.4197;8.9865;3039.91;5.40345;0;0;0.1;0.01;0;5.22361;0;0;-1
0;812;-37.9042;69.1978;32.1262;8.5;2572.44;5.11093;0;0;0.1;0.01;0;3.35607;1;0;-1
0;813;-20.9669;-91.0239;34.0188;9.86408;4020.3;5.93113;0;0;0.1;0.01;0;3.76562;0;0;-1
0;814;-22.9259;-74.3006;32.2316;8.5;2572.44;5.11093;0;0;0.1;0.01;0;5.11995;1;0;-1
0;815;-22.8352;-57.0564;34.4203;8.61747;2680.57;5.18156;0;0;0.1;0.01;0;4.5862;0;0;-1
0;816;-21.8587;-42.7468;31.8945;8.61331;2676.69;5.17906;0;0;0.1;0.01;0;5.68041;0;0;-1
0;817;-20.4337;-21.6649;31.3797;8.5;2572.44;5.11093;0;0;0.1;0.01;0;3.95914;1;0;-1
0;818;-20.9558;-4.75563;34.0445;9.37895;3455.82;5.63943;0;0;0.1;0.01;0;5.90107;0;0;-1
0;819;-21.7905;11.1926;31.6471;8.93559;2988.53;5.37284;0;0;0.1;0.01;0;5.87622;0;0;-1
0;820;-22.9965;29.3689;33.778;9.49202;3582.32;5.70741;0;0;0.1;0.01;0;5.55418;0;0;-1
0;821;-20.738;44.2971;33.8126;9.19925;3260.96;5.53138;0;0;0.1;0.01;0;6.29431;0;0;-1
0;822;-20.431;59.698;30.9828;8.65751;2718.11;5.20564;0;0;0.1;0.01;0;5.12076;0;0;-1
0;823;-21.7727;76.7151;32.6763;10.0526;4255.24;6.04448;0;0;0.1;0.01;0;4.73907;0;0;-1
0;824;-6.81939;-81.4818;33.0063;10.2345;4490.44;6.15386;0;0;0.1;0.01;0;5.73606;0;0;-1
0;825;-7.58257;-65.8487;32.0418;9.11861;3175.96;5.48289;0;0;0.1;0.01;0;4.8524;0;0;-1
0;826;-8.80807;-46.9398;30.7932;9.1191;3176.47;5.48318;0;0;0.1;0.01;0;5.15111;0;0;-1
0;827;-5.46292;-32.6304;31.177;8.5;2572.44;5.11093;0;0;0.1;0.01;0;4.7438;1;0;-1
0;828;-8.84404;-13.1786;31.5899;10.4144;4731.42;6.26203;0;0;0.1;0.01;0;6.59131;0;0;-1
0;829;-7.46424;3.47573;31.9523;9.30981;3379.96;5.59785;0;0;0.1;0.01;0;6.08549;0;0;-1
0;830;-6.8524;21.0011;33.6329;10.0649;4270.88;6.05188;0;0;0.1;0.01;0;5.67617;0;0;-1
0;831;-7.47965;37.7958;34.0875;9.13604;3194.2;5.49337;0;0;0.1;0.01;0;6.14378;0;0;-1
0;832;-5.85068;51.7234;33.6884;8.5;2572.44;5.11093;0;0;0.1;0.01;0;5.49166;1;0;-1
0;833;-7.20299;69.7868;32.3986;8.73803;2794.66;5.25405;0;0;0.1;0.01;0;4.3491;0;0;-1
0;834;-6.78311;88.651;31.1328;8.56897;2635.57;5.1524;0;0;0.1;0.01;0;2.16809;0;0;-1
0;835;8.24518;-89.439;34.6647;8.757;2812.9;5.26546;0;0;0.1;0.01;0;3.18103;0;0;-1
0;836;7.70387;-74.4735;32.4968;10.4534;4784.77;6.28548;0;0;0.1;0.01;0;7.03355;0;0;-1
0;837;6.34362;-58.9488;31.8146;8.79873;2853.31;5.29055;0;0;0.1;0.01;0;5.10278;0;0;-1
0;838;8.48903;-42.9129;33.2013;10.0561;4259.68;6.04659;0;0;0.1;0.01;0;6.7515;0;0;-1
0;839;6.86372;-23.8851;32.7517;8.90408;2957.03;5.35389;0;0;0.1;0.01;0;4.87928;0;0;-1
0;840;7.20971;-6.04529;33.7218;9.87605;4034.95;5.93833;0;0;0.1;0.01;0;6.05098;0;0;-1
0;841;5.65043;8.79024;34.3826;9.10205;3158.68;5.47293;0;0;0.1;0.01;0;4.74244;0;0;-1
0;842;8.33702;27.8173;31.0501;9.25309;3318.55;5.56375;0;0;0.1;0.01;0;5.15975;0;0;-1
0;843;6.79223;42.893;30.586;10.1876;4428.99;6.12566;0;0;0.1;0.01;0;6.42103;0;0;-1
0;844;8.63809;61.576;30.903;8.68436;2743.48;5.22178;0;0;0.1;0.01;0;4.75674;0;0;-1
0;845;9.12205;78.936;31.902;9.46328;3549.88;5.69013;0;0;0.1;0.01;0;4.70519;0;0;-1
0;846;23.1422;-82.6639;33.8549;9.93443;4106.93;5.97343;0;0;0.1;0.01;0;4.76661;0;0;-1
0;847;22.6481;-67.9661;33.0062;9.85623;4010.71;5.92641;0;0;0.1;0.01;0;5.40329;0;0;-1
0;848;23.8692;-47.7314;33.3878;8.90151;2954.47;5.35235;0;0;0.1;0.01;0;5.89622;0;0;-1
0;849;21.136;-32.2893;32.4688;10.1635;4397.63;6.11117;0;0;0.1;0.01;0;7.03986;0;0;-1
0;850;22.1161;-14.0051;32.2153;10.1553;4386.99;6.10623;0;0;0.1;0.01;0;6.79495;0;0;-1
0;851;22.3354;0.48188;30.9363;8.92445;2977.37;5.36614;0;0;0.1;0.01;0;5.12714;0;0;-1
0;852;23.0053;19.3355;30.484;9.06881;3124.2;5.45294;0;0;0.1;0.01;0;4.82323;0;0;-1
0;853;22.1098;37.5587;33.989;9.3486;3422.38;5.62118;0;0;0.1;0.01;0;5.73787;0;0;-1
0;854;23.7954;51.3878;32.5757;9.90615;4071.96;5.95642;0;0;0.1;0.01;0;6.81372;0;0;-1
0;855;22.3259;68.7575;31.0009;8.75237;2808.44;5.26267;0;0;0.1;0.01;0;5.90267;0;0;-1
0;856;20.8594;89.3913;34.2214;9.34689;3420.5;5.62015;0;0;0.1;0.01;0;1.60259;0;0;-1
0;857;35.7835;-74.7239;32.7944;8.5;2572.44;5.11093;0;0;0.1;0.01;0;3.42723;1;0;-1
0;858;37.1868;-55.0853;32.8412;9.55435;3653.36;5.74489;0;0;0.1;0.01;0;5.76184;0;0;-1
0;859;35.5736;-38.4139;30.8909;8.5;2572.44;5.11093;0;0;0.1;0.01;0;5.31028;1;0;-1
0;860;37.4995;-21.981;32.1865;8.5;2572.44;5.11093;0;0;0.1;0.01;0;4.75573;1;0;-1
0;861;35.901;-4.81399;33.2089;9.17157;3231.62;5.51473;0;0;0.1;0.01;0;5.72568;0;0;-1
0;862;38.7395;9.35647;32.4898;8.59517;2659.82;5.16815;0;0;0.1;0.01;0;4.91352;0;0;-1
0;863;38.1035;25.5614;33.0006;9.81869;3965.06;5.90384;0;0;0.1;0.01;0;5.5929;0;0;-1
0;864;38.3499;43.1656;33.0899;9.76301;3897.98;5.87036;0;0;0.1;0.01;0;6.01958;0;0;-1
0;865;35.3799;61.8639;33.7053;9.76121;3895.83;5.86927;0;0;0.1;0.01;0;6.62483;0;0;-1
0;866;36.8559;77.2509;32.1643;10.0224;4217;6.02632;0;0;0.1;0.01;0;5.23593;0;0;-1
0;867;52.8277;-64.6674;31.9346;9.06145;3116.6;5.44852;0;0;0.1;0.01;0;3.97398;0;0;-1
0;868;53.1666;-49.3377;32.1231;9.43641;3519.73;5.67398;0;0;0.1;0.01;0;5.6564;0;0;-1
0;869;52.0688;-33.3855;32.4043;9.52844;3623.71;5.72931;0;0;0.1;0.01;0;6.14006;0;0;-1
0;870;51.5461;-17.3166;31.5975;9.93219;4104.15;5.97208;0;0;0.1;0.01;0;6.32101;0;0;-1
0;871;53.2142;0.912873;33.8738;10.0205;4214.6;6.02518;0;0;0.1;0.01;0;6.86797;0;0;-1
0;872;52.4613;17.822;33.3855;8.9672;3020.36;5.39185;0;0;0.1;0.01;0;6.01679;0;0;-1
0;873;53.4708;38.1471;32.2439;8.9671;3020.26;5.39179;0;0;0.1;0.01;0;6.03485;0;0;-1
0;874;53.2661;53.1808;33.3257;9.60563;3712.5;5.77573;0;0;0.1;0.01;0;6.96875;0;0;-1
0;875;51.4261;68.3287;32.4203;9.14929;3208.12;5.50134;0;0;0.1;0.01;0;4.86798;0;0;-1
0;876;67.2588;-58.0713;32.4289;8.83388;2887.64;5.31168;0;0;0.1;0.01;0;3.29215;0;0;-1
0;877;67.6956;-38.6051;31.5533;9.31078;3381.01;5.59844;0;0;0.1;0.01;0;5.34523;0;0;-1
0;878;66.3883;-21.8167;31.9661;9.12977;3187.63;5.4896;0;0;0.1;0.01;0;5.27207;0;0;-1
0;879;66.9428;-4.76909;32.6253;9.85842;4013.38;5.92772;0;0;0.1;0.01;0;5.72638;0;0;-1
0;880;67.2137;10.3571;32.975;8.94914;3002.15;5.38099;0;0;0.1;0.01;0;6.55278;0;0;-1
0;881;66.2128;28.0131;33.7836;8.61621;2679.4;5.1808;0;0;0.1;0.01;0;5.82139;0;0;-1
0;882;67.3181;45.6435;31.0906;9.11558;3172.79;5.48107;0;0;0.1;0.01;0;6.4665;0;0;-1
0;883;67.0156;59.4982;32.0777;9.87652;4035.53;5.93861;0;0;0.1;0.01;0;4.75605;0;0;-1
0;884;79.9433;-30.2562;33.8309;9.91075;4077.63;5.95919;0;0;0.1;0.01;0;4.39824;0;0;-1
0;885;80.1754;-15.9639;30.721;8.8039;2858.34;5.29366;0;0;0.1;0.01;0;4.50647;0;0;-1
0;886;79.6576;3.68734;33.5521;10.0827;4293.58;6.06258;0;0;0.1;0.01;0;4.94927;0;0;-1
0;887;80.7154;19.6985;34.1945;8.73611;2792.82;5.2529;0;0;0.1;0.01;0;3.84941;0;0;-1
0;888;80.5449;33.6371;31.9238;8.98096;3034.29;5.40012;0;0;0.1;0.01;0;4.25772;0;0;-1
0;889;-86.3539;-6.44331;47.2364;9.7781;3916.08;5.87943;0;0;0.1;0.01;0;3.24468;0;0;-1
0;890;-85.6603;9.85672;47.7971;10.4049;4718.48;6.25632;0;0;0.1;0.01;0;3.02331;0;0;-1
0;891;-69.0184;-49.9852;48.7942;10.4318;4755.17;6.27249;0;0;0.1;0.01;0;2.88058;0;0;-1
0;892;-69.3932;-33.747;47.9888;8.5;2572.44;5.11093;0;0;0.1;0.01;0;4.09248;1;0;-1
0;893;-69.3638;-13.3657;47.696;9.91875;4087.52;5.964;0;0;0.1;0.01;0;5.72603;0;0;-1
0;894;-71.5183;0.836783;46.7794;8.91111;2964.04;5.35812;0;0;0.1;0.01;0;5.62225;0;0;-1
0;895;-68.5685;18.0378;47.0527;8.75571;2811.66;5.26468;0;0;0.1;0.01;0;3.93432;0;0;-1
0;896;-70.579;36.4576;49.3646;9.25688;3322.63;5.56603;0;0;0.1;0.01;0;1.72435;0;0;-1
0;897;-56.6385;-59.6056;46.1498;8.92538;2978.3;5.3667;0;0;0.1;0.01;0;4.1024;0;0;-1
0;898;-57.0569;-39.133;47.6043;9.30218;3371.65;5.59327;0;0;0.1;0.01;0;5.77666;0;0;-1
0;899;-57.0512;-23.265;47.256;8.5;2572.44;5.11093;0;0;0.1;0.01;0;5.45192;1;0;-1
0;900;-56.8232;-6.91418;48.8078;9.56046;3660.37;5.74857;0;0;0.1;0.01;0;5.90502;0;0;-1
0;901;-54.5972;12.7567;45.9865;8.6949;2753.48;5.22812;0;0;0.1;0.01;0;4.42051;0;0;-1
0;902;-57.7023;29.7366;45.984;8.5;2572.44;5.11093;0;0;0.1;0.01;0;4.65832;1;0;-1
0;903;-56.304;45.9415;47.0304;8.5;2572.44;5.11093;0;0;0.1;0.01;0;4.4602;1;0;-1
0;904;-54.4388;61.2999;46.4161;8.73256;2789.42;5.25076;0;0;0.1;0.01;0;3.49976;0;0;-1
0;905;-40.6533;-64.3814;45.8757;8.77308;2828.43;5.27513;0;0;0.1;0.01;0;3.66516;0;0;-1
0;906;-40.4053;-50.5774;48.208;9.14813;3206.9;5.50064;0;0;0.1;0.01;0;5.15935;0;0;-1
0;907;-43.2001;-30.0705;46.0938;10.1709;4407.24;6.11561;0;0;0.1;0.01;0;6.05426;0;0;-1
0;908;-41.5104;-14.2962;49.0786;8.5;2572.44;5.11093;0;0;0.1;0.01;0;4.99004;1;0;-1
0;909;-41.6418;0.771702;49.2616;8.65928;2719.78;5.2067;0;0;0.1;0.01;0;4.59971;0;0;-1
0;910;-42.0969;16.7777;48.2735;10.2808;4551.66;6.1817;0;0;0.1;0.01;0;5.92357;0;0;-1
0;911;-42.3294;35.8763;45.227;8.59133;2656.26;5.16584;0;0;0.1;0.01;0;4.9495;0;0;-1
0;912;-41.2201;53.2385;48.9028;10.1348;4360.48;6.09391;0;0;0.1;0.01;0;6.53537;0;0;-1
0;913;-42.4861;69.7212;48.0951;9.85071;4003.97;5.92309;0;0;0.1;0.01;0;4.23831;0;0;-1
0;914;-27.8309;-76.7461;46.7414;9.0812;3137.03;5.46039;0;0;0.1;0.01;0;2.96096;0;0;-1
0;915;-26.1688;-55.507;48.3153;8.59395;2658.69;5.16742;0;0;0.1;0.01;0;5.99458;0;0;-1
0;916;-27.6842;-41.4909;46.5299;9.63897;3751.29;5.79577;0;0;0.1;0.01;0;7.577;0;0;-1
0;917;-28.0334;-24.2555;49.4416;8.5;2572.44;5.11093;0;0;0.1;0.01;0;4.805;1;0;-1
0;918;-25.7028;-8.79494;47.3251;8.5;2572.44;5.11093;0;0;0.1;0.01;0;4.63689;1;0;-1
0;919;-26.6728;12.0271;46.5394;9.92574;4096.16;5.9682;0;0;0.1;0.01;0;5.7775;0;0;-1
0;920;-26.9561;29.5827;48.5566;10.2075;4454.99;6.13762;0;0;0.1;0.01;0;7.06247;0;0;-1
0;921;-26.3544;45.1511;48.838;9.22863;3292.31;5.54904;0;0;0.1;0.01;0;6.11758;0;0;-1
0;922;-25.8916;60.879;46.5207;10.3198;4603.65;6.20515;0;0;0.1;0.01;0;6.87428;0;0;-1
0;923;-25.5701;79.3372;48.5022;9.1597;3219.08;5.50759;0;0;0.1;0.01;0;3.17602;0;0;-1
0;924;-12.3609;-80.7875;46.0161;8.874;2927.16;5.33581;0;0;0.1;0.01;0;3.07104;0;0;-1
0;925;-11.8853;-64.6869;47.9612;8.62741;2689.86;5.18754;0;0;0.1;0.01;0;4.45564;0;0;-1
0;926;-13.4928;-47.9737;46.5713;10.3686;4669.27;6.23449;0;0;0.1;0.01;0;7.51968;0;0;-1
0;927;-12.6909;-33.5695;49.1091;10.005;4195.08;6.01586;0;0;0.1;0.01;0;5.8821;0;0;-1
0;928;-11.4148;-13.8851;48.6904;9.93402;4106.42;5.97318;0;0;0.1;0.01;0;6.77168;0;0;-1
0;929;-11.038;0.271718;46.1078;9.49154;3581.78;5.70713;0;0;0.1;0.01;0;6.65043;0;0;-1
0;930;-13.1773;19.5088;47.865;10.0132;4205.4;6.02079;0;0;0.1;0.01;0;6.25827;0;0;-1
0;931;-11.2555;37.0935;49.0597;8.84922;2902.71;5.32091;0;0;0.1;0.01;0;6.45146;0;0;-1
0;932;-12.2013;52.5439;48.7861;9.02879;3083.03;5.42888;0;0;0.1;0.01;0;7.20898;0;0;-1
0;933;-11.7525;69.7889;48.0777;10.1432;4371.33;6.09896;0;0;0.1;0.01;0;5.8691;0;0;-1
0;934;-12.8166;86.6157;47.9912;8.5;2572.44;5.11093;0;0;0.1;0.01;0;1.66647;1;0;-1
0;935;2.05876;-73.1381;45.8865;8.5;2572.44;5.11093;0;0;0.1;0.01;0;4.91272;1;0;-1
0;936;1.61215;-59.4378;46.6218;8.99434;3047.87;5.40817;0;0;0.1;0.01;0;5.60815;0;0;-1
0;937;2.35555;-42.2777;46.9568;9.40872;3488.83;5.65733;0;0;0.1;0.01;0;5.65096;0;0;-1
0;938;1.44442;-22.4106;48.5059;9.3869;3464.62;5.64421;0;0;0.1;0.01;0;5.82044;0;0;-1
0;939;4.30798;-5.38836;49.0455;9.50215;3593.8;5.7135;0;0;0.1;0.01;0;6.81236;0;0;-1
0;940;3.22347;8.8664;49.2376;9.40384;3483.41;5.65439;0;0;0.1;0.01;0;5.80878;0;0;-1
0;941;1.82525;29.6358;47.3222;8.5;2572.44;5.11093;0;0;0.1;0.01;0;5.05013;1;0;-1
0;942;1.08409;45.5438;47.6007;8.53776;2606.88;5.13363;0;0;0.1;0.01;0;6.17136;0;0;-1
0;943;1.49013;60.6222;45.6719;9.03964;3094.15;5.4354;0;0;0.1;0.01;0;5.43628;0;0;-1
0;944;4.93266;79.7283;48.6583;10.1102;4328.8;6.07912;0;0;0.1;0.01;0;3.00581;0;0;-1
0;945;18.9288;-84.4731;48.8927;8.82496;2878.9;5.30632;0;0;0.1;0.01;0;1.95533;0;0;-1
0;946;18.2815;-65.9324;46.7123;9.13393;3191.99;5.4921;0;0;0.1;0.01;0;4.69405;0;0;-1
0;947;16.9273;-49.4156;46.2887;8.5;2572.44;5.11093;0;0;0.1;0.01;0;4.61274;1;0;-1
0;948;19.3958;-34.4004;45.9307;10.2763;4545.68;6.17899;0;0;0.1;0.01;0;6.56719;0;0;-1
0;949;16.1475;-14.8605;48.4596;9.22523;3288.67;5.547;0;0;0.1;0.01;0;6.34148;0;0;-1
0;950;18.7787;1.80086;48.5203;8.50641;2578.26;5.11478;0;0;0.1;0.01;0;5.65833;0;0;-1
0;951;17.3906;17.4878;46.7728;9.55479;3653.86;5.74516;0;0;0.1;0.01;0;5.23524;0;0;-1
0;952;16.0233;36.3965;49.0149;8.5;2572.44;5.11093;0;0;0.1;0.01;0;4.95169;1;0;-1
0;953;19.2386;50.8458;45.5629;9.03341;3087.76;5.43166;0;0;0.1;0.01;0;5.11281;0;0;-1
0;954;17.4147;71.0993;46.7961;9.52319;3617.73;5.72616;0;0;0.1;0.01;0;4.54304;0;0;-1
0;955;33.2073;-74.2738;48.7904;8.9766;3029.87;5.3975;0;0;0.1;0.01;0;3.24471;0;0;-1
0;956;33.1124;-57.1351;47.8307;9.60965;3717.16;5.77814;0;0;0.1;0.01;0;6.04689;0;0;-1
0;957;33.4747;-39.2161;45.8202;9.85133;4004.73;5.92346;0;0;0.1;0.01;0;6.54252;0;0;-1
0;958;30.7984;-22.5139;46.1776;9.98303;4167.5;6.00265;0;0;0.1;0.01;0;6.38959;0;0;-1
0;959;31.9815;-5.0416;47.7759;9.48791;3577.67;5.70494;0;0;0.1;0.01;0;5.83402;0;0;-1
0;960;33.2544;12.0638;47.6405;9.44032;3524.1;5.67633;0;0;0.1;0.01;0;5.47881;0;0;-1
0;961;30.6842;25.7873;46.9789;9.75134;3884.02;5.86334;0;0;0.1;0.01;0;6.52909;0;0;-1
0;962;32.7106;43.2073;48.5124;8.95476;3007.81;5.38437;0;0;0.1;0.01;0;6.11703;0;0;-1
0;963;31.8867;59.3306;48.6136;9.99243;4179.28;6.0083;0;0;0.1;0.01;0;6.93075;0;0;-1
0;964;30.934;76.2524;47.7004;9.44588;3530.33;5.67967;0;0;0.1;0.01;0;4.12562;0;0;-1
0;965;45.966;-63.7043;46.5687;8.50235;2574.57;5.11234;0;0;0.1;0.01;0;3.31;0;0;-1
0;966;46.1761;-47.4741;47.5681;10.2055;4452.37;6.13642;0;0;0.1;0.01;0;6.42914;0;0;-1
0;967;47.6487;-31.4614;46.2965;8.5;2572.44;5.11093;0;0;0.1;0.01;0;5.04391;1;0;-1
0;968;45.2306;-13.9439;49.0264;9.26855;3335.22;5.57304;0;0;0.1;0.01;0;5.88971;0;0;-1
0;969;45.8989;-0.224215;45.3754;8.5;2572.44;5.11093;0;0;0.1;0.01;0;5.34602;1;0;-1
0;970;47.7157;20.7861;46.8795;10.0206;4214.73;6.02524;0;0;0.1;0.01;0;7.16633;0;0;-1
0;971;45.3005;36.6204;48.5891;9.44979;3534.72;5.68202;0;0;0.1;0.01;0;6.80049;0;0;-1
0;972;46.4685;54.7684;49.1075;9.69619;3818.49;5.83018;0;0;0.1;0.01;0;5.88107;0;0;-1
0;973;45.664;72.0091;48.4217;9.86394;4020.13;5.93104;0;0;0.1;0.01;0;3.3415;0;0;-1
0;974;63.7034;-58.771;46.4784;8.74716;2803.43;5.25954;0;0;0.1;0.01;0;2.3828;0;0;-1
0;975;62.0118;-42.3766;47.6461;9.36522;3440.67;5.63117;0;0;0.1;0.01;0;5.04806;0;0;-1
0;976;59.8924;-24.0715;48.5192;8.5;2572.44;5.11093;0;0;0.1;0.01;0;4.86084;1;0;-1
0;977;63.6055;-8.69831;46.816;10.1425;4370.42;6.09854;0;0;0.1;0.01;0;6.67418;0;0;-1
0;978;60.6634;8.13331;47.1454;9.86993;4027.46;5.93465;0;0;0.1;0.01;0;6.38298;0;0;-1
0;979;61.5216;26.8087;46.1127;9.90075;4065.3;5.95318;0;0;0.1;0.01;0;6.4261;0;0;-1
0;980;60.1713;43.6505;46.0444;10.1384;4365.13;6.09607;0;0;0.1;0.01;0;6.24394;0;0;-1
0;981;61.1695;60.9998;46.9927;9.12844;3186.24;5.4888;0;0;0.1;0.01;0;3.76005;0;0;-1
0;982;77.2951;-30.3694;48.6485;8.61289;2676.3;5.17881;0;0;0.1;0.01;0;2.62285;0;0;-1
0;983;77.1303;-17.1001;47.7295;8.5;2572.44;5.11093;0;0;0.1;0.01;0;3.1623;1;0;-1
0;984;75.5658;1.83005;46.5462;9.84126;3992.46;5.91741;0;0;0.1;0.01;0;5.04798;0;0;-1
0;985;78.6888;17.3382;48.7997;10.0526;4255.24;6.04448;0;0;0.1;0.01;0;4.18573;0;0;-1
0;986;75.2823;34.6925;45.9225;10.2898;4563.62;6.18711;0;0;0.1;0.01;0;4.40776;0;0;-1
0;987;-65.6148;-30.2882;62.2614;8.57744;2643.39;5.15749;0;0;0.1;0.01;0;3.43599;0;0;-1
0;988;-66.5765;-15.4222;63.5514;8.87947;2932.58;5.3391;0;0;0.1;0.01;0;3.54049;0;0;-1
0;989;-66.6917;0.552538;61.3344;8.52153;2592.04;5.12387;0;0;0.1;0.01;0;3.47874;0;0;-1
0;990;-66.1502;19.5142;63.9373;9.60852;3715.85;5.77746;0;0;0.1;0.01;0;3.35549;0;0;-1
0;991;-51.8175;-58.478;60.4521;9.06277;3117.97;5.44931;0;0;0.1;0.01;0;2.1371;0;0;-1
0;992;-51.4182;-38.7584;63.625;10.4312;4754.35;6.27213;0;0;0.1;0.01;0;5.19821;0;0;-1
0;993;-50.7481;-24.5019;63.3006;8.99047;3043.94;5.40584;0;0;0.1;0.01;0;6.41208;0;0;-1
0;994;-52.7062;-8.79552;61.3395;8.75928;2815.1;5.26683;0;0;0.1;0.01;0;4.57409;0;0;-1
0;995;-53.4863;10.3303;61.6471;10.3467;4639.75;6.22132;0;0;0.1;0.01;0;5.60427;0;0;-1
0;996;-53.0212;27.1245;62.1092;8.5119;2583.26;5.11808;0;0;0.1;0.01;0;4.04436;0;0;-1
0;997;-51.7543;46.5247;61.8049;9.49673;3587.66;5.71025;0;0;0.1;0.01;0;3.02708;0;0;-1
0;998;-36.3722;-47.5565;60.5191;9.31429;3384.84;5.60055;0;0;0.1;0.01;0;6.18553;0;0;-1
0;999;-36.9151;-33.1668;64.1601;8.56914;2635.73;5.1525;0;0;0.1;0.01;0;5.89265;0;0;-1
0;1000;-35.475;-15.6533;62.6704;9.77893;3917.08;5.87993;0;0;0.1;0.01;0;6.62071;0;0;-1
0;1001;-36.1644;1.45714;63.9642;8.73934;2795.92;5.25484;0;0;0.1;0.01;0;4.87563;0;0;-1
0;1002;-35.0676;19.5899;62.2262;8.80965;2863.94;5.29711;0;0;0.1;0.01;0;5.88973;0;0;-1
0;1003;-35.2293;37.0906;60.6605;9.96828;4149.06;5.99378;0;0;0.1;0.01;0;6.29366;0;0;-1
0;1004;-38.3053;52.2606;63.8441;9.47991;3568.63;5.70013;0;0;0.1;0.01;0;3.94454;0;0;-1
0;1005;-38.3142;67.9563;60.6956;9.61487;3723.22;5.78128;0;0;0.1;0.01;0;3.18505;0;0;-1
0;1006;-21.3214;-73.2319;63.7684;8.5;2572.44;5.11093;0;0;0.1;0.01;0;1.71242;1;0;-1
0;1007;-23.2929;-57.0272;62.2476;10.4;4711.82;6.25337;0;0;0.1;0.01;0;6.18633;0;0;-1
0;1008;-22.2428;-40.8619;61.3934;10.2717;4539.58;6.17622;0;0;0.1;0.01;0;8.02968;0;0;-1
0;1009;-21.3012;-22.7374;63.6567;8.53442;2603.82;5.13162;0;0;0.1;0.01;0;6.2435;0;0;-1
0;1010;-21.9768;-5.56793;62.1262;10.3597;4657.26;6.22914;0;0;0.1;0.01;0;6.43735;0;0;-1
0;1011;-22.121;10.5217;60.8569;8.5;2572.44;5.11093;0;0;0.1;0.01;0;3.63245;1;0;-1
0;1012;-23.7844;26.8096;63.521;9.01866;3072.66;5.42279;0;0;0.1;0.01;0;4.6956;0;0;-1
0;1013;-22.407;44.4752;62.8096;9.87176;4029.7;5.93575;0;0;0.1;0.01;0;6.77259;0;0;-1
0;1014;-21.8327;59.7029;60.1761;8.81698;2871.1;5.30152;0;0;0.1;0.01;0;5.43744;0;0;-1
0;1015;-7.87307;-67.6911;60.3441;8.52518;2595.37;5.12607;0;0;0.1;0.01;0;3.89095;0;0;-1
0;1016;-7.87257;-47.7042;63.1337;10.2311;4485.96;6.15181;0;0;0.1;0.01;0;6.71308;0;0;-1
0;1017;-5.56299;-29.8837;63.3974;9.05885;3113.92;5.44696;0;0;0.1;0.01;0;6.57618;0;0;-1
0;1018;-6.85424;-15.3354;60.9696;8.54701;2615.36;5.13919;0;0;0.1;0.01;0;6.62616;0;0;-1
0;1019;-8.78232;0.617287;60.7704;8.5;2572.44;5.11093;0;0;0.1;0.01;0;4.71291;1;0;-1
0;1020;-6.9574;20.8342;60.3898;8.92528;2978.2;5.36664;0;0;0.1;0.01;0;4.61652;0;0;-1
0;1021;-8.83177;36.0072;63.5774;9.68264;3802.51;5.82203;0;0;0.1;0.01;0;7.04954;0;0;-1
0;1022;-6.47335;52.1442;61.0345;9.64341;3756.48;5.79844;0;0;0.1;0.01;0;7.58079;0;0;-1
0;1023;-7.43454;67.6724;60.8739;10.3052;4584.14;6.19637;0;0;0.1;0.01;0;4.93576;0;0;-1
0;1024;5.32148;-73.7745;61.9501;8.5;2572.44;5.11093;0;0;0.1;0.01;0;2.23767;1;0;-1
0;1025;6.87309;-57.4074;62.3025;10.176;4413.87;6.11868;0;0;0.1;0.01;0;5.8164;0;0;-1
0;1026;7.74502;-39.3536;61.0367;8.5;2572.44;5.11093;0;0;0.1;0.01;0;4.55299;1;0;-1
0;1027;6.38115;-22.6914;62.3439;9.92312;4092.92;5.96663;0;0;0.1;0.01;0;6.71125;0;0;-1
0;1028;9.17171;-6.3735;62.4707;10.2402;4497.94;6.15728;0;0;0.1;0.01;0;6.8568;0;0;-1
0;1029;8.7833;12.1975;62.2436;8.66534;2725.5;5.21034;0;0;0.1;0.01;0;4.78766;0;0;-1
0;1030;7.91866;26.3208;63.4139;8.5;2572.44;5.11093;0;0;0.1;0.01;0;5.49332;1;0;-1
0;1031;7.42306;42.0707;60.0818;10.2988;4575.6;6.19252;0;0;0.1;0.01;0;6.63283;0;0;-1
0;1032;6.64023;63.0881;63.2896;9.3194;3390.41;5.60362;0;0;0.1;0.01;0;4.62206;0;0;-1
0;1033;21.3055;-63.8693;60.9639;8.5;2572.44;5.11093;0;0;0.1;0.01;0;3.70053;1;0;-1
0;1034;23.2562;-50.2989;61.9487;8.5;2572.44;5.11093;0;0;0.1;0.01;0;4.43438;1;0;-1
0;1035;20.9373;-32.3633;61.0353;8.5;2572.44;5.11093;0;0;0.1;0.01;0;3.8333;1;0;-1
0;1036;24.2174;-12.6699;60.3615;8.5;2572.44;5.11093;0;0;0.1;0.01;0;5.40701;1;0;-1
0;1037;20.6125;2.9542;61.7848;8.5;2572.44;5.11093;0;0;0.1;0.01;0;5.06376;1;0;-1
0;1038;23.0818;19.7977;63.7336;10.3275;4613.96;6.20978;0;0;0.1;0.01;0;7.34275;0;0;-1
0;1039;21.9285;37.8423;63.1494;8.70203;2760.26;5.2324;0;0;0.1;0.01;0;5.68868;0;0;-1
0;1040;21.5773;53.1578;60.4183;8.5;2572.44;5.11093;0;0;0.1;0.01;0;5.29518;1;0;-1
0;1041;22.1376;69.107;61.3891;9.0674;3122.75;5.4521;0;0;0.1;0.01;0;3.39248;0;0;-1
0;1042;34.67;-59.7287;63.5424;8.5;2572.44;5.11093;0;0;0.1;0.01;0;2.17292;1;0;-1
0;1043;36.1563;-39.3389;62.5748;9.23923;3303.66;5.55541;0;0;0.1;0.01;0;4.51125;0;0;-1
0;1044;38.1816;-22.8131;61.8953;8.81792;2872.02;5.30209;0;0;0.1;0.01;0;4.89473;0;0;-1
0;1045;35.794;-5.05914;62.6117;8.95321;3006.25;5.38344;0;0;0.1;0.01;0;4.80268;0;0;-1
0;1046;38.2692;12.2893;61.3809;9.45337;3538.74;5.68417;0;0;0.1;0.01;0;5.64844;0;0;-1
0;1047;37.9514;26.2055;60.2495;8.5;2572.44;5.11093;0;0;0.1;0.01;0;6.73355;1;0;-1
0;1048;35.5219;43.3585;63.5223;9.23679;3301.05;5.55395;0;0;0.1;0.01;0;5.62958;0;0;-1
0;1049;38.6614;60.4724;63.3813;9.72555;3853.28;5.84783;0;0;0.1;0.01;0;3.94803;0;0;-1
0;1050;53.4573;-48.737;61.7435;9.52246;3616.9;5.72572;0;0;0.1;0.01;0;3.22292;0;0;-1
0;1051;50.3684;-33.3939;60.8841;8.5;2572.44;5.11093;0;0;0.1;0.01;0;4.87561;1;0;-1
0;1052;51.0263;-15.281;62.1414;9.58171;3684.83;5.76134;0;0;0.1;0.01;0;5.69691;0;0;-1
0;1053;50.034;0.795499;62.6976;8.5;2572.44;5.11093;0;0;0.1;0.01;0;4.1278;1;0;-1
0;1054;50.5505;20.6941;60.9314;8.5;2572.44;5.11093;0;0;0.1;0.01;0;5.72275;1;0;-1
0;1055;50.8721;34.804;61.8201;9.8158;3961.56;5.9021;0;0;0.1;0.01;0;6.01698;0;0;-1
0;1056;53.6977;53.0103;62.7414;10.1404;4367.71;6.09728;0;0;0.1;0.01;0;3.14102;0;0;-1
0;1057;67.0761;-40.8595;60.8946;10.4293;4751.76;6.27099;0;0;0.1;0.01;0;2.85266;0;0;-1
0;1058;64.4562;-21.5178;62.1387;8.5;2572.44;5.11093;0;0;0.1;0.01;0;2.95918;1;0;-1
0;1059;64.4438;-5.44151;61.8745;8.5;2572.44;5.11093;0;0;0.1;0.01;0;4.07896;1;0;-1
0;1060;66.7713;9.19763;60.6564;9.7064;3830.57;5.83632;0;0;0.1;0.01;0;3.28636;0;0;-1
0;1061;65.1739;25.0303;60.1642;8.80062;2855.15;5.29169;0;0;0.1;0.01;0;2.82005;0;0;-1
0;1062;-54.4211;-23.7655;75.9857;9.34551;3418.99;5.61932;0;0;0.1;0.01;0;3.60291;0;0;-1
0;1063;-56.5101;-4.69921;78.7067;8.5;2572.44;5.11093;0;0;0.1;0.01;0;1.66277;1;0;-1
0;1064;-54.9454;10.6796;76.2431;9.32397;3395.4;5.60637;0;0;0.1;0.01;0;3.90491;0;0;-1
0;1065;-56.4425;29.7247;75.0181;10.447;4775.99;6.28163;0;0;0.1;0.01;0;3.23513;0;0;-1
0;1066;-40.025;-48.9642;77.0287;8.5;2572.44;5.11093;0;0;0.1;0.01;0;2.24646;1;0;-1
0;1067;-42.2511;-30.799;77.7909;8.79456;2849.25;5.28804;0;0;0.1;0.01;0;4.74899;0;0;-1
0;1068;-40.3987;-15.9276;75.0959;9.98709;4172.59;6.00509;0;0;0.1;0.01;0;6.54579;0;0;-1
0;1069;-40.4518;2.8706;77.9508;9.51488;3608.27;5.72116;0;0;0.1;0.01;0;5.73012;0;0;-1
0;1070;-41.6342;17.7784;74.6428;8.54694;2615.29;5.13915;0;0;0.1;0.01;0;5.55167;0;0;-1
0;1071;-39.3205;33.6781;76.4764;9.87209;4030.1;5.93594;0;0;0.1;0.01;0;4.14495;0;0;-1
0;1072;-24.3921;-55.1616;76.942;9.73996;3870.44;5.8565;0;0;0.1;0.01;0;3.46841;0;0;-1
0;1073;-26.2744;-40.848;74.9491;9.02504;3079.19;5.42663;0;0;0.1;0.01;0;5.50626;0;0;-1
0;1074;-27.4703;-23.1559;76.5343;10.0637;4269.35;6.05116;0;0;0.1;0.01;0;7.01352;0;0;-1
0;1075;-27.2502;-4.52058;77.897;9.34698;3420.6;5.6202;0;0;0.1;0.01;0;6.54858;0;0;-1
0;1076;-24.9816;12.2899;77.0476;9.04555;3100.23;5.43896;0;0;0.1;0.01;0;5.77489;0;0;-1
0;1077;-25.7906;26.5313;77.3026;9.31413;3384.66;5.60045;0;0;0.1;0.01;0;5.89706;0;0;-1
0;1078;-25.3447;43.7243;77.7621;9.28589;3353.97;5.58347;0;0;0.1;0.01;0;3.8077;0;0;-1
0;1079;-10.0677;-47.8101;76.4026;8.80812;2862.45;5.29619;0;0;0.1;0.01;0;4.92391;0;0;-1
0;1080;-12.4503;-31.1442;76.4167;10.2266;4480.05;6.14911;0;0;0.1;0.01;0;7.47943;0;0;-1
0;1081;-12.8018;-16.1731;74.6147;9.40462;3484.27;5.65486;0;0;0.1;0.01;0;7.35157;0;0;-1
0;1082;-13.5635;0.327809;78.5012;10.2202;4471.64;6.14526;0;0;0.1;0.01;0;6.59363;0;0;-1
0;1083;-11.4826;20.5757;78.3156;8.95194;3004.97;5.38267;0;0;0.1;0.01;0;5.81171;0;0;-1
0;1084;-10.8861;36.5096;76.7744;10.0821;4292.81;6.06222;0;0;0.1;0.01;0;7.27674;0;0;-1
0;1085;-11.9913;51.5965;76.3136;9.93362;4105.93;5.97294;0;0;0.1;0.01;0;4.78154;0;0;-1
0;1086;3.54404;-58.8454;76.6017;10.3992;4710.73;6.25289;0;0;0.1;0.01;0;3.37174;0;0;-1
0;1087;1.3815;-42.2259;78.4821;8.5;2572.44;5.11093;0;0;0.1;0.01;0;4.97744;1;0;-1
0;1088;4.76851;-23.2436;76.3324;10.0445;4244.96;6.03961;0;0;0.1;0.01;0;6.80852;0;0;-1
0;1089;1.30145;-7.59206;78.2462;9.92445;4094.57;5.96743;0;0;0.1;0.01;0;6.26893;0;0;-1
0;1090;3.27214;11.4165;77.6341;8.90179;2954.75;5.35252;0;0;0.1;0.01;0;4.5395;0;0;-1
0;1091;1.50223;27.3604;77.7782;9.65841;3774.03;5.80746;0;0;0.1;0.01;0;7.23882;0;0;-1
0;1092;2.54209;42.4946;76.4674;10.3015;4579.2;6.19414;0;0;0.1;0.01;0;6.33568;0;0;-1
0;1093;4.04694;61.3728;76.5688;9.70352;3827.16;5.83459;0;0;0.1;0.01;0;3.29064;0;0;-1
0;1094;16.4764;-49.5988;74.9952;8.82222;2876.22;5.30467;0;0;0.1;0.01;0;3.51509;0;0;-1
0;1095;17.4656;-30.7401;77.8421;9.94785;4123.6;5.9815;0;0;0.1;0.01;0;6.04542;0;0;-1
0;1096;18.4976;-13.1226;74.6062;9.11763;3174.93;5.4823;0;0;0.1;0.01;0;6.14186;0;0;-1
0;1097;16.7193;3.33672;76.3098;8.78297;2838;5.28107;0;0;0.1;0.01;0;5.25205;0;0;-1
0;1098;18.4135;20.1264;76.7554;8.5;2572.44;5.11093;0;0;0.1;0.01;0;5.81034;1;0;-1
0;1099;18.6042;33.9796;76.01;10.0972;4312.13;6.0713;0;0;0.1;0.01;0;7.30748;0;0;-1
0;1100;18.5652;54.4268;76.1442;9.59276;3697.6;5.76799;0;0;0.1;0.01;0;3.60142;0;0;-1
0;1101;32.5494;-40.2017;76.4308;10.1849;4425.47;6.12403;0;0;0.1;0.01;0;3.81295;0;0;-1
0;1102;31.2487;-22.9449;78.5503;10.1291;4353.13;6.09048;0;0;0.1;0.01;0;5.58343;0;0;-1
0;1103;31.1788;-5.98554;77.345;8.5572;2624.72;5.14532;0;0;0.1;0.01;0;5.20131;0;0;-1
0;1104;32.3703;11.7423;76.1735;9.07028;3125.72;5.45383;0;0;0.1;0.01;0;4.46399;0;0;-1
0;1105;34.5158;28.4103;76.6463;10.3011;4578.67;6.1939;0;0;0.1;0.01;0;5.87665;0;0;-1
0;1106;30.9552;46.4984;78.1599;10.3268;4613.03;6.20935;0;0;0.1;0.01;0;4.16937;0;0;-1
0;1107;49.0882;-30.3958;78.6658;9.26179;3327.92;5.56898;0;0;0.1;0.01;0;1.69013;0;0;-1
0;1108;45.4481;-13.8824;75.3068;8.5304;2600.14;5.12921;0;0;0.1;0.01;0;4.76267;0;0;-1
0;1109;47.4447;0.400488;77.9771;8.55106;2619.08;5.14163;0;0;0.1;0.01;0;3.45439;0;0;-1
0;1110;48.3212;20.0366;74.9177;9.58572;3689.46;5.76375;0;0;0.1;0.01;0;3.87015;0;0;-1
0;1111;49.0116;36.2397;77.4642;8.5;2572.44;5.11093;0;0;0.1;0.01;0;2.34183;1;0;-1
0;1112;60.4396;-6.10504;78.4463;8.5;2572.44;5.11093;0;0;0.1;0.01;0;1.59508;1;0;-1
0;1113;-36.2689;-15.7338;89.6382;9.8315;3980.59;5.91154;0;0;0.1;0.01;0;4.24678;0;0;-1
0;1114;-36.4145;1.56673;91.2452;8.5;2572.44;5.11093;0;0;0.1;0.01;0;3.92107;1;0;-1
0;1115;-38.4464;16.9507;89.8872;10.0141;4206.53;6.02133;0;0;0.1;0.01;0;3.77103;0;0;-1
0;1116;-21.1005;-24.4702;90.0468;10.4526;4783.67;6.285;0;0;0.1;0.01;0;4.95009;0;0;-1
0;1117;-23.417;-6.36073;93.076;10.0382;4236.98;6.03582;0;0;0.1;0.01;0;4.53999;0;0;-1
0;1118;-22.7345;11.6916;89.7688;8.5;2572.44;5.11093;0;0;0.1;0.01;0;4.56376;1;0;-1
0;1119;-21.6278;27.6337;93.3729;10.1704;4406.59;6.11531;0;0;0.1;0.01;0;3.63922;0;0;-1
0;1120;-7.47924;-31.4709;90.7906;9.99572;4183.41;6.01028;0;0;0.1;0.01;0;4.74735;0;0;-1
0;1121;-8.53354;-14.0117;89.4445;9.49792;3589.01;5.71096;0;0;0.1;0.01;0;6.43357;0;0;-1
0;1122;-6.51357;1.18272;92.661;9.92513;4095.41;5.96784;0;0;0.1;0.01;0;5.31329;0;0;-1
0;1123;-5.80859;19.1297;93.3171;10.3778;4681.71;6.24002;0;0;0.1;0.01;0;5.37857;0;0;-1
0;1124;-7.61472;35.0375;92.3549;8.5;2572.44;5.11093;0;0;0.1;0.01;0;3.71146;1;0;-1
0;1125;5.41599;-38.5671;92.1418;8.64182;2703.36;5.1962;0;0;0.1;0.01;0;2.7739;0;0;-1
0;1126;6.63391;-23.3649;92.1218;9.97299;4154.94;5.99661;0;0;0.1;0.01;0;4.85918;0;0;-1
0;1127;7.32473;-5.04147;91.6082;9.76217;3896.98;5.86985;0;0;0.1;0.01;0;4.3715;0;0;-1
0;1128;6.66721;10.8059;91.2147;9.29955;3368.79;5.59168;0;0;0.1;0.01;0;4.12295;0;0;-1
0;1129;6.09673;28.7496;90.0575;9.47028;3557.76;5.69434;0;0;0.1;0.01;0;5.3333;0;0;-1
0;1130;23.7553;-31.9693;89.8577;8.5;2572.44;5.11093;0;0;0.1;0.01;0;2.94943;1;0;-1
0;1131;20.7082;-13.4746;89.3507;8.96289;3016.01;5.38926;0;0;0.1;0.01;0;4.82376;0;0;-1
0;1132;22.7934;0.119432;90.1644;8.56343;2630.46;5.14907;0;0;0.1;0.01;0;3.4691;0;0;-1
0;1133;20.0088;20.8196;90.9638;8.88242;2935.5;5.34087;0;0;0.1;0.01;0;3.25242;0;0;-1
0;1134;20.8888;36.7182;90.3414;8.61361;2676.97;5.17924;0;0;0.1;0.01;0;2.71993;0;0;-1
0;1135;37.3252;-7.80613;89.7305;9.767;3902.76;5.87276;0;0;0.1;0.01;0;3.63627;0;0;-1
0;1136;35.4257;9.72626;91.1663;8.5238;2594.11;5.12524;0;0;0.1;0.01;0;1.96368;0;0;-1
