Time;ID;x;y;z;radius;volume_total;radius_nuclear;contact_ECM;freezer;polarized_fraction;motility;cell_line;Cell_cell;phase;Cycle;NFkB
0;0;-51.3217;-4.61221;-83.4232;8.5;2572.44;5.11093;0;0;0.1;0.01;0;2.64372;1;0;-1
0;1;-37.433;-33.3447;-84.6844;9.8791;4038.69;5.94016;0;0;0.1;0.01;0;2.67599;0;0;-1
0;2;-37.6572;-13.8275;-86.492;8.5;2572.44;5.11093;0;0;0.1;0.01;0;2.6499;1;0;-1
0;3;-38.5116;0.471785;-85.5915;8.93259;2985.53;5.37104;0;0;0.1;0.01;0;2.49472;0;0;-1
0;4;-35.4911;20.6089;-84.3382;10.0373;4235.84;6.03528;0;0;0.1;0.01;0;3.05414;0;0;-1
0;5;-21.8012;-40.6271;-87.2608;9.31441;3384.97;5.60062;0;0;0.1;0.01;0;2.80783;0;0;-1
0;6;-20.5446;-22.3995;-85.9351;8.72424;2781.45;5.24576;0;0;0.1;0.01;0;4.23927;0;0;-1
0;7;-21.0268;-8.41771;-84.5106;8.68751;2746.47;5.22367;0;0;0.1;0.01;0;4.10763;0;0;-1
0;8;-20.3049;10.716;-85.9715;8.9461;2999.09;5.37916;0;0;0.1;0.01;0;3.39494;0;0;-1
0;9;-22.2969;28.7609;-84.0061;9.1147;3171.87;5.48054;0;0;0.1;0.01;0;3.81279;0;0;-1
0;10;-8.84429;-49.3364;-83.4187;10.3831;4688.89;6.24321;0;0;0.1;0.01;0;3.60836;0;0;-1
0;11;-7.09723;-30.7525;-87.1625;9.25676;3322.5;5.56596;0;0;0.1;0.01;0;4.75261;0;0;-1
0;12;-6.80627;-16.6172;-86.2508;8.92614;2979.06;5.36716;0;0;0.1;0.01;0;5.07742;0;0;-1
0;13;-6.59049;0.142703;-85.517;10.1914;4433.94;6.12794;0;0;0.1;0.01;0;5.02068;0;0;-1
0;14;-7.56384;20.0307;-83.7569;10.1998;4444.92;6.13299;0;0;0.1;0.01;0;5.00741;0;0;-1
0;15;-7.67585;38.2944;-83.9335;9.71243;3837.71;5.83994;0;0;0.1;0.01;0;3.32067;0;0;-1
0;16;7.44285;-40.8712;-85.9527;10.0896;4302.4;6.06673;0;0;0.1;0.01;0;4.84707;0;0;-1
0;17;6.40567;-24.2352;-83.4926;10.0954;4309.82;6.07022;0;0;0.1;0.01;0;6.03668;0;0;-1
0;18;8.72559;-6.02039;-85.8417;8.76963;2825.09;5.27305;0;0;0.1;0.01;0;3.89314;0;0;-1
0;19;6.47748;10.9332;-86.7579;8.73724;2793.9;5.25358;0;0;0.1;0.01;0;2.66777;0;0;-1
0;20;7.75616;27.7538;-87.3884;8.84193;2895.54;5.31652;0;0;0.1;0.01;0;3.18348;0;0;-1
0;21;8.87722;45.3831;-83.5799;10.2972;4573.47;6.19156;0;0;0.1;0.01;0;3.80127;0;0;-1
0;22;20.246;-49.1521;-84.4944;9.44966;3534.57;5.68194;0;0;0.1;0.01;0;3.23489;0;0;-1
0;23;23.3368;-34.0346;-86.6646;10.0918;4305.21;6.06805;0;0;0.1;0.01;0;5.12355;0;0;-1
0;24;20.6085;-15.7292;-84.9659;8.5;2572.44;5.11093;0;0;0.1;0.01;0;3.28335;1;0;-1
0;25;22.4766;3.45201;-86.8655;8.58914;2654.22;5.16453;0;0;0.1;0.01;0;3.59068;0;0;-1
0;26;23.6353;20.3922;-84.4877;8.88816;2941.2;5.34432;0;0;0.1;0.01;0;4.47625;0;0;-1
0;27;23.5479;37.7379;-84.8613;9.8457;3997.87;5.92008;0;0;0.1;0.01;0;3.69387;0;0;-1
0;28;36.3538;-40.1925;-83.6461;9.99562;4183.29;6.01022;0;0;0.1;0.01;0;3.76925;0;0;-1
0;29;35.467;-25.5454;-86.123;8.5;2572.44;5.11093;0;0;0.1;0.01;0;3.01622;1;0;-1
0;30;37.2103;-5.59601;-85.3005;10.2046;4451.19;6.13588;0;0;0.1;0.01;0;2.52907;0;0;-1
0;31;36.5607;10.8565;-83.9711;10.2277;4481.49;6.14977;0;0;0.1;0.01;0;3.93805;0;0;-1
0;32;37.5893;26.9794;-83.9287;10.0868;4298.82;6.06505;0;0;0.1;0.01;0;4.35793;0;0;-1
0;33;-70.5251;-14.761;-69.3753;9.3986;3477.59;5.65124;0;0;0.1;0.01;0;2.28126;0;0;-1
0;34;-57.8119;-39.4475;-71.3457;9.97762;4160.73;5.9994;0;0;0.1;0.01;0;3.10388;0;0;-1
0;35;-56.6665;-25.1883;-72.4934;9.30194;3371.39;5.59312;0;0;0.1;0.01;0;3.99575;0;0;-1
0;36;-54.7572;-8.89739;-70.8519;8.5;2572.44;5.11093;0;0;0.1;0.01;0;4.50564;1;0;-1
0;37;-56.2947;9.85513;-69.7939;10.3383;4628.45;6.21627;0;0;0.1;0.01;0;3.50723;0;0;-1
0;38;-57.7883;28.4765;-71.504;8.5;2572.44;5.11093;0;0;0.1;0.01;0;2.15724;1;0;-1
0;39;-54.6542;46.9037;-68.5785;9.52835;3623.61;5.72926;0;0;0.1;0.01;0;3.24147;0;0;-1
0;40;-41.5485;-51.3144;-72.6836;9.08313;3139.03;5.46155;0;0;0.1;0.01;0;2.10936;0;0;-1
0;41;-41.396;-30.4538;-70.9845;9.44447;3528.75;5.67882;0;0;0.1;0.01;0;5.73746;0;0;-1
0;42;-42.2328;-16.6242;-69.6712;10.4347;4759.14;6.27423;0;0;0.1;0.01;0;6.85609;0;0;-1
0;43;-39.4137;1.72847;-69.0938;8.5;2572.44;5.11093;0;0;0.1;0.01;0;4.22328;1;0;-1
0;44;-42.3635;16.7583;-69.0626;8.5;2572.44;5.11093;0;0;0.1;0.01;0;5.51245;1;0;-1
0;45;-42.4239;34.2506;-69.8629;9.48534;3574.76;5.7034;0;0;0.1;0.01;0;5.21293;0;0;-1
0;46;-41.2123;53.4639;-69.4128;8.5;2572.44;5.11093;0;0;0.1;0.01;0;3.8053;1;0;-1
0;47;-26.5815;-57.1972;-70.3626;8.69547;2754.02;5.22846;0;0;0.1;0.01;0;4.02392;0;0;-1
0;48;-28.5584;-42.5892;-68.4937;10.4235;4743.83;6.2675;0;0;0.1;0.01;0;6.38796;0;0;-1
0;49;-26.2491;-24.7396;-70.6785;8.78999;2844.81;5.28529;0;0;0.1;0.01;0;5.81394;0;0;-1
0;50;-24.7292;-8.81472;-71.8641;8.5;2572.44;5.11093;0;0;0.1;0.01;0;4.47507;1;0;-1
0;51;-26.8802;11.1039;-69.6512;9.33999;3412.93;5.616;0;0;0.1;0.01;0;5.35055;0;0;-1
0;52;-26.003;26.9259;-69.2427;10.0291;4225.46;6.03035;0;0;0.1;0.01;0;6.56842;0;0;-1
0;53;-27.6126;43.7337;-70.6668;9.33376;3406.11;5.61225;0;0;0.1;0.01;0;4.60182;0;0;-1
0;54;-27.1634;62.1951;-69.809;9.79464;3935.99;5.88937;0;0;0.1;0.01;0;3.73793;0;0;-1
0;55;-13.5715;-63.8505;-69.0169;9.87774;4037.02;5.93934;0;0;0.1;0.01;0;4.04087;0;0;-1
0;56;-13.8215;-48.1359;-68.34;8.5;2572.44;5.11093;0;0;0.1;0.01;0;5.72099;1;0;-1
0;57;-11.3476;-31.1875;-72.6091;8.91585;2968.77;5.36097;0;0;0.1;0.01;0;5.09761;0;0;-1
0;58;-12.6972;-15.0528;-70.9686;9.29638;3365.35;5.58978;0;0;0.1;0.01;0;6.58832;0;0;-1
0;59;-9.95177;1.9644;-71.7777;9.45092;3535.99;5.6827;0;0;0.1;0.01;0;5.81005;0;0;-1
0;60;-11.6466;16.5833;-70.1463;8.82064;2874.68;5.30372;0;0;0.1;0.01;0;5.34564;0;0;-1
0;61;-11.886;36.6296;-70.9309;9.09843;3154.92;5.47075;0;0;0.1;0.01;0;4.65014;0;0;-1
0;62;-10.7485;55.0828;-70.3574;9.75011;3882.55;5.8626;0;0;0.1;0.01;0;3.31393;0;0;-1
0;63;2.17705;-56.2444;-69.067;9.01971;3073.73;5.42342;0;0;0.1;0.01;0;4.73783;0;0;-1
0;64;3.94518;-40.147;-72.0489;8.76763;2823.16;5.27185;0;0;0.1;0.01;0;5.19865;0;0;-1
0;65;2.71816;-22.8957;-68.5023;10.2393;4496.76;6.15674;0;0;0.1;0.01;0;7.06998;0;0;-1
0;66;4.34155;-7.97739;-72.0193;9.90275;4067.77;5.95438;0;0;0.1;0.01;0;6.5944;0;0;-1
0;67;2.3535;10.1681;-69.2131;8.5;2572.44;5.11093;0;0;0.1;0.01;0;4.96802;1;0;-1
0;68;4.40556;26.7879;-69.6909;8.5;2572.44;5.11093;0;0;0.1;0.01;0;4.49132;1;0;-1
0;69;4.43801;45.7983;-70.546;9.40266;3482.1;5.65368;0;0;0.1;0.01;0;6.07065;0;0;-1
0;70;3.50738;63.718;-70.1493;9.87208;4030.09;5.93594;0;0;0.1;0.01;0;3.45255;0;0;-1
0;71;16.3277;-66.2692;-69.8978;9.33398;3406.35;5.61239;0;0;0.1;0.01;0;2.89153;0;0;-1
0;72;15.968;-47.1648;-70.9262;8.71329;2770.99;5.23917;0;0;0.1;0.01;0;4.75279;0;0;-1
0;73;19.2596;-30.2023;-70.8778;10.2304;4485.04;6.15139;0;0;0.1;0.01;0;6.8903;0;0;-1
0;74;16.4043;-14.0925;-69.229;8.5;2572.44;5.11093;0;0;0.1;0.01;0;6.6982;1;0;-1
0;75;16.9963;1.22363;-71.3294;9.24351;3308.26;5.55799;0;0;0.1;0.01;0;5.44112;0;0;-1
0;76;16.0058;18.2092;-69.2074;8.72477;2781.96;5.24608;0;0;0.1;0.01;0;4.98864;0;0;-1
0;77;17.3085;35.4431;-70.6366;9.03495;3089.34;5.43258;0;0;0.1;0.01;0;5.48856;0;0;-1
0;78;19.4583;55.0733;-70.28;10.194;4437.34;6.1295;0;0;0.1;0.01;0;4.06577;0;0;-1
0;79;31.0836;-57.7983;-69.468;8.5;2572.44;5.11093;0;0;0.1;0.01;0;3.35893;1;0;-1
0;80;31.7666;-38.5301;-68.431;9.87873;4038.24;5.93994;0;0;0.1;0.01;0;6.27412;0;0;-1
0;81;32.0167;-21.8223;-69.6493;8.5;2572.44;5.11093;0;0;0.1;0.01;0;4.93364;1;0;-1
0;82;33.3344;-6.34138;-68.8069;9.53103;3626.67;5.73087;0;0;0.1;0.01;0;5.57073;0;0;-1
0;83;30.5724;12.4397;-71.3001;9.73152;3860.39;5.85142;0;0;0.1;0.01;0;6.45213;0;0;-1
0;84;33.6237;28.602;-68.5232;10.0382;4236.98;6.03582;0;0;0.1;0.01;0;6.88758;0;0;-1
0;85;34.0118;43.7451;-71.9704;8.5;2572.44;5.11093;0;0;0.1;0.01;0;4.23612;1;0;-1
0;86;46.3687;-51.2898;-68.9105;9.61922;3728.28;5.7839;0;0;0.1;0.01;0;2.75986;0;0;-1
0;87;45.9806;-30.4806;-71.9442;9.01313;3067.01;5.41946;0;0;0.1;0.01;0;4.33429;0;0;-1
0;88;47.5553;-13.42;-71.9997;9.9526;4129.51;5.98435;0;0;0.1;0.01;0;4.86622;0;0;-1
0;89;45.3326;1.64797;-69.0591;8.5;2572.44;5.11093;0;0;0.1;0.01;0;5.76201;1;0;-1
0;90;47.3075;17.1276;-68.9545;10.3912;4699.87;6.24808;0;0;0.1;0.01;0;6.38267;0;0;-1
0;91;48.9682;36.8816;-71.9502;10.2103;4458.66;6.13931;0;0;0.1;0.01;0;3.53629;0;0;-1
0;92;46.7022;54.1089;-69.003;8.5;2572.44;5.11093;0;0;0.1;0.01;0;2.53879;1;0;-1
0;93;60.0239;-25.6673;-72.0474;10.0688;4275.84;6.05422;0;0;0.1;0.01;0;2.75328;0;0;-1
0;94;62.5642;-5.61086;-71.9205;8.73835;2794.97;5.25424;0;0;0.1;0.01;0;2.33618;0;0;-1
0;95;61.3321;9.87471;-68.8424;9.81409;3959.49;5.90107;0;0;0.1;0.01;0;3.63237;0;0;-1
0;96;-80.3919;-8.31406;-55.4096;9.69228;3813.88;5.82783;0;0;0.1;0.01;0;2.96199;0;0;-1
0;97;-80.1254;12.4598;-54.3325;8.7296;2786.58;5.24898;0;0;0.1;0.01;0;2.61356;0;0;-1
0;98;-65.7581;-48.423;-54.273;10.1245;4347.2;6.08771;0;0;0.1;0.01;0;4.68026;0;0;-1
0;99;-67.705;-33.8796;-55.4088;8.95215;3005.18;5.3828;0;0;0.1;0.01;0;3.30379;0;0;-1
0;100;-65.5513;-12.6531;-56.3813;8.50736;2579.13;5.11535;0;0;0.1;0.01;0;4.00057;0;0;-1
0;101;-64.5987;1.73495;-53.9677;9.72048;3847.26;5.84478;0;0;0.1;0.01;0;5.33362;0;0;-1
0;102;-68.0156;19.6466;-57.7808;8.68328;2742.46;5.22113;0;0;0.1;0.01;0;3.53427;0;0;-1
0;103;-66.4388;35.4433;-55.5498;8.5;2572.44;5.11093;0;0;0.1;0.01;0;3.49358;1;0;-1
0;104;-52.2503;-59.3439;-54.8722;9.7421;3872.99;5.85778;0;0;0.1;0.01;0;4.05985;0;0;-1
0;105;-52.9129;-42.3682;-57.5579;8.54632;2614.73;5.13878;0;0;0.1;0.01;0;4.59175;0;0;-1
0;106;-51.3183;-24.6936;-57.7982;8.5;2572.44;5.11093;0;0;0.1;0.01;0;4.56835;1;0;-1
0;107;-49.8606;-4.79431;-57.1215;9.83619;3986.29;5.91436;0;0;0.1;0.01;0;6.42276;0;0;-1
0;108;-51.7475;12.0433;-54.3844;9.7551;3888.52;5.8656;0;0;0.1;0.01;0;7.06147;0;0;-1
0;109;-51.0319;27.8572;-57.8107;10.3779;4681.85;6.24008;0;0;0.1;0.01;0;6.92917;0;0;-1
0;110;-52.1464;44.8069;-54.0142;9.75705;3890.85;5.86677;0;0;0.1;0.01;0;6.19945;0;0;-1
0;111;-50.5769;59.7305;-54.438;10.0947;4308.92;6.0698;0;0;0.1;0.01;0;5.15133;0;0;-1
0;112;-38.6612;-66.5832;-56.3463;9.78686;3926.62;5.8847;0;0;0.1;0.01;0;4.10072;0;0;-1
0;113;-38.3706;-51.0468;-54.5672;9.22818;3291.83;5.54877;0;0;0.1;0.01;0;5.19121;0;0;-1
0;114;-36.552;-31.2237;-56.2489;9.62245;3732.03;5.78584;0;0;0.1;0.01;0;6.1829;0;0;-1
0;115;-36.5259;-14.8546;-55.7929;10.2702;4537.59;6.17532;0;0;0.1;0.01;0;6.81821;0;0;-1
0;116;-37.7513;2.4408;-54.3729;8.98033;3033.65;5.39974;0;0;0.1;0.01;0;5.52459;0;0;-1
0;117;-36.0792;20.9948;-57.0212;10.2728;4541.04;6.17689;0;0;0.1;0.01;0;7.54108;0;0;-1
0;118;-35.2028;36.6486;-55.073;8.75833;2814.18;5.26626;0;0;0.1;0.01;0;6.65506;0;0;-1
0;119;-36.999;51.2777;-56.5085;10.0445;4244.96;6.03961;0;0;0.1;0.01;0;6.94565;0;0;-1
0;120;-35.9294;70.3128;-57.9321;10.4064;4720.52;6.25722;0;0;0.1;0.01;0;4.27256;0;0;-1
0;121;-23.9285;-76.0232;-57.3305;9.56038;3660.28;5.74852;0;0;0.1;0.01;0;3.14439;0;0;-1
0;122;-21.8294;-56.2145;-56.4065;9.42137;3502.92;5.66493;0;0;0.1;0.01;0;6.51024;0;0;-1
0;123;-21.0905;-40.4629;-54.8504;10.0066;4197.09;6.01682;0;0;0.1;0.01;0;6.98247;0;0;-1
0;124;-23.6236;-22.5395;-56.7397;9.91108;4078.04;5.95939;0;0;0.1;0.01;0;6.87699;0;0;-1
0;125;-21.5855;-7.15125;-56.3446;8.98657;3039.98;5.40349;0;0;0.1;0.01;0;5.62969;0;0;-1
0;126;-22.4094;8.99948;-55.9853;9.44496;3529.3;5.67912;0;0;0.1;0.01;0;4.80093;0;0;-1
0;127;-21.4;25.5934;-55.5861;8.61865;2681.68;5.18227;0;0;0.1;0.01;0;5.2646;0;0;-1
0;128;-21.784;42.3081;-56.6982;8.5;2572.44;5.11093;0;0;0.1;0.01;0;5.12216;1;0;-1
0;129;-22.1148;63.2077;-54.4594;10.3642;4663.33;6.23184;0;0;0.1;0.01;0;7.13744;0;0;-1
0;130;-22.0253;77.9739;-57.0151;9.14647;3205.16;5.49964;0;0;0.1;0.01;0;3.52699;0;0;-1
0;131;-9.28386;-80.7851;-56.0058;8.5;2572.44;5.11093;0;0;0.1;0.01;0;2.47103;1;0;-1
0;132;-5.76787;-65.6686;-55.749;9.0412;3095.76;5.43634;0;0;0.1;0.01;0;4.74613;0;0;-1
0;133;-6.23335;-47.1154;-55.12;9.62786;3738.33;5.78909;0;0;0.1;0.01;0;5.8815;0;0;-1
0;134;-8.77298;-29.9195;-54.6117;9.80216;3945.06;5.8939;0;0;0.1;0.01;0;5.57587;0;0;-1
0;135;-8.9457;-14.1404;-55.4238;8.61231;2675.76;5.17846;0;0;0.1;0.01;0;5.83969;0;0;-1
0;136;-7.0669;0.367295;-56.7233;8.5;2572.44;5.11093;0;0;0.1;0.01;0;5.33737;1;0;-1
0;137;-5.9231;20.9935;-55.1519;10.3787;4682.93;6.24056;0;0;0.1;0.01;0;6.33311;0;0;-1
0;138;-8.23927;36.9518;-55.4931;10.3709;4672.38;6.23587;0;0;0.1;0.01;0;6.41001;0;0;-1
0;139;-5.83086;54.9363;-55.1048;10.4463;4775.03;6.28121;0;0;0.1;0.01;0;6.18372;0;0;-1
0;140;-8.719;70.3236;-55.132;8.9171;2970.02;5.36172;0;0;0.1;0.01;0;3.30286;0;0;-1
0;141;8.98337;-74.32;-56.9033;8.95921;3012.3;5.38704;0;0;0.1;0.01;0;3.46714;0;0;-1
0;142;6.86006;-58.0812;-56.216;9.9375;4110.74;5.97527;0;0;0.1;0.01;0;6.12538;0;0;-1
0;143;7.34405;-41.7026;-54.9349;8.5;2572.44;5.11093;0;0;0.1;0.01;0;4.38022;1;0;-1
0;144;9.40196;-22.7161;-56.6018;9.348;3421.72;5.62082;0;0;0.1;0.01;0;6.49565;0;0;-1
0;145;6.03096;-8.01748;-56.8632;9.37777;3454.52;5.63872;0;0;0.1;0.01;0;6.47303;0;0;-1
0;146;5.61265;9.71942;-55.2397;8.95394;3006.98;5.38387;0;0;0.1;0.01;0;4.27951;0;0;-1
0;147;8.44392;27.7508;-53.9521;10.1128;4332.14;6.08068;0;0;0.1;0.01;0;6.67602;0;0;-1
0;148;8.53548;44.9751;-55.9751;10.2821;4553.38;6.18248;0;0;0.1;0.01;0;7.63871;0;0;-1
0;149;8.84282;59.8439;-57.7169;8.76315;2818.83;5.26915;0;0;0.1;0.01;0;5.80981;0;0;-1
0;150;8.56959;79.843;-54.3449;9.33081;3402.88;5.61048;0;0;0.1;0.01;0;2.80646;0;0;-1
0;151;22.2793;-64.2604;-56.6565;9.79249;3933.4;5.88808;0;0;0.1;0.01;0;4.96738;0;0;-1
0;152;24.1802;-49.9849;-53.7202;8.97699;3030.27;5.39773;0;0;0.1;0.01;0;5.39934;0;0;-1
0;153;20.2912;-32.6122;-55.2886;9.10775;3164.62;5.47636;0;0;0.1;0.01;0;5.15294;0;0;-1
0;154;20.5197;-12.7101;-57.3695;9.31056;3380.77;5.5983;0;0;0.1;0.01;0;6.00942;0;0;-1
0;155;23.6293;1.42237;-56.4421;9.29185;3360.43;5.58705;0;0;0.1;0.01;0;5.67989;0;0;-1
0;156;23.7515;20.6587;-55.7413;10.1452;4373.92;6.10016;0;0;0.1;0.01;0;6.42635;0;0;-1
0;157;22.6833;38.2415;-56.2102;10.0929;4306.62;6.06871;0;0;0.1;0.01;0;7.04024;0;0;-1
0;158;22.9272;54.3763;-53.9789;10.4336;4757.64;6.27357;0;0;0.1;0.01;0;7.09898;0;0;-1
0;159;22.0549;70.5662;-57.6887;9.08793;3144.01;5.46444;0;0;0.1;0.01;0;2.47043;0;0;-1
0;160;38.5716;-56.0252;-56.4276;9.06067;3115.8;5.44805;0;0;0.1;0.01;0;4.55387;0;0;-1
0;161;34.9347;-38.3575;-54.7204;8.60039;2664.67;5.17129;0;0;0.1;0.01;0;5.32515;0;0;-1
0;162;38.525;-25.0976;-56.4508;9.04343;3098.05;5.43768;0;0;0.1;0.01;0;5.60433;0;0;-1
0;163;37.2084;-5.69507;-54.8342;8.57831;2644.2;5.15801;0;0;0.1;0.01;0;5.96683;0;0;-1
0;164;38.4598;8.33312;-55.4086;9.23354;3297.56;5.55199;0;0;0.1;0.01;0;6.96343;0;0;-1
0;165;38.8671;25.4331;-54.6036;9.85015;4003.29;5.92275;0;0;0.1;0.01;0;6.32589;0;0;-1
0;166;36.7824;46.1516;-56.6532;9.17439;3234.6;5.51643;0;0;0.1;0.01;0;5.85537;0;0;-1
0;167;36.367;60.7297;-54.1151;8.5;2572.44;5.11093;0;0;0.1;0.01;0;4.54219;1;0;-1
0;168;52.8863;-50.96;-56.0627;8.97539;3028.65;5.39677;0;0;0.1;0.01;0;3.28636;0;0;-1
0;169;52.0679;-31.0906;-54.1373;9.95776;4135.93;5.98746;0;0;0.1;0.01;0;5.73022;0;0;-1
0;170;52.91;-15.0613;-54.3821;8.5;2572.44;5.11093;0;0;0.1;0.01;0;5.22939;1;0;-1
0;171;52.2512;0.0394835;-54.3868;9.99184;4178.54;6.00795;0;0;0.1;0.01;0;7.51545;0;0;-1
0;172;51.1923;18.0877;-56.0393;9.0008;3054.44;5.41205;0;0;0.1;0.01;0;6.79069;0;0;-1
0;173;52.9419;34.0766;-55.7658;9.24176;3306.38;5.55694;0;0;0.1;0.01;0;5.31025;0;0;-1
0;174;52.697;55.2608;-56.5046;10.1122;4331.37;6.08032;0;0;0.1;0.01;0;4.26899;0;0;-1
0;175;64.6214;-40.8708;-56.676;9.03274;3087.07;5.43126;0;0;0.1;0.01;0;2.9945;0;0;-1
0;176;67.2828;-25.0823;-56.1085;9.38578;3463.38;5.64353;0;0;0.1;0.01;0;4.4224;0;0;-1
0;177;67.7733;-4.50149;-55.1294;8.5;2572.44;5.11093;0;0;0.1;0.01;0;5.14016;1;0;-1
0;178;65.8295;11.9941;-53.8095;9.54477;3642.38;5.73913;0;0;0.1;0.01;0;5.87314;0;0;-1
0;179;66.0105;26.6444;-55.2806;8.5;2572.44;5.11093;0;0;0.1;0.01;0;3.88806;1;0;-1
0;180;64.7724;46.063;-54.3218;9.81335;3958.59;5.90062;0;0;0.1;0.01;0;3.3953;0;0;-1
0;181;79.716;-16.8512;-56.758;10.1836;4423.77;6.12325;0;0;0.1;0.01;0;2.82869;0;0;-1
0;182;82.2233;1.11605;-54.4699;8.92226;2975.18;5.36483;0;0;0.1;0.01;0;2.82738;0;0;-1
0;183;-87.5151;-21.6634;-40.6298;9.37018;3446.14;5.63415;0;0;0.1;0.01;0;3.14598;0;0;-1
0;184;-84.1198;-8.17229;-40.1247;10.0307;4227.49;6.03131;0;0;0.1;0.01;0;5.21973;0;0;-1
0;185;-86.3099;12.3514;-39.6327;9.63572;3747.5;5.79382;0;0;0.1;0.01;0;4.43914;0;0;-1
0;186;-86.6568;29.337;-39.2282;9.84885;4001.71;5.92197;0;0;0.1;0.01;0;3.00479;0;0;-1
0;187;-70.1812;-48.0399;-39.6429;8.5;2572.44;5.11093;0;0;0.1;0.01;0;4.05731;1;0;-1
0;188;-72.1219;-33.9458;-41.5633;10.2288;4482.94;6.15043;0;0;0.1;0.01;0;5.02627;0;0;-1
0;189;-71.595;-14.5655;-41.6284;8.5;2572.44;5.11093;0;0;0.1;0.01;0;5.38689;1;0;-1
0;190;-72.6831;3.61381;-40.9291;10.2704;4537.86;6.17544;0;0;0.1;0.01;0;7.38609;0;0;-1
0;191;-70.509;19.0699;-42.0672;9.73679;3866.66;5.85459;0;0;0.1;0.01;0;6.24025;0;0;-1
0;192;-69.9877;37.0799;-42.9212;9.92192;4091.44;5.96591;0;0;0.1;0.01;0;5.6833;0;0;-1
0;193;-72.6569;51.3915;-41.1044;9.59208;3696.81;5.76758;0;0;0.1;0.01;0;3.09421;0;0;-1
0;194;-56.9515;-59.2045;-39.931;10.3288;4615.71;6.21056;0;0;0.1;0.01;0;5.24975;0;0;-1
0;195;-56.7273;-39.4586;-41.8742;9.50868;3601.22;5.71743;0;0;0.1;0.01;0;6.64086;0;0;-1
0;196;-54.1657;-24.6416;-40.9049;9.31218;3382.54;5.59928;0;0;0.1;0.01;0;5.42153;0;0;-1
0;197;-57.4665;-7.32774;-42.0173;10.0834;4294.47;6.063;0;0;0.1;0.01;0;6.99;0;0;-1
0;198;-55.0626;9.53972;-39.8518;10.2811;4552.05;6.18188;0;0;0.1;0.01;0;6.7141;0;0;-1
0;199;-55.5405;25.8741;-41.5497;9.89022;4052.35;5.94685;0;0;0.1;0.01;0;6.11493;0;0;-1
0;200;-56.9719;42.6516;-40.1061;9.6706;3788.34;5.81479;0;0;0.1;0.01;0;6.52775;0;0;-1
0;201;-54.2538;60.4478;-39.5939;9.62047;3729.73;5.78465;0;0;0.1;0.01;0;5.24039;0;0;-1
0;202;-40.519;-80.6266;-40.9837;8.5;2572.44;5.11093;0;0;0.1;0.01;0;2.97131;1;0;-1
0;203;-41.6781;-65.8976;-39.2299;9.46189;3548.32;5.6893;0;0;0.1;0.01;0;6.38309;0;0;-1
0;204;-43.0534;-47.5199;-41.7199;8.5;2572.44;5.11093;0;0;0.1;0.01;0;4.90195;1;0;-1
0;205;-42.573;-31.6919;-42.2054;8.64528;2706.61;5.19828;0;0;0.1;0.01;0;5.09434;0;0;-1
0;206;-40.2499;-13.4536;-40.6584;9.60474;3711.47;5.77519;0;0;0.1;0.01;0;6.10267;0;0;-1
0;207;-42.0116;1.95562;-39.9922;9.25091;3316.21;5.56244;0;0;0.1;0.01;0;6.47539;0;0;-1
0;208;-41.7843;19.6612;-42.4146;8.59492;2659.59;5.168;0;0;0.1;0.01;0;5.91429;0;0;-1
0;209;-41.4523;34.4599;-41.412;8.78789;2842.77;5.28403;0;0;0.1;0.01;0;5.64154;0;0;-1
0;210;-40.272;53.6142;-41.2201;9.53739;3633.94;5.73469;0;0;0.1;0.01;0;7.0725;0;0;-1
0;211;-40.8057;68.4788;-42.138;10.3601;4657.8;6.22938;0;0;0.1;0.01;0;6.08064;0;0;-1
0;212;-27.6608;-72.9673;-42.8753;9.39388;3472.35;5.6484;0;0;0.1;0.01;0;6.10711;0;0;-1
0;213;-28.1449;-57.7306;-40.4617;10.4418;4768.86;6.2785;0;0;0.1;0.01;0;7.09502;0;0;-1
0;214;-25.2965;-38.5034;-42.3667;9.23225;3296.18;5.55122;0;0;0.1;0.01;0;5.32727;0;0;-1
0;215;-25.0119;-22.3772;-39.8195;9.9908;4177.24;6.00732;0;0;0.1;0.01;0;6.38994;0;0;-1
0;216;-24.7434;-5.17737;-40.6544;8.87426;2927.42;5.33596;0;0;0.1;0.01;0;5.61361;0;0;-1
0;217;-25.451;9.76112;-41.0453;8.5;2572.44;5.11093;0;0;0.1;0.01;0;4.04329;1;0;-1
0;218;-28.1753;27.0152;-42.0188;9.3773;3454;5.63843;0;0;0.1;0.01;0;5.48844;0;0;-1
0;219;-27.2205;44.1211;-42.0981;9.59228;3697.04;5.7677;0;0;0.1;0.01;0;6.10515;0;0;-1
0;220;-27.558;60.5367;-40.7633;9.41372;3494.4;5.66033;0;0;0.1;0.01;0;7.06719;0;0;-1
0;221;-25.0128;77.1727;-42.0802;9.57316;3674.98;5.7562;0;0;0.1;0.01;0;5.24549;0;0;-1
0;222;-12.9879;-83.142;-42.169;8.61093;2674.48;5.17763;0;0;0.1;0.01;0;4.03682;0;0;-1
0;223;-12.9511;-67.6069;-39.739;10.0617;4266.8;6.04995;0;0;0.1;0.01;0;6.69573;0;0;-1
0;224;-12.3962;-49.3758;-41.8338;9.18212;3242.78;5.52108;0;0;0.1;0.01;0;5.31982;0;0;-1
0;225;-9.78377;-33.3257;-39.834;9.50911;3601.71;5.71769;0;0;0.1;0.01;0;6.11609;0;0;-1
0;226;-13.0718;-15.5109;-40.7605;8.69144;2750.2;5.22604;0;0;0.1;0.01;0;6.37345;0;0;-1
0;227;-11.0654;0.259896;-41.4458;8.66025;2720.7;5.20728;0;0;0.1;0.01;0;5.45213;0;0;-1
0;228;-12.5364;20.0316;-39.3406;9.95302;4130.03;5.98461;0;0;0.1;0.01;0;6.16032;0;0;-1
0;229;-9.96033;34.3138;-39.7635;8.5;2572.44;5.11093;0;0;0.1;0.01;0;6.08686;1;0;-1
0;230;-11.5628;52.965;-39.3552;10.1789;4417.65;6.12042;0;0;0.1;0.01;0;6.47169;0;0;-1
0;231;-11.1002;70.7596;-40.0358;9.43087;3513.53;5.67065;0;0;0.1;0.01;0;5.57723;0;0;-1
0;232;-9.78729;87.1012;-39.958;8.5;2572.44;5.11093;0;0;0.1;0.01;0;2.38963;1;0;-1
0;233;2.81905;-89.5432;-42.0504;9.11671;3173.97;5.48175;0;0;0.1;0.01;0;2.88053;0;0;-1
0;234;4.67924;-74.928;-41.1609;8.55271;2620.59;5.14262;0;0;0.1;0.01;0;5.17643;0;0;-1
0;235;2.01424;-59.7567;-39.3779;9.47364;3561.55;5.69636;0;0;0.1;0.01;0;5.41901;0;0;-1
0;236;3.6286;-40.7661;-39.8003;8.5;2572.44;5.11093;0;0;0.1;0.01;0;4.85044;1;0;-1
0;237;4.67452;-25.2816;-39.5117;9.5216;3615.92;5.7252;0;0;0.1;0.01;0;6.13976;0;0;-1
0;238;1.23589;-8.08308;-42.4292;10.2613;4525.8;6.16997;0;0;0.1;0.01;0;6.26683;0;0;-1
0;239;3.2174;10.4456;-41.0058;8.61838;2681.42;5.18211;0;0;0.1;0.01;0;4.36918;0;0;-1
0;240;4.07483;27.1892;-39.4764;8.90471;2957.66;5.35427;0;0;0.1;0.01;0;6.72728;0;0;-1
0;241;1.22597;43.0332;-40.2749;10.0973;4312.25;6.07136;0;0;0.1;0.01;0;7.97783;0;0;-1
0;242;1.52461;60.6199;-40.9746;8.5;2572.44;5.11093;0;0;0.1;0.01;0;5.36315;1;0;-1
0;243;3.95302;76.384;-41.07;9.14274;3201.24;5.4974;0;0;0.1;0.01;0;5.26529;0;0;-1
0;244;17.6728;-82.3249;-42.0901;8.5;2572.44;5.11093;0;0;0.1;0.01;0;3.29402;1;0;-1
0;245;18.2133;-65.455;-39.2902;10.2625;4527.39;6.17069;0;0;0.1;0.01;0;5.88472;0;0;-1
0;246;17.9183;-46.4603;-40.8024;8.89095;2943.97;5.346;0;0;0.1;0.01;0;5.26685;0;0;-1
0;247;17.8356;-31.7625;-41.1598;8.5;2572.44;5.11093;0;0;0.1;0.01;0;5.83826;1;0;-1
0;248;19.0981;-15.4959;-41.7731;9.48375;3572.97;5.70244;0;0;0.1;0.01;0;5.92435;0;0;-1
0;249;19.7511;1.94184;-42.1582;9.10927;3166.21;5.47727;0;0;0.1;0.01;0;4.6929;0;0;-1
0;250;17.6664;17.735;-40.5162;9.27102;3337.88;5.57453;0;0;0.1;0.01;0;5.59958;0;0;-1
0;251;19.028;36.7148;-42.8433;9.9124;4079.67;5.96018;0;0;0.1;0.01;0;7.63406;0;0;-1
0;252;16.7938;52.0139;-39.693;10.0976;4312.64;6.07154;0;0;0.1;0.01;0;7.44193;0;0;-1
0;253;18.7599;68.4687;-41.1969;10.3155;4597.9;6.20256;0;0;0.1;0.01;0;5.94166;0;0;-1
0;254;16.41;87.4195;-41.1261;10.0767;4285.92;6.05897;0;0;0.1;0.01;0;3.14622;0;0;-1
0;255;32.9523;-75.6336;-42.5099;8.64912;2710.22;5.20059;0;0;0.1;0.01;0;2.25056;0;0;-1
0;256;30.5622;-56.4925;-40.5198;9.0958;3152.18;5.46917;0;0;0.1;0.01;0;6.27813;0;0;-1
0;257;33.7148;-41.1818;-40.465;10.005;4195.08;6.01586;0;0;0.1;0.01;0;7.65266;0;0;-1
0;258;32.7755;-25.2905;-41.5682;10.1242;4346.81;6.08753;0;0;0.1;0.01;0;7.40589;0;0;-1
0;259;33.738;-8.05017;-42.0284;8.5;2572.44;5.11093;0;0;0.1;0.01;0;4.72492;1;0;-1
0;260;33.8449;10.0402;-42.2878;8.5;2572.44;5.11093;0;0;0.1;0.01;0;5.10353;1;0;-1
0;261;33.8484;29.5183;-39.8807;8.93213;2985.06;5.37076;0;0;0.1;0.01;0;6.03374;0;0;-1
0;262;32.9432;46.1561;-39.4232;10.038;4236.72;6.0357;0;0;0.1;0.01;0;7.76786;0;0;-1
0;263;33.9191;60.085;-39.7044;9.38769;3465.49;5.64468;0;0;0.1;0.01;0;6.20813;0;0;-1
0;264;33.5546;79.838;-40.4236;8.95437;3007.42;5.38413;0;0;0.1;0.01;0;2.74555;0;0;-1
0;265;47.8242;-65.2741;-41.6077;8.94443;2997.41;5.37816;0;0;0.1;0.01;0;2.46465;0;0;-1
0;266;47.1412;-47.7051;-39.9496;9.52788;3623.08;5.72898;0;0;0.1;0.01;0;5.80273;0;0;-1
0;267;47.7654;-30.2378;-39.2225;10.3176;4600.71;6.20382;0;0;0.1;0.01;0;7.65919;0;0;-1
0;268;46.7901;-14.9372;-42.5876;10.067;4273.55;6.05314;0;0;0.1;0.01;0;7.77862;0;0;-1
0;269;46.0814;2.87824;-42.1833;8.5;2572.44;5.11093;0;0;0.1;0.01;0;6.20115;1;0;-1
0;270;47.7577;16.8704;-43.0427;10.1627;4396.59;6.11068;0;0;0.1;0.01;0;7.43955;0;0;-1
0;271;46.8487;37.967;-41.0977;9.52653;3621.54;5.72816;0;0;0.1;0.01;0;6.19088;0;0;-1
0;272;46.7015;52.1406;-42.8759;9.67637;3795.12;5.81826;0;0;0.1;0.01;0;6.60583;0;0;-1
0;273;46.8325;69.2581;-39.8941;9.92643;4097.02;5.96862;0;0;0.1;0.01;0;4.49781;0;0;-1
0;274;60.3753;-55.3624;-39.3277;9.8308;3979.74;5.91112;0;0;0.1;0.01;0;4.74481;0;0;-1
0;275;63.9921;-41.6899;-39.8261;8.94562;2998.61;5.37887;0;0;0.1;0.01;0;4.28019;0;0;-1
0;276;61.2115;-23.3542;-39.8327;8.55006;2618.16;5.14103;0;0;0.1;0.01;0;5.5425;0;0;-1
0;277;63.4172;-7.79611;-42.3291;9.67674;3795.56;5.81848;0;0;0.1;0.01;0;6.80322;0;0;-1
0;278;63.5991;8.22822;-39.4671;10.0114;4203.13;6.01971;0;0;0.1;0.01;0;6.55989;0;0;-1
0;279;63.0214;26.1901;-42.2773;10.0357;4233.81;6.03432;0;0;0.1;0.01;0;6.07483;0;0;-1
0;280;61.5483;42.1364;-41.1968;8.88075;2933.85;5.33987;0;0;0.1;0.01;0;5.08244;0;0;-1
0;281;61.9987;60.4231;-42.4624;9.23144;3295.32;5.55073;0;0;0.1;0.01;0;3.67789;0;0;-1
0;282;74.9456;-32.4938;-43.174;9.0112;3065.04;5.4183;0;0;0.1;0.01;0;3.21774;0;0;-1
0;283;77.7416;-14.9962;-41.1249;8.62851;2690.89;5.1882;0;0;0.1;0.01;0;4.46703;0;0;-1
0;284;76.3286;-0.0860989;-41.4693;10.2851;4557.37;6.18428;0;0;0.1;0.01;0;6.87657;0;0;-1
0;285;78.74;19.7277;-42.8207;8.99017;3043.63;5.40566;0;0;0.1;0.01;0;3.33147;0;0;-1
0;286;76.5375;34.3406;-41.9411;9.23964;3304.1;5.55566;0;0;0.1;0.01;0;3.54094;0;0;-1
0;287;90.5165;-4.55819;-40.5381;8.7003;2758.62;5.23136;0;0;0.1;0.01;0;2.23235;0;0;-1
0;288;-95.1292;-13.5107;-24.7013;8.77145;2826.85;5.27415;0;0;0.1;0.01;0;3.17548;0;0;-1
0;289;-95.6346;1.24856;-26.0976;9.92316;4092.97;5.96665;0;0;0.1;0.01;0;3.87508;0;0;-1
0;290;-80.8686;-41.503;-24.6609;9.90428;4069.65;5.9553;0;0;0.1;0.01;0;2.88581;0;0;-1
0;291;-81.7979;-23.4403;-27.3467;9.5595;3659.27;5.74799;0;0;0.1;0.01;0;3.86533;0;0;-1
0;292;-78.9066;-4.65434;-26.4848;10.0423;4242.17;6.03829;0;0;0.1;0.01;0;5.592;0;0;-1
0;293;-82.575;10.9693;-26.4505;10.1274;4350.93;6.08946;0;0;0.1;0.01;0;6.286;0;0;-1
0;294;-82.4157;27.6813;-25.1472;10.0349;4232.8;6.03384;0;0;0.1;0.01;0;5.02558;0;0;-1
0;295;-80.4013;44.5611;-28.1121;9.88358;4044.19;5.94285;0;0;0.1;0.01;0;3.2844;0;0;-1
0;296;-64.0814;-67.8791;-25.9961;8.5;2572.44;5.11093;0;0;0.1;0.01;0;2.51713;1;0;-1
0;297;-64.3834;-48.9927;-26.1286;8.77835;2833.53;5.27829;0;0;0.1;0.01;0;4.35626;0;0;-1
0;298;-64.5297;-31.2632;-25.457;9.74862;3880.77;5.8617;0;0;0.1;0.01;0;5.46831;0;0;-1
0;299;-64.486;-12.894;-26.9917;9.28066;3348.31;5.58033;0;0;0.1;0.01;0;5.55872;0;0;-1
0;300;-66.0796;4.4441;-26.0271;8.5;2572.44;5.11093;0;0;0.1;0.01;0;5.94034;1;0;-1
0;301;-65.4678;20.2174;-26.9316;8.59094;2655.89;5.16561;0;0;0.1;0.01;0;5.71413;0;0;-1
0;302;-64.6857;35.2193;-27.1704;10.0497;4251.56;6.04274;0;0;0.1;0.01;0;6.30952;0;0;-1
0;303;-64.5464;50.9156;-26.2306;9.27992;3347.51;5.57988;0;0;0.1;0.01;0;5.75051;0;0;-1
0;304;-66.6777;68.6695;-26.7093;9.4554;3541.02;5.68539;0;0;0.1;0.01;0;2.15001;0;0;-1
0;305;-49.7079;-72.5004;-27.7935;8.99661;3050.18;5.40953;0;0;0.1;0.01;0;5.22811;0;0;-1
0;306;-49.6144;-58.1787;-26.2919;9.25063;3315.91;5.56227;0;0;0.1;0.01;0;6.29272;0;0;-1
0;307;-51.5444;-39.7154;-26.3484;9.3425;3415.69;5.61751;0;0;0.1;0.01;0;6.00688;0;0;-1
0;308;-52.4117;-23.1154;-27.5497;9.77632;3913.95;5.87836;0;0;0.1;0.01;0;6.55477;0;0;-1
0;309;-50.4819;-7.03658;-27.8096;9.73264;3861.72;5.8521;0;0;0.1;0.01;0;6.60905;0;0;-1
0;310;-53.0207;8.65182;-26.3258;8.9409;2993.87;5.37603;0;0;0.1;0.01;0;5.48831;0;0;-1
0;311;-51.1152;26.7843;-24.4721;9.14375;3202.3;5.498;0;0;0.1;0.01;0;5.57763;0;0;-1
0;312;-49.9888;45.511;-24.8752;9.78011;3918.5;5.88064;0;0;0.1;0.01;0;7.33794;0;0;-1
0;313;-50.6674;62.4895;-25.5789;8.75947;2815.28;5.26694;0;0;0.1;0.01;0;6.08448;0;0;-1
0;314;-51.7947;78.4847;-28.2579;8.72318;2780.44;5.24512;0;0;0.1;0.01;0;2.6516;0;0;-1
0;315;-36.4332;-82.1774;-26.52;10.3133;4594.96;6.20124;0;0;0.1;0.01;0;6.19528;0;0;-1
0;316;-34.9843;-67.3051;-26.8043;8.88636;2939.41;5.34324;0;0;0.1;0.01;0;6.99011;0;0;-1
0;317;-38.3691;-47.1079;-27.1476;10.1598;4392.83;6.10894;0;0;0.1;0.01;0;5.71158;0;0;-1
0;318;-36.0587;-30.0858;-26.0678;9.32899;3400.89;5.60939;0;0;0.1;0.01;0;6.11418;0;0;-1
0;319;-34.6339;-13.76;-26.8036;8.77558;2830.85;5.27663;0;0;0.1;0.01;0;5.01425;0;0;-1
0;320;-36.5879;4.31526;-27.4482;8.5;2572.44;5.11093;0;0;0.1;0.01;0;4.19327;1;0;-1
0;321;-38.357;18.5459;-27.479;9.50184;3593.45;5.71332;0;0;0.1;0.01;0;5.4549;0;0;-1
0;322;-38.2437;34.5878;-25.1735;8.5;2572.44;5.11093;0;0;0.1;0.01;0;5.50137;1;0;-1
0;323;-37.6471;52.2777;-27.8662;9.223;3286.29;5.54566;0;0;0.1;0.01;0;6.07325;0;0;-1
0;324;-38.2097;67.7235;-25.763;8.5;2572.44;5.11093;0;0;0.1;0.01;0;4.48573;1;0;-1
0;325;-35.5408;85.8443;-24.9486;10.2803;4550.99;6.1814;0;0;0.1;0.01;0;3.74653;0;0;-1
0;326;-21.7872;-90.7787;-25.2893;10.3383;4628.45;6.21627;0;0;0.1;0.01;0;3.98722;0;0;-1
0;327;-20.5834;-73.0887;-27.0246;10.1729;4409.84;6.11682;0;0;0.1;0.01;0;8.27791;0;0;-1
0;328;-20.3468;-59.1614;-26.3111;9.74517;3876.65;5.85963;0;0;0.1;0.01;0;7.2681;0;0;-1
0;329;-22.0207;-40.5905;-26.6556;8.61701;2680.15;5.18128;0;0;0.1;0.01;0;4.98793;0;0;-1
0;330;-21.3623;-21.1062;-24.9733;10.094;4308.03;6.06938;0;0;0.1;0.01;0;6.84145;0;0;-1
0;331;-19.7203;-5.48388;-28.0843;8.5;2572.44;5.11093;0;0;0.1;0.01;0;4.64954;1;0;-1
0;332;-21.3132;11.8066;-25.7742;8.5;2572.44;5.11093;0;0;0.1;0.01;0;4.00172;1;0;-1
0;333;-22.7763;28.7627;-27.7789;8.64731;2708.52;5.1995;0;0;0.1;0.01;0;5.10125;0;0;-1
0;334;-21.267;44.771;-27.8838;9.74786;3879.86;5.86125;0;0;0.1;0.01;0;5.84158;0;0;-1
0;335;-21.6928;62.173;-26.6144;9.66986;3787.47;5.81435;0;0;0.1;0.01;0;6.33906;0;0;-1
0;336;-22.8388;78.7598;-27.9071;9.43208;3514.88;5.67137;0;0;0.1;0.01;0;5.63176;0;0;-1
0;337;-5.9414;-81.2658;-28.6507;9.37792;3454.68;5.63881;0;0;0.1;0.01;0;6.09324;0;0;-1
0;338;-7.90832;-66.6043;-26.3301;9.47884;3567.42;5.69949;0;0;0.1;0.01;0;6.68972;0;0;-1
0;339;-8.56256;-48.5891;-24.3797;9.13807;3196.33;5.49459;0;0;0.1;0.01;0;5.1862;0;0;-1
0;340;-8.19891;-29.688;-25.5403;8.77274;2828.1;5.27492;0;0;0.1;0.01;0;5.56706;0;0;-1
0;341;-6.00947;-13.326;-27.8159;9.41095;3491.31;5.65867;0;0;0.1;0.01;0;6.59788;0;0;-1
0;342;-5.49526;1.9303;-27.6427;8.53399;2603.42;5.13136;0;0;0.1;0.01;0;5.70968;0;0;-1
0;343;-6.60873;21.1278;-25.6288;9.60397;3710.57;5.77473;0;0;0.1;0.01;0;6.7;0;0;-1
0;344;-7.09543;35.4096;-27.0981;9.34522;3418.67;5.61915;0;0;0.1;0.01;0;7.48396;0;0;-1
0;345;-7.92856;51.5146;-26.0267;8.65073;2711.73;5.20156;0;0;0.1;0.01;0;5.61149;0;0;-1
0;346;-9.34476;72.1647;-24.484;8.6207;2683.59;5.1835;0;0;0.1;0.01;0;5.03831;0;0;-1
0;347;-9.10224;88.2395;-25.6675;8.64271;2704.2;5.19674;0;0;0.1;0.01;0;3.97082;0;0;-1
0;348;9.34802;-90.4763;-25.4094;10.3115;4592.55;6.20016;0;0;0.1;0.01;0;4.27692;0;0;-1
0;349;6.59571;-75.7928;-25.3151;9.7822;3921.01;5.88189;0;0;0.1;0.01;0;6.67435;0;0;-1
0;350;9.44157;-58.6583;-25.7714;9.33001;3402;5.61;0;0;0.1;0.01;0;5.80918;0;0;-1
0;351;5.72593;-40.0299;-25.3956;9.62018;3729.39;5.78447;0;0;0.1;0.01;0;6.09951;0;0;-1
0;352;8.26839;-25.5183;-26.5901;8.72878;2785.8;5.24849;0;0;0.1;0.01;0;5.8621;0;0;-1
0;353;9.02411;-8.76772;-27.6983;10.2426;4501.11;6.15873;0;0;0.1;0.01;0;6.79701;0;0;-1
0;354;5.5141;9.937;-25.5112;9.14542;3204.05;5.49901;0;0;0.1;0.01;0;4.58367;0;0;-1
0;355;9.43586;29.3298;-27.662;10.081;4291.4;6.06156;0;0;0.1;0.01;0;6.86115;0;0;-1
0;356;6.25193;44.0456;-25.2429;10.3766;4680.09;6.2393;0;0;0.1;0.01;0;7.20044;0;0;-1
0;357;6.86908;63.4096;-24.6235;10.1832;4423.25;6.12301;0;0;0.1;0.01;0;6.8067;0;0;-1
0;358;5.89806;78.2878;-28.0054;9.05381;3108.73;5.44392;0;0;0.1;0.01;0;5.55676;0;0;-1
0;359;8.24226;95.6204;-26.8457;10.0208;4214.98;6.02536;0;0;0.1;0.01;0;2.99515;0;0;-1
0;360;22.5777;-82.3661;-25.215;9.14669;3205.39;5.49977;0;0;0.1;0.01;0;4.65947;0;0;-1
0;361;23.7006;-65.8989;-25.4737;9.51617;3609.73;5.72193;0;0;0.1;0.01;0;5.43844;0;0;-1
0;362;23.2768;-47.2913;-27.433;10.114;4333.69;6.0814;0;0;0.1;0.01;0;6.26023;0;0;-1
0;363;22.7903;-31.7616;-26.0498;9.7203;3847.05;5.84468;0;0;0.1;0.01;0;6.89853;0;0;-1
0;364;22.1286;-16.0911;-25.5864;10.0142;4206.66;6.02139;0;0;0.1;0.01;0;6.73044;0;0;-1
0;365;22.3155;1.0144;-26.8059;9.03568;3090.09;5.43302;0;0;0.1;0.01;0;5.17086;0;0;-1
0;366;23.3868;18.188;-28.0162;9.62583;3735.97;5.78787;0;0;0.1;0.01;0;6.25479;0;0;-1
0;367;23.2498;34.9354;-27.5214;9.48752;3577.23;5.70471;0;0;0.1;0.01;0;7.41937;0;0;-1
0;368;20.5956;51.1094;-24.5186;9.78732;3927.17;5.88497;0;0;0.1;0.01;0;6.26164;0;0;-1
0;369;20.2944;69.1539;-26.9507;9.41126;3491.66;5.65885;0;0;0.1;0.01;0;5.36314;0;0;-1
0;370;23.3576;84.575;-24.8086;9.48309;3572.22;5.70204;0;0;0.1;0.01;0;4.9003;0;0;-1
0;371;38.0661;-75.9979;-27.1012;9.08221;3138.07;5.461;0;0;0.1;0.01;0;3.9403;0;0;-1
0;372;35.2271;-56.9172;-27.0364;8.68961;2748.46;5.22494;0;0;0.1;0.01;0;5.60561;0;0;-1
0;373;37.5301;-39.9407;-26.8256;9.92192;4091.44;5.96591;0;0;0.1;0.01;0;7.96725;0;0;-1
0;374;37.6923;-23.1667;-27.6881;9.98008;4163.81;6.00088;0;0;0.1;0.01;0;7.59077;0;0;-1
0;375;37.4563;-7.20935;-24.84;9.68117;3800.77;5.82115;0;0;0.1;0.01;0;6.56983;0;0;-1
0;376;35.1277;8.91604;-26.7915;8.8148;2868.97;5.30021;0;0;0.1;0.01;0;5.30913;0;0;-1
0;377;37.2253;25.3899;-24.7108;9.96675;4147.15;5.99286;0;0;0.1;0.01;0;6.87882;0;0;-1
0;378;37.0145;42.1401;-27.1002;9.84583;3998.03;5.92015;0;0;0.1;0.01;0;6.57916;0;0;-1
0;379;38.4473;63.6753;-24.9007;8.5;2572.44;5.11093;0;0;0.1;0.01;0;4.58624;1;0;-1
0;380;36.7509;78.8124;-24.8737;8.5;2572.44;5.11093;0;0;0.1;0.01;0;4.35247;1;0;-1
0;381;50.4369;-66.6503;-24.7867;10.2137;4463.11;6.14135;0;0;0.1;0.01;0;5.56979;0;0;-1
0;382;49.9667;-50.7736;-25.2887;10.1728;4409.71;6.11676;0;0;0.1;0.01;0;6.85154;0;0;-1
0;383;50.0718;-33.42;-25.033;8.55599;2623.61;5.14459;0;0;0.1;0.01;0;5.20383;0;0;-1
0;384;52.7137;-15.5637;-26.857;9.21838;3281.35;5.54288;0;0;0.1;0.01;0;6.25937;0;0;-1
0;385;51.8184;1.73615;-28.3318;10.0155;4208.3;6.02217;0;0;0.1;0.01;0;7.16935;0;0;-1
0;386;50.1111;17.795;-28.515;9.04577;3100.45;5.43909;0;0;0.1;0.01;0;6.16842;0;0;-1
0;387;50.3088;34.889;-25.0699;9.38364;3461.01;5.64225;0;0;0.1;0.01;0;5.57752;0;0;-1
0;388;52.9752;54.7683;-24.6926;8.65695;2717.59;5.2053;0;0;0.1;0.01;0;4.39683;0;0;-1
0;389;52.203;72.6217;-26.9416;9.78828;3928.33;5.88555;0;0;0.1;0.01;0;4.37789;0;0;-1
0;390;66.3588;-59.2046;-27.6313;8.99162;3045.11;5.40653;0;0;0.1;0.01;0;4.13196;0;0;-1
0;391;66.639;-42.2254;-25.0395;8.84857;2902.07;5.32052;0;0;0.1;0.01;0;5.48372;0;0;-1
0;392;67.4834;-23.2463;-24.87;10.3678;4668.19;6.23401;0;0;0.1;0.01;0;6.53759;0;0;-1
0;393;65.5582;-5.6002;-26.9248;8.9529;3005.94;5.38325;0;0;0.1;0.01;0;6.8398;0;0;-1
0;394;66.5836;9.45334;-25.0921;9.2484;3313.51;5.56093;0;0;0.1;0.01;0;5.82357;0;0;-1
0;395;64.8717;25.41;-25.6073;9.8348;3984.6;5.91352;0;0;0.1;0.01;0;4.8093;0;0;-1
0;396;66.3809;46.5067;-25.9037;10.0347;4232.55;6.03372;0;0;0.1;0.01;0;5.81696;0;0;-1
0;397;65.0711;62.2793;-27.5206;10.0508;4252.95;6.0434;0;0;0.1;0.01;0;4.96854;0;0;-1
0;398;79.419;-51.2649;-25.8178;10.1042;4321.1;6.07551;0;0;0.1;0.01;0;2.17759;0;0;-1
0;399;81.8782;-34.206;-24.8303;10.2512;4512.45;6.1639;0;0;0.1;0.01;0;3.41501;0;0;-1
0;400;80.7513;-16.8144;-25.3486;8.88357;2936.64;5.34156;0;0;0.1;0.01;0;4.46813;0;0;-1
0;401;79.7982;-0.229506;-26.2393;9.30496;3374.68;5.59494;0;0;0.1;0.01;0;4.8712;0;0;-1
0;402;83.2168;17.7951;-25.2709;9.79833;3940.44;5.89159;0;0;0.1;0.01;0;4.14604;0;0;-1
0;403;79.097;33.763;-27.9914;8.5;2572.44;5.11093;0;0;0.1;0.01;0;3.36696;1;0;-1
0;404;79.3727;54.6238;-26.5395;10.3516;4646.34;6.22427;0;0;0.1;0.01;0;2.7084;0;0;-1
0;405;-98.4406;0.960147;-11.8069;10.2755;4544.62;6.17851;0;0;0.1;0.01;0;3.70597;0;0;-1
0;406;-84.2838;-42.0835;-11.2493;9.08598;3141.98;5.46327;0;0;0.1;0.01;0;3.46812;0;0;-1
0;407;-84.3745;-23.5373;-10.3052;10.4098;4725.15;6.25926;0;0;0.1;0.01;0;5.7047;0;0;-1
0;408;-85.216;-7.13255;-12.4846;8.91246;2965.39;5.35893;0;0;0.1;0.01;0;5.2698;0;0;-1
0;409;-83.3475;11.6456;-11.9317;10.149;4378.83;6.10245;0;0;0.1;0.01;0;5.92282;0;0;-1
0;410;-84.8141;29.1414;-12.4272;8.5;2572.44;5.11093;0;0;0.1;0.01;0;4.12959;1;0;-1
0;411;-84.0306;42.4948;-11.3128;9.39125;3469.44;5.64682;0;0;0.1;0.01;0;4.12744;0;0;-1
0;412;-70.8154;-68.4408;-10.0652;8.78734;2842.24;5.2837;0;0;0.1;0.01;0;2.13476;0;0;-1
0;413;-69.2287;-49.2644;-11.9946;9.51949;3613.51;5.72393;0;0;0.1;0.01;0;4.76817;0;0;-1
0;414;-69.8915;-32.5551;-10.1395;9.37135;3447.43;5.63486;0;0;0.1;0.01;0;6.79765;0;0;-1
0;415;-72.1624;-15.7398;-11.6939;9.40543;3485.17;5.65535;0;0;0.1;0.01;0;6.58706;0;0;-1
0;416;-70.8006;3.17253;-10.3125;8.76929;2824.76;5.27285;0;0;0.1;0.01;0;6.07277;0;0;-1
0;417;-68.3511;17.3756;-12.9533;8.58719;2652.42;5.16335;0;0;0.1;0.01;0;4.93168;0;0;-1
0;418;-69.4936;36.4674;-11.9835;9.59908;3704.91;5.77179;0;0;0.1;0.01;0;6.34028;0;0;-1
0;419;-71.9168;53.7829;-13.0244;8.9755;3028.76;5.39684;0;0;0.1;0.01;0;4.41729;0;0;-1
0;420;-54.2888;-75.1342;-9.71966;8.85847;2911.82;5.32647;0;0;0.1;0.01;0;3.81344;0;0;-1
0;421;-56.6166;-58.2384;-12.3462;9.39962;3478.72;5.65186;0;0;0.1;0.01;0;5.3834;0;0;-1
0;422;-57.3287;-39.2011;-10.3168;8.57706;2643.04;5.15726;0;0;0.1;0.01;0;5.56596;0;0;-1
0;423;-57.3088;-23.9546;-11.8622;8.5;2572.44;5.11093;0;0;0.1;0.01;0;5.49319;1;0;-1
0;424;-55.2359;-7.22046;-11.8093;9.00601;3059.75;5.41518;0;0;0.1;0.01;0;5.50052;0;0;-1
0;425;-54.3073;8.60268;-12.5452;10.0595;4264.01;6.04863;0;0;0.1;0.01;0;5.98742;0;0;-1
0;426;-57.3437;29.771;-12.8229;8.5;2572.44;5.11093;0;0;0.1;0.01;0;5.63827;1;0;-1
0;427;-55.1165;44.723;-11.8285;9.28257;3350.37;5.58147;0;0;0.1;0.01;0;6.85737;0;0;-1
0;428;-57.9518;60.0292;-10.6866;9.74725;3879.14;5.86088;0;0;0.1;0.01;0;5.44958;0;0;-1
0;429;-42.7894;-83.6429;-13.2552;10.0889;4301.5;6.06631;0;0;0.1;0.01;0;4.25688;0;0;-1
0;430;-39.3535;-64.6268;-11.5676;9.79525;3936.73;5.88974;0;0;0.1;0.01;0;5.60773;0;0;-1
0;431;-41.0498;-49.3538;-10.686;8.52157;2592.07;5.1239;0;0;0.1;0.01;0;5.07724;0;0;-1
0;432;-41.2245;-32.6062;-12.3611;9.80366;3946.87;5.8948;0;0;0.1;0.01;0;6.13999;0;0;-1
0;433;-42.0821;-14.3468;-13.5191;10.014;4206.41;6.02127;0;0;0.1;0.01;0;6.08382;0;0;-1
0;434;-40.9219;3.07388;-10.7851;9.48602;3575.53;5.70381;0;0;0.1;0.01;0;5.7684;0;0;-1
0;435;-39.403;20.0889;-11.2064;10.0097;4200.99;6.01869;0;0;0.1;0.01;0;6.27718;0;0;-1
0;436;-42.1305;36.9073;-13.1733;9.33057;3402.62;5.61034;0;0;0.1;0.01;0;7.19929;0;0;-1
0;437;-42.6565;52.2152;-12.6245;8.5;2572.44;5.11093;0;0;0.1;0.01;0;5.05131;1;0;-1
0;438;-43.0028;70.6874;-12.5538;8.74544;2801.78;5.25851;0;0;0.1;0.01;0;4.72151;0;0;-1
0;439;-43.253;85.1322;-13.3298;8.5;2572.44;5.11093;0;0;0.1;0.01;0;3.425;1;0;-1
0;440;-27.901;-93.1798;-13.0866;9.62079;3730.1;5.78484;0;0;0.1;0.01;0;4.31919;0;0;-1
0;441;-28.1474;-76.872;-13.0045;10.1441;4372.49;6.0995;0;0;0.1;0.01;0;7.05499;0;0;-1
0;442;-24.6945;-56.5748;-12.2852;10.3899;4698.1;6.2473;0;0;0.1;0.01;0;7.30662;0;0;-1
0;443;-27.3646;-41.755;-10.1908;10.4383;4764.07;6.2764;0;0;0.1;0.01;0;7.63256;0;0;-1
0;444;-26.6292;-22.287;-11.865;10.2193;4470.46;6.14472;0;0;0.1;0.01;0;6.64821;0;0;-1
0;445;-24.9521;-7.30994;-10.3221;8.54228;2611.02;5.13635;0;0;0.1;0.01;0;4.69746;0;0;-1
0;446;-25.1406;9.14898;-10.2575;9.43114;3513.83;5.67081;0;0;0.1;0.01;0;5.17308;0;0;-1
0;447;-27.4333;28.4661;-10.582;10.2555;4518.13;6.16648;0;0;0.1;0.01;0;6.15161;0;0;-1
0;448;-28.3064;42.9583;-10.7766;9.06343;3118.65;5.44971;0;0;0.1;0.01;0;5.62675;0;0;-1
0;449;-24.4438;59.0706;-12.8428;8.80537;2859.77;5.29454;0;0;0.1;0.01;0;4.53555;0;0;-1
0;450;-24.7744;77.702;-12.245;9.85517;4009.41;5.92577;0;0;0.1;0.01;0;6.45237;0;0;-1
0;451;-24.8597;94.6724;-14.013;10.1999;4445.05;6.13305;0;0;0.1;0.01;0;3.54398;0;0;-1
0;452;-13.5497;-83.3048;-11.0883;8.5;2572.44;5.11093;0;0;0.1;0.01;0;4.4537;1;0;-1
0;453;-12.771;-65.4498;-13.255;8.5;2572.44;5.11093;0;0;0.1;0.01;0;5.5256;1;0;-1
0;454;-12.6969;-48.4385;-9.71364;9.49539;3586.14;5.70944;0;0;0.1;0.01;0;6.6076;0;0;-1
0;455;-11.4465;-32.3665;-11.7625;10.4018;4714.27;6.25445;0;0;0.1;0.01;0;7.25839;0;0;-1
0;456;-10.3927;-14.2742;-10.7288;8.5;2572.44;5.11093;0;0;0.1;0.01;0;6.05923;1;0;-1
0;457;-10.7174;0.962493;-11.6012;10.2021;4447.92;6.13437;0;0;0.1;0.01;0;7.15969;0;0;-1
0;458;-10.7318;16.9712;-11.6241;9.08701;3143.05;5.46389;0;0;0.1;0.01;0;5.76828;0;0;-1
0;459;-11.5915;34.2421;-12.5412;8.56015;2627.44;5.14709;0;0;0.1;0.01;0;4.62018;0;0;-1
0;460;-10.3563;50.9649;-10.6073;8.54843;2616.66;5.14005;0;0;0.1;0.01;0;5.221;0;0;-1
0;461;-10.5232;67.4169;-11.6296;9.0735;3129.05;5.45576;0;0;0.1;0.01;0;5.91039;0;0;-1
0;462;-11.6981;87.2566;-12.4305;8.5;2572.44;5.11093;0;0;0.1;0.01;0;4.79476;1;0;-1
0;463;4.3935;-91.5522;-10.5894;8.69412;2752.74;5.22765;0;0;0.1;0.01;0;3.76547;0;0;-1
0;464;1.54407;-75.9951;-12.1269;8.5;2572.44;5.11093;0;0;0.1;0.01;0;5.49029;1;0;-1
0;465;1.34602;-59.4755;-12.8567;8.86284;2916.13;5.3291;0;0;0.1;0.01;0;6.06196;0;0;-1
0;466;1.68207;-41.2589;-12.6221;9.63019;3741.05;5.79049;0;0;0.1;0.01;0;6.5368;0;0;-1
0;467;1.26305;-21.5698;-10.4658;9.21799;3280.93;5.54264;0;0;0.1;0.01;0;6.60864;0;0;-1
0;468;1.59701;-7.44216;-12.1247;8.63646;2698.34;5.19298;0;0;0.1;0.01;0;6.12669;0;0;-1
0;469;3.28093;8.17161;-12.2784;10.1133;4332.79;6.08098;0;0;0.1;0.01;0;6.21228;0;0;-1
0;470;3.19059;25.1287;-13.5526;9.05314;3108.04;5.44352;0;0;0.1;0.01;0;4.72308;0;0;-1
0;471;1.98885;43.7646;-10.4957;9.3009;3370.26;5.5925;0;0;0.1;0.01;0;5.57739;0;0;-1
0;472;2.33624;59.5236;-10.7525;9.45512;3540.71;5.68523;0;0;0.1;0.01;0;6.58676;0;0;-1
0;473;2.70589;76.7491;-10.3942;8.91847;2971.39;5.36255;0;0;0.1;0.01;0;6.03318;0;0;-1
0;474;3.09716;94.0376;-11.4629;10.2647;4530.3;6.17202;0;0;0.1;0.01;0;4.45938;0;0;-1
0;475;18.8205;-85.1767;-10.5399;9.35595;3430.46;5.6256;0;0;0.1;0.01;0;5.79992;0;0;-1
0;476;16.071;-68.1869;-10.5185;9.47166;3559.32;5.69517;0;0;0.1;0.01;0;6.3536;0;0;-1
0;477;15.966;-51.4682;-9.87739;9.86583;4022.44;5.93218;0;0;0.1;0.01;0;5.77962;0;0;-1
0;478;15.5244;-33.3901;-10.5214;9.65096;3765.3;5.80298;0;0;0.1;0.01;0;5.74381;0;0;-1
0;479;16.0364;-16.2963;-11.4666;8.57311;2639.39;5.15489;0;0;0.1;0.01;0;5.90869;0;0;-1
0;480;16.4144;1.11551;-11.459;9.38448;3461.94;5.64275;0;0;0.1;0.01;0;5.5803;0;0;-1
0;481;19.4883;20.9011;-10.8785;9.88972;4051.73;5.94655;0;0;0.1;0.01;0;6.04946;0;0;-1
0;482;19.6195;38.1879;-13.1651;8.5;2572.44;5.11093;0;0;0.1;0.01;0;5.08433;1;0;-1
0;483;18.186;54.5329;-11.4771;8.5;2572.44;5.11093;0;0;0.1;0.01;0;4.92988;1;0;-1
0;484;17.3059;71.4354;-10.3225;10.3965;4707.06;6.25126;0;0;0.1;0.01;0;7.11105;0;0;-1
0;485;15.6999;84.9738;-12.5701;8.5;2572.44;5.11093;0;0;0.1;0.01;0;5.45029;1;0;-1
0;486;31.9434;-93.7273;-12.0402;8.83098;2884.8;5.30994;0;0;0.1;0.01;0;1.85685;0;0;-1
0;487;33.3622;-76.6516;-12.3232;9.41174;3492.19;5.65914;0;0;0.1;0.01;0;5.65263;0;0;-1
0;488;32.8896;-55.3937;-10.3536;9.45135;3536.47;5.68296;0;0;0.1;0.01;0;4.99182;0;0;-1
0;489;34.1675;-38.8908;-10.1239;9.62386;3733.67;5.78669;0;0;0.1;0.01;0;6.14391;0;0;-1
0;490;31.2295;-21.3581;-12.2755;9.89423;4057.28;5.94926;0;0;0.1;0.01;0;7.10862;0;0;-1
0;491;33.1376;-6.3376;-10.7784;8.88235;2935.43;5.34083;0;0;0.1;0.01;0;5.56108;0;0;-1
0;492;33.5002;11.796;-12.9104;10.3784;4682.52;6.24038;0;0;0.1;0.01;0;7.01796;0;0;-1
0;493;31.4728;29.0534;-10.8341;9.24443;3309.25;5.55854;0;0;0.1;0.01;0;6.82106;0;0;-1
0;494;33.5351;46.2612;-13.2492;9.56238;3662.58;5.74972;0;0;0.1;0.01;0;5.98895;0;0;-1
0;495;32.7906;63.4847;-10.3635;8.6173;2680.42;5.18146;0;0;0.1;0.01;0;5.9862;0;0;-1
0;496;32.2638;79.3807;-10.1261;10.0567;4260.45;6.04695;0;0;0.1;0.01;0;6.38766;0;0;-1
0;497;45.9708;-82.9384;-10.7947;8.5;2572.44;5.11093;0;0;0.1;0.01;0;4.15569;1;0;-1
0;498;48.1325;-67.8892;-11.4512;9.53328;3629.24;5.73222;0;0;0.1;0.01;0;6.01298;0;0;-1
0;499;47.7029;-47.7286;-11.967;9.34097;3414.01;5.61659;0;0;0.1;0.01;0;6.11509;0;0;-1
0;500;48.6145;-31.7056;-12.5243;9.05733;3112.36;5.44604;0;0;0.1;0.01;0;5.54128;0;0;-1
0;501;45.5562;-14.7403;-10.9533;9.15165;3210.6;5.50275;0;0;0.1;0.01;0;6.26778;0;0;-1
0;502;46.5957;0.438523;-11.0245;10.1585;4391.14;6.10816;0;0;0.1;0.01;0;7.44549;0;0;-1
0;503;47.7359;18.1152;-13.437;10.1742;4411.53;6.1176;0;0;0.1;0.01;0;7.74638;0;0;-1
0;504;47.9017;34.6522;-10.5438;9.51622;3609.79;5.72196;0;0;0.1;0.01;0;6.42798;0;0;-1
0;505;45.9459;55.1901;-12.4948;8.5;2572.44;5.11093;0;0;0.1;0.01;0;5.02004;1;0;-1
0;506;46.288;68.4969;-10.0112;9.24156;3306.16;5.55682;0;0;0.1;0.01;0;6.16988;0;0;-1
0;507;47.6961;85.644;-13.097;8.6403;2701.94;5.19529;0;0;0.1;0.01;0;2.33786;0;0;-1
0;508;61.0947;-74.2497;-11.292;10.3036;4582.01;6.19541;0;0;0.1;0.01;0;3.19828;0;0;-1
0;509;60.3081;-56.0637;-13.2976;9.61516;3723.56;5.78146;0;0;0.1;0.01;0;6.39409;0;0;-1
0;510;61.4423;-42.1474;-11.6199;9.39919;3478.24;5.6516;0;0;0.1;0.01;0;6.4128;0;0;-1
0;511;62.5761;-25.7808;-11.8639;9.28468;3352.66;5.58274;0;0;0.1;0.01;0;5.84225;0;0;-1
0;512;62.7404;-7.64981;-11.5016;9.83406;3983.7;5.91308;0;0;0.1;0.01;0;6.46843;0;0;-1
0;513;60.7344;9.37431;-12.8133;10.2245;4477.29;6.14784;0;0;0.1;0.01;0;6.65918;0;0;-1
0;514;61.9708;28.7544;-10.2204;9.92591;4096.37;5.96831;0;0;0.1;0.01;0;6.30861;0;0;-1
0;515;62.6746;45.9904;-11.1332;9.50542;3597.51;5.71547;0;0;0.1;0.01;0;5.70464;0;0;-1
0;516;63.2368;63.5917;-10.7997;10.0981;4313.28;6.07184;0;0;0.1;0.01;0;5.33242;0;0;-1
0;517;61.0468;77.9244;-13.789;8.90529;2958.24;5.35462;0;0;0.1;0.01;0;2.77239;0;0;-1
0;518;77.6026;-47.5299;-10.8044;8.5;2572.44;5.11093;0;0;0.1;0.01;0;3.89328;1;0;-1
0;519;77.3342;-30.0371;-11.2413;8.60685;2670.68;5.17517;0;0;0.1;0.01;0;5.62872;0;0;-1
0;520;75.2987;-14.4428;-10.8554;10.4528;4783.95;6.28512;0;0;0.1;0.01;0;7.80031;0;0;-1
0;521;74.9413;1.12074;-10.9959;8.5;2572.44;5.11093;0;0;0.1;0.01;0;6.16609;1;0;-1
0;522;76.6084;18.0104;-13.3372;8.69993;2758.26;5.23114;0;0;0.1;0.01;0;5.74973;0;0;-1
0;523;75.069;34.8548;-12.7138;8.5;2572.44;5.11093;0;0;0.1;0.01;0;5.25382;1;0;-1
0;524;75.3427;51.4804;-10.2278;9.24246;3307.13;5.55736;0;0;0.1;0.01;0;5.72049;0;0;-1
0;525;89.5826;-22.1747;-11.9544;8.5;2572.44;5.11093;0;0;0.1;0.01;0;3.79166;1;0;-1
0;526;90.0713;-4.24915;-10.1463;9.67018;3787.85;5.81454;0;0;0.1;0.01;0;4.12013;0;0;-1
0;527;89.5544;12.0111;-11.0186;8.94815;3001.15;5.38039;0;0;0.1;0.01;0;4.80489;0;0;-1
0;528;89.4238;27.0314;-11.2036;8.57982;2645.59;5.15892;0;0;0.1;0.01;0;4.51443;0;0;-1
0;529;89.2361;43.5648;-9.84409;10.0381;4236.85;6.03576;0;0;0.1;0.01;0;3.29446;0;0;-1
0;530;-93.9393;-16.5797;2.39596;9.45997;3546.16;5.68814;0;0;0.1;0.01;0;3.17005;0;0;-1
0;531;-95.687;2.7292;3.43144;9.65336;3768.11;5.80443;0;0;0.1;0.01;0;3.78375;0;0;-1
0;532;-95.9073;18.6854;2.16087;10.2032;4449.36;6.13504;0;0;0.1;0.01;0;3.23903;0;0;-1
0;533;-79.6772;-55.9196;3.03485;8.5;2572.44;5.11093;0;0;0.1;0.01;0;2.63933;1;0;-1
0;534;-82.6254;-41.5211;4.68028;9.80047;3943.02;5.89288;0;0;0.1;0.01;0;4.17544;0;0;-1
0;535;-80.5984;-23.2271;2.97268;9.80139;3944.13;5.89343;0;0;0.1;0.01;0;6.45368;0;0;-1
0;536;-79.8669;-6.13696;3.7219;9.46528;3552.13;5.69134;0;0;0.1;0.01;0;5.92464;0;0;-1
0;537;-81.7939;10.356;2.71718;8.90491;2957.86;5.35439;0;0;0.1;0.01;0;4.70734;0;0;-1
0;538;-80.6005;25.4929;1.20929;8.5;2572.44;5.11093;0;0;0.1;0.01;0;3.69583;1;0;-1
0;539;-82.6805;44.0745;2.76982;10.2457;4505.19;6.16059;0;0;0.1;0.01;0;4.42298;0;0;-1
0;540;-78.9048;61.1287;3.37451;9.4202;3501.62;5.66423;0;0;0.1;0.01;0;2.55887;0;0;-1
0;541;-63.8865;-65.5096;1.67913;8.86781;2921.04;5.33209;0;0;0.1;0.01;0;4.00792;0;0;-1
0;542;-64.2798;-47.2877;4.39966;10.2617;4526.33;6.17021;0;0;0.1;0.01;0;6.23317;0;0;-1
0;543;-68.3954;-33.0499;3.55127;8.92266;2975.58;5.36507;0;0;0.1;0.01;0;5.75819;0;0;-1
0;544;-67.7953;-14.8207;1.72276;10.4365;4761.6;6.27532;0;0;0.1;0.01;0;6.92663;0;0;-1
0;545;-67.193;0.397889;3.73594;10.3306;4618.12;6.21164;0;0;0.1;0.01;0;6.9338;0;0;-1
0;546;-64.7315;17.1302;3.36893;10.4477;4776.95;6.28205;0;0;0.1;0.01;0;6.01931;0;0;-1
0;547;-65.1787;36.5224;3.0983;10.4249;4745.74;6.26834;0;0;0.1;0.01;0;6.60336;0;0;-1
0;548;-65.5666;52.0324;3.22855;9.47993;3568.65;5.70014;0;0;0.1;0.01;0;5.4795;0;0;-1
0;549;-64.9464;70.4097;3.16471;8.5;2572.44;5.11093;0;0;0.1;0.01;0;2.34886;1;0;-1
0;550;-49.9113;-75.3365;3.2415;8.5823;2647.89;5.16041;0;0;0.1;0.01;0;5.00606;0;0;-1
0;551;-50.3434;-59.3882;4.21196;8.71413;2771.79;5.23968;0;0;0.1;0.01;0;5.50705;0;0;-1
0;552;-50.9525;-42.3254;3.33701;8.72965;2786.63;5.24901;0;0;0.1;0.01;0;5.46314;0;0;-1
0;553;-52.1136;-24.4725;3.65313;8.58632;2651.61;5.16283;0;0;0.1;0.01;0;4.18602;0;0;-1
0;554;-49.6381;-5.37859;2.14617;8.5;2572.44;5.11093;0;0;0.1;0.01;0;4.35433;1;0;-1
0;555;-52.3022;10.059;3.75426;8.5;2572.44;5.11093;0;0;0.1;0.01;0;4.98661;1;0;-1
0;556;-52.7519;25.8376;2.69988;8.5;2572.44;5.11093;0;0;0.1;0.01;0;5.48525;1;0;-1
0;557;-50.2707;42.9844;5.11433;9.8444;3996.28;5.91929;0;0;0.1;0.01;0;5.97298;0;0;-1
0;558;-50.7557;63.4573;1.83883;9.04923;3104.01;5.44117;0;0;0.1;0.01;0;5.21346;0;0;-1
0;559;-51.4574;78.1191;1.28692;9.76208;3896.87;5.8698;0;0;0.1;0.01;0;4.43616;0;0;-1
0;560;-34.978;-84.0153;3.44159;9.36644;3442.01;5.6319;0;0;0.1;0.01;0;5.15477;0;0;-1
0;561;-38.5011;-67.3836;3.25001;9.15764;3216.91;5.50636;0;0;0.1;0.01;0;5.35446;0;0;-1
0;562;-36.7043;-50.3952;4.12791;8.5;2572.44;5.11093;0;0;0.1;0.01;0;5.17407;1;0;-1
0;563;-35.8318;-32.6231;2.68016;9.95707;4135.07;5.98704;0;0;0.1;0.01;0;6.05376;0;0;-1
0;564;-38.0807;-14.0873;3.15484;8.97516;3028.41;5.39663;0;0;0.1;0.01;0;4.98315;0;0;-1
0;565;-36.6348;3.18268;4.03508;8.90095;2953.91;5.35201;0;0;0.1;0.01;0;5.85529;0;0;-1
0;566;-38.1396;19.9761;2.9189;10.1518;4382.46;6.10413;0;0;0.1;0.01;0;6.86626;0;0;-1
0;567;-38.1962;36.3078;1.02502;8.89588;2948.87;5.34896;0;0;0.1;0.01;0;5.93227;0;0;-1
0;568;-35.4161;50.8427;2.86457;9.82839;3976.82;5.90967;0;0;0.1;0.01;0;5.01387;0;0;-1
0;569;-35.7462;71.7396;1.34174;10.4423;4769.55;6.2788;0;0;0.1;0.01;0;6.28752;0;0;-1
0;570;-35.33;87.8902;3.29489;9.58234;3685.56;5.76172;0;0;0.1;0.01;0;5.14436;0;0;-1
0;571;-20.7815;-93.6564;1.59845;9.51832;3612.18;5.72323;0;0;0.1;0.01;0;4.31278;0;0;-1
0;572;-20.5642;-76.6078;4.59484;8.53528;2604.61;5.13214;0;0;0.1;0.01;0;5.26443;0;0;-1
0;573;-23.619;-57.6373;1.53841;9.2155;3278.27;5.54115;0;0;0.1;0.01;0;6.00568;0;0;-1
0;574;-23.2229;-40.3605;2.14546;9.25268;3318.11;5.5635;0;0;0.1;0.01;0;6.41733;0;0;-1
0;575;-21.1663;-23.0834;3.57045;8.5;2572.44;5.11093;0;0;0.1;0.01;0;5.3988;1;0;-1
0;576;-20.5795;-5.19561;3.34017;8.55675;2624.31;5.14505;0;0;0.1;0.01;0;6.15954;0;0;-1
0;577;-20.1896;9.99211;4.06807;10.1133;4332.79;6.08098;0;0;0.1;0.01;0;6.89895;0;0;-1
0;578;-23.9402;27.5273;1.88669;8.5874;2652.61;5.16348;0;0;0.1;0.01;0;3.99257;0;0;-1
0;579;-19.9325;46.9941;1.82849;9.19996;3261.72;5.5318;0;0;0.1;0.01;0;4.54714;0;0;-1
0;580;-22.0295;63.3272;2.16462;9.89483;4058.01;5.94962;0;0;0.1;0.01;0;6.66022;0;0;-1
0;581;-22.1864;77.5567;1.90789;9.60554;3712.39;5.77567;0;0;0.1;0.01;0;6.19915;0;0;-1
0;582;-23.3665;96.2377;1.3604;9.90756;4073.7;5.95727;0;0;0.1;0.01;0;3.41903;0;0;-1
0;583;-7.07106;-98.9503;0.927761;10.0776;4287.06;6.05951;0;0;0.1;0.01;0;2.974;0;0;-1
0;584;-5.6425;-81.0563;3.71208;8.73414;2790.93;5.25171;0;0;0.1;0.01;0;5.62713;0;0;-1
0;585;-9.0814;-66.6487;2.7729;10.3839;4689.97;6.24369;0;0;0.1;0.01;0;5.75207;0;0;-1
0;586;-7.63436;-49.2501;2.3148;8.64791;2709.08;5.19986;0;0;0.1;0.01;0;5.09636;0;0;-1
0;587;-7.46739;-29.9748;2.52206;9.4445;3528.79;5.67884;0;0;0.1;0.01;0;6.35383;0;0;-1
0;588;-8.78022;-14.1955;3.11303;9.71029;3835.18;5.83866;0;0;0.1;0.01;0;6.88041;0;0;-1
0;589;-7.88733;1.80489;3.77865;8.5;2572.44;5.11093;0;0;0.1;0.01;0;5.89983;1;0;-1
0;590;-6.29629;17.3565;1.34353;8.51996;2590.61;5.12293;0;0;0.1;0.01;0;5.93079;0;0;-1
0;591;-6.16429;34.657;3.69975;9.22465;3288.05;5.54665;0;0;0.1;0.01;0;5.50828;0;0;-1
0;592;-5.7624;51.8068;3.54076;8.5;2572.44;5.11093;0;0;0.1;0.01;0;5.86912;1;0;-1
0;593;-7.56647;71.7839;2.33095;10.3283;4615.04;6.21026;0;0;0.1;0.01;0;6.85619;0;0;-1
0;594;-9.20724;88.3792;3.68206;9.77079;3907.31;5.87503;0;0;0.1;0.01;0;4.97516;0;0;-1
0;595;8.04144;-92.173;3.09616;8.71605;2773.63;5.24083;0;0;0.1;0.01;0;4.70711;0;0;-1
0;596;8.63741;-76.0916;1.82945;9.61678;3725.44;5.78243;0;0;0.1;0.01;0;7.04049;0;0;-1
0;597;5.9523;-58.9223;1.68844;10.096;4310.59;6.07058;0;0;0.1;0.01;0;6.92052;0;0;-1
0;598;7.03576;-42.7394;3.59009;9.83689;3987.15;5.91478;0;0;0.1;0.01;0;6.72723;0;0;-1
0;599;7.54345;-24.936;1.84861;9.5353;3631.55;5.73344;0;0;0.1;0.01;0;6.50644;0;0;-1
0;600;9.3558;-8.45673;4.44173;10.1237;4346.17;6.08723;0;0;0.1;0.01;0;5.92982;0;0;-1
0;601;5.7334;10.4519;2.77112;8.89902;2951.99;5.35085;0;0;0.1;0.01;0;4.96002;0;0;-1
0;602;7.6265;25.4218;2.12086;9.91149;4078.55;5.95964;0;0;0.1;0.01;0;6.08873;0;0;-1
0;603;8.38293;44.0607;2.35432;8.5;2572.44;5.11093;0;0;0.1;0.01;0;5.04425;1;0;-1
0;604;6.9112;60.3878;1.624;8.5;2572.44;5.11093;0;0;0.1;0.01;0;5.65708;1;0;-1
0;605;8.8011;76.5015;2.68058;8.62821;2690.61;5.18802;0;0;0.1;0.01;0;5.7975;0;0;-1
0;606;5.6136;97.9063;1.5241;9.70502;3828.93;5.83549;0;0;0.1;0.01;0;2.82586;0;0;-1
0;607;20.4515;-85.2887;2.17554;8.5;2572.44;5.11093;0;0;0.1;0.01;0;4.15272;1;0;-1
0;608;23.7051;-66.3234;2.73922;10.1485;4378.19;6.10215;0;0;0.1;0.01;0;5.92298;0;0;-1
0;609;22.3813;-47.3591;4.38144;8.61569;2678.91;5.18049;0;0;0.1;0.01;0;4.58214;0;0;-1
0;610;21.7432;-31.0867;1.47836;8.5;2572.44;5.11093;0;0;0.1;0.01;0;5.79006;1;0;-1
0;611;21.434;-14.707;1.49687;8.5;2572.44;5.11093;0;0;0.1;0.01;0;5.46953;1;0;-1
0;612;23.2012;4.33951;1.19754;9.49255;3582.92;5.70773;0;0;0.1;0.01;0;5.44841;0;0;-1
0;613;23.3897;20.8344;4.67463;9.56391;3664.33;5.75064;0;0;0.1;0.01;0;6.83955;0;0;-1
0;614;21.9857;37.2963;4.96475;8.5;2572.44;5.11093;0;0;0.1;0.01;0;5.66088;1;0;-1
0;615;22.7762;51.4217;3.72563;9.88732;4048.78;5.9451;0;0;0.1;0.01;0;6.64319;0;0;-1
0;616;21.1365;67.7525;1.65364;9.16445;3224.09;5.51045;0;0;0.1;0.01;0;5.95784;0;0;-1
0;617;21.4069;89.4944;1.1346;10.1186;4339.6;6.08417;0;0;0.1;0.01;0;4.04412;0;0;-1
0;618;38.0423;-75.9259;1.65924;9.44408;3528.32;5.67859;0;0;0.1;0.01;0;6.03102;0;0;-1
0;619;38.5556;-59.6027;4.02635;8.64248;2703.98;5.1966;0;0;0.1;0.01;0;5.22674;0;0;-1
0;620;34.9037;-40.1469;3.4165;8.9796;3032.91;5.3993;0;0;0.1;0.01;0;5.44818;0;0;-1
0;621;35.0478;-25.7224;1.20004;9.54414;3641.66;5.73875;0;0;0.1;0.01;0;6.1072;0;0;-1
0;622;38.0184;-8.85388;4.48566;9.35846;3433.22;5.62711;0;0;0.1;0.01;0;6.01282;0;0;-1
0;623;37.2313;9.08751;1.45699;9.51894;3612.89;5.7236;0;0;0.1;0.01;0;5.74569;0;0;-1
0;624;36.6658;27.2512;2.87068;9.98295;4167.4;6.0026;0;0;0.1;0.01;0;6.51476;0;0;-1
0;625;35.9296;44.5345;1.21282;10.3932;4702.58;6.24928;0;0;0.1;0.01;0;6.88012;0;0;-1
0;626;36.1036;62.7059;3.8302;10.293;4567.88;6.18903;0;0;0.1;0.01;0;7.82478;0;0;-1
0;627;37.6635;80.0024;2.5276;10.395;4705.03;6.25036;0;0;0.1;0.01;0;5.13913;0;0;-1
0;628;50.8419;-83.5278;2.89731;8.5;2572.44;5.11093;0;0;0.1;0.01;0;2.98898;1;0;-1
0;629;52.1841;-64.6081;4.04835;9.83279;3982.16;5.91231;0;0;0.1;0.01;0;5.58637;0;0;-1
0;630;50.3188;-48.4695;3.25829;10.1367;4362.93;6.09505;0;0;0.1;0.01;0;6.36331;0;0;-1
0;631;53.4003;-33.6535;4.79491;8.5;2572.44;5.11093;0;0;0.1;0.01;0;5.81141;1;0;-1
0;632;51.3769;-15.8297;2.99156;8.60239;2666.53;5.17249;0;0;0.1;0.01;0;5.11799;0;0;-1
0;633;52.1605;1.13743;2.46439;8.51441;2585.55;5.11959;0;0;0.1;0.01;0;5.43417;0;0;-1
0;634;52.3742;17.0483;1.66321;9.47502;3563.11;5.69719;0;0;0.1;0.01;0;7.31115;0;0;-1
0;635;50.1847;34.3889;2.73299;9.80689;3950.78;5.89674;0;0;0.1;0.01;0;6.23321;0;0;-1
0;636;51.3761;54.6289;4.69758;8.5;2572.44;5.11093;0;0;0.1;0.01;0;5.01718;1;0;-1
0;637;50.0094;67.7097;3.25946;9.09874;3155.24;5.47094;0;0;0.1;0.01;0;4.70003;0;0;-1
0;638;68.055;-56.0634;4.68434;9.91865;4087.39;5.96394;0;0;0.1;0.01;0;4.38815;0;0;-1
0;639;67.5937;-39.0447;2.40433;9.67029;3787.97;5.81461;0;0;0.1;0.01;0;7.08864;0;0;-1
0;640;64.7269;-24.1621;3.90001;8.59961;2663.94;5.17082;0;0;0.1;0.01;0;5.67409;0;0;-1
0;641;67.8256;-6.65583;4.42854;8.5;2572.44;5.11093;0;0;0.1;0.01;0;4.86633;1;0;-1
0;642;65.6281;12.1985;3.83454;10.2544;4516.68;6.16582;0;0;0.1;0.01;0;6.71988;0;0;-1
0;643;65.4876;25.9313;3.94188;8.5;2572.44;5.11093;0;0;0.1;0.01;0;6.09732;1;0;-1
0;644;66.9165;44.3109;4.35697;9.40417;3483.77;5.65459;0;0;0.1;0.01;0;5.69734;0;0;-1
0;645;67.4235;60.1782;4.32268;9.78995;3930.34;5.88655;0;0;0.1;0.01;0;4.4666;0;0;-1
0;646;82.3296;-47.3934;5.1064;9.16647;3226.23;5.51167;0;0;0.1;0.01;0;3.67532;0;0;-1
0;647;82.1702;-33.1105;3.18094;10.4059;4719.84;6.25692;0;0;0.1;0.01;0;5.82232;0;0;-1
0;648;81.3982;-15.7959;3.84144;9.58771;3691.76;5.76495;0;0;0.1;0.01;0;6.48855;0;0;-1
0;649;79.7754;0.058302;1.8768;9.17655;3236.88;5.51773;0;0;0.1;0.01;0;5.72905;0;0;-1
0;650;80.9753;18.2573;2.44457;9.17519;3235.44;5.51691;0;0;0.1;0.01;0;6.64404;0;0;-1
0;651;82.5365;36.1023;4.0945;10.3563;4652.67;6.22709;0;0;0.1;0.01;0;5.55336;0;0;-1
0;652;82.8029;55.2986;4.89372;9.98006;4163.78;6.00087;0;0;0.1;0.01;0;2.84956;0;0;-1
0;653;95.8397;-23.3877;2.10064;10.372;4673.86;6.23653;0;0;0.1;0.01;0;3.62877;0;0;-1
0;654;96.3566;-7.56538;4.22643;9.30892;3378.99;5.59732;0;0;0.1;0.01;0;3.40815;0;0;-1
0;655;94.5279;12.1151;1.9318;9.59168;3696.35;5.76734;0;0;0.1;0.01;0;4.21295;0;0;-1
0;656;94.3104;26.6325;4.48017;10.0281;4224.2;6.02975;0;0;0.1;0.01;0;4.46463;0;0;-1
0;657;-86.8349;-40.7477;19.2009;10.0139;4206.28;6.02121;0;0;0.1;0.01;0;3.22286;0;0;-1
0;658;-85.0827;-21.1769;18.5559;9.39531;3473.94;5.64926;0;0;0.1;0.01;0;3.28186;0;0;-1
0;659;-84.8748;-4.98977;19.2721;9.9256;4095.99;5.96812;0;0;0.1;0.01;0;4.6024;0;0;-1
0;660;-86.6505;10.4794;17.1939;9.41782;3498.97;5.6628;0;0;0.1;0.01;0;4.71439;0;0;-1
0;661;-85.7216;27.1075;18.3069;8.5;2572.44;5.11093;0;0;0.1;0.01;0;3.21775;1;0;-1
0;662;-84.2575;45.3275;18.9278;8.68184;2741.09;5.22026;0;0;0.1;0.01;0;2.72818;0;0;-1
0;663;-72.1087;-63.6398;19.8416;9.46219;3548.65;5.68948;0;0;0.1;0.01;0;3.35576;0;0;-1
0;664;-70.809;-48.5623;16.6731;9.04696;3101.68;5.43981;0;0;0.1;0.01;0;6.11107;0;0;-1
0;665;-68.983;-33.8714;19.1882;8.5;2572.44;5.11093;0;0;0.1;0.01;0;5.4669;1;0;-1
0;666;-71.9567;-13.1888;19.0206;9.90376;4069.01;5.95499;0;0;0.1;0.01;0;7.23449;0;0;-1
0;667;-69.3879;2.17305;19.7022;9.7357;3865.36;5.85394;0;0;0.1;0.01;0;6.93111;0;0;-1
0;668;-70.2476;18.6388;19.3001;9.64972;3763.85;5.80224;0;0;0.1;0.01;0;5.80243;0;0;-1
0;669;-70.2929;34.2538;16.7442;8.77909;2834.24;5.27874;0;0;0.1;0.01;0;4.32439;0;0;-1
0;670;-70.2536;52.8852;16.2693;8.5;2572.44;5.11093;0;0;0.1;0.01;0;3.91484;1;0;-1
0;671;-58.0229;-74.9474;17.1204;10.065;4271;6.05194;0;0;0.1;0.01;0;4.51536;0;0;-1
0;672;-57.4982;-58.6545;18.7073;9.47117;3558.77;5.69488;0;0;0.1;0.01;0;6.43855;0;0;-1
0;673;-56.2005;-39.5375;17.4577;10.2399;4497.55;6.1571;0;0;0.1;0.01;0;7.40169;0;0;-1
0;674;-57.085;-23.2731;16.9136;8.9323;2985.23;5.37086;0;0;0.1;0.01;0;5.73293;0;0;-1
0;675;-55.1864;-6.46428;16.0485;9.97374;4155.88;5.99707;0;0;0.1;0.01;0;6.24503;0;0;-1
0;676;-57.1282;8.61715;17.4093;8.70387;2762.01;5.23351;0;0;0.1;0.01;0;5.38543;0;0;-1
0;677;-55.3804;26.7718;16.7942;9.65507;3770.12;5.80545;0;0;0.1;0.01;0;5.7105;0;0;-1
0;678;-54.9737;46.8993;18.9447;8.5;2572.44;5.11093;0;0;0.1;0.01;0;4.35177;1;0;-1
0;679;-53.9882;61.935;18.2832;8.67427;2733.93;5.21571;0;0;0.1;0.01;0;3.80781;0;0;-1
0;680;-53.7965;78.0467;19.6605;9.60026;3706.27;5.7725;0;0;0.1;0.01;0;2.6386;0;0;-1
0;681;-41.6977;-84.6168;16.8498;9.64536;3758.75;5.79962;0;0;0.1;0.01;0;4.32843;0;0;-1
0;682;-40.6341;-67.4706;17.7337;8.98447;3037.85;5.40223;0;0;0.1;0.01;0;5.5152;0;0;-1
0;683;-40.4665;-47.7828;16.7378;9.09298;3149.25;5.46748;0;0;0.1;0.01;0;5.26059;0;0;-1
0;684;-42.5279;-33.0302;18.1945;9.56256;3662.78;5.74983;0;0;0.1;0.01;0;6.35483;0;0;-1
0;685;-42.1564;-13.7572;16.494;8.5;2572.44;5.11093;0;0;0.1;0.01;0;4.9156;1;0;-1
0;686;-39.9928;2.28083;17.7233;8.8338;2887.56;5.31164;0;0;0.1;0.01;0;5.08362;0;0;-1
0;687;-42.2115;18.6835;18.4662;8.81873;2872.81;5.30257;0;0;0.1;0.01;0;5.4343;0;0;-1
0;688;-41.1657;33.739;18.2759;8.97255;3025.77;5.39506;0;0;0.1;0.01;0;5.19044;0;0;-1
0;689;-39.7062;53.2128;18.5454;8.97931;3032.62;5.39913;0;0;0.1;0.01;0;4.73787;0;0;-1
0;690;-39.5879;71.4817;16.3978;10.2106;4459.05;6.13949;0;0;0.1;0.01;0;5.90408;0;0;-1
0;691;-41.5966;87.744;18.545;8.98874;3042.18;5.4048;0;0;0.1;0.01;0;2.93154;0;0;-1
0;692;-27.76;-93.4539;16.828;10.4523;4783.26;6.28482;0;0;0.1;0.01;0;3.97984;0;0;-1
0;693;-27.5085;-72.8565;18.4993;9.83112;3980.13;5.91131;0;0;0.1;0.01;0;6.16623;0;0;-1
0;694;-25.3731;-56.7124;16.2728;8.5;2572.44;5.11093;0;0;0.1;0.01;0;4.4493;1;0;-1
0;695;-24.5049;-40.3775;17.8459;8.88227;2935.35;5.34078;0;0;0.1;0.01;0;5.48689;0;0;-1
0;696;-28.3583;-24.7219;16.317;9.59361;3698.58;5.7685;0;0;0.1;0.01;0;6.04835;0;0;-1
0;697;-28.3778;-7.18481;16.0125;9.33032;3402.34;5.61019;0;0;0.1;0.01;0;5.29239;0;0;-1
0;698;-26.9614;10.6761;16.4907;9.60486;3711.6;5.77526;0;0;0.1;0.01;0;6.09164;0;0;-1
0;699;-27.4526;28.0517;17.3619;9.05772;3112.76;5.44628;0;0;0.1;0.01;0;5.12763;0;0;-1
0;700;-25.4599;45.9304;17.6321;9.58543;3689.13;5.76358;0;0;0.1;0.01;0;5.76551;0;0;-1
0;701;-28.1557;62.0581;16.3996;9.01678;3070.74;5.42166;0;0;0.1;0.01;0;5.90512;0;0;-1
0;702;-27.414;80.4123;16.3121;10.1887;4430.42;6.12632;0;0;0.1;0.01;0;5.8917;0;0;-1
0;703;-13.2914;-83.6067;17.6347;9.77088;3907.42;5.87509;0;0;0.1;0.01;0;5.45766;0;0;-1
0;704;-13.734;-65.646;17.0249;8.5;2572.44;5.11093;0;0;0.1;0.01;0;4.20883;1;0;-1
0;705;-11.1819;-47.5319;16.2695;9.7905;3931;5.88689;0;0;0.1;0.01;0;5.44988;0;0;-1
0;706;-12.3534;-30.7845;19.3415;8.63701;2698.85;5.19331;0;0;0.1;0.01;0;5.76199;0;0;-1
0;707;-11.5514;-16.1893;17.4731;9.71429;3839.92;5.84106;0;0;0.1;0.01;0;6.34197;0;0;-1
0;708;-13.6721;1.66424;17.1266;10.0878;4300.09;6.06565;0;0;0.1;0.01;0;7.02279;0;0;-1
0;709;-13.1801;20.7902;16.6139;10.0841;4295.36;6.06342;0;0;0.1;0.01;0;6.26847;0;0;-1
0;710;-10.9532;37.3186;17.2926;8.97727;3030.55;5.3979;0;0;0.1;0.01;0;5.49456;0;0;-1
0;711;-10.0202;52.3613;18.3005;10.1287;4352.61;6.09024;0;0;0.1;0.01;0;6.6426;0;0;-1
0;712;-11.6709;68.4238;18.3678;8.59754;2662.02;5.16958;0;0;0.1;0.01;0;5.2093;0;0;-1
0;713;-11.0505;85.2582;18.676;8.5;2572.44;5.11093;0;0;0.1;0.01;0;3.73736;1;0;-1
0;714;1.68374;-91.9814;17.4353;10.248;4508.23;6.16197;0;0;0.1;0.01;0;3.90954;0;0;-1
0;715;4.58479;-72.2699;15.9782;8.68782;2746.76;5.22386;0;0;0.1;0.01;0;5.15297;0;0;-1
0;716;2.81549;-56.9697;17.3345;8.5;2572.44;5.11093;0;0;0.1;0.01;0;5.5448;1;0;-1
0;717;2.96485;-39.854;16.6718;9.887;4048.39;5.94491;0;0;0.1;0.01;0;6.58583;0;0;-1
0;718;2.38478;-24.4677;16.4631;8.82136;2875.38;5.30416;0;0;0.1;0.01;0;5.63519;0;0;-1
0;719;4.97339;-8.37167;17.1152;8.57217;2638.52;5.15432;0;0;0.1;0.01;0;4.74306;0;0;-1
0;720;4.17352;9.65149;16.3881;9.89258;4055.25;5.94826;0;0;0.1;0.01;0;4.89208;0;0;-1
0;721;2.15836;28.5089;16.6392;9.95865;4137.04;5.98799;0;0;0.1;0.01;0;6.24847;0;0;-1
0;722;2.53507;46.1868;15.6208;8.5982;2662.63;5.16997;0;0;0.1;0.01;0;5.80313;0;0;-1
0;723;2.66046;63.4037;15.8908;10.4039;4717.12;6.25571;0;0;0.1;0.01;0;6.71364;0;0;-1
0;724;0.993309;77.9632;15.9392;8.66392;2724.16;5.20949;0;0;0.1;0.01;0;5.68529;0;0;-1
0;725;4.69845;93.087;17.7713;8.70908;2766.98;5.23664;0;0;0.1;0.01;0;2.89503;0;0;-1
0;726;17.7788;-82.3794;17.1044;10.0453;4245.97;6.04009;0;0;0.1;0.01;0;5.13143;0;0;-1
0;727;15.801;-64.4118;16.3759;8.5;2572.44;5.11093;0;0;0.1;0.01;0;4.9429;1;0;-1
0;728;16.0226;-50.0852;18.3056;9.61978;3728.93;5.78423;0;0;0.1;0.01;0;5.55414;0;0;-1
0;729;18.9352;-33.9778;18.1029;8.5;2572.44;5.11093;0;0;0.1;0.01;0;4.3145;1;0;-1
0;730;18.3547;-17.0137;17.3404;9.30503;3374.75;5.59498;0;0;0.1;0.01;0;5.77459;0;0;-1
0;731;17.4649;2.71948;18.4892;8.54447;2613.03;5.13767;0;0;0.1;0.01;0;4.73929;0;0;-1
0;732;16.5785;21.1401;16.2156;9.14026;3198.63;5.49591;0;0;0.1;0.01;0;6.27718;0;0;-1
0;733;16.5157;37.0705;17.4471;8.88866;2941.69;5.34462;0;0;0.1;0.01;0;5.88893;0;0;-1
0;734;19.6622;52.9303;17.6964;8.85858;2911.93;5.32654;0;0;0.1;0.01;0;5.16886;0;0;-1
0;735;16.4131;69.7744;17.3873;8.51644;2587.4;5.12081;0;0;0.1;0.01;0;5.15537;0;0;-1
0;736;17.9145;85.6754;16.4564;9.17315;3233.29;5.51568;0;0;0.1;0.01;0;3.56689;0;0;-1
0;737;33.1733;-92.4874;15.9372;9.05955;3114.64;5.44738;0;0;0.1;0.01;0;1.68929;0;0;-1
0;738;33.7879;-73.7689;16.0995;9.51316;3606.31;5.72013;0;0;0.1;0.01;0;5.47755;0;0;-1
0;739;33.1786;-55.249;18.0156;9.15668;3215.9;5.50578;0;0;0.1;0.01;0;4.54235;0;0;-1
0;740;33.6472;-39.0298;18.0774;8.5;2572.44;5.11093;0;0;0.1;0.01;0;5.32941;1;0;-1
0;741;31.4414;-24.485;16.3362;9.37929;3456.2;5.63963;0;0;0.1;0.01;0;6.48233;0;0;-1
0;742;30.7106;-8.06071;18.5956;9.30862;3378.66;5.59714;0;0;0.1;0.01;0;5.49664;0;0;-1
0;743;30.5274;11.5697;17.016;8.87722;2930.35;5.33774;0;0;0.1;0.01;0;5.13333;0;0;-1
0;744;32.094;26.8762;16.7637;8.78131;2836.39;5.28007;0;0;0.1;0.01;0;5.40276;0;0;-1
0;745;33.2168;45.7688;16.5244;8.5;2572.44;5.11093;0;0;0.1;0.01;0;5.28917;1;0;-1
0;746;30.4887;63.4345;19.4789;9.08213;3137.99;5.46095;0;0;0.1;0.01;0;6.81622;0;0;-1
0;747;30.6498;77.8121;17.846;9.25776;3323.58;5.56656;0;0;0.1;0.01;0;5.18439;0;0;-1
0;748;45.31;-81.245;16.0934;9.99665;4184.58;6.01084;0;0;0.1;0.01;0;4.70898;0;0;-1
0;749;48.9067;-67.6355;17.0049;8.61752;2680.62;5.18159;0;0;0.1;0.01;0;5.08393;0;0;-1
0;750;47.513;-48.1686;18.5933;8.5;2572.44;5.11093;0;0;0.1;0.01;0;4.60282;1;0;-1
0;751;46.7642;-31.9002;16.6143;9.52674;3621.78;5.72829;0;0;0.1;0.01;0;6.82877;0;0;-1
0;752;46.3617;-15.316;17.5041;9.96599;4146.2;5.99241;0;0;0.1;0.01;0;6.40153;0;0;-1
0;753;46.2065;4.39592;19.4814;9.61473;3723.06;5.7812;0;0;0.1;0.01;0;5.42937;0;0;-1
0;754;48.7931;20.47;17.3391;9.77667;3914.37;5.87857;0;0;0.1;0.01;0;6.22827;0;0;-1
0;755;46.8614;34.8799;18.9778;8.5;2572.44;5.11093;0;0;0.1;0.01;0;5.23488;1;0;-1
0;756;45.0849;54.0905;16.5905;10.1386;4365.39;6.09619;0;0;0.1;0.01;0;6.57435;0;0;-1
0;757;46.9842;68.978;17.7776;8.7934;2848.13;5.28734;0;0;0.1;0.01;0;5.04202;0;0;-1
0;758;45.9383;86.0489;19.6726;8.5;2572.44;5.11093;0;0;0.1;0.01;0;1.28347;1;0;-1
0;759;61.2199;-75.4467;17.487;9.74749;3879.42;5.86102;0;0;0.1;0.01;0;2.82172;0;0;-1
0;760;62.3058;-57.9504;18.1601;8.5;2572.44;5.11093;0;0;0.1;0.01;0;4.94959;1;0;-1
0;761;62.5624;-38.7135;16.7041;10.097;4311.87;6.07118;0;0;0.1;0.01;0;7.49582;0;0;-1
0;762;60.4207;-24.2773;16.5096;9.90118;4065.83;5.95344;0;0;0.1;0.01;0;7.5451;0;0;-1
0;763;60.3759;-7.40174;16.7479;8.93108;2984.01;5.37013;0;0;0.1;0.01;0;4.81036;0;0;-1
0;764;62.4595;10.6019;16.9684;9.45392;3539.36;5.6845;0;0;0.1;0.01;0;5.77967;0;0;-1
0;765;61.6895;28.5339;16.4755;10.2254;4478.47;6.14838;0;0;0.1;0.01;0;7.22196;0;0;-1
0;766;61.867;45.2109;19.0372;8.67367;2733.36;5.21535;0;0;0.1;0.01;0;6.08072;0;0;-1
0;767;62.291;63.6375;19.0413;10.0225;4217.13;6.02638;0;0;0.1;0.01;0;4.83387;0;0;-1
0;768;75.9063;-50.2117;19.5083;8.70096;2759.24;5.23176;0;0;0.1;0.01;0;3.01385;0;0;-1
0;769;76.0483;-33.4772;18.3455;10.0886;4301.12;6.06613;0;0;0.1;0.01;0;6.1326;0;0;-1
0;770;77.6205;-16.9523;16.7462;8.5;2572.44;5.11093;0;0;0.1;0.01;0;4.96053;1;0;-1
0;771;74.8806;0.850486;19.4119;8.71841;2775.88;5.24225;0;0;0.1;0.01;0;4.44518;0;0;-1
0;772;76.4926;20.106;16.1867;9.82373;3971.16;5.90687;0;0;0.1;0.01;0;6.53778;0;0;-1
0;773;74.823;37.9215;19.0713;10.3722;4674.14;6.23665;0;0;0.1;0.01;0;6.73443;0;0;-1
0;774;76.521;52.4262;18.7556;8.77615;2831.4;5.27697;0;0;0.1;0.01;0;4.58115;0;0;-1
0;775;91.5305;-22.0695;18.6382;9.7875;3927.39;5.88508;0;0;0.1;0.01;0;4.34477;0;0;-1
0;776;92.7497;-7.3554;19.9343;8.5;2572.44;5.11093;0;0;0.1;0.01;0;2.619;1;0;-1
0;777;91.7023;9.32673;16.2189;9.05672;3111.73;5.44567;0;0;0.1;0.01;0;2.5261;0;0;-1
0;778;89.465;26.8411;17.3916;9.35384;3428.14;5.62433;0;0;0.1;0.01;0;4.07977;0;0;-1
0;779;-93.5868;2.40769;34.5637;8.55786;2625.33;5.14572;0;0;0.1;0.01;0;2.84502;0;0;-1
0;780;-82.0386;-39.7105;31.6367;9.85962;4014.85;5.92845;0;0;0.1;0.01;0;3.15482;0;0;-1
0;781;-79.6872;-25.0899;32.4553;9.32437;3395.84;5.60661;0;0;0.1;0.01;0;4.25266;0;0;-1
0;782;-79.0007;-6.09214;34.0266;9.22038;3283.49;5.54408;0;0;0.1;0.01;0;5.97763;0;0;-1
0;783;-80.1769;10.0481;31.8175;8.73128;2788.19;5.24999;0;0;0.1;0.01;0;4.89422;0;0;-1
0;784;-82.7021;25.8726;30.9209;9.40262;3482.05;5.65366;0;0;0.1;0.01;0;2.75018;0;0;-1
0;785;-79.9049;46.0334;31.3446;8.54151;2610.31;5.13589;0;0;0.1;0.01;0;2.20392;0;0;-1
0;786;-65.9594;-66.8888;33.9541;9.46889;3556.2;5.69351;0;0;0.1;0.01;0;3.41842;0;0;-1
0;787;-66.6261;-47.6758;32.2389;9.70994;3834.76;5.83845;0;0;0.1;0.01;0;4.7914;0;0;-1
0;788;-64.3033;-30.7709;34.2077;9.95636;4134.19;5.98661;0;0;0.1;0.01;0;6.55756;0;0;-1
0;789;-66.7756;-15.5642;31.0222;8.5;2572.44;5.11093;0;0;0.1;0.01;0;5.95211;1;0;-1
0;790;-65.6086;0.0101792;34.1241;8.9441;2997.08;5.37796;0;0;0.1;0.01;0;5.98596;0;0;-1
0;791;-66.553;18.131;33.8942;8.5;2572.44;5.11093;0;0;0.1;0.01;0;4.42845;1;0;-1
0;792;-64.4062;35.1659;31.6596;8.58667;2651.94;5.16304;0;0;0.1;0.01;0;4.16551;0;0;-1
0;793;-66.8407;53.0608;33.2024;9.91933;4088.23;5.96435;0;0;0.1;0.01;0;3.57342;0;0;-1
0;794;-53.1886;-73.328;30.6163;10.1149;4334.84;6.08194;0;0;0.1;0.01;0;4.85113;0;0;-1
0;795;-50.1852;-58.7157;30.9883;9.48167;3570.62;5.70119;0;0;0.1;0.01;0;6.02647;0;0;-1
0;796;-49.8394;-38.4037;31.6531;9.72083;3847.68;5.84499;0;0;0.1;0.01;0;6.12823;0;0;-1
0;797;-52.8067;-21.297;31.1196;8.5;2572.44;5.11093;0;0;0.1;0.01;0;4.91579;1;0;-1
0;798;-52.7025;-7.29021;34.1928;9.66627;3783.25;5.81219;0;0;0.1;0.01;0;4.47854;0;0;-1
0;799;-51.6669;11.8712;31.7774;8.5;2572.44;5.11093;0;0;0.1;0.01;0;4.16231;1;0;-1
0;800;-50.7134;29.4053;32.6111;8.5;2572.44;5.11093;0;0;0.1;0.01;0;5.23748;1;0;-1
0;801;-52.7802;43.3436;33.1274;8.5;2572.44;5.11093;0;0;0.1;0.01;0;5.24091;1;0;-1
0;802;-51.6428;60.0701;33.9748;8.5;2572.44;5.11093;0;0;0.1;0.01;0;4.23755;1;0;-1
0;803;-35.6406;-85.3967;34.2798;10.1766;4414.65;6.11904;0;0;0.1;0.01;0;3.63789;0;0;-1
0;804;-38.0015;-66.3788;31.2854;8.5;2572.44;5.11093;0;0;0.1;0.01;0;4.55938;1;0;-1
0;805;-37.9482;-47.2892;33.1248;9.74583;3877.44;5.86003;0;0;0.1;0.01;0;5.96648;0;0;-1
0;806;-34.4733;-33.0318;33.0284;10.2533;4515.23;6.16516;0;0;0.1;0.01;0;6.52112;0;0;-1
0;807;-35.1762;-16.2773;32.713;8.8572;2910.57;5.32571;0;0;0.1;0.01;0;4.13003;0;0;-1
0;808;-35.3357;2.98015;32.2978;8.80953;2863.83;5.29704;0;0;0.1;0.01;0;4.53583;0;0;-1
0;809;-38.3005;17.671;32.7552;8.96634;3019.49;5.39133;0;0;0.1;0.01;0;4.90241;0;0;-1
0;810;-36.9792;37.9432;31.663;9.65063;3764.92;5.80278;0;0;0.1;0.01;0;6.08302;0;0;-1
0;811;-36.8448;52.4702;32.4151;8.9865;3039.91;5.40345;0;0;0.1;0.01;0;5.2233;0;0;-1
0;812;-37.9045;69.1925;32.1222;8.5;2572.44;5.11093;0;0;0.1;0.01;0;3.35736;1;0;-1
0;813;-20.9657;-91.0261;34.0236;9.86408;4020.3;5.93113;0;0;0.1;0.01;0;3.76549;0;0;-1
0;814;-22.9268;-74.3008;32.2359;8.5;2572.44;5.11093;0;0;0.1;0.01;0;5.1197;1;0;-1
0;815;-22.8392;-57.0542;34.4251;8.61747;2680.57;5.18156;0;0;0.1;0.01;0;4.58517;0;0;-1
0;816;-21.858;-42.7427;31.891;8.61331;2676.69;5.17906;0;0;0.1;0.01;0;5.68024;0;0;-1
0;817;-20.4324;-21.6609;31.3843;8.5;2572.44;5.11093;0;0;0.1;0.01;0;3.95881;1;0;-1
0;818;-20.96;-4.75727;34.0502;9.37895;3455.82;5.63943;0;0;0.1;0.01;0;5.89984;0;0;-1
0;819;-21.7939;11.1912;31.6471;8.93559;2988.53;5.37284;0;0;0.1;0.01;0;5.8776;0;0;-1
0;820;-22.997;29.3708;33.7839;9.49202;3582.32;5.70741;0;0;0.1;0.01;0;5.55376;0;0;-1
0;821;-20.7375;44.3004;33.8119;9.19925;3260.96;5.53138;0;0;0.1;0.01;0;6.29337;0;0;-1
0;822;-20.4326;59.7029;30.9813;8.65751;2718.11;5.20564;0;0;0.1;0.01;0;5.12039;0;0;-1
0;823;-21.7719;76.7159;32.6696;10.0526;4255.24;6.04448;0;0;0.1;0.01;0;4.7384;0;0;-1
0;824;-6.81793;-81.4822;33.0067;10.2345;4490.44;6.15386;0;0;0.1;0.01;0;5.73553;0;0;-1
0;825;-7.58251;-65.849;32.0416;9.11861;3175.96;5.48289;0;0;0.1;0.01;0;4.85278;0;0;-1
0;826;-8.81195;-46.9416;30.7961;9.1191;3176.47;5.48318;0;0;0.1;0.01;0;5.15075;0;0;-1
0;827;-5.45843;-32.6294;31.1761;8.5;2572.44;5.11093;0;0;0.1;0.01;0;4.7426;1;0;-1
0;828;-8.84143;-13.1745;31.5893;10.4144;4731.42;6.26203;0;0;0.1;0.01;0;6.59192;0;0;-1
0;829;-7.46433;3.47741;31.9518;9.30981;3379.96;5.59785;0;0;0.1;0.01;0;6.08562;0;0;-1
0;830;-6.85607;20.9995;33.6364;10.0649;4270.88;6.05188;0;0;0.1;0.01;0;5.67634;0;0;-1
0;831;-7.47979;37.7974;34.08;9.13604;3194.2;5.49337;0;0;0.1;0.01;0;6.14288;0;0;-1
0;832;-5.84832;51.7228;33.6935;8.5;2572.44;5.11093;0;0;0.1;0.01;0;5.49271;1;0;-1
0;833;-7.203;69.783;32.3993;8.73803;2794.66;5.25405;0;0;0.1;0.01;0;4.35034;0;0;-1
0;834;-6.78219;88.6495;31.1325;8.56897;2635.57;5.1524;0;0;0.1;0.01;0;2.16859;0;0;-1
0;835;8.24867;-89.4376;34.6614;8.757;2812.9;5.26546;0;0;0.1;0.01;0;3.18265;0;0;-1
0;836;7.70409;-74.4725;32.4943;10.4534;4784.77;6.28548;0;0;0.1;0.01;0;7.03277;0;0;-1
0;837;6.34506;-58.9439;31.8198;8.79873;2853.31;5.29055;0;0;0.1;0.01;0;5.10294;0;0;-1
0;838;8.48774;-42.9131;33.2005;10.0561;4259.68;6.04659;0;0;0.1;0.01;0;6.75129;0;0;-1
0;839;6.86461;-23.8826;32.7551;8.90408;2957.03;5.35389;0;0;0.1;0.01;0;4.88066;0;0;-1
0;840;7.21538;-6.04782;33.7216;9.87605;4034.95;5.93833;0;0;0.1;0.01;0;6.05223;0;0;-1
0;841;5.64829;8.79368;34.3815;9.10205;3158.68;5.47293;0;0;0.1;0.01;0;4.74175;0;0;-1
0;842;8.33628;27.8175;31.0468;9.25309;3318.55;5.56375;0;0;0.1;0.01;0;5.15804;0;0;-1
0;843;6.79297;42.8927;30.5916;10.1876;4428.99;6.12566;0;0;0.1;0.01;0;6.42125;0;0;-1
0;844;8.63658;61.5742;30.9049;8.68436;2743.48;5.22178;0;0;0.1;0.01;0;4.75648;0;0;-1
0;845;9.11989;78.9351;31.9046;9.46328;3549.88;5.69013;0;0;0.1;0.01;0;4.70521;0;0;-1
0;846;23.1447;-82.6646;33.8598;9.93443;4106.93;5.97343;0;0;0.1;0.01;0;4.76746;0;0;-1
0;847;22.6503;-67.9641;33.0083;9.85623;4010.71;5.92641;0;0;0.1;0.01;0;5.40329;0;0;-1
0;848;23.8689;-47.7338;33.3844;8.90151;2954.47;5.35235;0;0;0.1;0.01;0;5.89695;0;0;-1
0;849;21.1357;-32.2894;32.4713;10.1635;4397.63;6.11117;0;0;0.1;0.01;0;7.03927;0;0;-1
0;850;22.1133;-14.0044;32.2169;10.1553;4386.99;6.10623;0;0;0.1;0.01;0;6.79521;0;0;-1
0;851;22.3364;0.484319;30.9442;8.92445;2977.37;5.36614;0;0;0.1;0.01;0;5.12627;0;0;-1
0;852;23.0072;19.3365;30.4824;9.06881;3124.2;5.45294;0;0;0.1;0.01;0;4.82207;0;0;-1
0;853;22.1106;37.5579;33.9844;9.3486;3422.38;5.62118;0;0;0.1;0.01;0;5.73693;0;0;-1
0;854;23.7962;51.3877;32.5702;9.90615;4071.96;5.95642;0;0;0.1;0.01;0;6.81416;0;0;-1
0;855;22.3271;68.757;30.9989;8.75237;2808.44;5.26267;0;0;0.1;0.01;0;5.90299;0;0;-1
0;856;20.8583;89.3922;34.2243;9.34689;3420.5;5.62015;0;0;0.1;0.01;0;1.60219;0;0;-1
0;857;35.7787;-74.7235;32.7951;8.5;2572.44;5.11093;0;0;0.1;0.01;0;3.42641;1;0;-1
0;858;37.1868;-55.0822;32.842;9.55435;3653.36;5.74489;0;0;0.1;0.01;0;5.7612;0;0;-1
0;859;35.5721;-38.4149;30.8944;8.5;2572.44;5.11093;0;0;0.1;0.01;0;5.30922;1;0;-1
0;860;37.4988;-21.9846;32.1842;8.5;2572.44;5.11093;0;0;0.1;0.01;0;4.75486;1;0;-1
0;861;35.9008;-4.81158;33.2099;9.17157;3231.62;5.51473;0;0;0.1;0.01;0;5.72469;0;0;-1
0;862;38.7466;9.3571;32.4863;8.59517;2659.82;5.16815;0;0;0.1;0.01;0;4.91397;0;0;-1
0;863;38.1065;25.5617;33.0008;9.81869;3965.06;5.90384;0;0;0.1;0.01;0;5.59183;0;0;-1
0;864;38.3522;43.1656;33.0943;9.76301;3897.98;5.87036;0;0;0.1;0.01;0;6.02023;0;0;-1
0;865;35.3777;61.8592;33.7017;9.76121;3895.83;5.86927;0;0;0.1;0.01;0;6.62517;0;0;-1
0;866;36.8539;77.2531;32.1594;10.0224;4217;6.02632;0;0;0.1;0.01;0;5.236;0;0;-1
0;867;52.8296;-64.6648;31.9398;9.06145;3116.6;5.44852;0;0;0.1;0.01;0;3.97197;0;0;-1
0;868;53.169;-49.3398;32.122;9.43641;3519.73;5.67398;0;0;0.1;0.01;0;5.65645;0;0;-1
0;869;52.0694;-33.3855;32.403;9.52844;3623.71;5.72931;0;0;0.1;0.01;0;6.13979;0;0;-1
0;870;51.5482;-17.3173;31.5968;9.93219;4104.15;5.97208;0;0;0.1;0.01;0;6.31951;0;0;-1
0;871;53.2123;0.916315;33.8751;10.0205;4214.6;6.02518;0;0;0.1;0.01;0;6.86779;0;0;-1
0;872;52.4661;17.8203;33.3875;8.9672;3020.36;5.39185;0;0;0.1;0.01;0;6.01813;0;0;-1
0;873;53.4736;38.1478;32.2397;8.9671;3020.26;5.39179;0;0;0.1;0.01;0;6.0364;0;0;-1
0;874;53.2678;53.1816;33.3275;9.60563;3712.5;5.77573;0;0;0.1;0.01;0;6.97007;0;0;-1
0;875;51.4255;68.3319;32.4218;9.14929;3208.12;5.50134;0;0;0.1;0.01;0;4.86797;0;0;-1
0;876;67.2605;-58.0706;32.4282;8.83388;2887.64;5.31168;0;0;0.1;0.01;0;3.29185;0;0;-1
0;877;67.6945;-38.6034;31.5542;9.31078;3381.01;5.59844;0;0;0.1;0.01;0;5.34579;0;0;-1
0;878;66.3885;-21.815;31.9627;9.12977;3187.63;5.4896;0;0;0.1;0.01;0;5.27269;0;0;-1
0;879;66.9426;-4.76911;32.629;9.85842;4013.38;5.92772;0;0;0.1;0.01;0;5.72614;0;0;-1
0;880;67.2094;10.3575;32.9739;8.94914;3002.15;5.38099;0;0;0.1;0.01;0;6.55252;0;0;-1
0;881;66.2137;28.0104;33.7794;8.61621;2679.4;5.1808;0;0;0.1;0.01;0;5.8209;0;0;-1
0;882;67.3148;45.646;31.0857;9.11558;3172.79;5.48107;0;0;0.1;0.01;0;6.46661;0;0;-1
0;883;67.0142;59.5002;32.078;9.87652;4035.53;5.93861;0;0;0.1;0.01;0;4.75549;0;0;-1
0;884;79.9422;-30.2584;33.8314;9.91075;4077.63;5.95919;0;0;0.1;0.01;0;4.39844;0;0;-1
0;885;80.1761;-15.9665;30.7208;8.8039;2858.34;5.29366;0;0;0.1;0.01;0;4.50649;0;0;-1
0;886;79.6572;3.68699;33.5495;10.0827;4293.58;6.06258;0;0;0.1;0.01;0;4.94865;0;0;-1
0;887;80.7158;19.6992;34.1893;8.73611;2792.82;5.2529;0;0;0.1;0.01;0;3.84922;0;0;-1
0;888;80.5433;33.6389;31.9256;8.98096;3034.29;5.40012;0;0;0.1;0.01;0;4.25659;0;0;-1
0;889;-86.3532;-6.44265;47.2376;9.7781;3916.08;5.87943;0;0;0.1;0.01;0;3.24434;0;0;-1
0;890;-85.6594;9.85649;47.7965;10.4049;4718.48;6.25632;0;0;0.1;0.01;0;3.02342;0;0;-1
0;891;-69.0189;-49.9853;48.7972;10.4318;4755.17;6.27249;0;0;0.1;0.01;0;2.88144;0;0;-1
0;892;-69.3924;-33.7503;47.9841;8.5;2572.44;5.11093;0;0;0.1;0.01;0;4.09427;1;0;-1
0;893;-69.364;-13.3644;47.6945;9.91875;4087.52;5.964;0;0;0.1;0.01;0;5.72584;0;0;-1
0;894;-71.517;0.839243;46.7771;8.91111;2964.04;5.35812;0;0;0.1;0.01;0;5.62273;0;0;-1
0;895;-68.5668;18.0367;47.0555;8.75571;2811.66;5.26468;0;0;0.1;0.01;0;3.93391;0;0;-1
0;896;-70.5782;36.4575;49.3673;9.25688;3322.63;5.56603;0;0;0.1;0.01;0;1.72402;0;0;-1
0;897;-56.6407;-59.6065;46.1512;8.92538;2978.3;5.3667;0;0;0.1;0.01;0;4.10208;0;0;-1
0;898;-57.0549;-39.1353;47.6054;9.30218;3371.65;5.59327;0;0;0.1;0.01;0;5.77807;0;0;-1
0;899;-57.0499;-23.2627;47.2556;8.5;2572.44;5.11093;0;0;0.1;0.01;0;5.45104;1;0;-1
0;900;-56.8272;-6.91105;48.8066;9.56046;3660.37;5.74857;0;0;0.1;0.01;0;5.90527;0;0;-1
0;901;-54.5955;12.7564;45.9833;8.6949;2753.48;5.22812;0;0;0.1;0.01;0;4.41883;0;0;-1
0;902;-57.6991;29.7451;45.9918;8.5;2572.44;5.11093;0;0;0.1;0.01;0;4.65746;1;0;-1
0;903;-56.3046;45.9442;47.0272;8.5;2572.44;5.11093;0;0;0.1;0.01;0;4.46056;1;0;-1
0;904;-54.4441;61.2994;46.4162;8.73256;2789.42;5.25076;0;0;0.1;0.01;0;3.49962;0;0;-1
0;905;-40.6492;-64.3863;45.8766;8.77308;2828.43;5.27513;0;0;0.1;0.01;0;3.66374;0;0;-1
0;906;-40.4039;-50.5782;48.2032;9.14813;3206.9;5.50064;0;0;0.1;0.01;0;5.15948;0;0;-1
0;907;-43.1981;-30.07;46.0943;10.1709;4407.24;6.11561;0;0;0.1;0.01;0;6.0527;0;0;-1
0;908;-41.5069;-14.2968;49.0797;8.5;2572.44;5.11093;0;0;0.1;0.01;0;4.98812;1;0;-1
0;909;-41.6433;0.768656;49.2611;8.65928;2719.78;5.2067;0;0;0.1;0.01;0;4.60026;0;0;-1
0;910;-42.0962;16.775;48.2707;10.2808;4551.66;6.1817;0;0;0.1;0.01;0;5.92348;0;0;-1
0;911;-42.3266;35.8779;45.2288;8.59133;2656.26;5.16584;0;0;0.1;0.01;0;4.95056;0;0;-1
0;912;-41.2206;53.2384;48.9037;10.1348;4360.48;6.09391;0;0;0.1;0.01;0;6.53583;0;0;-1
0;913;-42.4837;69.7215;48.0986;9.85071;4003.97;5.92309;0;0;0.1;0.01;0;4.23753;0;0;-1
0;914;-27.8267;-76.7421;46.7393;9.0812;3137.03;5.46039;0;0;0.1;0.01;0;2.9635;0;0;-1
0;915;-26.1712;-55.5024;48.3156;8.59395;2658.69;5.16742;0;0;0.1;0.01;0;5.99665;0;0;-1
0;916;-27.6869;-41.4865;46.5303;9.63897;3751.29;5.79577;0;0;0.1;0.01;0;7.57732;0;0;-1
0;917;-28.0309;-24.2568;49.4391;8.5;2572.44;5.11093;0;0;0.1;0.01;0;4.80454;1;0;-1
0;918;-25.7011;-8.79534;47.3302;8.5;2572.44;5.11093;0;0;0.1;0.01;0;4.63765;1;0;-1
0;919;-26.6759;12.0265;46.5415;9.92574;4096.16;5.9682;0;0;0.1;0.01;0;5.7798;0;0;-1
0;920;-26.9596;29.5803;48.5549;10.2075;4454.99;6.13762;0;0;0.1;0.01;0;7.06317;0;0;-1
0;921;-26.3534;45.1543;48.8407;9.22863;3292.31;5.54904;0;0;0.1;0.01;0;6.1175;0;0;-1
0;922;-25.8918;60.8809;46.5211;10.3198;4603.65;6.20515;0;0;0.1;0.01;0;6.87262;0;0;-1
0;923;-25.5709;79.3379;48.501;9.1597;3219.08;5.50759;0;0;0.1;0.01;0;3.17575;0;0;-1
0;924;-12.3647;-80.7884;46.0116;8.874;2927.16;5.33581;0;0;0.1;0.01;0;3.07197;0;0;-1
0;925;-11.8862;-64.6847;47.9617;8.62741;2689.86;5.18754;0;0;0.1;0.01;0;4.45719;0;0;-1
0;926;-13.4911;-47.9741;46.5722;10.3686;4669.27;6.23449;0;0;0.1;0.01;0;7.52046;0;0;-1
0;927;-12.6931;-33.5686;49.1097;10.005;4195.08;6.01586;0;0;0.1;0.01;0;5.88223;0;0;-1
0;928;-11.4151;-13.8847;48.6893;9.93402;4106.42;5.97318;0;0;0.1;0.01;0;6.77182;0;0;-1
0;929;-11.0363;0.27144;46.1071;9.49154;3581.78;5.70713;0;0;0.1;0.01;0;6.65113;0;0;-1
0;930;-13.1767;19.5082;47.8628;10.0132;4205.4;6.02079;0;0;0.1;0.01;0;6.25874;0;0;-1
0;931;-11.2551;37.094;49.0573;8.84922;2902.71;5.32091;0;0;0.1;0.01;0;6.45035;0;0;-1
0;932;-12.203;52.5423;48.7887;9.02879;3083.03;5.42888;0;0;0.1;0.01;0;7.20915;0;0;-1
0;933;-11.7527;69.7942;48.079;10.1432;4371.33;6.09896;0;0;0.1;0.01;0;5.86702;0;0;-1
0;934;-12.8184;86.6167;47.9957;8.5;2572.44;5.11093;0;0;0.1;0.01;0;1.66497;1;0;-1
0;935;2.05752;-73.1375;45.8784;8.5;2572.44;5.11093;0;0;0.1;0.01;0;4.91224;1;0;-1
0;936;1.61325;-59.4372;46.6176;8.99434;3047.87;5.40817;0;0;0.1;0.01;0;5.60923;0;0;-1
0;937;2.35361;-42.2765;46.9581;9.40872;3488.83;5.65733;0;0;0.1;0.01;0;5.65183;0;0;-1
0;938;1.44576;-22.4085;48.505;9.3869;3464.62;5.64421;0;0;0.1;0.01;0;5.82246;0;0;-1
0;939;4.30885;-5.38883;49.0457;9.50215;3593.8;5.7135;0;0;0.1;0.01;0;6.81263;0;0;-1
0;940;3.22298;8.86416;49.237;9.40384;3483.41;5.65439;0;0;0.1;0.01;0;5.8091;0;0;-1
0;941;1.82116;29.6364;47.327;8.5;2572.44;5.11093;0;0;0.1;0.01;0;5.05003;1;0;-1
0;942;1.08427;45.5432;47.6021;8.53776;2606.88;5.13363;0;0;0.1;0.01;0;6.17275;0;0;-1
0;943;1.48623;60.6188;45.6703;9.03964;3094.15;5.4354;0;0;0.1;0.01;0;5.43693;0;0;-1
0;944;4.93413;79.7265;48.6559;10.1102;4328.8;6.07912;0;0;0.1;0.01;0;3.0056;0;0;-1
0;945;18.9283;-84.476;48.891;8.82496;2878.9;5.30632;0;0;0.1;0.01;0;1.95378;0;0;-1
0;946;18.2855;-65.9338;46.71;9.13393;3191.99;5.4921;0;0;0.1;0.01;0;4.69345;0;0;-1
0;947;16.9295;-49.4181;46.2842;8.5;2572.44;5.11093;0;0;0.1;0.01;0;4.61327;1;0;-1
0;948;19.3908;-34.4003;45.931;10.2763;4545.68;6.17899;0;0;0.1;0.01;0;6.56901;0;0;-1
0;949;16.1446;-14.8614;48.4603;9.22523;3288.67;5.547;0;0;0.1;0.01;0;6.34314;0;0;-1
0;950;18.7818;1.80616;48.5202;8.50641;2578.26;5.11478;0;0;0.1;0.01;0;5.65852;0;0;-1
0;951;17.3907;17.4844;46.7761;9.55479;3653.86;5.74516;0;0;0.1;0.01;0;5.23442;0;0;-1
0;952;16.0256;36.3965;49.0145;8.5;2572.44;5.11093;0;0;0.1;0.01;0;4.95127;1;0;-1
0;953;19.2385;50.8483;45.5655;9.03341;3087.76;5.43166;0;0;0.1;0.01;0;5.11203;0;0;-1
0;954;17.4127;71.0991;46.7975;9.52319;3617.73;5.72616;0;0;0.1;0.01;0;4.54228;0;0;-1
0;955;33.2098;-74.2753;48.7908;8.9766;3029.87;5.3975;0;0;0.1;0.01;0;3.24462;0;0;-1
0;956;33.113;-57.1349;47.8285;9.60965;3717.16;5.77814;0;0;0.1;0.01;0;6.04734;0;0;-1
0;957;33.4767;-39.2147;45.8219;9.85133;4004.73;5.92346;0;0;0.1;0.01;0;6.54212;0;0;-1
0;958;30.795;-22.5129;46.1738;9.98303;4167.5;6.00265;0;0;0.1;0.01;0;6.38946;0;0;-1
0;959;31.9807;-5.04257;47.7721;9.48791;3577.67;5.70494;0;0;0.1;0.01;0;5.8363;0;0;-1
0;960;33.2569;12.0645;47.6426;9.44032;3524.1;5.67633;0;0;0.1;0.01;0;5.47915;0;0;-1
0;961;30.6855;25.7832;46.9812;9.75134;3884.02;5.86334;0;0;0.1;0.01;0;6.52752;0;0;-1
0;962;32.7085;43.2089;48.5138;8.95476;3007.81;5.38437;0;0;0.1;0.01;0;6.11668;0;0;-1
0;963;31.8858;59.3289;48.6129;9.99243;4179.28;6.0083;0;0;0.1;0.01;0;6.93036;0;0;-1
0;964;30.9313;76.251;47.7001;9.44588;3530.33;5.67967;0;0;0.1;0.01;0;4.12457;0;0;-1
0;965;45.9664;-63.705;46.5728;8.50235;2574.57;5.11234;0;0;0.1;0.01;0;3.3089;0;0;-1
0;966;46.1774;-47.4764;47.5716;10.2055;4452.37;6.13642;0;0;0.1;0.01;0;6.42914;0;0;-1
0;967;47.6497;-31.4603;46.2925;8.5;2572.44;5.11093;0;0;0.1;0.01;0;5.04334;1;0;-1
0;968;45.2296;-13.9424;49.0311;9.26855;3335.22;5.57304;0;0;0.1;0.01;0;5.88918;0;0;-1
0;969;45.8985;-0.224626;45.3807;8.5;2572.44;5.11093;0;0;0.1;0.01;0;5.34677;1;0;-1
0;970;47.7184;20.7868;46.8821;10.0206;4214.73;6.02524;0;0;0.1;0.01;0;7.16665;0;0;-1
0;971;45.3019;36.6217;48.5871;9.44979;3534.72;5.68202;0;0;0.1;0.01;0;6.80072;0;0;-1
0;972;46.4712;54.7701;49.1048;9.69619;3818.49;5.83018;0;0;0.1;0.01;0;5.88226;0;0;-1
0;973;45.6607;72.0077;48.4197;9.86394;4020.13;5.93104;0;0;0.1;0.01;0;3.34241;0;0;-1
0;974;63.701;-58.7685;46.4823;8.74716;2803.43;5.25954;0;0;0.1;0.01;0;2.38392;0;0;-1
0;975;62.0116;-42.377;47.6437;9.36522;3440.67;5.63117;0;0;0.1;0.01;0;5.0486;0;0;-1
0;976;59.8948;-24.0742;48.5216;8.5;2572.44;5.11093;0;0;0.1;0.01;0;4.85944;1;0;-1
0;977;63.6073;-8.69891;46.8174;10.1425;4370.42;6.09854;0;0;0.1;0.01;0;6.67287;0;0;-1
0;978;60.6646;8.13207;47.1487;9.86993;4027.46;5.93465;0;0;0.1;0.01;0;6.38344;0;0;-1
0;979;61.5224;26.809;46.1086;9.90075;4065.3;5.95318;0;0;0.1;0.01;0;6.42605;0;0;-1
0;980;60.1698;43.65;46.0414;10.1384;4365.13;6.09607;0;0;0.1;0.01;0;6.24447;0;0;-1
0;981;61.1659;61.0014;46.9921;9.12844;3186.24;5.4888;0;0;0.1;0.01;0;3.76152;0;0;-1
0;982;77.2972;-30.3714;48.647;8.61289;2676.3;5.17881;0;0;0.1;0.01;0;2.62314;0;0;-1
0;983;77.1293;-17.101;47.7285;8.5;2572.44;5.11093;0;0;0.1;0.01;0;3.16259;1;0;-1
0;984;75.5664;1.83088;46.5457;9.84126;3992.46;5.91741;0;0;0.1;0.01;0;5.04748;0;0;-1
0;985;78.6909;17.3394;48.7979;10.0526;4255.24;6.04448;0;0;0.1;0.01;0;4.18472;0;0;-1
0;986;75.2821;34.6957;45.9242;10.2898;4563.62;6.18711;0;0;0.1;0.01;0;4.40623;0;0;-1
0;987;-65.6098;-30.2897;62.2593;8.57744;2643.39;5.15749;0;0;0.1;0.01;0;3.43807;0;0;-1
0;988;-66.5743;-15.4241;63.5511;8.87947;2932.58;5.3391;0;0;0.1;0.01;0;3.5407;0;0;-1
0;989;-66.6874;0.548469;61.3387;8.52153;2592.04;5.12387;0;0;0.1;0.01;0;3.47945;0;0;-1
0;990;-66.1498;19.5135;63.9366;9.60852;3715.85;5.77746;0;0;0.1;0.01;0;3.3552;0;0;-1
0;991;-51.8163;-58.4804;60.4462;9.06277;3117.97;5.44931;0;0;0.1;0.01;0;2.13827;0;0;-1
0;992;-51.418;-38.7588;63.6275;10.4312;4754.35;6.27213;0;0;0.1;0.01;0;5.19814;0;0;-1
0;993;-50.7477;-24.5008;63.305;8.99047;3043.94;5.40584;0;0;0.1;0.01;0;6.41236;0;0;-1
0;994;-52.7043;-8.79374;61.3372;8.75928;2815.1;5.26683;0;0;0.1;0.01;0;4.57485;0;0;-1
0;995;-53.4844;10.3272;61.646;10.3467;4639.75;6.22132;0;0;0.1;0.01;0;5.60439;0;0;-1
0;996;-53.0201;27.1232;62.1029;8.5119;2583.26;5.11808;0;0;0.1;0.01;0;4.04357;0;0;-1
0;997;-51.7526;46.5241;61.8013;9.49673;3587.66;5.71025;0;0;0.1;0.01;0;3.02856;0;0;-1
0;998;-36.3724;-47.5537;60.5155;9.31429;3384.84;5.60055;0;0;0.1;0.01;0;6.18487;0;0;-1
0;999;-36.9167;-33.1709;64.1695;8.56914;2635.73;5.1525;0;0;0.1;0.01;0;5.89101;0;0;-1
0;1000;-35.4725;-15.653;62.6711;9.77893;3917.08;5.87993;0;0;0.1;0.01;0;6.62058;0;0;-1
0;1001;-36.1634;1.4585;63.9629;8.73934;2795.92;5.25484;0;0;0.1;0.01;0;4.87642;0;0;-1
0;1002;-35.0664;19.5873;62.2165;8.80965;2863.94;5.29711;0;0;0.1;0.01;0;5.88892;0;0;-1
0;1003;-35.2266;37.0916;60.6599;9.96828;4149.06;5.99378;0;0;0.1;0.01;0;6.29398;0;0;-1
0;1004;-38.3046;52.2592;63.8443;9.47991;3568.63;5.70013;0;0;0.1;0.01;0;3.94511;0;0;-1
0;1005;-38.316;67.9544;60.6966;9.61487;3723.22;5.78128;0;0;0.1;0.01;0;3.18449;0;0;-1
0;1006;-21.3201;-73.2318;63.7685;8.5;2572.44;5.11093;0;0;0.1;0.01;0;1.71219;1;0;-1
0;1007;-23.2927;-57.0288;62.2443;10.4;4711.82;6.25337;0;0;0.1;0.01;0;6.18621;0;0;-1
0;1008;-22.2439;-40.8641;61.3909;10.2717;4539.58;6.17622;0;0;0.1;0.01;0;8.03007;0;0;-1
0;1009;-21.3077;-22.7352;63.6638;8.53442;2603.82;5.13162;0;0;0.1;0.01;0;6.24235;0;0;-1
0;1010;-21.9768;-5.56784;62.1255;10.3597;4657.26;6.22914;0;0;0.1;0.01;0;6.43739;0;0;-1
0;1011;-22.1213;10.517;60.8515;8.5;2572.44;5.11093;0;0;0.1;0.01;0;3.63286;1;0;-1
0;1012;-23.7876;26.8107;63.5213;9.01866;3072.66;5.42279;0;0;0.1;0.01;0;4.69166;0;0;-1
0;1013;-22.4073;44.477;62.8124;9.87176;4029.7;5.93575;0;0;0.1;0.01;0;6.77182;0;0;-1
0;1014;-21.8319;59.7026;60.1776;8.81698;2871.1;5.30152;0;0;0.1;0.01;0;5.43823;0;0;-1
0;1015;-7.87584;-67.6887;60.3464;8.52518;2595.37;5.12607;0;0;0.1;0.01;0;3.89015;0;0;-1
0;1016;-7.87145;-47.7048;63.1277;10.2311;4485.96;6.15181;0;0;0.1;0.01;0;6.71339;0;0;-1
0;1017;-5.56317;-29.8867;63.3977;9.05885;3113.92;5.44696;0;0;0.1;0.01;0;6.57507;0;0;-1
0;1018;-6.85117;-15.3355;60.9694;8.54701;2615.36;5.13919;0;0;0.1;0.01;0;6.62509;0;0;-1
0;1019;-8.78525;0.618323;60.7708;8.5;2572.44;5.11093;0;0;0.1;0.01;0;4.71343;1;0;-1
0;1020;-6.95696;20.8305;60.3843;8.92528;2978.2;5.36664;0;0;0.1;0.01;0;4.61497;0;0;-1
0;1021;-8.82983;36.0107;63.5788;9.68264;3802.51;5.82203;0;0;0.1;0.01;0;7.04878;0;0;-1
0;1022;-6.47581;52.1448;61.0307;9.64341;3756.48;5.79844;0;0;0.1;0.01;0;7.58233;0;0;-1
0;1023;-7.43479;67.67;60.877;10.3052;4584.14;6.19637;0;0;0.1;0.01;0;4.9367;0;0;-1
0;1024;5.31853;-73.7691;61.9463;8.5;2572.44;5.11093;0;0;0.1;0.01;0;2.23812;1;0;-1
0;1025;6.87417;-57.4064;62.304;10.176;4413.87;6.11868;0;0;0.1;0.01;0;5.81628;0;0;-1
0;1026;7.74447;-39.3529;61.0349;8.5;2572.44;5.11093;0;0;0.1;0.01;0;4.55383;1;0;-1
0;1027;6.3832;-22.6922;62.3468;9.92312;4092.92;5.96663;0;0;0.1;0.01;0;6.71306;0;0;-1
0;1028;9.17312;-6.37385;62.4712;10.2402;4497.94;6.15728;0;0;0.1;0.01;0;6.85736;0;0;-1
0;1029;8.78265;12.1977;62.2454;8.66534;2725.5;5.21034;0;0;0.1;0.01;0;4.78831;0;0;-1
0;1030;7.91917;26.3236;63.4132;8.5;2572.44;5.11093;0;0;0.1;0.01;0;5.49477;1;0;-1
0;1031;7.42256;42.0726;60.0807;10.2988;4575.6;6.19252;0;0;0.1;0.01;0;6.63373;0;0;-1
0;1032;6.63983;63.0894;63.2897;9.3194;3390.41;5.60362;0;0;0.1;0.01;0;4.6223;0;0;-1
0;1033;21.3015;-63.8667;60.9619;8.5;2572.44;5.11093;0;0;0.1;0.01;0;3.70138;1;0;-1
0;1034;23.2533;-50.2976;61.9481;8.5;2572.44;5.11093;0;0;0.1;0.01;0;4.4347;1;0;-1
0;1035;20.9351;-32.3645;61.0273;8.5;2572.44;5.11093;0;0;0.1;0.01;0;3.8335;1;0;-1
0;1036;24.2115;-12.6693;60.3633;8.5;2572.44;5.11093;0;0;0.1;0.01;0;5.40711;1;0;-1
0;1037;20.6155;2.95428;61.7778;8.5;2572.44;5.11093;0;0;0.1;0.01;0;5.06539;1;0;-1
0;1038;23.0827;19.7959;63.7353;10.3275;4613.96;6.20978;0;0;0.1;0.01;0;7.34303;0;0;-1
0;1039;21.9282;37.8378;63.1531;8.70203;2760.26;5.2324;0;0;0.1;0.01;0;5.68851;0;0;-1
0;1040;21.575;53.154;60.4269;8.5;2572.44;5.11093;0;0;0.1;0.01;0;5.29533;1;0;-1
0;1041;22.1316;69.1071;61.3962;9.0674;3122.75;5.4521;0;0;0.1;0.01;0;3.39015;0;0;-1
0;1042;34.6684;-59.732;63.5383;8.5;2572.44;5.11093;0;0;0.1;0.01;0;2.1743;1;0;-1
0;1043;36.1555;-39.3421;62.5761;9.23923;3303.66;5.55541;0;0;0.1;0.01;0;4.5109;0;0;-1
0;1044;38.1825;-22.8133;61.8972;8.81792;2872.02;5.30209;0;0;0.1;0.01;0;4.89372;0;0;-1
0;1045;35.7934;-5.06184;62.6047;8.95321;3006.25;5.38344;0;0;0.1;0.01;0;4.80461;0;0;-1
0;1046;38.2714;12.2857;61.3805;9.45337;3538.74;5.68417;0;0;0.1;0.01;0;5.6478;0;0;-1
0;1047;37.9531;26.2083;60.2536;8.5;2572.44;5.11093;0;0;0.1;0.01;0;6.73255;1;0;-1
0;1048;35.5216;43.3647;63.522;9.23679;3301.05;5.55395;0;0;0.1;0.01;0;5.62945;0;0;-1
0;1049;38.6635;60.4733;63.384;9.72555;3853.28;5.84783;0;0;0.1;0.01;0;3.94738;0;0;-1
0;1050;53.4569;-48.7343;61.7416;9.52246;3616.9;5.72572;0;0;0.1;0.01;0;3.22416;0;0;-1
0;1051;50.3673;-33.3927;60.8819;8.5;2572.44;5.11093;0;0;0.1;0.01;0;4.87524;1;0;-1
0;1052;51.0237;-15.2846;62.1418;9.58171;3684.83;5.76134;0;0;0.1;0.01;0;5.69691;0;0;-1
0;1053;50.0351;0.794176;62.6976;8.5;2572.44;5.11093;0;0;0.1;0.01;0;4.1287;1;0;-1
0;1054;50.5544;20.6988;60.9277;8.5;2572.44;5.11093;0;0;0.1;0.01;0;5.72339;1;0;-1
0;1055;50.8711;34.8046;61.8186;9.8158;3961.56;5.9021;0;0;0.1;0.01;0;6.01716;0;0;-1
0;1056;53.6965;53.0063;62.7378;10.1404;4367.71;6.09728;0;0;0.1;0.01;0;3.14316;0;0;-1
0;1057;67.0766;-40.8577;60.8968;10.4293;4751.76;6.27099;0;0;0.1;0.01;0;2.85267;0;0;-1
0;1058;64.453;-21.5177;62.1487;8.5;2572.44;5.11093;0;0;0.1;0.01;0;2.9567;1;0;-1
0;1059;64.4399;-5.43802;61.8722;8.5;2572.44;5.11093;0;0;0.1;0.01;0;4.08021;1;0;-1
0;1060;66.7737;9.19765;60.6566;9.7064;3830.57;5.83632;0;0;0.1;0.01;0;3.28648;0;0;-1
0;1061;65.175;25.0292;60.1595;8.80062;2855.15;5.29169;0;0;0.1;0.01;0;2.82049;0;0;-1
0;1062;-54.4235;-23.768;75.983;9.34551;3418.99;5.61932;0;0;0.1;0.01;0;3.60399;0;0;-1
0;1063;-56.5074;-4.70343;78.7053;8.5;2572.44;5.11093;0;0;0.1;0.01;0;1.66348;1;0;-1
0;1064;-54.9467;10.6808;76.2421;9.32397;3395.4;5.60637;0;0;0.1;0.01;0;3.90467;0;0;-1
0;1065;-56.4397;29.7243;75.0148;10.447;4775.99;6.28163;0;0;0.1;0.01;0;3.23496;0;0;-1
0;1066;-40.0267;-48.9596;77.0276;8.5;2572.44;5.11093;0;0;0.1;0.01;0;2.24597;1;0;-1
0;1067;-42.2519;-30.7979;77.794;8.79456;2849.25;5.28804;0;0;0.1;0.01;0;4.74956;0;0;-1
0;1068;-40.399;-15.9255;75.0964;9.98709;4172.59;6.00509;0;0;0.1;0.01;0;6.5467;0;0;-1
0;1069;-40.4553;2.87036;77.9471;9.51488;3608.27;5.72116;0;0;0.1;0.01;0;5.73066;0;0;-1
0;1070;-41.6333;17.7799;74.6455;8.54694;2615.29;5.13915;0;0;0.1;0.01;0;5.54994;0;0;-1
0;1071;-39.3223;33.6815;76.4781;9.87209;4030.1;5.93594;0;0;0.1;0.01;0;4.14309;0;0;-1
0;1072;-24.392;-55.1643;76.9441;9.73996;3870.44;5.8565;0;0;0.1;0.01;0;3.46691;0;0;-1
0;1073;-26.2711;-40.8499;74.9541;9.02504;3079.19;5.42663;0;0;0.1;0.01;0;5.50501;0;0;-1
0;1074;-27.4691;-23.1568;76.5304;10.0637;4269.35;6.05116;0;0;0.1;0.01;0;7.01478;0;0;-1
0;1075;-27.2518;-4.52058;77.9021;9.34698;3420.6;5.6202;0;0;0.1;0.01;0;6.54977;0;0;-1
0;1076;-24.9812;12.2909;77.0447;9.04555;3100.23;5.43896;0;0;0.1;0.01;0;5.77434;0;0;-1
0;1077;-25.7857;26.5321;77.3;9.31413;3384.66;5.60045;0;0;0.1;0.01;0;5.8972;0;0;-1
0;1078;-25.3428;43.7233;77.7637;9.28589;3353.97;5.58347;0;0;0.1;0.01;0;3.80841;0;0;-1
0;1079;-10.07;-47.8091;76.3972;8.80812;2862.45;5.29619;0;0;0.1;0.01;0;4.9251;0;0;-1
0;1080;-12.4528;-31.1421;76.415;10.2266;4480.05;6.14911;0;0;0.1;0.01;0;7.48003;0;0;-1
0;1081;-12.8045;-16.1703;74.6155;9.40462;3484.27;5.65486;0;0;0.1;0.01;0;7.3516;0;0;-1
0;1082;-13.5656;0.325464;78.4954;10.2202;4471.64;6.14526;0;0;0.1;0.01;0;6.59384;0;0;-1
0;1083;-11.4786;20.5729;78.3221;8.95194;3004.97;5.38267;0;0;0.1;0.01;0;5.80949;0;0;-1
0;1084;-10.8862;36.5099;76.7753;10.0821;4292.81;6.06222;0;0;0.1;0.01;0;7.27604;0;0;-1
0;1085;-11.9886;51.5998;76.3111;9.93362;4105.93;5.97294;0;0;0.1;0.01;0;4.78316;0;0;-1
0;1086;3.54291;-58.8461;76.603;10.3992;4710.73;6.25289;0;0;0.1;0.01;0;3.37076;0;0;-1
0;1087;1.37631;-42.229;78.4772;8.5;2572.44;5.11093;0;0;0.1;0.01;0;4.97622;1;0;-1
0;1088;4.77117;-23.2434;76.3295;10.0445;4244.96;6.03961;0;0;0.1;0.01;0;6.80818;0;0;-1
0;1089;1.29807;-7.59682;78.2463;9.92445;4094.57;5.96743;0;0;0.1;0.01;0;6.26932;0;0;-1
0;1090;3.2721;11.416;77.634;8.90179;2954.75;5.35252;0;0;0.1;0.01;0;4.54079;0;0;-1
0;1091;1.50576;27.3594;77.7761;9.65841;3774.03;5.80746;0;0;0.1;0.01;0;7.23843;0;0;-1
0;1092;2.54161;42.495;76.4669;10.3015;4579.2;6.19414;0;0;0.1;0.01;0;6.33637;0;0;-1
0;1093;4.04305;61.3707;76.5673;9.70352;3827.16;5.83459;0;0;0.1;0.01;0;3.29225;0;0;-1
0;1094;16.4752;-49.6003;74.9883;8.82222;2876.22;5.30467;0;0;0.1;0.01;0;3.51544;0;0;-1
0;1095;17.4666;-30.737;77.8419;9.94785;4123.6;5.9815;0;0;0.1;0.01;0;6.04417;0;0;-1
0;1096;18.4955;-13.1214;74.6073;9.11763;3174.93;5.4823;0;0;0.1;0.01;0;6.14119;0;0;-1
0;1097;16.72;3.34196;76.3072;8.78297;2838;5.28107;0;0;0.1;0.01;0;5.25188;0;0;-1
0;1098;18.409;20.1259;76.7568;8.5;2572.44;5.11093;0;0;0.1;0.01;0;5.81246;1;0;-1
0;1099;18.6038;33.9766;76.0114;10.0972;4312.13;6.0713;0;0;0.1;0.01;0;7.30717;0;0;-1
0;1100;18.5659;54.426;76.147;9.59276;3697.6;5.76799;0;0;0.1;0.01;0;3.60039;0;0;-1
0;1101;32.5515;-40.2008;76.4286;10.1849;4425.47;6.12403;0;0;0.1;0.01;0;3.81179;0;0;-1
0;1102;31.247;-22.944;78.554;10.1291;4353.13;6.09048;0;0;0.1;0.01;0;5.58331;0;0;-1
0;1103;31.1813;-5.9903;77.3433;8.5572;2624.72;5.14532;0;0;0.1;0.01;0;5.19989;0;0;-1
0;1104;32.3726;11.7448;76.1705;9.07028;3125.72;5.45383;0;0;0.1;0.01;0;4.46404;0;0;-1
0;1105;34.5155;28.4088;76.6458;10.3011;4578.67;6.1939;0;0;0.1;0.01;0;5.87647;0;0;-1
0;1106;30.9547;46.4962;78.1584;10.3268;4613.03;6.20935;0;0;0.1;0.01;0;4.17038;0;0;-1
0;1107;49.0845;-30.3923;78.6655;9.26179;3327.92;5.56898;0;0;0.1;0.01;0;1.69114;0;0;-1
0;1108;45.4492;-13.8843;75.3094;8.5304;2600.14;5.12921;0;0;0.1;0.01;0;4.7619;0;0;-1
0;1109;47.4424;0.399583;77.9813;8.55106;2619.08;5.14163;0;0;0.1;0.01;0;3.45334;0;0;-1
0;1110;48.3217;20.0364;74.9211;9.58572;3689.46;5.76375;0;0;0.1;0.01;0;3.87008;0;0;-1
0;1111;49.0118;36.2382;77.4661;8.5;2572.44;5.11093;0;0;0.1;0.01;0;2.34101;1;0;-1
0;1112;60.4425;-6.10341;78.4449;8.5;2572.44;5.11093;0;0;0.1;0.01;0;1.59374;1;0;-1
0;1113;-36.2688;-15.7329;89.6371;9.8315;3980.59;5.91154;0;0;0.1;0.01;0;4.24739;0;0;-1
0;1114;-36.4107;1.56562;91.242;8.5;2572.44;5.11093;0;0;0.1;0.01;0;3.92299;1;0;-1
0;1115;-38.446;16.9522;89.8836;10.0141;4206.53;6.02133;0;0;0.1;0.01;0;3.77045;0;0;-1
0;1116;-21.1027;-24.4713;90.0471;10.4526;4783.67;6.285;0;0;0.1;0.01;0;4.95046;0;0;-1
0;1117;-23.4136;-6.36248;93.0761;10.0382;4236.98;6.03582;0;0;0.1;0.01;0;4.54091;0;0;-1
0;1118;-22.7392;11.6921;89.7662;8.5;2572.44;5.11093;0;0;0.1;0.01;0;4.56459;1;0;-1
0;1119;-21.6261;27.6353;93.3721;10.1704;4406.59;6.11531;0;0;0.1;0.01;0;3.63968;0;0;-1
0;1120;-7.47897;-31.4718;90.7918;9.99572;4183.41;6.01028;0;0;0.1;0.01;0;4.74593;0;0;-1
0;1121;-8.535;-14.0142;89.4448;9.49792;3589.01;5.71096;0;0;0.1;0.01;0;6.43367;0;0;-1
0;1122;-6.51472;1.18147;92.6584;9.92513;4095.41;5.96784;0;0;0.1;0.01;0;5.31268;0;0;-1
0;1123;-5.80979;19.1314;93.3211;10.3778;4681.71;6.24002;0;0;0.1;0.01;0;5.37685;0;0;-1
0;1124;-7.6129;35.0397;92.3534;8.5;2572.44;5.11093;0;0;0.1;0.01;0;3.71147;1;0;-1
0;1125;5.41638;-38.5674;92.1411;8.64182;2703.36;5.1962;0;0;0.1;0.01;0;2.77347;0;0;-1
0;1126;6.63585;-23.3659;92.1207;9.97299;4154.94;5.99661;0;0;0.1;0.01;0;4.85966;0;0;-1
0;1127;7.32505;-5.03877;91.6092;9.76217;3896.98;5.86985;0;0;0.1;0.01;0;4.3697;0;0;-1
0;1128;6.66575;10.8044;91.2127;9.29955;3368.79;5.59168;0;0;0.1;0.01;0;4.1233;0;0;-1
0;1129;6.09611;28.7481;90.0592;9.47028;3557.76;5.69434;0;0;0.1;0.01;0;5.33238;0;0;-1
0;1130;23.7562;-31.9707;89.8584;8.5;2572.44;5.11093;0;0;0.1;0.01;0;2.94864;1;0;-1
0;1131;20.7048;-13.4732;89.3555;8.96289;3016.01;5.38926;0;0;0.1;0.01;0;4.82172;0;0;-1
0;1132;22.799;0.118037;90.1658;8.56343;2630.46;5.14907;0;0;0.1;0.01;0;3.46881;0;0;-1
0;1133;20.0092;20.8208;90.9649;8.88242;2935.5;5.34087;0;0;0.1;0.01;0;3.25169;0;0;-1
0;1134;20.8915;36.718;90.3467;8.61361;2676.97;5.17924;0;0;0.1;0.01;0;2.71841;0;0;-1
0;1135;37.3219;-7.80736;89.734;9.767;3902.76;5.87276;0;0;0.1;0.01;0;3.63668;0;0;-1
0;1136;35.4277;9.72599;91.1644;8.5238;2594.11;5.12524;0;0;0.1;0.01;0;1.96429;0;0;-1
