Time;ID;x;y;z;radius;volume_total;radius_nuclear;contact_ECM;freezer;polarized_fraction;motility;cell_line;Cell_cell;phase;Cycle;NFkB
0;0;-51.3192;-4.61427;-83.425;8.5;2572.44;5.11093;0;0;0.1;0.01;0;2.64587;1;0;-1
0;1;-37.4358;-33.3445;-84.6814;9.8791;4038.69;5.94016;0;0;0.1;0.01;0;2.67672;0;0;-1
0;2;-37.659;-13.8272;-86.4875;8.5;2572.44;5.11093;0;0;0.1;0.01;0;2.65163;1;0;-1
0;3;-38.5097;0.470412;-85.589;8.93259;2985.53;5.37104;0;0;0.1;0.01;0;2.49646;0;0;-1
0;4;-35.49;20.6051;-84.3361;10.0373;4235.84;6.03528;0;0;0.1;0.01;0;3.05465;0;0;-1
0;5;-21.8015;-40.6276;-87.2602;9.31441;3384.97;5.60062;0;0;0.1;0.01;0;2.8084;0;0;-1
0;6;-20.5481;-22.398;-85.9323;8.72424;2781.45;5.24576;0;0;0.1;0.01;0;4.23868;0;0;-1
0;7;-21.0295;-8.41845;-84.5103;8.68751;2746.47;5.22367;0;0;0.1;0.01;0;4.10764;0;0;-1
0;8;-20.3046;10.7162;-85.9715;8.9461;2999.09;5.37916;0;0;0.1;0.01;0;3.39644;0;0;-1
0;9;-22.2977;28.7586;-84.0116;9.1147;3171.87;5.48054;0;0;0.1;0.01;0;3.81115;0;0;-1
0;10;-8.84366;-49.3341;-83.4188;10.3831;4688.89;6.24321;0;0;0.1;0.01;0;3.60999;0;0;-1
0;11;-7.09556;-30.7519;-87.1642;9.25676;3322.5;5.56596;0;0;0.1;0.01;0;4.753;0;0;-1
0;12;-6.80624;-16.6152;-86.2506;8.92614;2979.06;5.36716;0;0;0.1;0.01;0;5.07836;0;0;-1
0;13;-6.59236;0.139942;-85.5176;10.1914;4433.94;6.12794;0;0;0.1;0.01;0;5.02076;0;0;-1
0;14;-7.56681;20.0318;-83.7621;10.1998;4444.92;6.13299;0;0;0.1;0.01;0;5.00632;0;0;-1
0;15;-7.67586;38.2933;-83.9336;9.71243;3837.71;5.83994;0;0;0.1;0.01;0;3.32001;0;0;-1
0;16;7.44481;-40.8706;-85.9485;10.0896;4302.4;6.06673;0;0;0.1;0.01;0;4.84816;0;0;-1
0;17;6.40305;-24.2342;-83.4904;10.0954;4309.82;6.07022;0;0;0.1;0.01;0;6.03661;0;0;-1
0;18;8.72865;-6.01532;-85.8338;8.76963;2825.09;5.27305;0;0;0.1;0.01;0;3.89427;0;0;-1
0;19;6.47897;10.9336;-86.7616;8.73724;2793.9;5.25358;0;0;0.1;0.01;0;2.6672;0;0;-1
0;20;7.75658;27.7542;-87.3923;8.84193;2895.54;5.31652;0;0;0.1;0.01;0;3.18335;0;0;-1
0;21;8.87941;45.3839;-83.5788;10.2972;4573.47;6.19156;0;0;0.1;0.01;0;3.80206;0;0;-1
0;22;20.2451;-49.1528;-84.4979;9.44966;3534.57;5.68194;0;0;0.1;0.01;0;3.23478;0;0;-1
0;23;23.3372;-34.0335;-86.6627;10.0918;4305.21;6.06805;0;0;0.1;0.01;0;5.12374;0;0;-1
0;24;20.6087;-15.7288;-84.9692;8.5;2572.44;5.11093;0;0;0.1;0.01;0;3.28285;1;0;-1
0;25;22.4782;3.44962;-86.87;8.58914;2654.22;5.16453;0;0;0.1;0.01;0;3.58985;0;0;-1
0;26;23.631;20.3954;-84.4845;8.88816;2941.2;5.34432;0;0;0.1;0.01;0;4.47771;0;0;-1
0;27;23.5505;37.741;-84.8611;9.8457;3997.87;5.92008;0;0;0.1;0.01;0;3.69458;0;0;-1
0;28;36.3528;-40.1938;-83.6476;9.99562;4183.29;6.01022;0;0;0.1;0.01;0;3.76967;0;0;-1
0;29;35.4706;-25.5456;-86.1222;8.5;2572.44;5.11093;0;0;0.1;0.01;0;3.0174;1;0;-1
0;30;37.2081;-5.59896;-85.3003;10.2046;4451.19;6.13588;0;0;0.1;0.01;0;2.53013;0;0;-1
0;31;36.5604;10.8611;-83.9707;10.2277;4481.49;6.14977;0;0;0.1;0.01;0;3.93843;0;0;-1
0;32;37.5882;26.9797;-83.9283;10.0868;4298.82;6.06505;0;0;0.1;0.01;0;4.35766;0;0;-1
0;33;-70.5265;-14.7657;-69.3765;9.3986;3477.59;5.65124;0;0;0.1;0.01;0;2.2804;0;0;-1
0;34;-57.8102;-39.4453;-71.341;9.97762;4160.73;5.9994;0;0;0.1;0.01;0;3.1062;0;0;-1
0;35;-56.6668;-25.1886;-72.4967;9.30194;3371.39;5.59312;0;0;0.1;0.01;0;3.996;0;0;-1
0;36;-54.7591;-8.89906;-70.8557;8.5;2572.44;5.11093;0;0;0.1;0.01;0;4.50395;1;0;-1
0;37;-56.2942;9.85539;-69.7946;10.3383;4628.45;6.21627;0;0;0.1;0.01;0;3.5066;0;0;-1
0;38;-57.7868;28.473;-71.5062;8.5;2572.44;5.11093;0;0;0.1;0.01;0;2.15665;1;0;-1
0;39;-54.6509;46.9043;-68.5825;9.52835;3623.61;5.72926;0;0;0.1;0.01;0;3.24007;0;0;-1
0;40;-41.5502;-51.3148;-72.6761;9.08313;3139.03;5.46155;0;0;0.1;0.01;0;2.11119;0;0;-1
0;41;-41.3965;-30.4489;-70.9862;9.44447;3528.75;5.67882;0;0;0.1;0.01;0;5.73886;0;0;-1
0;42;-42.2325;-16.6237;-69.6697;10.4347;4759.14;6.27423;0;0;0.1;0.01;0;6.85706;0;0;-1
0;43;-39.415;1.73341;-69.1002;8.5;2572.44;5.11093;0;0;0.1;0.01;0;4.22205;1;0;-1
0;44;-42.3636;16.7618;-69.0643;8.5;2572.44;5.11093;0;0;0.1;0.01;0;5.51222;1;0;-1
0;45;-42.4215;34.2501;-69.8615;9.48534;3574.76;5.7034;0;0;0.1;0.01;0;5.2124;0;0;-1
0;46;-41.2123;53.4629;-69.4156;8.5;2572.44;5.11093;0;0;0.1;0.01;0;3.8048;1;0;-1
0;47;-26.5805;-57.1985;-70.3606;8.69547;2754.02;5.22846;0;0;0.1;0.01;0;4.02405;0;0;-1
0;48;-28.5598;-42.5902;-68.4941;10.4235;4743.83;6.2675;0;0;0.1;0.01;0;6.38709;0;0;-1
0;49;-26.2532;-24.7419;-70.6778;8.78999;2844.81;5.28529;0;0;0.1;0.01;0;5.81379;0;0;-1
0;50;-24.7303;-8.81257;-71.8629;8.5;2572.44;5.11093;0;0;0.1;0.01;0;4.47376;1;0;-1
0;51;-26.8774;11.1073;-69.6522;9.33999;3412.93;5.616;0;0;0.1;0.01;0;5.3509;0;0;-1
0;52;-26.0049;26.9256;-69.2403;10.0291;4225.46;6.03035;0;0;0.1;0.01;0;6.56788;0;0;-1
0;53;-27.6095;43.7354;-70.6728;9.33376;3406.11;5.61225;0;0;0.1;0.01;0;4.59919;0;0;-1
0;54;-27.1641;62.1963;-69.8058;9.79464;3935.99;5.88937;0;0;0.1;0.01;0;3.74053;0;0;-1
0;55;-13.569;-63.8489;-69.021;9.87774;4037.02;5.93934;0;0;0.1;0.01;0;4.04035;0;0;-1
0;56;-13.8241;-48.1361;-68.3369;8.5;2572.44;5.11093;0;0;0.1;0.01;0;5.72115;1;0;-1
0;57;-11.3465;-31.1854;-72.61;8.91585;2968.77;5.36097;0;0;0.1;0.01;0;5.09812;0;0;-1
0;58;-12.7;-15.0526;-70.966;9.29638;3365.35;5.58978;0;0;0.1;0.01;0;6.58872;0;0;-1
0;59;-9.95246;1.96412;-71.7813;9.45092;3535.99;5.6827;0;0;0.1;0.01;0;5.80937;0;0;-1
0;60;-11.6448;16.5853;-70.1481;8.82064;2874.68;5.30372;0;0;0.1;0.01;0;5.34587;0;0;-1
0;61;-11.8802;36.6291;-70.9309;9.09843;3154.92;5.47075;0;0;0.1;0.01;0;4.64991;0;0;-1
0;62;-10.752;55.0821;-70.3584;9.75011;3882.55;5.8626;0;0;0.1;0.01;0;3.31409;0;0;-1
0;63;2.17769;-56.2444;-69.0718;9.01971;3073.73;5.42342;0;0;0.1;0.01;0;4.7373;0;0;-1
0;64;3.94253;-40.1521;-72.0471;8.76763;2823.16;5.27185;0;0;0.1;0.01;0;5.19995;0;0;-1
0;65;2.71595;-22.8985;-68.5019;10.2393;4496.76;6.15674;0;0;0.1;0.01;0;7.07045;0;0;-1
0;66;4.34185;-7.97668;-72.0196;9.90275;4067.77;5.95438;0;0;0.1;0.01;0;6.59523;0;0;-1
0;67;2.35252;10.1698;-69.2197;8.5;2572.44;5.11093;0;0;0.1;0.01;0;4.96709;1;0;-1
0;68;4.40333;26.7929;-69.6879;8.5;2572.44;5.11093;0;0;0.1;0.01;0;4.4925;1;0;-1
0;69;4.43886;45.7955;-70.548;9.40266;3482.1;5.65368;0;0;0.1;0.01;0;6.07188;0;0;-1
0;70;3.50611;63.717;-70.1457;9.87208;4030.09;5.93594;0;0;0.1;0.01;0;3.454;0;0;-1
0;71;16.3301;-66.269;-69.8956;9.33398;3406.35;5.61239;0;0;0.1;0.01;0;2.89335;0;0;-1
0;72;15.9635;-47.1686;-70.9264;8.71329;2770.99;5.23917;0;0;0.1;0.01;0;4.75188;0;0;-1
0;73;19.2588;-30.2034;-70.877;10.2304;4485.04;6.15139;0;0;0.1;0.01;0;6.88991;0;0;-1
0;74;16.4069;-14.0938;-69.2304;8.5;2572.44;5.11093;0;0;0.1;0.01;0;6.69908;1;0;-1
0;75;16.9951;1.21946;-71.329;9.24351;3308.26;5.55799;0;0;0.1;0.01;0;5.44168;0;0;-1
0;76;16.001;18.2076;-69.2042;8.72477;2781.96;5.24608;0;0;0.1;0.01;0;4.98898;0;0;-1
0;77;17.3099;35.4431;-70.6378;9.03495;3089.34;5.43258;0;0;0.1;0.01;0;5.48985;0;0;-1
0;78;19.4579;55.075;-70.2798;10.194;4437.34;6.1295;0;0;0.1;0.01;0;4.06542;0;0;-1
0;79;31.0825;-57.801;-69.4717;8.5;2572.44;5.11093;0;0;0.1;0.01;0;3.35762;1;0;-1
0;80;31.7674;-38.5285;-68.4292;9.87873;4038.24;5.93994;0;0;0.1;0.01;0;6.27388;0;0;-1
0;81;32.0121;-21.8257;-69.6527;8.5;2572.44;5.11093;0;0;0.1;0.01;0;4.93527;1;0;-1
0;82;33.3348;-6.3412;-68.8073;9.53103;3626.67;5.73087;0;0;0.1;0.01;0;5.5706;0;0;-1
0;83;30.5689;12.4411;-71.3009;9.73152;3860.39;5.85142;0;0;0.1;0.01;0;6.45174;0;0;-1
0;84;33.6228;28.6051;-68.5211;10.0382;4236.98;6.03582;0;0;0.1;0.01;0;6.88879;0;0;-1
0;85;34.011;43.7443;-71.9721;8.5;2572.44;5.11093;0;0;0.1;0.01;0;4.23638;1;0;-1
0;86;46.3661;-51.2922;-68.9106;9.61922;3728.28;5.7839;0;0;0.1;0.01;0;2.75865;0;0;-1
0;87;45.9811;-30.4828;-71.9491;9.01313;3067.01;5.41946;0;0;0.1;0.01;0;4.33445;0;0;-1
0;88;47.5536;-13.4219;-72.0028;9.9526;4129.51;5.98435;0;0;0.1;0.01;0;4.8652;0;0;-1
0;89;45.3323;1.65316;-69.0623;8.5;2572.44;5.11093;0;0;0.1;0.01;0;5.76175;1;0;-1
0;90;47.3066;17.1282;-68.9531;10.3912;4699.87;6.24808;0;0;0.1;0.01;0;6.3838;0;0;-1
0;91;48.971;36.8812;-71.9489;10.2103;4458.66;6.13931;0;0;0.1;0.01;0;3.53558;0;0;-1
0;92;46.7031;54.1083;-69.0025;8.5;2572.44;5.11093;0;0;0.1;0.01;0;2.53808;1;0;-1
0;93;60.0255;-25.6672;-72.0467;10.0688;4275.84;6.05422;0;0;0.1;0.01;0;2.75242;0;0;-1
0;94;62.5651;-5.60919;-71.9176;8.73835;2794.97;5.25424;0;0;0.1;0.01;0;2.33613;0;0;-1
0;95;61.3303;9.87562;-68.8411;9.81409;3959.49;5.90107;0;0;0.1;0.01;0;3.63396;0;0;-1
0;96;-80.3917;-8.31351;-55.4113;9.69228;3813.88;5.82783;0;0;0.1;0.01;0;2.96256;0;0;-1
0;97;-80.1248;12.4607;-54.3369;8.7296;2786.58;5.24898;0;0;0.1;0.01;0;2.61323;0;0;-1
0;98;-65.7579;-48.422;-54.2753;10.1245;4347.2;6.08771;0;0;0.1;0.01;0;4.68055;0;0;-1
0;99;-67.7014;-33.8771;-55.4047;8.95215;3005.18;5.3828;0;0;0.1;0.01;0;3.30562;0;0;-1
0;100;-65.5556;-12.649;-56.3796;8.50736;2579.13;5.11535;0;0;0.1;0.01;0;3.99981;0;0;-1
0;101;-64.5985;1.73378;-53.9649;9.72048;3847.26;5.84478;0;0;0.1;0.01;0;5.33448;0;0;-1
0;102;-68.0127;19.6431;-57.7781;8.68328;2742.46;5.22113;0;0;0.1;0.01;0;3.5358;0;0;-1
0;103;-66.4409;35.4371;-55.5503;8.5;2572.44;5.11093;0;0;0.1;0.01;0;3.49367;1;0;-1
0;104;-52.2503;-59.3455;-54.8738;9.7421;3872.99;5.85778;0;0;0.1;0.01;0;4.05989;0;0;-1
0;105;-52.9103;-42.3672;-57.5557;8.54632;2614.73;5.13878;0;0;0.1;0.01;0;4.59405;0;0;-1
0;106;-51.3177;-24.6981;-57.8045;8.5;2572.44;5.11093;0;0;0.1;0.01;0;4.57;1;0;-1
0;107;-49.8585;-4.79125;-57.1198;9.83619;3986.29;5.91436;0;0;0.1;0.01;0;6.42221;0;0;-1
0;108;-51.7485;12.0392;-54.385;9.7551;3888.52;5.8656;0;0;0.1;0.01;0;7.05987;0;0;-1
0;109;-51.0358;27.8562;-57.8121;10.3779;4681.85;6.24008;0;0;0.1;0.01;0;6.92757;0;0;-1
0;110;-52.1449;44.8048;-54.0114;9.75705;3890.85;5.86677;0;0;0.1;0.01;0;6.19765;0;0;-1
0;111;-50.5751;59.7314;-54.4356;10.0947;4308.92;6.0698;0;0;0.1;0.01;0;5.15085;0;0;-1
0;112;-38.6624;-66.5867;-56.3456;9.78686;3926.62;5.8847;0;0;0.1;0.01;0;4.10141;0;0;-1
0;113;-38.3719;-51.0473;-54.5715;9.22818;3291.83;5.54877;0;0;0.1;0.01;0;5.191;0;0;-1
0;114;-36.5549;-31.228;-56.2469;9.62245;3732.03;5.78584;0;0;0.1;0.01;0;6.18295;0;0;-1
0;115;-36.5236;-14.8553;-55.7936;10.2702;4537.59;6.17532;0;0;0.1;0.01;0;6.8177;0;0;-1
0;116;-37.75;2.43698;-54.3747;8.98033;3033.65;5.39974;0;0;0.1;0.01;0;5.52307;0;0;-1
0;117;-36.0769;20.9962;-57.0192;10.2728;4541.04;6.17689;0;0;0.1;0.01;0;7.54067;0;0;-1
0;118;-35.2038;36.65;-55.0706;8.75833;2814.18;5.26626;0;0;0.1;0.01;0;6.65419;0;0;-1
0;119;-36.9979;51.2792;-56.5081;10.0445;4244.96;6.03961;0;0;0.1;0.01;0;6.94492;0;0;-1
0;120;-35.9274;70.312;-57.9319;10.4064;4720.52;6.25722;0;0;0.1;0.01;0;4.27305;0;0;-1
0;121;-23.9321;-76.0226;-57.3264;9.56038;3660.28;5.74852;0;0;0.1;0.01;0;3.14472;0;0;-1
0;122;-21.8308;-56.2155;-56.4044;9.42137;3502.92;5.66493;0;0;0.1;0.01;0;6.5104;0;0;-1
0;123;-21.0903;-40.4615;-54.8463;10.0066;4197.09;6.01682;0;0;0.1;0.01;0;6.98222;0;0;-1
0;124;-23.6242;-22.5388;-56.7395;9.91108;4078.04;5.95939;0;0;0.1;0.01;0;6.87689;0;0;-1
0;125;-21.5829;-7.15064;-56.3421;8.98657;3039.98;5.40349;0;0;0.1;0.01;0;5.63116;0;0;-1
0;126;-22.4109;9.00158;-55.9856;9.44496;3529.3;5.67912;0;0;0.1;0.01;0;4.80017;0;0;-1
0;127;-21.3989;25.5969;-55.5836;8.61865;2681.68;5.18227;0;0;0.1;0.01;0;5.2658;0;0;-1
0;128;-21.7805;42.3085;-56.697;8.5;2572.44;5.11093;0;0;0.1;0.01;0;5.12143;1;0;-1
0;129;-22.1139;63.2058;-54.4635;10.3642;4663.33;6.23184;0;0;0.1;0.01;0;7.13675;0;0;-1
0;130;-22.0274;77.9772;-57.0176;9.14647;3205.16;5.49964;0;0;0.1;0.01;0;3.52614;0;0;-1
0;131;-9.28099;-80.7851;-56.006;8.5;2572.44;5.11093;0;0;0.1;0.01;0;2.47052;1;0;-1
0;132;-5.76973;-65.6728;-55.7481;9.0412;3095.76;5.43634;0;0;0.1;0.01;0;4.74617;0;0;-1
0;133;-6.23398;-47.113;-55.1233;9.62786;3738.33;5.78909;0;0;0.1;0.01;0;5.88191;0;0;-1
0;134;-8.77447;-29.9194;-54.6123;9.80216;3945.06;5.8939;0;0;0.1;0.01;0;5.57572;0;0;-1
0;135;-8.94691;-14.1395;-55.4233;8.61231;2675.76;5.17846;0;0;0.1;0.01;0;5.84119;0;0;-1
0;136;-7.06805;0.367971;-56.7151;8.5;2572.44;5.11093;0;0;0.1;0.01;0;5.33695;1;0;-1
0;137;-5.92421;20.993;-55.1509;10.3787;4682.93;6.24056;0;0;0.1;0.01;0;6.33421;0;0;-1
0;138;-8.23798;36.9512;-55.4927;10.3709;4672.38;6.23587;0;0;0.1;0.01;0;6.41163;0;0;-1
0;139;-5.82911;54.9384;-55.1086;10.4463;4775.03;6.28121;0;0;0.1;0.01;0;6.18422;0;0;-1
0;140;-8.71972;70.326;-55.1315;8.9171;2970.02;5.36172;0;0;0.1;0.01;0;3.30213;0;0;-1
0;141;8.98412;-74.3226;-56.9033;8.95921;3012.3;5.38704;0;0;0.1;0.01;0;3.46835;0;0;-1
0;142;6.86032;-58.0812;-56.2124;9.9375;4110.74;5.97527;0;0;0.1;0.01;0;6.12488;0;0;-1
0;143;7.34518;-41.7053;-54.9315;8.5;2572.44;5.11093;0;0;0.1;0.01;0;4.37999;1;0;-1
0;144;9.40049;-22.7145;-56.5998;9.348;3421.72;5.62082;0;0;0.1;0.01;0;6.49458;0;0;-1
0;145;6.03145;-8.01669;-56.8617;9.37777;3454.52;5.63872;0;0;0.1;0.01;0;6.4733;0;0;-1
0;146;5.61145;9.72298;-55.24;8.95394;3006.98;5.38387;0;0;0.1;0.01;0;4.27913;0;0;-1
0;147;8.44358;27.7484;-53.9549;10.1128;4332.14;6.08068;0;0;0.1;0.01;0;6.67638;0;0;-1
0;148;8.53532;44.9728;-55.9747;10.2821;4553.38;6.18248;0;0;0.1;0.01;0;7.63891;0;0;-1
0;149;8.8397;59.8426;-57.7129;8.76315;2818.83;5.26915;0;0;0.1;0.01;0;5.80865;0;0;-1
0;150;8.56968;79.8432;-54.3442;9.33081;3402.88;5.61048;0;0;0.1;0.01;0;2.80642;0;0;-1
0;151;22.2817;-64.2608;-56.6589;9.79249;3933.4;5.88808;0;0;0.1;0.01;0;4.96747;0;0;-1
0;152;24.177;-49.9844;-53.7181;8.97699;3030.27;5.39773;0;0;0.1;0.01;0;5.39963;0;0;-1
0;153;20.2925;-32.6143;-55.2868;9.10775;3164.62;5.47636;0;0;0.1;0.01;0;5.15304;0;0;-1
0;154;20.5198;-12.7113;-57.3703;9.31056;3380.77;5.5983;0;0;0.1;0.01;0;6.00929;0;0;-1
0;155;23.6282;1.42141;-56.4438;9.29185;3360.43;5.58705;0;0;0.1;0.01;0;5.6797;0;0;-1
0;156;23.7538;20.6582;-55.7376;10.1452;4373.92;6.10016;0;0;0.1;0.01;0;6.4261;0;0;-1
0;157;22.6876;38.2416;-56.2068;10.0929;4306.62;6.06871;0;0;0.1;0.01;0;7.04147;0;0;-1
0;158;22.9279;54.3758;-53.9769;10.4336;4757.64;6.27357;0;0;0.1;0.01;0;7.09846;0;0;-1
0;159;22.0598;70.5665;-57.6899;9.08793;3144.01;5.46444;0;0;0.1;0.01;0;2.46961;0;0;-1
0;160;38.5697;-56.0243;-56.4242;9.06067;3115.8;5.44805;0;0;0.1;0.01;0;4.5545;0;0;-1
0;161;34.9349;-38.359;-54.7221;8.60039;2664.67;5.17129;0;0;0.1;0.01;0;5.32424;0;0;-1
0;162;38.5229;-25.1012;-56.4602;9.04343;3098.05;5.43768;0;0;0.1;0.01;0;5.60324;0;0;-1
0;163;37.2049;-5.69485;-54.8375;8.57831;2644.2;5.15801;0;0;0.1;0.01;0;5.96487;0;0;-1
0;164;38.4598;8.33181;-55.4061;9.23354;3297.56;5.55199;0;0;0.1;0.01;0;6.96339;0;0;-1
0;165;38.8669;25.434;-54.6074;9.85015;4003.29;5.92275;0;0;0.1;0.01;0;6.32584;0;0;-1
0;166;36.781;46.1474;-56.6523;9.17439;3234.6;5.51643;0;0;0.1;0.01;0;5.85501;0;0;-1
0;167;36.3668;60.7323;-54.1153;8.5;2572.44;5.11093;0;0;0.1;0.01;0;4.54043;1;0;-1
0;168;52.8853;-50.9608;-56.0572;8.97539;3028.65;5.39677;0;0;0.1;0.01;0;3.28735;0;0;-1
0;169;52.0669;-31.0891;-54.136;9.95776;4135.93;5.98746;0;0;0.1;0.01;0;5.73044;0;0;-1
0;170;52.9093;-15.0662;-54.3808;8.5;2572.44;5.11093;0;0;0.1;0.01;0;5.22747;1;0;-1
0;171;52.2489;0.0396974;-54.3891;9.99184;4178.54;6.00795;0;0;0.1;0.01;0;7.5144;0;0;-1
0;172;51.1925;18.0837;-56.0408;9.0008;3054.44;5.41205;0;0;0.1;0.01;0;6.7915;0;0;-1
0;173;52.9424;34.0761;-55.7676;9.24176;3306.38;5.55694;0;0;0.1;0.01;0;5.31056;0;0;-1
0;174;52.6996;55.2595;-56.5072;10.1122;4331.37;6.08032;0;0;0.1;0.01;0;4.26862;0;0;-1
0;175;64.6188;-40.8702;-56.6727;9.03274;3087.07;5.43126;0;0;0.1;0.01;0;2.99455;0;0;-1
0;176;67.2841;-25.084;-56.1063;9.38578;3463.38;5.64353;0;0;0.1;0.01;0;4.42141;0;0;-1
0;177;67.7729;-4.49697;-55.135;8.5;2572.44;5.11093;0;0;0.1;0.01;0;5.13887;1;0;-1
0;178;65.8313;11.9962;-53.8096;9.54477;3642.38;5.73913;0;0;0.1;0.01;0;5.87399;0;0;-1
0;179;66.0088;26.6456;-55.2797;8.5;2572.44;5.11093;0;0;0.1;0.01;0;3.89025;1;0;-1
0;180;64.7674;46.0618;-54.3216;9.81335;3958.59;5.90062;0;0;0.1;0.01;0;3.39719;0;0;-1
0;181;79.7177;-16.8499;-56.7554;10.1836;4423.77;6.12325;0;0;0.1;0.01;0;2.82761;0;0;-1
0;182;82.2207;1.12304;-54.4698;8.92226;2975.18;5.36483;0;0;0.1;0.01;0;2.82683;0;0;-1
0;183;-87.514;-21.6618;-40.6293;9.37018;3446.14;5.63415;0;0;0.1;0.01;0;3.14565;0;0;-1
0;184;-84.1167;-8.17137;-40.1225;10.0307;4227.49;6.03131;0;0;0.1;0.01;0;5.21957;0;0;-1
0;185;-86.3077;12.3539;-39.63;9.63572;3747.5;5.79382;0;0;0.1;0.01;0;4.43961;0;0;-1
0;186;-86.6598;29.3388;-39.2319;9.84885;4001.71;5.92197;0;0;0.1;0.01;0;3.00388;0;0;-1
0;187;-70.1769;-48.0397;-39.6437;8.5;2572.44;5.11093;0;0;0.1;0.01;0;4.05656;1;0;-1
0;188;-72.1209;-33.9454;-41.5614;10.2288;4482.94;6.15043;0;0;0.1;0.01;0;5.0263;0;0;-1
0;189;-71.5937;-14.5673;-41.6301;8.5;2572.44;5.11093;0;0;0.1;0.01;0;5.3873;1;0;-1
0;190;-72.6806;3.61811;-40.931;10.2704;4537.86;6.17544;0;0;0.1;0.01;0;7.38553;0;0;-1
0;191;-70.5101;19.0712;-42.0673;9.73679;3866.66;5.85459;0;0;0.1;0.01;0;6.24137;0;0;-1
0;192;-69.987;37.0791;-42.9208;9.92192;4091.44;5.96591;0;0;0.1;0.01;0;5.68251;0;0;-1
0;193;-72.6575;51.3933;-41.1014;9.59208;3696.81;5.76758;0;0;0.1;0.01;0;3.09287;0;0;-1
0;194;-56.9525;-59.2049;-39.93;10.3288;4615.71;6.21056;0;0;0.1;0.01;0;5.25089;0;0;-1
0;195;-56.7247;-39.4582;-41.875;9.50868;3601.22;5.71743;0;0;0.1;0.01;0;6.64092;0;0;-1
0;196;-54.1655;-24.6439;-40.907;9.31218;3382.54;5.59928;0;0;0.1;0.01;0;5.42175;0;0;-1
0;197;-57.4618;-7.33027;-42.0144;10.0834;4294.47;6.063;0;0;0.1;0.01;0;6.9912;0;0;-1
0;198;-55.0616;9.53781;-39.8494;10.2811;4552.05;6.18188;0;0;0.1;0.01;0;6.71501;0;0;-1
0;199;-55.5408;25.8718;-41.5478;9.89022;4052.35;5.94685;0;0;0.1;0.01;0;6.11438;0;0;-1
0;200;-56.9726;42.649;-40.1064;9.6706;3788.34;5.81479;0;0;0.1;0.01;0;6.52586;0;0;-1
0;201;-54.2532;60.4493;-39.5935;9.62047;3729.73;5.78465;0;0;0.1;0.01;0;5.24024;0;0;-1
0;202;-40.5153;-80.6222;-40.9841;8.5;2572.44;5.11093;0;0;0.1;0.01;0;2.97214;1;0;-1
0;203;-41.6809;-65.8991;-39.2264;9.46189;3548.32;5.6893;0;0;0.1;0.01;0;6.38284;0;0;-1
0;204;-43.0517;-47.5211;-41.7198;8.5;2572.44;5.11093;0;0;0.1;0.01;0;4.9017;1;0;-1
0;205;-42.5719;-31.6912;-42.2064;8.64528;2706.61;5.19828;0;0;0.1;0.01;0;5.09616;0;0;-1
0;206;-40.2509;-13.4539;-40.6556;9.60474;3711.47;5.77519;0;0;0.1;0.01;0;6.10392;0;0;-1
0;207;-42.0131;1.95086;-39.9933;9.25091;3316.21;5.56244;0;0;0.1;0.01;0;6.47484;0;0;-1
0;208;-41.7822;19.6613;-42.4141;8.59492;2659.59;5.168;0;0;0.1;0.01;0;5.91321;0;0;-1
0;209;-41.4518;34.4632;-41.4117;8.78789;2842.77;5.28403;0;0;0.1;0.01;0;5.64099;0;0;-1
0;210;-40.2711;53.617;-41.2205;9.53739;3633.94;5.73469;0;0;0.1;0.01;0;7.07286;0;0;-1
0;211;-40.8072;68.4805;-42.1375;10.3601;4657.8;6.22938;0;0;0.1;0.01;0;6.08113;0;0;-1
0;212;-27.6615;-72.9667;-42.8738;9.39388;3472.35;5.6484;0;0;0.1;0.01;0;6.10863;0;0;-1
0;213;-28.1456;-57.7302;-40.4573;10.4418;4768.86;6.2785;0;0;0.1;0.01;0;7.09471;0;0;-1
0;214;-25.3022;-38.503;-42.3684;9.23225;3296.18;5.55122;0;0;0.1;0.01;0;5.32861;0;0;-1
0;215;-25.0139;-22.3752;-39.8184;9.9908;4177.24;6.00732;0;0;0.1;0.01;0;6.39078;0;0;-1
0;216;-24.7436;-5.1802;-40.6511;8.87426;2927.42;5.33596;0;0;0.1;0.01;0;5.61287;0;0;-1
0;217;-25.4543;9.75963;-41.0448;8.5;2572.44;5.11093;0;0;0.1;0.01;0;4.04284;1;0;-1
0;218;-28.1739;27.0165;-42.0183;9.3773;3454;5.63843;0;0;0.1;0.01;0;5.48998;0;0;-1
0;219;-27.2172;44.1203;-42.098;9.59228;3697.04;5.7677;0;0;0.1;0.01;0;6.10658;0;0;-1
0;220;-27.5555;60.5336;-40.7599;9.41372;3494.4;5.66033;0;0;0.1;0.01;0;7.06722;0;0;-1
0;221;-25.0125;77.1734;-42.0774;9.57316;3674.98;5.7562;0;0;0.1;0.01;0;5.24423;0;0;-1
0;222;-12.9893;-83.1422;-42.1697;8.61093;2674.48;5.17763;0;0;0.1;0.01;0;4.03621;0;0;-1
0;223;-12.9547;-67.6048;-39.7402;10.0617;4266.8;6.04995;0;0;0.1;0.01;0;6.696;0;0;-1
0;224;-12.3968;-49.3795;-41.8332;9.18212;3242.78;5.52108;0;0;0.1;0.01;0;5.31906;0;0;-1
0;225;-9.78553;-33.329;-39.8324;9.50911;3601.71;5.71769;0;0;0.1;0.01;0;6.1175;0;0;-1
0;226;-13.0703;-15.5134;-40.7625;8.69144;2750.2;5.22604;0;0;0.1;0.01;0;6.37345;0;0;-1
0;227;-11.0674;0.256806;-41.4477;8.66025;2720.7;5.20728;0;0;0.1;0.01;0;5.45372;0;0;-1
0;228;-12.5409;20.0301;-39.3407;9.95302;4130.03;5.98461;0;0;0.1;0.01;0;6.1609;0;0;-1
0;229;-9.96038;34.3121;-39.7668;8.5;2572.44;5.11093;0;0;0.1;0.01;0;6.08728;1;0;-1
0;230;-11.5618;52.964;-39.3544;10.1789;4417.65;6.12042;0;0;0.1;0.01;0;6.47113;0;0;-1
0;231;-11.1003;70.7591;-40.0398;9.43087;3513.53;5.67065;0;0;0.1;0.01;0;5.57552;0;0;-1
0;232;-9.78859;87.1029;-39.9602;8.5;2572.44;5.11093;0;0;0.1;0.01;0;2.38849;1;0;-1
0;233;2.81936;-89.5408;-42.0506;9.11671;3173.97;5.48175;0;0;0.1;0.01;0;2.88254;0;0;-1
0;234;4.68069;-74.9306;-41.1636;8.55271;2620.59;5.14262;0;0;0.1;0.01;0;5.17632;0;0;-1
0;235;2.00927;-59.7584;-39.3795;9.47364;3561.55;5.69636;0;0;0.1;0.01;0;5.41819;0;0;-1
0;236;3.62811;-40.7648;-39.8077;8.5;2572.44;5.11093;0;0;0.1;0.01;0;4.84973;1;0;-1
0;237;4.67519;-25.281;-39.5124;9.5216;3615.92;5.7252;0;0;0.1;0.01;0;6.13963;0;0;-1
0;238;1.23339;-8.08013;-42.4279;10.2613;4525.8;6.16997;0;0;0.1;0.01;0;6.26753;0;0;-1
0;239;3.21532;10.4474;-41.0104;8.61838;2681.42;5.18211;0;0;0.1;0.01;0;4.36959;0;0;-1
0;240;4.07258;27.1857;-39.479;8.90471;2957.66;5.35427;0;0;0.1;0.01;0;6.72713;0;0;-1
0;241;1.22572;43.0325;-40.2734;10.0973;4312.25;6.07136;0;0;0.1;0.01;0;7.97814;0;0;-1
0;242;1.51923;60.6177;-40.9724;8.5;2572.44;5.11093;0;0;0.1;0.01;0;5.36253;1;0;-1
0;243;3.95459;76.3837;-41.0726;9.14274;3201.24;5.4974;0;0;0.1;0.01;0;5.26447;0;0;-1
0;244;17.6708;-82.3255;-42.0954;8.5;2572.44;5.11093;0;0;0.1;0.01;0;3.29359;1;0;-1
0;245;18.2142;-65.4551;-39.2899;10.2625;4527.39;6.17069;0;0;0.1;0.01;0;5.88414;0;0;-1
0;246;17.923;-46.458;-40.8029;8.89095;2943.97;5.346;0;0;0.1;0.01;0;5.26674;0;0;-1
0;247;17.8372;-31.7612;-41.1577;8.5;2572.44;5.11093;0;0;0.1;0.01;0;5.83831;1;0;-1
0;248;19.0962;-15.4937;-41.7715;9.48375;3572.97;5.70244;0;0;0.1;0.01;0;5.9236;0;0;-1
0;249;19.7527;1.94248;-42.1574;9.10927;3166.21;5.47727;0;0;0.1;0.01;0;4.69285;0;0;-1
0;250;17.664;17.7331;-40.5193;9.27102;3337.88;5.57453;0;0;0.1;0.01;0;5.5989;0;0;-1
0;251;19.0254;36.716;-42.8412;9.9124;4079.67;5.96018;0;0;0.1;0.01;0;7.63458;0;0;-1
0;252;16.7925;52.0116;-39.6914;10.0976;4312.64;6.07154;0;0;0.1;0.01;0;7.44191;0;0;-1
0;253;18.7588;68.4676;-41.1948;10.3155;4597.9;6.20256;0;0;0.1;0.01;0;5.94092;0;0;-1
0;254;16.4136;87.4194;-41.1279;10.0767;4285.92;6.05897;0;0;0.1;0.01;0;3.14548;0;0;-1
0;255;32.9565;-75.6341;-42.5025;8.64912;2710.22;5.20059;0;0;0.1;0.01;0;2.25115;0;0;-1
0;256;30.5627;-56.4951;-40.5245;9.0958;3152.18;5.46917;0;0;0.1;0.01;0;6.27878;0;0;-1
0;257;33.7148;-41.1794;-40.4623;10.005;4195.08;6.01586;0;0;0.1;0.01;0;7.65366;0;0;-1
0;258;32.7746;-25.2901;-41.569;10.1242;4346.81;6.08753;0;0;0.1;0.01;0;7.40436;0;0;-1
0;259;33.7377;-8.04917;-42.0312;8.5;2572.44;5.11093;0;0;0.1;0.01;0;4.72408;1;0;-1
0;260;33.8441;10.0354;-42.2888;8.5;2572.44;5.11093;0;0;0.1;0.01;0;5.10111;1;0;-1
0;261;33.8483;29.5231;-39.8831;8.93213;2985.06;5.37076;0;0;0.1;0.01;0;6.03235;0;0;-1
0;262;32.9437;46.1533;-39.4192;10.038;4236.72;6.0357;0;0;0.1;0.01;0;7.76744;0;0;-1
0;263;33.922;60.0852;-39.7029;9.38769;3465.49;5.64468;0;0;0.1;0.01;0;6.20604;0;0;-1
0;264;33.5555;79.8398;-40.4259;8.95437;3007.42;5.38413;0;0;0.1;0.01;0;2.74525;0;0;-1
0;265;47.8269;-65.2734;-41.6103;8.94443;2997.41;5.37816;0;0;0.1;0.01;0;2.46535;0;0;-1
0;266;47.1395;-47.705;-39.9496;9.52788;3623.08;5.72898;0;0;0.1;0.01;0;5.80347;0;0;-1
0;267;47.7658;-30.2366;-39.219;10.3176;4600.71;6.20382;0;0;0.1;0.01;0;7.65871;0;0;-1
0;268;46.7897;-14.9393;-42.5809;10.067;4273.55;6.05314;0;0;0.1;0.01;0;7.77748;0;0;-1
0;269;46.0813;2.87873;-42.1821;8.5;2572.44;5.11093;0;0;0.1;0.01;0;6.20001;1;0;-1
0;270;47.7588;16.8704;-43.0409;10.1627;4396.59;6.11068;0;0;0.1;0.01;0;7.43784;0;0;-1
0;271;46.8457;37.9663;-41.0983;9.52653;3621.54;5.72816;0;0;0.1;0.01;0;6.19052;0;0;-1
0;272;46.7041;52.1404;-42.8754;9.67637;3795.12;5.81826;0;0;0.1;0.01;0;6.60525;0;0;-1
0;273;46.8373;69.2627;-39.8959;9.92643;4097.02;5.96862;0;0;0.1;0.01;0;4.4969;0;0;-1
0;274;60.3749;-55.3632;-39.3249;9.8308;3979.74;5.91112;0;0;0.1;0.01;0;4.74602;0;0;-1
0;275;63.9912;-41.6887;-39.8276;8.94562;2998.61;5.37887;0;0;0.1;0.01;0;4.28116;0;0;-1
0;276;61.2109;-23.3583;-39.828;8.55006;2618.16;5.14103;0;0;0.1;0.01;0;5.54389;0;0;-1
0;277;63.4176;-7.79438;-42.3309;9.67674;3795.56;5.81848;0;0;0.1;0.01;0;6.80188;0;0;-1
0;278;63.6012;8.22818;-39.4698;10.0114;4203.13;6.01971;0;0;0.1;0.01;0;6.55927;0;0;-1
0;279;63.0234;26.1897;-42.2769;10.0357;4233.81;6.03432;0;0;0.1;0.01;0;6.07479;0;0;-1
0;280;61.551;42.1361;-41.202;8.88075;2933.85;5.33987;0;0;0.1;0.01;0;5.0822;0;0;-1
0;281;61.9951;60.4235;-42.4596;9.23144;3295.32;5.55073;0;0;0.1;0.01;0;3.67904;0;0;-1
0;282;74.9458;-32.4921;-43.1668;9.0112;3065.04;5.4183;0;0;0.1;0.01;0;3.21929;0;0;-1
0;283;77.7398;-15.0003;-41.1227;8.62851;2690.89;5.1882;0;0;0.1;0.01;0;4.46681;0;0;-1
0;284;76.3319;-0.0856428;-41.4673;10.2851;4557.37;6.18428;0;0;0.1;0.01;0;6.87596;0;0;-1
0;285;78.7411;19.7239;-42.8213;8.99017;3043.63;5.40566;0;0;0.1;0.01;0;3.33089;0;0;-1
0;286;76.5366;34.3366;-41.9418;9.23964;3304.1;5.55566;0;0;0.1;0.01;0;3.54117;0;0;-1
0;287;90.5183;-4.55991;-40.5336;8.7003;2758.62;5.23136;0;0;0.1;0.01;0;2.23138;0;0;-1
0;288;-95.1298;-13.5111;-24.7032;8.77145;2826.85;5.27415;0;0;0.1;0.01;0;3.17534;0;0;-1
0;289;-95.6349;1.2488;-26.1;9.92316;4092.97;5.96665;0;0;0.1;0.01;0;3.87455;0;0;-1
0;290;-80.8681;-41.5036;-24.6538;9.90428;4069.65;5.9553;0;0;0.1;0.01;0;2.88686;0;0;-1
0;291;-81.7961;-23.4398;-27.3473;9.5595;3659.27;5.74799;0;0;0.1;0.01;0;3.86532;0;0;-1
0;292;-78.9065;-4.65555;-26.4852;10.0423;4242.17;6.03829;0;0;0.1;0.01;0;5.59163;0;0;-1
0;293;-82.5756;10.9712;-26.45;10.1274;4350.93;6.08946;0;0;0.1;0.01;0;6.28497;0;0;-1
0;294;-82.4138;27.6786;-25.1485;10.0349;4232.8;6.03384;0;0;0.1;0.01;0;5.02744;0;0;-1
0;295;-80.4034;44.5623;-28.1121;9.88358;4044.19;5.94285;0;0;0.1;0.01;0;3.28389;0;0;-1
0;296;-64.0829;-67.8751;-26.0045;8.5;2572.44;5.11093;0;0;0.1;0.01;0;2.51692;1;0;-1
0;297;-64.3798;-48.9967;-26.13;8.77835;2833.53;5.27829;0;0;0.1;0.01;0;4.35846;0;0;-1
0;298;-64.5298;-31.2632;-25.4618;9.74862;3880.77;5.8617;0;0;0.1;0.01;0;5.46901;0;0;-1
0;299;-64.4888;-12.8925;-26.9914;9.28066;3348.31;5.58033;0;0;0.1;0.01;0;5.55862;0;0;-1
0;300;-66.0806;4.44299;-26.0318;8.5;2572.44;5.11093;0;0;0.1;0.01;0;5.93976;1;0;-1
0;301;-65.4704;20.2198;-26.9327;8.59094;2655.89;5.16561;0;0;0.1;0.01;0;5.71302;0;0;-1
0;302;-64.6879;35.2191;-27.1699;10.0497;4251.56;6.04274;0;0;0.1;0.01;0;6.30811;0;0;-1
0;303;-64.5491;50.9164;-26.2275;9.27992;3347.51;5.57988;0;0;0.1;0.01;0;5.75057;0;0;-1
0;304;-66.6785;68.6669;-26.7142;9.4554;3541.02;5.68539;0;0;0.1;0.01;0;2.15115;0;0;-1
0;305;-49.7115;-72.4997;-27.7921;8.99661;3050.18;5.40953;0;0;0.1;0.01;0;5.22871;0;0;-1
0;306;-49.6184;-58.1771;-26.2898;9.25063;3315.91;5.56227;0;0;0.1;0.01;0;6.29513;0;0;-1
0;307;-51.5421;-39.7137;-26.3411;9.3425;3415.69;5.61751;0;0;0.1;0.01;0;6.00875;0;0;-1
0;308;-52.411;-23.1184;-27.5463;9.77632;3913.95;5.87836;0;0;0.1;0.01;0;6.5559;0;0;-1
0;309;-50.4859;-7.03433;-27.8106;9.73264;3861.72;5.8521;0;0;0.1;0.01;0;6.60962;0;0;-1
0;310;-53.0199;8.65256;-26.3253;8.9409;2993.87;5.37603;0;0;0.1;0.01;0;5.48804;0;0;-1
0;311;-51.1155;26.7874;-24.4729;9.14375;3202.3;5.498;0;0;0.1;0.01;0;5.57784;0;0;-1
0;312;-49.9893;45.5129;-24.8746;9.78011;3918.5;5.88064;0;0;0.1;0.01;0;7.33675;0;0;-1
0;313;-50.669;62.4869;-25.5802;8.75947;2815.28;5.26694;0;0;0.1;0.01;0;6.08581;0;0;-1
0;314;-51.7922;78.4822;-28.2584;8.72318;2780.44;5.24512;0;0;0.1;0.01;0;2.65257;0;0;-1
0;315;-36.4316;-82.1761;-26.5179;10.3133;4594.96;6.20124;0;0;0.1;0.01;0;6.19605;0;0;-1
0;316;-34.9857;-67.3063;-26.8032;8.88636;2939.41;5.34324;0;0;0.1;0.01;0;6.99132;0;0;-1
0;317;-38.3706;-47.11;-27.1475;10.1598;4392.83;6.10894;0;0;0.1;0.01;0;5.71307;0;0;-1
0;318;-36.0618;-30.0843;-26.0768;9.32899;3400.89;5.60939;0;0;0.1;0.01;0;6.11558;0;0;-1
0;319;-34.634;-13.7589;-26.8002;8.77558;2830.85;5.27663;0;0;0.1;0.01;0;5.01439;0;0;-1
0;320;-36.5853;4.31578;-27.4458;8.5;2572.44;5.11093;0;0;0.1;0.01;0;4.19221;1;0;-1
0;321;-38.3614;18.5455;-27.4794;9.50184;3593.45;5.71332;0;0;0.1;0.01;0;5.45415;0;0;-1
0;322;-38.2435;34.5879;-25.1707;8.5;2572.44;5.11093;0;0;0.1;0.01;0;5.50248;1;0;-1
0;323;-37.6449;52.276;-27.8657;9.223;3286.29;5.54566;0;0;0.1;0.01;0;6.07452;0;0;-1
0;324;-38.2114;67.7228;-25.7655;8.5;2572.44;5.11093;0;0;0.1;0.01;0;4.48773;1;0;-1
0;325;-35.5403;85.8443;-24.9541;10.2803;4550.99;6.1814;0;0;0.1;0.01;0;3.74664;0;0;-1
0;326;-21.7861;-90.7767;-25.2869;10.3383;4628.45;6.21627;0;0;0.1;0.01;0;3.98769;0;0;-1
0;327;-20.5827;-73.0894;-27.027;10.1729;4409.84;6.11682;0;0;0.1;0.01;0;8.27786;0;0;-1
0;328;-20.3476;-59.1621;-26.3065;9.74517;3876.65;5.85963;0;0;0.1;0.01;0;7.26799;0;0;-1
0;329;-22.0196;-40.5879;-26.6579;8.61701;2680.15;5.18128;0;0;0.1;0.01;0;4.98696;0;0;-1
0;330;-21.3632;-21.1055;-24.9742;10.094;4308.03;6.06938;0;0;0.1;0.01;0;6.84049;0;0;-1
0;331;-19.7193;-5.48345;-28.082;8.5;2572.44;5.11093;0;0;0.1;0.01;0;4.64887;1;0;-1
0;332;-21.3108;11.8099;-25.7741;8.5;2572.44;5.11093;0;0;0.1;0.01;0;4.00132;1;0;-1
0;333;-22.777;28.7653;-27.7859;8.64731;2708.52;5.1995;0;0;0.1;0.01;0;5.1019;0;0;-1
0;334;-21.2699;44.7702;-27.8771;9.74786;3879.86;5.86125;0;0;0.1;0.01;0;5.84192;0;0;-1
0;335;-21.6937;62.1728;-26.6102;9.66986;3787.47;5.81435;0;0;0.1;0.01;0;6.33883;0;0;-1
0;336;-22.8416;78.7588;-27.908;9.43208;3514.88;5.67137;0;0;0.1;0.01;0;5.63089;0;0;-1
0;337;-5.94209;-81.2671;-28.6487;9.37792;3454.68;5.63881;0;0;0.1;0.01;0;6.09243;0;0;-1
0;338;-7.90688;-66.6043;-26.3313;9.47884;3567.42;5.69949;0;0;0.1;0.01;0;6.68934;0;0;-1
0;339;-8.56265;-48.593;-24.3812;9.13807;3196.33;5.49459;0;0;0.1;0.01;0;5.18564;0;0;-1
0;340;-8.20213;-29.6879;-25.5467;8.77274;2828.1;5.27492;0;0;0.1;0.01;0;5.56579;0;0;-1
0;341;-6.01353;-13.3262;-27.8123;9.41095;3491.31;5.65867;0;0;0.1;0.01;0;6.59827;0;0;-1
0;342;-5.49555;1.92856;-27.6519;8.53399;2603.42;5.13136;0;0;0.1;0.01;0;5.70898;0;0;-1
0;343;-6.61;21.129;-25.6275;9.60397;3710.57;5.77473;0;0;0.1;0.01;0;6.69899;0;0;-1
0;344;-7.09296;35.4101;-27.0983;9.34522;3418.67;5.61915;0;0;0.1;0.01;0;7.48431;0;0;-1
0;345;-7.92763;51.5153;-26.0266;8.65073;2711.73;5.20156;0;0;0.1;0.01;0;5.6128;0;0;-1
0;346;-9.34303;72.165;-24.4881;8.6207;2683.59;5.1835;0;0;0.1;0.01;0;5.03772;0;0;-1
0;347;-9.10204;88.2428;-25.6734;8.64271;2704.2;5.19674;0;0;0.1;0.01;0;3.96962;0;0;-1
0;348;9.34612;-90.4744;-25.413;10.3115;4592.55;6.20016;0;0;0.1;0.01;0;4.27664;0;0;-1
0;349;6.59813;-75.7931;-25.3184;9.7822;3921.01;5.88189;0;0;0.1;0.01;0;6.67441;0;0;-1
0;350;9.44317;-58.6626;-25.7672;9.33001;3402;5.61;0;0;0.1;0.01;0;5.80767;0;0;-1
0;351;5.72715;-40.0302;-25.3982;9.62018;3729.39;5.78447;0;0;0.1;0.01;0;6.09809;0;0;-1
0;352;8.26692;-25.5193;-26.5941;8.72878;2785.8;5.24849;0;0;0.1;0.01;0;5.86106;0;0;-1
0;353;9.02174;-8.7666;-27.6955;10.2426;4501.11;6.15873;0;0;0.1;0.01;0;6.79761;0;0;-1
0;354;5.51665;9.93625;-25.5113;9.14542;3204.05;5.49901;0;0;0.1;0.01;0;4.58262;0;0;-1
0;355;9.43439;29.3302;-27.6665;10.081;4291.4;6.06156;0;0;0.1;0.01;0;6.86171;0;0;-1
0;356;6.2523;44.0476;-25.2427;10.3766;4680.09;6.2393;0;0;0.1;0.01;0;7.20172;0;0;-1
0;357;6.8689;63.4098;-24.6174;10.1832;4423.25;6.12301;0;0;0.1;0.01;0;6.80792;0;0;-1
0;358;5.89615;78.2856;-28.0035;9.05381;3108.73;5.44392;0;0;0.1;0.01;0;5.55669;0;0;-1
0;359;8.24329;95.6185;-26.8425;10.0208;4214.98;6.02536;0;0;0.1;0.01;0;2.99585;0;0;-1
0;360;22.5776;-82.3658;-25.2149;9.14669;3205.39;5.49977;0;0;0.1;0.01;0;4.65931;0;0;-1
0;361;23.7;-65.8963;-25.4724;9.51617;3609.73;5.72193;0;0;0.1;0.01;0;5.43866;0;0;-1
0;362;23.2773;-47.2927;-27.4353;10.114;4333.69;6.0814;0;0;0.1;0.01;0;6.25864;0;0;-1
0;363;22.7925;-31.7624;-26.0472;9.7203;3847.05;5.84468;0;0;0.1;0.01;0;6.89739;0;0;-1
0;364;22.13;-16.0892;-25.5871;10.0142;4206.66;6.02139;0;0;0.1;0.01;0;6.73101;0;0;-1
0;365;22.3172;1.01385;-26.8041;9.03568;3090.09;5.43302;0;0;0.1;0.01;0;5.17143;0;0;-1
0;366;23.3873;18.1859;-28.014;9.62583;3735.97;5.78787;0;0;0.1;0.01;0;6.2549;0;0;-1
0;367;23.25;34.9345;-27.521;9.48752;3577.23;5.70471;0;0;0.1;0.01;0;7.41976;0;0;-1
0;368;20.5938;51.1129;-24.5165;9.78732;3927.17;5.88497;0;0;0.1;0.01;0;6.26236;0;0;-1
0;369;20.2905;69.1527;-26.9555;9.41126;3491.66;5.65885;0;0;0.1;0.01;0;5.36162;0;0;-1
0;370;23.3567;84.5741;-24.8062;9.48309;3572.22;5.70204;0;0;0.1;0.01;0;4.89938;0;0;-1
0;371;38.0633;-75.9906;-27.1043;9.08221;3138.07;5.461;0;0;0.1;0.01;0;3.94072;0;0;-1
0;372;35.2277;-56.9147;-27.0369;8.68961;2748.46;5.22494;0;0;0.1;0.01;0;5.60641;0;0;-1
0;373;37.5327;-39.9412;-26.8226;9.92192;4091.44;5.96591;0;0;0.1;0.01;0;7.96859;0;0;-1
0;374;37.6906;-23.1662;-27.6882;9.98008;4163.81;6.00088;0;0;0.1;0.01;0;7.59142;0;0;-1
0;375;37.457;-7.21294;-24.8385;9.68117;3800.77;5.82115;0;0;0.1;0.01;0;6.57116;0;0;-1
0;376;35.1282;8.91572;-26.7903;8.8148;2868.97;5.30021;0;0;0.1;0.01;0;5.30932;0;0;-1
0;377;37.2287;25.3875;-24.7086;9.96675;4147.15;5.99286;0;0;0.1;0.01;0;6.87997;0;0;-1
0;378;37.014;42.1375;-27.0998;9.84583;3998.03;5.92015;0;0;0.1;0.01;0;6.57963;0;0;-1
0;379;38.4511;63.6757;-24.9016;8.5;2572.44;5.11093;0;0;0.1;0.01;0;4.58619;1;0;-1
0;380;36.7491;78.8098;-24.8786;8.5;2572.44;5.11093;0;0;0.1;0.01;0;4.35263;1;0;-1
0;381;50.4387;-66.6507;-24.7836;10.2137;4463.11;6.14135;0;0;0.1;0.01;0;5.56962;0;0;-1
0;382;49.9654;-50.7708;-25.2884;10.1728;4409.71;6.11676;0;0;0.1;0.01;0;6.8529;0;0;-1
0;383;50.0693;-33.4175;-25.0317;8.55599;2623.61;5.14459;0;0;0.1;0.01;0;5.20461;0;0;-1
0;384;52.7128;-15.5621;-26.8585;9.21838;3281.35;5.54288;0;0;0.1;0.01;0;6.25956;0;0;-1
0;385;51.8201;1.7341;-28.3334;10.0155;4208.3;6.02217;0;0;0.1;0.01;0;7.16847;0;0;-1
0;386;50.1079;17.7996;-28.5159;9.04577;3100.45;5.43909;0;0;0.1;0.01;0;6.16695;0;0;-1
0;387;50.3084;34.8885;-25.0703;9.38364;3461.01;5.64225;0;0;0.1;0.01;0;5.5785;0;0;-1
0;388;52.9788;54.7654;-24.6944;8.65695;2717.59;5.2053;0;0;0.1;0.01;0;4.39661;0;0;-1
0;389;52.2025;72.6219;-26.9388;9.78828;3928.33;5.88555;0;0;0.1;0.01;0;4.37981;0;0;-1
0;390;66.3595;-59.2017;-27.6328;8.99162;3045.11;5.40653;0;0;0.1;0.01;0;4.13314;0;0;-1
0;391;66.6354;-42.2229;-25.0386;8.84857;2902.07;5.32052;0;0;0.1;0.01;0;5.48395;0;0;-1
0;392;67.4836;-23.2431;-24.8725;10.3678;4668.19;6.23401;0;0;0.1;0.01;0;6.53832;0;0;-1
0;393;65.5561;-5.59993;-26.9247;8.9529;3005.94;5.38325;0;0;0.1;0.01;0;6.8407;0;0;-1
0;394;66.5837;9.45304;-25.0944;9.2484;3313.51;5.56093;0;0;0.1;0.01;0;5.82322;0;0;-1
0;395;64.8723;25.4089;-25.5994;9.8348;3984.6;5.91352;0;0;0.1;0.01;0;4.81058;0;0;-1
0;396;66.382;46.506;-25.9022;10.0347;4232.55;6.03372;0;0;0.1;0.01;0;5.81716;0;0;-1
0;397;65.071;62.2777;-27.5212;10.0508;4252.95;6.0434;0;0;0.1;0.01;0;4.96836;0;0;-1
0;398;79.4171;-51.266;-25.8198;10.1042;4321.1;6.07551;0;0;0.1;0.01;0;2.17848;0;0;-1
0;399;81.8827;-34.2049;-24.8281;10.2512;4512.45;6.1639;0;0;0.1;0.01;0;3.41488;0;0;-1
0;400;80.7501;-16.8115;-25.351;8.88357;2936.64;5.34156;0;0;0.1;0.01;0;4.46852;0;0;-1
0;401;79.7966;-0.229231;-26.2378;9.30496;3374.68;5.59494;0;0;0.1;0.01;0;4.87266;0;0;-1
0;402;83.2175;17.7945;-25.2668;9.79833;3940.44;5.89159;0;0;0.1;0.01;0;4.1459;0;0;-1
0;403;79.0961;33.7672;-27.9912;8.5;2572.44;5.11093;0;0;0.1;0.01;0;3.36654;1;0;-1
0;404;79.3728;54.6236;-26.543;10.3516;4646.34;6.22427;0;0;0.1;0.01;0;2.70825;0;0;-1
0;405;-98.4441;0.960962;-11.807;10.2755;4544.62;6.17851;0;0;0.1;0.01;0;3.70329;0;0;-1
0;406;-84.2805;-42.0841;-11.2482;9.08598;3141.98;5.46327;0;0;0.1;0.01;0;3.46923;0;0;-1
0;407;-84.3743;-23.5385;-10.3054;10.4098;4725.15;6.25926;0;0;0.1;0.01;0;5.70475;0;0;-1
0;408;-85.2166;-7.13613;-12.4868;8.91246;2965.39;5.35893;0;0;0.1;0.01;0;5.26823;0;0;-1
0;409;-83.3456;11.6446;-11.9341;10.149;4378.83;6.10245;0;0;0.1;0.01;0;5.92232;0;0;-1
0;410;-84.8141;29.1391;-12.4323;8.5;2572.44;5.11093;0;0;0.1;0.01;0;4.12938;1;0;-1
0;411;-84.0313;42.4973;-11.3125;9.39125;3469.44;5.64682;0;0;0.1;0.01;0;4.12697;0;0;-1
0;412;-70.812;-68.4389;-10.0661;8.78734;2842.24;5.2837;0;0;0.1;0.01;0;2.1357;0;0;-1
0;413;-69.2282;-49.2641;-11.9989;9.51949;3613.51;5.72393;0;0;0.1;0.01;0;4.7684;0;0;-1
0;414;-69.8909;-32.5555;-10.1365;9.37135;3447.43;5.63486;0;0;0.1;0.01;0;6.79829;0;0;-1
0;415;-72.1637;-15.7409;-11.6926;9.40543;3485.17;5.65535;0;0;0.1;0.01;0;6.58728;0;0;-1
0;416;-70.7959;3.17392;-10.31;8.76929;2824.76;5.27285;0;0;0.1;0.01;0;6.07193;0;0;-1
0;417;-68.3529;17.3771;-12.951;8.58719;2652.42;5.16335;0;0;0.1;0.01;0;4.93296;0;0;-1
0;418;-69.4936;36.4713;-11.9838;9.59908;3704.91;5.77179;0;0;0.1;0.01;0;6.34101;0;0;-1
0;419;-71.9163;53.7848;-13.028;8.9755;3028.76;5.39684;0;0;0.1;0.01;0;4.41746;0;0;-1
0;420;-54.29;-75.1311;-9.72257;8.85847;2911.82;5.32647;0;0;0.1;0.01;0;3.81306;0;0;-1
0;421;-56.6201;-58.2375;-12.3523;9.39962;3478.72;5.65186;0;0;0.1;0.01;0;5.38431;0;0;-1
0;422;-57.3276;-39.2004;-10.3205;8.57706;2643.04;5.15726;0;0;0.1;0.01;0;5.56596;0;0;-1
0;423;-57.316;-23.9557;-11.8626;8.5;2572.44;5.11093;0;0;0.1;0.01;0;5.49304;1;0;-1
0;424;-55.2391;-7.22072;-11.8083;9.00601;3059.75;5.41518;0;0;0.1;0.01;0;5.50059;0;0;-1
0;425;-54.3074;8.60111;-12.5449;10.0595;4264.01;6.04863;0;0;0.1;0.01;0;5.98791;0;0;-1
0;426;-57.343;29.7671;-12.8173;8.5;2572.44;5.11093;0;0;0.1;0.01;0;5.63748;1;0;-1
0;427;-55.1132;44.7235;-11.8278;9.28257;3350.37;5.58147;0;0;0.1;0.01;0;6.85625;0;0;-1
0;428;-57.9512;60.0328;-10.6869;9.74725;3879.14;5.86088;0;0;0.1;0.01;0;5.44965;0;0;-1
0;429;-42.7889;-83.6419;-13.2563;10.0889;4301.5;6.06631;0;0;0.1;0.01;0;4.25724;0;0;-1
0;430;-39.3545;-64.6238;-11.5699;9.79525;3936.73;5.88974;0;0;0.1;0.01;0;5.60946;0;0;-1
0;431;-41.0502;-49.3537;-10.6946;8.52157;2592.07;5.1239;0;0;0.1;0.01;0;5.0783;0;0;-1
0;432;-41.2239;-32.6038;-12.3615;9.80366;3946.87;5.8948;0;0;0.1;0.01;0;6.13946;0;0;-1
0;433;-42.0835;-14.3473;-13.5223;10.014;4206.41;6.02127;0;0;0.1;0.01;0;6.08463;0;0;-1
0;434;-40.9201;3.06997;-10.7849;9.48602;3575.53;5.70381;0;0;0.1;0.01;0;5.76906;0;0;-1
0;435;-39.4031;20.0903;-11.2079;10.0097;4200.99;6.01869;0;0;0.1;0.01;0;6.27834;0;0;-1
0;436;-42.1298;36.9048;-13.1741;9.33057;3402.62;5.61034;0;0;0.1;0.01;0;7.19923;0;0;-1
0;437;-42.6547;52.2145;-12.627;8.5;2572.44;5.11093;0;0;0.1;0.01;0;5.05172;1;0;-1
0;438;-43.0034;70.6859;-12.5575;8.74544;2801.78;5.25851;0;0;0.1;0.01;0;4.72132;0;0;-1
0;439;-43.2545;85.1315;-13.3341;8.5;2572.44;5.11093;0;0;0.1;0.01;0;3.4253;1;0;-1
0;440;-27.9007;-93.1805;-13.0841;9.62079;3730.1;5.78484;0;0;0.1;0.01;0;4.31805;0;0;-1
0;441;-28.1462;-76.8694;-13.0055;10.1441;4372.49;6.0995;0;0;0.1;0.01;0;7.05622;0;0;-1
0;442;-24.6958;-56.5736;-12.2857;10.3899;4698.1;6.2473;0;0;0.1;0.01;0;7.30769;0;0;-1
0;443;-27.3652;-41.7539;-10.1906;10.4383;4764.07;6.2764;0;0;0.1;0.01;0;7.63179;0;0;-1
0;444;-26.6309;-22.2871;-11.8634;10.2193;4470.46;6.14472;0;0;0.1;0.01;0;6.64878;0;0;-1
0;445;-24.9573;-7.3066;-10.3181;8.54228;2611.02;5.13635;0;0;0.1;0.01;0;4.69764;0;0;-1
0;446;-25.1412;9.14867;-10.2528;9.43114;3513.83;5.67081;0;0;0.1;0.01;0;5.17432;0;0;-1
0;447;-27.4327;28.4641;-10.584;10.2555;4518.13;6.16648;0;0;0.1;0.01;0;6.15204;0;0;-1
0;448;-28.3081;42.9608;-10.7743;9.06343;3118.65;5.44971;0;0;0.1;0.01;0;5.6272;0;0;-1
0;449;-24.4429;59.0715;-12.8438;8.80537;2859.77;5.29454;0;0;0.1;0.01;0;4.5355;0;0;-1
0;450;-24.7735;77.7011;-12.2469;9.85517;4009.41;5.92577;0;0;0.1;0.01;0;6.45298;0;0;-1
0;451;-24.8589;94.674;-14.0124;10.1999;4445.05;6.13305;0;0;0.1;0.01;0;3.54427;0;0;-1
0;452;-13.5492;-83.3066;-11.0838;8.5;2572.44;5.11093;0;0;0.1;0.01;0;4.45536;1;0;-1
0;453;-12.772;-65.452;-13.2535;8.5;2572.44;5.11093;0;0;0.1;0.01;0;5.52611;1;0;-1
0;454;-12.6927;-48.4348;-9.71202;9.49539;3586.14;5.70944;0;0;0.1;0.01;0;6.60736;0;0;-1
0;455;-11.4431;-32.365;-11.759;10.4018;4714.27;6.25445;0;0;0.1;0.01;0;7.25686;0;0;-1
0;456;-10.3976;-14.2743;-10.7236;8.5;2572.44;5.11093;0;0;0.1;0.01;0;6.05932;1;0;-1
0;457;-10.7183;0.964765;-11.6023;10.2021;4447.92;6.13437;0;0;0.1;0.01;0;7.15784;0;0;-1
0;458;-10.7337;16.9734;-11.6222;9.08701;3143.05;5.46389;0;0;0.1;0.01;0;5.76887;0;0;-1
0;459;-11.5932;34.2417;-12.5397;8.56015;2627.44;5.14709;0;0;0.1;0.01;0;4.6201;0;0;-1
0;460;-10.3536;50.9681;-10.6132;8.54843;2616.66;5.14005;0;0;0.1;0.01;0;5.22023;0;0;-1
0;461;-10.5275;67.4167;-11.6298;9.0735;3129.05;5.45576;0;0;0.1;0.01;0;5.91148;0;0;-1
0;462;-11.6989;87.2575;-12.4364;8.5;2572.44;5.11093;0;0;0.1;0.01;0;4.7946;1;0;-1
0;463;4.39238;-91.552;-10.5866;8.69412;2752.74;5.22765;0;0;0.1;0.01;0;3.7652;0;0;-1
0;464;1.54397;-75.9973;-12.1263;8.5;2572.44;5.11093;0;0;0.1;0.01;0;5.49052;1;0;-1
0;465;1.3438;-59.4788;-12.8553;8.86284;2916.13;5.3291;0;0;0.1;0.01;0;6.0626;0;0;-1
0;466;1.68307;-41.2632;-12.6246;9.63019;3741.05;5.79049;0;0;0.1;0.01;0;6.53535;0;0;-1
0;467;1.26836;-21.5682;-10.4666;9.21799;3280.93;5.54264;0;0;0.1;0.01;0;6.60933;0;0;-1
0;468;1.59127;-7.44482;-12.1284;8.63646;2698.34;5.19298;0;0;0.1;0.01;0;6.12517;0;0;-1
0;469;3.2794;8.17491;-12.276;10.1133;4332.79;6.08098;0;0;0.1;0.01;0;6.21074;0;0;-1
0;470;3.18941;25.1321;-13.5559;9.05314;3108.04;5.44352;0;0;0.1;0.01;0;4.7243;0;0;-1
0;471;1.98621;43.7627;-10.4967;9.3009;3370.26;5.5925;0;0;0.1;0.01;0;5.57882;0;0;-1
0;472;2.33265;59.5247;-10.7491;9.45512;3540.71;5.68523;0;0;0.1;0.01;0;6.5876;0;0;-1
0;473;2.70648;76.7479;-10.398;8.91847;2971.39;5.36255;0;0;0.1;0.01;0;6.03285;0;0;-1
0;474;3.0951;94.0429;-11.4606;10.2647;4530.3;6.17202;0;0;0.1;0.01;0;4.45797;0;0;-1
0;475;18.8169;-85.1762;-10.5382;9.35595;3430.46;5.6256;0;0;0.1;0.01;0;5.80076;0;0;-1
0;476;16.0699;-68.1935;-10.5149;9.47166;3559.32;5.69517;0;0;0.1;0.01;0;6.3536;0;0;-1
0;477;15.9649;-51.4695;-9.8731;9.86583;4022.44;5.93218;0;0;0.1;0.01;0;5.7775;0;0;-1
0;478;15.5219;-33.3875;-10.5223;9.65096;3765.3;5.80298;0;0;0.1;0.01;0;5.74366;0;0;-1
0;479;16.0368;-16.2985;-11.4645;8.57311;2639.39;5.15489;0;0;0.1;0.01;0;5.90917;0;0;-1
0;480;16.4172;1.11673;-11.464;9.38448;3461.94;5.64275;0;0;0.1;0.01;0;5.57803;0;0;-1
0;481;19.4865;20.9024;-10.8812;9.88972;4051.73;5.94655;0;0;0.1;0.01;0;6.04957;0;0;-1
0;482;19.6228;38.1927;-13.1685;8.5;2572.44;5.11093;0;0;0.1;0.01;0;5.08472;1;0;-1
0;483;18.1832;54.531;-11.4757;8.5;2572.44;5.11093;0;0;0.1;0.01;0;4.93101;1;0;-1
0;484;17.305;71.4372;-10.3177;10.3965;4707.06;6.25126;0;0;0.1;0.01;0;7.11044;0;0;-1
0;485;15.6978;84.9733;-12.5699;8.5;2572.44;5.11093;0;0;0.1;0.01;0;5.45069;1;0;-1
0;486;31.9426;-93.7276;-12.0418;8.83098;2884.8;5.30994;0;0;0.1;0.01;0;1.85706;0;0;-1
0;487;33.3586;-76.6512;-12.3262;9.41174;3492.19;5.65914;0;0;0.1;0.01;0;5.65322;0;0;-1
0;488;32.8911;-55.3938;-10.3513;9.45135;3536.47;5.68296;0;0;0.1;0.01;0;4.99238;0;0;-1
0;489;34.1682;-38.8897;-10.1229;9.62386;3733.67;5.78669;0;0;0.1;0.01;0;6.14434;0;0;-1
0;490;31.2303;-21.3559;-12.2801;9.89423;4057.28;5.94926;0;0;0.1;0.01;0;7.10932;0;0;-1
0;491;33.1386;-6.33664;-10.7771;8.88235;2935.43;5.34083;0;0;0.1;0.01;0;5.56227;0;0;-1
0;492;33.5012;11.7978;-12.915;10.3784;4682.52;6.24038;0;0;0.1;0.01;0;7.01844;0;0;-1
0;493;31.4708;29.0492;-10.8365;9.24443;3309.25;5.55854;0;0;0.1;0.01;0;6.8208;0;0;-1
0;494;33.5324;46.261;-13.2515;9.56238;3662.58;5.74972;0;0;0.1;0.01;0;5.98939;0;0;-1
0;495;32.7906;63.4869;-10.3661;8.6173;2680.42;5.18146;0;0;0.1;0.01;0;5.98397;0;0;-1
0;496;32.2663;79.3817;-10.1263;10.0567;4260.45;6.04695;0;0;0.1;0.01;0;6.38512;0;0;-1
0;497;45.9663;-82.9347;-10.7913;8.5;2572.44;5.11093;0;0;0.1;0.01;0;4.15562;1;0;-1
0;498;48.131;-67.8876;-11.4525;9.53328;3629.24;5.73222;0;0;0.1;0.01;0;6.01318;0;0;-1
0;499;47.7023;-47.7298;-11.9659;9.34097;3414.01;5.61659;0;0;0.1;0.01;0;6.11631;0;0;-1
0;500;48.6163;-31.7099;-12.5258;9.05733;3112.36;5.44604;0;0;0.1;0.01;0;5.54163;0;0;-1
0;501;45.5556;-14.7386;-10.9494;9.15165;3210.6;5.50275;0;0;0.1;0.01;0;6.2667;0;0;-1
0;502;46.5926;0.43902;-11.0248;10.1585;4391.14;6.10816;0;0;0.1;0.01;0;7.44499;0;0;-1
0;503;47.7376;18.116;-13.4373;10.1742;4411.53;6.1176;0;0;0.1;0.01;0;7.74673;0;0;-1
0;504;47.8985;34.6535;-10.5487;9.51622;3609.79;5.72196;0;0;0.1;0.01;0;6.4271;0;0;-1
0;505;45.9426;55.1912;-12.4977;8.5;2572.44;5.11093;0;0;0.1;0.01;0;5.01861;1;0;-1
0;506;46.2882;68.4947;-10.0155;9.24156;3306.16;5.55682;0;0;0.1;0.01;0;6.17059;0;0;-1
0;507;47.6951;85.6437;-13.0942;8.6403;2701.94;5.19529;0;0;0.1;0.01;0;2.33828;0;0;-1
0;508;61.097;-74.2482;-11.2901;10.3036;4582.01;6.19541;0;0;0.1;0.01;0;3.19788;0;0;-1
0;509;60.3111;-56.0669;-13.2983;9.61516;3723.56;5.78146;0;0;0.1;0.01;0;6.39417;0;0;-1
0;510;61.4415;-42.1486;-11.6216;9.39919;3478.24;5.6516;0;0;0.1;0.01;0;6.41283;0;0;-1
0;511;62.5782;-25.7816;-11.8649;9.28468;3352.66;5.58274;0;0;0.1;0.01;0;5.84135;0;0;-1
0;512;62.7417;-7.65167;-11.499;9.83406;3983.7;5.91308;0;0;0.1;0.01;0;6.46721;0;0;-1
0;513;60.7342;9.37395;-12.8091;10.2245;4477.29;6.14784;0;0;0.1;0.01;0;6.65785;0;0;-1
0;514;61.9733;28.7542;-10.2228;9.92591;4096.37;5.96831;0;0;0.1;0.01;0;6.30871;0;0;-1
0;515;62.6744;45.9866;-11.1288;9.50542;3597.51;5.71547;0;0;0.1;0.01;0;5.70302;0;0;-1
0;516;63.2365;63.5896;-10.8009;10.0981;4313.28;6.07184;0;0;0.1;0.01;0;5.33253;0;0;-1
0;517;61.0447;77.9239;-13.7897;8.90529;2958.24;5.35462;0;0;0.1;0.01;0;2.77317;0;0;-1
0;518;77.605;-47.53;-10.8071;8.5;2572.44;5.11093;0;0;0.1;0.01;0;3.89162;1;0;-1
0;519;77.3363;-30.0345;-11.24;8.60685;2670.68;5.17517;0;0;0.1;0.01;0;5.62728;0;0;-1
0;520;75.2982;-14.4418;-10.854;10.4528;4783.95;6.28512;0;0;0.1;0.01;0;7.80082;0;0;-1
0;521;74.9428;1.11792;-10.9942;8.5;2572.44;5.11093;0;0;0.1;0.01;0;6.16634;1;0;-1
0;522;76.6078;18.0128;-13.3413;8.69993;2758.26;5.23114;0;0;0.1;0.01;0;5.74996;0;0;-1
0;523;75.0676;34.8536;-12.7147;8.5;2572.44;5.11093;0;0;0.1;0.01;0;5.25421;1;0;-1
0;524;75.3429;51.4803;-10.2287;9.24246;3307.13;5.55736;0;0;0.1;0.01;0;5.72093;0;0;-1
0;525;89.5847;-22.1729;-11.9553;8.5;2572.44;5.11093;0;0;0.1;0.01;0;3.79054;1;0;-1
0;526;90.069;-4.25011;-10.1437;9.67018;3787.85;5.81454;0;0;0.1;0.01;0;4.12084;0;0;-1
0;527;89.554;12.012;-11.0192;8.94815;3001.15;5.38039;0;0;0.1;0.01;0;4.80451;0;0;-1
0;528;89.4272;27.0279;-11.1994;8.57982;2645.59;5.15892;0;0;0.1;0.01;0;4.5142;0;0;-1
0;529;89.2395;43.5674;-9.84415;10.0381;4236.85;6.03576;0;0;0.1;0.01;0;3.29334;0;0;-1
0;530;-93.9361;-16.5782;2.39984;9.45997;3546.16;5.68814;0;0;0.1;0.01;0;3.1707;0;0;-1
0;531;-95.6837;2.7269;3.43379;9.65336;3768.11;5.80443;0;0;0.1;0.01;0;3.78368;0;0;-1
0;532;-95.906;18.6869;2.16421;10.2032;4449.36;6.13504;0;0;0.1;0.01;0;3.23859;0;0;-1
0;533;-79.6743;-55.9223;3.03518;8.5;2572.44;5.11093;0;0;0.1;0.01;0;2.63952;1;0;-1
0;534;-82.6264;-41.5221;4.68365;9.80047;3943.02;5.89288;0;0;0.1;0.01;0;4.17456;0;0;-1
0;535;-80.5972;-23.2262;2.9687;9.80139;3944.13;5.89343;0;0;0.1;0.01;0;6.45482;0;0;-1
0;536;-79.8646;-6.13576;3.72037;9.46528;3552.13;5.69134;0;0;0.1;0.01;0;5.9247;0;0;-1
0;537;-81.7956;10.3545;2.71609;8.90491;2957.86;5.35439;0;0;0.1;0.01;0;4.70849;0;0;-1
0;538;-80.6009;25.4906;1.20314;8.5;2572.44;5.11093;0;0;0.1;0.01;0;3.69647;1;0;-1
0;539;-82.682;44.0746;2.76495;10.2457;4505.19;6.16059;0;0;0.1;0.01;0;4.42299;0;0;-1
0;540;-78.9057;61.1267;3.37412;9.4202;3501.62;5.66423;0;0;0.1;0.01;0;2.55903;0;0;-1
0;541;-63.8836;-65.5049;1.67983;8.86781;2921.04;5.33209;0;0;0.1;0.01;0;4.00855;0;0;-1
0;542;-64.278;-47.2866;4.40366;10.2617;4526.33;6.17021;0;0;0.1;0.01;0;6.23315;0;0;-1
0;543;-68.3925;-33.0511;3.55192;8.92266;2975.58;5.36507;0;0;0.1;0.01;0;5.75808;0;0;-1
0;544;-67.7974;-14.8213;1.72298;10.4365;4761.6;6.27532;0;0;0.1;0.01;0;6.92641;0;0;-1
0;545;-67.196;0.400101;3.73834;10.3306;4618.12;6.21164;0;0;0.1;0.01;0;6.93266;0;0;-1
0;546;-64.7296;17.1269;3.36494;10.4477;4776.95;6.28205;0;0;0.1;0.01;0;6.0196;0;0;-1
0;547;-65.18;36.5232;3.0976;10.4249;4745.74;6.26834;0;0;0.1;0.01;0;6.60373;0;0;-1
0;548;-65.5646;52.0287;3.2263;9.47993;3568.65;5.70014;0;0;0.1;0.01;0;5.48079;0;0;-1
0;549;-64.944;70.4113;3.16307;8.5;2572.44;5.11093;0;0;0.1;0.01;0;2.34931;1;0;-1
0;550;-49.9098;-75.3354;3.24024;8.5823;2647.89;5.16041;0;0;0.1;0.01;0;5.00478;0;0;-1
0;551;-50.3425;-59.3888;4.2103;8.71413;2771.79;5.23968;0;0;0.1;0.01;0;5.50521;0;0;-1
0;552;-50.9551;-42.3311;3.3363;8.72965;2786.63;5.24901;0;0;0.1;0.01;0;5.46105;0;0;-1
0;553;-52.1154;-24.4732;3.65984;8.58632;2651.61;5.16283;0;0;0.1;0.01;0;4.18559;0;0;-1
0;554;-49.6399;-5.37553;2.14469;8.5;2572.44;5.11093;0;0;0.1;0.01;0;4.35339;1;0;-1
0;555;-52.2988;10.0612;3.74772;8.5;2572.44;5.11093;0;0;0.1;0.01;0;4.98716;1;0;-1
0;556;-52.7532;25.8413;2.70015;8.5;2572.44;5.11093;0;0;0.1;0.01;0;5.48559;1;0;-1
0;557;-50.2713;42.99;5.11559;9.8444;3996.28;5.91929;0;0;0.1;0.01;0;5.97277;0;0;-1
0;558;-50.7537;63.4573;1.83563;9.04923;3104.01;5.44117;0;0;0.1;0.01;0;5.21364;0;0;-1
0;559;-51.4567;78.1181;1.28608;9.76208;3896.87;5.8698;0;0;0.1;0.01;0;4.43688;0;0;-1
0;560;-34.9774;-84.015;3.44059;9.36644;3442.01;5.6319;0;0;0.1;0.01;0;5.15455;0;0;-1
0;561;-38.5006;-67.3859;3.24653;9.15764;3216.91;5.50636;0;0;0.1;0.01;0;5.35488;0;0;-1
0;562;-36.7049;-50.3948;4.12231;8.5;2572.44;5.11093;0;0;0.1;0.01;0;5.17332;1;0;-1
0;563;-35.8317;-32.6229;2.67947;9.95707;4135.07;5.98704;0;0;0.1;0.01;0;6.05363;0;0;-1
0;564;-38.0819;-14.09;3.15267;8.97516;3028.41;5.39663;0;0;0.1;0.01;0;4.98292;0;0;-1
0;565;-36.6337;3.18426;4.03611;8.90095;2953.91;5.35201;0;0;0.1;0.01;0;5.85626;0;0;-1
0;566;-38.1391;19.9766;2.91839;10.1518;4382.46;6.10413;0;0;0.1;0.01;0;6.86724;0;0;-1
0;567;-38.195;36.3054;1.02689;8.89588;2948.87;5.34896;0;0;0.1;0.01;0;5.93253;0;0;-1
0;568;-35.4157;50.84;2.8612;9.82839;3976.82;5.90967;0;0;0.1;0.01;0;5.01451;0;0;-1
0;569;-35.7464;71.7414;1.34166;10.4423;4769.55;6.2788;0;0;0.1;0.01;0;6.28683;0;0;-1
0;570;-35.3288;87.8898;3.28953;9.58234;3685.56;5.76172;0;0;0.1;0.01;0;5.14497;0;0;-1
0;571;-20.7786;-93.6563;1.60181;9.51832;3612.18;5.72323;0;0;0.1;0.01;0;4.31286;0;0;-1
0;572;-20.5653;-76.6071;4.59511;8.53528;2604.61;5.13214;0;0;0.1;0.01;0;5.26536;0;0;-1
0;573;-23.624;-57.639;1.53754;9.2155;3278.27;5.54115;0;0;0.1;0.01;0;6.00377;0;0;-1
0;574;-23.2243;-40.3599;2.14676;9.25268;3318.11;5.5635;0;0;0.1;0.01;0;6.41736;0;0;-1
0;575;-21.169;-23.082;3.5709;8.5;2572.44;5.11093;0;0;0.1;0.01;0;5.3988;1;0;-1
0;576;-20.5808;-5.19451;3.34088;8.55675;2624.31;5.14505;0;0;0.1;0.01;0;6.16063;0;0;-1
0;577;-20.1925;9.9955;4.07266;10.1133;4332.79;6.08098;0;0;0.1;0.01;0;6.89951;0;0;-1
0;578;-23.9411;27.5237;1.88697;8.5874;2652.61;5.16348;0;0;0.1;0.01;0;3.99254;0;0;-1
0;579;-19.9291;46.9935;1.8276;9.19996;3261.72;5.5318;0;0;0.1;0.01;0;4.54702;0;0;-1
0;580;-22.0325;63.3254;2.16532;9.89483;4058.01;5.94962;0;0;0.1;0.01;0;6.65739;0;0;-1
0;581;-22.1853;77.5549;1.90431;9.60554;3712.39;5.77567;0;0;0.1;0.01;0;6.19857;0;0;-1
0;582;-23.3665;96.2339;1.3574;9.90756;4073.7;5.95727;0;0;0.1;0.01;0;3.42116;0;0;-1
0;583;-7.0691;-98.9491;0.928116;10.0776;4287.06;6.05951;0;0;0.1;0.01;0;2.97559;0;0;-1
0;584;-5.64886;-81.054;3.71132;8.73414;2790.93;5.25171;0;0;0.1;0.01;0;5.62759;0;0;-1
0;585;-9.08164;-66.6474;2.77072;10.3839;4689.97;6.24369;0;0;0.1;0.01;0;5.75272;0;0;-1
0;586;-7.63602;-49.255;2.30872;8.64791;2709.08;5.19986;0;0;0.1;0.01;0;5.0947;0;0;-1
0;587;-7.46756;-29.9755;2.52005;9.4445;3528.79;5.67884;0;0;0.1;0.01;0;6.35299;0;0;-1
0;588;-8.78189;-14.194;3.1195;9.71029;3835.18;5.83866;0;0;0.1;0.01;0;6.88146;0;0;-1
0;589;-7.88917;1.80427;3.77805;8.5;2572.44;5.11093;0;0;0.1;0.01;0;5.90031;1;0;-1
0;590;-6.29571;17.3595;1.34613;8.51996;2590.61;5.12293;0;0;0.1;0.01;0;5.93105;0;0;-1
0;591;-6.16483;34.6543;3.70052;9.22465;3288.05;5.54665;0;0;0.1;0.01;0;5.50952;0;0;-1
0;592;-5.75817;51.7995;3.54452;8.5;2572.44;5.11093;0;0;0.1;0.01;0;5.87021;1;0;-1
0;593;-7.56689;71.7853;2.3324;10.3283;4615.04;6.21026;0;0;0.1;0.01;0;6.85497;0;0;-1
0;594;-9.20664;88.3775;3.67831;9.77079;3907.31;5.87503;0;0;0.1;0.01;0;4.97608;0;0;-1
0;595;8.04072;-92.1749;3.09801;8.71605;2773.63;5.24083;0;0;0.1;0.01;0;4.70577;0;0;-1
0;596;8.63413;-76.0888;1.82794;9.61678;3725.44;5.78243;0;0;0.1;0.01;0;7.03948;0;0;-1
0;597;5.95631;-58.924;1.69068;10.096;4310.59;6.07058;0;0;0.1;0.01;0;6.9202;0;0;-1
0;598;7.03518;-42.7407;3.58953;9.83689;3987.15;5.91478;0;0;0.1;0.01;0;6.7258;0;0;-1
0;599;7.5463;-24.938;1.84591;9.5353;3631.55;5.73344;0;0;0.1;0.01;0;6.50742;0;0;-1
0;600;9.35506;-8.46356;4.4435;10.1237;4346.17;6.08723;0;0;0.1;0.01;0;5.93037;0;0;-1
0;601;5.73269;10.45;2.77485;8.89902;2951.99;5.35085;0;0;0.1;0.01;0;4.95974;0;0;-1
0;602;7.62956;25.4219;2.11736;9.91149;4078.55;5.95964;0;0;0.1;0.01;0;6.08891;0;0;-1
0;603;8.3834;44.0584;2.34918;8.5;2572.44;5.11093;0;0;0.1;0.01;0;5.04614;1;0;-1
0;604;6.91035;60.3864;1.62609;8.5;2572.44;5.11093;0;0;0.1;0.01;0;5.65653;1;0;-1
0;605;8.8024;76.5061;2.68165;8.62821;2690.61;5.18802;0;0;0.1;0.01;0;5.79922;0;0;-1
0;606;5.61289;97.9046;1.52349;9.70502;3828.93;5.83549;0;0;0.1;0.01;0;2.8275;0;0;-1
0;607;20.4553;-85.2908;2.17794;8.5;2572.44;5.11093;0;0;0.1;0.01;0;4.15165;1;0;-1
0;608;23.7071;-66.3225;2.73857;10.1485;4378.19;6.10215;0;0;0.1;0.01;0;5.92258;0;0;-1
0;609;22.3814;-47.3546;4.38207;8.61569;2678.91;5.18049;0;0;0.1;0.01;0;4.58297;0;0;-1
0;610;21.7439;-31.0864;1.47678;8.5;2572.44;5.11093;0;0;0.1;0.01;0;5.79072;1;0;-1
0;611;21.4325;-14.7101;1.49992;8.5;2572.44;5.11093;0;0;0.1;0.01;0;5.46957;1;0;-1
0;612;23.2003;4.33819;1.20106;9.49255;3582.92;5.70773;0;0;0.1;0.01;0;5.44636;0;0;-1
0;613;23.3878;20.8323;4.67518;9.56391;3664.33;5.75064;0;0;0.1;0.01;0;6.83818;0;0;-1
0;614;21.9828;37.295;4.967;8.5;2572.44;5.11093;0;0;0.1;0.01;0;5.66141;1;0;-1
0;615;22.7755;51.4206;3.72725;9.88732;4048.78;5.9451;0;0;0.1;0.01;0;6.64341;0;0;-1
0;616;21.1337;67.755;1.65863;9.16445;3224.09;5.51045;0;0;0.1;0.01;0;5.95644;0;0;-1
0;617;21.4036;89.4959;1.13829;10.1186;4339.6;6.08417;0;0;0.1;0.01;0;4.04432;0;0;-1
0;618;38.039;-75.9257;1.65789;9.44408;3528.32;5.67859;0;0;0.1;0.01;0;6.0322;0;0;-1
0;619;38.5551;-59.5989;4.02572;8.64248;2703.98;5.1966;0;0;0.1;0.01;0;5.22735;0;0;-1
0;620;34.9036;-40.1461;3.41353;8.9796;3032.91;5.3993;0;0;0.1;0.01;0;5.45003;0;0;-1
0;621;35.0453;-25.7252;1.19997;9.54414;3641.66;5.73875;0;0;0.1;0.01;0;6.10679;0;0;-1
0;622;38.0183;-8.85328;4.48375;9.35846;3433.22;5.62711;0;0;0.1;0.01;0;6.01355;0;0;-1
0;623;37.2365;9.08588;1.45806;9.51894;3612.89;5.7236;0;0;0.1;0.01;0;5.74672;0;0;-1
0;624;36.6624;27.2502;2.87354;9.98295;4167.4;6.0026;0;0;0.1;0.01;0;6.51205;0;0;-1
0;625;35.9281;44.5379;1.21227;10.3932;4702.58;6.24928;0;0;0.1;0.01;0;6.87893;0;0;-1
0;626;36.101;62.7077;3.83064;10.293;4567.88;6.18903;0;0;0.1;0.01;0;7.82491;0;0;-1
0;627;37.6637;80.0002;2.52868;10.395;4705.03;6.25036;0;0;0.1;0.01;0;5.13917;0;0;-1
0;628;50.837;-83.5316;2.89835;8.5;2572.44;5.11093;0;0;0.1;0.01;0;2.98855;1;0;-1
0;629;52.1806;-64.6109;4.04643;9.83279;3982.16;5.91231;0;0;0.1;0.01;0;5.58546;0;0;-1
0;630;50.321;-48.4661;3.2566;10.1367;4362.93;6.09505;0;0;0.1;0.01;0;6.36275;0;0;-1
0;631;53.4034;-33.6512;4.79266;8.5;2572.44;5.11093;0;0;0.1;0.01;0;5.8109;1;0;-1
0;632;51.3825;-15.8282;2.99565;8.60239;2666.53;5.17249;0;0;0.1;0.01;0;5.11898;0;0;-1
0;633;52.1601;1.13601;2.47217;8.51441;2585.55;5.11959;0;0;0.1;0.01;0;5.43553;0;0;-1
0;634;52.3742;17.0463;1.66614;9.47502;3563.11;5.69719;0;0;0.1;0.01;0;7.31068;0;0;-1
0;635;50.1839;34.3868;2.73582;9.80689;3950.78;5.89674;0;0;0.1;0.01;0;6.23005;0;0;-1
0;636;51.3753;54.6355;4.70111;8.5;2572.44;5.11093;0;0;0.1;0.01;0;5.0179;1;0;-1
0;637;50.0067;67.7087;3.25834;9.09874;3155.24;5.47094;0;0;0.1;0.01;0;4.70078;0;0;-1
0;638;68.0574;-56.0633;4.68225;9.91865;4087.39;5.96394;0;0;0.1;0.01;0;4.38683;0;0;-1
0;639;67.5918;-39.0449;2.40238;9.67029;3787.97;5.81461;0;0;0.1;0.01;0;7.08895;0;0;-1
0;640;64.7317;-24.1594;3.90361;8.59961;2663.94;5.17082;0;0;0.1;0.01;0;5.67753;0;0;-1
0;641;67.8236;-6.65794;4.42604;8.5;2572.44;5.11093;0;0;0.1;0.01;0;4.8681;1;0;-1
0;642;65.6266;12.2014;3.83245;10.2544;4516.68;6.16582;0;0;0.1;0.01;0;6.71884;0;0;-1
0;643;65.488;25.9319;3.93735;8.5;2572.44;5.11093;0;0;0.1;0.01;0;6.09646;1;0;-1
0;644;66.917;44.3117;4.36018;9.40417;3483.77;5.65459;0;0;0.1;0.01;0;5.69817;0;0;-1
0;645;67.425;60.1785;4.31893;9.78995;3930.34;5.88655;0;0;0.1;0.01;0;4.46721;0;0;-1
0;646;82.3303;-47.3912;5.10314;9.16647;3226.23;5.51167;0;0;0.1;0.01;0;3.6754;0;0;-1
0;647;82.1669;-33.1109;3.1855;10.4059;4719.84;6.25692;0;0;0.1;0.01;0;5.82403;0;0;-1
0;648;81.3941;-15.8002;3.84303;9.58771;3691.76;5.76495;0;0;0.1;0.01;0;6.4897;0;0;-1
0;649;79.7763;0.0533256;1.87905;9.17655;3236.88;5.51773;0;0;0.1;0.01;0;5.72864;0;0;-1
0;650;80.974;18.2572;2.44748;9.17519;3235.44;5.51691;0;0;0.1;0.01;0;6.64286;0;0;-1
0;651;82.5369;36.1041;4.09275;10.3563;4652.67;6.22709;0;0;0.1;0.01;0;5.5533;0;0;-1
0;652;82.8001;55.2971;4.89659;9.98006;4163.78;6.00087;0;0;0.1;0.01;0;2.85068;0;0;-1
0;653;95.8366;-23.3886;2.09969;10.372;4673.86;6.23653;0;0;0.1;0.01;0;3.62846;0;0;-1
0;654;96.356;-7.56673;4.22324;9.30892;3378.99;5.59732;0;0;0.1;0.01;0;3.40687;0;0;-1
0;655;94.5238;12.1142;1.93432;9.59168;3696.35;5.76734;0;0;0.1;0.01;0;4.21381;0;0;-1
0;656;94.311;26.6324;4.47928;10.0281;4224.2;6.02975;0;0;0.1;0.01;0;4.46478;0;0;-1
0;657;-86.8341;-40.7512;19.205;10.0139;4206.28;6.02121;0;0;0.1;0.01;0;3.22313;0;0;-1
0;658;-85.0792;-21.1755;18.5538;9.39531;3473.94;5.64926;0;0;0.1;0.01;0;3.2833;0;0;-1
0;659;-84.8754;-4.98883;19.2719;9.9256;4095.99;5.96812;0;0;0.1;0.01;0;4.60443;0;0;-1
0;660;-86.6491;10.4796;17.189;9.41782;3498.97;5.6628;0;0;0.1;0.01;0;4.71542;0;0;-1
0;661;-85.727;27.1113;18.3089;8.5;2572.44;5.11093;0;0;0.1;0.01;0;3.21618;1;0;-1
0;662;-84.2627;45.3295;18.9272;8.68184;2741.09;5.22026;0;0;0.1;0.01;0;2.72745;0;0;-1
0;663;-72.1091;-63.641;19.8408;9.46219;3548.65;5.68948;0;0;0.1;0.01;0;3.35699;0;0;-1
0;664;-70.8091;-48.5641;16.6718;9.04696;3101.68;5.43981;0;0;0.1;0.01;0;6.11245;0;0;-1
0;665;-68.9816;-33.8736;19.1877;8.5;2572.44;5.11093;0;0;0.1;0.01;0;5.46859;1;0;-1
0;666;-71.9598;-13.1869;19.0197;9.90376;4069.01;5.95499;0;0;0.1;0.01;0;7.23502;0;0;-1
0;667;-69.3887;2.17552;19.7083;9.7357;3865.36;5.85394;0;0;0.1;0.01;0;6.93219;0;0;-1
0;668;-70.2489;18.6415;19.2961;9.64972;3763.85;5.80224;0;0;0.1;0.01;0;5.80064;0;0;-1
0;669;-70.2962;34.2559;16.7434;8.77909;2834.24;5.27874;0;0;0.1;0.01;0;4.3224;0;0;-1
0;670;-70.2536;52.885;16.264;8.5;2572.44;5.11093;0;0;0.1;0.01;0;3.91528;1;0;-1
0;671;-58.0224;-74.947;17.1206;10.065;4271;6.05194;0;0;0.1;0.01;0;4.51661;0;0;-1
0;672;-57.4997;-58.6557;18.7083;9.47117;3558.77;5.69488;0;0;0.1;0.01;0;6.43986;0;0;-1
0;673;-56.2029;-39.5369;17.457;10.2399;4497.55;6.1571;0;0;0.1;0.01;0;7.4027;0;0;-1
0;674;-57.0842;-23.2706;16.9184;8.9323;2985.23;5.37086;0;0;0.1;0.01;0;5.73338;0;0;-1
0;675;-55.1854;-6.46281;16.0526;9.97374;4155.88;5.99707;0;0;0.1;0.01;0;6.24365;0;0;-1
0;676;-57.1263;8.61722;17.4112;8.70387;2762.01;5.23351;0;0;0.1;0.01;0;5.3839;0;0;-1
0;677;-55.3811;26.7705;16.7931;9.65507;3770.12;5.80545;0;0;0.1;0.01;0;5.70747;0;0;-1
0;678;-54.9744;46.8997;18.9483;8.5;2572.44;5.11093;0;0;0.1;0.01;0;4.35274;1;0;-1
0;679;-53.9879;61.9315;18.2826;8.67427;2733.93;5.21571;0;0;0.1;0.01;0;3.80809;0;0;-1
0;680;-53.7955;78.0462;19.6612;9.60026;3706.27;5.7725;0;0;0.1;0.01;0;2.63852;0;0;-1
0;681;-41.6982;-84.6152;16.85;9.64536;3758.75;5.79962;0;0;0.1;0.01;0;4.32915;0;0;-1
0;682;-40.6321;-67.4701;17.7351;8.98447;3037.85;5.40223;0;0;0.1;0.01;0;5.51527;0;0;-1
0;683;-40.464;-47.7813;16.7387;9.09298;3149.25;5.46748;0;0;0.1;0.01;0;5.25962;0;0;-1
0;684;-42.5297;-33.0285;18.1949;9.56256;3662.78;5.74983;0;0;0.1;0.01;0;6.35437;0;0;-1
0;685;-42.1557;-13.7551;16.4857;8.5;2572.44;5.11093;0;0;0.1;0.01;0;4.91386;1;0;-1
0;686;-39.9919;2.28606;17.7257;8.8338;2887.56;5.31164;0;0;0.1;0.01;0;5.08273;0;0;-1
0;687;-42.2107;18.6865;18.4658;8.81873;2872.81;5.30257;0;0;0.1;0.01;0;5.43342;0;0;-1
0;688;-41.1617;33.7384;18.2802;8.97255;3025.77;5.39506;0;0;0.1;0.01;0;5.1893;0;0;-1
0;689;-39.7091;53.2117;18.5419;8.97931;3032.62;5.39913;0;0;0.1;0.01;0;4.73762;0;0;-1
0;690;-39.5871;71.4836;16.4009;10.2106;4459.05;6.13949;0;0;0.1;0.01;0;5.90325;0;0;-1
0;691;-41.5967;87.7444;18.5401;8.98874;3042.18;5.4048;0;0;0.1;0.01;0;2.93079;0;0;-1
0;692;-27.7631;-93.4546;16.8256;10.4523;4783.26;6.28482;0;0;0.1;0.01;0;3.97918;0;0;-1
0;693;-27.5091;-72.8528;18.4981;9.83112;3980.13;5.91131;0;0;0.1;0.01;0;6.16546;0;0;-1
0;694;-25.3724;-56.7108;16.2819;8.5;2572.44;5.11093;0;0;0.1;0.01;0;4.44945;1;0;-1
0;695;-24.5042;-40.3786;17.8433;8.88227;2935.35;5.34078;0;0;0.1;0.01;0;5.48631;0;0;-1
0;696;-28.3598;-24.7205;16.318;9.59361;3698.58;5.7685;0;0;0.1;0.01;0;6.04815;0;0;-1
0;697;-28.3795;-7.18609;16.0149;9.33032;3402.34;5.61019;0;0;0.1;0.01;0;5.29119;0;0;-1
0;698;-26.9615;10.6758;16.4888;9.60486;3711.6;5.77526;0;0;0.1;0.01;0;6.09201;0;0;-1
0;699;-27.4492;28.0503;17.3647;9.05772;3112.76;5.44628;0;0;0.1;0.01;0;5.12803;0;0;-1
0;700;-25.4584;45.931;17.6315;9.58543;3689.13;5.76358;0;0;0.1;0.01;0;5.76624;0;0;-1
0;701;-28.152;62.0566;16.4022;9.01678;3070.74;5.42166;0;0;0.1;0.01;0;5.9035;0;0;-1
0;702;-27.4138;80.4126;16.3145;10.1887;4430.42;6.12632;0;0;0.1;0.01;0;5.88997;0;0;-1
0;703;-13.2894;-83.6087;17.6383;9.77088;3907.42;5.87509;0;0;0.1;0.01;0;5.45733;0;0;-1
0;704;-13.7351;-65.6463;17.0255;8.5;2572.44;5.11093;0;0;0.1;0.01;0;4.2073;1;0;-1
0;705;-11.1821;-47.5327;16.2685;9.7905;3931;5.88689;0;0;0.1;0.01;0;5.44802;0;0;-1
0;706;-12.3532;-30.7842;19.3445;8.63701;2698.85;5.19331;0;0;0.1;0.01;0;5.76189;0;0;-1
0;707;-11.548;-16.1884;17.4754;9.71429;3839.92;5.84106;0;0;0.1;0.01;0;6.34198;0;0;-1
0;708;-13.6705;1.66078;17.1255;10.0878;4300.09;6.06565;0;0;0.1;0.01;0;7.02508;0;0;-1
0;709;-13.1782;20.7894;16.6137;10.0841;4295.36;6.06342;0;0;0.1;0.01;0;6.26936;0;0;-1
0;710;-10.9539;37.3188;17.2887;8.97727;3030.55;5.3979;0;0;0.1;0.01;0;5.49449;0;0;-1
0;711;-10.0221;52.3603;18.3013;10.1287;4352.61;6.09024;0;0;0.1;0.01;0;6.64292;0;0;-1
0;712;-11.6735;68.4233;18.3727;8.59754;2662.02;5.16958;0;0;0.1;0.01;0;5.20871;0;0;-1
0;713;-11.0515;85.2599;18.6775;8.5;2572.44;5.11093;0;0;0.1;0.01;0;3.73599;1;0;-1
0;714;1.68191;-91.984;17.4359;10.248;4508.23;6.16197;0;0;0.1;0.01;0;3.90895;0;0;-1
0;715;4.58299;-72.2694;15.9786;8.68782;2746.76;5.22386;0;0;0.1;0.01;0;5.15416;0;0;-1
0;716;2.82086;-56.9717;17.333;8.5;2572.44;5.11093;0;0;0.1;0.01;0;5.54303;1;0;-1
0;717;2.96247;-39.8547;16.6696;9.887;4048.39;5.94491;0;0;0.1;0.01;0;6.58466;0;0;-1
0;718;2.38502;-24.4663;16.4616;8.82136;2875.38;5.30416;0;0;0.1;0.01;0;5.63615;0;0;-1
0;719;4.97433;-8.37198;17.1102;8.57217;2638.52;5.15432;0;0;0.1;0.01;0;4.74485;0;0;-1
0;720;4.17311;9.64826;16.3858;9.89258;4055.25;5.94826;0;0;0.1;0.01;0;4.89335;0;0;-1
0;721;2.15976;28.5085;16.6403;9.95865;4137.04;5.98799;0;0;0.1;0.01;0;6.24746;0;0;-1
0;722;2.53303;46.1854;15.6165;8.5982;2662.63;5.16997;0;0;0.1;0.01;0;5.80252;0;0;-1
0;723;2.65897;63.404;15.8877;10.4039;4717.12;6.25571;0;0;0.1;0.01;0;6.71282;0;0;-1
0;724;0.993392;77.9636;15.9377;8.66392;2724.16;5.20949;0;0;0.1;0.01;0;5.68512;0;0;-1
0;725;4.69564;93.0899;17.7691;8.70908;2766.98;5.23664;0;0;0.1;0.01;0;2.89486;0;0;-1
0;726;17.7775;-82.3803;17.1055;10.0453;4245.97;6.04009;0;0;0.1;0.01;0;5.13074;0;0;-1
0;727;15.7983;-64.4127;16.3799;8.5;2572.44;5.11093;0;0;0.1;0.01;0;4.94368;1;0;-1
0;728;16.0245;-50.085;18.3095;9.61978;3728.93;5.78423;0;0;0.1;0.01;0;5.55279;0;0;-1
0;729;18.9344;-33.9829;18.1066;8.5;2572.44;5.11093;0;0;0.1;0.01;0;4.31381;1;0;-1
0;730;18.3554;-17.0143;17.3439;9.30503;3374.75;5.59498;0;0;0.1;0.01;0;5.77498;0;0;-1
0;731;17.4595;2.72074;18.4877;8.54447;2613.03;5.13767;0;0;0.1;0.01;0;4.73984;0;0;-1
0;732;16.5791;21.1394;16.2203;9.14026;3198.63;5.49591;0;0;0.1;0.01;0;6.2766;0;0;-1
0;733;16.5171;37.0714;17.4415;8.88866;2941.69;5.34462;0;0;0.1;0.01;0;5.88999;0;0;-1
0;734;19.6675;52.9303;17.6965;8.85858;2911.93;5.32654;0;0;0.1;0.01;0;5.16869;0;0;-1
0;735;16.4132;69.7747;17.3885;8.51644;2587.4;5.12081;0;0;0.1;0.01;0;5.15647;0;0;-1
0;736;17.9112;85.6746;16.4544;9.17315;3233.29;5.51568;0;0;0.1;0.01;0;3.56841;0;0;-1
0;737;33.176;-92.4874;15.9354;9.05955;3114.64;5.44738;0;0;0.1;0.01;0;1.68949;0;0;-1
0;738;33.7891;-73.7694;16.1006;9.51316;3606.31;5.72013;0;0;0.1;0.01;0;5.47746;0;0;-1
0;739;33.1806;-55.2469;18.0137;9.15668;3215.9;5.50578;0;0;0.1;0.01;0;4.54199;0;0;-1
0;740;33.6507;-39.0262;18.0709;8.5;2572.44;5.11093;0;0;0.1;0.01;0;5.33012;1;0;-1
0;741;31.4398;-24.4851;16.3369;9.37929;3456.2;5.63963;0;0;0.1;0.01;0;6.48333;0;0;-1
0;742;30.7078;-8.05918;18.5973;9.30862;3378.66;5.59714;0;0;0.1;0.01;0;5.49822;0;0;-1
0;743;30.5322;11.5668;17.0192;8.87722;2930.35;5.33774;0;0;0.1;0.01;0;5.13255;0;0;-1
0;744;32.0944;26.8804;16.7665;8.78131;2836.39;5.28007;0;0;0.1;0.01;0;5.40337;0;0;-1
0;745;33.2191;45.7672;16.5233;8.5;2572.44;5.11093;0;0;0.1;0.01;0;5.29048;1;0;-1
0;746;30.486;63.4355;19.4771;9.08213;3137.99;5.46095;0;0;0.1;0.01;0;6.81672;0;0;-1
0;747;30.6484;77.8146;17.8495;9.25776;3323.58;5.56656;0;0;0.1;0.01;0;5.18472;0;0;-1
0;748;45.3093;-81.2461;16.0873;9.99665;4184.58;6.01084;0;0;0.1;0.01;0;4.70921;0;0;-1
0;749;48.9017;-67.6375;17.0082;8.61752;2680.62;5.18159;0;0;0.1;0.01;0;5.08452;0;0;-1
0;750;47.5081;-48.1695;18.5968;8.5;2572.44;5.11093;0;0;0.1;0.01;0;4.60376;1;0;-1
0;751;46.7602;-31.8964;16.6144;9.52674;3621.78;5.72829;0;0;0.1;0.01;0;6.82955;0;0;-1
0;752;46.3604;-15.3172;17.5049;9.96599;4146.2;5.99241;0;0;0.1;0.01;0;6.402;0;0;-1
0;753;46.2039;4.3944;19.4806;9.61473;3723.06;5.7812;0;0;0.1;0.01;0;5.43112;0;0;-1
0;754;48.7887;20.4711;17.3418;9.77667;3914.37;5.87857;0;0;0.1;0.01;0;6.22899;0;0;-1
0;755;46.8585;34.8781;18.9887;8.5;2572.44;5.11093;0;0;0.1;0.01;0;5.23702;1;0;-1
0;756;45.0825;54.092;16.5862;10.1386;4365.39;6.09619;0;0;0.1;0.01;0;6.5743;0;0;-1
0;757;46.9772;68.9772;17.7744;8.7934;2848.13;5.28734;0;0;0.1;0.01;0;5.04406;0;0;-1
0;758;45.9446;86.0449;19.67;8.5;2572.44;5.11093;0;0;0.1;0.01;0;1.28348;1;0;-1
0;759;61.2208;-75.4431;17.4857;9.74749;3879.42;5.86102;0;0;0.1;0.01;0;2.822;0;0;-1
0;760;62.3076;-57.9541;18.163;8.5;2572.44;5.11093;0;0;0.1;0.01;0;4.94746;1;0;-1
0;761;62.5622;-38.7131;16.6998;10.097;4311.87;6.07118;0;0;0.1;0.01;0;7.49604;0;0;-1
0;762;60.4198;-24.2769;16.5093;9.90118;4065.83;5.95344;0;0;0.1;0.01;0;7.54628;0;0;-1
0;763;60.3763;-7.40405;16.7517;8.93108;2984.01;5.37013;0;0;0.1;0.01;0;4.81175;0;0;-1
0;764;62.4581;10.604;16.9682;9.45392;3539.36;5.6845;0;0;0.1;0.01;0;5.77946;0;0;-1
0;765;61.685;28.5353;16.4797;10.2254;4478.47;6.14838;0;0;0.1;0.01;0;7.22243;0;0;-1
0;766;61.8679;45.2122;19.034;8.67367;2733.36;5.21535;0;0;0.1;0.01;0;6.07904;0;0;-1
0;767;62.2907;63.6374;19.0425;10.0225;4217.13;6.02638;0;0;0.1;0.01;0;4.83185;0;0;-1
0;768;75.9072;-50.209;19.5115;8.70096;2759.24;5.23176;0;0;0.1;0.01;0;3.01326;0;0;-1
0;769;76.0486;-33.4801;18.3445;10.0886;4301.12;6.06613;0;0;0.1;0.01;0;6.13352;0;0;-1
0;770;77.6186;-16.9529;16.7456;8.5;2572.44;5.11093;0;0;0.1;0.01;0;4.96205;1;0;-1
0;771;74.8841;0.855481;19.4104;8.71841;2775.88;5.24225;0;0;0.1;0.01;0;4.44445;0;0;-1
0;772;76.4907;20.1067;16.187;9.82373;3971.16;5.90687;0;0;0.1;0.01;0;6.538;0;0;-1
0;773;74.8214;37.9195;19.0716;10.3722;4674.14;6.23665;0;0;0.1;0.01;0;6.73548;0;0;-1
0;774;76.526;52.4254;18.7547;8.77615;2831.4;5.27697;0;0;0.1;0.01;0;4.58096;0;0;-1
0;775;91.5284;-22.0691;18.6382;9.7875;3927.39;5.88508;0;0;0.1;0.01;0;4.34476;0;0;-1
0;776;92.7471;-7.35857;19.9387;8.5;2572.44;5.11093;0;0;0.1;0.01;0;2.61903;1;0;-1
0;777;91.7012;9.32709;16.2183;9.05672;3111.73;5.44567;0;0;0.1;0.01;0;2.52638;0;0;-1
0;778;89.4642;26.8402;17.3924;9.35384;3428.14;5.62433;0;0;0.1;0.01;0;4.0798;0;0;-1
0;779;-93.5845;2.40848;34.5609;8.55786;2625.33;5.14572;0;0;0.1;0.01;0;2.84582;0;0;-1
0;780;-82.0383;-39.7089;31.6305;9.85962;4014.85;5.92845;0;0;0.1;0.01;0;3.15583;0;0;-1
0;781;-79.6841;-25.0887;32.4564;9.32437;3395.84;5.60661;0;0;0.1;0.01;0;4.25371;0;0;-1
0;782;-78.9995;-6.09152;34.0259;9.22038;3283.49;5.54408;0;0;0.1;0.01;0;5.97743;0;0;-1
0;783;-80.1804;10.046;31.8135;8.73128;2788.19;5.24999;0;0;0.1;0.01;0;4.894;0;0;-1
0;784;-82.7022;25.8731;30.9213;9.40262;3482.05;5.65366;0;0;0.1;0.01;0;2.74841;0;0;-1
0;785;-79.9053;46.0355;31.3452;8.54151;2610.31;5.13589;0;0;0.1;0.01;0;2.20405;0;0;-1
0;786;-65.9592;-66.8887;33.9497;9.46889;3556.2;5.69351;0;0;0.1;0.01;0;3.41917;0;0;-1
0;787;-66.6261;-47.6743;32.2378;9.70994;3834.76;5.83845;0;0;0.1;0.01;0;4.79137;0;0;-1
0;788;-64.3043;-30.7686;34.2071;9.95636;4134.19;5.98661;0;0;0.1;0.01;0;6.55841;0;0;-1
0;789;-66.7711;-15.5658;31.0173;8.5;2572.44;5.11093;0;0;0.1;0.01;0;5.9536;1;0;-1
0;790;-65.6072;0.0127222;34.1244;8.9441;2997.08;5.37796;0;0;0.1;0.01;0;5.98599;0;0;-1
0;791;-66.5539;18.1294;33.8933;8.5;2572.44;5.11093;0;0;0.1;0.01;0;4.43022;1;0;-1
0;792;-64.4083;35.1707;31.6583;8.58667;2651.94;5.16304;0;0;0.1;0.01;0;4.16548;0;0;-1
0;793;-66.8396;53.0602;33.2026;9.91933;4088.23;5.96435;0;0;0.1;0.01;0;3.57352;0;0;-1
0;794;-53.1875;-73.3256;30.6168;10.1149;4334.84;6.08194;0;0;0.1;0.01;0;4.85207;0;0;-1
0;795;-50.1861;-58.7178;30.9847;9.48167;3570.62;5.70119;0;0;0.1;0.01;0;6.02645;0;0;-1
0;796;-49.8383;-38.4002;31.6487;9.72083;3847.68;5.84499;0;0;0.1;0.01;0;6.12785;0;0;-1
0;797;-52.8039;-21.2986;31.1208;8.5;2572.44;5.11093;0;0;0.1;0.01;0;4.91625;1;0;-1
0;798;-52.7063;-7.28904;34.1963;9.66627;3783.25;5.81219;0;0;0.1;0.01;0;4.47804;0;0;-1
0;799;-51.6675;11.8692;31.782;8.5;2572.44;5.11093;0;0;0.1;0.01;0;4.16156;1;0;-1
0;800;-50.7137;29.4046;32.6128;8.5;2572.44;5.11093;0;0;0.1;0.01;0;5.23731;1;0;-1
0;801;-52.7793;43.3437;33.1245;8.5;2572.44;5.11093;0;0;0.1;0.01;0;5.24171;1;0;-1
0;802;-51.6444;60.0701;33.9779;8.5;2572.44;5.11093;0;0;0.1;0.01;0;4.23771;1;0;-1
0;803;-35.6443;-85.3966;34.2812;10.1766;4414.65;6.11904;0;0;0.1;0.01;0;3.63708;0;0;-1
0;804;-37.9986;-66.3774;31.282;8.5;2572.44;5.11093;0;0;0.1;0.01;0;4.55874;1;0;-1
0;805;-37.9477;-47.2929;33.1289;9.74583;3877.44;5.86003;0;0;0.1;0.01;0;5.96533;0;0;-1
0;806;-34.4737;-33.0323;33.0262;10.2533;4515.23;6.16516;0;0;0.1;0.01;0;6.52109;0;0;-1
0;807;-35.1753;-16.2772;32.7149;8.8572;2910.57;5.32571;0;0;0.1;0.01;0;4.12819;0;0;-1
0;808;-35.3379;2.98483;32.2996;8.80953;2863.83;5.29704;0;0;0.1;0.01;0;4.53491;0;0;-1
0;809;-38.3041;17.6691;32.7568;8.96634;3019.49;5.39133;0;0;0.1;0.01;0;4.90127;0;0;-1
0;810;-36.98;37.943;31.6612;9.65063;3764.92;5.80278;0;0;0.1;0.01;0;6.08308;0;0;-1
0;811;-36.8437;52.4677;32.421;8.9865;3039.91;5.40345;0;0;0.1;0.01;0;5.22257;0;0;-1
0;812;-37.9065;69.1988;32.1255;8.5;2572.44;5.11093;0;0;0.1;0.01;0;3.3552;1;0;-1
0;813;-20.9679;-91.0272;34.0219;9.86408;4020.3;5.93113;0;0;0.1;0.01;0;3.76513;0;0;-1
0;814;-22.924;-74.3035;32.2335;8.5;2572.44;5.11093;0;0;0.1;0.01;0;5.11911;1;0;-1
0;815;-22.8313;-57.0547;34.4237;8.61747;2680.57;5.18156;0;0;0.1;0.01;0;4.58641;0;0;-1
0;816;-21.8603;-42.7439;31.8956;8.61331;2676.69;5.17906;0;0;0.1;0.01;0;5.67968;0;0;-1
0;817;-20.4347;-21.6643;31.3819;8.5;2572.44;5.11093;0;0;0.1;0.01;0;3.9588;1;0;-1
0;818;-20.9541;-4.7563;34.0519;9.37895;3455.82;5.63943;0;0;0.1;0.01;0;5.90066;0;0;-1
0;819;-21.7913;11.1915;31.6445;8.93559;2988.53;5.37284;0;0;0.1;0.01;0;5.87786;0;0;-1
0;820;-22.9956;29.3681;33.7843;9.49202;3582.32;5.70741;0;0;0.1;0.01;0;5.55513;0;0;-1
0;821;-20.7371;44.2947;33.8131;9.19925;3260.96;5.53138;0;0;0.1;0.01;0;6.29454;0;0;-1
0;822;-20.4327;59.7007;30.9812;8.65751;2718.11;5.20564;0;0;0.1;0.01;0;5.12103;0;0;-1
0;823;-21.7707;76.7159;32.6732;10.0526;4255.24;6.04448;0;0;0.1;0.01;0;4.7396;0;0;-1
0;824;-6.81663;-81.4824;33.0033;10.2345;4490.44;6.15386;0;0;0.1;0.01;0;5.73615;0;0;-1
0;825;-7.5815;-65.849;32.0445;9.11861;3175.96;5.48289;0;0;0.1;0.01;0;4.85152;0;0;-1
0;826;-8.81158;-46.9406;30.7997;9.1191;3176.47;5.48318;0;0;0.1;0.01;0;5.14994;0;0;-1
0;827;-5.46221;-32.6257;31.172;8.5;2572.44;5.11093;0;0;0.1;0.01;0;4.74204;1;0;-1
0;828;-8.8412;-13.176;31.5898;10.4144;4731.42;6.26203;0;0;0.1;0.01;0;6.59254;0;0;-1
0;829;-7.46751;3.47537;31.9474;9.30981;3379.96;5.59785;0;0;0.1;0.01;0;6.08596;0;0;-1
0;830;-6.85527;20.9988;33.6355;10.0649;4270.88;6.05188;0;0;0.1;0.01;0;5.67514;0;0;-1
0;831;-7.48173;37.8008;34.0844;9.13604;3194.2;5.49337;0;0;0.1;0.01;0;6.14278;0;0;-1
0;832;-5.84755;51.7269;33.692;8.5;2572.44;5.11093;0;0;0.1;0.01;0;5.49206;1;0;-1
0;833;-7.20386;69.7847;32.3979;8.73803;2794.66;5.25405;0;0;0.1;0.01;0;4.34993;0;0;-1
0;834;-6.78006;88.6515;31.1366;8.56897;2635.57;5.1524;0;0;0.1;0.01;0;2.16767;0;0;-1
0;835;8.24971;-89.4376;34.6636;8.757;2812.9;5.26546;0;0;0.1;0.01;0;3.18253;0;0;-1
0;836;7.70491;-74.4761;32.4953;10.4534;4784.77;6.28548;0;0;0.1;0.01;0;7.0322;0;0;-1
0;837;6.34347;-58.9491;31.8231;8.79873;2853.31;5.29055;0;0;0.1;0.01;0;5.10263;0;0;-1
0;838;8.48733;-42.9165;33.2006;10.0561;4259.68;6.04659;0;0;0.1;0.01;0;6.75135;0;0;-1
0;839;6.8653;-23.8797;32.7518;8.90408;2957.03;5.35389;0;0;0.1;0.01;0;4.87988;0;0;-1
0;840;7.21271;-6.04758;33.7215;9.87605;4034.95;5.93833;0;0;0.1;0.01;0;6.05214;0;0;-1
0;841;5.6469;8.78843;34.3844;9.10205;3158.68;5.47293;0;0;0.1;0.01;0;4.74251;0;0;-1
0;842;8.33692;27.8204;31.0449;9.25309;3318.55;5.56375;0;0;0.1;0.01;0;5.15935;0;0;-1
0;843;6.79316;42.8932;30.59;10.1876;4428.99;6.12566;0;0;0.1;0.01;0;6.42097;0;0;-1
0;844;8.63706;61.5743;30.9049;8.68436;2743.48;5.22178;0;0;0.1;0.01;0;4.7568;0;0;-1
0;845;9.12206;78.9327;31.9006;9.46328;3549.88;5.69013;0;0;0.1;0.01;0;4.70547;0;0;-1
0;846;23.1444;-82.6652;33.855;9.93443;4106.93;5.97343;0;0;0.1;0.01;0;4.76649;0;0;-1
0;847;22.6477;-67.9669;33.0066;9.85623;4010.71;5.92641;0;0;0.1;0.01;0;5.40266;0;0;-1
0;848;23.867;-47.734;33.3878;8.90151;2954.47;5.35235;0;0;0.1;0.01;0;5.89518;0;0;-1
0;849;21.1353;-32.2866;32.4691;10.1635;4397.63;6.11117;0;0;0.1;0.01;0;7.03906;0;0;-1
0;850;22.1148;-14.0041;32.2179;10.1553;4386.99;6.10623;0;0;0.1;0.01;0;6.79697;0;0;-1
0;851;22.3377;0.479499;30.9396;8.92445;2977.37;5.36614;0;0;0.1;0.01;0;5.12705;0;0;-1
0;852;23.0036;19.3365;30.4842;9.06881;3124.2;5.45294;0;0;0.1;0.01;0;4.82205;0;0;-1
0;853;22.1113;37.5575;33.9853;9.3486;3422.38;5.62118;0;0;0.1;0.01;0;5.7378;0;0;-1
0;854;23.7959;51.3887;32.5726;9.90615;4071.96;5.95642;0;0;0.1;0.01;0;6.81364;0;0;-1
0;855;22.3274;68.7544;31.0021;8.75237;2808.44;5.26267;0;0;0.1;0.01;0;5.90464;0;0;-1
0;856;20.8578;89.3911;34.2215;9.34689;3420.5;5.62015;0;0;0.1;0.01;0;1.60202;0;0;-1
0;857;35.783;-74.7228;32.7896;8.5;2572.44;5.11093;0;0;0.1;0.01;0;3.42712;1;0;-1
0;858;37.1897;-55.0846;32.8412;9.55435;3653.36;5.74489;0;0;0.1;0.01;0;5.76227;0;0;-1
0;859;35.5731;-38.4151;30.8907;8.5;2572.44;5.11093;0;0;0.1;0.01;0;5.30917;1;0;-1
0;860;37.4983;-21.9795;32.1835;8.5;2572.44;5.11093;0;0;0.1;0.01;0;4.75498;1;0;-1
0;861;35.8982;-4.81169;33.2083;9.17157;3231.62;5.51473;0;0;0.1;0.01;0;5.72626;0;0;-1
0;862;38.7412;9.35478;32.4882;8.59517;2659.82;5.16815;0;0;0.1;0.01;0;4.9152;0;0;-1
0;863;38.1032;25.5641;32.9991;9.81869;3965.06;5.90384;0;0;0.1;0.01;0;5.59478;0;0;-1
0;864;38.3499;43.1641;33.0909;9.76301;3897.98;5.87036;0;0;0.1;0.01;0;6.01988;0;0;-1
0;865;35.3794;61.8615;33.7042;9.76121;3895.83;5.86927;0;0;0.1;0.01;0;6.62571;0;0;-1
0;866;36.8582;77.2504;32.158;10.0224;4217;6.02632;0;0;0.1;0.01;0;5.23641;0;0;-1
0;867;52.8305;-64.6673;31.9348;9.06145;3116.6;5.44852;0;0;0.1;0.01;0;3.97332;0;0;-1
0;868;53.1649;-49.3384;32.1274;9.43641;3519.73;5.67398;0;0;0.1;0.01;0;5.65588;0;0;-1
0;869;52.0698;-33.3866;32.4038;9.52844;3623.71;5.72931;0;0;0.1;0.01;0;6.14001;0;0;-1
0;870;51.5454;-17.3198;31.6005;9.93219;4104.15;5.97208;0;0;0.1;0.01;0;6.3206;0;0;-1
0;871;53.2104;0.913727;33.8736;10.0205;4214.6;6.02518;0;0;0.1;0.01;0;6.86796;0;0;-1
0;872;52.4617;17.8208;33.3863;8.9672;3020.36;5.39185;0;0;0.1;0.01;0;6.01679;0;0;-1
0;873;53.475;38.1453;32.2376;8.9671;3020.26;5.39179;0;0;0.1;0.01;0;6.03797;0;0;-1
0;874;53.2664;53.1806;33.3291;9.60563;3712.5;5.77573;0;0;0.1;0.01;0;6.96924;0;0;-1
0;875;51.4232;68.3288;32.4157;9.14929;3208.12;5.50134;0;0;0.1;0.01;0;4.86823;0;0;-1
0;876;67.2595;-58.0694;32.4282;8.83388;2887.64;5.31168;0;0;0.1;0.01;0;3.29154;0;0;-1
0;877;67.6928;-38.603;31.5477;9.31078;3381.01;5.59844;0;0;0.1;0.01;0;5.34655;0;0;-1
0;878;66.3878;-21.8172;31.9635;9.12977;3187.63;5.4896;0;0;0.1;0.01;0;5.27271;0;0;-1
0;879;66.9429;-4.76828;32.6252;9.85842;4013.38;5.92772;0;0;0.1;0.01;0;5.72556;0;0;-1
0;880;67.2114;10.3565;32.9748;8.94914;3002.15;5.38099;0;0;0.1;0.01;0;6.55142;0;0;-1
0;881;66.2114;28.0126;33.7824;8.61621;2679.4;5.1808;0;0;0.1;0.01;0;5.82144;0;0;-1
0;882;67.3136;45.644;31.0846;9.11558;3172.79;5.48107;0;0;0.1;0.01;0;6.46663;0;0;-1
0;883;67.0135;59.4991;32.0816;9.87652;4035.53;5.93861;0;0;0.1;0.01;0;4.75492;0;0;-1
0;884;79.9406;-30.2571;33.8309;9.91075;4077.63;5.95919;0;0;0.1;0.01;0;4.39894;0;0;-1
0;885;80.1745;-15.9674;30.7203;8.8039;2858.34;5.29366;0;0;0.1;0.01;0;4.50633;0;0;-1
0;886;79.6546;3.68698;33.5508;10.0827;4293.58;6.06258;0;0;0.1;0.01;0;4.94929;0;0;-1
0;887;80.717;19.6995;34.1942;8.73611;2792.82;5.2529;0;0;0.1;0.01;0;3.84875;0;0;-1
0;888;80.5429;33.637;31.924;8.98096;3034.29;5.40012;0;0;0.1;0.01;0;4.25749;0;0;-1
0;889;-86.3544;-6.44406;47.236;9.7781;3916.08;5.87943;0;0;0.1;0.01;0;3.24417;0;0;-1
0;890;-85.6625;9.85751;47.7963;10.4049;4718.48;6.25632;0;0;0.1;0.01;0;3.02186;0;0;-1
0;891;-69.0171;-49.983;48.7973;10.4318;4755.17;6.27249;0;0;0.1;0.01;0;2.88049;0;0;-1
0;892;-69.3948;-33.7493;47.9843;8.5;2572.44;5.11093;0;0;0.1;0.01;0;4.09407;1;0;-1
0;893;-69.3638;-13.3663;47.695;9.91875;4087.52;5.964;0;0;0.1;0.01;0;5.72688;0;0;-1
0;894;-71.5156;0.838701;46.7821;8.91111;2964.04;5.35812;0;0;0.1;0.01;0;5.62152;0;0;-1
0;895;-68.566;18.0385;47.0519;8.75571;2811.66;5.26468;0;0;0.1;0.01;0;3.93435;0;0;-1
0;896;-70.5803;36.4589;49.3628;9.25688;3322.63;5.56603;0;0;0.1;0.01;0;1.72413;0;0;-1
0;897;-56.6338;-59.6065;46.1512;8.92538;2978.3;5.3667;0;0;0.1;0.01;0;4.10155;0;0;-1
0;898;-57.0576;-39.1341;47.6047;9.30218;3371.65;5.59327;0;0;0.1;0.01;0;5.77717;0;0;-1
0;899;-57.0487;-23.2594;47.2516;8.5;2572.44;5.11093;0;0;0.1;0.01;0;5.45222;1;0;-1
0;900;-56.8257;-6.9116;48.8106;9.56046;3660.37;5.74857;0;0;0.1;0.01;0;5.90693;0;0;-1
0;901;-54.5958;12.7554;45.9872;8.6949;2753.48;5.22812;0;0;0.1;0.01;0;4.42025;0;0;-1
0;902;-57.7006;29.739;45.9817;8.5;2572.44;5.11093;0;0;0.1;0.01;0;4.65941;1;0;-1
0;903;-56.2999;45.94;47.0296;8.5;2572.44;5.11093;0;0;0.1;0.01;0;4.46035;1;0;-1
0;904;-54.4405;61.3025;46.4163;8.73256;2789.42;5.25076;0;0;0.1;0.01;0;3.49935;0;0;-1
0;905;-40.6504;-64.3868;45.8777;8.77308;2828.43;5.27513;0;0;0.1;0.01;0;3.66419;0;0;-1
0;906;-40.4037;-50.5799;48.2044;9.14813;3206.9;5.50064;0;0;0.1;0.01;0;5.15976;0;0;-1
0;907;-43.1987;-30.0723;46.0987;10.1709;4407.24;6.11561;0;0;0.1;0.01;0;6.05381;0;0;-1
0;908;-41.505;-14.2974;49.0766;8.5;2572.44;5.11093;0;0;0.1;0.01;0;4.98925;1;0;-1
0;909;-41.6418;0.772581;49.2677;8.65928;2719.78;5.2067;0;0;0.1;0.01;0;4.60109;0;0;-1
0;910;-42.0969;16.7763;48.2731;10.2808;4551.66;6.1817;0;0;0.1;0.01;0;5.92288;0;0;-1
0;911;-42.3286;35.8816;45.2271;8.59133;2656.26;5.16584;0;0;0.1;0.01;0;4.95022;0;0;-1
0;912;-41.2204;53.2409;48.9019;10.1348;4360.48;6.09391;0;0;0.1;0.01;0;6.53664;0;0;-1
0;913;-42.4851;69.722;48.0981;9.85071;4003.97;5.92309;0;0;0.1;0.01;0;4.23865;0;0;-1
0;914;-27.829;-76.7432;46.7406;9.0812;3137.03;5.46039;0;0;0.1;0.01;0;2.96214;0;0;-1
0;915;-26.1668;-55.5075;48.3159;8.59395;2658.69;5.16742;0;0;0.1;0.01;0;5.99587;0;0;-1
0;916;-27.6871;-41.4909;46.5288;9.63897;3751.29;5.79577;0;0;0.1;0.01;0;7.57778;0;0;-1
0;917;-28.0317;-24.2565;49.4412;8.5;2572.44;5.11093;0;0;0.1;0.01;0;4.80467;1;0;-1
0;918;-25.7039;-8.79268;47.3301;8.5;2572.44;5.11093;0;0;0.1;0.01;0;4.6368;1;0;-1
0;919;-26.6747;12.0276;46.5384;9.92574;4096.16;5.9682;0;0;0.1;0.01;0;5.7794;0;0;-1
0;920;-26.9572;29.5816;48.554;10.2075;4454.99;6.13762;0;0;0.1;0.01;0;7.06308;0;0;-1
0;921;-26.3519;45.1524;48.8381;9.22863;3292.31;5.54904;0;0;0.1;0.01;0;6.11889;0;0;-1
0;922;-25.8948;60.8806;46.519;10.3198;4603.65;6.20515;0;0;0.1;0.01;0;6.87341;0;0;-1
0;923;-25.5708;79.3358;48.4997;9.1597;3219.08;5.50759;0;0;0.1;0.01;0;3.17659;0;0;-1
0;924;-12.3617;-80.7909;46.0167;8.874;2927.16;5.33581;0;0;0.1;0.01;0;3.07051;0;0;-1
0;925;-11.8831;-64.6892;47.9664;8.62741;2689.86;5.18754;0;0;0.1;0.01;0;4.45737;0;0;-1
0;926;-13.4921;-47.9742;46.5732;10.3686;4669.27;6.23449;0;0;0.1;0.01;0;7.52073;0;0;-1
0;927;-12.6927;-33.5656;49.1105;10.005;4195.08;6.01586;0;0;0.1;0.01;0;5.88166;0;0;-1
0;928;-11.4159;-13.8842;48.6888;9.93402;4106.42;5.97318;0;0;0.1;0.01;0;6.77286;0;0;-1
0;929;-11.0322;0.268954;46.1064;9.49154;3581.78;5.70713;0;0;0.1;0.01;0;6.6507;0;0;-1
0;930;-13.1746;19.5105;47.8633;10.0132;4205.4;6.02079;0;0;0.1;0.01;0;6.25795;0;0;-1
0;931;-11.257;37.0988;49.0525;8.84922;2902.71;5.32091;0;0;0.1;0.01;0;6.45096;0;0;-1
0;932;-12.2006;52.5446;48.79;9.02879;3083.03;5.42888;0;0;0.1;0.01;0;7.20866;0;0;-1
0;933;-11.7506;69.7932;48.0791;10.1432;4371.33;6.09896;0;0;0.1;0.01;0;5.86767;0;0;-1
0;934;-12.8181;86.6169;47.9948;8.5;2572.44;5.11093;0;0;0.1;0.01;0;1.66593;1;0;-1
0;935;2.05276;-73.1393;45.886;8.5;2572.44;5.11093;0;0;0.1;0.01;0;4.91182;1;0;-1
0;936;1.61137;-59.4364;46.6269;8.99434;3047.87;5.40817;0;0;0.1;0.01;0;5.60904;0;0;-1
0;937;2.35376;-42.2778;46.9547;9.40872;3488.83;5.65733;0;0;0.1;0.01;0;5.65158;0;0;-1
0;938;1.44704;-22.409;48.5089;9.3869;3464.62;5.64421;0;0;0.1;0.01;0;5.82105;0;0;-1
0;939;4.30674;-5.39149;49.0444;9.50215;3593.8;5.7135;0;0;0.1;0.01;0;6.81274;0;0;-1
0;940;3.22621;8.86765;49.2399;9.40384;3483.41;5.65439;0;0;0.1;0.01;0;5.80691;0;0;-1
0;941;1.82703;29.6349;47.3205;8.5;2572.44;5.11093;0;0;0.1;0.01;0;5.04882;1;0;-1
0;942;1.08969;45.5387;47.597;8.53776;2606.88;5.13363;0;0;0.1;0.01;0;6.17229;0;0;-1
0;943;1.48937;60.619;45.6737;9.03964;3094.15;5.4354;0;0;0.1;0.01;0;5.43624;0;0;-1
0;944;4.93421;79.7282;48.6586;10.1102;4328.8;6.07912;0;0;0.1;0.01;0;3.00449;0;0;-1
0;945;18.9275;-84.4731;48.8955;8.82496;2878.9;5.30632;0;0;0.1;0.01;0;1.95354;0;0;-1
0;946;18.2826;-65.9302;46.71;9.13393;3191.99;5.4921;0;0;0.1;0.01;0;4.69379;0;0;-1
0;947;16.9274;-49.4133;46.2834;8.5;2572.44;5.11093;0;0;0.1;0.01;0;4.61447;1;0;-1
0;948;19.3926;-34.3999;45.9322;10.2763;4545.68;6.17899;0;0;0.1;0.01;0;6.56779;0;0;-1
0;949;16.1476;-14.8607;48.4584;9.22523;3288.67;5.547;0;0;0.1;0.01;0;6.34261;0;0;-1
0;950;18.7805;1.8055;48.5201;8.50641;2578.26;5.11478;0;0;0.1;0.01;0;5.65846;0;0;-1
0;951;17.3893;17.4884;46.7745;9.55479;3653.86;5.74516;0;0;0.1;0.01;0;5.2346;0;0;-1
0;952;16.02;36.3988;49.0128;8.5;2572.44;5.11093;0;0;0.1;0.01;0;4.95301;1;0;-1
0;953;19.2408;50.8492;45.5615;9.03341;3087.76;5.43166;0;0;0.1;0.01;0;5.11263;0;0;-1
0;954;17.4167;71.0977;46.7955;9.52319;3617.73;5.72616;0;0;0.1;0.01;0;4.54374;0;0;-1
0;955;33.2072;-74.2747;48.7886;8.9766;3029.87;5.3975;0;0;0.1;0.01;0;3.24428;0;0;-1
0;956;33.1126;-57.1342;47.8312;9.60965;3717.16;5.77814;0;0;0.1;0.01;0;6.04659;0;0;-1
0;957;33.4765;-39.2147;45.8197;9.85133;4004.73;5.92346;0;0;0.1;0.01;0;6.54161;0;0;-1
0;958;30.7981;-22.5114;46.1722;9.98303;4167.5;6.00265;0;0;0.1;0.01;0;6.38884;0;0;-1
0;959;31.9806;-5.04283;47.7738;9.48791;3577.67;5.70494;0;0;0.1;0.01;0;5.83533;0;0;-1
0;960;33.2564;12.0652;47.6399;9.44032;3524.1;5.67633;0;0;0.1;0.01;0;5.47909;0;0;-1
0;961;30.6851;25.7848;46.9772;9.75134;3884.02;5.86334;0;0;0.1;0.01;0;6.52715;0;0;-1
0;962;32.7091;43.2071;48.5168;8.95476;3007.81;5.38437;0;0;0.1;0.01;0;6.11572;0;0;-1
0;963;31.8873;59.3298;48.6126;9.99243;4179.28;6.0083;0;0;0.1;0.01;0;6.93194;0;0;-1
0;964;30.9346;76.2481;47.6985;9.44588;3530.33;5.67967;0;0;0.1;0.01;0;4.12626;0;0;-1
0;965;45.9683;-63.7027;46.5679;8.50235;2574.57;5.11234;0;0;0.1;0.01;0;3.30864;0;0;-1
0;966;46.1744;-47.4709;47.5723;10.2055;4452.37;6.13642;0;0;0.1;0.01;0;6.42951;0;0;-1
0;967;47.6503;-31.4612;46.2939;8.5;2572.44;5.11093;0;0;0.1;0.01;0;5.04361;1;0;-1
0;968;45.2315;-13.9405;49.0322;9.26855;3335.22;5.57304;0;0;0.1;0.01;0;5.88878;0;0;-1
0;969;45.8969;-0.223199;45.374;8.5;2572.44;5.11093;0;0;0.1;0.01;0;5.34634;1;0;-1
0;970;47.717;20.7847;46.8807;10.0206;4214.73;6.02524;0;0;0.1;0.01;0;7.16716;0;0;-1
0;971;45.3046;36.6209;48.5881;9.44979;3534.72;5.68202;0;0;0.1;0.01;0;6.80089;0;0;-1
0;972;46.4697;54.7675;49.101;9.69619;3818.49;5.83018;0;0;0.1;0.01;0;5.882;0;0;-1
0;973;45.6608;72.0059;48.4216;9.86394;4020.13;5.93104;0;0;0.1;0.01;0;3.34222;0;0;-1
0;974;63.7017;-58.7702;46.4838;8.74716;2803.43;5.25954;0;0;0.1;0.01;0;2.38132;0;0;-1
0;975;62.0128;-42.3768;47.647;9.36522;3440.67;5.63117;0;0;0.1;0.01;0;5.04736;0;0;-1
0;976;59.8937;-24.0678;48.5214;8.5;2572.44;5.11093;0;0;0.1;0.01;0;4.86021;1;0;-1
0;977;63.6068;-8.69774;46.8183;10.1425;4370.42;6.09854;0;0;0.1;0.01;0;6.67413;0;0;-1
0;978;60.6634;8.13084;47.1483;9.86993;4027.46;5.93465;0;0;0.1;0.01;0;6.38384;0;0;-1
0;979;61.5249;26.811;46.1144;9.90075;4065.3;5.95318;0;0;0.1;0.01;0;6.42599;0;0;-1
0;980;60.1719;43.6492;46.0408;10.1384;4365.13;6.09607;0;0;0.1;0.01;0;6.24573;0;0;-1
0;981;61.1676;61.002;46.9942;9.12844;3186.24;5.4888;0;0;0.1;0.01;0;3.76117;0;0;-1
0;982;77.2981;-30.3708;48.6451;8.61289;2676.3;5.17881;0;0;0.1;0.01;0;2.6223;0;0;-1
0;983;77.1296;-17.1016;47.7249;8.5;2572.44;5.11093;0;0;0.1;0.01;0;3.16373;1;0;-1
0;984;75.5674;1.82956;46.5498;9.84126;3992.46;5.91741;0;0;0.1;0.01;0;5.04727;0;0;-1
0;985;78.6907;17.3376;48.7978;10.0526;4255.24;6.04448;0;0;0.1;0.01;0;4.18486;0;0;-1
0;986;75.2856;34.6957;45.9221;10.2898;4563.62;6.18711;0;0;0.1;0.01;0;4.4056;0;0;-1
0;987;-65.6094;-30.2907;62.2627;8.57744;2643.39;5.15749;0;0;0.1;0.01;0;3.43661;0;0;-1
0;988;-66.5777;-15.4259;63.5481;8.87947;2932.58;5.3391;0;0;0.1;0.01;0;3.54102;0;0;-1
0;989;-66.6899;0.545729;61.3332;8.52153;2592.04;5.12387;0;0;0.1;0.01;0;3.48159;0;0;-1
0;990;-66.1528;19.5134;63.934;9.60852;3715.85;5.77746;0;0;0.1;0.01;0;3.35451;0;0;-1
0;991;-51.8195;-58.4791;60.4453;9.06277;3117.97;5.44931;0;0;0.1;0.01;0;2.13917;0;0;-1
0;992;-51.4178;-38.7548;63.6255;10.4312;4754.35;6.27213;0;0;0.1;0.01;0;5.19774;0;0;-1
0;993;-50.7447;-24.5002;63.3042;8.99047;3043.94;5.40584;0;0;0.1;0.01;0;6.4125;0;0;-1
0;994;-52.7035;-8.79478;61.3367;8.75928;2815.1;5.26683;0;0;0.1;0.01;0;4.57513;0;0;-1
0;995;-53.4881;10.3274;61.6476;10.3467;4639.75;6.22132;0;0;0.1;0.01;0;5.6036;0;0;-1
0;996;-53.0276;27.1239;62.1091;8.5119;2583.26;5.11808;0;0;0.1;0.01;0;4.04033;0;0;-1
0;997;-51.7537;46.524;61.8033;9.49673;3587.66;5.71025;0;0;0.1;0.01;0;3.02725;0;0;-1
0;998;-36.37;-47.5575;60.5168;9.31429;3384.84;5.60055;0;0;0.1;0.01;0;6.18475;0;0;-1
0;999;-36.9127;-33.1656;64.1648;8.56914;2635.73;5.1525;0;0;0.1;0.01;0;5.89196;0;0;-1
0;1000;-35.4739;-15.652;62.6718;9.77893;3917.08;5.87993;0;0;0.1;0.01;0;6.62115;0;0;-1
0;1001;-36.1636;1.45583;63.967;8.73934;2795.92;5.25484;0;0;0.1;0.01;0;4.87775;0;0;-1
0;1002;-35.0659;19.5905;62.2233;8.80965;2863.94;5.29711;0;0;0.1;0.01;0;5.88868;0;0;-1
0;1003;-35.225;37.0922;60.662;9.96828;4149.06;5.99378;0;0;0.1;0.01;0;6.29206;0;0;-1
0;1004;-38.3065;52.2599;63.8423;9.47991;3568.63;5.70013;0;0;0.1;0.01;0;3.9443;0;0;-1
0;1005;-38.3138;67.9576;60.6962;9.61487;3723.22;5.78128;0;0;0.1;0.01;0;3.18509;0;0;-1
0;1006;-21.32;-73.2329;63.7669;8.5;2572.44;5.11093;0;0;0.1;0.01;0;1.71352;1;0;-1
0;1007;-23.2951;-57.0291;62.2426;10.4;4711.82;6.25337;0;0;0.1;0.01;0;6.18675;0;0;-1
0;1008;-22.2404;-40.8634;61.3906;10.2717;4539.58;6.17622;0;0;0.1;0.01;0;8.02909;0;0;-1
0;1009;-21.3009;-22.7318;63.6616;8.53442;2603.82;5.13162;0;0;0.1;0.01;0;6.24323;0;0;-1
0;1010;-21.9757;-5.56712;62.1302;10.3597;4657.26;6.22914;0;0;0.1;0.01;0;6.43787;0;0;-1
0;1011;-22.123;10.5215;60.848;8.5;2572.44;5.11093;0;0;0.1;0.01;0;3.63246;1;0;-1
0;1012;-23.7867;26.8083;63.5236;9.01866;3072.66;5.42279;0;0;0.1;0.01;0;4.69415;0;0;-1
0;1013;-22.407;44.4763;62.8068;9.87176;4029.7;5.93575;0;0;0.1;0.01;0;6.7725;0;0;-1
0;1014;-21.8338;59.702;60.1745;8.81698;2871.1;5.30152;0;0;0.1;0.01;0;5.43878;0;0;-1
0;1015;-7.87568;-67.6901;60.3477;8.52518;2595.37;5.12607;0;0;0.1;0.01;0;3.89208;0;0;-1
0;1016;-7.86973;-47.7052;63.1325;10.2311;4485.96;6.15181;0;0;0.1;0.01;0;6.71387;0;0;-1
0;1017;-5.56362;-29.8841;63.3958;9.05885;3113.92;5.44696;0;0;0.1;0.01;0;6.57549;0;0;-1
0;1018;-6.85524;-15.3351;60.9683;8.54701;2615.36;5.13919;0;0;0.1;0.01;0;6.62496;0;0;-1
0;1019;-8.78461;0.618036;60.7717;8.5;2572.44;5.11093;0;0;0.1;0.01;0;4.7128;1;0;-1
0;1020;-6.95738;20.8278;60.3912;8.92528;2978.2;5.36664;0;0;0.1;0.01;0;4.61409;0;0;-1
0;1021;-8.83474;36.01;63.5791;9.68264;3802.51;5.82203;0;0;0.1;0.01;0;7.04624;0;0;-1
0;1022;-6.47395;52.1425;61.0316;9.64341;3756.48;5.79844;0;0;0.1;0.01;0;7.58077;0;0;-1
0;1023;-7.43212;67.6724;60.8779;10.3052;4584.14;6.19637;0;0;0.1;0.01;0;4.93437;0;0;-1
0;1024;5.31841;-73.7698;61.9507;8.5;2572.44;5.11093;0;0;0.1;0.01;0;2.23881;1;0;-1
0;1025;6.87448;-57.4057;62.2992;10.176;4413.87;6.11868;0;0;0.1;0.01;0;5.818;0;0;-1
0;1026;7.74382;-39.3472;61.0333;8.5;2572.44;5.11093;0;0;0.1;0.01;0;4.55264;1;0;-1
0;1027;6.38306;-22.6913;62.3472;9.92312;4092.92;5.96663;0;0;0.1;0.01;0;6.71248;0;0;-1
0;1028;9.17532;-6.37427;62.4694;10.2402;4497.94;6.15728;0;0;0.1;0.01;0;6.85683;0;0;-1
0;1029;8.78215;12.1974;62.2464;8.66534;2725.5;5.21034;0;0;0.1;0.01;0;4.78875;0;0;-1
0;1030;7.91854;26.3229;63.4163;8.5;2572.44;5.11093;0;0;0.1;0.01;0;5.49317;1;0;-1
0;1031;7.42106;42.0728;60.0817;10.2988;4575.6;6.19252;0;0;0.1;0.01;0;6.63265;0;0;-1
0;1032;6.64225;63.0854;63.2873;9.3194;3390.41;5.60362;0;0;0.1;0.01;0;4.62315;0;0;-1
0;1033;21.3032;-63.8648;60.9587;8.5;2572.44;5.11093;0;0;0.1;0.01;0;3.70233;1;0;-1
0;1034;23.2545;-50.2974;61.9511;8.5;2572.44;5.11093;0;0;0.1;0.01;0;4.43494;1;0;-1
0;1035;20.9382;-32.3624;61.0312;8.5;2572.44;5.11093;0;0;0.1;0.01;0;3.83275;1;0;-1
0;1036;24.2149;-12.6667;60.363;8.5;2572.44;5.11093;0;0;0.1;0.01;0;5.40648;1;0;-1
0;1037;20.6127;2.95467;61.7782;8.5;2572.44;5.11093;0;0;0.1;0.01;0;5.06508;1;0;-1
0;1038;23.0818;19.7967;63.733;10.3275;4613.96;6.20978;0;0;0.1;0.01;0;7.34226;0;0;-1
0;1039;21.9234;37.8421;63.1519;8.70203;2760.26;5.2324;0;0;0.1;0.01;0;5.68707;0;0;-1
0;1040;21.5779;53.1578;60.4209;8.5;2572.44;5.11093;0;0;0.1;0.01;0;5.29577;1;0;-1
0;1041;22.1338;69.107;61.3884;9.0674;3122.75;5.4521;0;0;0.1;0.01;0;3.39209;0;0;-1
0;1042;34.6676;-59.7323;63.5435;8.5;2572.44;5.11093;0;0;0.1;0.01;0;2.17318;1;0;-1
0;1043;36.1561;-39.3428;62.5774;9.23923;3303.66;5.55541;0;0;0.1;0.01;0;4.51216;0;0;-1
0;1044;38.1846;-22.8132;61.893;8.81792;2872.02;5.30209;0;0;0.1;0.01;0;4.89475;0;0;-1
0;1045;35.7943;-5.05775;62.6096;8.95321;3006.25;5.38344;0;0;0.1;0.01;0;4.80257;0;0;-1
0;1046;38.2689;12.2867;61.3836;9.45337;3538.74;5.68417;0;0;0.1;0.01;0;5.64742;0;0;-1
0;1047;37.9527;26.2104;60.2516;8.5;2572.44;5.11093;0;0;0.1;0.01;0;6.73246;1;0;-1
0;1048;35.5212;43.3584;63.5232;9.23679;3301.05;5.55395;0;0;0.1;0.01;0;5.62874;0;0;-1
0;1049;38.6617;60.475;63.382;9.72555;3853.28;5.84783;0;0;0.1;0.01;0;3.94703;0;0;-1
0;1050;53.4576;-48.7329;61.7454;9.52246;3616.9;5.72572;0;0;0.1;0.01;0;3.22447;0;0;-1
0;1051;50.366;-33.3928;60.8839;8.5;2572.44;5.11093;0;0;0.1;0.01;0;4.87515;1;0;-1
0;1052;51.0273;-15.2808;62.1414;9.58171;3684.83;5.76134;0;0;0.1;0.01;0;5.69941;0;0;-1
0;1053;50.0409;0.795744;62.702;8.5;2572.44;5.11093;0;0;0.1;0.01;0;4.12987;1;0;-1
0;1054;50.5535;20.6968;60.9266;8.5;2572.44;5.11093;0;0;0.1;0.01;0;5.72471;1;0;-1
0;1055;50.8711;34.8021;61.8176;9.8158;3961.56;5.9021;0;0;0.1;0.01;0;6.01835;0;0;-1
0;1056;53.6963;53.0102;62.7336;10.1404;4367.71;6.09728;0;0;0.1;0.01;0;3.14191;0;0;-1
0;1057;67.0788;-40.8594;60.8962;10.4293;4751.76;6.27099;0;0;0.1;0.01;0;2.85196;0;0;-1
0;1058;64.4553;-21.516;62.1395;8.5;2572.44;5.11093;0;0;0.1;0.01;0;2.95885;1;0;-1
0;1059;64.4392;-5.4401;61.8722;8.5;2572.44;5.11093;0;0;0.1;0.01;0;4.08202;1;0;-1
0;1060;66.7716;9.19857;60.6554;9.7064;3830.57;5.83632;0;0;0.1;0.01;0;3.28748;0;0;-1
0;1061;65.1719;25.0314;60.163;8.80062;2855.15;5.29169;0;0;0.1;0.01;0;2.81997;0;0;-1
0;1062;-54.422;-23.7654;75.9857;9.34551;3418.99;5.61932;0;0;0.1;0.01;0;3.60276;0;0;-1
0;1063;-56.5144;-4.69841;78.7091;8.5;2572.44;5.11093;0;0;0.1;0.01;0;1.66118;1;0;-1
0;1064;-54.9455;10.6815;76.2437;9.32397;3395.4;5.60637;0;0;0.1;0.01;0;3.90472;0;0;-1
0;1065;-56.4417;29.7265;75.0166;10.447;4775.99;6.28163;0;0;0.1;0.01;0;3.23424;0;0;-1
0;1066;-40.03;-48.9634;77.0273;8.5;2572.44;5.11093;0;0;0.1;0.01;0;2.24424;1;0;-1
0;1067;-42.2508;-30.797;77.7937;8.79456;2849.25;5.28804;0;0;0.1;0.01;0;4.74876;0;0;-1
0;1068;-40.3984;-15.9247;75.0971;9.98709;4172.59;6.00509;0;0;0.1;0.01;0;6.54583;0;0;-1
0;1069;-40.4519;2.8705;77.946;9.51488;3608.27;5.72116;0;0;0.1;0.01;0;5.73175;0;0;-1
0;1070;-41.6314;17.7791;74.6424;8.54694;2615.29;5.13915;0;0;0.1;0.01;0;5.55096;0;0;-1
0;1071;-39.3202;33.6814;76.4777;9.87209;4030.1;5.93594;0;0;0.1;0.01;0;4.14328;0;0;-1
0;1072;-24.3888;-55.1624;76.9381;9.73996;3870.44;5.8565;0;0;0.1;0.01;0;3.46891;0;0;-1
0;1073;-26.2699;-40.8441;74.9478;9.02504;3079.19;5.42663;0;0;0.1;0.01;0;5.50526;0;0;-1
0;1074;-27.468;-23.1552;76.5367;10.0637;4269.35;6.05116;0;0;0.1;0.01;0;7.01297;0;0;-1
0;1075;-27.2509;-4.51691;77.9009;9.34698;3420.6;5.6202;0;0;0.1;0.01;0;6.55081;0;0;-1
0;1076;-24.9811;12.2899;77.0414;9.04555;3100.23;5.43896;0;0;0.1;0.01;0;5.77546;0;0;-1
0;1077;-25.786;26.5315;77.3006;9.31413;3384.66;5.60045;0;0;0.1;0.01;0;5.89734;0;0;-1
0;1078;-25.3413;43.726;77.7679;9.28589;3353.97;5.58347;0;0;0.1;0.01;0;3.80687;0;0;-1
0;1079;-10.067;-47.8111;76.4045;8.80812;2862.45;5.29619;0;0;0.1;0.01;0;4.92367;0;0;-1
0;1080;-12.4508;-31.1436;76.4182;10.2266;4480.05;6.14911;0;0;0.1;0.01;0;7.47906;0;0;-1
0;1081;-12.8025;-16.1731;74.6154;9.40462;3484.27;5.65486;0;0;0.1;0.01;0;7.35154;0;0;-1
0;1082;-13.5666;0.327039;78.4995;10.2202;4471.64;6.14526;0;0;0.1;0.01;0;6.5945;0;0;-1
0;1083;-11.48;20.5758;78.3231;8.95194;3004.97;5.38267;0;0;0.1;0.01;0;5.81148;0;0;-1
0;1084;-10.8869;36.5066;76.7802;10.0821;4292.81;6.06222;0;0;0.1;0.01;0;7.27579;0;0;-1
0;1085;-11.9903;51.5947;76.3116;9.93362;4105.93;5.97294;0;0;0.1;0.01;0;4.78276;0;0;-1
0;1086;3.54456;-58.8445;76.6006;10.3992;4710.73;6.25289;0;0;0.1;0.01;0;3.37291;0;0;-1
0;1087;1.37892;-42.2281;78.4842;8.5;2572.44;5.11093;0;0;0.1;0.01;0;4.97634;1;0;-1
0;1088;4.77049;-23.2443;76.3331;10.0445;4244.96;6.03961;0;0;0.1;0.01;0;6.80776;0;0;-1
0;1089;1.30164;-7.59256;78.2464;9.92445;4094.57;5.96743;0;0;0.1;0.01;0;6.26743;0;0;-1
0;1090;3.27332;11.4158;77.6323;8.90179;2954.75;5.35252;0;0;0.1;0.01;0;4.54074;0;0;-1
0;1091;1.50441;27.3592;77.7807;9.65841;3774.03;5.80746;0;0;0.1;0.01;0;7.23939;0;0;-1
0;1092;2.53874;42.4952;76.4706;10.3015;4579.2;6.19414;0;0;0.1;0.01;0;6.33596;0;0;-1
0;1093;4.04503;61.3681;76.5679;9.70352;3827.16;5.83459;0;0;0.1;0.01;0;3.2915;0;0;-1
0;1094;16.4748;-49.598;74.988;8.82222;2876.22;5.30467;0;0;0.1;0.01;0;3.51584;0;0;-1
0;1095;17.4673;-30.7379;77.8458;9.94785;4123.6;5.9815;0;0;0.1;0.01;0;6.04506;0;0;-1
0;1096;18.4958;-13.1227;74.6069;9.11763;3174.93;5.4823;0;0;0.1;0.01;0;6.14162;0;0;-1
0;1097;16.7255;3.3431;76.3073;8.78297;2838;5.28107;0;0;0.1;0.01;0;5.2527;0;0;-1
0;1098;18.4068;20.1269;76.7569;8.5;2572.44;5.11093;0;0;0.1;0.01;0;5.81345;1;0;-1
0;1099;18.6057;33.9781;76.0111;10.0972;4312.13;6.0713;0;0;0.1;0.01;0;7.30726;0;0;-1
0;1100;18.5677;54.4258;76.1445;9.59276;3697.6;5.76799;0;0;0.1;0.01;0;3.60083;0;0;-1
0;1101;32.5498;-40.2011;76.4288;10.1849;4425.47;6.12403;0;0;0.1;0.01;0;3.81379;0;0;-1
0;1102;31.2452;-22.9451;78.55;10.1291;4353.13;6.09048;0;0;0.1;0.01;0;5.58321;0;0;-1
0;1103;31.1802;-5.98673;77.3411;8.5572;2624.72;5.14532;0;0;0.1;0.01;0;5.20084;0;0;-1
0;1104;32.3724;11.7448;76.1732;9.07028;3125.72;5.45383;0;0;0.1;0.01;0;4.46417;0;0;-1
0;1105;34.5182;28.4068;76.6459;10.3011;4578.67;6.1939;0;0;0.1;0.01;0;5.87576;0;0;-1
0;1106;30.9547;46.4955;78.1585;10.3268;4613.03;6.20935;0;0;0.1;0.01;0;4.1695;0;0;-1
0;1107;49.0831;-30.3953;78.6683;9.26179;3327.92;5.56898;0;0;0.1;0.01;0;1.69081;0;0;-1
0;1108;45.4467;-13.8841;75.3031;8.5304;2600.14;5.12921;0;0;0.1;0.01;0;4.76323;0;0;-1
0;1109;47.4404;0.398933;77.9831;8.55106;2619.08;5.14163;0;0;0.1;0.01;0;3.45471;0;0;-1
0;1110;48.3199;20.0354;74.9194;9.58572;3689.46;5.76375;0;0;0.1;0.01;0;3.87038;0;0;-1
0;1111;49.0115;36.2354;77.4622;8.5;2572.44;5.11093;0;0;0.1;0.01;0;2.34198;1;0;-1
0;1112;60.4351;-6.10433;78.4374;8.5;2572.44;5.11093;0;0;0.1;0.01;0;1.59826;1;0;-1
0;1113;-36.2704;-15.7319;89.6415;9.8315;3980.59;5.91154;0;0;0.1;0.01;0;4.24592;0;0;-1
0;1114;-36.4142;1.56641;91.2352;8.5;2572.44;5.11093;0;0;0.1;0.01;0;3.92267;1;0;-1
0;1115;-38.4487;16.9514;89.8857;10.0141;4206.53;6.02133;0;0;0.1;0.01;0;3.77035;0;0;-1
0;1116;-21.1032;-24.4716;90.0476;10.4526;4783.67;6.285;0;0;0.1;0.01;0;4.94994;0;0;-1
0;1117;-23.4158;-6.36265;93.0765;10.0382;4236.98;6.03582;0;0;0.1;0.01;0;4.5404;0;0;-1
0;1118;-22.7358;11.6922;89.7638;8.5;2572.44;5.11093;0;0;0.1;0.01;0;4.56614;1;0;-1
0;1119;-21.6285;27.635;93.378;10.1704;4406.59;6.11531;0;0;0.1;0.01;0;3.63777;0;0;-1
0;1120;-7.47719;-31.4719;90.7913;9.99572;4183.41;6.01028;0;0;0.1;0.01;0;4.74765;0;0;-1
0;1121;-8.53284;-14.01;89.4424;9.49792;3589.01;5.71096;0;0;0.1;0.01;0;6.43356;0;0;-1
0;1122;-6.51406;1.18273;92.6638;9.92513;4095.41;5.96784;0;0;0.1;0.01;0;5.31184;0;0;-1
0;1123;-5.80758;19.1309;93.3181;10.3778;4681.71;6.24002;0;0;0.1;0.01;0;5.37843;0;0;-1
0;1124;-7.61259;35.0384;92.3651;8.5;2572.44;5.11093;0;0;0.1;0.01;0;3.70906;1;0;-1
0;1125;5.41899;-38.5675;92.1455;8.64182;2703.36;5.1962;0;0;0.1;0.01;0;2.77367;0;0;-1
0;1126;6.63451;-23.3671;92.1251;9.97299;4154.94;5.99661;0;0;0.1;0.01;0;4.8588;0;0;-1
0;1127;7.32799;-5.04148;91.6093;9.76217;3896.98;5.86985;0;0;0.1;0.01;0;4.37006;0;0;-1
0;1128;6.66804;10.806;91.2134;9.29955;3368.79;5.59168;0;0;0.1;0.01;0;4.12453;0;0;-1
0;1129;6.09474;28.7493;90.0562;9.47028;3557.76;5.69434;0;0;0.1;0.01;0;5.33524;0;0;-1
0;1130;23.7567;-31.9712;89.8594;8.5;2572.44;5.11093;0;0;0.1;0.01;0;2.94874;1;0;-1
0;1131;20.7066;-13.4754;89.3551;8.96289;3016.01;5.38926;0;0;0.1;0.01;0;4.82299;0;0;-1
0;1132;22.7936;0.121144;90.1666;8.56343;2630.46;5.14907;0;0;0.1;0.01;0;3.46886;0;0;-1
0;1133;20.0064;20.82;90.9639;8.88242;2935.5;5.34087;0;0;0.1;0.01;0;3.25204;0;0;-1
0;1134;20.888;36.72;90.3449;8.61361;2676.97;5.17924;0;0;0.1;0.01;0;2.71766;0;0;-1
0;1135;37.3227;-7.80866;89.7321;9.767;3902.76;5.87276;0;0;0.1;0.01;0;3.63572;0;0;-1
0;1136;35.4277;9.72455;91.1679;8.5238;2594.11;5.12524;0;0;0.1;0.01;0;1.96323;0;0;-1
