Time;ID;x;y;z;radius;volume_total;radius_nuclear;contact_ECM;freezer;polarized_fraction;motility;cell_line;Cell_cell;phase;Cycle;NFkB
0;0;-51.3188;-4.61205;-83.4214;8.5;2572.44;5.11093;0;0;0.1;0.01;0;2.6452;1;0;-1
0;1;-37.4346;-33.3437;-84.684;9.8791;4038.69;5.94016;0;0;0.1;0.01;0;2.67526;0;0;-1
0;2;-37.6567;-13.8275;-86.4803;8.5;2572.44;5.11093;0;0;0.1;0.01;0;2.65309;1;0;-1
0;3;-38.5085;0.469376;-85.5927;8.93259;2985.53;5.37104;0;0;0.1;0.01;0;2.49637;0;0;-1
0;4;-35.4903;20.6051;-84.3353;10.0373;4235.84;6.03528;0;0;0.1;0.01;0;3.0546;0;0;-1
0;5;-21.7999;-40.6284;-87.2564;9.31441;3384.97;5.60062;0;0;0.1;0.01;0;2.8087;0;0;-1
0;6;-20.5442;-22.4;-85.925;8.72424;2781.45;5.24576;0;0;0.1;0.01;0;4.24159;0;0;-1
0;7;-21.0334;-8.417;-84.5108;8.68751;2746.47;5.22367;0;0;0.1;0.01;0;4.10706;0;0;-1
0;8;-20.3056;10.7185;-85.9737;8.9461;2999.09;5.37916;0;0;0.1;0.01;0;3.39511;0;0;-1
0;9;-22.2994;28.759;-84.0033;9.1147;3171.87;5.48054;0;0;0.1;0.01;0;3.81373;0;0;-1
0;10;-8.84486;-49.3335;-83.4176;10.3831;4688.89;6.24321;0;0;0.1;0.01;0;3.60863;0;0;-1
0;11;-7.09366;-30.7498;-87.167;9.25676;3322.5;5.56596;0;0;0.1;0.01;0;4.75272;0;0;-1
0;12;-6.80595;-16.6174;-86.2516;8.92614;2979.06;5.36716;0;0;0.1;0.01;0;5.07856;0;0;-1
0;13;-6.59282;0.142286;-85.514;10.1914;4433.94;6.12794;0;0;0.1;0.01;0;5.01988;0;0;-1
0;14;-7.5657;20.0316;-83.7602;10.1998;4444.92;6.13299;0;0;0.1;0.01;0;5.00665;0;0;-1
0;15;-7.67925;38.2932;-83.9307;9.71243;3837.71;5.83994;0;0;0.1;0.01;0;3.32077;0;0;-1
0;16;7.44471;-40.8713;-85.9529;10.0896;4302.4;6.06673;0;0;0.1;0.01;0;4.84704;0;0;-1
0;17;6.40388;-24.2356;-83.4863;10.0954;4309.82;6.07022;0;0;0.1;0.01;0;6.03754;0;0;-1
0;18;8.72471;-6.01972;-85.835;8.76963;2825.09;5.27305;0;0;0.1;0.01;0;3.89433;0;0;-1
0;19;6.47805;10.935;-86.7538;8.73724;2793.9;5.25358;0;0;0.1;0.01;0;2.66908;0;0;-1
0;20;7.75313;27.7526;-87.3889;8.84193;2895.54;5.31652;0;0;0.1;0.01;0;3.18439;0;0;-1
0;21;8.87714;45.3847;-83.5809;10.2972;4573.47;6.19156;0;0;0.1;0.01;0;3.80114;0;0;-1
0;22;20.2424;-49.1546;-84.4968;9.44966;3534.57;5.68194;0;0;0.1;0.01;0;3.23438;0;0;-1
0;23;23.3387;-34.0355;-86.664;10.0918;4305.21;6.06805;0;0;0.1;0.01;0;5.12263;0;0;-1
0;24;20.6078;-15.7213;-84.9675;8.5;2572.44;5.11093;0;0;0.1;0.01;0;3.28093;1;0;-1
0;25;22.4769;3.45115;-86.8668;8.58914;2654.22;5.16453;0;0;0.1;0.01;0;3.59145;0;0;-1
0;26;23.6303;20.3961;-84.4862;8.88816;2941.2;5.34432;0;0;0.1;0.01;0;4.47667;0;0;-1
0;27;23.5485;37.7404;-84.8617;9.8457;3997.87;5.92008;0;0;0.1;0.01;0;3.69379;0;0;-1
0;28;36.3553;-40.1936;-83.6451;9.99562;4183.29;6.01022;0;0;0.1;0.01;0;3.76932;0;0;-1
0;29;35.473;-25.5445;-86.1232;8.5;2572.44;5.11093;0;0;0.1;0.01;0;3.01514;1;0;-1
0;30;37.2095;-5.59612;-85.2983;10.2046;4451.19;6.13588;0;0;0.1;0.01;0;2.53043;0;0;-1
0;31;36.5579;10.858;-83.9719;10.2277;4481.49;6.14977;0;0;0.1;0.01;0;3.93889;0;0;-1
0;32;37.5885;26.9802;-83.9279;10.0868;4298.82;6.06505;0;0;0.1;0.01;0;4.35868;0;0;-1
0;33;-70.5273;-14.7634;-69.3751;9.3986;3477.59;5.65124;0;0;0.1;0.01;0;2.28092;0;0;-1
0;34;-57.8106;-39.4495;-71.3444;9.97762;4160.73;5.9994;0;0;0.1;0.01;0;3.10623;0;0;-1
0;35;-56.6669;-25.1907;-72.4944;9.30194;3371.39;5.59312;0;0;0.1;0.01;0;3.99594;0;0;-1
0;36;-54.764;-8.89421;-70.8532;8.5;2572.44;5.11093;0;0;0.1;0.01;0;4.50353;1;0;-1
0;37;-56.293;9.85427;-69.7927;10.3383;4628.45;6.21627;0;0;0.1;0.01;0;3.50772;0;0;-1
0;38;-57.7887;28.475;-71.5058;8.5;2572.44;5.11093;0;0;0.1;0.01;0;2.15617;1;0;-1
0;39;-54.6552;46.9006;-68.5849;9.52835;3623.61;5.72926;0;0;0.1;0.01;0;3.23921;0;0;-1
0;40;-41.5494;-51.315;-72.6782;9.08313;3139.03;5.46155;0;0;0.1;0.01;0;2.11202;0;0;-1
0;41;-41.3962;-30.4532;-70.9864;9.44447;3528.75;5.67882;0;0;0.1;0.01;0;5.73861;0;0;-1
0;42;-42.2319;-16.6242;-69.6699;10.4347;4759.14;6.27423;0;0;0.1;0.01;0;6.85691;0;0;-1
0;43;-39.4078;1.7338;-69.0969;8.5;2572.44;5.11093;0;0;0.1;0.01;0;4.22093;1;0;-1
0;44;-42.3638;16.7625;-69.0655;8.5;2572.44;5.11093;0;0;0.1;0.01;0;5.51301;1;0;-1
0;45;-42.421;34.2527;-69.8667;9.48534;3574.76;5.7034;0;0;0.1;0.01;0;5.21261;0;0;-1
0;46;-41.2129;53.461;-69.4127;8.5;2572.44;5.11093;0;0;0.1;0.01;0;3.80515;1;0;-1
0;47;-26.5827;-57.1974;-70.3622;8.69547;2754.02;5.22846;0;0;0.1;0.01;0;4.0246;0;0;-1
0;48;-28.5604;-42.5895;-68.4936;10.4235;4743.83;6.2675;0;0;0.1;0.01;0;6.38801;0;0;-1
0;49;-26.2494;-24.7409;-70.68;8.78999;2844.81;5.28529;0;0;0.1;0.01;0;5.81378;0;0;-1
0;50;-24.7318;-8.81311;-71.8626;8.5;2572.44;5.11093;0;0;0.1;0.01;0;4.47612;1;0;-1
0;51;-26.8773;11.1053;-69.6546;9.33999;3412.93;5.616;0;0;0.1;0.01;0;5.35142;0;0;-1
0;52;-26.0047;26.9268;-69.2366;10.0291;4225.46;6.03035;0;0;0.1;0.01;0;6.56943;0;0;-1
0;53;-27.6129;43.7369;-70.672;9.33376;3406.11;5.61225;0;0;0.1;0.01;0;4.60084;0;0;-1
0;54;-27.1649;62.1944;-69.8066;9.79464;3935.99;5.88937;0;0;0.1;0.01;0;3.74017;0;0;-1
0;55;-13.5723;-63.8505;-69.0159;9.87774;4037.02;5.93934;0;0;0.1;0.01;0;4.0409;0;0;-1
0;56;-13.8228;-48.1352;-68.3394;8.5;2572.44;5.11093;0;0;0.1;0.01;0;5.72132;1;0;-1
0;57;-11.3471;-31.1885;-72.6134;8.91585;2968.77;5.36097;0;0;0.1;0.01;0;5.09947;0;0;-1
0;58;-12.6958;-15.0505;-70.968;9.29638;3365.35;5.58978;0;0;0.1;0.01;0;6.58852;0;0;-1
0;59;-9.95147;1.96492;-71.7769;9.45092;3535.99;5.6827;0;0;0.1;0.01;0;5.80953;0;0;-1
0;60;-11.6487;16.589;-70.1487;8.82064;2874.68;5.30372;0;0;0.1;0.01;0;5.34747;0;0;-1
0;61;-11.8828;36.6283;-70.9274;9.09843;3154.92;5.47075;0;0;0.1;0.01;0;4.65175;0;0;-1
0;62;-10.7503;55.084;-70.3579;9.75011;3882.55;5.8626;0;0;0.1;0.01;0;3.31354;0;0;-1
0;63;2.17968;-56.2437;-69.0645;9.01971;3073.73;5.42342;0;0;0.1;0.01;0;4.73786;0;0;-1
0;64;3.94171;-40.1501;-72.0491;8.76763;2823.16;5.27185;0;0;0.1;0.01;0;5.19877;0;0;-1
0;65;2.71917;-22.8956;-68.4999;10.2393;4496.76;6.15674;0;0;0.1;0.01;0;7.07127;0;0;-1
0;66;4.34028;-7.97793;-72.0192;9.90275;4067.77;5.95438;0;0;0.1;0.01;0;6.59605;0;0;-1
0;67;2.35201;10.1687;-69.2151;8.5;2572.44;5.11093;0;0;0.1;0.01;0;4.96796;1;0;-1
0;68;4.40106;26.7919;-69.6886;8.5;2572.44;5.11093;0;0;0.1;0.01;0;4.49211;1;0;-1
0;69;4.43726;45.7946;-70.5488;9.40266;3482.1;5.65368;0;0;0.1;0.01;0;6.07068;0;0;-1
0;70;3.50665;63.7175;-70.1515;9.87208;4030.09;5.93594;0;0;0.1;0.01;0;3.4523;0;0;-1
0;71;16.3319;-66.2657;-69.8979;9.33398;3406.35;5.61239;0;0;0.1;0.01;0;2.89234;0;0;-1
0;72;15.9677;-47.1688;-70.9238;8.71329;2770.99;5.23917;0;0;0.1;0.01;0;4.75243;0;0;-1
0;73;19.2605;-30.2042;-70.8766;10.2304;4485.04;6.15139;0;0;0.1;0.01;0;6.88924;0;0;-1
0;74;16.4095;-14.0896;-69.2281;8.5;2572.44;5.11093;0;0;0.1;0.01;0;6.69986;1;0;-1
0;75;16.9964;1.2233;-71.3286;9.24351;3308.26;5.55799;0;0;0.1;0.01;0;5.44186;0;0;-1
0;76;16.0022;18.2042;-69.2088;8.72477;2781.96;5.24608;0;0;0.1;0.01;0;4.98726;0;0;-1
0;77;17.3095;35.4457;-70.6386;9.03495;3089.34;5.43258;0;0;0.1;0.01;0;5.48739;0;0;-1
0;78;19.4563;55.0737;-70.2807;10.194;4437.34;6.1295;0;0;0.1;0.01;0;4.06567;0;0;-1
0;79;31.0832;-57.7946;-69.4704;8.5;2572.44;5.11093;0;0;0.1;0.01;0;3.3605;1;0;-1
0;80;31.7637;-38.5272;-68.4301;9.87873;4038.24;5.93994;0;0;0.1;0.01;0;6.27498;0;0;-1
0;81;32.0169;-21.8252;-69.6512;8.5;2572.44;5.11093;0;0;0.1;0.01;0;4.9341;1;0;-1
0;82;33.3353;-6.34184;-68.804;9.53103;3626.67;5.73087;0;0;0.1;0.01;0;5.57182;0;0;-1
0;83;30.5729;12.4389;-71.3022;9.73152;3860.39;5.85142;0;0;0.1;0.01;0;6.45257;0;0;-1
0;84;33.6238;28.6014;-68.5215;10.0382;4236.98;6.03582;0;0;0.1;0.01;0;6.88661;0;0;-1
0;85;34.0091;43.7469;-71.97;8.5;2572.44;5.11093;0;0;0.1;0.01;0;4.23404;1;0;-1
0;86;46.3646;-51.2931;-68.909;9.61922;3728.28;5.7839;0;0;0.1;0.01;0;2.75961;0;0;-1
0;87;45.9815;-30.4805;-71.9436;9.01313;3067.01;5.41946;0;0;0.1;0.01;0;4.33481;0;0;-1
0;88;47.5564;-13.4226;-72.0015;9.9526;4129.51;5.98435;0;0;0.1;0.01;0;4.86502;0;0;-1
0;89;45.3278;1.65171;-69.0615;8.5;2572.44;5.11093;0;0;0.1;0.01;0;5.76282;1;0;-1
0;90;47.3066;17.1287;-68.9573;10.3912;4699.87;6.24808;0;0;0.1;0.01;0;6.3827;0;0;-1
0;91;48.9723;36.8814;-71.9534;10.2103;4458.66;6.13931;0;0;0.1;0.01;0;3.53352;0;0;-1
0;92;46.7022;54.1094;-68.998;8.5;2572.44;5.11093;0;0;0.1;0.01;0;2.53874;1;0;-1
0;93;60.0243;-25.6689;-72.0469;10.0688;4275.84;6.05422;0;0;0.1;0.01;0;2.75356;0;0;-1
0;94;62.5661;-5.6063;-71.9206;8.73835;2794.97;5.25424;0;0;0.1;0.01;0;2.33485;0;0;-1
0;95;61.3306;9.87403;-68.8404;9.81409;3959.49;5.90107;0;0;0.1;0.01;0;3.63323;0;0;-1
0;96;-80.3943;-8.31341;-55.4116;9.69228;3813.88;5.82783;0;0;0.1;0.01;0;2.96066;0;0;-1
0;97;-80.1265;12.4609;-54.3326;8.7296;2786.58;5.24898;0;0;0.1;0.01;0;2.6131;0;0;-1
0;98;-65.7582;-48.4245;-54.2753;10.1245;4347.2;6.08771;0;0;0.1;0.01;0;4.67896;0;0;-1
0;99;-67.7027;-33.8766;-55.408;8.95215;3005.18;5.3828;0;0;0.1;0.01;0;3.30417;0;0;-1
0;100;-65.5526;-12.6498;-56.3772;8.50736;2579.13;5.11535;0;0;0.1;0.01;0;4.00028;0;0;-1
0;101;-64.597;1.73703;-53.963;9.72048;3847.26;5.84478;0;0;0.1;0.01;0;5.33492;0;0;-1
0;102;-68.0104;19.6425;-57.7791;8.68328;2742.46;5.22113;0;0;0.1;0.01;0;3.53535;0;0;-1
0;103;-66.4451;35.4383;-55.5447;8.5;2572.44;5.11093;0;0;0.1;0.01;0;3.4924;1;0;-1
0;104;-52.2497;-59.3419;-54.8741;9.7421;3872.99;5.85778;0;0;0.1;0.01;0;4.06069;0;0;-1
0;105;-52.9118;-42.3683;-57.5584;8.54632;2614.73;5.13878;0;0;0.1;0.01;0;4.59339;0;0;-1
0;106;-51.3191;-24.6976;-57.8075;8.5;2572.44;5.11093;0;0;0.1;0.01;0;4.57089;1;0;-1
0;107;-49.861;-4.79397;-57.1243;9.83619;3986.29;5.91436;0;0;0.1;0.01;0;6.4212;0;0;-1
0;108;-51.7453;12.0418;-54.3859;9.7551;3888.52;5.8656;0;0;0.1;0.01;0;7.06125;0;0;-1
0;109;-51.0346;27.855;-57.8132;10.3779;4681.85;6.24008;0;0;0.1;0.01;0;6.92778;0;0;-1
0;110;-52.1458;44.8054;-54.0109;9.75705;3890.85;5.86677;0;0;0.1;0.01;0;6.19808;0;0;-1
0;111;-50.5777;59.7327;-54.4368;10.0947;4308.92;6.0698;0;0;0.1;0.01;0;5.14966;0;0;-1
0;112;-38.6624;-66.5815;-56.3489;9.78686;3926.62;5.8847;0;0;0.1;0.01;0;4.10149;0;0;-1
0;113;-38.3713;-51.0451;-54.5672;9.22818;3291.83;5.54877;0;0;0.1;0.01;0;5.19183;0;0;-1
0;114;-36.556;-31.2267;-56.2468;9.62245;3732.03;5.78584;0;0;0.1;0.01;0;6.18211;0;0;-1
0;115;-36.5247;-14.8556;-55.7958;10.2702;4537.59;6.17532;0;0;0.1;0.01;0;6.81699;0;0;-1
0;116;-37.7522;2.43799;-54.3782;8.98033;3033.65;5.39974;0;0;0.1;0.01;0;5.52212;0;0;-1
0;117;-36.0805;20.9955;-57.0224;10.2728;4541.04;6.17689;0;0;0.1;0.01;0;7.53956;0;0;-1
0;118;-35.2036;36.6544;-55.0679;8.75833;2814.18;5.26626;0;0;0.1;0.01;0;6.65366;0;0;-1
0;119;-36.9988;51.2821;-56.508;10.0445;4244.96;6.03961;0;0;0.1;0.01;0;6.94565;0;0;-1
0;120;-35.9265;70.3127;-57.9328;10.4064;4720.52;6.25722;0;0;0.1;0.01;0;4.27258;0;0;-1
0;121;-23.9297;-76.0228;-57.3331;9.56038;3660.28;5.74852;0;0;0.1;0.01;0;3.14296;0;0;-1
0;122;-21.831;-56.2142;-56.4062;9.42137;3502.92;5.66493;0;0;0.1;0.01;0;6.511;0;0;-1
0;123;-21.0905;-40.4622;-54.8477;10.0066;4197.09;6.01682;0;0;0.1;0.01;0;6.98239;0;0;-1
0;124;-23.6227;-22.5413;-56.7396;9.91108;4078.04;5.95939;0;0;0.1;0.01;0;6.87572;0;0;-1
0;125;-21.5803;-7.15165;-56.3434;8.98657;3039.98;5.40349;0;0;0.1;0.01;0;5.63058;0;0;-1
0;126;-22.4066;9.00095;-55.9872;9.44496;3529.3;5.67912;0;0;0.1;0.01;0;4.80139;0;0;-1
0;127;-21.4043;25.5945;-55.5854;8.61865;2681.68;5.18227;0;0;0.1;0.01;0;5.26516;0;0;-1
0;128;-21.7802;42.3101;-56.7034;8.5;2572.44;5.11093;0;0;0.1;0.01;0;5.12255;1;0;-1
0;129;-22.1157;63.2048;-54.4594;10.3642;4663.33;6.23184;0;0;0.1;0.01;0;7.13727;0;0;-1
0;130;-22.0234;77.9744;-57.0154;9.14647;3205.16;5.49964;0;0;0.1;0.01;0;3.52662;0;0;-1
0;131;-9.28135;-80.786;-56.003;8.5;2572.44;5.11093;0;0;0.1;0.01;0;2.47157;1;0;-1
0;132;-5.7693;-65.6693;-55.7441;9.0412;3095.76;5.43634;0;0;0.1;0.01;0;4.74592;0;0;-1
0;133;-6.23371;-47.1137;-55.1227;9.62786;3738.33;5.78909;0;0;0.1;0.01;0;5.88223;0;0;-1
0;134;-8.771;-29.923;-54.6147;9.80216;3945.06;5.8939;0;0;0.1;0.01;0;5.57473;0;0;-1
0;135;-8.94283;-14.1417;-55.4231;8.61231;2675.76;5.17846;0;0;0.1;0.01;0;5.84072;0;0;-1
0;136;-7.0677;0.371775;-56.7196;8.5;2572.44;5.11093;0;0;0.1;0.01;0;5.3389;1;0;-1
0;137;-5.92509;20.993;-55.1514;10.3787;4682.93;6.24056;0;0;0.1;0.01;0;6.33487;0;0;-1
0;138;-8.23745;36.9525;-55.4882;10.3709;4672.38;6.23587;0;0;0.1;0.01;0;6.41204;0;0;-1
0;139;-5.83074;54.9342;-55.1083;10.4463;4775.03;6.28121;0;0;0.1;0.01;0;6.1834;0;0;-1
0;140;-8.7156;70.3275;-55.1299;8.9171;2970.02;5.36172;0;0;0.1;0.01;0;3.30232;0;0;-1
0;141;8.984;-74.3241;-56.9046;8.95921;3012.3;5.38704;0;0;0.1;0.01;0;3.46727;0;0;-1
0;142;6.8609;-58.0816;-56.2143;9.9375;4110.74;5.97527;0;0;0.1;0.01;0;6.12541;0;0;-1
0;143;7.34859;-41.703;-54.9271;8.5;2572.44;5.11093;0;0;0.1;0.01;0;4.3814;1;0;-1
0;144;9.40323;-22.7171;-56.6044;9.348;3421.72;5.62082;0;0;0.1;0.01;0;6.49567;0;0;-1
0;145;6.03333;-8.01879;-56.8635;9.37777;3454.52;5.63872;0;0;0.1;0.01;0;6.47385;0;0;-1
0;146;5.6091;9.72225;-55.2372;8.95394;3006.98;5.38387;0;0;0.1;0.01;0;4.27953;0;0;-1
0;147;8.44373;27.7476;-53.9509;10.1128;4332.14;6.08068;0;0;0.1;0.01;0;6.6763;0;0;-1
0;148;8.53628;44.9739;-55.9753;10.2821;4553.38;6.18248;0;0;0.1;0.01;0;7.63831;0;0;-1
0;149;8.83922;59.8451;-57.7093;8.76315;2818.83;5.26915;0;0;0.1;0.01;0;5.80925;0;0;-1
0;150;8.56757;79.8431;-54.3414;9.33081;3402.88;5.61048;0;0;0.1;0.01;0;2.80783;0;0;-1
0;151;22.2796;-64.2624;-56.6581;9.79249;3933.4;5.88808;0;0;0.1;0.01;0;4.96754;0;0;-1
0;152;24.1792;-49.985;-53.721;8.97699;3030.27;5.39773;0;0;0.1;0.01;0;5.39948;0;0;-1
0;153;20.2906;-32.614;-55.2871;9.10775;3164.62;5.47636;0;0;0.1;0.01;0;5.15478;0;0;-1
0;154;20.5214;-12.7121;-57.3743;9.31056;3380.77;5.5983;0;0;0.1;0.01;0;6.01119;0;0;-1
0;155;23.6278;1.41787;-56.4408;9.29185;3360.43;5.58705;0;0;0.1;0.01;0;5.68035;0;0;-1
0;156;23.7507;20.66;-55.7403;10.1452;4373.92;6.10016;0;0;0.1;0.01;0;6.42569;0;0;-1
0;157;22.6861;38.2405;-56.2047;10.0929;4306.62;6.06871;0;0;0.1;0.01;0;7.04055;0;0;-1
0;158;22.9294;54.3776;-53.9785;10.4336;4757.64;6.27357;0;0;0.1;0.01;0;7.0982;0;0;-1
0;159;22.054;70.5651;-57.6901;9.08793;3144.01;5.46444;0;0;0.1;0.01;0;2.47022;0;0;-1
0;160;38.5677;-56.0248;-56.4276;9.06067;3115.8;5.44805;0;0;0.1;0.01;0;4.5535;0;0;-1
0;161;34.9353;-38.3557;-54.7219;8.60039;2664.67;5.17129;0;0;0.1;0.01;0;5.3251;0;0;-1
0;162;38.5245;-25.1009;-56.4537;9.04343;3098.05;5.43768;0;0;0.1;0.01;0;5.60486;0;0;-1
0;163;37.2092;-5.69069;-54.8297;8.57831;2644.2;5.15801;0;0;0.1;0.01;0;5.96638;0;0;-1
0;164;38.4611;8.33115;-55.4115;9.23354;3297.56;5.55199;0;0;0.1;0.01;0;6.96409;0;0;-1
0;165;38.8672;25.4313;-54.6053;9.85015;4003.29;5.92275;0;0;0.1;0.01;0;6.32561;0;0;-1
0;166;36.7821;46.1502;-56.6479;9.17439;3234.6;5.51643;0;0;0.1;0.01;0;5.85478;0;0;-1
0;167;36.3658;60.7315;-54.1223;8.5;2572.44;5.11093;0;0;0.1;0.01;0;4.54031;1;0;-1
0;168;52.8855;-50.9619;-56.0538;8.97539;3028.65;5.39677;0;0;0.1;0.01;0;3.28798;0;0;-1
0;169;52.0661;-31.0902;-54.1377;9.95776;4135.93;5.98746;0;0;0.1;0.01;0;5.73204;0;0;-1
0;170;52.9117;-15.0678;-54.3855;8.5;2572.44;5.11093;0;0;0.1;0.01;0;5.22939;1;0;-1
0;171;52.2492;0.0373976;-54.3859;9.99184;4178.54;6.00795;0;0;0.1;0.01;0;7.51374;0;0;-1
0;172;51.1935;18.0892;-56.0376;9.0008;3054.44;5.41205;0;0;0.1;0.01;0;6.79076;0;0;-1
0;173;52.9401;34.077;-55.7654;9.24176;3306.38;5.55694;0;0;0.1;0.01;0;5.31075;0;0;-1
0;174;52.6972;55.2598;-56.5058;10.1122;4331.37;6.08032;0;0;0.1;0.01;0;4.2691;0;0;-1
0;175;64.6147;-40.872;-56.675;9.03274;3087.07;5.43126;0;0;0.1;0.01;0;2.99533;0;0;-1
0;176;67.281;-25.0835;-56.1077;9.38578;3463.38;5.64353;0;0;0.1;0.01;0;4.42141;0;0;-1
0;177;67.7746;-4.49964;-55.131;8.5;2572.44;5.11093;0;0;0.1;0.01;0;5.13845;1;0;-1
0;178;65.8311;11.9971;-53.809;9.54477;3642.38;5.73913;0;0;0.1;0.01;0;5.87323;0;0;-1
0;179;66.0106;26.6428;-55.2818;8.5;2572.44;5.11093;0;0;0.1;0.01;0;3.88953;1;0;-1
0;180;64.7685;46.0634;-54.32;9.81335;3958.59;5.90062;0;0;0.1;0.01;0;3.3968;0;0;-1
0;181;79.7187;-16.8492;-56.7573;10.1836;4423.77;6.12325;0;0;0.1;0.01;0;2.82725;0;0;-1
0;182;82.2254;1.1217;-54.4698;8.92226;2975.18;5.36483;0;0;0.1;0.01;0;2.82574;0;0;-1
0;183;-87.5149;-21.6607;-40.6311;9.37018;3446.14;5.63415;0;0;0.1;0.01;0;3.14501;0;0;-1
0;184;-84.117;-8.17329;-40.123;10.0307;4227.49;6.03131;0;0;0.1;0.01;0;5.21936;0;0;-1
0;185;-86.3105;12.3523;-39.6263;9.63572;3747.5;5.79382;0;0;0.1;0.01;0;4.43933;0;0;-1
0;186;-86.6589;29.3381;-39.2283;9.84885;4001.71;5.92197;0;0;0.1;0.01;0;3.00329;0;0;-1
0;187;-70.1789;-48.0423;-39.638;8.5;2572.44;5.11093;0;0;0.1;0.01;0;4.05727;1;0;-1
0;188;-72.1214;-33.946;-41.5622;10.2288;4482.94;6.15043;0;0;0.1;0.01;0;5.02572;0;0;-1
0;189;-71.5933;-14.5688;-41.6257;8.5;2572.44;5.11093;0;0;0.1;0.01;0;5.38665;1;0;-1
0;190;-72.6808;3.61449;-40.9273;10.2704;4537.86;6.17544;0;0;0.1;0.01;0;7.38521;0;0;-1
0;191;-70.5096;19.0723;-42.0658;9.73679;3866.66;5.85459;0;0;0.1;0.01;0;6.24127;0;0;-1
0;192;-69.9846;37.0802;-42.9176;9.92192;4091.44;5.96591;0;0;0.1;0.01;0;5.68434;0;0;-1
0;193;-72.6574;51.3914;-41.1041;9.59208;3696.81;5.76758;0;0;0.1;0.01;0;3.09389;0;0;-1
0;194;-56.9538;-59.2057;-39.9304;10.3288;4615.71;6.21056;0;0;0.1;0.01;0;5.24979;0;0;-1
0;195;-56.7242;-39.4589;-41.876;9.50868;3601.22;5.71743;0;0;0.1;0.01;0;6.64029;0;0;-1
0;196;-54.1627;-24.642;-40.9089;9.31218;3382.54;5.59928;0;0;0.1;0.01;0;5.42125;0;0;-1
0;197;-57.4622;-7.33084;-42.0188;10.0834;4294.47;6.063;0;0;0.1;0.01;0;6.99027;0;0;-1
0;198;-55.0623;9.53965;-39.8514;10.2811;4552.05;6.18188;0;0;0.1;0.01;0;6.71394;0;0;-1
0;199;-55.5415;25.8736;-41.5525;9.89022;4052.35;5.94685;0;0;0.1;0.01;0;6.11505;0;0;-1
0;200;-56.9732;42.6511;-40.1066;9.6706;3788.34;5.81479;0;0;0.1;0.01;0;6.52808;0;0;-1
0;201;-54.253;60.4453;-39.5906;9.62047;3729.73;5.78465;0;0;0.1;0.01;0;5.24167;0;0;-1
0;202;-40.5192;-80.6229;-40.9863;8.5;2572.44;5.11093;0;0;0.1;0.01;0;2.97061;1;0;-1
0;203;-41.6805;-65.8987;-39.2309;9.46189;3548.32;5.6893;0;0;0.1;0.01;0;6.38127;0;0;-1
0;204;-43.0536;-47.5186;-41.7181;8.5;2572.44;5.11093;0;0;0.1;0.01;0;4.90194;1;0;-1
0;205;-42.5716;-31.6875;-42.2015;8.64528;2706.61;5.19828;0;0;0.1;0.01;0;5.09619;0;0;-1
0;206;-40.2511;-13.4506;-40.6515;9.60474;3711.47;5.77519;0;0;0.1;0.01;0;6.1045;0;0;-1
0;207;-42.0142;1.95075;-39.9933;9.25091;3316.21;5.56244;0;0;0.1;0.01;0;6.47456;0;0;-1
0;208;-41.7831;19.6646;-42.418;8.59492;2659.59;5.168;0;0;0.1;0.01;0;5.91294;0;0;-1
0;209;-41.4551;34.4616;-41.4107;8.78789;2842.77;5.28403;0;0;0.1;0.01;0;5.64175;0;0;-1
0;210;-40.271;53.6159;-41.2161;9.53739;3633.94;5.73469;0;0;0.1;0.01;0;7.07317;0;0;-1
0;211;-40.8062;68.4768;-42.1363;10.3601;4657.8;6.22938;0;0;0.1;0.01;0;6.08168;0;0;-1
0;212;-27.658;-72.9645;-42.8769;9.39388;3472.35;5.6484;0;0;0.1;0.01;0;6.10659;0;0;-1
0;213;-28.1435;-57.7294;-40.4584;10.4418;4768.86;6.2785;0;0;0.1;0.01;0;7.09471;0;0;-1
0;214;-25.2981;-38.507;-42.3691;9.23225;3296.18;5.55122;0;0;0.1;0.01;0;5.3289;0;0;-1
0;215;-25.0132;-22.3766;-39.8139;9.9908;4177.24;6.00732;0;0;0.1;0.01;0;6.38951;0;0;-1
0;216;-24.7458;-5.17631;-40.6572;8.87426;2927.42;5.33596;0;0;0.1;0.01;0;5.61307;0;0;-1
0;217;-25.4487;9.75931;-41.0421;8.5;2572.44;5.11093;0;0;0.1;0.01;0;4.04104;1;0;-1
0;218;-28.1739;27.0153;-42.0175;9.3773;3454;5.63843;0;0;0.1;0.01;0;5.48921;0;0;-1
0;219;-27.2195;44.1209;-42.1023;9.59228;3697.04;5.7677;0;0;0.1;0.01;0;6.1059;0;0;-1
0;220;-27.5563;60.5319;-40.7646;9.41372;3494.4;5.66033;0;0;0.1;0.01;0;7.06761;0;0;-1
0;221;-25.0163;77.1717;-42.0747;9.57316;3674.98;5.7562;0;0;0.1;0.01;0;5.24467;0;0;-1
0;222;-12.9886;-83.1446;-42.1694;8.61093;2674.48;5.17763;0;0;0.1;0.01;0;4.03626;0;0;-1
0;223;-12.9523;-67.6047;-39.7409;10.0617;4266.8;6.04995;0;0;0.1;0.01;0;6.69563;0;0;-1
0;224;-12.3953;-49.3805;-41.8328;9.18212;3242.78;5.52108;0;0;0.1;0.01;0;5.31921;0;0;-1
0;225;-9.78666;-33.329;-39.8355;9.50911;3601.71;5.71769;0;0;0.1;0.01;0;6.11842;0;0;-1
0;226;-13.0705;-15.5138;-40.7585;8.69144;2750.2;5.22604;0;0;0.1;0.01;0;6.37274;0;0;-1
0;227;-11.0669;0.256868;-41.4518;8.66025;2720.7;5.20728;0;0;0.1;0.01;0;5.45387;0;0;-1
0;228;-12.535;20.0324;-39.346;9.95302;4130.03;5.98461;0;0;0.1;0.01;0;6.16211;0;0;-1
0;229;-9.96026;34.3133;-39.7673;8.5;2572.44;5.11093;0;0;0.1;0.01;0;6.0883;1;0;-1
0;230;-11.5611;52.9654;-39.3542;10.1789;4417.65;6.12042;0;0;0.1;0.01;0;6.4713;0;0;-1
0;231;-11.0987;70.7576;-40.0347;9.43087;3513.53;5.67065;0;0;0.1;0.01;0;5.57668;0;0;-1
0;232;-9.79048;87.1017;-39.963;8.5;2572.44;5.11093;0;0;0.1;0.01;0;2.38727;1;0;-1
0;233;2.81829;-89.5446;-42.0547;9.11671;3173.97;5.48175;0;0;0.1;0.01;0;2.88153;0;0;-1
0;234;4.67892;-74.9324;-41.1625;8.55271;2620.59;5.14262;0;0;0.1;0.01;0;5.17797;0;0;-1
0;235;2.0127;-59.7576;-39.3781;9.47364;3561.55;5.69636;0;0;0.1;0.01;0;5.41943;0;0;-1
0;236;3.62855;-40.7673;-39.809;8.5;2572.44;5.11093;0;0;0.1;0.01;0;4.85085;1;0;-1
0;237;4.67567;-25.2813;-39.5118;9.5216;3615.92;5.7252;0;0;0.1;0.01;0;6.13836;0;0;-1
0;238;1.23422;-8.08222;-42.4303;10.2613;4525.8;6.16997;0;0;0.1;0.01;0;6.2673;0;0;-1
0;239;3.21343;10.4447;-41.011;8.61838;2681.42;5.18211;0;0;0.1;0.01;0;4.37032;0;0;-1
0;240;4.07353;27.1835;-39.4771;8.90471;2957.66;5.35427;0;0;0.1;0.01;0;6.72838;0;0;-1
0;241;1.22834;43.031;-40.2747;10.0973;4312.25;6.07136;0;0;0.1;0.01;0;7.97751;0;0;-1
0;242;1.52324;60.6218;-40.9737;8.5;2572.44;5.11093;0;0;0.1;0.01;0;5.36233;1;0;-1
0;243;3.9546;76.3833;-41.0736;9.14274;3201.24;5.4974;0;0;0.1;0.01;0;5.26572;0;0;-1
0;244;17.6735;-82.3269;-42.0959;8.5;2572.44;5.11093;0;0;0.1;0.01;0;3.29286;1;0;-1
0;245;18.2123;-65.4522;-39.2877;10.2625;4527.39;6.17069;0;0;0.1;0.01;0;5.88436;0;0;-1
0;246;17.9186;-46.4612;-40.8047;8.89095;2943.97;5.346;0;0;0.1;0.01;0;5.26699;0;0;-1
0;247;17.8375;-31.7647;-41.1604;8.5;2572.44;5.11093;0;0;0.1;0.01;0;5.83965;1;0;-1
0;248;19.0979;-15.4935;-41.7757;9.48375;3572.97;5.70244;0;0;0.1;0.01;0;5.9231;0;0;-1
0;249;19.7501;1.94195;-42.1585;9.10927;3166.21;5.47727;0;0;0.1;0.01;0;4.69243;0;0;-1
0;250;17.663;17.734;-40.5147;9.27102;3337.88;5.57453;0;0;0.1;0.01;0;5.59933;0;0;-1
0;251;19.0268;36.7142;-42.8419;9.9124;4079.67;5.96018;0;0;0.1;0.01;0;7.6337;0;0;-1
0;252;16.7953;52.014;-39.6933;10.0976;4312.64;6.07154;0;0;0.1;0.01;0;7.44192;0;0;-1
0;253;18.7582;68.4681;-41.1956;10.3155;4597.9;6.20256;0;0;0.1;0.01;0;5.94262;0;0;-1
0;254;16.4127;87.4206;-41.1291;10.0767;4285.92;6.05897;0;0;0.1;0.01;0;3.14591;0;0;-1
0;255;32.9536;-75.6282;-42.5063;8.64912;2710.22;5.20059;0;0;0.1;0.01;0;2.25353;0;0;-1
0;256;30.5648;-56.4967;-40.5214;9.0958;3152.18;5.46917;0;0;0.1;0.01;0;6.2786;0;0;-1
0;257;33.7155;-41.1807;-40.4661;10.005;4195.08;6.01586;0;0;0.1;0.01;0;7.65191;0;0;-1
0;258;32.775;-25.2881;-41.5692;10.1242;4346.81;6.08753;0;0;0.1;0.01;0;7.40517;0;0;-1
0;259;33.7371;-8.0486;-42.0294;8.5;2572.44;5.11093;0;0;0.1;0.01;0;4.7253;1;0;-1
0;260;33.8443;10.0427;-42.2922;8.5;2572.44;5.11093;0;0;0.1;0.01;0;5.10264;1;0;-1
0;261;33.8482;29.5192;-39.8778;8.93213;2985.06;5.37076;0;0;0.1;0.01;0;6.03317;0;0;-1
0;262;32.9473;46.1531;-39.4196;10.038;4236.72;6.0357;0;0;0.1;0.01;0;7.76658;0;0;-1
0;263;33.9172;60.085;-39.7041;9.38769;3465.49;5.64468;0;0;0.1;0.01;0;6.20719;0;0;-1
0;264;33.5534;79.8403;-40.43;8.95437;3007.42;5.38413;0;0;0.1;0.01;0;2.74404;0;0;-1
0;265;47.8231;-65.2741;-41.6055;8.94443;2997.41;5.37816;0;0;0.1;0.01;0;2.46759;0;0;-1
0;266;47.1414;-47.7054;-39.9503;9.52788;3623.08;5.72898;0;0;0.1;0.01;0;5.80243;0;0;-1
0;267;47.7658;-30.2377;-39.2201;10.3176;4600.71;6.20382;0;0;0.1;0.01;0;7.6592;0;0;-1
0;268;46.7874;-14.9393;-42.5888;10.067;4273.55;6.05314;0;0;0.1;0.01;0;7.77844;0;0;-1
0;269;46.0805;2.87609;-42.186;8.5;2572.44;5.11093;0;0;0.1;0.01;0;6.20125;1;0;-1
0;270;47.7583;16.8701;-43.0426;10.1627;4396.59;6.11068;0;0;0.1;0.01;0;7.43895;0;0;-1
0;271;46.8469;37.9676;-41.1023;9.52653;3621.54;5.72816;0;0;0.1;0.01;0;6.1912;0;0;-1
0;272;46.7035;52.1433;-42.8741;9.67637;3795.12;5.81826;0;0;0.1;0.01;0;6.60548;0;0;-1
0;273;46.8341;69.2603;-39.9002;9.92643;4097.02;5.96862;0;0;0.1;0.01;0;4.49669;0;0;-1
0;274;60.3752;-55.3636;-39.3302;9.8308;3979.74;5.91112;0;0;0.1;0.01;0;4.74512;0;0;-1
0;275;63.9915;-41.6911;-39.83;8.94562;2998.61;5.37887;0;0;0.1;0.01;0;4.28069;0;0;-1
0;276;61.21;-23.3569;-39.8292;8.55006;2618.16;5.14103;0;0;0.1;0.01;0;5.54201;0;0;-1
0;277;63.4168;-7.79605;-42.3291;9.67674;3795.56;5.81848;0;0;0.1;0.01;0;6.80214;0;0;-1
0;278;63.5998;8.22902;-39.4684;10.0114;4203.13;6.01971;0;0;0.1;0.01;0;6.56003;0;0;-1
0;279;63.0236;26.1899;-42.2769;10.0357;4233.81;6.03432;0;0;0.1;0.01;0;6.07571;0;0;-1
0;280;61.5502;42.1351;-41.1996;8.88075;2933.85;5.33987;0;0;0.1;0.01;0;5.08274;0;0;-1
0;281;61.9973;60.4269;-42.4628;9.23144;3295.32;5.55073;0;0;0.1;0.01;0;3.67686;0;0;-1
0;282;74.9466;-32.4976;-43.1713;9.0112;3065.04;5.4183;0;0;0.1;0.01;0;3.21636;0;0;-1
0;283;77.7426;-15.0004;-41.1242;8.62851;2690.89;5.1882;0;0;0.1;0.01;0;4.46534;0;0;-1
0;284;76.329;-0.0855954;-41.467;10.2851;4557.37;6.18428;0;0;0.1;0.01;0;6.87644;0;0;-1
0;285;78.7385;19.7252;-42.8209;8.99017;3043.63;5.40566;0;0;0.1;0.01;0;3.33178;0;0;-1
0;286;76.5324;34.3366;-41.9411;9.23964;3304.1;5.55566;0;0;0.1;0.01;0;3.54282;0;0;-1
0;287;90.5177;-4.56055;-40.5347;8.7003;2758.62;5.23136;0;0;0.1;0.01;0;2.23145;0;0;-1
0;288;-95.1306;-13.5086;-24.6996;8.77145;2826.85;5.27415;0;0;0.1;0.01;0;3.17542;0;0;-1
0;289;-95.6333;1.2481;-26.0956;9.92316;4092.97;5.96665;0;0;0.1;0.01;0;3.87549;0;0;-1
0;290;-80.8672;-41.5;-24.6586;9.90428;4069.65;5.9553;0;0;0.1;0.01;0;2.88757;0;0;-1
0;291;-81.7978;-23.4407;-27.3427;9.5595;3659.27;5.74799;0;0;0.1;0.01;0;3.86489;0;0;-1
0;292;-78.909;-4.65563;-26.4846;10.0423;4242.17;6.03829;0;0;0.1;0.01;0;5.59143;0;0;-1
0;293;-82.5739;10.9692;-26.4486;10.1274;4350.93;6.08946;0;0;0.1;0.01;0;6.28544;0;0;-1
0;294;-82.4138;27.6808;-25.145;10.0349;4232.8;6.03384;0;0;0.1;0.01;0;5.02597;0;0;-1
0;295;-80.4002;44.5629;-28.1089;9.88358;4044.19;5.94285;0;0;0.1;0.01;0;3.28398;0;0;-1
0;296;-64.0831;-67.8796;-26.003;8.5;2572.44;5.11093;0;0;0.1;0.01;0;2.51653;1;0;-1
0;297;-64.3823;-48.9933;-26.1308;8.77835;2833.53;5.27829;0;0;0.1;0.01;0;4.35847;0;0;-1
0;298;-64.5276;-31.2615;-25.4627;9.74862;3880.77;5.8617;0;0;0.1;0.01;0;5.46794;0;0;-1
0;299;-64.4879;-12.8957;-26.9944;9.28066;3348.31;5.58033;0;0;0.1;0.01;0;5.558;0;0;-1
0;300;-66.0786;4.44743;-26.0292;8.5;2572.44;5.11093;0;0;0.1;0.01;0;5.93952;1;0;-1
0;301;-65.4712;20.222;-26.9312;8.59094;2655.89;5.16561;0;0;0.1;0.01;0;5.71243;0;0;-1
0;302;-64.6853;35.2203;-27.1725;10.0497;4251.56;6.04274;0;0;0.1;0.01;0;6.30993;0;0;-1
0;303;-64.5493;50.9139;-26.2298;9.27992;3347.51;5.57988;0;0;0.1;0.01;0;5.75038;0;0;-1
0;304;-66.6781;68.6661;-26.7143;9.4554;3541.02;5.68539;0;0;0.1;0.01;0;2.1516;0;0;-1
0;305;-49.7089;-72.4991;-27.7868;8.99661;3050.18;5.40953;0;0;0.1;0.01;0;5.22917;0;0;-1
0;306;-49.6175;-58.1742;-26.2879;9.25063;3315.91;5.56227;0;0;0.1;0.01;0;6.29446;0;0;-1
0;307;-51.5407;-39.7146;-26.3484;9.3425;3415.69;5.61751;0;0;0.1;0.01;0;6.00888;0;0;-1
0;308;-52.4096;-23.1176;-27.5479;9.77632;3913.95;5.87836;0;0;0.1;0.01;0;6.55546;0;0;-1
0;309;-50.4815;-7.03427;-27.8095;9.73264;3861.72;5.8521;0;0;0.1;0.01;0;6.60979;0;0;-1
0;310;-53.0188;8.65039;-26.3267;8.9409;2993.87;5.37603;0;0;0.1;0.01;0;5.48824;0;0;-1
0;311;-51.115;26.7836;-24.4678;9.14375;3202.3;5.498;0;0;0.1;0.01;0;5.57729;0;0;-1
0;312;-49.9901;45.5119;-24.8748;9.78011;3918.5;5.88064;0;0;0.1;0.01;0;7.33805;0;0;-1
0;313;-50.6692;62.4903;-25.5793;8.75947;2815.28;5.26694;0;0;0.1;0.01;0;6.0861;0;0;-1
0;314;-51.7938;78.48;-28.258;8.72318;2780.44;5.24512;0;0;0.1;0.01;0;2.6527;0;0;-1
0;315;-36.4288;-82.1754;-26.5189;10.3133;4594.96;6.20124;0;0;0.1;0.01;0;6.19626;0;0;-1
0;316;-34.9852;-67.3059;-26.8015;8.88636;2939.41;5.34324;0;0;0.1;0.01;0;6.99087;0;0;-1
0;317;-38.3691;-47.1085;-27.1519;10.1598;4392.83;6.10894;0;0;0.1;0.01;0;5.71187;0;0;-1
0;318;-36.0602;-30.0838;-26.0743;9.32899;3400.89;5.60939;0;0;0.1;0.01;0;6.11604;0;0;-1
0;319;-34.6343;-13.7626;-26.8029;8.77558;2830.85;5.27663;0;0;0.1;0.01;0;5.01498;0;0;-1
0;320;-36.5841;4.31462;-27.4486;8.5;2572.44;5.11093;0;0;0.1;0.01;0;4.19345;1;0;-1
0;321;-38.3582;18.5445;-27.4799;9.50184;3593.45;5.71332;0;0;0.1;0.01;0;5.45388;0;0;-1
0;322;-38.2439;34.5884;-25.1743;8.5;2572.44;5.11093;0;0;0.1;0.01;0;5.50038;1;0;-1
0;323;-37.6467;52.2768;-27.8619;9.223;3286.29;5.54566;0;0;0.1;0.01;0;6.07514;0;0;-1
0;324;-38.2068;67.7255;-25.7622;8.5;2572.44;5.11093;0;0;0.1;0.01;0;4.48752;1;0;-1
0;325;-35.5381;85.844;-24.951;10.2803;4550.99;6.1814;0;0;0.1;0.01;0;3.74757;0;0;-1
0;326;-21.7844;-90.7757;-25.2877;10.3383;4628.45;6.21627;0;0;0.1;0.01;0;3.98815;0;0;-1
0;327;-20.5833;-73.0905;-27.0229;10.1729;4409.84;6.11682;0;0;0.1;0.01;0;8.27801;0;0;-1
0;328;-20.3456;-59.1631;-26.3065;9.74517;3876.65;5.85963;0;0;0.1;0.01;0;7.268;0;0;-1
0;329;-22.017;-40.5847;-26.6608;8.61701;2680.15;5.18128;0;0;0.1;0.01;0;4.98732;0;0;-1
0;330;-21.3636;-21.105;-24.9782;10.094;4308.03;6.06938;0;0;0.1;0.01;0;6.84131;0;0;-1
0;331;-19.7203;-5.48315;-28.0789;8.5;2572.44;5.11093;0;0;0.1;0.01;0;4.64724;1;0;-1
0;332;-21.3106;11.81;-25.7754;8.5;2572.44;5.11093;0;0;0.1;0.01;0;4.00155;1;0;-1
0;333;-22.7742;28.7609;-27.7886;8.64731;2708.52;5.1995;0;0;0.1;0.01;0;5.10121;0;0;-1
0;334;-21.2687;44.7714;-27.8803;9.74786;3879.86;5.86125;0;0;0.1;0.01;0;5.84154;0;0;-1
0;335;-21.6919;62.1719;-26.6148;9.66986;3787.47;5.81435;0;0;0.1;0.01;0;6.34018;0;0;-1
0;336;-22.842;78.7599;-27.908;9.43208;3514.88;5.67137;0;0;0.1;0.01;0;5.63212;0;0;-1
0;337;-5.94003;-81.265;-28.6511;9.37792;3454.68;5.63881;0;0;0.1;0.01;0;6.0934;0;0;-1
0;338;-7.90829;-66.6064;-26.3338;9.47884;3567.42;5.69949;0;0;0.1;0.01;0;6.68994;0;0;-1
0;339;-8.56213;-48.5902;-24.3772;9.13807;3196.33;5.49459;0;0;0.1;0.01;0;5.18584;0;0;-1
0;340;-8.20601;-29.6905;-25.5431;8.77274;2828.1;5.27492;0;0;0.1;0.01;0;5.56669;0;0;-1
0;341;-6.00972;-13.3246;-27.8145;9.41095;3491.31;5.65867;0;0;0.1;0.01;0;6.59778;0;0;-1
0;342;-5.49258;1.92687;-27.649;8.53399;2603.42;5.13136;0;0;0.1;0.01;0;5.70932;0;0;-1
0;343;-6.60868;21.1291;-25.6324;9.60397;3710.57;5.77473;0;0;0.1;0.01;0;6.69874;0;0;-1
0;344;-7.09024;35.4095;-27.0979;9.34522;3418.67;5.61915;0;0;0.1;0.01;0;7.48492;0;0;-1
0;345;-7.9312;51.5131;-26.0223;8.65073;2711.73;5.20156;0;0;0.1;0.01;0;5.612;0;0;-1
0;346;-9.3454;72.1628;-24.4903;8.6207;2683.59;5.1835;0;0;0.1;0.01;0;5.03827;0;0;-1
0;347;-9.10052;88.2418;-25.6697;8.64271;2704.2;5.19674;0;0;0.1;0.01;0;3.97156;0;0;-1
0;348;9.34691;-90.474;-25.4164;10.3115;4592.55;6.20016;0;0;0.1;0.01;0;4.2771;0;0;-1
0;349;6.59552;-75.7954;-25.3222;9.7822;3921.01;5.88189;0;0;0.1;0.01;0;6.67351;0;0;-1
0;350;9.44316;-58.6634;-25.7693;9.33001;3402;5.61;0;0;0.1;0.01;0;5.80823;0;0;-1
0;351;5.72647;-40.0289;-25.3981;9.62018;3729.39;5.78447;0;0;0.1;0.01;0;6.09813;0;0;-1
0;352;8.26677;-25.5208;-26.5958;8.72878;2785.8;5.24849;0;0;0.1;0.01;0;5.85971;0;0;-1
0;353;9.02409;-8.76703;-27.6977;10.2426;4501.11;6.15873;0;0;0.1;0.01;0;6.79747;0;0;-1
0;354;5.51822;9.93464;-25.5111;9.14542;3204.05;5.49901;0;0;0.1;0.01;0;4.5835;0;0;-1
0;355;9.43556;29.3308;-27.6657;10.081;4291.4;6.06156;0;0;0.1;0.01;0;6.86244;0;0;-1
0;356;6.2518;44.0467;-25.2427;10.3766;4680.09;6.2393;0;0;0.1;0.01;0;7.20122;0;0;-1
0;357;6.86939;63.4084;-24.6213;10.1832;4423.25;6.12301;0;0;0.1;0.01;0;6.80707;0;0;-1
0;358;5.89395;78.2882;-28.0049;9.05381;3108.73;5.44392;0;0;0.1;0.01;0;5.55766;0;0;-1
0;359;8.24205;95.6191;-26.8452;10.0208;4214.98;6.02536;0;0;0.1;0.01;0;2.99587;0;0;-1
0;360;22.5796;-82.3696;-25.2173;9.14669;3205.39;5.49977;0;0;0.1;0.01;0;4.6575;0;0;-1
0;361;23.7019;-65.8966;-25.4724;9.51617;3609.73;5.72193;0;0;0.1;0.01;0;5.43895;0;0;-1
0;362;23.2771;-47.2905;-27.4336;10.114;4333.69;6.0814;0;0;0.1;0.01;0;6.25964;0;0;-1
0;363;22.7921;-31.7619;-26.0481;9.7203;3847.05;5.84468;0;0;0.1;0.01;0;6.89825;0;0;-1
0;364;22.1261;-16.0905;-25.5866;10.0142;4206.66;6.02139;0;0;0.1;0.01;0;6.73004;0;0;-1
0;365;22.3167;1.01244;-26.803;9.03568;3090.09;5.43302;0;0;0.1;0.01;0;5.17042;0;0;-1
0;366;23.3855;18.1878;-28.0121;9.62583;3735.97;5.78787;0;0;0.1;0.01;0;6.25393;0;0;-1
0;367;23.2483;34.9369;-27.522;9.48752;3577.23;5.70471;0;0;0.1;0.01;0;7.41971;0;0;-1
0;368;20.5942;51.1126;-24.5156;9.78732;3927.17;5.88497;0;0;0.1;0.01;0;6.26132;0;0;-1
0;369;20.2896;69.1543;-26.9527;9.41126;3491.66;5.65885;0;0;0.1;0.01;0;5.36153;0;0;-1
0;370;23.3616;84.5724;-24.8049;9.48309;3572.22;5.70204;0;0;0.1;0.01;0;4.89975;0;0;-1
0;371;38.0665;-75.9955;-27.105;9.08221;3138.07;5.461;0;0;0.1;0.01;0;3.94109;0;0;-1
0;372;35.2266;-56.9172;-27.0351;8.68961;2748.46;5.22494;0;0;0.1;0.01;0;5.60771;0;0;-1
0;373;37.5308;-39.9431;-26.8189;9.92192;4091.44;5.96591;0;0;0.1;0.01;0;7.96796;0;0;-1
0;374;37.6908;-23.1675;-27.6878;9.98008;4163.81;6.00088;0;0;0.1;0.01;0;7.59045;0;0;-1
0;375;37.4536;-7.21208;-24.8401;9.68117;3800.77;5.82115;0;0;0.1;0.01;0;6.57014;0;0;-1
0;376;35.1299;8.91803;-26.7923;8.8148;2868.97;5.30021;0;0;0.1;0.01;0;5.30837;0;0;-1
0;377;37.2301;25.3888;-24.7098;9.96675;4147.15;5.99286;0;0;0.1;0.01;0;6.87938;0;0;-1
0;378;37.0125;42.1381;-27.0969;9.84583;3998.03;5.92015;0;0;0.1;0.01;0;6.57811;0;0;-1
0;379;38.4523;63.6807;-24.9029;8.5;2572.44;5.11093;0;0;0.1;0.01;0;4.58556;1;0;-1
0;380;36.75;78.811;-24.8762;8.5;2572.44;5.11093;0;0;0.1;0.01;0;4.35129;1;0;-1
0;381;50.4405;-66.6499;-24.7867;10.2137;4463.11;6.14135;0;0;0.1;0.01;0;5.56989;0;0;-1
0;382;49.9626;-50.7727;-25.2847;10.1728;4409.71;6.11676;0;0;0.1;0.01;0;6.85225;0;0;-1
0;383;50.0719;-33.4149;-25.0301;8.55599;2623.61;5.14459;0;0;0.1;0.01;0;5.20388;0;0;-1
0;384;52.7125;-15.566;-26.8541;9.21838;3281.35;5.54288;0;0;0.1;0.01;0;6.2588;0;0;-1
0;385;51.8211;1.73373;-28.3347;10.0155;4208.3;6.02217;0;0;0.1;0.01;0;7.168;0;0;-1
0;386;50.107;17.7982;-28.5142;9.04577;3100.45;5.43909;0;0;0.1;0.01;0;6.16643;0;0;-1
0;387;50.3078;34.8919;-25.0737;9.38364;3461.01;5.64225;0;0;0.1;0.01;0;5.57647;0;0;-1
0;388;52.9815;54.7691;-24.6987;8.65695;2717.59;5.2053;0;0;0.1;0.01;0;4.39584;0;0;-1
0;389;52.2017;72.6221;-26.9395;9.78828;3928.33;5.88555;0;0;0.1;0.01;0;4.37811;0;0;-1
0;390;66.3597;-59.205;-27.6327;8.99162;3045.11;5.40653;0;0;0.1;0.01;0;4.13137;0;0;-1
0;391;66.6337;-42.2242;-25.0404;8.84857;2902.07;5.32052;0;0;0.1;0.01;0;5.48269;0;0;-1
0;392;67.4826;-23.2433;-24.8699;10.3678;4668.19;6.23401;0;0;0.1;0.01;0;6.53802;0;0;-1
0;393;65.557;-5.60315;-26.9248;8.9529;3005.94;5.38325;0;0;0.1;0.01;0;6.84131;0;0;-1
0;394;66.5819;9.45245;-25.092;9.2484;3313.51;5.56093;0;0;0.1;0.01;0;5.82443;0;0;-1
0;395;64.8758;25.4073;-25.6038;9.8348;3984.6;5.91352;0;0;0.1;0.01;0;4.80976;0;0;-1
0;396;66.3832;46.5046;-25.9038;10.0347;4232.55;6.03372;0;0;0.1;0.01;0;5.81739;0;0;-1
0;397;65.0721;62.2776;-27.5167;10.0508;4252.95;6.0434;0;0;0.1;0.01;0;4.96868;0;0;-1
0;398;79.4162;-51.2654;-25.8198;10.1042;4321.1;6.07551;0;0;0.1;0.01;0;2.17778;0;0;-1
0;399;81.8773;-34.2015;-24.8282;10.2512;4512.45;6.1639;0;0;0.1;0.01;0;3.41468;0;0;-1
0;400;80.7494;-16.8098;-25.3501;8.88357;2936.64;5.34156;0;0;0.1;0.01;0;4.4693;0;0;-1
0;401;79.7977;-0.230422;-26.2405;9.30496;3374.68;5.59494;0;0;0.1;0.01;0;4.87355;0;0;-1
0;402;83.2164;17.7918;-25.2687;9.79833;3940.44;5.89159;0;0;0.1;0.01;0;4.14662;0;0;-1
0;403;79.0951;33.7645;-27.9918;8.5;2572.44;5.11093;0;0;0.1;0.01;0;3.36709;1;0;-1
0;404;79.3713;54.6237;-26.5449;10.3516;4646.34;6.22427;0;0;0.1;0.01;0;2.70775;0;0;-1
0;405;-98.443;0.959304;-11.8079;10.2755;4544.62;6.17851;0;0;0.1;0.01;0;3.70468;0;0;-1
0;406;-84.2849;-42.0886;-11.249;9.08598;3141.98;5.46327;0;0;0.1;0.01;0;3.46782;0;0;-1
0;407;-84.3738;-23.5379;-10.3049;10.4098;4725.15;6.25926;0;0;0.1;0.01;0;5.70486;0;0;-1
0;408;-85.2178;-7.13517;-12.485;8.91246;2965.39;5.35893;0;0;0.1;0.01;0;5.26906;0;0;-1
0;409;-83.3478;11.645;-11.9311;10.149;4378.83;6.10245;0;0;0.1;0.01;0;5.92294;0;0;-1
0;410;-84.8143;29.1395;-12.4324;8.5;2572.44;5.11093;0;0;0.1;0.01;0;4.12881;1;0;-1
0;411;-84.0315;42.4968;-11.3137;9.39125;3469.44;5.64682;0;0;0.1;0.01;0;4.12661;0;0;-1
0;412;-70.8122;-68.4411;-10.0628;8.78734;2842.24;5.2837;0;0;0.1;0.01;0;2.13587;0;0;-1
0;413;-69.2293;-49.2651;-11.9986;9.51949;3613.51;5.72393;0;0;0.1;0.01;0;4.76795;0;0;-1
0;414;-69.8922;-32.559;-10.1395;9.37135;3447.43;5.63486;0;0;0.1;0.01;0;6.79651;0;0;-1
0;415;-72.1617;-15.7408;-11.6924;9.40543;3485.17;5.65535;0;0;0.1;0.01;0;6.58741;0;0;-1
0;416;-70.7951;3.17379;-10.3148;8.76929;2824.76;5.27285;0;0;0.1;0.01;0;6.07163;0;0;-1
0;417;-68.3516;17.3712;-12.9498;8.58719;2652.42;5.16335;0;0;0.1;0.01;0;4.93157;0;0;-1
0;418;-69.4912;36.4726;-11.9854;9.59908;3704.91;5.77179;0;0;0.1;0.01;0;6.33987;0;0;-1
0;419;-71.9185;53.787;-13.0223;8.9755;3028.76;5.39684;0;0;0.1;0.01;0;4.41727;0;0;-1
0;420;-54.2923;-75.1334;-9.72333;8.85847;2911.82;5.32647;0;0;0.1;0.01;0;3.81433;0;0;-1
0;421;-56.6177;-58.2395;-12.3494;9.39962;3478.72;5.65186;0;0;0.1;0.01;0;5.38538;0;0;-1
0;422;-57.3306;-39.2056;-10.3177;8.57706;2643.04;5.15726;0;0;0.1;0.01;0;5.56481;0;0;-1
0;423;-57.313;-23.953;-11.8601;8.5;2572.44;5.11093;0;0;0.1;0.01;0;5.49198;1;0;-1
0;424;-55.24;-7.22047;-11.8115;9.00601;3059.75;5.41518;0;0;0.1;0.01;0;5.50067;0;0;-1
0;425;-54.3069;8.59962;-12.5427;10.0595;4264.01;6.04863;0;0;0.1;0.01;0;5.98855;0;0;-1
0;426;-57.3425;29.7691;-12.8217;8.5;2572.44;5.11093;0;0;0.1;0.01;0;5.63875;1;0;-1
0;427;-55.1125;44.7208;-11.828;9.28257;3350.37;5.58147;0;0;0.1;0.01;0;6.85583;0;0;-1
0;428;-57.9525;60.0327;-10.6855;9.74725;3879.14;5.86088;0;0;0.1;0.01;0;5.44913;0;0;-1
0;429;-42.7863;-83.6446;-13.2568;10.0889;4301.5;6.06631;0;0;0.1;0.01;0;4.25787;0;0;-1
0;430;-39.3554;-64.6266;-11.5741;9.79525;3936.73;5.88974;0;0;0.1;0.01;0;5.60822;0;0;-1
0;431;-41.0515;-49.3537;-10.6941;8.52157;2592.07;5.1239;0;0;0.1;0.01;0;5.07805;0;0;-1
0;432;-41.2228;-32.6065;-12.3628;9.80366;3946.87;5.8948;0;0;0.1;0.01;0;6.13846;0;0;-1
0;433;-42.0818;-14.3449;-13.5212;10.014;4206.41;6.02127;0;0;0.1;0.01;0;6.08354;0;0;-1
0;434;-40.9213;3.07333;-10.7875;9.48602;3575.53;5.70381;0;0;0.1;0.01;0;5.76924;0;0;-1
0;435;-39.403;20.0902;-11.208;10.0097;4200.99;6.01869;0;0;0.1;0.01;0;6.27753;0;0;-1
0;436;-42.1275;36.9044;-13.1716;9.33057;3402.62;5.61034;0;0;0.1;0.01;0;7.19918;0;0;-1
0;437;-42.6517;52.2135;-12.628;8.5;2572.44;5.11093;0;0;0.1;0.01;0;5.05239;1;0;-1
0;438;-43.0026;70.6843;-12.557;8.74544;2801.78;5.25851;0;0;0.1;0.01;0;4.72288;0;0;-1
0;439;-43.2551;85.1309;-13.3382;8.5;2572.44;5.11093;0;0;0.1;0.01;0;3.42457;1;0;-1
0;440;-27.9029;-93.1786;-13.0844;9.62079;3730.1;5.78484;0;0;0.1;0.01;0;4.31926;0;0;-1
0;441;-28.1446;-76.8711;-13.0055;10.1441;4372.49;6.0995;0;0;0.1;0.01;0;7.05602;0;0;-1
0;442;-24.6944;-56.574;-12.2857;10.3899;4698.1;6.2473;0;0;0.1;0.01;0;7.30629;0;0;-1
0;443;-27.3656;-41.7517;-10.1885;10.4383;4764.07;6.2764;0;0;0.1;0.01;0;7.6316;0;0;-1
0;444;-26.6317;-22.2855;-11.862;10.2193;4470.46;6.14472;0;0;0.1;0.01;0;6.64823;0;0;-1
0;445;-24.9559;-7.30721;-10.3198;8.54228;2611.02;5.13635;0;0;0.1;0.01;0;4.69745;0;0;-1
0;446;-25.1397;9.14479;-10.2567;9.43114;3513.83;5.67081;0;0;0.1;0.01;0;5.1741;0;0;-1
0;447;-27.4304;28.4643;-10.5816;10.2555;4518.13;6.16648;0;0;0.1;0.01;0;6.15033;0;0;-1
0;448;-28.309;42.9577;-10.7748;9.06343;3118.65;5.44971;0;0;0.1;0.01;0;5.62659;0;0;-1
0;449;-24.4483;59.0676;-12.8458;8.80537;2859.77;5.29454;0;0;0.1;0.01;0;4.53647;0;0;-1
0;450;-24.7743;77.6995;-12.2433;9.85517;4009.41;5.92577;0;0;0.1;0.01;0;6.45254;0;0;-1
0;451;-24.8569;94.6726;-14.0163;10.1999;4445.05;6.13305;0;0;0.1;0.01;0;3.54442;0;0;-1
0;452;-13.5498;-83.3079;-11.0867;8.5;2572.44;5.11093;0;0;0.1;0.01;0;4.45416;1;0;-1
0;453;-12.7674;-65.4497;-13.2567;8.5;2572.44;5.11093;0;0;0.1;0.01;0;5.52483;1;0;-1
0;454;-12.6952;-48.4407;-9.71038;9.49539;3586.14;5.70944;0;0;0.1;0.01;0;6.60658;0;0;-1
0;455;-11.4435;-32.3678;-11.7616;10.4018;4714.27;6.25445;0;0;0.1;0.01;0;7.25764;0;0;-1
0;456;-10.3952;-14.2739;-10.7244;8.5;2572.44;5.11093;0;0;0.1;0.01;0;6.05931;1;0;-1
0;457;-10.7179;0.962922;-11.6027;10.2021;4447.92;6.13437;0;0;0.1;0.01;0;7.15938;0;0;-1
0;458;-10.7334;16.9709;-11.6242;9.08701;3143.05;5.46389;0;0;0.1;0.01;0;5.7683;0;0;-1
0;459;-11.5922;34.2423;-12.539;8.56015;2627.44;5.14709;0;0;0.1;0.01;0;4.61883;0;0;-1
0;460;-10.3538;50.9686;-10.6094;8.54843;2616.66;5.14005;0;0;0.1;0.01;0;5.22147;0;0;-1
0;461;-10.5238;67.4167;-11.6341;9.0735;3129.05;5.45576;0;0;0.1;0.01;0;5.90886;0;0;-1
0;462;-11.7015;87.2579;-12.4322;8.5;2572.44;5.11093;0;0;0.1;0.01;0;4.7946;1;0;-1
0;463;4.39227;-91.5515;-10.5861;8.69412;2752.74;5.22765;0;0;0.1;0.01;0;3.76598;0;0;-1
0;464;1.54467;-75.9986;-12.1237;8.5;2572.44;5.11093;0;0;0.1;0.01;0;5.48932;1;0;-1
0;465;1.345;-59.4787;-12.8558;8.86284;2916.13;5.3291;0;0;0.1;0.01;0;6.06188;0;0;-1
0;466;1.68008;-41.2601;-12.6224;9.63019;3741.05;5.79049;0;0;0.1;0.01;0;6.53593;0;0;-1
0;467;1.26528;-21.5676;-10.4658;9.21799;3280.93;5.54264;0;0;0.1;0.01;0;6.60847;0;0;-1
0;468;1.59478;-7.44552;-12.1295;8.63646;2698.34;5.19298;0;0;0.1;0.01;0;6.12615;0;0;-1
0;469;3.28248;8.17084;-12.2765;10.1133;4332.79;6.08098;0;0;0.1;0.01;0;6.21083;0;0;-1
0;470;3.19218;25.1319;-13.5548;9.05314;3108.04;5.44352;0;0;0.1;0.01;0;4.72303;0;0;-1
0;471;1.98877;43.7637;-10.4965;9.3009;3370.26;5.5925;0;0;0.1;0.01;0;5.57959;0;0;-1
0;472;2.33364;59.5239;-10.7502;9.45512;3540.71;5.68523;0;0;0.1;0.01;0;6.58795;0;0;-1
0;473;2.70896;76.7521;-10.3992;8.91847;2971.39;5.36255;0;0;0.1;0.01;0;6.03127;0;0;-1
0;474;3.0933;94.0393;-11.4657;10.2647;4530.3;6.17202;0;0;0.1;0.01;0;4.45954;0;0;-1
0;475;18.8161;-85.1796;-10.5374;9.35595;3430.46;5.6256;0;0;0.1;0.01;0;5.80052;0;0;-1
0;476;16.0713;-68.1915;-10.5153;9.47166;3559.32;5.69517;0;0;0.1;0.01;0;6.35276;0;0;-1
0;477;15.9642;-51.4711;-9.87339;9.86583;4022.44;5.93218;0;0;0.1;0.01;0;5.77686;0;0;-1
0;478;15.5248;-33.3922;-10.5205;9.65096;3765.3;5.80298;0;0;0.1;0.01;0;5.74159;0;0;-1
0;479;16.0367;-16.2967;-11.4644;8.57311;2639.39;5.15489;0;0;0.1;0.01;0;5.90852;0;0;-1
0;480;16.4183;1.11598;-11.459;9.38448;3461.94;5.64275;0;0;0.1;0.01;0;5.57991;0;0;-1
0;481;19.4904;20.9014;-10.8755;9.88972;4051.73;5.94655;0;0;0.1;0.01;0;6.05028;0;0;-1
0;482;19.6182;38.1889;-13.1707;8.5;2572.44;5.11093;0;0;0.1;0.01;0;5.08549;1;0;-1
0;483;18.1862;54.5352;-11.4691;8.5;2572.44;5.11093;0;0;0.1;0.01;0;4.93114;1;0;-1
0;484;17.3054;71.435;-10.3252;10.3965;4707.06;6.25126;0;0;0.1;0.01;0;7.11089;0;0;-1
0;485;15.6969;84.9708;-12.5729;8.5;2572.44;5.11093;0;0;0.1;0.01;0;5.45135;1;0;-1
0;486;31.9453;-93.7241;-12.0372;8.83098;2884.8;5.30994;0;0;0.1;0.01;0;1.85819;0;0;-1
0;487;33.3598;-76.6502;-12.3234;9.41174;3492.19;5.65914;0;0;0.1;0.01;0;5.6528;0;0;-1
0;488;32.8899;-55.392;-10.3533;9.45135;3536.47;5.68296;0;0;0.1;0.01;0;4.99335;0;0;-1
0;489;34.1664;-38.8903;-10.1249;9.62386;3733.67;5.78669;0;0;0.1;0.01;0;6.14504;0;0;-1
0;490;31.2327;-21.3581;-12.2793;9.89423;4057.28;5.94926;0;0;0.1;0.01;0;7.10799;0;0;-1
0;491;33.1376;-6.33903;-10.7783;8.88235;2935.43;5.34083;0;0;0.1;0.01;0;5.56212;0;0;-1
0;492;33.5025;11.7971;-12.9137;10.3784;4682.52;6.24038;0;0;0.1;0.01;0;7.01836;0;0;-1
0;493;31.4696;29.0532;-10.8357;9.24443;3309.25;5.55854;0;0;0.1;0.01;0;6.82156;0;0;-1
0;494;33.5315;46.262;-13.2483;9.56238;3662.58;5.74972;0;0;0.1;0.01;0;5.98853;0;0;-1
0;495;32.7935;63.4867;-10.3705;8.6173;2680.42;5.18146;0;0;0.1;0.01;0;5.98501;0;0;-1
0;496;32.2647;79.3804;-10.1261;10.0567;4260.45;6.04695;0;0;0.1;0.01;0;6.38619;0;0;-1
0;497;45.9666;-82.9352;-10.7965;8.5;2572.44;5.11093;0;0;0.1;0.01;0;4.15617;1;0;-1
0;498;48.131;-67.8868;-11.4514;9.53328;3629.24;5.73222;0;0;0.1;0.01;0;6.01374;0;0;-1
0;499;47.6961;-47.7293;-11.968;9.34097;3414.01;5.61659;0;0;0.1;0.01;0;6.11725;0;0;-1
0;500;48.6172;-31.7071;-12.5234;9.05733;3112.36;5.44604;0;0;0.1;0.01;0;5.54106;0;0;-1
0;501;45.5573;-14.7408;-10.9482;9.15165;3210.6;5.50275;0;0;0.1;0.01;0;6.2674;0;0;-1
0;502;46.5931;0.437037;-11.0277;10.1585;4391.14;6.10816;0;0;0.1;0.01;0;7.44535;0;0;-1
0;503;47.737;18.1179;-13.4314;10.1742;4411.53;6.1176;0;0;0.1;0.01;0;7.74653;0;0;-1
0;504;47.9015;34.6503;-10.5432;9.51622;3609.79;5.72196;0;0;0.1;0.01;0;6.42818;0;0;-1
0;505;45.9412;55.1949;-12.4974;8.5;2572.44;5.11093;0;0;0.1;0.01;0;5.01885;1;0;-1
0;506;46.2866;68.4928;-10.0139;9.24156;3306.16;5.55682;0;0;0.1;0.01;0;6.17058;0;0;-1
0;507;47.6995;85.6441;-13.0961;8.6403;2701.94;5.19529;0;0;0.1;0.01;0;2.33687;0;0;-1
0;508;61.0924;-74.2459;-11.29;10.3036;4582.01;6.19541;0;0;0.1;0.01;0;3.19984;0;0;-1
0;509;60.306;-56.0664;-13.3002;9.61516;3723.56;5.78146;0;0;0.1;0.01;0;6.39486;0;0;-1
0;510;61.4428;-42.1496;-11.6163;9.39919;3478.24;5.6516;0;0;0.1;0.01;0;6.41279;0;0;-1
0;511;62.5787;-25.782;-11.8635;9.28468;3352.66;5.58274;0;0;0.1;0.01;0;5.84329;0;0;-1
0;512;62.7416;-7.65142;-11.4995;9.83406;3983.7;5.91308;0;0;0.1;0.01;0;6.46846;0;0;-1
0;513;60.7354;9.37194;-12.8109;10.2245;4477.29;6.14784;0;0;0.1;0.01;0;6.6584;0;0;-1
0;514;61.9697;28.7529;-10.2204;9.92591;4096.37;5.96831;0;0;0.1;0.01;0;6.30851;0;0;-1
0;515;62.6749;45.9866;-11.1269;9.50542;3597.51;5.71547;0;0;0.1;0.01;0;5.70262;0;0;-1
0;516;63.2357;63.5901;-10.8016;10.0981;4313.28;6.07184;0;0;0.1;0.01;0;5.33284;0;0;-1
0;517;61.0491;77.9238;-13.789;8.90529;2958.24;5.35462;0;0;0.1;0.01;0;2.77221;0;0;-1
0;518;77.602;-47.5316;-10.8074;8.5;2572.44;5.11093;0;0;0.1;0.01;0;3.89196;1;0;-1
0;519;77.3329;-30.0366;-11.2418;8.60685;2670.68;5.17517;0;0;0.1;0.01;0;5.62929;0;0;-1
0;520;75.2983;-14.4421;-10.8546;10.4528;4783.95;6.28512;0;0;0.1;0.01;0;7.80133;0;0;-1
0;521;74.9451;1.11878;-10.9986;8.5;2572.44;5.11093;0;0;0.1;0.01;0;6.16565;1;0;-1
0;522;76.6071;18.0096;-13.3375;8.69993;2758.26;5.23114;0;0;0.1;0.01;0;5.74913;0;0;-1
0;523;75.0679;34.8531;-12.713;8.5;2572.44;5.11093;0;0;0.1;0.01;0;5.25355;1;0;-1
0;524;75.3413;51.4815;-10.2289;9.24246;3307.13;5.55736;0;0;0.1;0.01;0;5.72117;0;0;-1
0;525;89.5844;-22.177;-11.9522;8.5;2572.44;5.11093;0;0;0.1;0.01;0;3.79129;1;0;-1
0;526;90.0679;-4.25217;-10.1485;9.67018;3787.85;5.81454;0;0;0.1;0.01;0;4.12079;0;0;-1
0;527;89.5563;12.0106;-11.0221;8.94815;3001.15;5.38039;0;0;0.1;0.01;0;4.80385;0;0;-1
0;528;89.429;27.0291;-11.2035;8.57982;2645.59;5.15892;0;0;0.1;0.01;0;4.51217;0;0;-1
0;529;89.2392;43.5637;-9.84125;10.0381;4236.85;6.03576;0;0;0.1;0.01;0;3.29397;0;0;-1
0;530;-93.9366;-16.5781;2.39731;9.45997;3546.16;5.68814;0;0;0.1;0.01;0;3.17123;0;0;-1
0;531;-95.6848;2.73022;3.43268;9.65336;3768.11;5.80443;0;0;0.1;0.01;0;3.78405;0;0;-1
0;532;-95.9055;18.6885;2.15798;10.2032;4449.36;6.13504;0;0;0.1;0.01;0;3.24021;0;0;-1
0;533;-79.6737;-55.9213;3.03536;8.5;2572.44;5.11093;0;0;0.1;0.01;0;2.64031;1;0;-1
0;534;-82.6243;-41.5238;4.68242;9.80047;3943.02;5.89288;0;0;0.1;0.01;0;4.17515;0;0;-1
0;535;-80.5979;-23.2274;2.9711;9.80139;3944.13;5.89343;0;0;0.1;0.01;0;6.45442;0;0;-1
0;536;-79.8686;-6.13694;3.72676;9.46528;3552.13;5.69134;0;0;0.1;0.01;0;5.92455;0;0;-1
0;537;-81.7957;10.3575;2.71514;8.90491;2957.86;5.35439;0;0;0.1;0.01;0;4.70824;0;0;-1
0;538;-80.6003;25.4911;1.20538;8.5;2572.44;5.11093;0;0;0.1;0.01;0;3.69623;1;0;-1
0;539;-82.6844;44.0742;2.76824;10.2457;4505.19;6.16059;0;0;0.1;0.01;0;4.4224;0;0;-1
0;540;-78.9049;61.1274;3.37099;9.4202;3501.62;5.66423;0;0;0.1;0.01;0;2.55988;0;0;-1
0;541;-63.8833;-65.5042;1.67397;8.86781;2921.04;5.33209;0;0;0.1;0.01;0;4.00857;0;0;-1
0;542;-64.2774;-47.2873;4.39992;10.2617;4526.33;6.17021;0;0;0.1;0.01;0;6.23357;0;0;-1
0;543;-68.3931;-33.0492;3.55425;8.92266;2975.58;5.36507;0;0;0.1;0.01;0;5.75804;0;0;-1
0;544;-67.7977;-14.8224;1.72294;10.4365;4761.6;6.27532;0;0;0.1;0.01;0;6.92623;0;0;-1
0;545;-67.1966;0.400964;3.73803;10.3306;4618.12;6.21164;0;0;0.1;0.01;0;6.93274;0;0;-1
0;546;-64.7294;17.1273;3.3658;10.4477;4776.95;6.28205;0;0;0.1;0.01;0;6.01974;0;0;-1
0;547;-65.1809;36.5239;3.09348;10.4249;4745.74;6.26834;0;0;0.1;0.01;0;6.60261;0;0;-1
0;548;-65.564;52.0277;3.22789;9.47993;3568.65;5.70014;0;0;0.1;0.01;0;5.47997;0;0;-1
0;549;-64.9448;70.4144;3.16134;8.5;2572.44;5.11093;0;0;0.1;0.01;0;2.34803;1;0;-1
0;550;-49.9054;-75.3366;3.2421;8.5823;2647.89;5.16041;0;0;0.1;0.01;0;5.0055;0;0;-1
0;551;-50.3452;-59.3876;4.21101;8.71413;2771.79;5.23968;0;0;0.1;0.01;0;5.50477;0;0;-1
0;552;-50.9555;-42.3252;3.33512;8.72965;2786.63;5.24901;0;0;0.1;0.01;0;5.46214;0;0;-1
0;553;-52.1119;-24.4745;3.65848;8.58632;2651.61;5.16283;0;0;0.1;0.01;0;4.18608;0;0;-1
0;554;-49.6378;-5.38101;2.15143;8.5;2572.44;5.11093;0;0;0.1;0.01;0;4.35398;1;0;-1
0;555;-52.3013;10.0552;3.75175;8.5;2572.44;5.11093;0;0;0.1;0.01;0;4.98687;1;0;-1
0;556;-52.7562;25.8388;2.70428;8.5;2572.44;5.11093;0;0;0.1;0.01;0;5.48492;1;0;-1
0;557;-50.2705;42.9858;5.11555;9.8444;3996.28;5.91929;0;0;0.1;0.01;0;5.97329;0;0;-1
0;558;-50.7517;63.4596;1.83341;9.04923;3104.01;5.44117;0;0;0.1;0.01;0;5.21374;0;0;-1
0;559;-51.4548;78.1198;1.28835;9.76208;3896.87;5.8698;0;0;0.1;0.01;0;4.43649;0;0;-1
0;560;-34.9781;-84.0154;3.44341;9.36644;3442.01;5.6319;0;0;0.1;0.01;0;5.15467;0;0;-1
0;561;-38.4997;-67.3832;3.25153;9.15764;3216.91;5.50636;0;0;0.1;0.01;0;5.35407;0;0;-1
0;562;-36.7042;-50.389;4.11748;8.5;2572.44;5.11093;0;0;0.1;0.01;0;5.17169;1;0;-1
0;563;-35.8314;-32.6236;2.67957;9.95707;4135.07;5.98704;0;0;0.1;0.01;0;6.05361;0;0;-1
0;564;-38.078;-14.0871;3.15325;8.97516;3028.41;5.39663;0;0;0.1;0.01;0;4.98377;0;0;-1
0;565;-36.6346;3.18076;4.03808;8.90095;2953.91;5.35201;0;0;0.1;0.01;0;5.85598;0;0;-1
0;566;-38.14;19.9735;2.91631;10.1518;4382.46;6.10413;0;0;0.1;0.01;0;6.86604;0;0;-1
0;567;-38.1985;36.3048;1.02575;8.89588;2948.87;5.34896;0;0;0.1;0.01;0;5.93212;0;0;-1
0;568;-35.4182;50.8424;2.86321;9.82839;3976.82;5.90967;0;0;0.1;0.01;0;5.01463;0;0;-1
0;569;-35.7464;71.74;1.34109;10.4423;4769.55;6.2788;0;0;0.1;0.01;0;6.28702;0;0;-1
0;570;-35.3281;87.8895;3.28976;9.58234;3685.56;5.76172;0;0;0.1;0.01;0;5.14428;0;0;-1
0;571;-20.7806;-93.656;1.59925;9.51832;3612.18;5.72323;0;0;0.1;0.01;0;4.31243;0;0;-1
0;572;-20.5619;-76.6039;4.59147;8.53528;2604.61;5.13214;0;0;0.1;0.01;0;5.26396;0;0;-1
0;573;-23.622;-57.6368;1.54331;9.2155;3278.27;5.54115;0;0;0.1;0.01;0;6.0042;0;0;-1
0;574;-23.2237;-40.3591;2.14575;9.25268;3318.11;5.5635;0;0;0.1;0.01;0;6.41732;0;0;-1
0;575;-21.1646;-23.0828;3.57344;8.5;2572.44;5.11093;0;0;0.1;0.01;0;5.3981;1;0;-1
0;576;-20.5775;-5.19198;3.34258;8.55675;2624.31;5.14505;0;0;0.1;0.01;0;6.16102;0;0;-1
0;577;-20.1912;9.99441;4.07119;10.1133;4332.79;6.08098;0;0;0.1;0.01;0;6.89964;0;0;-1
0;578;-23.9402;27.5223;1.88719;8.5874;2652.61;5.16348;0;0;0.1;0.01;0;3.9926;0;0;-1
0;579;-19.9292;46.999;1.83155;9.19996;3261.72;5.5318;0;0;0.1;0.01;0;4.54731;0;0;-1
0;580;-22.0319;63.3231;2.16422;9.89483;4058.01;5.94962;0;0;0.1;0.01;0;6.65826;0;0;-1
0;581;-22.1882;77.5574;1.90971;9.60554;3712.39;5.77567;0;0;0.1;0.01;0;6.19895;0;0;-1
0;582;-23.3668;96.235;1.35944;9.90756;4073.7;5.95727;0;0;0.1;0.01;0;3.42027;0;0;-1
0;583;-7.07247;-98.9523;0.927041;10.0776;4287.06;6.05951;0;0;0.1;0.01;0;2.97366;0;0;-1
0;584;-5.64725;-81.0535;3.71785;8.73414;2790.93;5.25171;0;0;0.1;0.01;0;5.62543;0;0;-1
0;585;-9.08565;-66.6452;2.77081;10.3839;4689.97;6.24369;0;0;0.1;0.01;0;5.7512;0;0;-1
0;586;-7.63173;-49.2515;2.31215;8.64791;2709.08;5.19986;0;0;0.1;0.01;0;5.0953;0;0;-1
0;587;-7.46408;-29.9755;2.51476;9.4445;3528.79;5.67884;0;0;0.1;0.01;0;6.35207;0;0;-1
0;588;-8.7803;-14.1939;3.11732;9.71029;3835.18;5.83866;0;0;0.1;0.01;0;6.88076;0;0;-1
0;589;-7.88798;1.80751;3.77347;8.5;2572.44;5.11093;0;0;0.1;0.01;0;5.89963;1;0;-1
0;590;-6.29551;17.3591;1.34011;8.51996;2590.61;5.12293;0;0;0.1;0.01;0;5.93086;0;0;-1
0;591;-6.16604;34.6549;3.7023;9.22465;3288.05;5.54665;0;0;0.1;0.01;0;5.50807;0;0;-1
0;592;-5.76036;51.8003;3.53867;8.5;2572.44;5.11093;0;0;0.1;0.01;0;5.86967;1;0;-1
0;593;-7.56689;71.7866;2.33074;10.3283;4615.04;6.21026;0;0;0.1;0.01;0;6.8547;0;0;-1
0;594;-9.20657;88.3785;3.6811;9.77079;3907.31;5.87503;0;0;0.1;0.01;0;4.97609;0;0;-1
0;595;8.04115;-92.1723;3.09674;8.71605;2773.63;5.24083;0;0;0.1;0.01;0;4.70664;0;0;-1
0;596;8.63554;-76.09;1.82733;9.61678;3725.44;5.78243;0;0;0.1;0.01;0;7.03946;0;0;-1
0;597;5.95208;-58.9248;1.68826;10.096;4310.59;6.07058;0;0;0.1;0.01;0;6.91866;0;0;-1
0;598;7.03397;-42.7383;3.59035;9.83689;3987.15;5.91478;0;0;0.1;0.01;0;6.72607;0;0;-1
0;599;7.54722;-24.9335;1.84761;9.5353;3631.55;5.73344;0;0;0.1;0.01;0;6.50598;0;0;-1
0;600;9.35874;-8.4585;4.44151;10.1237;4346.17;6.08723;0;0;0.1;0.01;0;5.92994;0;0;-1
0;601;5.73592;10.4499;2.77599;8.89902;2951.99;5.35085;0;0;0.1;0.01;0;4.96026;0;0;-1
0;602;7.62862;25.4203;2.12164;9.91149;4078.55;5.95964;0;0;0.1;0.01;0;6.08884;0;0;-1
0;603;8.38433;44.0601;2.34498;8.5;2572.44;5.11093;0;0;0.1;0.01;0;5.04617;1;0;-1
0;604;6.91065;60.3845;1.62329;8.5;2572.44;5.11093;0;0;0.1;0.01;0;5.65629;1;0;-1
0;605;8.80324;76.505;2.67586;8.62821;2690.61;5.18802;0;0;0.1;0.01;0;5.79689;0;0;-1
0;606;5.61307;97.9078;1.52116;9.70502;3828.93;5.83549;0;0;0.1;0.01;0;2.82532;0;0;-1
0;607;20.4537;-85.2895;2.17308;8.5;2572.44;5.11093;0;0;0.1;0.01;0;4.15333;1;0;-1
0;608;23.7085;-66.3265;2.7389;10.1485;4378.19;6.10215;0;0;0.1;0.01;0;5.92313;0;0;-1
0;609;22.3818;-47.358;4.38831;8.61569;2678.91;5.18049;0;0;0.1;0.01;0;4.58212;0;0;-1
0;610;21.7436;-31.0885;1.4784;8.5;2572.44;5.11093;0;0;0.1;0.01;0;5.78902;1;0;-1
0;611;21.4334;-14.704;1.49759;8.5;2572.44;5.11093;0;0;0.1;0.01;0;5.46957;1;0;-1
0;612;23.2014;4.33757;1.1993;9.49255;3582.92;5.70773;0;0;0.1;0.01;0;5.44867;0;0;-1
0;613;23.3871;20.8316;4.6748;9.56391;3664.33;5.75064;0;0;0.1;0.01;0;6.83841;0;0;-1
0;614;21.9807;37.2968;4.96727;8.5;2572.44;5.11093;0;0;0.1;0.01;0;5.65933;1;0;-1
0;615;22.7766;51.4239;3.72649;9.88732;4048.78;5.9451;0;0;0.1;0.01;0;6.64401;0;0;-1
0;616;21.1353;67.7538;1.65581;9.16445;3224.09;5.51045;0;0;0.1;0.01;0;5.95714;0;0;-1
0;617;21.4054;89.4934;1.13743;10.1186;4339.6;6.08417;0;0;0.1;0.01;0;4.04355;0;0;-1
0;618;38.0421;-75.925;1.6588;9.44408;3528.32;5.67859;0;0;0.1;0.01;0;6.03207;0;0;-1
0;619;38.5543;-59.5999;4.02551;8.64248;2703.98;5.1966;0;0;0.1;0.01;0;5.22586;0;0;-1
0;620;34.9047;-40.1455;3.41133;8.9796;3032.91;5.3993;0;0;0.1;0.01;0;5.44903;0;0;-1
0;621;35.0463;-25.7238;1.19949;9.54414;3641.66;5.73875;0;0;0.1;0.01;0;6.10612;0;0;-1
0;622;38.0168;-8.85158;4.48702;9.35846;3433.22;5.62711;0;0;0.1;0.01;0;6.01309;0;0;-1
0;623;37.2348;9.08999;1.45648;9.51894;3612.89;5.7236;0;0;0.1;0.01;0;5.74651;0;0;-1
0;624;36.6628;27.2504;2.86925;9.98295;4167.4;6.0026;0;0;0.1;0.01;0;6.51361;0;0;-1
0;625;35.9288;44.5355;1.2127;10.3932;4702.58;6.24928;0;0;0.1;0.01;0;6.8779;0;0;-1
0;626;36.0999;62.7052;3.8314;10.293;4567.88;6.18903;0;0;0.1;0.01;0;7.82444;0;0;-1
0;627;37.6628;80.0031;2.52623;10.395;4705.03;6.25036;0;0;0.1;0.01;0;5.13836;0;0;-1
0;628;50.8412;-83.5265;2.89665;8.5;2572.44;5.11093;0;0;0.1;0.01;0;2.98905;1;0;-1
0;629;52.1832;-64.6096;4.04484;9.83279;3982.16;5.91231;0;0;0.1;0.01;0;5.58643;0;0;-1
0;630;50.3221;-48.4689;3.25758;10.1367;4362.93;6.09505;0;0;0.1;0.01;0;6.36248;0;0;-1
0;631;53.403;-33.6501;4.79308;8.5;2572.44;5.11093;0;0;0.1;0.01;0;5.81209;1;0;-1
0;632;51.3837;-15.825;2.99202;8.60239;2666.53;5.17249;0;0;0.1;0.01;0;5.11749;0;0;-1
0;633;52.1587;1.13883;2.46501;8.51441;2585.55;5.11959;0;0;0.1;0.01;0;5.435;0;0;-1
0;634;52.3765;17.0454;1.66443;9.47502;3563.11;5.69719;0;0;0.1;0.01;0;7.31204;0;0;-1
0;635;50.1802;34.3878;2.73281;9.80689;3950.78;5.89674;0;0;0.1;0.01;0;6.23252;0;0;-1
0;636;51.3745;54.6333;4.70718;8.5;2572.44;5.11093;0;0;0.1;0.01;0;5.01679;1;0;-1
0;637;50.0058;67.7119;3.25644;9.09874;3155.24;5.47094;0;0;0.1;0.01;0;4.69941;0;0;-1
0;638;68.057;-56.0601;4.68869;9.91865;4087.39;5.96394;0;0;0.1;0.01;0;4.38878;0;0;-1
0;639;67.5931;-39.0427;2.40641;9.67029;3787.97;5.81461;0;0;0.1;0.01;0;7.0906;0;0;-1
0;640;64.7283;-24.162;3.89696;8.59961;2663.94;5.17082;0;0;0.1;0.01;0;5.67708;0;0;-1
0;641;67.8248;-6.65572;4.43112;8.5;2572.44;5.11093;0;0;0.1;0.01;0;4.866;1;0;-1
0;642;65.6276;12.2017;3.83668;10.2544;4516.68;6.16582;0;0;0.1;0.01;0;6.72016;0;0;-1
0;643;65.4883;25.9327;3.943;8.5;2572.44;5.11093;0;0;0.1;0.01;0;6.09831;1;0;-1
0;644;66.9162;44.3104;4.36172;9.40417;3483.77;5.65459;0;0;0.1;0.01;0;5.69741;0;0;-1
0;645;67.4213;60.178;4.32357;9.78995;3930.34;5.88655;0;0;0.1;0.01;0;4.46596;0;0;-1
0;646;82.3273;-47.395;5.10086;9.16647;3226.23;5.51167;0;0;0.1;0.01;0;3.67573;0;0;-1
0;647;82.1693;-33.1099;3.18638;10.4059;4719.84;6.25692;0;0;0.1;0.01;0;5.82315;0;0;-1
0;648;81.3941;-15.7985;3.84136;9.58771;3691.76;5.76495;0;0;0.1;0.01;0;6.48921;0;0;-1
0;649;79.7776;0.0546794;1.87613;9.17655;3236.88;5.51773;0;0;0.1;0.01;0;5.72782;0;0;-1
0;650;80.9747;18.258;2.4466;9.17519;3235.44;5.51691;0;0;0.1;0.01;0;6.64303;0;0;-1
0;651;82.5352;36.1056;4.09291;10.3563;4652.67;6.22709;0;0;0.1;0.01;0;5.55277;0;0;-1
0;652;82.8008;55.2979;4.89275;9.98006;4163.78;6.00087;0;0;0.1;0.01;0;2.84923;0;0;-1
0;653;95.8388;-23.3875;2.10184;10.372;4673.86;6.23653;0;0;0.1;0.01;0;3.6287;0;0;-1
0;654;96.3571;-7.56294;4.22565;9.30892;3378.99;5.59732;0;0;0.1;0.01;0;3.4071;0;0;-1
0;655;94.5279;12.1131;1.93155;9.59168;3696.35;5.76734;0;0;0.1;0.01;0;4.21227;0;0;-1
0;656;94.3125;26.6324;4.47814;10.0281;4224.2;6.02975;0;0;0.1;0.01;0;4.46454;0;0;-1
0;657;-86.8359;-40.7505;19.2043;10.0139;4206.28;6.02121;0;0;0.1;0.01;0;3.22234;0;0;-1
0;658;-85.079;-21.174;18.554;9.39531;3473.94;5.64926;0;0;0.1;0.01;0;3.28231;0;0;-1
0;659;-84.8771;-4.99201;19.2696;9.9256;4095.99;5.96812;0;0;0.1;0.01;0;4.60325;0;0;-1
0;660;-86.6504;10.4784;17.1929;9.41782;3498.97;5.6628;0;0;0.1;0.01;0;4.71493;0;0;-1
0;661;-85.7237;27.1051;18.3035;8.5;2572.44;5.11093;0;0;0.1;0.01;0;3.21738;1;0;-1
0;662;-84.2549;45.3288;18.9255;8.68184;2741.09;5.22026;0;0;0.1;0.01;0;2.72858;0;0;-1
0;663;-72.1105;-63.6395;19.8445;9.46219;3548.65;5.68948;0;0;0.1;0.01;0;3.35602;0;0;-1
0;664;-70.8106;-48.564;16.6723;9.04696;3101.68;5.43981;0;0;0.1;0.01;0;6.11221;0;0;-1
0;665;-68.9838;-33.8711;19.1838;8.5;2572.44;5.11093;0;0;0.1;0.01;0;5.46746;1;0;-1
0;666;-71.9567;-13.1849;19.0192;9.90376;4069.01;5.95499;0;0;0.1;0.01;0;7.23499;0;0;-1
0;667;-69.388;2.17391;19.7087;9.7357;3865.36;5.85394;0;0;0.1;0.01;0;6.93175;0;0;-1
0;668;-70.2498;18.6423;19.3012;9.64972;3763.85;5.80224;0;0;0.1;0.01;0;5.80123;0;0;-1
0;669;-70.2946;34.2568;16.7404;8.77909;2834.24;5.27874;0;0;0.1;0.01;0;4.32239;0;0;-1
0;670;-70.256;52.885;16.2621;8.5;2572.44;5.11093;0;0;0.1;0.01;0;3.91416;1;0;-1
0;671;-58.0237;-74.9472;17.1191;10.065;4271;6.05194;0;0;0.1;0.01;0;4.51365;0;0;-1
0;672;-57.5013;-58.6525;18.7028;9.47117;3558.77;5.69488;0;0;0.1;0.01;0;6.43858;0;0;-1
0;673;-56.2026;-39.5365;17.4584;10.2399;4497.55;6.1571;0;0;0.1;0.01;0;7.40256;0;0;-1
0;674;-57.0848;-23.2719;16.9217;8.9323;2985.23;5.37086;0;0;0.1;0.01;0;5.73425;0;0;-1
0;675;-55.1854;-6.46383;16.0537;9.97374;4155.88;5.99707;0;0;0.1;0.01;0;6.24402;0;0;-1
0;676;-57.1255;8.61582;17.409;8.70387;2762.01;5.23351;0;0;0.1;0.01;0;5.38366;0;0;-1
0;677;-55.3815;26.771;16.7957;9.65507;3770.12;5.80545;0;0;0.1;0.01;0;5.70789;0;0;-1
0;678;-54.9739;46.9011;18.9444;8.5;2572.44;5.11093;0;0;0.1;0.01;0;4.35091;1;0;-1
0;679;-53.9892;61.936;18.2837;8.67427;2733.93;5.21571;0;0;0.1;0.01;0;3.80599;0;0;-1
0;680;-53.795;78.0509;19.6611;9.60026;3706.27;5.7725;0;0;0.1;0.01;0;2.63813;0;0;-1
0;681;-41.6993;-84.6144;16.8504;9.64536;3758.75;5.79962;0;0;0.1;0.01;0;4.32878;0;0;-1
0;682;-40.6284;-67.4696;17.7371;8.98447;3037.85;5.40223;0;0;0.1;0.01;0;5.5139;0;0;-1
0;683;-40.4634;-47.7826;16.7439;9.09298;3149.25;5.46748;0;0;0.1;0.01;0;5.25961;0;0;-1
0;684;-42.5306;-33.0278;18.1956;9.56256;3662.78;5.74983;0;0;0.1;0.01;0;6.35544;0;0;-1
0;685;-42.1523;-13.759;16.4855;8.5;2572.44;5.11093;0;0;0.1;0.01;0;4.9161;1;0;-1
0;686;-39.9877;2.28012;17.7204;8.8338;2887.56;5.31164;0;0;0.1;0.01;0;5.08344;0;0;-1
0;687;-42.2106;18.6829;18.4652;8.81873;2872.81;5.30257;0;0;0.1;0.01;0;5.43334;0;0;-1
0;688;-41.1652;33.7372;18.2743;8.97255;3025.77;5.39506;0;0;0.1;0.01;0;5.19036;0;0;-1
0;689;-39.7053;53.2096;18.5429;8.97931;3032.62;5.39913;0;0;0.1;0.01;0;4.73876;0;0;-1
0;690;-39.5874;71.4833;16.3976;10.2106;4459.05;6.13949;0;0;0.1;0.01;0;5.90399;0;0;-1
0;691;-41.597;87.7463;18.5467;8.98874;3042.18;5.4048;0;0;0.1;0.01;0;2.92935;0;0;-1
0;692;-27.7614;-93.455;16.8268;10.4523;4783.26;6.28482;0;0;0.1;0.01;0;3.97889;0;0;-1
0;693;-27.509;-72.8554;18.4999;9.83112;3980.13;5.91131;0;0;0.1;0.01;0;6.16594;0;0;-1
0;694;-25.3699;-56.7094;16.2777;8.5;2572.44;5.11093;0;0;0.1;0.01;0;4.44959;1;0;-1
0;695;-24.5033;-40.3789;17.8387;8.88227;2935.35;5.34078;0;0;0.1;0.01;0;5.48617;0;0;-1
0;696;-28.3592;-24.721;16.3212;9.59361;3698.58;5.7685;0;0;0.1;0.01;0;6.04839;0;0;-1
0;697;-28.3794;-7.18689;16.018;9.33032;3402.34;5.61019;0;0;0.1;0.01;0;5.2933;0;0;-1
0;698;-26.96;10.6783;16.4886;9.60486;3711.6;5.77526;0;0;0.1;0.01;0;6.09204;0;0;-1
0;699;-27.4537;28.0464;17.3648;9.05772;3112.76;5.44628;0;0;0.1;0.01;0;5.12854;0;0;-1
0;700;-25.459;45.9316;17.6339;9.58543;3689.13;5.76358;0;0;0.1;0.01;0;5.76709;0;0;-1
0;701;-28.1562;62.0583;16.4027;9.01678;3070.74;5.42166;0;0;0.1;0.01;0;5.90484;0;0;-1
0;702;-27.4122;80.4122;16.3129;10.1887;4430.42;6.12632;0;0;0.1;0.01;0;5.89079;0;0;-1
0;703;-13.2918;-83.6106;17.6399;9.77088;3907.42;5.87509;0;0;0.1;0.01;0;5.45542;0;0;-1
0;704;-13.7357;-65.6431;17.0243;8.5;2572.44;5.11093;0;0;0.1;0.01;0;4.20752;1;0;-1
0;705;-11.181;-47.5337;16.2702;9.7905;3931;5.88689;0;0;0.1;0.01;0;5.44844;0;0;-1
0;706;-12.3535;-30.7862;19.3451;8.63701;2698.85;5.19331;0;0;0.1;0.01;0;5.76221;0;0;-1
0;707;-11.5487;-16.1876;17.4758;9.71429;3839.92;5.84106;0;0;0.1;0.01;0;6.34218;0;0;-1
0;708;-13.6718;1.66247;17.1284;10.0878;4300.09;6.06565;0;0;0.1;0.01;0;7.02401;0;0;-1
0;709;-13.1783;20.7902;16.6113;10.0841;4295.36;6.06342;0;0;0.1;0.01;0;6.26933;0;0;-1
0;710;-10.9517;37.3197;17.2924;8.97727;3030.55;5.3979;0;0;0.1;0.01;0;5.49538;0;0;-1
0;711;-10.022;52.3589;18.3011;10.1287;4352.61;6.09024;0;0;0.1;0.01;0;6.64268;0;0;-1
0;712;-11.6709;68.4276;18.366;8.59754;2662.02;5.16958;0;0;0.1;0.01;0;5.20797;0;0;-1
0;713;-11.0535;85.2579;18.6698;8.5;2572.44;5.11093;0;0;0.1;0.01;0;3.73841;1;0;-1
0;714;1.68398;-91.9847;17.4355;10.248;4508.23;6.16197;0;0;0.1;0.01;0;3.90796;0;0;-1
0;715;4.58404;-72.2697;15.9823;8.68782;2746.76;5.22386;0;0;0.1;0.01;0;5.15461;0;0;-1
0;716;2.82013;-56.9699;17.3349;8.5;2572.44;5.11093;0;0;0.1;0.01;0;5.54503;1;0;-1
0;717;2.96241;-39.853;16.6748;9.887;4048.39;5.94491;0;0;0.1;0.01;0;6.58594;0;0;-1
0;718;2.38729;-24.4681;16.4682;8.82136;2875.38;5.30416;0;0;0.1;0.01;0;5.63548;0;0;-1
0;719;4.97198;-8.37457;17.111;8.57217;2638.52;5.15432;0;0;0.1;0.01;0;4.74389;0;0;-1
0;720;4.17427;9.65226;16.3842;9.89258;4055.25;5.94826;0;0;0.1;0.01;0;4.89037;0;0;-1
0;721;2.16038;28.5084;16.642;9.95865;4137.04;5.98799;0;0;0.1;0.01;0;6.24784;0;0;-1
0;722;2.53401;46.1863;15.6149;8.5982;2662.63;5.16997;0;0;0.1;0.01;0;5.80237;0;0;-1
0;723;2.6615;63.4029;15.8925;10.4039;4717.12;6.25571;0;0;0.1;0.01;0;6.71172;0;0;-1
0;724;0.993069;77.9658;15.9357;8.66392;2724.16;5.20949;0;0;0.1;0.01;0;5.68462;0;0;-1
0;725;4.69523;93.0909;17.7731;8.70908;2766.98;5.23664;0;0;0.1;0.01;0;2.89395;0;0;-1
0;726;17.7761;-82.3781;17.1064;10.0453;4245.97;6.04009;0;0;0.1;0.01;0;5.13155;0;0;-1
0;727;15.8003;-64.4118;16.3825;8.5;2572.44;5.11093;0;0;0.1;0.01;0;4.94478;1;0;-1
0;728;16.0241;-50.0872;18.309;9.61978;3728.93;5.78423;0;0;0.1;0.01;0;5.55485;0;0;-1
0;729;18.9346;-33.9809;18.1061;8.5;2572.44;5.11093;0;0;0.1;0.01;0;4.31521;1;0;-1
0;730;18.3555;-17.0106;17.3428;9.30503;3374.75;5.59498;0;0;0.1;0.01;0;5.77429;0;0;-1
0;731;17.4632;2.71979;18.4876;8.54447;2613.03;5.13767;0;0;0.1;0.01;0;4.73852;0;0;-1
0;732;16.5782;21.1414;16.2225;9.14026;3198.63;5.49591;0;0;0.1;0.01;0;6.27637;0;0;-1
0;733;16.5152;37.0676;17.4428;8.88866;2941.69;5.34462;0;0;0.1;0.01;0;5.88877;0;0;-1
0;734;19.6645;52.9315;17.6892;8.85858;2911.93;5.32654;0;0;0.1;0.01;0;5.16794;0;0;-1
0;735;16.4152;69.7757;17.3885;8.51644;2587.4;5.12081;0;0;0.1;0.01;0;5.15577;0;0;-1
0;736;17.9169;85.6741;16.456;9.17315;3233.29;5.51568;0;0;0.1;0.01;0;3.5662;0;0;-1
0;737;33.1749;-92.4835;15.9329;9.05955;3114.64;5.44738;0;0;0.1;0.01;0;1.68983;0;0;-1
0;738;33.7889;-73.7668;16.1;9.51316;3606.31;5.72013;0;0;0.1;0.01;0;5.47794;0;0;-1
0;739;33.1789;-55.2468;18.0141;9.15668;3215.9;5.50578;0;0;0.1;0.01;0;4.54168;0;0;-1
0;740;33.6514;-39.0248;18.0698;8.5;2572.44;5.11093;0;0;0.1;0.01;0;5.3299;1;0;-1
0;741;31.4387;-24.4834;16.3394;9.37929;3456.2;5.63963;0;0;0.1;0.01;0;6.4827;0;0;-1
0;742;30.7109;-8.05874;18.5929;9.30862;3378.66;5.59714;0;0;0.1;0.01;0;5.49789;0;0;-1
0;743;30.5319;11.5655;17.0213;8.87722;2930.35;5.33774;0;0;0.1;0.01;0;5.13256;0;0;-1
0;744;32.1;26.876;16.7677;8.78131;2836.39;5.28007;0;0;0.1;0.01;0;5.40118;0;0;-1
0;745;33.2189;45.7682;16.5286;8.5;2572.44;5.11093;0;0;0.1;0.01;0;5.28876;1;0;-1
0;746;30.4854;63.4353;19.4784;9.08213;3137.99;5.46095;0;0;0.1;0.01;0;6.81721;0;0;-1
0;747;30.651;77.8155;17.8479;9.25776;3323.58;5.56656;0;0;0.1;0.01;0;5.18331;0;0;-1
0;748;45.309;-81.2471;16.0894;9.99665;4184.58;6.01084;0;0;0.1;0.01;0;4.70938;0;0;-1
0;749;48.9051;-67.6414;17.009;8.61752;2680.62;5.18159;0;0;0.1;0.01;0;5.08276;0;0;-1
0;750;47.5149;-48.1693;18.593;8.5;2572.44;5.11093;0;0;0.1;0.01;0;4.60358;1;0;-1
0;751;46.7628;-31.8998;16.6171;9.52674;3621.78;5.72829;0;0;0.1;0.01;0;6.82876;0;0;-1
0;752;46.3601;-15.315;17.5059;9.96599;4146.2;5.99241;0;0;0.1;0.01;0;6.40183;0;0;-1
0;753;46.2052;4.39311;19.4791;9.61473;3723.06;5.7812;0;0;0.1;0.01;0;5.43227;0;0;-1
0;754;48.7886;20.4698;17.3378;9.77667;3914.37;5.87857;0;0;0.1;0.01;0;6.2294;0;0;-1
0;755;46.8601;34.8796;18.9819;8.5;2572.44;5.11093;0;0;0.1;0.01;0;5.2348;1;0;-1
0;756;45.0847;54.0919;16.5892;10.1386;4365.39;6.09619;0;0;0.1;0.01;0;6.57584;0;0;-1
0;757;46.9804;68.9762;17.7802;8.7934;2848.13;5.28734;0;0;0.1;0.01;0;5.04341;0;0;-1
0;758;45.9444;86.0499;19.6668;8.5;2572.44;5.11093;0;0;0.1;0.01;0;1.28199;1;0;-1
0;759;61.224;-75.4448;17.486;9.74749;3879.42;5.86102;0;0;0.1;0.01;0;2.82123;0;0;-1
0;760;62.3038;-57.9561;18.1602;8.5;2572.44;5.11093;0;0;0.1;0.01;0;4.94913;1;0;-1
0;761;62.5614;-38.7119;16.7054;10.097;4311.87;6.07118;0;0;0.1;0.01;0;7.49658;0;0;-1
0;762;60.4194;-24.2779;16.5095;9.90118;4065.83;5.95344;0;0;0.1;0.01;0;7.54507;0;0;-1
0;763;60.3748;-7.40156;16.7539;8.93108;2984.01;5.37013;0;0;0.1;0.01;0;4.81197;0;0;-1
0;764;62.4595;10.6041;16.9709;9.45392;3539.36;5.6845;0;0;0.1;0.01;0;5.78089;0;0;-1
0;765;61.6877;28.5316;16.4785;10.2254;4478.47;6.14838;0;0;0.1;0.01;0;7.22252;0;0;-1
0;766;61.8677;45.2108;19.04;8.67367;2733.36;5.21535;0;0;0.1;0.01;0;6.08075;0;0;-1
0;767;62.2927;63.6362;19.0455;10.0225;4217.13;6.02638;0;0;0.1;0.01;0;4.83367;0;0;-1
0;768;75.9059;-50.2068;19.5136;8.70096;2759.24;5.23176;0;0;0.1;0.01;0;3.01287;0;0;-1
0;769;76.0475;-33.481;18.3431;10.0886;4301.12;6.06613;0;0;0.1;0.01;0;6.1325;0;0;-1
0;770;77.6168;-16.9546;16.7493;8.5;2572.44;5.11093;0;0;0.1;0.01;0;4.96124;1;0;-1
0;771;74.8834;0.853678;19.4106;8.71841;2775.88;5.24225;0;0;0.1;0.01;0;4.44558;0;0;-1
0;772;76.4907;20.1069;16.1826;9.82373;3971.16;5.90687;0;0;0.1;0.01;0;6.53884;0;0;-1
0;773;74.82;37.9212;19.073;10.3722;4674.14;6.23665;0;0;0.1;0.01;0;6.73564;0;0;-1
0;774;76.523;52.4274;18.7601;8.77615;2831.4;5.27697;0;0;0.1;0.01;0;4.58015;0;0;-1
0;775;91.5309;-22.0679;18.6373;9.7875;3927.39;5.88508;0;0;0.1;0.01;0;4.34485;0;0;-1
0;776;92.7482;-7.35688;19.9322;8.5;2572.44;5.11093;0;0;0.1;0.01;0;2.6194;1;0;-1
0;777;91.698;9.3285;16.2204;9.05672;3111.73;5.44567;0;0;0.1;0.01;0;2.52752;0;0;-1
0;778;89.4652;26.8413;17.3918;9.35384;3428.14;5.62433;0;0;0.1;0.01;0;4.07865;0;0;-1
0;779;-93.5878;2.41166;34.5595;8.55786;2625.33;5.14572;0;0;0.1;0.01;0;2.84499;0;0;-1
0;780;-82.0424;-39.7117;31.6342;9.85962;4014.85;5.92845;0;0;0.1;0.01;0;3.15455;0;0;-1
0;781;-79.6857;-25.0905;32.4567;9.32437;3395.84;5.60661;0;0;0.1;0.01;0;4.25192;0;0;-1
0;782;-79.0014;-6.0905;34.0236;9.22038;3283.49;5.54408;0;0;0.1;0.01;0;5.97734;0;0;-1
0;783;-80.1789;10.0447;31.8137;8.73128;2788.19;5.24999;0;0;0.1;0.01;0;4.89436;0;0;-1
0;784;-82.7022;25.8733;30.9237;9.40262;3482.05;5.65366;0;0;0.1;0.01;0;2.7483;0;0;-1
0;785;-79.9059;46.0315;31.3447;8.54151;2610.31;5.13589;0;0;0.1;0.01;0;2.20391;0;0;-1
0;786;-65.9598;-66.8864;33.9551;9.46889;3556.2;5.69351;0;0;0.1;0.01;0;3.41809;0;0;-1
0;787;-66.6269;-47.675;32.2366;9.70994;3834.76;5.83845;0;0;0.1;0.01;0;4.79154;0;0;-1
0;788;-64.3034;-30.7705;34.207;9.95636;4134.19;5.98661;0;0;0.1;0.01;0;6.55844;0;0;-1
0;789;-66.7716;-15.5691;31.0158;8.5;2572.44;5.11093;0;0;0.1;0.01;0;5.9533;1;0;-1
0;790;-65.6113;0.0155216;34.1234;8.9441;2997.08;5.37796;0;0;0.1;0.01;0;5.98529;0;0;-1
0;791;-66.5522;18.1298;33.8894;8.5;2572.44;5.11093;0;0;0.1;0.01;0;4.42981;1;0;-1
0;792;-64.4082;35.1707;31.6604;8.58667;2651.94;5.16304;0;0;0.1;0.01;0;4.16661;0;0;-1
0;793;-66.8392;53.06;33.2049;9.91933;4088.23;5.96435;0;0;0.1;0.01;0;3.57299;0;0;-1
0;794;-53.1874;-73.3242;30.6164;10.1149;4334.84;6.08194;0;0;0.1;0.01;0;4.85122;0;0;-1
0;795;-50.1843;-58.7151;30.9855;9.48167;3570.62;5.70119;0;0;0.1;0.01;0;6.0268;0;0;-1
0;796;-49.8382;-38.4029;31.6545;9.72083;3847.68;5.84499;0;0;0.1;0.01;0;6.12897;0;0;-1
0;797;-52.8045;-21.2955;31.1185;8.5;2572.44;5.11093;0;0;0.1;0.01;0;4.91708;1;0;-1
0;798;-52.7054;-7.28956;34.194;9.66627;3783.25;5.81219;0;0;0.1;0.01;0;4.47807;0;0;-1
0;799;-51.6667;11.8744;31.7807;8.5;2572.44;5.11093;0;0;0.1;0.01;0;4.16067;1;0;-1
0;800;-50.7141;29.4072;32.6103;8.5;2572.44;5.11093;0;0;0.1;0.01;0;5.23839;1;0;-1
0;801;-52.7814;43.3387;33.1289;8.5;2572.44;5.11093;0;0;0.1;0.01;0;5.2414;1;0;-1
0;802;-51.6436;60.0663;33.9715;8.5;2572.44;5.11093;0;0;0.1;0.01;0;4.2372;1;0;-1
0;803;-35.6411;-85.3939;34.2845;10.1766;4414.65;6.11904;0;0;0.1;0.01;0;3.63804;0;0;-1
0;804;-38.0026;-66.3785;31.2867;8.5;2572.44;5.11093;0;0;0.1;0.01;0;4.5597;1;0;-1
0;805;-37.9478;-47.2905;33.1249;9.74583;3877.44;5.86003;0;0;0.1;0.01;0;5.96744;0;0;-1
0;806;-34.4732;-33.0331;33.0274;10.2533;4515.23;6.16516;0;0;0.1;0.01;0;6.52116;0;0;-1
0;807;-35.1752;-16.2771;32.713;8.8572;2910.57;5.32571;0;0;0.1;0.01;0;4.12948;0;0;-1
0;808;-35.3358;2.98058;32.2962;8.80953;2863.83;5.29704;0;0;0.1;0.01;0;4.53523;0;0;-1
0;809;-38.302;17.6721;32.7584;8.96634;3019.49;5.39133;0;0;0.1;0.01;0;4.90153;0;0;-1
0;810;-36.9774;37.9447;31.6579;9.65063;3764.92;5.80278;0;0;0.1;0.01;0;6.08321;0;0;-1
0;811;-36.8401;52.471;32.4174;8.9865;3039.91;5.40345;0;0;0.1;0.01;0;5.22376;0;0;-1
0;812;-37.9058;69.1935;32.1208;8.5;2572.44;5.11093;0;0;0.1;0.01;0;3.35751;1;0;-1
0;813;-20.9663;-91.0259;34.0212;9.86408;4020.3;5.93113;0;0;0.1;0.01;0;3.76659;0;0;-1
0;814;-22.9285;-74.3044;32.2347;8.5;2572.44;5.11093;0;0;0.1;0.01;0;5.11928;1;0;-1
0;815;-22.8374;-57.0515;34.422;8.61747;2680.57;5.18156;0;0;0.1;0.01;0;4.5855;0;0;-1
0;816;-21.8609;-42.7452;31.8912;8.61331;2676.69;5.17906;0;0;0.1;0.01;0;5.67964;0;0;-1
0;817;-20.4321;-21.6625;31.3794;8.5;2572.44;5.11093;0;0;0.1;0.01;0;3.95854;1;0;-1
0;818;-20.9574;-4.7565;34.0494;9.37895;3455.82;5.63943;0;0;0.1;0.01;0;5.90146;0;0;-1
0;819;-21.7882;11.1926;31.6461;8.93559;2988.53;5.37284;0;0;0.1;0.01;0;5.87835;0;0;-1
0;820;-22.9971;29.369;33.7783;9.49202;3582.32;5.70741;0;0;0.1;0.01;0;5.55376;0;0;-1
0;821;-20.7368;44.2974;33.8096;9.19925;3260.96;5.53138;0;0;0.1;0.01;0;6.29526;0;0;-1
0;822;-20.4321;59.6973;30.9809;8.65751;2718.11;5.20564;0;0;0.1;0.01;0;5.12101;0;0;-1
0;823;-21.7711;76.7168;32.6759;10.0526;4255.24;6.04448;0;0;0.1;0.01;0;4.73759;0;0;-1
0;824;-6.81872;-81.4828;33.0069;10.2345;4490.44;6.15386;0;0;0.1;0.01;0;5.7367;0;0;-1
0;825;-7.58053;-65.8491;32.0387;9.11861;3175.96;5.48289;0;0;0.1;0.01;0;4.85158;0;0;-1
0;826;-8.80954;-46.9376;30.7945;9.1191;3176.47;5.48318;0;0;0.1;0.01;0;5.15058;0;0;-1
0;827;-5.45893;-32.6246;31.169;8.5;2572.44;5.11093;0;0;0.1;0.01;0;4.74393;1;0;-1
0;828;-8.84141;-13.1766;31.592;10.4144;4731.42;6.26203;0;0;0.1;0.01;0;6.59277;0;0;-1
0;829;-7.46564;3.47614;31.9511;9.30981;3379.96;5.59785;0;0;0.1;0.01;0;6.08596;0;0;-1
0;830;-6.85667;21.001;33.6363;10.0649;4270.88;6.05188;0;0;0.1;0.01;0;5.67609;0;0;-1
0;831;-7.4813;37.7952;34.0824;9.13604;3194.2;5.49337;0;0;0.1;0.01;0;6.14271;0;0;-1
0;832;-5.85054;51.7247;33.6906;8.5;2572.44;5.11093;0;0;0.1;0.01;0;5.4919;1;0;-1
0;833;-7.20038;69.7867;32.398;8.73803;2794.66;5.25405;0;0;0.1;0.01;0;4.34905;0;0;-1
0;834;-6.78314;88.6498;31.1329;8.56897;2635.57;5.1524;0;0;0.1;0.01;0;2.16708;0;0;-1
0;835;8.24723;-89.4399;34.6619;8.757;2812.9;5.26546;0;0;0.1;0.01;0;3.18251;0;0;-1
0;836;7.70582;-74.4745;32.4938;10.4534;4784.77;6.28548;0;0;0.1;0.01;0;7.035;0;0;-1
0;837;6.34357;-58.9482;31.8182;8.79873;2853.31;5.29055;0;0;0.1;0.01;0;5.1055;0;0;-1
0;838;8.48793;-42.9172;33.1997;10.0561;4259.68;6.04659;0;0;0.1;0.01;0;6.75312;0;0;-1
0;839;6.8639;-23.8852;32.7552;8.90408;2957.03;5.35389;0;0;0.1;0.01;0;4.8801;0;0;-1
0;840;7.21315;-6.04609;33.7241;9.87605;4034.95;5.93833;0;0;0.1;0.01;0;6.05211;0;0;-1
0;841;5.64757;8.7932;34.3835;9.10205;3158.68;5.47293;0;0;0.1;0.01;0;4.74258;0;0;-1
0;842;8.33883;27.8214;31.0443;9.25309;3318.55;5.56375;0;0;0.1;0.01;0;5.15897;0;0;-1
0;843;6.79092;42.8921;30.5908;10.1876;4428.99;6.12566;0;0;0.1;0.01;0;6.41988;0;0;-1
0;844;8.63757;61.5744;30.9036;8.68436;2743.48;5.22178;0;0;0.1;0.01;0;4.75638;0;0;-1
0;845;9.12129;78.934;31.904;9.46328;3549.88;5.69013;0;0;0.1;0.01;0;4.70548;0;0;-1
0;846;23.1441;-82.6649;33.8559;9.93443;4106.93;5.97343;0;0;0.1;0.01;0;4.76621;0;0;-1
0;847;22.6496;-67.9652;33.0045;9.85623;4010.71;5.92641;0;0;0.1;0.01;0;5.40423;0;0;-1
0;848;23.866;-47.7363;33.3875;8.90151;2954.47;5.35235;0;0;0.1;0.01;0;5.89529;0;0;-1
0;849;21.1363;-32.289;32.4677;10.1635;4397.63;6.11117;0;0;0.1;0.01;0;7.0402;0;0;-1
0;850;22.1157;-14.0059;32.2158;10.1553;4386.99;6.10623;0;0;0.1;0.01;0;6.79601;0;0;-1
0;851;22.3341;0.480135;30.9425;8.92445;2977.37;5.36614;0;0;0.1;0.01;0;5.12711;0;0;-1
0;852;23.0085;19.3376;30.4876;9.06881;3124.2;5.45294;0;0;0.1;0.01;0;4.82336;0;0;-1
0;853;22.1094;37.5582;33.985;9.3486;3422.38;5.62118;0;0;0.1;0.01;0;5.73672;0;0;-1
0;854;23.7976;51.3877;32.5752;9.90615;4071.96;5.95642;0;0;0.1;0.01;0;6.81238;0;0;-1
0;855;22.3263;68.7567;30.9994;8.75237;2808.44;5.26267;0;0;0.1;0.01;0;5.90321;0;0;-1
0;856;20.8544;89.3911;34.2294;9.34689;3420.5;5.62015;0;0;0.1;0.01;0;1.6019;0;0;-1
0;857;35.7867;-74.7237;32.7921;8.5;2572.44;5.11093;0;0;0.1;0.01;0;3.42622;1;0;-1
0;858;37.1888;-55.0861;32.8376;9.55435;3653.36;5.74489;0;0;0.1;0.01;0;5.76043;0;0;-1
0;859;35.5722;-38.4134;30.8863;8.5;2572.44;5.11093;0;0;0.1;0.01;0;5.30831;1;0;-1
0;860;37.4987;-21.983;32.1878;8.5;2572.44;5.11093;0;0;0.1;0.01;0;4.75646;1;0;-1
0;861;35.8974;-4.81423;33.2076;9.17157;3231.62;5.51473;0;0;0.1;0.01;0;5.72605;0;0;-1
0;862;38.7427;9.35447;32.4841;8.59517;2659.82;5.16815;0;0;0.1;0.01;0;4.91452;0;0;-1
0;863;38.1033;25.5618;33.0024;9.81869;3965.06;5.90384;0;0;0.1;0.01;0;5.59373;0;0;-1
0;864;38.3507;43.163;33.0915;9.76301;3897.98;5.87036;0;0;0.1;0.01;0;6.01989;0;0;-1
0;865;35.3809;61.8641;33.7015;9.76121;3895.83;5.86927;0;0;0.1;0.01;0;6.62594;0;0;-1
0;866;36.8572;77.2527;32.1621;10.0224;4217;6.02632;0;0;0.1;0.01;0;5.23562;0;0;-1
0;867;52.8287;-64.6645;31.9376;9.06145;3116.6;5.44852;0;0;0.1;0.01;0;3.97469;0;0;-1
0;868;53.1648;-49.3381;32.123;9.43641;3519.73;5.67398;0;0;0.1;0.01;0;5.65566;0;0;-1
0;869;52.0698;-33.3847;32.4058;9.52844;3623.71;5.72931;0;0;0.1;0.01;0;6.14061;0;0;-1
0;870;51.5468;-17.3184;31.5981;9.93219;4104.15;5.97208;0;0;0.1;0.01;0;6.32139;0;0;-1
0;871;53.2111;0.9146;33.8694;10.0205;4214.6;6.02518;0;0;0.1;0.01;0;6.86867;0;0;-1
0;872;52.4618;17.8199;33.3842;8.9672;3020.36;5.39185;0;0;0.1;0.01;0;6.01624;0;0;-1
0;873;53.474;38.1479;32.2413;8.9671;3020.26;5.39179;0;0;0.1;0.01;0;6.03637;0;0;-1
0;874;53.2659;53.1805;33.3231;9.60563;3712.5;5.77573;0;0;0.1;0.01;0;6.96917;0;0;-1
0;875;51.4261;68.3319;32.422;9.14929;3208.12;5.50134;0;0;0.1;0.01;0;4.868;0;0;-1
0;876;67.2576;-58.0716;32.4274;8.83388;2887.64;5.31168;0;0;0.1;0.01;0;3.29269;0;0;-1
0;877;67.6937;-38.6041;31.5506;9.31078;3381.01;5.59844;0;0;0.1;0.01;0;5.34609;0;0;-1
0;878;66.3883;-21.8164;31.9674;9.12977;3187.63;5.4896;0;0;0.1;0.01;0;5.27308;0;0;-1
0;879;66.9441;-4.769;32.6254;9.85842;4013.38;5.92772;0;0;0.1;0.01;0;5.72643;0;0;-1
0;880;67.2123;10.3578;32.9761;8.94914;3002.15;5.38099;0;0;0.1;0.01;0;6.55175;0;0;-1
0;881;66.2133;28.0127;33.7821;8.61621;2679.4;5.1808;0;0;0.1;0.01;0;5.82181;0;0;-1
0;882;67.3166;45.6447;31.0872;9.11558;3172.79;5.48107;0;0;0.1;0.01;0;6.4679;0;0;-1
0;883;67.013;59.5018;32.0799;9.87652;4035.53;5.93861;0;0;0.1;0.01;0;4.75473;0;0;-1
0;884;79.9434;-30.2583;33.8283;9.91075;4077.63;5.95919;0;0;0.1;0.01;0;4.39849;0;0;-1
0;885;80.1782;-15.9662;30.7226;8.8039;2858.34;5.29366;0;0;0.1;0.01;0;4.50588;0;0;-1
0;886;79.6581;3.68739;33.5476;10.0827;4293.58;6.06258;0;0;0.1;0.01;0;4.94854;0;0;-1
0;887;80.7167;19.701;34.193;8.73611;2792.82;5.2529;0;0;0.1;0.01;0;3.84824;0;0;-1
0;888;80.5401;33.6408;31.9264;8.98096;3034.29;5.40012;0;0;0.1;0.01;0;4.25762;0;0;-1
0;889;-86.355;-6.44568;47.237;9.7781;3916.08;5.87943;0;0;0.1;0.01;0;3.24419;0;0;-1
0;890;-85.6608;9.85588;47.7953;10.4049;4718.48;6.25632;0;0;0.1;0.01;0;3.02286;0;0;-1
0;891;-69.0195;-49.9845;48.7934;10.4318;4755.17;6.27249;0;0;0.1;0.01;0;2.88004;0;0;-1
0;892;-69.393;-33.7474;47.987;8.5;2572.44;5.11093;0;0;0.1;0.01;0;4.09382;1;0;-1
0;893;-69.3644;-13.3662;47.6938;9.91875;4087.52;5.964;0;0;0.1;0.01;0;5.7268;0;0;-1
0;894;-71.5201;0.836863;46.7802;8.91111;2964.04;5.35812;0;0;0.1;0.01;0;5.62252;0;0;-1
0;895;-68.5686;18.039;47.0561;8.75571;2811.66;5.26468;0;0;0.1;0.01;0;3.93381;0;0;-1
0;896;-70.579;36.4583;49.3648;9.25688;3322.63;5.56603;0;0;0.1;0.01;0;1.72486;0;0;-1
0;897;-56.6343;-59.6074;46.1497;8.92538;2978.3;5.3667;0;0;0.1;0.01;0;4.10157;0;0;-1
0;898;-57.0578;-39.1304;47.6039;9.30218;3371.65;5.59327;0;0;0.1;0.01;0;5.77811;0;0;-1
0;899;-57.0512;-23.2648;47.2574;8.5;2572.44;5.11093;0;0;0.1;0.01;0;5.45285;1;0;-1
0;900;-56.8246;-6.91159;48.8086;9.56046;3660.37;5.74857;0;0;0.1;0.01;0;5.90538;0;0;-1
0;901;-54.5968;12.7559;45.9866;8.6949;2753.48;5.22812;0;0;0.1;0.01;0;4.41916;0;0;-1
0;902;-57.7006;29.7399;45.981;8.5;2572.44;5.11093;0;0;0.1;0.01;0;4.65956;1;0;-1
0;903;-56.3018;45.9444;47.034;8.5;2572.44;5.11093;0;0;0.1;0.01;0;4.45944;1;0;-1
0;904;-54.4425;61.2975;46.4103;8.73256;2789.42;5.25076;0;0;0.1;0.01;0;3.50048;0;0;-1
0;905;-40.6517;-64.3854;45.8765;8.77308;2828.43;5.27513;0;0;0.1;0.01;0;3.66472;0;0;-1
0;906;-40.4067;-50.5792;48.2028;9.14813;3206.9;5.50064;0;0;0.1;0.01;0;5.15895;0;0;-1
0;907;-43.2001;-30.0709;46.0946;10.1709;4407.24;6.11561;0;0;0.1;0.01;0;6.05302;0;0;-1
0;908;-41.5092;-14.2937;49.0793;8.5;2572.44;5.11093;0;0;0.1;0.01;0;4.98884;1;0;-1
0;909;-41.6393;0.771265;49.2578;8.65928;2719.78;5.2067;0;0;0.1;0.01;0;4.59921;0;0;-1
0;910;-42.0958;16.7749;48.2731;10.2808;4551.66;6.1817;0;0;0.1;0.01;0;5.92331;0;0;-1
0;911;-42.326;35.8761;45.2238;8.59133;2656.26;5.16584;0;0;0.1;0.01;0;4.94999;0;0;-1
0;912;-41.2212;53.2404;48.9021;10.1348;4360.48;6.09391;0;0;0.1;0.01;0;6.53506;0;0;-1
0;913;-42.4863;69.7223;48.096;9.85071;4003.97;5.92309;0;0;0.1;0.01;0;4.23754;0;0;-1
0;914;-27.8289;-76.7449;46.7396;9.0812;3137.03;5.46039;0;0;0.1;0.01;0;2.96248;0;0;-1
0;915;-26.1701;-55.5076;48.3124;8.59395;2658.69;5.16742;0;0;0.1;0.01;0;5.99467;0;0;-1
0;916;-27.6866;-41.4908;46.5287;9.63897;3751.29;5.79577;0;0;0.1;0.01;0;7.57622;0;0;-1
0;917;-28.0323;-24.2524;49.4414;8.5;2572.44;5.11093;0;0;0.1;0.01;0;4.80325;1;0;-1
0;918;-25.7037;-8.79563;47.3265;8.5;2572.44;5.11093;0;0;0.1;0.01;0;4.6379;1;0;-1
0;919;-26.6752;12.0256;46.5397;9.92574;4096.16;5.9682;0;0;0.1;0.01;0;5.77821;0;0;-1
0;920;-26.9584;29.5832;48.5552;10.2075;4454.99;6.13762;0;0;0.1;0.01;0;7.06205;0;0;-1
0;921;-26.3526;45.156;48.8391;9.22863;3292.31;5.54904;0;0;0.1;0.01;0;6.11815;0;0;-1
0;922;-25.8929;60.8784;46.5186;10.3198;4603.65;6.20515;0;0;0.1;0.01;0;6.87352;0;0;-1
0;923;-25.5724;79.3389;48.5014;9.1597;3219.08;5.50759;0;0;0.1;0.01;0;3.17579;0;0;-1
0;924;-12.3633;-80.7888;46.0151;8.874;2927.16;5.33581;0;0;0.1;0.01;0;3.07157;0;0;-1
0;925;-11.8818;-64.6886;47.9635;8.62741;2689.86;5.18754;0;0;0.1;0.01;0;4.45554;0;0;-1
0;926;-13.4903;-47.9737;46.571;10.3686;4669.27;6.23449;0;0;0.1;0.01;0;7.51999;0;0;-1
0;927;-12.6932;-33.5693;49.1078;10.005;4195.08;6.01586;0;0;0.1;0.01;0;5.88124;0;0;-1
0;928;-11.4151;-13.8825;48.6924;9.93402;4106.42;5.97318;0;0;0.1;0.01;0;6.77283;0;0;-1
0;929;-11.0354;0.270136;46.1074;9.49154;3581.78;5.70713;0;0;0.1;0.01;0;6.65171;0;0;-1
0;930;-13.174;19.5108;47.8639;10.0132;4205.4;6.02079;0;0;0.1;0.01;0;6.25742;0;0;-1
0;931;-11.2555;37.0979;49.0585;8.84922;2902.71;5.32091;0;0;0.1;0.01;0;6.45097;0;0;-1
0;932;-12.2017;52.5455;48.787;9.02879;3083.03;5.42888;0;0;0.1;0.01;0;7.20924;0;0;-1
0;933;-11.7504;69.7917;48.0767;10.1432;4371.33;6.09896;0;0;0.1;0.01;0;5.86775;0;0;-1
0;934;-12.8184;86.6156;47.9965;8.5;2572.44;5.11093;0;0;0.1;0.01;0;1.66536;1;0;-1
0;935;2.05648;-73.1373;45.8818;8.5;2572.44;5.11093;0;0;0.1;0.01;0;4.91341;1;0;-1
0;936;1.61552;-59.4359;46.6215;8.99434;3047.87;5.40817;0;0;0.1;0.01;0;5.60821;0;0;-1
0;937;2.35534;-42.2758;46.9559;9.40872;3488.83;5.65733;0;0;0.1;0.01;0;5.65119;0;0;-1
0;938;1.44523;-22.4067;48.5066;9.3869;3464.62;5.64421;0;0;0.1;0.01;0;5.82168;0;0;-1
0;939;4.30873;-5.3852;49.0444;9.50215;3593.8;5.7135;0;0;0.1;0.01;0;6.81277;0;0;-1
0;940;3.225;8.86444;49.2361;9.40384;3483.41;5.65439;0;0;0.1;0.01;0;5.80875;0;0;-1
0;941;1.82211;29.6358;47.3289;8.5;2572.44;5.11093;0;0;0.1;0.01;0;5.05043;1;0;-1
0;942;1.08568;45.5447;47.6018;8.53776;2606.88;5.13363;0;0;0.1;0.01;0;6.17167;0;0;-1
0;943;1.48956;60.6201;45.671;9.03964;3094.15;5.4354;0;0;0.1;0.01;0;5.43658;0;0;-1
0;944;4.93427;79.7322;48.6582;10.1102;4328.8;6.07912;0;0;0.1;0.01;0;3.00509;0;0;-1
0;945;18.9254;-84.4696;48.8946;8.82496;2878.9;5.30632;0;0;0.1;0.01;0;1.95598;0;0;-1
0;946;18.2809;-65.9314;46.7054;9.13393;3191.99;5.4921;0;0;0.1;0.01;0;4.69505;0;0;-1
0;947;16.927;-49.4154;46.286;8.5;2572.44;5.11093;0;0;0.1;0.01;0;4.61435;1;0;-1
0;948;19.3936;-34.3975;45.9324;10.2763;4545.68;6.17899;0;0;0.1;0.01;0;6.56835;0;0;-1
0;949;16.1456;-14.8599;48.4588;9.22523;3288.67;5.547;0;0;0.1;0.01;0;6.34235;0;0;-1
0;950;18.7793;1.80749;48.5195;8.50641;2578.26;5.11478;0;0;0.1;0.01;0;5.65771;0;0;-1
0;951;17.3909;17.488;46.7738;9.55479;3653.86;5.74516;0;0;0.1;0.01;0;5.2343;0;0;-1
0;952;16.0222;36.4002;49.0122;8.5;2572.44;5.11093;0;0;0.1;0.01;0;4.95096;1;0;-1
0;953;19.2402;50.8495;45.5631;9.03341;3087.76;5.43166;0;0;0.1;0.01;0;5.1118;0;0;-1
0;954;17.4114;71.0995;46.7969;9.52319;3617.73;5.72616;0;0;0.1;0.01;0;4.5434;0;0;-1
0;955;33.2051;-74.2739;48.792;8.9766;3029.87;5.3975;0;0;0.1;0.01;0;3.24435;0;0;-1
0;956;33.111;-57.1351;47.8292;9.60965;3717.16;5.77814;0;0;0.1;0.01;0;6.04664;0;0;-1
0;957;33.4741;-39.215;45.8239;9.85133;4004.73;5.92346;0;0;0.1;0.01;0;6.54142;0;0;-1
0;958;30.796;-22.5157;46.1706;9.98303;4167.5;6.00265;0;0;0.1;0.01;0;6.38895;0;0;-1
0;959;31.9831;-5.04161;47.7703;9.48791;3577.67;5.70494;0;0;0.1;0.01;0;5.8337;0;0;-1
0;960;33.2575;12.0628;47.6397;9.44032;3524.1;5.67633;0;0;0.1;0.01;0;5.4793;0;0;-1
0;961;30.6879;25.7834;46.9776;9.75134;3884.02;5.86334;0;0;0.1;0.01;0;6.52817;0;0;-1
0;962;32.7097;43.2062;48.5137;8.95476;3007.81;5.38437;0;0;0.1;0.01;0;6.11577;0;0;-1
0;963;31.8872;59.33;48.6145;9.99243;4179.28;6.0083;0;0;0.1;0.01;0;6.93038;0;0;-1
0;964;30.9345;76.251;47.6982;9.44588;3530.33;5.67967;0;0;0.1;0.01;0;4.12563;0;0;-1
0;965;45.9696;-63.7034;46.5682;8.50235;2574.57;5.11234;0;0;0.1;0.01;0;3.30828;0;0;-1
0;966;46.1755;-47.4723;47.5721;10.2055;4452.37;6.13642;0;0;0.1;0.01;0;6.42774;0;0;-1
0;967;47.6503;-31.4638;46.2886;8.5;2572.44;5.11093;0;0;0.1;0.01;0;5.04371;1;0;-1
0;968;45.2337;-13.9387;49.0257;9.26855;3335.22;5.57304;0;0;0.1;0.01;0;5.88932;0;0;-1
0;969;45.8982;-0.22345;45.3732;8.5;2572.44;5.11093;0;0;0.1;0.01;0;5.34674;1;0;-1
0;970;47.7178;20.7877;46.8844;10.0206;4214.73;6.02524;0;0;0.1;0.01;0;7.16761;0;0;-1
0;971;45.3026;36.6195;48.5886;9.44979;3534.72;5.68202;0;0;0.1;0.01;0;6.80162;0;0;-1
0;972;46.4723;54.7699;49.1027;9.69619;3818.49;5.83018;0;0;0.1;0.01;0;5.88059;0;0;-1
0;973;45.6626;72.0066;48.4238;9.86394;4020.13;5.93104;0;0;0.1;0.01;0;3.34229;0;0;-1
0;974;63.7038;-58.7731;46.481;8.74716;2803.43;5.25954;0;0;0.1;0.01;0;2.38128;0;0;-1
0;975;62.013;-42.3732;47.6468;9.36522;3440.67;5.63117;0;0;0.1;0.01;0;5.04806;0;0;-1
0;976;59.8967;-24.073;48.5188;8.5;2572.44;5.11093;0;0;0.1;0.01;0;4.86165;1;0;-1
0;977;63.6068;-8.6999;46.816;10.1425;4370.42;6.09854;0;0;0.1;0.01;0;6.67412;0;0;-1
0;978;60.6629;8.13267;47.1487;9.86993;4027.46;5.93465;0;0;0.1;0.01;0;6.38209;0;0;-1
0;979;61.5213;26.8068;46.11;9.90075;4065.3;5.95318;0;0;0.1;0.01;0;6.42602;0;0;-1
0;980;60.1714;43.6482;46.042;10.1384;4365.13;6.09607;0;0;0.1;0.01;0;6.24361;0;0;-1
0;981;61.1704;60.9994;47.001;9.12844;3186.24;5.4888;0;0;0.1;0.01;0;3.75913;0;0;-1
0;982;77.2961;-30.3694;48.6467;8.61289;2676.3;5.17881;0;0;0.1;0.01;0;2.62292;0;0;-1
0;983;77.128;-17.0985;47.7261;8.5;2572.44;5.11093;0;0;0.1;0.01;0;3.16406;1;0;-1
0;984;75.5661;1.8309;46.549;9.84126;3992.46;5.91741;0;0;0.1;0.01;0;5.04746;0;0;-1
0;985;78.6902;17.3388;48.8027;10.0526;4255.24;6.04448;0;0;0.1;0.01;0;4.18433;0;0;-1
0;986;75.2849;34.6946;45.9234;10.2898;4563.62;6.18711;0;0;0.1;0.01;0;4.40669;0;0;-1
0;987;-65.61;-30.2879;62.2618;8.57744;2643.39;5.15749;0;0;0.1;0.01;0;3.43814;0;0;-1
0;988;-66.5762;-15.4214;63.5469;8.87947;2932.58;5.3391;0;0;0.1;0.01;0;3.54098;0;0;-1
0;989;-66.6901;0.550407;61.3387;8.52153;2592.04;5.12387;0;0;0.1;0.01;0;3.47994;0;0;-1
0;990;-66.1528;19.5144;63.9345;9.60852;3715.85;5.77746;0;0;0.1;0.01;0;3.35544;0;0;-1
0;991;-51.8185;-58.4808;60.4474;9.06277;3117.97;5.44931;0;0;0.1;0.01;0;2.13815;0;0;-1
0;992;-51.4193;-38.7573;63.6245;10.4312;4754.35;6.27213;0;0;0.1;0.01;0;5.19733;0;0;-1
0;993;-50.7463;-24.4996;63.2965;8.99047;3043.94;5.40584;0;0;0.1;0.01;0;6.4123;0;0;-1
0;994;-52.7065;-8.79076;61.3392;8.75928;2815.1;5.26683;0;0;0.1;0.01;0;4.57282;0;0;-1
0;995;-53.4873;10.3296;61.6463;10.3467;4639.75;6.22132;0;0;0.1;0.01;0;5.60427;0;0;-1
0;996;-53.0245;27.1258;62.1103;8.5119;2583.26;5.11808;0;0;0.1;0.01;0;4.0424;0;0;-1
0;997;-51.7521;46.5215;61.8012;9.49673;3587.66;5.71025;0;0;0.1;0.01;0;3.02894;0;0;-1
0;998;-36.3744;-47.5586;60.5216;9.31429;3384.84;5.60055;0;0;0.1;0.01;0;6.18423;0;0;-1
0;999;-36.9137;-33.1682;64.1692;8.56914;2635.73;5.1525;0;0;0.1;0.01;0;5.89116;0;0;-1
0;1000;-35.471;-15.6543;62.6759;9.77893;3917.08;5.87993;0;0;0.1;0.01;0;6.61978;0;0;-1
0;1001;-36.163;1.46114;63.9642;8.73934;2795.92;5.25484;0;0;0.1;0.01;0;4.87578;0;0;-1
0;1002;-35.0675;19.5872;62.2218;8.80965;2863.94;5.29711;0;0;0.1;0.01;0;5.8888;0;0;-1
0;1003;-35.2283;37.0934;60.6599;9.96828;4149.06;5.99378;0;0;0.1;0.01;0;6.29343;0;0;-1
0;1004;-38.3047;52.2595;63.844;9.47991;3568.63;5.70013;0;0;0.1;0.01;0;3.94431;0;0;-1
0;1005;-38.3133;67.9594;60.6959;9.61487;3723.22;5.78128;0;0;0.1;0.01;0;3.18376;0;0;-1
0;1006;-21.3194;-73.2356;63.7674;8.5;2572.44;5.11093;0;0;0.1;0.01;0;1.71234;1;0;-1
0;1007;-23.2913;-57.0286;62.2424;10.4;4711.82;6.25337;0;0;0.1;0.01;0;6.1862;0;0;-1
0;1008;-22.2394;-40.8625;61.3907;10.2717;4539.58;6.17622;0;0;0.1;0.01;0;8.0292;0;0;-1
0;1009;-21.3046;-22.7326;63.6583;8.53442;2603.82;5.13162;0;0;0.1;0.01;0;6.2442;0;0;-1
0;1010;-21.974;-5.56962;62.1245;10.3597;4657.26;6.22914;0;0;0.1;0.01;0;6.4387;0;0;-1
0;1011;-22.1193;10.5205;60.8563;8.5;2572.44;5.11093;0;0;0.1;0.01;0;3.63325;1;0;-1
0;1012;-23.7877;26.8111;63.527;9.01866;3072.66;5.42279;0;0;0.1;0.01;0;4.6934;0;0;-1
0;1013;-22.4082;44.4759;62.8097;9.87176;4029.7;5.93575;0;0;0.1;0.01;0;6.77266;0;0;-1
0;1014;-21.8333;59.7029;60.1734;8.81698;2871.1;5.30152;0;0;0.1;0.01;0;5.43912;0;0;-1
0;1015;-7.87561;-67.6925;60.346;8.52518;2595.37;5.12607;0;0;0.1;0.01;0;3.89127;0;0;-1
0;1016;-7.87141;-47.7061;63.1312;10.2311;4485.96;6.15181;0;0;0.1;0.01;0;6.7139;0;0;-1
0;1017;-5.56495;-29.8853;63.3967;9.05885;3113.92;5.44696;0;0;0.1;0.01;0;6.57571;0;0;-1
0;1018;-6.85164;-15.3364;60.9709;8.54701;2615.36;5.13919;0;0;0.1;0.01;0;6.62653;0;0;-1
0;1019;-8.78581;0.617384;60.7689;8.5;2572.44;5.11093;0;0;0.1;0.01;0;4.71347;1;0;-1
0;1020;-6.95574;20.8321;60.3899;8.92528;2978.2;5.36664;0;0;0.1;0.01;0;4.61633;0;0;-1
0;1021;-8.83264;36.0092;63.5758;9.68264;3802.51;5.82203;0;0;0.1;0.01;0;7.04959;0;0;-1
0;1022;-6.47397;52.1423;61.0314;9.64341;3756.48;5.79844;0;0;0.1;0.01;0;7.582;0;0;-1
0;1023;-7.4353;67.6704;60.8769;10.3052;4584.14;6.19637;0;0;0.1;0.01;0;4.93551;0;0;-1
0;1024;5.31771;-73.7706;61.9454;8.5;2572.44;5.11093;0;0;0.1;0.01;0;2.2376;1;0;-1
0;1025;6.87123;-57.4056;62.3041;10.176;4413.87;6.11868;0;0;0.1;0.01;0;5.81604;0;0;-1
0;1026;7.74176;-39.356;61.0309;8.5;2572.44;5.11093;0;0;0.1;0.01;0;4.5527;1;0;-1
0;1027;6.38339;-22.69;62.3439;9.92312;4092.92;5.96663;0;0;0.1;0.01;0;6.7115;0;0;-1
0;1028;9.17436;-6.37564;62.4724;10.2402;4497.94;6.15728;0;0;0.1;0.01;0;6.85693;0;0;-1
0;1029;8.78105;12.1949;62.2453;8.66534;2725.5;5.21034;0;0;0.1;0.01;0;4.78748;0;0;-1
0;1030;7.91456;26.3217;63.4092;8.5;2572.44;5.11093;0;0;0.1;0.01;0;5.49455;1;0;-1
0;1031;7.42088;42.0724;60.083;10.2988;4575.6;6.19252;0;0;0.1;0.01;0;6.63375;0;0;-1
0;1032;6.64235;63.0893;63.2908;9.3194;3390.41;5.60362;0;0;0.1;0.01;0;4.62232;0;0;-1
0;1033;21.3036;-63.8643;60.9582;8.5;2572.44;5.11093;0;0;0.1;0.01;0;3.70158;1;0;-1
0;1034;23.2563;-50.2984;61.9461;8.5;2572.44;5.11093;0;0;0.1;0.01;0;4.43493;1;0;-1
0;1035;20.9411;-32.3646;61.0293;8.5;2572.44;5.11093;0;0;0.1;0.01;0;3.83407;1;0;-1
0;1036;24.2158;-12.6679;60.3663;8.5;2572.44;5.11093;0;0;0.1;0.01;0;5.40494;1;0;-1
0;1037;20.6108;2.95496;61.7847;8.5;2572.44;5.11093;0;0;0.1;0.01;0;5.06375;1;0;-1
0;1038;23.079;19.7944;63.7324;10.3275;4613.96;6.20978;0;0;0.1;0.01;0;7.3408;0;0;-1
0;1039;21.9251;37.8419;63.1525;8.70203;2760.26;5.2324;0;0;0.1;0.01;0;5.68581;0;0;-1
0;1040;21.5758;53.1554;60.4252;8.5;2572.44;5.11093;0;0;0.1;0.01;0;5.295;1;0;-1
0;1041;22.1329;69.1067;61.3898;9.0674;3122.75;5.4521;0;0;0.1;0.01;0;3.39156;0;0;-1
0;1042;34.6693;-59.7311;63.5385;8.5;2572.44;5.11093;0;0;0.1;0.01;0;2.17338;1;0;-1
0;1043;36.154;-39.3423;62.5734;9.23923;3303.66;5.55541;0;0;0.1;0.01;0;4.51311;0;0;-1
0;1044;38.1807;-22.8135;61.8959;8.81792;2872.02;5.30209;0;0;0.1;0.01;0;4.89246;0;0;-1
0;1045;35.7975;-5.05725;62.6068;8.95321;3006.25;5.38344;0;0;0.1;0.01;0;4.80312;0;0;-1
0;1046;38.2685;12.2878;61.379;9.45337;3538.74;5.68417;0;0;0.1;0.01;0;5.64824;0;0;-1
0;1047;37.9548;26.2089;60.2507;8.5;2572.44;5.11093;0;0;0.1;0.01;0;6.73359;1;0;-1
0;1048;35.5209;43.3585;63.5202;9.23679;3301.05;5.55395;0;0;0.1;0.01;0;5.62857;0;0;-1
0;1049;38.6611;60.472;63.3807;9.72555;3853.28;5.84783;0;0;0.1;0.01;0;3.94807;0;0;-1
0;1050;53.4593;-48.7314;61.7432;9.52246;3616.9;5.72572;0;0;0.1;0.01;0;3.22416;0;0;-1
0;1051;50.3668;-33.3936;60.8828;8.5;2572.44;5.11093;0;0;0.1;0.01;0;4.87546;1;0;-1
0;1052;51.0259;-15.2797;62.1394;9.58171;3684.83;5.76134;0;0;0.1;0.01;0;5.69757;0;0;-1
0;1053;50.0304;0.792954;62.6982;8.5;2572.44;5.11093;0;0;0.1;0.01;0;4.12818;1;0;-1
0;1054;50.5496;20.6997;60.9314;8.5;2572.44;5.11093;0;0;0.1;0.01;0;5.72378;1;0;-1
0;1055;50.8726;34.8035;61.818;9.8158;3961.56;5.9021;0;0;0.1;0.01;0;6.01842;0;0;-1
0;1056;53.695;53.0092;62.7401;10.1404;4367.71;6.09728;0;0;0.1;0.01;0;3.1414;0;0;-1
0;1057;67.0767;-40.8561;60.8975;10.4293;4751.76;6.27099;0;0;0.1;0.01;0;2.85324;0;0;-1
0;1058;64.4536;-21.5174;62.1428;8.5;2572.44;5.11093;0;0;0.1;0.01;0;2.95829;1;0;-1
0;1059;64.4431;-5.43845;61.8691;8.5;2572.44;5.11093;0;0;0.1;0.01;0;4.0806;1;0;-1
0;1060;66.7705;9.20077;60.6542;9.7064;3830.57;5.83632;0;0;0.1;0.01;0;3.28585;0;0;-1
0;1061;65.1724;25.0286;60.1622;8.80062;2855.15;5.29169;0;0;0.1;0.01;0;2.82059;0;0;-1
0;1062;-54.4196;-23.7664;75.9808;9.34551;3418.99;5.61932;0;0;0.1;0.01;0;3.60378;0;0;-1
0;1063;-56.505;-4.7049;78.7081;8.5;2572.44;5.11093;0;0;0.1;0.01;0;1.66302;1;0;-1
0;1064;-54.9425;10.6809;76.24;9.32397;3395.4;5.60637;0;0;0.1;0.01;0;3.90595;0;0;-1
0;1065;-56.4415;29.7242;75.0198;10.447;4775.99;6.28163;0;0;0.1;0.01;0;3.2348;0;0;-1
0;1066;-40.0264;-48.9626;77.0257;8.5;2572.44;5.11093;0;0;0.1;0.01;0;2.24614;1;0;-1
0;1067;-42.2499;-30.7979;77.7928;8.79456;2849.25;5.28804;0;0;0.1;0.01;0;4.74739;0;0;-1
0;1068;-40.3958;-15.9262;75.0979;9.98709;4172.59;6.00509;0;0;0.1;0.01;0;6.54593;0;0;-1
0;1069;-40.4555;2.86799;77.9473;9.51488;3608.27;5.72116;0;0;0.1;0.01;0;5.73168;0;0;-1
0;1070;-41.6313;17.7763;74.6432;8.54694;2615.29;5.13915;0;0;0.1;0.01;0;5.55199;0;0;-1
0;1071;-39.32;33.6785;76.4763;9.87209;4030.1;5.93594;0;0;0.1;0.01;0;4.14455;0;0;-1
0;1072;-24.3919;-55.1628;76.9392;9.73996;3870.44;5.8565;0;0;0.1;0.01;0;3.46894;0;0;-1
0;1073;-26.2715;-40.8478;74.9483;9.02504;3079.19;5.42663;0;0;0.1;0.01;0;5.50648;0;0;-1
0;1074;-27.4682;-23.1538;76.5354;10.0637;4269.35;6.05116;0;0;0.1;0.01;0;7.0139;0;0;-1
0;1075;-27.2485;-4.51849;77.8986;9.34698;3420.6;5.6202;0;0;0.1;0.01;0;6.54936;0;0;-1
0;1076;-24.9808;12.2903;77.0394;9.04555;3100.23;5.43896;0;0;0.1;0.01;0;5.77623;0;0;-1
0;1077;-25.7875;26.5317;77.3024;9.31413;3384.66;5.60045;0;0;0.1;0.01;0;5.89821;0;0;-1
0;1078;-25.3419;43.7264;77.7652;9.28589;3353.97;5.58347;0;0;0.1;0.01;0;3.80671;0;0;-1
0;1079;-10.0655;-47.8093;76.4033;8.80812;2862.45;5.29619;0;0;0.1;0.01;0;4.92349;0;0;-1
0;1080;-12.4521;-31.1414;76.4162;10.2266;4480.05;6.14911;0;0;0.1;0.01;0;7.47889;0;0;-1
0;1081;-12.8016;-16.1746;74.6131;9.40462;3484.27;5.65486;0;0;0.1;0.01;0;7.35185;0;0;-1
0;1082;-13.5672;0.327183;78.4987;10.2202;4471.64;6.14526;0;0;0.1;0.01;0;6.59436;0;0;-1
0;1083;-11.4828;20.575;78.3211;8.95194;3004.97;5.38267;0;0;0.1;0.01;0;5.81058;0;0;-1
0;1084;-10.8844;36.5089;76.7762;10.0821;4292.81;6.06222;0;0;0.1;0.01;0;7.27563;0;0;-1
0;1085;-11.9878;51.5981;76.3107;9.93362;4105.93;5.97294;0;0;0.1;0.01;0;4.78288;0;0;-1
0;1086;3.54366;-58.8459;76.6051;10.3992;4710.73;6.25289;0;0;0.1;0.01;0;3.37076;0;0;-1
0;1087;1.38076;-42.2287;78.4807;8.5;2572.44;5.11093;0;0;0.1;0.01;0;4.9758;1;0;-1
0;1088;4.76665;-23.2429;76.3339;10.0445;4244.96;6.03961;0;0;0.1;0.01;0;6.80871;0;0;-1
0;1089;1.3003;-7.59329;78.2439;9.92445;4094.57;5.96743;0;0;0.1;0.01;0;6.26844;0;0;-1
0;1090;3.27343;11.4188;77.6375;8.90179;2954.75;5.35252;0;0;0.1;0.01;0;4.54084;0;0;-1
0;1091;1.50756;27.3589;77.7778;9.65841;3774.03;5.80746;0;0;0.1;0.01;0;7.23915;0;0;-1
0;1092;2.54171;42.4936;76.4676;10.3015;4579.2;6.19414;0;0;0.1;0.01;0;6.33672;0;0;-1
0;1093;4.04375;61.373;76.5676;9.70352;3827.16;5.83459;0;0;0.1;0.01;0;3.29158;0;0;-1
0;1094;16.4757;-49.5997;74.9871;8.82222;2876.22;5.30467;0;0;0.1;0.01;0;3.51576;0;0;-1
0;1095;17.4662;-30.7383;77.8449;9.94785;4123.6;5.9815;0;0;0.1;0.01;0;6.04404;0;0;-1
0;1096;18.4955;-13.1244;74.61;9.11763;3174.93;5.4823;0;0;0.1;0.01;0;6.14165;0;0;-1
0;1097;16.7217;3.34093;76.3053;8.78297;2838;5.28107;0;0;0.1;0.01;0;5.2532;0;0;-1
0;1098;18.4088;20.1262;76.7572;8.5;2572.44;5.11093;0;0;0.1;0.01;0;5.81139;1;0;-1
0;1099;18.6032;33.9784;76.0161;10.0972;4312.13;6.0713;0;0;0.1;0.01;0;7.30624;0;0;-1
0;1100;18.5686;54.4278;76.1454;9.59276;3697.6;5.76799;0;0;0.1;0.01;0;3.59996;0;0;-1
0;1101;32.5515;-40.2004;76.4249;10.1849;4425.47;6.12403;0;0;0.1;0.01;0;3.81295;0;0;-1
0;1102;31.2468;-22.9471;78.5571;10.1291;4353.13;6.09048;0;0;0.1;0.01;0;5.58342;0;0;-1
0;1103;31.181;-5.98489;77.3435;8.5572;2624.72;5.14532;0;0;0.1;0.01;0;5.20007;0;0;-1
0;1104;32.3756;11.7446;76.1714;9.07028;3125.72;5.45383;0;0;0.1;0.01;0;4.46324;0;0;-1
0;1105;34.5179;28.4108;76.6483;10.3011;4578.67;6.1939;0;0;0.1;0.01;0;5.8756;0;0;-1
0;1106;30.9541;46.4957;78.1593;10.3268;4613.03;6.20935;0;0;0.1;0.01;0;4.16966;0;0;-1
0;1107;49.0854;-30.3936;78.6659;9.26179;3327.92;5.56898;0;0;0.1;0.01;0;1.69141;0;0;-1
0;1108;45.4482;-13.8843;75.3093;8.5304;2600.14;5.12921;0;0;0.1;0.01;0;4.76288;0;0;-1
0;1109;47.4435;0.398637;77.9855;8.55106;2619.08;5.14163;0;0;0.1;0.01;0;3.45393;0;0;-1
0;1110;48.3208;20.0392;74.9179;9.58572;3689.46;5.76375;0;0;0.1;0.01;0;3.8703;0;0;-1
0;1111;49.0075;36.2384;77.4644;8.5;2572.44;5.11093;0;0;0.1;0.01;0;2.34294;1;0;-1
0;1112;60.4406;-6.10611;78.4402;8.5;2572.44;5.11093;0;0;0.1;0.01;0;1.59495;1;0;-1
0;1113;-36.2712;-15.731;89.6397;9.8315;3980.59;5.91154;0;0;0.1;0.01;0;4.24692;0;0;-1
0;1114;-36.4159;1.56504;91.2364;8.5;2572.44;5.11093;0;0;0.1;0.01;0;3.92251;1;0;-1
0;1115;-38.446;16.9528;89.8837;10.0141;4206.53;6.02133;0;0;0.1;0.01;0;3.7717;0;0;-1
0;1116;-21.1065;-24.4724;90.0488;10.4526;4783.67;6.285;0;0;0.1;0.01;0;4.9486;0;0;-1
0;1117;-23.4157;-6.36087;93.0756;10.0382;4236.98;6.03582;0;0;0.1;0.01;0;4.5402;0;0;-1
0;1118;-22.7409;11.6907;89.7655;8.5;2572.44;5.11093;0;0;0.1;0.01;0;4.56505;1;0;-1
0;1119;-21.6266;27.6325;93.375;10.1704;4406.59;6.11531;0;0;0.1;0.01;0;3.63821;0;0;-1
0;1120;-7.4773;-31.4706;90.7901;9.99572;4183.41;6.01028;0;0;0.1;0.01;0;4.74697;0;0;-1
0;1121;-8.5336;-14.0105;89.4498;9.49792;3589.01;5.71096;0;0;0.1;0.01;0;6.43152;0;0;-1
0;1122;-6.51279;1.18087;92.6587;9.92513;4095.41;5.96784;0;0;0.1;0.01;0;5.3128;0;0;-1
0;1123;-5.80831;19.1301;93.321;10.3778;4681.71;6.24002;0;0;0.1;0.01;0;5.37662;0;0;-1
0;1124;-7.61027;35.0404;92.3576;8.5;2572.44;5.11093;0;0;0.1;0.01;0;3.71081;1;0;-1
0;1125;5.42161;-38.568;92.1498;8.64182;2703.36;5.1962;0;0;0.1;0.01;0;2.77181;0;0;-1
0;1126;6.63512;-23.3676;92.12;9.97299;4154.94;5.99661;0;0;0.1;0.01;0;4.85982;0;0;-1
0;1127;7.32815;-5.04054;91.605;9.76217;3896.98;5.86985;0;0;0.1;0.01;0;4.37122;0;0;-1
0;1128;6.66909;10.8064;91.214;9.29955;3368.79;5.59168;0;0;0.1;0.01;0;4.1238;0;0;-1
0;1129;6.09574;28.7488;90.0593;9.47028;3557.76;5.69434;0;0;0.1;0.01;0;5.33412;0;0;-1
0;1130;23.758;-31.9694;89.8598;8.5;2572.44;5.11093;0;0;0.1;0.01;0;2.9494;1;0;-1
0;1131;20.7071;-13.4769;89.3548;8.96289;3016.01;5.38926;0;0;0.1;0.01;0;4.82298;0;0;-1
0;1132;22.795;0.122764;90.1616;8.56343;2630.46;5.14907;0;0;0.1;0.01;0;3.47046;0;0;-1
0;1133;20.0075;20.8209;90.9613;8.88242;2935.5;5.34087;0;0;0.1;0.01;0;3.25336;0;0;-1
0;1134;20.894;36.7148;90.349;8.61361;2676.97;5.17924;0;0;0.1;0.01;0;2.71925;0;0;-1
0;1135;37.3251;-7.80868;89.7306;9.767;3902.76;5.87276;0;0;0.1;0.01;0;3.63726;0;0;-1
0;1136;35.4297;9.72432;91.1677;8.5238;2594.11;5.12524;0;0;0.1;0.01;0;1.96361;0;0;-1
